timestamp,open,high,low,close,volume
2018-02-27,54.8500,55.5500,53.8000,53.8500,367380
2018-02-23,54.3500,55.2000,51.5500,54.8500,606742
2018-02-16,52.7500,55.2000,51.9000,54.6500,914470
2018-02-09,53.7000,54.3500,51.0000,52.7000,889166
2018-02-02,55.3500,55.9000,53.3000,54.2500,789288
2018-01-26,53.9500,56.8500,52.8499,54.8500,911121
2018-01-19,53.5000,53.8500,52.6000,53.8500,683558
2018-01-12,50.3500,53.4500,49.7000,53.4000,1214125
2018-01-05,48.5000,50.5250,47.9000,50.4000,979591
2017-12-29,49.1500,49.2500,48.1000,48.2000,488812
2017-12-22,48.6500,49.6000,48.2000,49.1500,910590
2017-12-15,47.1000,48.3500,46.2000,48.3000,1480058
2017-12-08,50.6000,51.1500,47.0500,47.0500,968832
2017-12-01,48.6000,51.3000,47.3500,49.7500,1198584
2017-11-24,47.8000,49.2000,46.9500,48.5500,1380706
2017-11-17,45.4500,47.5000,44.7500,46.8000,756190
2017-11-10,48.1500,48.4500,45.3000,45.8000,587352
2017-11-03,48.7500,48.7500,47.1500,48.1000,553535
2017-10-27,48.3000,49.4000,47.8500,48.8000,877266
2017-10-20,48.8500,50.2500,47.3493,48.2500,862940
2017-10-13,49.4000,51.2750,48.1000,49.0500,1172438
2017-10-06,48.0000,49.4250,47.4000,49.4000,958958
2017-09-29,45.3000,48.6000,44.8000,48.0000,1255556
2017-09-22,43.4500,45.9500,43.3500,45.4000,742648
2017-09-15,42.4000,43.8000,41.0500,43.3500,979934
2017-09-08,44.4500,44.4500,41.1750,41.9500,606687
2017-09-01,44.5500,44.9000,43.5000,44.7500,514463
2017-08-25,43.3500,44.9000,42.8000,44.4000,568803
2017-08-18,43.5000,45.6000,43.1500,43.3500,1234510
2017-08-11,46.3000,46.3000,42.9750,43.2500,650386
2017-08-04,45.8000,47.0500,45.0500,46.2500,704188
2017-07-28,46.3000,47.8500,45.4000,45.7500,776247
2017-07-21,46.7000,51.2750,46.2000,46.9500,689365
2017-07-14,49.0500,49.0500,46.0500,46.7500,1109634
2017-07-07,48.3500,49.7500,48.2500,49.2000,474335
2017-06-30,46.4500,49.2500,45.9000,48.2000,821312
2017-06-23,48.0000,48.4250,45.5100,46.4000,582906
2017-06-16,49.2500,49.8000,47.0000,47.8000,874178
2017-06-09,44.2500,49.3000,42.9000,49.2500,1107788
2017-06-02,44.5500,44.9000,42.6000,44.2000,614706
2017-05-26,43.6180,46.2500,43.6180,44.7500,612979
2017-05-19,44.8000,46.0000,43.0500,43.9500,999142
2017-05-12,46.9000,47.5000,44.0500,44.6500,718471
2017-05-05,47.5500,47.9500,45.9500,47.0000,772695
2017-04-28,47.4500,49.4500,47.0000,47.1000,1064553
2017-04-21,43.3500,46.9500,42.6500,46.3000,916592
2017-04-13,44.5000,45.0500,43.1500,43.2000,540580
2017-04-07,46.1000,46.2000,43.9000,44.3500,926286
2017-03-31,43.6000,46.6500,42.9500,46.1000,1333183
2017-03-24,47.4500,47.9500,42.7000,44.5000,1386682
2017-03-17,45.6000,47.7500,45.2500,47.6500,411062
2017-03-10,46.4000,47.9000,43.1000,45.8000,1731434
2017-03-03,48.6500,49.1000,46.0500,46.9500,2416792
2017-02-24,49.0000,49.5000,47.5000,48.7500,393661
2017-02-17,46.9000,49.0000,46.8000,48.7500,827761
2017-02-10,46.1000,46.5000,44.6000,46.4500,696019
2017-02-03,44.7000,46.4500,44.0500,46.4000,875546
2017-01-27,43.0000,46.1500,42.5375,45.1000,1007153
2017-01-20,42.8000,43.6500,41.6000,43.2000,590599
2017-01-13,43.5500,44.6000,41.8000,43.2500,954545
2017-01-06,44.1500,44.7000,43.0440,44.1000,685797
2016-12-30,44.5000,45.1500,43.4250,43.6000,542304
2016-12-23,45.3500,45.3500,42.7500,44.4000,1542407
2016-12-16,47.2500,47.4000,45.0500,45.1500,1195547
2016-12-09,44.2000,47.7000,43.8000,47.2000,974659
2016-12-02,44.4500,45.3000,43.5250,44.2000,705501
2016-11-25,42.4500,44.6500,42.1000,44.6000,544767
2016-11-18,43.5000,43.9000,40.0500,42.4000,1311256
2016-11-11,36.5500,42.7000,36.4500,42.6500,1295116
2016-11-04,36.0000,36.9950,35.5000,36.1000,644912
2016-10-28,36.1500,36.6500,35.7550,36.0500,724297
2016-10-21,36.2500,36.2500,35.3500,35.8500,623096
2016-10-14,35.7000,36.3100,35.0100,35.7800,588469
2016-10-07,34.7300,35.9500,34.6100,35.6100,830385
2016-09-30,35.4900,35.4900,33.8000,34.9500,837809
2016-09-23,35.2400,35.8900,34.8800,35.6600,1010255
2016-09-16,35.6200,35.7800,34.7200,35.3000,1837843
2016-09-09,35.4100,36.2000,34.8700,35.7700,931965
2016-09-02,34.0300,35.2600,34.0000,35.2500,820847
2016-08-26,33.5000,34.3200,33.2700,34.0100,453629
2016-08-19,33.1800,33.7950,32.7600,33.6000,411800
2016-08-12,33.6800,33.8100,32.9900,33.2500,441634
2016-08-05,33.0800,33.8200,32.3500,33.8000,749799
2016-07-29,32.0600,33.7450,32.0600,33.1600,1234379
2016-07-22,31.2200,31.9500,30.3060,31.9300,597252
2016-07-15,29.7200,31.3200,29.6500,31.2100,746007
2016-07-08,29.4000,29.8050,28.9000,29.5800,441732
2016-07-01,28.5900,29.7500,27.9200,29.4500,971090
2016-06-24,29.6600,30.4300,28.7300,28.9900,1646996
2016-06-17,31.0500,31.4700,28.8500,29.2400,1042420
2016-06-10,31.3700,32.0100,31.2700,31.5600,534501
2016-06-03,32.2400,32.2400,30.5300,31.3200,625984
2016-05-27,30.9600,32.2274,30.5501,32.0400,2011393
2016-05-20,30.7400,31.5300,29.9900,30.9000,958394
2016-05-13,30.7300,31.5000,30.4200,30.8100,591490
2016-05-06,31.5700,31.6850,30.1700,30.7900,1284394
2016-04-29,32.2600,32.4000,31.0700,31.4000,1118152
2016-04-22,30.7200,32.7550,30.3500,32.3900,1135965
2016-04-15,28.3400,30.9900,28.2850,30.9100,1098960
2016-04-08,29.4900,29.8700,27.7320,28.1700,816892
2016-04-01,28.9200,29.6700,28.1800,29.4600,867332
2016-03-24,29.4300,29.8000,28.0600,28.7900,449387
2016-03-18,28.4200,29.8300,28.0700,29.4300,1772991
2016-03-11,28.0800,28.4400,27.2801,28.4200,481715
2016-03-04,27.1200,28.5600,26.9400,28.2000,804580
2016-02-26,26.4500,27.3200,25.8000,27.1600,748501
2016-02-19,26.0400,26.6800,25.3700,26.2700,1313160
2016-02-12,26.4000,26.8600,24.9600,25.7100,1397538
2016-02-05,28.7900,28.8100,26.5800,26.5800,1090461
2016-01-29,27.3600,28.9500,26.5000,28.9300,1847238
2016-01-22,30.0100,30.2050,26.6750,27.6100,1543347
2016-01-15,31.3700,31.8800,29.0100,29.6900,1532238
2016-01-08,33.4300,33.8100,31.1400,31.2300,1776312
2015-12-31,34.1500,34.9900,33.7200,33.9900,616387
2015-12-24,33.1500,34.4200,33.0900,34.1600,760435
2015-12-18,32.8200,35.1000,32.5998,33.0900,2763039
2015-12-11,34.9000,35.2100,32.4800,32.8500,1277516
2015-12-04,34.5200,34.9300,33.9600,34.8800,1047242
2015-11-27,33.9500,34.4200,33.5000,34.3800,589182
2015-11-20,32.1000,33.9700,31.3343,33.7900,1081894
2015-11-13,33.4200,33.9900,32.0000,32.2400,724680
2015-11-06,31.4600,33.4900,30.9000,33.4900,1615128
2015-10-30,30.1400,32.9900,30.0800,31.5000,6206822
2015-10-23,28.6400,30.3800,28.0720,30.1500,613382
2015-10-16,28.1700,28.7900,27.5800,28.7500,547673
2015-10-09,28.3200,28.6000,27.7200,28.1700,701643
2015-10-02,28.1700,29.4000,27.3000,28.1000,1401197
2015-09-25,27.8900,28.8300,27.6300,28.3600,733890
2015-09-18,27.8900,28.9900,27.0100,27.6600,2445333
2015-09-11,27.7300,28.0100,27.3300,27.8900,576628
2015-09-04,26.6700,27.4500,26.1900,27.3900,732013
2015-08-28,26.5400,27.4600,25.9400,26.8000,926790
2015-08-21,28.2500,28.9900,27.0400,27.6400,701553
2015-08-14,28.0300,28.5500,27.2100,28.2800,594784
2015-08-07,27.0000,28.4500,26.9600,27.9400,817133
2015-07-31,25.6900,27.0500,25.6900,27.0100,740752
2015-07-24,26.1000,26.4800,25.1600,25.9800,688119
2015-07-17,26.0700,26.4100,25.6000,26.0900,562675
2015-07-10,24.6700,26.0100,24.6700,25.9900,762611
2015-07-02,25.7400,25.9500,24.0100,24.9700,583238
2015-06-26,25.8600,26.0000,25.5825,25.9600,486075
2015-06-19,26.0000,26.2400,25.0800,25.5900,607679
2015-06-12,25.8400,26.4000,25.8100,26.2400,452136
2015-06-05,25.4100,25.8900,24.7800,25.8800,461682
2015-05-29,25.4100,25.7900,24.7800,25.1900,519043
2015-05-22,24.9500,26.1300,24.9500,25.5100,544205
2015-05-15,25.0300,25.5300,24.6040,24.9900,274402
2015-05-08,24.8600,25.6160,24.4200,25.1400,803399
2015-05-01,24.7800,25.6500,24.4700,24.7300,547147
2015-04-24,25.8100,26.2380,24.4600,24.8200,715907
2015-04-17,26.7000,27.0000,25.5100,25.6600,287767
2015-04-10,26.7900,26.8500,25.9600,26.6600,317222
2015-04-02,26.4000,27.0098,26.0100,26.8700,1049524
2015-03-27,25.9000,26.5300,25.8100,26.3100,597913
2015-03-20,26.6000,26.6000,25.8600,25.9000,797448
2015-03-13,25.3800,26.6500,25.1500,26.4000,315459
2015-03-06,26.1600,26.4000,25.2500,25.4000,370743
2015-02-27,25.8500,26.4900,25.5400,26.1700,734169
2015-02-20,25.7000,26.0500,25.5300,26.0000,190926
2015-02-13,25.3300,25.8600,24.7800,25.7500,337571
2015-02-06,24.2500,25.8900,24.1200,25.4600,709262
2015-01-30,24.0000,25.0000,22.7100,24.1300,570191
2015-01-23,23.5600,24.6862,22.9100,24.1600,246542
2015-01-16,23.9800,24.8000,22.7100,23.4900,330078
2015-01-09,25.2200,25.6300,23.9400,23.9700,406981
2015-01-02,26.0100,26.2700,24.9200,25.2700,275941
2014-12-26,25.5600,26.0800,25.3500,25.9700,270149
2014-12-19,25.2700,26.6000,25.2600,25.5800,627922
2014-12-12,25.2500,26.0000,25.0500,25.2100,427399
2014-12-05,25.1900,25.4900,24.4700,25.4500,536103
2014-11-28,25.4800,25.9400,25.1300,25.1500,610555
2014-11-21,25.7000,25.9000,24.9800,25.3000,522846
2014-11-14,26.5100,26.7400,25.5300,25.7000,745076
2014-11-07,24.8900,25.3599,24.2600,25.2600,456999
2014-10-31,23.6500,25.0000,23.3900,24.8000,631259
2014-10-24,23.7300,24.2500,23.3300,23.7900,495029
2014-10-17,22.3500,24.0000,22.3500,23.7500,737282
2014-10-10,22.4300,22.9000,21.9200,22.3400,504228
2014-10-03,21.9800,22.6000,21.7600,22.4100,627405
2014-09-26,22.1900,22.3600,21.6700,22.2100,352045
2014-09-19,23.0600,23.1000,22.2300,22.3200,393700
2014-09-12,22.6400,23.3300,22.5300,23.0000,285400
2014-09-05,22.9000,23.3200,22.4900,22.7200,222900
2014-08-29,23.4100,24.2500,22.6200,22.8900,510700
2014-08-22,22.5000,23.4500,22.0900,23.3400,633500
2014-08-15,21.8900,22.4900,21.8100,22.3400,601600
2014-08-08,21.7800,21.9400,21.3800,21.8600,386900
2014-08-01,21.1500,22.0800,21.0000,21.6400,595800
2014-07-25,21.0700,21.9800,20.9000,21.1800,228300
2014-07-18,21.6900,21.6900,20.8500,21.1500,275800
2014-07-11,22.2600,22.2600,21.1200,21.4200,173800
2014-07-03,21.6000,22.4300,21.3630,22.4200,205400
2014-06-27,21.6100,21.6800,20.6800,21.5800,430700
2014-06-20,21.5200,21.9300,21.0720,21.6300,269800
2014-06-13,21.9400,22.4350,21.3520,21.5200,165800
2014-06-06,20.9900,22.0000,20.5800,21.8800,281700
2014-05-30,21.0000,21.5000,20.6200,21.0100,191200
2014-05-23,19.6200,20.9700,19.4500,20.9000,570100
2014-05-16,20.7100,21.2200,19.6100,19.7300,576600
2014-05-09,20.8900,20.9900,19.8700,20.6200,624000
2014-05-02,21.7900,22.4400,20.6200,21.0900,504000
2014-04-25,22.2800,22.9500,21.6700,21.7800,325923
2014-04-17,22.6500,22.8200,21.9500,22.2600,219438
2014-04-11,23.4100,23.7260,22.2800,22.4300,331700
2014-04-04,23.1600,24.0500,22.9100,23.4400,550200
2014-03-28,23.7900,23.9199,23.0300,23.1000,469000
2014-03-21,23.7600,24.2200,23.1970,23.7500,566900
2014-03-14,21.4800,23.9500,21.1300,23.6800,605100
2014-03-07,20.7800,21.6200,20.4500,21.5900,390000
2014-02-28,20.2000,21.3300,20.2000,21.0400,352600
2014-02-21,20.1400,20.6300,20.0900,20.2000,302300
2014-02-14,19.9400,20.4700,19.4180,20.0900,452300
2014-02-07,20.4200,20.7125,19.7700,20.0000,737100
2014-01-31,21.4700,21.4700,19.7500,20.4700,698700
2014-01-24,20.8500,21.2300,20.1000,20.3800,584900
2014-01-17,20.4500,21.0900,19.7800,20.7200,490600
2014-01-10,20.8100,21.4400,19.7000,20.5400,366800
2014-01-03,21.2900,21.7600,20.5000,20.7800,336100
2013-12-27,20.9100,22.4800,20.9100,21.3800,174100
2013-12-20,20.1200,21.0200,19.5780,20.8300,393500
2013-12-13,20.1300,20.3800,19.8000,20.1000,264400
2013-12-06,20.4000,20.7700,19.5700,20.1300,242900
2013-11-29,19.8600,20.7990,19.6400,20.4700,247300
2013-11-22,19.5000,19.9500,17.8000,19.8600,286700
2013-11-15,18.8400,19.4900,18.6100,19.4700,428900
2013-11-08,17.9900,19.0000,17.6740,18.8100,438700
2013-11-01,17.9000,19.0000,17.8510,17.9900,711400
2013-10-25,17.8400,18.2000,17.8300,17.9000,1337200
2013-10-18,18.0000,18.2000,17.7200,17.8400,744400
2013-10-11,18.0100,18.1500,17.5200,18.0300,337800
2013-10-04,18.4600,18.7400,17.8100,18.1800,396600
2013-09-27,18.8600,19.0900,18.0101,18.6300,609200
2013-09-20,19.1100,19.2500,18.6400,18.9100,260800
2013-09-13,19.1000,19.5000,18.6800,18.9150,149500
2013-09-06,19.5000,19.7400,18.6140,19.2100,147000
2013-08-30,19.4200,19.8399,18.9300,19.1600,571000
2013-08-23,18.7700,19.5000,17.8000,19.4400,493300
2013-08-16,18.7800,19.4300,18.5700,18.7200,375200
2013-08-09,19.3700,19.4900,18.8300,18.8700,233900
2013-08-02,19.2100,19.5800,18.1300,19.3700,237400
2013-07-26,18.1400,19.8100,18.0500,19.2900,472700
2013-07-19,18.0300,18.2000,17.7500,18.1800,461400
2013-07-12,18.8100,18.9900,17.8500,17.9900,408400
2013-07-05,16.8500,18.8400,16.7672,18.7900,318200
2013-06-28,15.8400,17.0000,15.7400,16.8500,506600
2013-06-21,16.3600,16.8300,15.5700,16.0500,183300
2013-06-14,16.4700,16.6300,15.8600,16.1600,132100
2013-06-07,16.5100,16.9900,16.0800,16.3600,288400
2013-05-31,16.7600,17.2300,16.3501,16.5200,184800
2013-05-24,16.3000,16.7900,15.7500,16.3900,119600
2013-05-17,15.3100,16.4500,15.3100,16.3300,301500
2013-05-10,14.9500,15.8000,14.9300,15.3800,301200
2013-05-03,13.8900,15.0400,13.2300,14.9500,783600
2013-04-26,13.4100,14.1700,13.0300,13.7900,84300
2013-04-19,14.1400,14.2300,13.0500,13.4500,203300
2013-04-12,14.0900,14.2400,13.7401,14.1900,118300
2013-04-05,14.2400,14.4000,13.8100,14.0100,210800
2013-03-28,14.3300,14.4900,14.1600,14.3500,175700
2013-03-22,14.3300,14.4900,14.0000,14.3200,199000
2013-03-15,14.4300,14.7800,14.1200,14.4700,339100
2013-03-08,13.9000,14.5700,13.8700,14.5100,234900
2013-03-01,14.0600,14.1800,13.4200,13.9800,317300
2013-02-22,13.9700,14.2000,13.8100,14.0300,299000
2013-02-15,13.6000,13.9900,13.2901,13.9600,277400
2013-02-08,13.3500,13.6700,13.2600,13.6000,130500
2013-02-01,13.2000,13.4700,13.0100,13.4000,408000
2013-01-25,12.9500,13.2900,12.8500,13.1800,88200
2013-01-18,12.8200,13.0000,12.6200,12.9800,119500
2013-01-11,12.8600,12.9900,12.7000,12.8300,170800
2013-01-04,12.3700,12.9800,12.2800,12.9000,404600
2012-12-28,12.4600,12.5400,12.1600,12.3398,103500
2012-12-21,12.1100,12.5900,12.0000,12.4800,362000
2012-12-14,11.7200,12.2800,11.6000,12.0800,423900
2012-12-07,11.4800,11.8300,11.2100,11.6800,254900
2012-11-30,10.8700,11.4200,10.6400,11.3900,236000
2012-11-23,10.6600,11.0500,10.6000,10.8700,119000
2012-11-16,10.6400,10.7500,10.2100,10.5000,186300
2012-11-09,10.7700,11.2700,10.5100,10.5500,203700
2012-11-02,10.6600,10.9700,10.5300,10.8100,210300
2012-10-26,12.0100,12.1600,10.5400,10.6800,396100
2012-10-19,12.4900,12.5400,11.9500,12.0700,151900
2012-10-12,12.5600,12.8600,12.3401,12.4200,88300
2012-10-05,12.6600,12.8100,12.2800,12.5900,207600
2012-09-28,12.8300,13.0300,12.5500,12.5900,193100
2012-09-21,12.3800,12.9500,12.3800,12.8500,181200
2012-09-14,12.5100,12.8700,12.1900,12.7500,209900
2012-09-07,11.7700,12.5200,11.7700,12.4900,213500
2012-08-31,11.9400,12.1400,11.8500,11.8700,107000
2012-08-24,12.1000,12.4700,11.6875,11.9400,143900
2012-08-17,11.3800,12.2100,11.2500,12.1800,223600
2012-08-10,11.9400,12.0099,10.8500,11.2700,680000
2012-08-03,12.2500,12.3700,11.2700,11.8900,209900
2012-07-27,11.8500,12.3200,11.4300,12.2400,168500
2012-07-20,12.6600,12.8700,11.9100,12.0300,146800
2012-07-13,12.5000,12.8200,12.3000,12.6700,269200
2012-07-06,12.6300,12.8000,12.2800,12.4800,122600
2012-06-29,11.8100,12.7700,11.5400,12.6000,194200
2012-06-22,11.8600,12.1400,11.4600,11.8700,385900
2012-06-15,11.8500,11.9500,11.2800,11.9000,326600
2012-06-08,10.9900,11.8500,10.9000,11.7600,193600
2012-06-01,11.4800,11.6800,10.8800,10.8800,206600
2012-05-25,11.6400,11.8099,11.0100,11.4200,246300
2012-05-18,12.2700,12.4400,11.3200,11.6100,312300
2012-05-11,11.8400,12.6750,11.8400,12.4000,288800
2012-05-04,12.7000,12.8000,11.7700,11.9100,344800
2012-04-27,12.7200,13.0000,12.1700,12.7300,373100
2012-04-20,12.8500,13.1500,12.6700,12.9500,288000
2012-04-13,12.8000,13.2100,12.5500,12.8000,289000
2012-04-05,13.0500,13.4200,12.8300,13.0000,228100
2012-03-30,13.4400,13.4900,13.1000,13.1400,478700
2012-03-23,12.8400,13.4100,12.6800,13.2700,267700
2012-03-16,11.9700,12.8400,11.7604,12.8400,328800
2012-03-09,11.1600,12.1500,11.1600,11.9700,211200
2012-03-02,11.3900,11.9400,11.1000,11.2000,532700
2012-02-24,11.2400,11.4300,10.9700,11.2400,148500
2012-02-17,11.1000,11.3600,10.6800,11.2700,145200
2012-02-10,11.3100,11.4200,10.9200,10.9500,190600
2012-02-03,10.7400,11.4400,10.6000,11.3500,624300
2012-01-27,10.9300,10.9900,10.5000,10.8300,254200
2012-01-20,10.6000,10.9900,10.2700,10.9200,126400
2012-01-13,10.3500,10.7500,10.3500,10.5900,127200
2012-01-06,10.5000,10.7400,10.0497,10.6400,231100
2011-12-30,10.2100,10.4000,10.0600,10.2800,147800
2011-12-23,10.2400,10.4300,9.9500,10.2700,179900
2011-12-16,10.1400,10.4600,9.6200,10.1800,298200
2011-12-09,10.0700,10.4900,9.9500,10.3300,298500
2011-12-02,9.4800,10.1000,9.3300,9.9800,314900
2011-11-25,9.8300,9.9900,9.1400,9.1400,171300
2011-11-18,10.1800,10.2900,9.9000,9.9900,382300
2011-11-11,10.2700,10.6700,10.0000,10.3400,252400
2011-11-04,10.3000,10.6000,9.5600,10.2900,460400
2011-10-28,9.5500,10.9800,9.4000,10.5100,660700
2011-10-21,9.5300,9.8200,9.0200,9.6000,378000
2011-10-14,9.1300,9.7100,9.0400,9.6500,276800
2011-10-07,8.6200,9.4900,8.5100,8.9500,504000
2011-09-30,8.7300,9.0300,8.5700,8.7100,275600
2011-09-23,9.1200,9.1200,8.5000,8.6700,303800
2011-09-16,8.4900,9.3500,8.3100,9.3300,253100
2011-09-09,8.3900,9.2000,8.3800,8.4900,291300
2011-09-02,9.0100,9.3700,8.4500,8.4700,444000
2011-08-26,9.2600,9.4000,8.7500,8.9300,449200
2011-08-19,8.9900,9.2900,8.6500,9.0300,541300
2011-08-12,9.5800,10.0100,8.5600,8.8900,565100
2011-08-05,10.1700,10.3000,9.7100,9.8900,361500
2011-07-29,10.0900,10.2900,9.6160,10.1200,302900
2011-07-22,9.2500,10.3550,9.2500,10.0800,480300
2011-07-15,8.9400,9.4100,8.7600,9.2300,142300
2011-07-08,8.8100,9.3600,8.7400,9.0300,158800
2011-07-01,8.9000,9.0400,8.7300,8.8900,204200
2011-06-24,9.0300,9.2200,8.6500,8.9400,284700
2011-06-17,8.5500,9.2700,8.5200,9.0900,439000
2011-06-10,8.7200,8.8200,8.4900,8.4900,387000
2011-06-03,9.0400,9.3500,8.5400,8.6500,220600
2011-05-27,8.8400,8.9400,8.5700,8.9400,168400
2011-05-20,9.1700,9.2100,8.8400,8.9800,302000
2011-05-13,9.2000,9.4800,9.1000,9.2100,215400
2011-05-06,9.9600,10.0000,9.1700,9.2200,476200
2011-04-29,9.5400,10.0500,9.4400,9.9400,182600
2011-04-21,9.5500,9.6900,9.2700,9.5800,204800
2011-04-15,9.7700,9.8900,9.5600,9.6800,377700
2011-04-08,10.1500,10.1500,9.7110,9.7900,224200
2011-04-01,10.0600,10.2500,9.9200,10.1600,157800
2011-03-25,10.0000,10.2000,9.7100,10.1000,157800
2011-03-18,9.5700,9.9000,9.1500,9.9000,354400
2011-03-11,9.9300,10.0100,9.5600,9.7200,206500
2011-03-04,10.2800,10.2800,9.8500,9.9100,200600
2011-02-25,9.8000,10.2700,9.7900,10.2700,205600
2011-02-18,9.9000,10.1300,9.7500,9.9800,157300
2011-02-11,10.0500,10.2400,9.5400,9.9400,239300
2011-02-04,9.7000,10.2700,9.3700,10.0200,452400
2011-01-28,10.0300,10.3200,9.5000,9.6500,195800
2011-01-21,11.0000,11.0000,10.0100,10.0300,204800
2011-01-14,10.9600,11.0700,10.5700,10.9800,142900
2011-01-07,10.6500,11.2000,10.4500,10.9800,271600
2010-12-31,10.4800,11.1500,10.4800,10.5400,148600
2010-12-23,10.4900,10.9000,10.4300,10.5450,153200
2010-12-17,10.0300,10.5700,9.9600,10.5000,306400
2010-12-10,9.9100,10.0400,9.6700,10.0400,271200
2010-12-03,9.7900,10.0000,9.5800,9.9600,214800
2010-11-26,9.7900,9.9500,9.4400,9.8600,101900
2010-11-19,9.4800,10.0300,9.2901,9.8200,361700
2010-11-12,9.0700,9.6000,8.6900,9.3500,438900
2010-11-05,9.2700,9.3400,8.7900,9.1400,371200
2010-10-29,9.5100,9.6000,9.1709,9.2700,328500
2010-10-22,9.3400,9.6700,8.8000,9.4200,250100
2010-10-15,9.7400,9.8800,9.2700,9.3400,254900
2010-10-08,9.3400,9.9500,9.2600,9.7800,298300
2010-10-01,9.2400,9.7500,9.0388,9.5300,305300
2010-09-24,8.6500,9.3300,8.5500,9.2400,278700
2010-09-17,8.4600,8.8200,8.2900,8.6500,384100
2010-09-10,8.5700,8.8100,8.0500,8.3400,163800
2010-09-03,8.3200,8.6000,7.7500,8.5900,257000
2010-08-27,8.1900,8.4200,7.8500,8.3800,362800
2010-08-20,8.5100,9.0500,7.9500,8.1500,502700
2010-08-13,9.5100,9.7100,8.5200,8.5500,277900
2010-08-06,9.9500,10.0600,9.0200,9.4600,291900
2010-07-30,9.4800,9.9000,9.1300,9.8400,525500
2010-07-23,9.9500,10.4150,9.4100,9.4900,717600
2010-07-16,10.4200,10.5900,9.7400,9.7500,298000
2010-07-09,9.8800,10.3500,9.6900,10.3000,302800
2010-07-02,10.8800,10.8800,9.5300,9.7100,1046078
2010-06-25,10.5300,11.5500,9.7700,11.5500,1274680
2010-06-18,10.8700,10.9700,10.2500,10.4900,516521
2010-06-11,10.4500,10.8090,10.0800,10.7600,462281
2010-06-04,11.2600,11.3700,10.4000,10.4500,501692
2010-05-28,10.6500,11.7000,10.3200,11.2700,1788216
2010-05-21,10.9700,11.0700,10.0100,10.6300,975219
2010-05-14,10.7400,11.4400,10.7400,10.8900,374801
2010-05-07,11.1900,11.2500,10.0000,10.5000,1058122
2010-04-30,11.0100,11.3500,10.7000,11.1300,1103504
2010-04-23,10.3800,11.1900,10.3000,11.0100,858977
2010-04-16,9.7500,10.7300,9.2970,10.4900,3013038
2010-04-09,9.0800,9.9100,9.0300,9.7500,144805
2010-04-01,9.1600,9.3900,8.1500,9.0000,136179
2010-03-26,9.4900,9.8800,9.0700,9.1400,153179
2010-03-19,9.7900,9.8800,9.4000,9.5600,156241
2010-03-12,9.9100,10.0500,9.7500,9.8000,102712
2010-03-05,9.5700,10.3200,9.5300,9.9500,134810
2010-02-26,9.8100,9.8500,9.2600,9.5000,165327
2010-02-19,9.6700,9.8000,9.5000,9.7300,124046
2010-02-12,9.3700,9.6800,9.1800,9.6700,184190
2010-02-05,9.3400,9.4300,9.1300,9.3600,293126
2010-01-29,9.1600,9.4800,8.8900,9.3400,243251
2010-01-22,8.0900,9.2090,8.0900,9.0600,265275
2010-01-15,7.8700,8.2400,7.6200,8.1000,114366
2010-01-08,7.3100,7.8500,6.9700,7.8200,185178
2009-12-31,6.8200,7.3400,6.6380,7.1600,177073
2009-12-24,6.8400,6.9600,6.6300,6.7900,117805
2009-12-18,6.6000,7.0000,6.2900,6.7800,268540
2009-12-11,6.9900,6.9900,6.5600,6.6700,206599
2009-12-04,6.5000,7.0000,6.4200,6.9900,154655
2009-11-27,6.3400,6.6600,6.1310,6.5000,211695
2009-11-20,5.9500,6.4300,5.8100,6.2500,267658
2009-11-13,5.4300,6.4900,5.4300,5.8600,190722
2009-11-06,5.9800,6.2500,5.0700,5.3100,252663
2009-10-30,6.6200,6.7600,5.8100,5.8900,210911
2009-10-23,6.7700,7.2100,6.2500,6.2700,167103
2009-10-16,7.0100,7.0700,6.4400,6.7300,71154
2009-10-09,7.1100,7.3700,6.6000,7.0100,78014
2009-10-02,7.1000,7.6400,6.2100,7.0700,163078
2009-09-25,6.7100,7.5400,6.7100,7.3100,125171
2009-09-18,6.0200,6.8500,6.0200,6.8500,137912
2009-09-11,6.5100,6.5200,5.8100,6.0700,138690
2009-09-04,6.7000,6.7300,6.2000,6.4200,135384
2009-08-28,6.7500,6.8500,6.4000,6.8000,116224
2009-08-21,6.1600,6.8500,6.1500,6.7300,290705
2009-08-14,6.7700,6.9000,6.3100,6.3400,82961
2009-08-07,6.4000,7.1200,6.3700,6.8800,150069
2009-07-31,6.3600,7.0400,6.0100,6.4800,148221
2009-07-24,6.5000,6.5300,6.1000,6.5000,109806
2009-07-17,6.3700,7.1500,6.1500,6.4700,104358
2009-07-10,6.5100,6.6400,5.8632,6.3400,138593
2009-07-02,6.2600,6.7100,6.0000,6.4700,161352
2009-06-26,6.3750,6.4800,5.9100,6.2200,305781
2009-06-19,6.3691,6.9400,6.1000,6.4500,116516
2009-06-12,7.1700,7.7100,6.1100,6.4400,129547
2009-06-05,6.4500,7.4000,6.2700,7.3700,109902
2009-05-29,6.1000,6.6000,5.9700,6.2700,92104
2009-05-22,5.9700,7.0300,5.9700,6.1000,125950
2009-05-15,6.6000,6.8540,5.5100,5.8400,124200
2009-05-08,6.7500,6.9200,5.9100,6.8100,111069
2009-05-01,6.2300,7.2100,5.7400,6.6100,128479
2009-04-24,7.8400,8.0999,5.7000,6.4600,139372
2009-04-17,7.1000,8.3900,6.6700,8.0900,102997
2009-04-09,6.4500,7.4600,5.7501,7.0700,110097
2009-04-03,5.7200,6.7300,4.5300,6.6100,165825
2009-03-27,5.4900,6.8160,5.4900,5.9500,151723
2009-03-20,6.2600,7.5000,5.3200,5.3200,146180
2009-03-13,3.9100,6.6170,3.4520,6.1800,142775
2009-03-06,4.8300,4.8700,3.4600,3.9700,163687
2009-02-27,5.9100,6.1900,4.8700,4.9700,202200
2009-02-20,6.0600,6.7100,5.1100,5.8500,184887
2009-02-13,8.5700,8.8900,6.0300,6.2600,166312
2009-02-06,8.1800,8.6500,7.5900,8.6500,148806
2009-01-30,7.8100,9.9200,7.6600,7.6600,96285
2009-01-23,9.4900,9.4900,7.5000,7.7800,119239
2009-01-16,10.7000,11.0400,8.9100,9.6700,160963
2009-01-09,11.5100,11.8600,10.5200,10.7200,148026
2009-01-02,10.4800,11.9500,9.7500,11.4700,183915
2008-12-26,11.5600,12.1200,9.9100,10.4900,57771
2008-12-19,10.7300,12.2500,9.8900,11.4500,277284
2008-12-12,11.0000,11.5000,9.4900,10.6900,143747
2008-12-05,9.1300,11.4900,7.7500,10.9000,171661
2008-11-28,9.0200,9.5000,8.2200,9.5000,74208
2008-11-21,8.6900,9.5200,7.0200,9.2100,132271
2008-11-14,11.0000,11.4300,7.8000,8.6900,148027
2008-11-07,10.9500,11.8700,10.2500,10.9500,86754
2008-10-31,9.8900,11.0400,9.7500,11.0400,151238
2008-10-24,13.8100,13.8100,9.5600,9.9500,124296
2008-10-17,13.0000,14.7600,10.4600,13.5300,241785
2008-10-10,12.5000,13.5000,9.0000,12.9800,220386
2008-10-03,14.0000,14.8500,10.0000,13.0400,108831
2008-09-26,14.4000,15.2000,12.3800,13.9900,139567
2008-09-19,12.8000,16.2800,10.8500,15.0700,243536
2008-09-12,12.3800,13.1700,12.2000,12.8600,185181
2008-09-05,12.1800,12.7500,11.4800,12.1600,77418
2008-08-29,12.0400,12.7000,11.5300,12.0200,101830
2008-08-22,12.6400,12.7300,11.5850,12.1200,82281
2008-08-15,11.4300,13.0000,10.5800,12.7800,173607
2008-08-08,11.2400,11.7260,10.4800,11.3900,166311
2008-08-01,10.8900,11.6700,10.1600,11.2000,209884
2008-07-25,9.2500,10.9900,9.0200,10.9200,202200
2008-07-18,8.7900,9.7500,7.7400,9.2000,435717
2008-07-11,8.6100,9.6000,7.8700,9.0100,291676
2008-07-03,8.8500,9.3180,8.5100,8.5500,301015
2008-06-27,10.5900,10.7400,8.5900,8.8800,703858
2008-06-20,12.3900,12.5300,10.5000,10.5400,599793
2008-06-13,12.6600,13.4300,12.0500,12.4600,172828
2008-06-06,13.8500,14.0000,12.6100,12.6100,392535
2008-05-30,14.1700,14.3000,13.6500,13.8800,150751
2008-05-23,14.1900,14.2400,13.4000,14.1300,251899
2008-05-16,14.4500,14.7600,14.0000,14.2400,316770
2008-05-09,15.4600,15.7100,13.9500,14.3700,276700
2008-05-02,15.7000,16.1500,14.8500,15.5600,205604
2008-04-25,14.6900,15.9100,14.0600,15.7500,164561
2008-04-18,14.6700,15.0600,14.0600,14.8000,324551
2008-04-11,15.6700,16.0600,14.5200,14.7000,191989
2008-04-04,16.4100,16.5000,15.4700,15.5400,88937
2008-03-28,16.5800,16.7300,15.6650,16.3300,225543
2008-03-20,15.0800,16.5000,14.8300,16.4800,448750
2008-03-14,13.2300,15.1100,12.3000,15.0800,231280
2008-03-07,14.2000,14.2000,12.5000,13.1600,360536
2008-02-29,14.9900,15.4000,14.0100,14.2200,221263
2008-02-22,15.4500,15.7900,14.3300,14.8100,160866
2008-02-15,15.2000,16.2500,14.8600,15.2200,315895
2008-02-08,15.4200,15.9200,14.7800,15.1600,334861
2008-02-01,14.2900,16.0000,13.8200,15.4900,381738
2008-01-25,12.9900,15.7000,12.5000,14.3000,311810
2008-01-18,14.3600,14.8700,13.0400,13.5600,311616
2008-01-11,14.5400,15.9800,14.1900,14.1900,269795
2008-01-04,16.4500,17.0300,14.3800,14.4400,204923
2007-12-28,18.2800,18.6000,16.5900,16.6500,202200
2007-12-21,16.8600,18.1700,15.7700,18.1700,525292
2007-12-14,17.6800,18.2400,16.7500,16.9900,182456
2007-12-07,16.9200,17.6999,16.2900,17.6500,314923
2007-11-30,14.6500,17.1900,14.0400,16.8300,333400
2007-11-23,14.6600,15.1200,13.6400,14.6500,121670
2007-11-16,14.3500,15.7400,14.1800,14.8200,215428
2007-11-09,15.5000,15.6700,13.8200,14.3800,294692
2007-11-02,17.7100,17.9000,15.1800,15.5900,283702
2007-10-26,17.3900,17.8700,16.6400,17.6500,219122
2007-10-19,18.7700,18.8000,17.5000,17.5500,209495
2007-10-12,18.3600,19.1900,18.1000,18.8100,150654
2007-10-05,18.0500,18.9900,17.9600,18.4400,196170
2007-09-28,19.2100,19.7600,17.9300,18.0800,115739
2007-09-21,17.9800,19.9900,17.8200,19.2500,265418
2007-09-14,19.5300,19.7500,17.9000,18.0700,231086
2007-09-07,19.6800,20.6400,19.3400,19.4500,127408
2007-08-31,20.6600,21.5100,19.5000,19.7600,116320
2007-08-24,22.0100,22.4800,20.4100,20.7700,145013
2007-08-17,21.0100,23.2700,19.2100,21.9600,319300
2007-08-10,18.1300,22.0000,17.5000,21.2500,499323
2007-08-03,18.6400,19.3400,17.6200,18.0100,386700
2007-07-27,20.6300,20.7300,18.4400,18.5200,402650
2007-07-20,22.6700,22.8200,20.0500,20.5400,233808
2007-07-13,22.5700,23.1300,22.2500,22.6900,210175
2007-07-06,22.5900,23.4100,22.3900,22.7600,119628
2007-06-29,22.5300,23.8100,22.0200,22.4700,293332
2007-06-22,22.7300,23.5700,22.1500,22.6000,265321
2007-06-15,22.5700,23.6200,22.0000,22.7600,222819
2007-06-08,23.3100,24.0900,22.0300,22.6600,164756
2007-06-01,22.8700,23.9300,22.8200,23.4000,85015
2007-05-25,22.9300,23.9400,22.2800,22.7400,197629
2007-05-18,22.7500,23.0700,21.8700,23.0100,290608
2007-05-11,24.1700,24.3700,21.6000,22.8100,236435
2007-05-04,23.5500,24.7600,22.7700,24.3700,134217
2007-04-27,24.8900,25.2000,23.3700,23.4600,91519
2007-04-20,25.0000,25.9700,24.3600,25.0700,148318
2007-04-13,24.9800,25.3000,23.7000,24.9000,108541
2007-04-05,24.5800,25.3800,24.2600,24.8300,183429
2007-03-30,24.8200,25.5400,23.0900,24.4800,233419
2007-03-23,23.4800,25.6100,23.1600,24.7600,159503
2007-03-16,24.3100,25.0500,23.2399,23.3800,238768
2007-03-09,23.6500,25.6500,23.5500,24.5100,219901
2007-03-02,24.5500,25.4700,23.6000,23.6700,264542
2007-02-23,23.6200,24.9300,23.6200,24.4700,271838
2007-02-16,24.1600,24.4900,23.2800,23.7300,284869
2007-02-09,25.7500,25.7500,23.5200,23.9900,226709
2007-02-02,26.1300,26.8300,25.7500,25.8300,159212
2007-01-26,27.1100,27.6200,25.5599,26.2200,101246
2007-01-19,28.6900,28.6900,26.6700,27.1200,92881
2007-01-12,28.1700,28.7200,27.5200,28.4750,102997
2007-01-05,28.3200,28.9000,27.3700,27.8800,140636
2006-12-29,28.0000,28.3400,27.9000,28.1800,112237
2006-12-22,28.4200,28.6500,27.4200,28.1850,78974
2006-12-15,27.7100,28.8000,27.5400,28.3000,113598
2006-12-08,27.9900,28.5500,27.4300,27.7000,69538
2006-12-01,27.8400,28.4800,26.3000,28.1800,128089
2006-11-24,28.1100,28.5500,28.0000,28.0600,43863
2006-11-17,27.4900,28.5000,27.3000,28.4500,133049
2006-11-10,27.0900,28.0000,26.2700,27.4000,88602
2006-11-03,27.7600,28.1000,26.8000,26.8600,110290
2006-10-27,27.6600,28.0500,27.5600,27.8200,137134
2006-10-20,28.5000,28.5000,27.5800,28.0100,130910
2006-10-13,28.0500,29.3900,27.7600,28.5000,150848
2006-10-06,27.0600,28.8000,25.6500,28.1800,139858
2006-09-29,27.3600,28.1500,27.1000,27.2100,99593
2006-09-22,26.8600,28.2500,25.7600,27.1000,117100
2006-09-15,25.9200,27.0600,25.4400,26.8500,162907
2006-09-08,25.6000,26.8200,25.3800,25.9600,82767
2006-09-01,25.9200,27.3800,25.9200,26.0100,160769
2006-08-25,26.0300,26.2100,24.9800,25.8300,83059
2006-08-18,26.0100,27.4400,25.4300,26.2500,192766
2006-08-11,26.3500,27.4500,25.7500,25.8200,337681
2006-08-04,24.2000,27.1000,24.2000,26.6500,439316
2006-07-28,22.5700,24.6600,22.5700,24.5200,362482
2006-07-21,21.1500,23.0300,21.0100,22.3200,95799
2006-07-14,22.3600,23.0600,21.1000,21.2100,97064
2006-07-07,22.5200,23.0000,22.0000,22.1100,83837
2006-06-30,20.8500,23.1400,20.5200,23.1400,241979
2006-06-23,21.2300,21.5300,20.5500,20.6400,93272
2006-06-16,20.9300,22.3800,20.5000,21.6500,263473
2006-06-09,22.3500,22.3500,20.6500,21.2900,82184
2006-06-02,22.4900,22.8000,21.2300,22.5500,69054
2006-05-26,21.4500,22.8900,21.0300,22.8100,118656
2006-05-19,20.4000,21.6200,20.0100,21.4800,109416
2006-05-12,21.6100,22.0300,20.4100,20.6400,78974
2006-05-05,22.4900,22.5000,21.2800,22.0500,46684
2006-04-28,22.7500,23.2500,22.0500,22.2900,54854
2006-04-21,21.1400,23.4000,21.0400,22.8900,100078
2006-04-13,22.4900,22.4900,21.0800,21.4000,52325
2006-04-07,23.0400,23.2400,22.1200,22.3600,58647
2006-03-31,22.5300,23.4000,21.7500,23.2600,114862
2006-03-24,22.6000,22.9000,21.8500,22.5400,79266
2006-03-17,22.4400,23.1600,22.2000,22.8200,137426
2006-03-10,21.9400,22.3100,20.2000,22.2700,95119
2006-03-03,23.0000,23.5000,22.1000,22.1100,129354
2006-02-24,21.6100,23.0000,21.2200,23.0000,91909
2006-02-17,20.1800,21.7100,20.0100,21.4000,58743
2006-02-10,20.1000,20.4000,20.0000,20.1400,37055
2006-02-03,20.5000,20.9600,20.0200,20.3200,44740
2006-01-27,20.2300,20.9900,20.0010,20.9800,62050
2006-01-20,20.3300,20.5000,19.7700,19.9300,30345
2006-01-13,20.0100,20.9600,19.8600,20.5800,62148
2006-01-06,20.0800,20.2400,19.3500,20.1700,34041
2005-12-30,20.2600,20.6900,19.8400,19.8400,62732
2005-12-23,20.4500,20.5300,20.0000,20.4700,44933
2005-12-16,20.8700,20.9900,20.0000,20.5600,140052
2005-12-09,20.0000,20.7500,19.7800,20.5500,48920
2005-12-02,20.3500,20.4375,19.4400,20.0000,79070
2005-11-25,20.1010,20.6000,20.0501,20.4400,47268
2005-11-18,20.3800,20.4600,19.7600,20.1300,48436
2005-11-11,19.8900,20.2900,19.1400,20.1400,66719
2005-11-04,18.7600,19.8500,18.6600,19.5300,86269
2005-10-28,18.0800,18.9400,17.9000,18.8500,44934
2005-10-21,18.3200,18.4500,17.5700,18.1700,56119
2005-10-14,18.5000,18.5000,17.8700,18.4100,64580
2005-10-07,19.2800,19.4500,18.1500,18.4900,59814
2005-09-30,18.8000,19.2700,18.1600,19.1900,94438
2005-09-23,18.7200,18.7500,18.0100,18.5700,70220
2005-09-16,19.9600,20.0000,18.0300,18.7800,218539
2005-09-09,18.7500,19.9800,18.7500,19.8300,61952
2005-09-02,17.9100,18.7000,17.6000,18.7000,57188
2005-08-26,18.7800,18.8500,17.9600,18.1000,35402
2005-08-19,18.5000,18.7700,18.2500,18.5900,73625
2005-08-12,19.2400,19.7400,18.5000,18.5000,57382
2005-08-05,20.0000,20.1800,19.0200,19.0300,43280
2005-07-29,20.0000,20.0000,19.3800,20.0000,34041
2005-07-22,19.2200,20.0000,18.8500,19.8600,42502
2005-07-15,18.8500,20.3190,18.6400,19.5600,80336
2005-07-08,17.8840,19.0000,17.8600,18.9400,47365
2005-07-01,17.6100,18.3500,17.5000,17.9100,85977
2005-06-24,18.4000,18.4000,17.5000,17.8800,68860
2005-06-17,17.2500,18.5000,17.2300,18.4000,129549
2005-06-10,17.2000,17.7900,17.1500,17.5000,47462
2005-06-03,17.8200,17.8200,17.0200,17.4000,47656
2005-05-27,18.0500,18.2600,17.4900,17.8200,38418
2005-05-20,17.5600,18.5900,17.5600,17.8800,37445
2005-05-13,18.4100,18.8400,17.5000,17.5000,53588
2005-05-06,17.3100,18.6400,17.2600,18.4900,58452
2005-04-29,18.3000,18.3300,17.1700,17.4000,86949
2005-04-22,16.8500,18.4800,16.8300,18.2800,105040
2005-04-15,18.4900,19.0000,16.9600,17.0000,141122
2005-04-08,16.8000,19.2000,16.6300,18.3100,149096
2005-04-01,18.2200,18.2200,16.4200,16.6300,128089
2005-03-24,18.4000,18.9000,17.6300,17.9300,96383
2005-03-18,18.4600,19.2700,18.0500,18.0500,106108
2005-03-11,22.5300,22.9500,18.1500,18.1600,72377
2005-03-04,21.6800,22.4700,21.2100,22.4700,90369
2005-02-25,21.0700,22.1100,20.6600,22.0500,109983
2005-02-18,19.9100,21.3500,19.6100,21.0500,87857
2005-02-11,20.0000,20.5000,19.1900,20.0900,67432
2005-02-04,20.1000,20.3400,18.8000,19.9800,59651
2005-01-28,19.3000,20.0500,18.7300,19.9400,34122
2005-01-21,19.0500,20.0000,18.2600,19.4100,52844
2005-01-14,19.4300,20.2500,18.4600,19.0500,51222
2005-01-07,21.5400,21.5400,19.4300,19.6500,55763
2004-12-31,22.0000,22.0000,20.7500,20.9100,27475
2004-12-23,20.2500,21.9700,20.2500,21.9700,22289
2004-12-17,20.5000,21.4000,20.4600,20.5900,54951
2004-12-10,20.7300,21.3800,20.2700,21.3700,65001
2004-12-03,20.8000,21.7600,19.5300,20.6800,131055
2004-11-26,20.7000,21.1500,20.2700,20.9900,69053
2004-11-19,21.9000,22.3300,20.7500,20.8000,67594
2004-11-12,20.8000,21.8400,20.5100,21.8400,53087
2004-11-05,20.2600,21.4700,19.7110,20.6400,59652
2004-10-29,19.8600,21.1300,19.3499,20.4700,50575
2004-10-22,19.6500,20.5200,19.2110,19.6000,52762
2004-10-15,19.6800,19.9700,19.0700,19.7900,37039
2004-10-08,21.0000,21.1265,19.5600,19.5600,55356
2004-10-01,19.2900,20.9600,18.8600,20.9500,82913
2004-09-24,19.4350,19.6500,18.6100,19.0000,54303
2004-09-17,18.6300,20.1500,18.5300,19.4500,80644
2004-09-10,18.0000,18.6100,17.8200,18.4000,60139
2004-09-03,18.4500,18.8400,17.6800,17.9900,52438
2004-08-27,17.7200,18.5000,17.5100,18.2400,60707
2004-08-20,17.2900,17.7300,17.1000,17.6900,35095
2004-08-13,17.1700,17.4900,16.8600,17.1300,43441
2004-08-06,17.7100,17.8900,16.9000,16.9000,71971
2004-07-30,17.4300,18.0000,17.1200,17.5400,43118
2004-07-23,18.6300,18.9200,17.4800,17.5000,89720
2004-07-16,19.4900,20.1500,18.6300,18.6720,62164
2004-07-09,19.8000,20.0900,19.1400,19.2600,26422
2004-07-02,19.9900,20.7600,19.6100,19.7100,94907
2004-06-25,19.6500,20.4950,19.3900,20.4800,125382
2004-06-18,19.9400,20.0200,19.5000,19.6900,91017
2004-06-10,19.6500,19.9900,19.5600,19.9400,51466
2004-06-04,19.6900,19.8000,19.4000,19.5500,40768
2004-05-28,18.9150,19.7900,18.7700,19.6700,55681
2004-05-21,18.6700,19.0800,18.2600,18.9900,68649
2004-05-14,18.5700,19.6600,18.5200,18.7900,86560
2004-05-07,19.0600,19.5600,18.8600,18.8700,85344
2004-04-30,18.8300,19.5300,18.8300,19.0600,103418
2004-04-23,18.2100,19.0000,17.7700,18.9800,51628
2004-04-16,18.2500,18.6000,17.6000,17.8500,75131
2004-04-08,18.9900,18.9900,17.7500,17.8600,30717
2004-04-02,18.2700,19.0000,18.2700,19.0000,68243
2004-03-26,18.7500,18.9800,18.2900,18.7100,46683
2004-03-19,18.8000,19.1000,18.5000,18.5800,57544
2004-03-12,19.0000,19.2700,18.5200,19.0800,68163
2004-03-05,18.8950,19.8800,18.7500,19.2700,77159
2004-02-27,18.5100,19.1100,18.5000,19.0300,88423
2004-02-20,19.0300,19.0990,18.5000,18.5500,46198
2004-02-13,19.5400,19.8000,18.5000,18.5000,52519
2004-02-06,18.6200,19.2900,18.0100,18.9700,52600
2004-01-30,18.4500,18.7000,17.9800,18.5100,121977
2004-01-23,17.5500,18.4000,17.3800,18.4000,90936
2004-01-16,17.0700,17.6800,16.7400,17.4100,111118
2004-01-09,16.6300,17.2400,15.9710,16.6000,77969
2004-01-02,16.6900,16.8900,15.8700,16.2900,29583
2003-12-26,16.1900,16.7300,16.1900,16.4900,4781
2003-12-19,17.0200,17.3100,16.0200,16.5800,44982
2003-12-12,16.3500,17.1400,16.2500,17.0200,67189
2003-12-05,17.0100,17.0500,16.2400,16.3600,43848
2003-11-28,16.5500,17.1800,16.4100,16.8200,44009
2003-11-21,16.5100,16.9900,15.9100,16.7000,33960
2003-11-14,16.8000,17.1000,16.3100,16.5100,49196
2003-11-07,17.1100,17.4700,16.5600,16.6800,58760
2003-10-31,16.0900,17.5300,16.0800,16.8300,52033
2003-10-24,16.7800,16.8100,16.0000,16.0000,30798
2003-10-17,17.0500,17.3200,16.4100,16.4200,42956
2003-10-10,17.0500,17.1000,16.6800,16.9900,68810
2003-10-03,15.9600,17.1000,15.2500,17.0600,36148
2003-09-26,16.7500,17.1700,15.7500,15.7900,57625
2003-09-19,16.8200,17.4000,16.7500,17.0100,30474
2003-09-12,17.1400,17.3800,16.3900,17.1900,38013
2003-09-05,16.9900,17.6520,16.7700,17.0000,52764
2003-08-29,17.0400,17.0400,16.2500,16.9100,44091
2003-08-22,16.0500,17.2500,15.9700,16.8500,55680
2003-08-15,15.5200,16.0500,15.3500,15.9500,60138
2003-08-08,15.9400,16.0000,15.3500,15.4500,35338
2003-08-01,15.6000,16.0000,15.3400,15.8800,68487
2003-07-25,15.4800,15.6400,14.9500,15.5990,69784
2003-07-18,15.7400,15.7400,15.1300,15.3000,55275
2003-07-11,15.1200,16.4400,15.0300,15.7500,89235
2003-07-03,14.5600,15.0800,14.1800,14.9700,53086
2003-06-27,14.1000,14.6800,13.7500,14.2200,39147
2003-06-20,14.0000,14.9800,14.0000,14.4090,42227
2003-06-13,14.2500,14.7600,13.7500,13.9900,61192
2003-06-06,14.7500,14.7500,14.1000,14.1600,26260
2003-05-30,13.9400,14.7290,13.7500,14.0800,41741
2003-05-23,14.1500,14.1800,13.5900,13.8310,77645
2003-05-16,14.1800,14.6000,13.8200,14.0000,44577
2003-05-09,14.3900,14.6450,13.9900,14.0800,66135
2003-05-02,13.8100,14.6200,13.7500,14.3900,71890
2003-04-25,13.6800,13.9000,13.6800,13.8000,50088
2003-04-17,13.8600,13.9000,13.5900,13.7000,25125
2003-04-11,13.8400,14.0600,13.6100,13.8500,36148
2003-04-04,13.8200,13.9700,13.5500,13.6100,130976
2003-03-28,14.0400,14.0500,13.6000,13.8200,31042
2003-03-21,13.8000,14.5900,13.6200,14.0300,64109
2003-03-14,13.8400,13.8700,13.4500,13.6000,87047
2003-03-07,14.0500,14.0600,13.9500,13.9800,13698
2003-02-28,14.0200,14.1800,13.7500,13.9700,78051
2003-02-21,14.0400,14.2500,13.7600,14.0400,58922
2003-02-14,13.6000,14.4900,13.4000,14.1200,76348
2003-02-07,13.8100,14.0000,13.5000,13.6000,31851
2003-01-31,13.5500,13.9700,13.4900,13.9500,26907
2003-01-24,13.2600,13.8700,13.1100,13.6000,53573
2003-01-17,13.4500,13.7000,13.1000,13.2900,26747
2003-01-10,13.0700,13.4300,12.9700,13.1200,32662
2003-01-03,13.7500,13.8500,12.9500,13.1500,43767
2002-12-27,13.9000,14.0000,13.3300,13.7800,14103
2002-12-20,13.1300,13.8500,12.8000,13.8500,61921
2002-12-13,13.1700,13.3900,12.9200,13.0000,40038
2002-12-06,13.2400,13.3600,12.9900,13.3000,26909
2002-11-29,13.1700,13.2500,12.8500,13.2500,14508
2002-11-22,13.6100,13.8900,12.5300,13.0200,22127
2002-11-15,13.6400,14.0000,13.2000,13.6200,42065
2002-11-08,13.4500,14.1500,13.4500,13.6300,25044
2002-11-01,12.8600,13.5000,12.7400,13.5000,83561
2002-10-25,12.8200,13.1000,12.5000,12.8500,222560
2002-10-18,13.0300,13.4900,13.0000,13.0500,85345
2002-10-11,13.3800,13.5000,12.7200,13.3200,63461
2002-10-04,12.9200,13.5000,12.5500,13.0100,49845
2002-09-27,12.7600,13.5000,12.6700,12.9500,41740
2002-09-20,13.2000,13.5000,12.5000,12.7700,68406
2002-09-13,13.0000,13.5000,12.8300,13.3900,26664
2002-09-06,13.5400,13.6500,12.9000,12.9200,35256
2002-08-30,14.2500,14.2500,13.4500,13.5300,44253
2002-08-23,14.1800,14.1900,13.7500,13.7600,82670
2002-08-16,14.0800,14.4500,13.2600,14.1500,67920
2002-08-09,14.6000,14.6900,13.4200,14.0800,43846
2002-08-02,14.7000,15.0000,13.6900,14.5200,39066
2002-07-26,13.9500,14.7500,11.0500,14.4900,134703
2002-07-19,14.3600,14.7400,13.9500,14.0300,77564
2002-07-12,14.3000,14.6900,14.0200,14.5400,96125
2002-07-05,14.8900,15.2400,14.0000,14.5000,64271
2002-06-28,14.6200,15.0000,13.1000,14.8900,620752
2002-06-21,14.5000,15.0000,14.4500,14.6200,80807
2002-06-14,14.7200,14.8000,14.2000,14.6000,125625
2002-06-07,14.6000,14.9000,14.4500,14.6300,60056
2002-05-31,14.4500,14.7500,14.2500,14.7500,218669
2002-05-24,14.3000,14.6300,14.1500,14.5000,128544
2002-05-17,14.3100,14.5100,13.9500,14.3000,121898
2002-05-10,15.3500,15.3500,14.2000,14.3200,22612
2002-05-03,15.6900,15.7500,15.2500,15.2500,8672
2002-04-26,16.0000,16.0000,15.3600,15.5000,15480
2002-04-19,16.0000,16.2000,15.3000,15.8900,73836
2002-04-12,15.4000,16.5000,15.4000,16.0000,99365
2002-04-05,15.2000,15.5800,14.2500,15.4900,25044
2002-03-28,13.5500,14.7000,13.5000,14.6000,91665
2002-03-22,13.5500,14.0000,13.2300,13.4000,29582
2002-03-15,13.4500,14.0000,13.3000,13.4000,32420
2002-03-08,13.3000,13.6000,13.2100,13.3500,52195
2002-03-01,13.0500,13.4400,13.0200,13.3000,83156
2002-02-22,13.2100,13.3000,13.0200,13.1100,50413
2002-02-15,13.0000,13.5000,13.0000,13.2800,20749
2002-02-08,13.0200,13.3400,12.9200,13.0000,75294
2002-02-01,13.5500,13.7500,13.0500,13.0500,22531
2002-01-25,13.7700,13.7700,13.1500,13.7500,350860
2002-01-18,13.5000,14.0000,13.3100,13.6500,21153
2002-01-11,13.7500,14.0000,13.0000,13.4100,145724
2002-01-04,13.3500,13.7000,13.3000,13.7000,55033
2001-12-28,13.5400,13.6500,13.3500,13.6500,9483
2001-12-21,13.0000,13.7500,13.0000,13.5400,22045
2001-12-14,12.9900,13.1900,12.8500,13.0000,13697
2001-12-07,13.2500,13.2500,12.7000,12.8500,8592
2001-11-30,13.6000,13.9500,13.2000,13.2500,23099
2001-11-23,13.1500,13.6800,13.1000,13.6800,38984
2001-11-16,12.5600,13.1300,12.5600,13.1300,28853
2001-11-09,12.8000,12.8100,12.5000,12.5000,108686
2001-11-02,12.7600,12.9900,12.7500,12.8500,11834
2001-10-26,13.0500,13.0500,12.1500,12.7500,20262
2001-10-19,13.1000,13.1000,12.9000,12.9000,74484
2001-10-12,13.0000,13.2500,13.0000,13.1100,22693
2001-10-05,13.5000,13.5000,13.0000,13.0600,23261
2001-09-28,13.0600,13.5000,13.0000,13.5000,18884
2001-09-21,13.0500,13.2000,12.9000,13.0600,92234
2001-09-10,13.2500,13.2500,13.2500,13.2500,486
2001-09-07,13.2500,13.2500,13.0000,13.1100,8023
2001-08-31,13.2500,13.5000,12.8500,13.4000,22856
2001-08-24,13.2500,13.4000,12.9200,13.2000,98961
2001-08-17,13.2000,13.2500,12.9500,13.2500,31933
2001-08-10,13.2500,13.5000,12.8400,13.0200,109741
2001-08-03,12.6400,13.0000,12.2900,12.7800,49845
2001-07-27,12.4900,12.9000,12.1600,12.6300,37363
2001-07-20,12.1000,12.5000,12.0000,12.1600,19937
2001-07-13,11.8400,12.1000,11.1900,12.0000,28853
2001-07-06,11.0600,11.4900,11.0600,11.4900,2107
2001-06-29,11.4000,11.4500,11.0500,11.1500,127976
2001-06-22,11.5000,11.5000,11.1500,11.4500,15885
2001-06-15,11.0500,11.5500,11.0500,11.5000,12562
2001-06-08,11.4800,11.5700,11.0300,11.0500,23747
2001-06-01,11.2600,11.4800,11.2600,11.4800,2026
2001-05-25,11.2900,11.6200,11.2500,11.2500,25125
2001-05-18,11.1000,11.7000,11.1000,11.6300,21640
2001-05-11,11.4000,11.4500,11.0500,11.1800,22451
2001-05-04,11.2000,11.4500,11.0000,11.0000,138754
2001-04-27,11.5000,11.7500,11.4500,11.7500,4052
2001-04-20,11.8000,12.1900,11.1000,11.2800,20263
2001-04-12,11.4900,12.6200,11.1200,12.6200,21153
2001-04-06,11.2500,11.5000,11.1300,11.1300,50008
2001-03-30,11.6300,11.6300,11.0000,11.5000,12320
2001-03-23,11.6300,12.0000,11.1300,11.2500,38660
2001-03-16,12.0000,12.0000,11.1300,11.1900,54789
2001-03-09,11.6300,12.0000,11.2500,11.7500,78699
2001-03-02,11.4200,12.0000,11.2500,11.5000,27880
2001-02-23,11.1900,11.8800,11.0000,11.3800,35662
2001-02-16,11.0600,11.6900,11.0600,11.5000,25530
2001-02-09,11.2500,11.7500,11.1300,11.3100,24639
2001-02-02,10.6900,11.5600,10.6900,11.2500,7780
2001-01-26,9.6880,10.7500,9.6880,10.6900,16533
2001-01-19,10.3800,10.7500,9.1250,9.5000,22775
2001-01-12,10.7300,10.7500,9.7500,10.5000,74321
2001-01-05,9.3750,10.2500,9.3750,9.8750,16453
2000-12-29,8.9400,9.4060,8.9380,9.3750,56409
2000-12-22,8.5000,9.0000,8.5000,8.9380,109983
2000-12-15,8.5160,9.0000,8.5160,8.8130,13698
2000-12-08,8.3590,8.8750,8.1250,8.5000,109091
2000-12-01,9.0000,9.4400,8.0000,8.2500,30555
2000-11-24,8.8130,9.0000,8.3440,8.8750,12805
2000-11-17,9.1880,9.2500,8.7500,8.7500,25207
2000-11-10,9.3750,9.3750,9.0000,9.0940,25369
2000-11-03,9.0000,9.3750,8.5000,9.3700,12319
2000-10-27,8.9380,9.0000,8.9380,9.0000,10374
2000-10-20,9.2500,9.2500,8.8750,9.0000,11751
2000-10-13,10.0000,10.5000,8.8750,9.2500,31851
2000-10-06,10.3800,10.3800,9.8750,9.8750,16939
2000-09-29,10.2500,10.5000,10.1900,10.4400,28853
2000-09-22,10.3100,10.7500,10.1900,10.2500,29096
2000-09-15,10.0600,10.6300,10.0000,10.3800,83885
2000-09-08,9.7500,10.0000,9.7500,10.0000,16777
2000-09-01,9.8750,10.0000,9.7500,9.8750,20911
2000-08-25,9.4380,10.5000,9.4380,10.1300,76836
2000-08-18,9.1250,9.3750,9.1250,9.3750,40687
2000-08-11,9.2500,9.2500,9.0000,9.0000,225558
2000-08-04,9.2500,9.2500,9.0000,9.0000,26909
2000-07-28,9.9380,9.9380,9.1250,9.1250,43685
2000-07-21,9.7500,9.9380,9.5630,9.5630,139647
2000-07-14,9.6250,9.9380,9.5630,9.7500,20748
2000-07-07,10.0000,10.0000,9.0000,9.5000,20181
2000-06-30,10.0000,10.0600,9.5000,9.6250,21397
2000-06-23,10.0000,10.0600,9.9380,9.9380,24800
2000-06-16,10.1300,10.1300,9.7500,10.0000,11752
2000-06-09,10.3800,10.3800,10.0000,10.0000,6727
2000-06-02,9.8750,10.5000,9.8750,10.5000,30474
2000-05-26,9.9400,9.9400,9.8130,9.9380,7700
2000-05-19,9.8130,10.1300,9.8130,9.9380,27799
2000-05-12,9.9380,10.1300,9.7500,9.7500,17669
2000-05-05,9.9380,10.0000,9.8700,10.0000,6403
2000-04-28,9.8440,10.0000,9.8130,9.8750,28853
2000-04-20,9.8750,10.0000,9.7500,9.8400,6889
2000-04-14,10.1600,11.0000,10.1300,10.1300,42225
2000-04-07,10.1300,10.2500,10.0000,10.1200,18074
2000-03-31,10.0000,10.1300,9.9380,10.0600,40444
2000-03-24,9.9380,10.1300,9.9380,10.0000,24232
2000-03-17,10.0000,10.0000,9.9380,9.9380,34446
2000-03-10,9.8750,10.0600,9.8750,9.9380,53249
2000-03-03,9.7500,10.2500,9.7500,9.8750,34284
2000-02-25,10.1300,10.2500,10.0000,10.0000,22126
2000-02-18,10.1300,10.2500,10.1300,10.1300,89478
2000-02-11,10.5000,10.6300,10.1300,10.3800,12969
2000-02-04,10.0600,10.5000,10.0000,10.1200,105363
2000-01-28,10.2500,10.2500,10.0000,10.0000,14020
2000-01-21,10.4400,10.5000,9.6250,9.9380,268352
2000-01-14,11.0000,11.1300,10.1900,10.4400,67028
