timestamp,open,high,low,close,volume
2018-02-27,0.7500,0.7500,0.4500,0.6350,18678728
2018-02-23,1.6500,1.7500,1.5500,1.6000,473245
2018-02-16,1.6000,1.6500,1.5500,1.6500,554317
2018-02-09,1.6500,1.7500,1.4500,1.6000,1232124
2018-02-02,1.9000,1.9500,1.6500,1.6800,1558896
2018-01-26,1.6500,1.9000,1.6000,1.8750,2231862
2018-01-19,1.6500,1.7000,1.5500,1.6000,2131700
2018-01-12,1.6000,1.9000,1.5000,1.6500,3980964
2018-01-05,1.4000,1.5500,1.3500,1.5000,718707
2017-12-29,1.4000,1.4000,1.3000,1.3500,175810
2017-12-22,1.5000,1.5000,1.3500,1.4000,171929
2017-12-15,1.3000,1.5000,1.2500,1.4500,356912
2017-12-08,1.3500,1.3500,1.2500,1.2750,154550
2017-12-01,1.4500,1.4550,1.2250,1.3500,269567
2017-11-24,1.5000,1.5000,1.4000,1.4500,224688
2017-11-17,1.1500,2.0000,1.1500,1.4500,2306032
2017-11-10,1.2500,1.2500,1.1500,1.1500,164073
2017-11-03,1.3000,1.3000,1.2000,1.2300,88159
2017-10-27,1.3000,1.3500,1.2500,1.3000,116951
2017-10-20,1.5500,1.5500,1.2500,1.2500,197661
2017-10-13,1.5000,1.6500,1.4000,1.5500,340765
2017-10-06,1.1000,1.7000,1.1000,1.5000,1175719
2017-09-29,1.2000,1.2000,1.1000,1.1500,226884
2017-09-22,1.2000,1.2700,1.1500,1.2000,204187
2017-09-15,1.2000,1.3500,1.1500,1.2000,287219
2017-09-08,1.1500,1.2000,1.1000,1.2000,144871
2017-09-01,1.1500,1.2000,1.0500,1.1000,239376
2017-08-25,1.2000,1.2500,1.0500,1.1800,333252
2017-08-18,1.4000,1.4400,1.1300,1.2700,883756
2017-08-11,1.9000,1.9500,1.3500,1.4500,1447708
2017-08-04,2.1000,2.1300,1.6500,1.9000,1775279
2017-07-28,2.4500,2.4800,1.9000,2.0500,1936615
2017-07-21,2.4000,2.5500,2.3700,2.4200,1946894
2017-07-14,2.6500,2.7100,2.4000,2.4000,855935
2017-07-07,2.4500,2.6500,2.3500,2.6000,849153
2017-06-30,2.4500,2.6000,2.3500,2.4000,280125
2017-06-23,2.3000,2.5500,2.2500,2.3500,1048787
2017-06-16,2.3500,2.4400,2.2500,2.3000,110059
2017-06-09,2.4500,2.4500,2.1500,2.3000,133980
2017-06-02,2.3500,2.4500,2.3500,2.3500,30368
2017-05-26,2.5000,2.5000,2.3500,2.3500,24150
2017-05-19,2.4100,2.4500,2.3700,2.4500,22651
2017-05-12,2.5000,2.5500,2.3500,2.3500,80642
2017-05-05,2.7000,2.7600,2.4000,2.4000,91063
2017-04-28,2.5500,2.7500,2.3800,2.6500,96267
2017-04-21,2.4000,2.6000,2.3500,2.6000,38767
2017-04-13,2.4000,2.4500,2.3000,2.4000,39401
2017-04-07,2.5500,2.5500,2.3500,2.3500,124090
2017-03-31,2.6000,2.6500,2.3500,2.5500,133917
2017-03-24,2.6000,2.7000,2.4000,2.6500,97360
2017-03-17,2.5000,2.6500,2.3500,2.6000,270462
2017-03-10,2.6000,2.6000,2.3500,2.5000,461396
2017-03-03,2.6000,2.6800,2.5000,2.5500,91569
2017-02-24,2.6000,2.6000,2.5000,2.5800,64768
2017-02-17,2.6000,2.6600,2.5000,2.5500,97827
2017-02-10,2.4500,2.8000,2.4500,2.5500,69233
2017-02-03,2.5000,2.7500,2.4500,2.5000,49881
2017-01-27,2.8000,2.8000,2.5000,2.6000,88916
2017-01-20,2.8000,2.8000,2.5400,2.7000,154155
2017-01-13,2.8000,2.9000,2.7500,2.7500,126217
2017-01-06,2.9000,2.9000,2.6000,2.8000,90165
2016-12-30,3.0000,3.0000,2.7600,2.8500,158140
2016-12-23,2.3500,3.0000,2.3500,2.9500,558362
2016-12-16,2.3750,2.4000,2.2500,2.4000,124204
2016-12-09,2.4000,2.5000,2.2500,2.4000,127867
2016-12-02,2.4000,2.6800,2.3222,2.3222,217742
2016-11-25,2.4637,2.5000,2.3000,2.4000,40260
2016-11-18,2.3500,2.5862,2.2000,2.3500,163497
2016-11-11,2.2500,2.4500,2.1500,2.3500,164035
2016-11-04,2.2000,2.4500,2.1500,2.2500,32007
2016-10-28,2.5324,2.5500,2.1500,2.2000,83784
2016-10-21,2.4700,2.5800,2.3750,2.5166,31762
2016-10-14,2.6400,2.7400,2.3618,2.4700,125671
2016-10-07,2.8512,2.8800,2.6296,2.6600,76552
2016-09-30,2.8499,2.9499,2.8100,2.8300,48510
2016-09-23,2.8101,2.9900,2.7900,2.8500,93166
2016-09-16,3.0000,3.1100,2.8600,2.9100,131729
2016-09-09,2.8400,3.0200,2.8100,2.9800,58415
2016-09-02,2.8600,2.9800,2.8000,2.8800,62014
2016-08-26,3.0700,3.1000,2.7500,2.8500,81040
2016-08-19,3.0004,3.1238,2.9900,3.0500,58582
2016-08-12,3.0500,3.1100,2.9656,2.9810,36987
2016-08-05,3.1900,3.2100,3.0500,3.0500,47224
2016-07-29,2.9001,3.1900,2.9000,3.0800,55074
2016-07-22,2.9900,3.2400,2.9000,2.9889,80346
2016-07-15,3.1400,3.3600,2.8628,2.9700,66455
2016-07-08,2.9700,3.2300,2.9100,3.1400,93703
2016-07-01,3.0000,3.0200,2.7500,3.0100,53972
2016-06-24,2.7300,3.0100,2.7300,2.9900,69977
2016-06-17,3.2999,3.3000,2.7900,2.8100,158434
2016-06-10,3.3400,3.9300,3.1000,3.1300,383146
2016-06-03,3.3200,3.4800,3.2513,3.2900,33966
2016-05-27,3.4400,3.4400,3.2300,3.3500,35312
2016-05-20,3.1000,3.7200,3.1000,3.5000,74812
2016-05-13,3.7000,3.8500,3.0700,3.1000,148279
2016-05-06,4.2200,4.2200,3.7000,3.7400,103304
2016-04-29,3.5800,4.3500,3.5800,4.2100,192764
2016-04-22,3.7700,3.7935,3.4800,3.6300,51333
2016-04-15,3.5422,3.8385,3.4200,3.7400,95190
2016-04-08,3.4600,3.6400,3.3050,3.5700,113171
2016-04-01,3.6000,3.6200,3.4400,3.4400,88250
2016-03-24,3.7700,3.8800,3.6000,3.6200,98637
2016-03-18,3.6600,3.8500,3.6000,3.7800,27055
2016-03-11,3.7100,3.8600,3.6401,3.6401,49785
2016-03-04,3.4600,3.8700,3.4400,3.6600,139866
2016-02-26,3.7300,3.9800,3.4801,3.6300,363208
2016-02-19,3.5400,3.9788,3.5100,3.8400,125029
2016-02-12,3.6500,3.7300,3.3900,3.5300,41163
2016-02-05,3.7500,3.9800,3.1500,3.6500,122493
2016-01-29,3.7600,4.1000,3.7000,3.7900,96608
2016-01-22,3.6400,4.1700,3.5400,3.8400,77321
2016-01-15,4.5100,4.6300,3.0500,3.5600,328777
2016-01-08,4.6000,4.9200,4.4000,4.4500,168594
2015-12-31,5.1300,5.1799,4.6500,4.6500,238842
2015-12-24,4.9000,5.2900,4.8600,5.2200,82105
2015-12-18,5.2500,5.2700,4.7790,4.8900,134261
2015-12-11,5.6200,5.7300,5.2000,5.3000,143224
2015-12-04,5.9300,5.9600,5.4100,5.6300,278270
2015-11-27,5.2444,6.9700,5.1701,5.9900,2419000
2015-11-20,5.0500,5.3100,5.0000,5.2600,95636
2015-11-13,5.2600,5.4800,4.9500,5.0100,83866
2015-11-06,5.1700,5.5200,5.1101,5.3300,168901
2015-10-30,4.9200,5.1815,4.8600,5.1200,101040
2015-10-23,5.2700,5.5000,4.8100,4.9200,146849
2015-10-16,5.4700,5.4700,5.0500,5.2500,70841
2015-10-09,5.2900,5.6035,5.1700,5.4400,82173
2015-10-02,5.3300,5.3800,4.7500,5.2700,294499
2015-09-25,6.3800,6.4700,5.3500,5.3900,286330
2015-09-18,6.3400,6.4800,6.0100,6.2600,267901
2015-09-11,7.8400,7.8400,6.1800,6.4000,279982
2015-09-04,0.8800,6.4000,0.8600,6.4000,445874
2015-08-28,0.8400,0.9199,0.8100,0.8703,943967
2015-08-21,0.9000,0.9500,0.8601,0.9000,814567
2015-08-14,1.0000,1.0600,0.8700,0.9200,969257
2015-08-07,1.0800,1.1400,0.9300,1.0000,1037322
2015-07-31,1.1100,1.2000,1.0700,1.0700,863943
2015-07-24,1.3600,1.3899,1.0600,1.1200,1936319
2015-07-17,1.3400,1.5500,1.2000,1.3200,4555324
2015-07-10,1.0700,1.2800,1.0300,1.2600,2063568
2015-07-02,1.0500,1.2400,0.9601,1.0900,2664234
2015-06-26,0.9100,1.2300,0.9100,1.0500,4531881
2015-06-19,0.9600,1.0200,0.8800,0.9150,1306120
2015-06-12,0.8870,0.9700,0.7950,0.9300,1510289
2015-06-05,0.7980,0.9390,0.7700,0.8499,1113289
2015-05-29,0.7601,0.8600,0.7301,0.7900,841272
2015-05-22,0.8380,0.8426,0.7600,0.7700,554094
2015-05-15,0.8400,0.8900,0.8250,0.8380,397222
2015-05-08,0.8100,0.8700,0.8100,0.8449,360532
2015-05-01,0.8800,0.9010,0.8000,0.8400,741230
2015-04-24,0.8500,0.9400,0.8459,0.8800,1270925
2015-04-17,1.0100,1.1800,0.8400,0.8602,9483329
2015-04-10,0.8342,0.9000,0.7959,0.8399,1036410
2015-04-02,0.7700,0.9600,0.7300,0.8400,3165933
2015-03-27,0.8300,0.8300,0.7398,0.7690,562555
2015-03-20,0.8500,0.8800,0.7451,0.8202,1206544
2015-03-13,0.8750,1.0400,0.8100,0.8200,4070415
2015-03-06,0.7400,0.8700,0.6900,0.8650,2678713
2015-02-27,0.6900,0.8400,0.6465,0.7000,2626516
2015-02-20,0.7200,0.8200,0.6700,0.6975,1903821
2015-02-13,0.7200,0.7300,0.6450,0.6960,1187563
2015-02-06,0.7010,0.7800,0.6600,0.7153,1146830
2015-01-30,0.7100,0.7794,0.6900,0.7100,842923
2015-01-23,0.7502,0.7599,0.6878,0.7000,591495
2015-01-16,0.8700,0.8751,0.7400,0.7712,1072708
2015-01-09,1.0600,1.0600,0.8100,0.8751,1331548
2015-01-02,0.9300,1.0468,0.9000,1.0400,982943
2014-12-26,0.9418,0.9700,0.8700,0.9200,647189
2014-12-19,1.0100,1.0300,0.8900,0.9727,1422853
2014-12-12,0.7200,1.2500,0.7000,1.0200,9756536
2014-12-05,0.7918,0.8200,0.7000,0.7206,899560
2014-11-28,0.8199,0.8300,0.7770,0.8185,837493
2014-11-21,0.8800,0.9172,0.7701,0.8050,967978
2014-11-14,1.0200,1.0600,0.8406,0.8903,1012434
2014-11-07,1.0900,1.1500,1.0200,1.0200,375597
2014-10-31,1.1000,1.1900,1.0800,1.1200,494176
2014-10-24,1.1600,1.1800,1.0200,1.1100,817483
2014-10-17,1.1300,1.4400,1.0901,1.1500,6126040
2014-10-10,1.2300,1.2400,1.1100,1.1300,684874
2014-10-03,1.1900,1.3600,1.1670,1.2400,855281
2014-09-26,1.2900,1.3190,1.1800,1.1800,645775
2014-09-19,1.3300,1.3700,1.2500,1.2900,485319
2014-09-12,1.3300,1.3999,1.3300,1.3300,312406
2014-09-05,1.4000,1.4300,1.3100,1.3600,469042
2014-08-29,1.3550,1.4401,1.3500,1.4000,549322
2014-08-22,1.4000,1.4000,1.3100,1.3500,697381
2014-08-15,1.4100,1.4400,1.3200,1.3500,501013
2014-08-08,1.4300,1.4400,1.3800,1.3800,434027
2014-08-01,1.4500,1.4900,1.3900,1.4200,833256
2014-07-25,1.4200,1.4601,1.4100,1.4200,228609
2014-07-18,1.4900,1.5600,1.4000,1.4200,997227
2014-07-11,1.6500,1.6500,1.4400,1.4700,1176005
2014-07-03,1.4800,1.6500,1.4500,1.6100,1604483
2014-06-27,1.4400,1.5000,1.4250,1.4800,697282
2014-06-20,1.4400,1.4900,1.4200,1.4200,616038
2014-06-13,1.4800,1.5310,1.4200,1.4600,962318
2014-06-06,1.4700,1.4900,1.3900,1.4600,823004
2014-05-30,1.4200,1.5500,1.3900,1.4700,2115219
2014-05-23,1.3700,1.4600,1.3400,1.4000,1592229
2014-05-16,1.4000,1.4800,1.3500,1.4000,904221
2014-05-09,1.5800,1.6000,1.3700,1.3900,1256767
2014-05-02,1.6200,1.6400,1.5500,1.5800,937218
2014-04-25,1.6000,1.7500,1.5700,1.6000,1726958
2014-04-17,1.7100,1.7300,1.4300,1.6000,3204706
2014-04-11,1.8700,1.9800,1.7000,1.7200,4770265
2014-04-04,1.8200,2.0000,1.8100,1.8800,3116120
2014-03-28,2.1000,2.1000,1.7800,1.8000,4206360
2014-03-21,2.1200,2.2100,1.9900,2.0300,4332497
2014-03-14,1.8800,2.3800,1.8300,2.0900,11583381
2014-03-07,1.8600,1.9700,1.8300,1.8700,1576825
2014-02-28,1.8000,2.1000,1.7800,1.8800,6334667
2014-02-21,1.8200,1.8200,1.7500,1.7900,1616868
2014-02-14,1.8000,1.8500,1.7500,1.7900,3033497
2014-02-07,1.9700,1.9900,1.6800,1.7600,4928194
2014-01-31,2.0300,2.0700,1.8800,1.9500,2218232
2014-01-24,2.1000,2.2800,2.0100,2.0400,3392170
2014-01-17,2.0200,2.1900,1.9500,2.0200,5287119
2014-01-10,1.7100,2.5400,1.6800,1.9900,22111043
2014-01-03,1.6200,1.7900,1.6000,1.7100,3333788
2013-12-27,1.6400,1.6500,1.6000,1.6100,1486364
2013-12-20,1.5400,1.6200,1.4800,1.5900,3620422
2013-12-13,1.5600,1.6000,1.4600,1.5200,4881695
2013-12-06,1.4100,2.1500,1.3200,1.5500,30899996
2013-11-29,1.3300,1.4700,1.2900,1.3900,1270402
2013-11-22,1.5000,1.5000,1.2200,1.3600,2511830
2013-11-15,1.5500,1.5500,1.3600,1.4800,2336946
2013-11-08,1.3600,1.6900,1.3500,1.5300,6327232
2013-11-01,1.6100,1.6200,1.3000,1.3600,2631573
2013-10-25,1.6000,1.6300,1.5200,1.5800,2632592
2013-10-18,1.5500,1.7000,1.5100,1.6000,3367937
2013-10-11,1.6300,1.7600,1.4000,1.5400,6789782
2013-10-04,1.4700,1.7900,1.4300,1.6300,11114588
2013-09-27,1.4700,1.4800,1.3700,1.4600,4309363
2013-09-20,1.4000,1.5300,1.3600,1.4500,5427084
2013-09-13,1.4100,1.4500,1.3500,1.3900,1301394
2013-09-06,1.3200,1.4100,1.3000,1.3900,554940
2013-08-30,1.3500,1.3799,1.2900,1.3100,360062
2013-08-23,1.3500,1.3750,1.3000,1.3400,597111
2013-08-16,1.3800,1.4100,1.3000,1.3400,730475
2013-08-09,1.4100,1.5000,1.3500,1.3800,2902956
2013-08-02,1.4000,1.4300,1.3400,1.4000,975981
2013-07-26,1.4300,1.5200,1.3400,1.4000,2844049
2013-07-19,1.4000,1.4800,1.3700,1.4100,1208152
2013-07-12,1.3600,1.4100,1.3100,1.3800,528824
2013-07-05,1.3400,1.3600,1.2900,1.3100,261547
2013-06-28,1.2300,1.3900,1.1300,1.2900,1405642
2013-06-21,1.4300,1.4300,1.1700,1.2100,1274100
2013-06-14,1.5000,1.5360,1.3700,1.4000,1455031
2013-06-07,1.6500,1.6700,1.4400,1.5100,4001529
2013-05-31,2.6800,2.7750,1.5500,1.6200,4995724
2013-05-24,2.5600,2.7000,2.3000,2.6600,220400
2013-05-17,2.3401,2.6100,2.3200,2.5600,185592
2013-05-10,2.3500,2.6000,2.3000,2.4000,155239
2013-05-03,2.3800,2.4199,2.2500,2.3300,159292
2013-04-26,2.8500,3.5800,2.3300,2.4200,2994106
2013-04-19,2.1600,2.1900,1.8601,1.9700,140950
2013-04-12,2.1000,2.2000,2.0100,2.1800,143021
2013-04-05,2.3800,2.3800,2.0900,2.1700,123404
2013-03-28,2.7200,2.7200,2.3000,2.3800,188467
2013-03-22,2.8500,3.0000,2.5600,2.6000,370141
2013-03-15,2.7000,3.9300,2.1610,2.8600,2261414
2013-03-08,0.4500,3.1900,0.4500,2.6000,674383
2013-03-01,0.5500,0.5800,0.4537,0.4600,1222204
2013-02-22,0.5400,0.5700,0.5026,0.5400,1531217
2013-02-15,0.6600,0.6600,0.5000,0.5100,1883080
2013-02-08,0.6111,0.7899,0.5600,0.6600,4923892
2013-02-01,0.4000,0.9884,0.3850,0.6500,13790573
2013-01-25,0.4000,0.4000,0.3600,0.3803,106355
2013-01-18,0.3800,0.4100,0.3620,0.3800,352021
2013-01-11,0.3900,0.4350,0.3600,0.3800,623185
2013-01-04,0.4100,0.4200,0.3617,0.4000,370327
2012-12-28,0.3860,0.4400,0.3500,0.3755,395130
2012-12-21,0.3400,0.4202,0.3400,0.3860,655721
2012-12-14,0.2800,0.5280,0.2800,0.3500,5261219
2012-12-07,0.2750,0.3200,0.2650,0.2719,588321
2012-11-30,0.2600,0.3088,0.2600,0.2716,133484
2012-11-23,0.2500,0.3059,0.2302,0.2600,340973
2012-11-16,0.2650,0.2800,0.2500,0.2521,264212
2012-11-09,0.2600,0.3300,0.2500,0.2711,186500
2012-11-02,0.2800,0.3000,0.2300,0.2601,239756
2012-10-26,0.3400,0.3400,0.2366,0.2800,819592
2012-10-19,0.2900,0.3400,0.2603,0.3110,318196
2012-10-12,0.3500,0.3500,0.3000,0.3000,338388
2012-10-05,0.3450,0.3640,0.3170,0.3400,393195
2012-09-28,0.4000,0.4001,0.3420,0.3462,692761
2012-09-21,0.3400,0.4788,0.3400,0.3977,3652218
2012-09-14,0.3410,0.3629,0.3366,0.3449,603768
2012-09-07,0.3500,0.3700,0.3400,0.3450,338048
2012-08-31,0.3700,0.4000,0.3500,0.3500,1106620
2012-08-24,0.3700,0.3900,0.3350,0.3600,786988
2012-08-17,0.3300,0.4200,0.3101,0.3600,569545
2012-08-10,0.3900,0.4000,0.3200,0.3400,423937
2012-08-03,0.5000,0.5200,0.3800,0.3899,581068
2012-07-27,0.5600,0.5600,0.5000,0.5001,271889
2012-07-20,0.4800,0.6095,0.4740,0.5501,960263
2012-07-13,0.4789,0.5100,0.4400,0.4532,121155
2012-07-06,0.4900,0.5000,0.4400,0.4799,62952
2012-06-29,0.4800,0.5300,0.4480,0.4800,181742
2012-06-22,0.5000,0.5240,0.4801,0.4999,269310
2012-06-15,0.4630,0.5489,0.4630,0.5060,180554
2012-06-08,0.5100,0.5199,0.4400,0.4700,371117
2012-06-01,0.7000,0.7787,0.4700,0.5010,610818
2012-05-25,0.4700,0.8299,0.4101,0.6900,1540818
2012-05-18,0.5203,0.5300,0.4000,0.4261,225178
2012-05-11,0.5600,0.6100,0.3723,0.5194,349938
2012-05-04,0.7000,0.7100,0.5550,0.5561,187827
2012-04-27,0.6900,0.7500,0.6100,0.6750,194313
2012-04-20,0.7107,0.7500,0.6450,0.7095,116320
2012-04-13,0.8562,0.8562,0.7001,0.7226,247528
2012-04-05,0.9499,0.9499,0.8210,0.8629,170947
2012-03-30,0.9800,1.1500,0.8801,0.9100,1209099
2012-03-23,0.9223,0.9800,0.9000,0.9480,233780
2012-03-16,0.9610,0.9800,0.9000,0.9300,191573
2012-03-09,0.9500,0.9800,0.8700,0.9611,477552
2012-03-02,1.0000,1.0300,0.9502,0.9700,367526
2012-02-24,1.0000,1.0200,0.9800,1.0014,204839
2012-02-17,1.0100,1.0400,0.9901,1.0000,260413
2012-02-10,1.0001,1.0800,1.0000,1.0000,1139517
2012-02-03,1.0000,1.0200,0.9800,1.0100,1593682
2012-01-27,1.0106,1.1200,1.0000,1.0100,1772709
2012-01-20,1.0100,1.0500,1.0000,1.0100,439274
2012-01-13,1.0200,1.0600,0.9985,1.0200,326222
2012-01-06,0.9990,1.0300,0.9700,1.0200,222481
2011-12-30,0.9900,1.0900,0.9500,1.0000,642388
2011-12-23,1.3400,1.3700,0.9700,1.0100,1392607
2011-12-16,1.3400,1.4200,1.3300,1.3300,151873
2011-12-09,1.3900,1.4500,1.3100,1.3600,292474
2011-12-02,1.3000,1.4900,1.2800,1.3600,635085
2011-11-25,1.2900,1.4400,1.2000,1.2700,583753
2011-11-18,1.1800,1.7600,1.1000,1.3000,4984278
2011-11-11,1.2000,1.2300,1.1100,1.1500,82684
2011-11-04,1.1500,1.2400,1.1100,1.1600,46961
2011-10-28,1.2400,1.2800,1.1500,1.1600,111777
2011-10-21,1.1900,1.2500,1.1000,1.2300,76036
2011-10-14,1.1429,1.2500,1.1400,1.2200,56167
2011-10-07,1.1000,1.2246,1.0100,1.1700,95212
2011-09-30,1.2100,1.3200,1.1000,1.1200,134731
2011-09-23,1.2800,1.3200,1.1600,1.2000,114841
2011-09-16,1.2200,1.4900,1.1600,1.2700,357341
2011-09-09,1.1200,1.2501,1.0900,1.2200,153589
2011-09-02,1.1700,1.1700,1.0700,1.1500,154293
2011-08-26,1.2001,1.2100,1.0800,1.1400,149286
2011-08-19,1.1700,1.2500,1.0500,1.2100,174254
2011-08-12,1.1400,1.1600,1.0000,1.1500,421911
2011-08-05,1.4800,1.5700,1.0300,1.1500,554861
2011-07-29,1.5600,1.5600,1.4500,1.4600,300640
2011-07-22,1.5500,1.6800,1.5000,1.5700,454094
2011-07-15,1.5800,1.6599,1.4700,1.5500,294022
2011-07-08,1.6000,1.6100,1.5100,1.5800,172511
2011-07-01,1.5499,1.7002,1.5000,1.5800,403629
2011-06-24,1.6000,1.6600,1.4100,1.5000,498140
2011-06-17,1.8000,1.8200,1.4500,1.6100,878981
2011-06-10,1.9200,1.9800,1.8100,1.8100,935917
2011-06-03,2.1200,2.1300,1.8500,2.0100,1346980
2011-05-27,2.2800,2.3500,2.0500,2.1300,2537374
2011-05-20,2.6400,3.0400,2.1000,2.2400,13486592
2011-05-13,1.9100,2.8800,1.8200,2.5100,6574243
2011-05-06,1.9000,3.2000,1.8700,1.9000,9008541
2011-04-29,1.8200,1.9400,1.8000,1.9100,149284
2011-04-21,2.0600,2.0800,1.7900,1.8200,261374
2011-04-15,2.1700,2.2000,2.0800,2.1000,133362
2011-04-08,2.5600,2.5600,2.1400,2.1890,345625
2011-04-01,2.6000,2.6700,2.2500,2.5700,235586
2011-03-25,2.7900,2.9499,2.4800,2.6000,231035
2011-03-18,2.7700,2.9500,2.6700,2.7700,117169
2011-03-11,3.0400,3.0600,2.5600,2.7700,308677
2011-03-04,2.9800,3.1700,2.9400,2.9900,109451
2011-02-25,3.1000,3.1100,2.9600,2.9900,93383
2011-02-18,3.1600,3.1900,3.0700,3.1000,99702
2011-02-11,3.1900,3.2100,3.0900,3.1400,110584
2011-02-04,3.1200,3.1900,3.0401,3.1200,136130
2011-01-28,3.2500,3.2600,3.0600,3.1200,177037
2011-01-21,3.2900,3.3100,3.2100,3.2500,174321
2011-01-14,3.2600,3.3200,3.2200,3.2900,136983
2011-01-07,3.1800,3.3400,3.1100,3.2600,191874
2010-12-31,3.4300,3.4600,3.1500,3.1700,315555
2010-12-23,3.1000,3.4000,3.1000,3.2900,231958
2010-12-17,3.1400,3.2400,3.0000,3.1000,202656
2010-12-10,3.5700,3.5900,3.1000,3.1400,440341
2010-12-03,3.5500,3.8000,3.5000,3.5500,151958
2010-11-26,3.7000,3.7700,3.4500,3.5800,81720
2010-11-19,3.7900,3.8600,3.5800,3.7400,137624
2010-11-12,3.9600,3.9800,3.7700,3.7900,95365
2010-11-05,3.8800,4.0000,3.8000,4.0000,200394
2010-10-29,4.0000,4.0400,3.8200,3.8800,122667
2010-10-22,4.1900,4.2500,3.9000,4.0000,208171
2010-10-15,4.1400,4.2300,3.8900,4.2000,312704
2010-10-08,3.7300,4.3800,3.6700,4.0800,802089
2010-10-01,3.7600,3.8700,3.5900,3.7300,176899
2010-09-24,3.9000,3.9000,3.5500,3.7600,211032
2010-09-17,3.4600,3.9500,3.3600,3.7800,322474
2010-09-10,3.4200,3.5100,3.3401,3.4400,94707
2010-09-03,3.4300,3.5400,3.3000,3.4500,159693
2010-08-27,3.5200,3.5900,3.2200,3.4300,186220
2010-08-20,3.4900,3.6400,3.3500,3.4800,188830
2010-08-13,3.7300,3.8300,3.4600,3.5000,300933
2010-08-06,3.8400,4.3100,3.6000,3.7300,521107
2010-07-30,3.3700,3.8300,3.3425,3.7400,306563
2010-07-23,3.3600,3.4801,3.1800,3.3600,406708
2010-07-16,3.4000,3.8600,3.2900,3.3600,597872
2010-07-09,3.1700,3.4300,3.1200,3.3500,426061
2010-07-02,3.9200,3.9300,3.0100,3.1300,518804
2010-06-25,3.9800,4.3000,3.7600,3.9000,809520
2010-06-18,3.7900,4.4100,3.7403,3.9700,1149623
2010-06-11,3.8800,3.9400,3.5500,3.7300,392957
2010-06-04,4.0500,4.1000,3.8000,3.8700,423374
2010-05-28,4.3500,4.4899,3.9200,4.0500,1078391
2010-05-21,5.0500,5.6800,4.1500,4.3600,5582866
2010-05-14,4.6700,5.2900,4.2700,4.2700,1822570
2010-05-07,5.3200,5.3200,4.0800,4.2800,2174092
2010-04-30,5.3200,5.9000,4.7100,5.2300,8068152
2010-04-23,4.6700,6.0600,4.1100,5.2800,14184078
2010-04-16,5.3000,5.3800,4.4700,4.4700,3061453
2010-04-09,4.8850,5.7400,4.7900,5.2600,10501955
2010-04-01,8.1900,8.2600,4.9100,4.9800,37011610
2010-03-26,2.7400,2.8100,2.6000,2.6800,49738111
2010-03-19,2.8800,2.9500,2.6200,2.7400,124428
2010-03-12,3.0000,3.0089,2.7500,2.8500,82151
2010-03-05,3.0400,3.1900,2.8500,3.0300,58914
2010-02-26,2.9300,3.0500,2.9000,2.9800,35005
2010-02-19,2.9800,3.0500,2.8000,2.9100,25903
2010-02-12,2.7900,3.0200,2.7600,3.0000,86686
2010-02-05,2.9900,3.0299,2.6800,2.7300,126315
2010-01-29,2.8900,2.9300,2.7200,2.9300,67990
2010-01-22,3.1800,3.2299,2.8600,2.9100,125886
2010-01-15,3.4400,3.5000,3.1300,3.2400,173975
2010-01-08,3.2300,3.3700,3.1700,3.3000,190008
2009-12-31,3.0900,3.4400,3.0400,3.2600,141894
2009-12-24,3.1900,3.2800,2.9800,3.1500,158071
2009-12-18,2.8900,3.2600,2.8100,3.1800,408412
2009-12-11,2.9000,2.9900,2.8000,2.9400,289379
2009-12-04,3.2700,3.5000,2.6200,2.8600,743252
2009-11-27,2.8800,4.5000,2.7500,3.2200,5286881
2009-11-20,2.6000,2.6200,2.2100,2.2500,172774
2009-11-13,2.8000,2.8400,2.5000,2.5900,132251
2009-11-06,2.7800,2.8000,2.6200,2.8000,47826
2009-10-30,3.1000,3.1800,2.6601,2.7600,157187
2009-10-23,3.3000,3.3400,3.0500,3.0800,84318
2009-10-16,3.3300,3.4000,3.2500,3.3000,108186
2009-10-09,3.2700,3.4000,3.1500,3.3599,126999
2009-10-02,3.6500,3.6500,3.2100,3.2700,188675
2009-09-25,3.8200,3.8500,3.5000,3.6400,191137
2009-09-18,3.4600,3.8400,3.3699,3.8200,325350
2009-09-11,3.3300,3.5000,3.2500,3.4200,165502
2009-09-04,3.4500,3.5500,3.2000,3.4400,334969
2009-08-28,3.3000,3.6660,3.3000,3.4000,286769
2009-08-21,3.2100,3.3800,3.0300,3.3200,494097
2009-08-14,3.8200,3.9800,3.2500,3.6000,572842
2009-08-07,3.7800,4.0500,3.7700,3.8200,529996
2009-07-31,3.6200,4.3000,3.5800,3.9000,907294
2009-07-24,4.6700,4.6700,3.3100,3.6100,2099996
2009-07-17,2.4000,4.6300,2.2000,4.1300,2721565
2009-07-10,2.9000,3.0300,2.3800,2.4400,256814
2009-07-02,3.2400,3.2500,2.9300,2.9500,259423
2009-06-26,2.8400,3.0599,2.5000,2.9200,537062
2009-06-19,4.0000,4.0000,2.8100,2.9400,825986
2009-06-12,4.7500,4.7500,3.7600,3.9000,1021042
2009-06-05,4.1800,5.8500,3.9100,4.5700,2526942
2009-05-29,8.6300,9.7900,8.5000,9.2900,491282
2009-05-22,13.4200,13.4400,8.1300,8.6300,517843
2009-05-15,10.0200,13.4500,10.0200,13.4500,242950
2009-05-08,9.9900,10.3500,9.5000,9.9800,117925
2009-05-01,9.8000,10.3700,8.3601,9.8500,270044
2009-04-24,5.6700,9.3200,5.2800,9.2401,164774
2009-04-17,5.8000,5.9800,5.4100,5.5800,58654
2009-04-09,5.5900,5.9900,5.5340,5.8400,36504
2009-04-03,4.4900,5.7500,4.3450,5.6600,153323
2009-03-27,4.4799,4.4799,3.9399,4.2400,108512
2009-03-20,3.9001,4.1500,3.8100,4.0700,52562
2009-03-13,4.2600,4.3500,3.8000,3.9899,68528
2009-03-06,5.2800,5.4000,4.2600,4.5000,76548
2009-02-27,5.4400,5.5900,5.2700,5.2900,68698
2009-02-20,5.4500,5.7000,5.2600,5.5300,55844
2009-02-13,5.7300,5.9200,5.4501,5.7800,23207
2009-02-06,5.2500,6.2000,5.0000,5.7500,103422
2009-01-30,0.2800,5.0900,0.2200,5.0480,996428
2009-01-23,0.3000,0.3100,0.2299,0.2800,1058598
2009-01-16,0.3200,0.3300,0.2900,0.3185,305648
2009-01-09,0.3300,0.3300,0.3020,0.3188,538645
2009-01-02,0.3300,0.3500,0.3000,0.3201,826207
2008-12-26,0.3100,0.3500,0.3000,0.3100,712403
2008-12-19,0.3008,0.3400,0.2800,0.3100,1061385
2008-12-12,0.2800,0.3800,0.2800,0.3000,1121074
2008-12-05,0.3099,0.3200,0.2700,0.3000,451236
2008-11-28,0.2408,0.3200,0.2408,0.2900,370584
2008-11-21,0.3200,0.3499,0.2500,0.2700,1494871
2008-11-14,0.2600,0.3400,0.2400,0.3000,1798018
2008-11-07,0.3008,0.3600,0.2600,0.2700,1438446
2008-10-31,0.3208,0.3900,0.2700,0.3105,498002
2008-10-24,0.3900,0.4000,0.3100,0.3400,641122
2008-10-17,0.2700,0.4300,0.2700,0.3699,1085003
2008-10-10,0.3600,0.3920,0.2103,0.2800,2161716
2008-10-03,0.4600,0.4900,0.3510,0.3650,3254526
2008-09-26,0.3510,0.4700,0.3510,0.4598,3693138
2008-09-19,0.4101,0.4400,0.3400,0.4199,1397239
2008-09-12,0.4600,0.5100,0.4100,0.4200,1087166
2008-09-05,0.5000,0.5400,0.4800,0.4800,545733
2008-08-29,0.4599,0.5500,0.4400,0.4950,758372
2008-08-22,0.5000,0.5000,0.4300,0.4599,738834
2008-08-15,0.4700,0.5400,0.4000,0.5000,4114971
2008-08-08,0.4590,0.4600,0.4100,0.4400,2453142
2008-08-01,0.4930,0.5500,0.3850,0.4400,3744405
2008-07-25,0.5600,0.6300,0.4801,0.4950,2974444
2008-07-18,0.6500,0.7400,0.5200,0.5401,1784886
2008-07-11,0.5608,0.7500,0.5000,0.6500,1109368
2008-07-03,0.5500,0.6200,0.5500,0.5800,400857
2008-06-27,0.6000,0.6200,0.5500,0.5500,607183
2008-06-20,0.6531,0.7000,0.5600,0.5600,883615
2008-06-13,0.7100,0.7290,0.5500,0.6600,1444363
2008-06-06,0.7700,0.7800,0.6800,0.7100,1014150
2008-05-30,0.7800,0.7999,0.7408,0.7700,370417
2008-05-23,0.9000,0.9000,0.7600,0.7800,667998
2008-05-16,0.9000,0.9300,0.8000,0.9000,940502
2008-05-09,0.9100,0.9700,0.8500,0.8900,2139263
2008-05-02,0.7908,0.9600,0.7908,0.9300,1981528
2008-04-25,0.8500,0.8600,0.7900,0.8200,888126
2008-04-18,0.8202,0.8900,0.6808,0.8100,2235519
2008-04-11,0.7000,0.8200,0.7000,0.8100,2667152
2008-04-04,0.6500,0.7300,0.6200,0.7000,3390547
2008-03-28,0.6300,0.6998,0.6300,0.6540,2357723
2008-03-20,1.3300,1.3800,0.5501,0.6600,9743894
2008-03-14,1.4900,1.5000,1.3000,1.3600,2242183
2008-03-07,1.6800,1.7100,1.4200,1.5100,1435272
2008-02-29,1.6700,1.7800,1.5900,1.6700,1761197
2008-02-22,1.5100,1.8000,1.4700,1.6700,1864553
2008-02-15,1.5500,1.5600,1.4600,1.4800,850713
2008-02-08,1.5800,1.6300,1.4900,1.5200,1105941
2008-02-01,1.6100,1.6900,1.5000,1.5500,1593190
2008-01-25,1.5700,1.7000,1.4500,1.5900,1747906
2008-01-18,1.7900,1.8500,1.5800,1.6100,1559307
2008-01-11,1.7200,1.8600,1.6200,1.8000,1604721
2008-01-04,1.8800,1.8900,1.6600,1.6900,2118988
2007-12-28,1.9400,2.0200,1.8600,1.9000,1755136
2007-12-21,2.0800,2.1000,1.8400,1.9800,3343705
2007-12-14,2.3500,2.7000,2.0400,2.0800,10403028
2007-12-07,1.7700,2.3000,1.7400,2.1200,6408064
2007-11-30,1.3200,1.9600,1.2800,1.7400,5726135
2007-11-23,1.4600,1.4800,1.2600,1.3100,1747924
2007-11-16,1.5800,1.5900,1.4300,1.4400,2095444
2007-11-09,1.8000,1.8100,1.5400,1.5500,2662558
2007-11-02,1.7300,2.1300,1.7300,1.8200,2089687
2007-10-26,1.8700,1.9600,1.6800,1.7500,2217663
2007-10-19,2.1300,2.1800,1.8400,1.8800,2216517
2007-10-12,2.1000,2.2200,2.0600,2.1300,1212828
2007-10-05,2.0200,2.1800,2.0000,2.1100,1800959
2007-09-28,2.1000,2.1500,2.0300,2.0500,1396455
2007-09-21,2.2300,2.2500,2.0800,2.1300,1762980
2007-09-14,2.3400,2.3400,2.0500,2.2100,1789781
2007-09-07,2.1900,2.3600,2.1000,2.3200,2892955
2007-08-31,2.0400,2.2700,1.9100,2.1800,3197200
2007-08-24,1.6000,2.1000,1.5700,2.0600,6001316
2007-08-17,1.7200,1.7500,1.5200,1.6000,2940538
2007-08-10,2.1000,2.1400,1.5900,1.7100,8729366
2007-08-03,2.4300,2.4500,2.0400,2.1400,5364370
2007-07-27,2.6000,2.6775,2.4100,2.4400,3103123
2007-07-20,2.7700,2.8000,2.6000,2.6050,2292538
2007-07-13,3.0200,3.0300,2.7300,2.7700,4098440
2007-07-06,2.7300,2.9800,2.6800,2.8600,4336819
2007-06-29,3.3500,3.4000,2.5400,2.7200,9173056
2007-06-22,3.7000,3.7100,3.3100,3.3400,12240800
2007-06-15,3.4100,3.7500,3.2500,3.6800,8004749
2007-06-08,3.5700,3.5900,3.4000,3.4200,5640060
2007-06-01,3.5000,3.7520,3.4600,3.5900,5372137
2007-05-25,3.3800,3.5000,3.3600,3.4800,5745618
2007-05-18,3.5300,3.5800,3.2400,3.3800,12765829
2007-05-11,3.9800,4.0300,3.4100,3.5500,12113215
2007-05-04,3.9600,3.9900,3.6400,3.8900,13708622
2007-04-27,4.1300,4.3800,3.9300,3.9400,14680233
2007-04-20,4.6000,4.6000,4.1200,4.1600,19216477
2007-04-13,4.4200,6.6300,4.1900,4.6000,180701158
2007-04-05,3.7000,3.7800,3.5700,3.7200,6742611
2007-03-30,3.0800,4.1200,3.0800,3.6800,42569280
2007-03-23,3.0600,3.1600,3.0600,3.0900,4038684
2007-03-16,3.1500,3.3300,3.0400,3.0400,6914511
2007-03-09,3.2000,3.3160,3.0800,3.1200,6453138
2007-03-02,3.3200,3.4500,3.1400,3.2700,9215454
2007-02-23,3.2000,3.4500,3.1400,3.3100,3735010
2007-02-16,3.3000,3.3500,3.0900,3.2200,8305755
2007-02-09,3.4000,3.4800,3.2900,3.3600,7561380
2007-02-02,3.4900,3.6500,3.3500,3.4500,8726845
2007-01-26,3.7400,3.7600,3.4400,3.4700,6334125
2007-01-19,3.8000,4.0900,3.7400,3.7400,7483450
2007-01-12,3.8800,3.9000,3.6800,3.7800,9760512
2007-01-05,4.0200,4.0600,3.7500,3.8500,7059538
2006-12-29,3.9200,4.1000,3.8900,4.0000,8071596
2006-12-22,4.1700,4.1801,3.8800,3.9400,16650359
2006-12-15,3.6800,4.4900,3.3500,4.1600,153194778
2006-12-08,19.2700,20.0990,19.2500,19.5500,2207519
2006-12-01,19.3600,19.8500,18.6500,19.1700,2867835
2006-11-24,19.6600,20.1300,19.2900,19.4600,2058414
2006-11-17,19.1900,20.3700,19.0100,19.6900,2941617
2006-11-10,17.3800,19.2100,17.0400,19.2000,3355177
2006-11-03,18.5700,18.9900,17.2500,17.3300,1938782
2006-10-27,18.8600,19.0300,18.4200,18.6000,1211345
2006-10-20,19.0200,19.7100,18.8000,18.8600,1656135
2006-10-13,18.8500,19.9900,18.3700,18.9900,2682868
2006-10-06,18.2400,19.0200,17.5100,18.8200,2581329
2006-09-29,17.8400,18.5200,17.2800,18.2400,2079959
2006-09-22,18.5400,18.8600,17.4300,17.6900,1759727
2006-09-15,19.8900,19.9600,18.5000,18.6700,2307355
2006-09-08,20.9800,20.9800,18.8600,19.9700,2468592
2006-09-01,20.2100,20.9700,19.7000,20.5400,2328859
2006-08-25,18.5700,20.1500,18.1300,20.0800,2689832
2006-08-18,16.6800,19.1900,16.4245,18.7500,2465488
2006-08-11,16.1400,16.7300,15.7700,16.5400,2679981
2006-08-04,16.7500,17.1900,15.9700,16.2200,1815098
2006-07-28,16.9700,17.3000,16.4300,16.9000,1723530
2006-07-21,15.5600,17.1900,15.1300,16.8600,2294332
2006-07-14,16.9000,17.6000,15.5300,15.7100,2038229
2006-07-07,16.5300,17.6000,16.2600,16.8300,1043369
2006-06-30,15.6500,16.8000,14.8900,16.6500,2239881
2006-06-23,15.8600,15.9000,15.0500,15.6100,1443647
2006-06-16,15.6000,16.3400,14.8200,15.8100,2711871
2006-06-09,17.2000,17.2900,15.8000,15.9500,1778279
2006-06-02,15.8500,17.4100,15.4800,17.3400,1932445
2006-05-26,14.6900,15.9500,14.1500,15.9100,1945491
2006-05-19,15.2600,16.2800,14.3700,14.9000,2230314
2006-05-12,17.3200,17.3200,15.2700,15.2800,2231902
2006-05-05,16.5000,18.0000,15.0400,17.3900,2571794
2006-04-28,17.1600,17.1700,15.8700,16.3700,1494739
2006-04-21,17.0100,17.7100,16.4500,17.2000,1761924
2006-04-13,16.9800,17.7500,16.2900,17.0500,1399630
2006-04-07,17.9400,18.2000,16.9000,16.9300,1682388
2006-03-31,15.9500,17.8200,15.5600,17.8200,2431923
2006-03-24,17.8900,18.0600,15.6900,15.8900,2144904
2006-03-17,17.0490,18.2000,16.8000,18.0100,2291657
2006-03-10,17.3900,17.5100,16.0900,16.6700,1990170
2006-03-03,17.5500,18.2800,17.0500,17.3800,4419035
2006-02-24,18.4100,18.4100,17.2500,17.5700,1729617
2006-02-17,17.0600,18.7100,16.8900,18.2500,2394825
2006-02-10,16.6200,18.4000,16.0100,17.0600,3614886
2006-02-03,15.9000,17.5000,15.6000,16.5500,8108485
2006-01-27,16.3500,16.7100,14.5400,15.8500,4606638
2006-01-20,15.3300,16.2452,14.7200,15.5700,2383100
2006-01-13,12.9500,15.9900,12.9500,15.4200,10351100
2006-01-06,8.2100,13.1900,8.1600,12.9500,13718100
2005-12-30,8.5300,8.6600,8.0600,8.1100,723000
2005-12-23,8.3000,8.6600,7.9300,8.4900,1368300
2005-12-16,8.4500,8.6100,8.2000,8.2500,3072700
2005-12-09,8.6200,8.6800,8.2900,8.4600,1665100
2005-12-02,8.9500,9.0290,8.2800,8.6800,2736800
2005-11-25,8.5400,9.0100,8.4300,8.9500,802500
2005-11-18,8.4100,8.6000,7.9900,8.6000,1560400
2005-11-11,8.3500,8.6900,8.1000,8.3900,1830000
2005-11-04,8.4000,8.5700,8.0100,8.3900,689600
2005-10-28,8.1200,8.5700,8.1200,8.4000,862800
2005-10-21,8.4200,8.6000,7.5300,8.0900,1261300
2005-10-14,8.8400,9.0000,7.9000,8.5000,1563400
2005-10-07,9.6000,9.9300,9.0200,9.0400,1095900
2005-09-30,9.5200,9.9300,9.4800,9.6000,887900
2005-09-23,10.3000,10.3500,9.4900,9.5500,1398400
2005-09-16,10.1000,10.3500,9.7500,10.3300,1269800
2005-09-09,9.8800,10.2200,9.6200,10.0500,957100
2005-09-02,9.1600,9.9000,9.0100,9.8300,1095300
2005-08-26,8.6600,9.3300,8.5700,9.2200,1205100
2005-08-19,8.3500,8.9500,8.3500,8.5700,594000
2005-08-12,8.6400,9.0000,8.2700,8.3100,833500
2005-08-05,9.1600,9.6200,8.4900,8.6100,1509900
2005-07-29,9.2000,9.5200,8.9500,9.1500,819400
2005-07-22,8.7500,9.3400,8.2900,9.2000,1856300
2005-07-15,8.1400,8.8600,7.9500,8.6500,1319500
2005-07-08,7.5600,8.3500,7.5000,8.1200,735700
2005-07-01,7.9600,8.0000,7.3500,7.5200,839200
2005-06-24,7.6500,7.9500,7.5100,7.9500,1891800
2005-06-17,6.9600,7.6000,6.7400,7.6000,1018600
2005-06-10,7.1300,7.3800,6.6000,6.9600,707900
2005-06-03,7.6400,7.6400,7.1400,7.1800,727500
2005-05-27,6.6300,7.5796,6.6000,7.5200,1503600
2005-05-20,6.3800,7.0400,6.1400,6.7600,897200
2005-05-13,6.5400,6.5400,5.8700,6.1800,1043200
2005-05-06,5.8300,6.6500,5.7500,6.5300,921800
2005-04-29,6.3800,6.5100,5.7500,5.8300,2592100
2005-04-22,6.6200,6.7900,6.2500,6.4000,894000
2005-04-15,6.8500,6.9000,6.4000,6.6200,1283300
2005-04-08,6.5900,7.3900,6.3200,6.9200,2946400
2005-04-01,6.4900,6.7600,6.3500,6.7200,1230800
2005-03-24,7.1300,7.1300,6.3600,6.5400,1168600
2005-03-18,6.7000,7.1500,6.3600,7.1200,1745000
2005-03-11,7.0100,7.4000,6.5500,6.6500,1733600
2005-03-04,7.7500,7.9200,6.9800,7.1800,1950400
2005-02-25,7.5500,7.8100,7.2400,7.7000,1599900
2005-02-18,8.0500,8.2300,7.3400,7.4600,2025800
2005-02-11,8.2500,8.5000,7.5700,8.0200,1220300
2005-02-04,8.0800,8.5300,7.4500,8.2000,5966400
2005-01-28,9.0500,9.3400,7.8400,7.9200,1625800
2005-01-21,9.3200,9.7800,8.9600,9.0500,1579700
2005-01-14,9.8700,10.3300,9.3700,9.4400,1496600
2005-01-07,9.9900,10.1000,9.6900,9.8300,1382500
2004-12-31,10.4800,10.5500,9.8500,9.8500,995200
2004-12-23,9.9400,10.6800,9.9400,10.3900,1054800
2004-12-17,9.7500,10.4900,9.6700,9.9300,1020700
2004-12-10,11.0300,11.2300,9.5500,9.7200,1460900
2004-12-03,9.9800,11.2300,9.7500,10.8100,2048200
2004-11-26,9.9100,9.9900,9.5100,9.8800,378700
2004-11-19,9.9900,10.2500,9.8600,9.9700,839700
2004-11-12,9.8900,10.1400,8.8990,10.0500,1669300
2004-11-05,9.1000,10.2500,8.8900,9.8800,1580200
2004-10-29,9.0000,9.5000,8.5200,9.1800,896000
2004-10-22,8.5000,9.2500,8.3600,9.0000,770300
2004-10-15,8.8400,9.3000,8.3700,8.3900,642600
2004-10-08,10.3300,10.4700,8.7600,8.8000,1041200
2004-10-01,9.5300,10.4400,9.0200,10.0700,2129000
2004-09-24,8.9600,9.9600,8.6500,9.4100,1328400
2004-09-17,9.2700,10.2000,8.5800,8.9000,1085100
2004-09-10,9.0000,9.5000,8.9700,9.4200,475000
2004-09-03,9.1100,9.4600,8.2900,8.9800,711500
2004-08-27,9.3400,9.6000,8.9300,9.2500,442000
2004-08-20,8.1000,9.3000,8.1000,9.2500,606600
2004-08-13,7.3600,8.4000,6.7700,8.2200,1375000
2004-08-06,8.1200,8.3900,7.2200,7.4000,766500
2004-07-30,7.9000,8.1900,7.2200,8.0500,964900
2004-07-23,8.5100,8.6500,7.5500,7.8100,1217900
2004-07-16,8.3600,8.9900,8.1700,8.5500,938900
2004-07-09,9.2800,9.3700,8.1800,8.2300,831600
2004-07-02,10.2100,10.4300,9.2500,9.5200,1146700
2004-06-25,9.7900,10.2250,9.6900,10.2100,1688400
2004-06-18,9.3000,10.3100,9.2500,9.9000,1039700
2004-06-10,10.8500,10.8600,9.4900,9.6300,1739700
2004-06-04,8.8600,10.8000,8.8500,10.2300,2032800
2004-05-28,8.2500,9.0100,8.1700,8.7100,1284200
2004-05-21,9.3189,9.5000,7.5700,8.2200,1896700
2004-05-14,9.9919,10.0000,9.0000,9.5400,1402500
2004-05-07,10.4200,11.6400,9.0700,9.8700,2655100
2004-04-30,12.7000,13.2000,10.5000,10.6700,1000200
2004-04-23,12.4300,12.8800,11.6400,12.7600,708800
2004-04-16,12.6000,12.7000,11.4400,11.9800,556600
2004-04-08,12.6500,13.1200,11.9700,12.6500,673800
2004-04-02,12.1300,12.7900,11.9010,12.7000,1129800
2004-03-26,12.0300,12.2200,10.3600,12.1500,2069200
2004-03-19,14.1300,14.1300,12.0300,12.0500,912000
2004-03-12,14.4400,14.5400,12.8400,14.0800,1296000
2004-03-05,12.5300,14.4800,12.2500,14.2400,3228000
2004-02-27,4.5000,13.2300,4.5000,12.4800,2268000
2004-02-20,4.7900,5.2500,4.3400,4.5000,5664600
2004-02-13,5.0000,5.1500,4.6500,4.7700,5274500
2004-02-06,5.0100,5.5000,4.8000,4.9900,14984300
2004-01-30,4.3800,4.7200,4.2600,4.4000,2404100
2004-01-23,4.1500,4.7300,4.1500,4.4000,3131800
2004-01-16,4.8600,4.8600,4.1400,4.1700,3862300
2004-01-09,3.6700,4.3700,3.5500,4.2800,8462500
2004-01-02,3.3700,3.6700,3.2500,3.6000,1948200
2003-12-26,3.2000,3.4700,3.0300,3.4500,2684500
2003-12-19,3.7000,3.7500,3.0100,3.1190,2334600
2003-12-12,3.5100,3.7500,3.4500,3.6100,1686900
2003-12-05,3.9900,4.2200,3.5000,3.7000,3847000
2003-11-28,3.6200,3.9900,3.3300,3.9100,2492300
2003-11-21,3.5100,3.8000,3.2900,3.4000,2363600
2003-11-14,3.5300,3.9000,3.4600,3.5900,2584200
2003-11-07,3.4000,3.6200,3.1600,3.4600,1806800
2003-10-31,3.1700,3.7400,3.0700,3.4090,5705700
2003-10-24,3.0900,3.4200,3.0300,3.1200,3030700
2003-10-17,2.9500,3.2100,2.8200,3.0400,2665200
2003-10-10,2.9900,3.2500,2.7900,3.0000,2605300
2003-10-03,3.0500,3.1300,2.4900,2.9300,6043900
2003-09-26,2.6400,4.0100,2.6400,2.9000,9853900
2003-09-19,2.5000,2.8900,2.4500,2.7000,3798400
2003-09-12,2.0200,2.5700,2.0200,2.4700,3464900
2003-09-05,1.9100,2.1000,1.7600,2.0600,737400
2003-08-29,2.0000,2.0800,1.8500,1.9900,610600
2003-08-22,1.9100,2.1000,1.9100,2.0000,901300
2003-08-15,1.9200,2.0700,1.8500,1.9400,458100
2003-08-08,2.0500,2.1500,1.8500,1.8800,785700
2003-08-01,2.0300,2.2300,1.9100,2.0300,1264900
2003-07-25,1.9200,2.0900,1.8400,1.9900,716000
2003-07-18,1.9000,2.0900,1.8000,1.9300,2219900
2003-07-11,2.1800,2.2000,1.9000,1.9500,1352000
2003-07-03,1.8800,2.2000,1.8300,2.1500,2726000
2003-06-27,2.2200,2.2500,1.7600,1.8300,1786100
2003-06-20,2.5000,2.5800,2.0700,2.1500,2997900
2003-06-13,2.3900,2.4500,1.9500,2.2900,3079900
2003-06-06,2.3000,2.7200,1.6800,2.2800,4130900
2003-05-30,1.9000,2.1200,1.8000,2.0600,2819300
2003-05-23,1.3100,1.8200,1.3000,1.7900,2158200
2003-05-16,1.2900,1.3700,1.1100,1.3100,615200
2003-05-09,1.4000,1.4400,1.2900,1.3400,458600
2003-05-02,1.3400,1.4500,1.2500,1.4000,1043700
2003-04-25,1.1400,1.3200,1.0200,1.2800,1178200
2003-04-17,1.1700,1.2100,1.0600,1.1700,468600
2003-04-11,1.2300,1.2700,1.0300,1.1400,834300
2003-04-04,0.9500,1.2500,0.8300,1.2200,2010300
2003-03-28,0.8300,0.9900,0.8000,0.9300,1804000
2003-03-21,0.7600,0.8400,0.7300,0.8000,309600
2003-03-14,0.7300,0.8400,0.7100,0.8100,384400
2003-03-07,0.7700,0.9300,0.7300,0.7500,666400
2003-02-28,0.7200,0.8500,0.7200,0.8200,562500
2003-02-21,0.7100,0.7600,0.6400,0.7400,285000
2003-02-14,0.7800,0.8300,0.6900,0.7500,570000
2003-02-07,0.8300,0.9500,0.7500,0.8000,775200
2003-01-31,0.8500,0.8600,0.7400,0.8000,405500
2003-01-24,0.8800,0.9000,0.8200,0.8500,235500
2003-01-17,0.8700,0.9500,0.8000,0.8700,264800
2003-01-10,0.8500,1.4900,0.8500,0.8600,173700
2003-01-03,0.9100,0.9400,0.8100,0.8600,434700
2002-12-27,0.9400,0.9400,0.8500,0.9100,293300
2002-12-20,0.9700,1.0000,0.9000,0.9200,150300
2002-12-13,1.0300,1.0900,0.9500,1.0000,109000
2002-12-06,1.0000,1.1800,1.0000,1.0500,288400
2002-11-29,0.9200,1.0100,0.8500,1.0100,180800
2002-11-22,0.9800,1.0500,0.9200,0.9500,359500
2002-11-15,1.3500,1.3500,0.8800,0.9900,920400
2002-11-08,1.3300,1.4300,1.2500,1.3500,36300
2002-11-01,1.5100,1.6000,1.1000,1.2300,54800
2002-10-25,1.1300,1.4700,1.0900,1.4700,38500
2002-10-18,1.4500,1.5500,0.8900,1.1400,185100
2002-10-11,1.5800,1.6000,1.4000,1.4700,17600
2002-10-04,1.4900,2.4000,1.3700,1.5300,182600
2002-09-27,1.6300,1.6600,1.3500,1.5000,120800
2002-09-20,1.6000,1.7200,1.5000,1.6600,42900
2002-09-13,1.7800,1.9300,1.5300,1.6000,72200
2002-09-06,2.0000,2.0100,1.7500,1.8100,27300
2002-08-30,1.9200,2.0000,1.8400,1.9900,154500
2002-08-23,2.0000,2.0300,1.8400,1.9100,119500
2002-08-16,1.9500,2.0400,1.9000,1.9800,234900
2002-08-09,2.1600,2.3700,1.9500,2.0000,137900
2002-08-02,1.9500,2.3000,1.9000,2.1100,100400
2002-07-26,2.0000,2.0500,1.7300,2.0500,91500
2002-07-19,2.0900,2.3100,1.8000,2.0100,130100
2002-07-12,2.7900,2.8400,2.0100,2.0300,106000
2002-07-05,2.0500,2.8100,1.9100,2.7700,90900
2002-06-28,1.8200,2.2900,1.7500,2.2700,208100
2002-06-21,1.9800,2.3500,1.7000,2.0000,113300
2002-06-14,2.4900,2.5000,1.7000,1.8400,166700
2002-06-07,3.0100,3.1000,2.3100,2.4000,115800
2002-05-31,3.0100,3.1600,2.6600,3.0300,142100
2002-05-24,3.1100,3.2800,2.7200,3.0900,89500
2002-05-17,3.4000,3.7000,3.0200,3.1400,84300
2002-05-10,3.6500,3.6600,3.2500,3.3500,59800
2002-05-03,3.4200,4.0700,3.2000,3.7700,191400
2002-04-26,3.5000,3.7000,3.3000,3.4200,152900
2002-04-19,3.6200,3.6200,3.2900,3.4300,136800
2002-04-12,4.1200,4.1900,3.4400,3.5800,202400
2002-04-05,5.3300,5.3300,4.0100,4.0900,169300
2002-03-28,6.3700,6.3700,5.3200,5.3200,82800
2002-03-22,6.4500,6.5300,5.9700,6.2500,55000
2002-03-15,6.8600,6.8600,6.2500,6.3300,63100
2002-03-08,6.0900,6.8500,5.6700,6.6000,81500
2002-03-01,5.6500,5.9500,5.3500,5.8200,54600
2002-02-22,5.9000,6.2400,5.6000,5.8400,54200
2002-02-15,6.2500,6.6000,5.9200,6.1000,62000
2002-02-08,6.8900,6.8900,6.0000,6.4800,83300
2002-02-01,7.3100,7.3500,6.4500,6.9000,81300
2002-01-25,7.6900,7.9000,7.0000,7.3000,71200
2002-01-18,8.2400,8.2800,7.6000,7.6100,100800
2002-01-11,8.6000,9.0000,7.8700,8.0800,269100
2002-01-04,7.7000,8.7600,7.1500,8.6500,176700
2001-12-28,6.4400,7.7800,6.4100,7.7700,138300
2001-12-21,6.4400,7.2400,6.1000,6.3800,212600
2001-12-14,8.4000,8.4000,6.0100,6.0100,323900
2001-12-07,8.1500,8.3200,7.6300,7.9700,152400
2001-11-30,8.2400,8.6000,7.8000,8.2000,149400
2001-11-23,7.7500,8.5000,7.4800,8.1800,152000
2001-11-16,7.8300,8.4000,7.4000,7.6000,150600
2001-11-09,8.1100,8.8500,7.5000,7.9400,133900
2001-11-02,8.6000,9.1800,7.7500,8.0100,139900
2001-10-26,9.1500,9.5000,8.3500,8.4600,247400
2001-10-19,8.7800,9.3900,7.6300,9.2700,150800
2001-10-12,8.5000,10.2200,7.6200,9.1100,378000
2001-10-05,6.1200,8.8800,5.9400,8.8800,207900
2001-09-28,6.2300,6.5000,5.5000,6.1100,89400
2001-09-21,7.4100,7.4200,5.2000,6.1800,170200
2001-09-10,7.4000,7.7100,7.3200,7.5600,47500
2001-09-07,7.7500,8.2300,7.3200,7.5000,121100
2001-08-31,7.5600,7.8000,7.3000,7.4000,205100
2001-08-24,9.3700,9.3700,7.5000,7.7200,169200
2001-08-17,9.2500,9.7000,8.9600,9.0000,63100
2001-08-10,10.5500,10.5500,9.2600,9.6600,68500
2001-08-03,9.7200,10.9000,9.3700,10.7000,102800
2001-07-27,10.2400,10.8000,8.2200,9.7300,195200
2001-07-20,10.6900,10.7900,9.9000,10.1100,80400
2001-07-13,10.0100,11.1700,9.7100,10.6900,209300
2001-07-06,11.1000,11.3500,10.0100,10.1600,174900
2001-06-29,14.2000,14.8800,10.9900,11.5000,221000
2001-06-22,13.6800,15.1900,12.7000,14.1000,185700
2001-06-15,16.1400,16.7400,12.7500,13.0000,174700
2001-06-08,12.8100,18.0000,12.3100,15.9000,578500
2001-06-01,12.8100,13.7600,11.5500,12.7000,144900
2001-05-25,12.3500,13.6900,11.8800,12.8800,214400
2001-05-18,12.0000,12.7200,11.0300,12.2500,88800
2001-05-11,11.9900,13.3000,11.6100,11.9800,73100
2001-05-04,11.1600,12.6000,10.8800,12.0000,113600
2001-04-27,11.1100,11.9700,9.8300,11.1800,133400
2001-04-20,10.9200,11.9300,10.0000,11.0600,94200
2001-04-12,9.5000,10.9300,9.0100,10.9300,62100
2001-04-06,9.6900,9.7500,7.5000,9.2500,101500
2001-03-30,8.9400,9.8100,8.0000,9.3800,131100
2001-03-23,10.2500,11.5600,7.5000,8.8100,180200
2001-03-16,14.0000,14.1900,10.2500,10.2500,202000
2001-03-09,13.0000,16.3700,13.0000,14.0600,260700
2001-03-02,11.8300,13.1300,11.1900,13.1300,141000
2001-02-23,12.7500,13.8800,10.7500,11.5000,127200
2001-02-16,11.9400,13.5000,10.8100,12.5600,146500
2001-02-09,14.5200,15.5000,11.7700,12.0000,110100
2001-02-02,14.0600,16.4400,14.0000,14.6900,204800
2001-01-26,13.9400,15.4400,13.3800,13.8100,224400
2001-01-19,13.3600,15.4400,12.9400,13.5600,151500
2001-01-12,12.6300,13.8100,9.6300,13.0600,396800
2001-01-05,14.5600,15.0000,12.0000,12.6900,171900
2000-12-29,13.2600,15.1400,13.0100,14.3900,828000
2000-12-22,17.0800,17.5100,12.7600,13.5700,540000
2000-12-15,16.8900,22.0200,15.6400,16.5100,720000
2000-12-08,12.8900,16.7600,11.8800,16.7000,864000
2000-12-01,19.5900,19.7700,11.2600,12.6400,1188000
2000-11-24,21.1600,21.5800,16.7600,19.1400,396000
2000-11-17,23.0200,23.9600,18.7600,21.8900,684000
2000-11-10,28.1300,28.1300,23.1400,24.7100,468000
2000-11-03,27.1200,29.4000,24.2700,27.7700,792000
2000-10-27,28.8400,30.0200,26.5200,28.0200,360000
2000-10-20,30.0900,32.0300,27.5800,28.9000,360000
2000-10-13,32.5300,32.5300,27.2700,29.9000,288000
2000-10-06,36.7200,37.0300,30.0200,32.0300,432000
2000-09-29,35.9000,39.0900,31.0200,36.5900,396000
2000-09-22,38.0900,38.0900,32.5300,35.9000,684000
2000-09-15,38.0300,40.5300,36.9000,37.5300,180000
2000-09-08,43.6600,43.6600,37.0300,38.2200,396000
2000-09-01,41.3500,44.1600,39.7800,43.1600,360000
2000-08-25,35.8400,43.9700,33.5900,41.7800,576000
2000-08-18,37.2800,37.7200,33.5300,35.9700,324000
2000-08-11,38.9100,38.9100,32.6500,36.7800,612000
2000-08-04,34.5300,39.9100,30.2700,36.5300,828000
2000-07-28,48.1000,48.5400,33.2800,33.7100,1008000
2000-07-21,46.2900,50.0400,43.5300,47.6000,792000
2000-07-14,46.1900,53.2900,45.1600,46.6600,1980000
2000-07-07,42.4100,48.9800,41.9100,47.0400,612000
2000-06-30,36.4000,46.9100,34.8400,45.4700,1872000
2000-06-23,33.4000,40.7800,31.5300,34.8400,1224000
2000-06-16,41.1600,42.3500,29.6500,33.4000,1224000
2000-06-09,29.0200,40.0300,28.0800,40.0300,2088000
2000-06-02,22.0200,30.0200,21.2700,29.4600,468000
2000-05-26,27.8300,29.0200,19.0800,20.3900,756000
2000-05-19,29.5200,33.2800,27.7700,27.7700,468000
2000-05-12,31.1500,33.6500,25.7700,29.7100,576000
2000-05-05,29.8400,36.2800,27.5200,31.5300,1260000
2000-04-28,26.3300,30.0200,22.2700,28.2100,1116000
2000-04-20,20.7700,31.0200,17.0100,26.4000,2268000
2000-04-14,42.9100,42.9100,20.5200,22.5200,1908000
2000-04-07,42.9100,46.0400,26.9000,39.7800,3564000
2000-03-31,53.5400,55.0400,33.2800,44.6600,2700000
2000-03-24,57.9100,64.9300,42.9100,53.0400,4320000
2000-03-17,60.6700,72.0000,39.7800,54.0400,7596000
2000-03-10,97.4500,97.8300,64.1800,65.8700,2520000
2000-03-03,98.9500,106.9600,88.1300,95.4500,2592000
2000-02-25,128.9200,128.9200,88.3200,95.7000,3636000
2000-02-18,71.8100,139.6100,67.4300,126.3500,4968000
2000-02-11,57.0500,74.5600,52.0400,68.6200,2592000
2000-02-04,33.5300,64.6800,26.0200,58.8600,5976000
2000-01-28,35.7800,42.2800,31.0200,31.5300,2268000
2000-01-21,26.9600,35.0300,24.7700,33.9600,2088000
2000-01-14,32.5300,37.4000,23.1400,25.5200,3852000
