timestamp,open,high,low,close,volume
2018-02-27,7.2500,7.3247,6.9701,7.0900,51966
2018-02-23,6.5140,7.4399,6.5140,7.1600,82555
2018-02-16,6.4500,6.8161,6.2000,6.4800,129076
2018-02-09,6.1900,6.9267,6.1200,6.5000,185034
2018-02-02,5.5534,6.2900,5.1100,6.1100,310920
2018-01-26,5.0000,6.3500,4.7437,5.3000,653268
2018-01-19,5.2000,5.2300,4.8000,4.9900,82414
2018-01-12,5.5500,5.5500,5.0300,5.1700,68268
2018-01-05,5.2500,5.6216,5.0600,5.5100,20392
2017-12-29,4.9691,5.2500,4.9100,5.2500,84658
2017-12-22,5.0000,5.2400,4.8200,4.9500,125009
2017-12-15,5.9800,6.2000,5.0000,5.0000,128223
2017-12-08,6.7900,6.7900,5.8000,6.0500,72180
2017-12-01,6.8700,7.2000,6.4000,6.7900,72186
2017-11-24,7.0000,7.8400,6.8500,6.8700,144753
2017-11-17,5.7600,6.8900,5.6500,6.8900,184133
2017-11-10,6.0100,6.4600,5.6000,5.7200,266209
2017-11-03,8.1700,8.4840,5.8700,6.0500,523518
2011-12-05,1.5900,1.5900,1.5900,1.5900,0
2011-12-02,1.5900,1.5900,1.5900,1.5900,0
2011-11-25,1.5900,1.5900,1.5900,1.5900,0
