timestamp,open,high,low,close,volume
2014-10-14,0.0000,14.3600,0.0000,14.3600,0
2014-10-10,14.3600,14.3600,0.0000,0.0000,0
2014-10-03,14.3600,14.3600,14.3600,14.3600,0
2014-09-26,14.3600,14.3600,14.3600,14.3600,0
2014-09-19,14.3600,14.3600,14.3600,14.3600,0
2014-09-12,14.3600,14.3600,14.3600,14.3600,0
2014-09-05,14.3600,14.3600,14.3600,14.3600,0
2014-08-29,14.3600,14.3600,14.3600,14.3600,0
2014-08-22,14.3600,14.3600,14.3600,14.3600,0
2014-08-15,14.3600,14.3600,14.3600,14.3600,0
2014-08-08,14.3600,14.3600,14.3600,14.3600,0
2014-08-01,14.3600,14.3600,14.3600,14.3600,0
2014-07-25,14.3600,14.3600,14.3600,14.3600,0
2014-07-18,14.3600,14.3600,14.3600,14.3600,0
2014-07-11,14.3600,14.3600,14.3600,14.3600,0
2014-07-03,14.3600,14.3600,14.3600,14.3600,0
2014-06-27,14.3600,14.3600,14.3600,14.3600,0
2014-06-20,14.3600,14.3600,14.3600,14.3600,0
2014-06-13,14.3600,14.3600,0.0000,14.3600,0
2014-06-06,14.3600,14.3600,14.3600,14.3600,0
2014-05-30,14.3600,14.3600,14.3600,14.3600,0
2014-05-23,14.3600,14.3600,14.3600,14.3600,0
2014-05-16,14.3600,14.3600,14.3600,14.3600,0
2014-05-09,14.3600,14.3600,14.3600,14.3600,0
2014-05-02,14.3600,14.3600,14.3600,14.3600,0
2014-04-25,14.3600,14.3600,14.3600,14.3600,0
2014-04-17,14.3600,14.3600,14.3600,14.3600,0
2014-04-11,14.3600,14.3600,14.3600,14.3600,0
2014-04-04,14.3600,14.3600,14.3600,14.3600,0
2014-03-28,14.3600,14.3600,14.3600,14.3600,0
2014-03-21,14.3600,14.3600,14.3600,14.3600,0
2014-03-14,14.3600,14.3600,14.3600,14.3600,0
2014-03-07,14.3600,14.3600,14.3600,14.3600,0
2014-02-28,14.3600,14.3600,14.3600,14.3600,0
2014-02-21,14.3600,14.3600,14.3600,14.3600,0
2014-02-14,14.3600,14.3600,14.3600,14.3600,0
2014-02-07,14.3600,14.3600,14.3600,14.3600,0
2014-01-31,14.3600,14.3600,14.3600,14.3600,0
2014-01-24,14.3600,14.3600,14.3600,14.3600,0
2014-01-17,14.3600,14.3600,14.3600,14.3600,0
2014-01-10,14.3600,14.3600,14.3600,14.3600,0
2014-01-03,14.3600,14.3600,14.3600,14.3600,0
2013-12-27,14.3600,14.3600,14.3600,14.3600,0
2013-12-20,14.3600,14.3600,14.3600,14.3600,0
2013-12-13,14.3600,14.3600,14.3600,14.3600,0
2013-12-06,14.3600,14.3600,14.3600,14.3600,0
2013-11-29,14.3600,14.3600,14.3600,14.3600,0
2013-11-22,14.3600,14.3600,14.3600,14.3600,0
2013-11-15,14.3600,14.3600,14.3600,14.3600,0
2013-11-08,14.3600,14.3600,14.3600,14.3600,0
2013-11-01,14.3600,14.3600,14.3600,14.3600,0
2013-10-25,14.3600,14.3600,14.3600,14.3600,0
2013-10-18,14.3600,14.3600,14.3600,14.3600,0
2013-10-11,14.3600,14.3600,14.3600,14.3600,0
2013-10-04,14.3600,14.3600,14.3600,14.3600,0
2013-09-27,14.3600,14.3600,14.3600,14.3600,0
2013-09-20,14.3600,14.3600,14.3600,14.3600,0
2013-09-13,14.3600,14.3600,14.3600,14.3600,0
2013-09-06,14.3600,14.3600,14.3600,14.3600,0
2013-08-30,14.3600,14.3600,14.3600,14.3600,0
2013-08-23,14.3600,14.3600,14.3600,14.3600,0
2013-08-16,14.3600,14.3600,14.3600,14.3600,0
2013-08-09,14.3600,14.3600,14.3600,14.3600,0
2013-08-02,14.3600,14.3600,14.3600,14.3600,0
2013-07-26,14.3600,14.3600,14.3600,14.3600,0
2013-07-19,14.3600,14.3600,14.3600,14.3600,0
2013-07-12,14.3600,14.3600,14.3600,14.3600,0
2013-07-05,14.3600,14.3600,14.3600,14.3600,0
2013-06-28,14.3600,14.3600,14.3600,14.3600,0
2013-06-21,14.3600,14.3600,14.3600,14.3600,0
2013-06-14,14.3600,14.3600,14.3600,14.3600,0
2013-06-07,14.3600,14.3600,14.3600,14.3600,0
2013-05-31,14.3600,14.3600,14.3600,14.3600,0
2013-05-24,14.3600,14.3600,14.3600,14.3600,0
2013-05-17,14.3600,14.3600,14.3600,14.3600,0
2013-05-10,14.3600,14.3600,14.3600,14.3600,0
2013-05-03,14.3600,14.3600,14.3600,14.3600,0
2013-04-26,14.3600,14.3600,14.3600,14.3600,0
2013-04-19,14.3600,14.3600,14.3600,14.3600,0
2013-04-12,14.3600,14.3600,14.3600,14.3600,0
2013-04-05,14.3600,14.3600,14.3600,14.3600,0
2013-03-28,14.3600,14.3600,14.3600,14.3600,0
2013-03-22,14.3600,14.3600,14.3600,14.3600,0
2013-03-15,14.3600,14.3600,14.3600,14.3600,0
2013-03-08,14.3600,14.3600,14.3600,14.3600,0
2013-03-01,14.3600,14.3600,14.3600,14.3600,0
2013-02-22,14.3600,14.3600,14.3600,14.3600,0
2013-02-15,14.3600,14.3600,14.3600,14.3600,0
2013-02-08,14.3600,14.3600,14.3600,14.3600,0
2013-02-01,14.3600,14.3600,14.3600,14.3600,0
2013-01-25,14.3600,14.3600,14.3600,14.3600,0
2013-01-18,14.3600,14.3600,14.3600,14.3600,0
2013-01-11,14.3600,14.3600,14.3600,14.3600,0
2013-01-04,32.0500,32.0500,14.3600,14.3600,0
2012-12-28,32.0000,32.0500,31.9900,32.0500,6277033
2012-12-21,31.9100,32.0500,31.4400,32.0000,8622649
2012-12-14,31.8100,31.9100,31.8000,31.9100,5185064
2012-12-07,31.7000,31.8900,31.7000,31.8200,3622355
2012-11-30,31.5800,31.6100,31.4600,31.6000,4033080
2012-11-23,31.3800,31.6000,31.3502,31.5900,2545437
2012-11-16,31.4200,31.5000,31.2500,31.3400,4885485
2012-11-09,31.5600,31.5900,31.3800,31.4000,6310283
2012-11-02,31.6600,31.7000,31.5000,31.5400,3978101
2012-10-26,31.4400,31.7100,31.4250,31.6600,24308583
2012-10-19,28.1000,30.1299,28.0100,29.1800,1880800
2012-10-12,29.4600,29.7600,28.2900,28.4900,1667599
2012-10-05,30.0800,32.5000,29.1100,29.7900,4586992
2012-09-28,30.9300,31.2400,29.2300,30.0800,1775738
2012-09-21,30.8900,31.7200,30.3900,30.9900,1778231
2012-09-14,30.7300,31.9100,29.8000,30.9500,2730962
2012-09-07,31.0800,31.3000,30.2700,30.8000,1910170
2012-08-31,30.6900,31.4000,30.5500,31.0800,1955408
2012-08-24,32.4800,32.4800,29.2400,30.6300,4231444
2012-08-17,32.3100,33.0800,31.6000,32.5200,2070504
2012-08-10,33.1500,33.3400,31.6800,32.4900,2724313
2012-08-03,33.0900,33.8000,31.8900,33.2280,2377617
2012-07-27,26.8600,33.2800,26.6000,33.0700,7564329
2012-07-20,27.6500,29.3000,26.7300,27.3500,1820637
2012-07-13,27.2900,28.4100,26.9500,27.8000,2195052
2012-07-06,28.1200,29.4200,26.9500,27.4300,2214394
2012-06-29,26.3900,27.7400,25.5300,27.5300,2252160
2012-06-22,27.3300,28.4300,26.3700,26.6800,2717333
2012-06-15,26.5600,28.0000,25.1600,27.5600,3583515
2012-06-08,21.4000,26.5400,21.1400,26.3050,7061794
2012-06-01,21.8800,22.3400,21.0000,21.3500,2712088
2012-05-25,21.1100,23.2900,20.9500,21.8800,3324349
2012-05-18,21.5200,23.3400,20.8200,21.0600,7848464
2012-05-11,25.0200,27.0000,24.9100,26.1600,3499483
2012-05-04,26.9900,27.1400,24.5500,25.2000,3476890
2012-04-27,23.5500,28.9900,22.5600,27.0500,6760776
2012-04-20,22.8000,24.1200,21.4400,23.9400,2212576
2012-04-13,23.3800,23.6900,22.2800,22.8000,2329292
2012-04-05,23.1400,24.7900,23.0000,23.3800,3840503
2012-03-30,23.3000,23.9300,22.2200,22.7400,3773639
2012-03-23,22.2300,22.2300,20.7500,22.0100,4062452
2012-03-16,23.5300,23.5800,22.1400,22.1900,4056737
2012-03-09,25.0500,25.6800,22.6200,23.7500,5906034
2012-03-02,24.1900,24.6100,22.7400,23.0500,4898148
2012-02-24,24.3400,25.3000,23.8800,24.6100,4111514
2012-02-17,31.0000,31.0000,22.3100,24.3400,12880743
2012-02-10,32.6900,32.9000,29.7600,30.9600,4356781
2012-02-03,30.9700,33.3300,29.0700,33.0900,2973617
2012-01-27,29.2800,31.8000,28.2000,31.0100,4556385
2012-01-20,27.4400,29.3700,26.5600,29.3400,2869134
2012-01-13,28.6600,28.6600,26.4493,27.4400,3163502
2012-01-06,22.9600,27.9800,22.4000,27.3300,6893736
2011-12-30,22.9400,23.3400,22.2450,22.9600,2452697
2011-12-23,22.7200,23.5000,22.0100,22.9400,4760611
2011-12-16,23.2200,23.7300,20.8600,22.6200,5351349
2011-12-09,23.7800,23.8995,22.5650,23.4400,3022209
2011-12-02,22.9100,23.9000,22.3700,23.6200,3834806
2011-11-25,22.9500,23.4811,21.8100,22.3600,2319852
2011-11-18,23.9300,24.4300,22.5800,23.3500,5229674
2011-11-11,24.5200,24.9500,22.8400,24.1100,3656593
2011-11-04,22.3700,24.6500,21.6500,24.5200,4611079
2011-10-28,23.7500,26.0000,21.5400,22.6700,9353921
2011-10-21,23.4400,23.8800,21.5201,23.0000,4604071
2011-10-14,25.1900,25.7200,23.2700,23.5100,2831793
2011-10-07,23.2500,25.1600,21.5000,24.7500,4035848
2011-09-30,24.4000,27.8400,23.3800,23.5000,5527941
2011-09-23,27.5200,29.3352,20.6701,23.7500,9560688
2011-09-16,31.4900,32.0400,26.9100,28.0600,8577676
2011-09-09,32.0000,34.2900,31.1800,32.0000,2166952
2011-09-02,32.3000,36.5600,32.3000,33.0900,5656866
2011-08-26,29.3600,33.1000,28.8100,31.8700,5444485
2011-08-19,30.7100,31.9900,28.0400,28.7800,5458686
2011-08-12,27.5700,30.8100,26.5900,30.5800,7042028
2011-08-05,36.3400,37.1200,28.8600,30.1900,9533457
2011-07-29,42.8700,43.5000,34.5100,35.6100,7942387
2011-07-22,43.9600,45.1800,42.7900,43.1600,3493963
2011-07-15,41.3200,44.9400,41.3200,43.9400,4688335
2011-07-08,41.2700,42.7000,40.5000,42.5300,3955250
2011-07-01,39.5700,42.2399,38.7500,41.0000,2988117
2011-06-24,35.7200,40.6300,35.1600,39.9200,5931778
2011-06-17,36.6200,37.1538,34.9000,36.0000,3303817
2011-06-10,38.8500,40.0000,35.6400,36.3500,3866923
2011-06-03,40.7600,41.9900,37.5200,38.4000,3036382
2011-05-27,39.4900,41.5000,37.2200,40.3200,3114353
2011-05-20,39.6900,41.3000,38.0500,40.0500,3821035
2011-05-13,41.2000,43.7799,39.4000,39.8000,8031618
2011-05-06,45.7800,45.7800,39.1100,40.9500,7306925
2011-04-29,32.1000,45.7900,30.9500,45.7000,14664699
2011-04-21,33.7200,33.7200,31.7500,32.2300,2709269
2011-04-15,34.2000,34.7000,33.2400,33.9000,2218259
2011-04-08,35.2100,35.3500,33.4900,34.3400,1923434
2011-04-01,34.8000,35.8000,34.0000,34.9000,2069364
2011-03-25,32.9200,34.8600,31.0400,34.5600,3424681
2011-03-18,31.4400,32.8300,30.3800,32.3100,2092450
2011-03-11,34.0000,34.3100,30.3500,31.8000,2815019
2011-03-04,34.5700,35.0700,30.0200,33.7500,4460037
2011-02-25,35.7400,38.4200,32.3500,34.3500,4517395
2011-02-18,37.6600,38.6899,33.3600,36.0500,2653298
2011-02-11,36.5500,37.7800,36.3900,37.4700,1459620
2011-02-04,35.1600,37.7599,34.5100,36.3900,2027065
2011-01-28,34.3800,37.0900,33.6100,35.1100,2018674
2011-01-21,33.3700,35.4200,32.0100,34.2300,2657861
2011-01-14,33.1500,34.2500,32.8000,33.7800,1799619
2011-01-07,28.7800,34.9300,27.7800,33.0000,3685575
2010-12-31,29.4000,29.5800,26.6100,28.3200,1796691
2010-12-23,30.3000,30.3000,29.3106,29.5400,1087341
2010-12-17,29.4400,30.2500,27.4600,29.8600,2503659
2010-12-10,29.8000,30.4900,28.8506,29.4400,2008218
2010-12-03,29.7600,30.6980,28.0601,29.7000,3227880
2010-11-26,27.9500,29.8400,27.1400,29.7700,1688454
2010-11-19,26.4600,28.3300,25.2100,28.1200,2178034
2010-11-12,25.9900,27.3399,24.6500,26.4900,3387157
2010-11-05,27.0400,27.7399,24.5400,26.5600,1764681
2010-10-29,24.6600,28.3600,24.1200,26.7400,1545809
2010-10-22,24.8500,25.0800,23.1598,24.4300,793575
2010-10-15,23.6100,25.4500,23.4900,24.8800,1021429
2010-10-08,22.9900,24.3500,22.2200,23.5400,1084853
2010-10-01,23.2700,23.3285,22.3000,22.9900,655284
2010-09-24,21.0600,23.5830,20.7800,23.1600,1705219
2010-09-17,19.2900,21.0000,19.2900,21.0000,1215249
2010-09-10,20.0800,20.1500,18.8001,19.2100,397521
2010-09-03,19.4600,20.2350,18.5800,20.0800,827007
2010-08-27,19.5600,19.8700,18.5900,19.5000,648014
2010-08-20,18.9300,20.6000,18.7700,19.4900,660936
2010-08-13,20.2000,21.3500,19.0000,19.0200,1231610
2010-08-06,19.9600,21.2100,19.5500,20.0200,2159384
2010-07-30,18.4000,19.9300,17.9400,19.7400,1596374
2010-07-23,17.5600,18.5000,17.2100,18.3900,726482
2010-07-16,18.0000,18.1900,17.4800,17.5000,545805
2010-07-09,17.3500,18.1000,16.9760,18.0400,488569
2010-07-02,18.2100,18.2500,16.9500,17.3500,1277314
2010-06-25,17.6000,18.4000,17.3600,18.2500,2926555
2010-06-18,17.2900,17.5500,16.8200,17.5100,1224688
2010-06-11,16.5100,17.5100,15.2300,17.0200,1621670
2010-06-04,16.8700,17.6400,16.1200,16.2600,704155
2010-05-28,16.7400,17.1500,15.3000,16.8700,1208545
2010-05-21,18.0100,18.3400,16.1000,16.8000,1424165
2010-05-14,19.0000,20.1400,18.1300,18.2000,737037
2010-05-07,19.6300,20.5200,15.5400,17.7800,1089515
2010-04-30,18.6300,20.9200,17.5500,19.6300,1655201
2010-04-23,18.2800,18.8000,17.5600,18.5000,573390
2010-04-16,18.6100,19.2900,18.1800,18.3700,601149
2010-04-09,16.6100,18.8700,16.5100,18.5000,1243492
2010-04-01,17.4000,17.4000,16.4800,16.6100,413911
2010-03-26,16.3900,17.7500,16.3900,17.1500,572333
2010-03-19,17.7700,18.2000,16.1201,16.5000,544629
2010-03-12,18.4300,19.1000,17.0000,17.6100,969656
2010-03-05,15.9100,18.0000,15.9100,17.9900,754563
2010-02-26,15.4800,16.7800,15.0700,15.9300,357297
2010-02-19,14.1000,16.1000,14.1000,15.4800,374043
2010-02-12,13.7200,14.1800,13.3600,14.1000,201808
2010-02-05,13.8600,14.4900,13.5100,13.8000,269256
2010-01-29,13.5700,14.2800,13.5100,13.8800,401591
2010-01-22,14.5500,15.0000,13.5100,13.6400,252483
2010-01-15,13.7100,14.6200,13.4000,14.5500,226414
2010-01-08,14.0100,14.1900,13.5000,14.0400,512957
2009-12-31,14.6100,14.8000,13.8905,14.0100,246690
2009-12-24,13.6000,14.6900,13.4500,14.6100,335138
2009-12-18,14.1300,14.4300,13.5670,13.5700,1614122
2009-12-11,13.4700,14.1400,13.3900,14.0800,224691
2009-12-04,13.1000,13.6000,12.8000,13.5900,606735
2009-11-27,13.4500,13.4500,13.0500,13.1100,390727
2009-11-20,13.3500,13.5900,13.0500,13.4100,1023057
2009-11-13,14.0000,14.1800,13.4000,13.5250,1485638
2009-11-06,0.0000,16.3200,0.0000,13.9500,5926407
2009-10-30,0.0000,0.0000,0.0000,0.0000,0
2009-10-23,0.0000,0.0000,0.0000,0.0000,0
2009-10-16,0.0000,0.0000,0.0000,0.0000,0
2009-10-09,0.0000,0.0000,0.0000,0.0000,0
2009-10-02,0.0000,0.0000,0.0000,0.0000,0
2009-09-25,0.0000,0.0000,0.0000,0.0000,0
2009-09-18,0.0000,0.0000,0.0000,0.0000,0
2009-09-11,0.0000,0.0000,0.0000,0.0000,0
2009-09-04,0.0000,0.0000,0.0000,0.0000,0
2009-08-28,0.0000,0.0000,0.0000,0.0000,0
2009-08-21,0.0000,0.0000,0.0000,0.0000,0
2009-08-14,0.0000,0.0000,0.0000,0.0000,0
2009-08-07,0.0000,0.0000,0.0000,0.0000,0
2009-07-31,0.0000,0.0000,0.0000,0.0000,0
2009-07-24,0.0000,0.0000,0.0000,0.0000,0
2009-07-17,0.0000,0.0000,0.0000,0.0000,0
2009-07-10,0.0000,0.0000,0.0000,0.0000,0
2009-07-02,0.0000,0.0000,0.0000,0.0000,0
2009-06-26,0.0000,0.0000,0.0000,0.0000,0
2009-06-19,0.0000,0.0000,0.0000,0.0000,0
2009-06-12,0.0000,0.0000,0.0000,0.0000,0
2009-06-05,0.0000,0.0000,0.0000,0.0000,0
2009-05-29,0.0000,0.0000,0.0000,0.0000,0
2009-05-22,0.0000,0.0000,0.0000,0.0000,0
2009-05-15,0.0000,0.0000,0.0000,0.0000,0
2009-05-08,0.0000,0.0000,0.0000,0.0000,0
2009-05-01,0.0000,0.0000,0.0000,0.0000,0
2009-04-24,0.0000,0.0000,0.0000,0.0000,0
2009-04-17,0.0000,0.0000,0.0000,0.0000,0
2009-04-09,0.0000,0.0000,0.0000,0.0000,0
2009-04-03,0.0000,0.0000,0.0000,0.0000,0
2009-03-27,0.0000,0.0000,0.0000,0.0000,0
2009-03-20,0.0000,0.0000,0.0000,0.0000,0
2009-03-13,0.0000,0.0000,0.0000,0.0000,0
2009-03-06,0.0000,0.0000,0.0000,0.0000,0
2009-02-27,0.0000,0.0000,0.0000,0.0000,0
2009-02-20,0.0000,0.0000,0.0000,0.0000,0
2009-02-13,0.0000,0.0000,0.0000,0.0000,0
2009-02-06,0.0000,0.0000,0.0000,0.0000,0
2009-01-30,0.0000,0.0000,0.0000,0.0000,0
2009-01-23,0.0000,0.0000,0.0000,0.0000,0
2009-01-16,0.0000,0.0000,0.0000,0.0000,0
2009-01-09,0.0000,0.0000,0.0000,0.0000,0
2009-01-02,0.0000,0.0000,0.0000,0.0000,0
2008-12-26,0.0000,0.0000,0.0000,0.0000,0
2008-12-19,0.0000,0.0000,0.0000,0.0000,0
2008-12-12,0.0000,0.0000,0.0000,0.0000,0
2008-12-05,0.0000,0.0000,0.0000,0.0000,0
2008-11-28,0.0000,0.0000,0.0000,0.0000,0
2008-11-21,0.0000,0.0000,0.0000,0.0000,0
2008-11-14,0.0000,0.0000,0.0000,0.0000,0
2008-11-07,0.0000,0.0000,0.0000,0.0000,0
2008-10-31,0.0000,0.0000,0.0000,0.0000,0
2008-10-24,0.0000,0.0000,0.0000,0.0000,0
2008-10-17,0.0000,0.0000,0.0000,0.0000,0
2008-10-10,0.0000,0.0000,0.0000,0.0000,0
2008-10-03,0.0000,0.0000,0.0000,0.0000,0
2008-09-26,0.0000,0.0000,0.0000,0.0000,0
2008-09-19,0.0000,0.0000,0.0000,0.0000,0
2008-09-12,0.0000,0.0000,0.0000,0.0000,0
2008-09-05,0.0000,0.0000,0.0000,0.0000,0
2008-08-29,0.0000,0.0000,0.0000,0.0000,0
2008-08-22,0.0000,0.0000,0.0000,0.0000,0
2008-08-15,0.0000,0.0000,0.0000,0.0000,0
2008-08-08,0.0000,0.0000,0.0000,0.0000,0
2008-08-01,0.0000,0.0000,0.0000,0.0000,0
2008-07-25,0.0000,0.0000,0.0000,0.0000,0
2008-07-18,0.0000,0.0000,0.0000,0.0000,0
2008-07-11,2.6500,14.4600,0.0000,0.0000,13818808
2008-07-03,15.0000,91.2000,3.7687,4.1600,413593
2008-06-27,273.1980,273.1980,3.8575,58.4000,5191
2008-06-20,10.0000,355.0000,10.0000,355.0000,2519
2008-06-13,16.1200,113.5800,15.1000,113.5500,91489
2008-06-06,19.6400,59.1500,1.7610,59.1500,141449
2008-05-30,33.2970,43.2915,9.0100,13.0000,6029
2008-05-23,7.4500,99.0000,7.4500,99.0000,121447
2008-05-16,54.3500,159.0000,14.2200,159.0000,10906
2008-05-09,24.3000,96.3800,24.3000,94.3200,124083
2008-05-02,171.5000,171.5000,0.0242,12.5000,1154738
2008-04-25,7.9450,44.5800,0.5542,0.5542,169702
2008-04-18,23.3950,65.3400,3.3180,14.3000,225375
2008-04-11,2.0138,109.9400,2.0017,56.9400,80251
2008-04-04,1.3700,93.1400,1.3700,57.9500,128462
2008-03-28,77.8900,168.8650,4.2500,168.8650,230284
2008-03-20,125.8990,125.8990,11.8310,11.8310,172797
2008-03-14,15.3853,324.0000,5.5804,5.5804,65496
2008-03-07,1.1022,31.0357,1.1022,17.1500,190401
2008-02-29,55.9700,56.0800,4.8250,8.4923,171511
2008-02-22,55.0000,55.0000,2.2291,9.3386,35975
2008-02-15,9.8901,1440.0000,9.8901,1440.0000,27455
2008-02-08,10.3982,55.2000,5.8593,16.7100,11520
2008-02-01,8.2574,261.8450,1.4210,1.4210,79445
2008-01-25,1.1060,820.1800,1.1055,817.7160,1306620
2008-01-18,38.5300,300.1800,2.7375,12.2483,928604
2008-01-11,54.2700,52.3000,3.0662,4.1123,884813
2008-01-04,21.8000,317.5000,1.1920,140.7500,1904206
2007-12-28,0.0000,12.6000,0.0000,6.3000,115347
2007-12-21,6.7635,98.6500,0.9310,83.5763,2256
2007-12-14,95.0489,241.0000,5.1650,83.2537,119690
2007-12-07,80.1500,302.1030,2.4500,8.1487,54411
2007-11-30,100.0000,100.0000,5.8351,16.7950,379626
2007-11-23,4.8087,254.0000,4.8062,70.4900,10891
2007-11-16,21.2500,3000.0000,2.9490,259.1900,1028840
2007-11-09,41.2873,41.2873,0.3720,0.3720,12245
2007-11-02,1.2000,626.0000,1.2000,626.0000,61997
2007-10-26,10.0000,13000.0000,0.0100,505.0000,2006064
2007-10-19,0.0000,206.0000,0.0000,1.3000,37977
2007-10-12,1.2000,135.9000,0.0000,0.0000,1551
2007-10-05,200.0000,850.6000,0.0200,37.5000,216579
2007-09-28,150.0000,1425.0000,4.0100,4.6700,21898
2007-09-21,11.2700,152.4600,0.0010,152.4600,6183665
2007-09-14,168.0000,170.7600,0.7380,4.7500,2264769
2007-09-07,14.1100,149.0300,0.0000,0.0000,6270
2007-08-31,0.0190,1600.0000,0.0190,1600.0000,145321
2007-08-24,9.6000,40.1800,9.6000,23.8500,394900
2007-08-17,2.4700,25.1500,0.0120,25.1500,53763
2007-08-10,0.0000,353.5000,0.0000,353.5000,1670101
2007-08-03,0.0000,4531.0000,0.0000,51.6000,22000
2007-07-27,0.2500,18.6400,0.2500,18.6400,91202
2007-07-20,11.8800,43.7900,0.0000,26.4000,616377
2007-07-13,108.0000,116.0000,0.1500,0.2000,59940
2007-07-06,75.0000,75.0000,3.6500,30.9200,2259
2007-06-29,5.5800,11.5000,5.5800,9.2200,273879
2007-06-22,3.9600,90.0600,0.0000,90.0600,12173
2007-06-15,50.2000,245.0000,0.0500,0.0500,21001
2007-06-08,0.0000,36.0000,0.0000,3.0000,6136
2007-06-01,0.0000,3.5300,0.0000,3.5300,0
2007-05-25,0.0000,1820.0000,0.0000,6.0000,0
2007-05-18,0.4800,2025.0000,0.0320,2025.0000,0
2007-05-11,0.0000,62.3000,0.0000,0.0380,0
2007-05-04,0.5000,22.3400,0.0000,0.2000,0
2007-04-27,100.0000,100.0000,0.0000,61.3000,0
2007-04-20,0.1800,72.0000,0.0000,72.0000,0
2007-04-13,1.4800,200.0000,0.0000,200.0000,0
2007-04-05,10.0000,4300.0000,6.9000,4300.0000,0
2007-03-30,19.3600,25.0000,0.0000,25.0000,1000
2007-03-23,12.9300,1000.0000,0.5300,60.5000,0
2007-03-16,0.0000,10.0000,0.0000,0.9900,0
2007-03-09,0.1100,38.9300,0.0000,35.1600,0
2007-03-02,0.0300,27.8000,0.0000,0.5800,0
2007-02-23,10.0000,10.0000,0.0000,0.0530,0
2007-02-16,6506.0000,6506.0000,0.0000,4.8000,0
2007-02-09,180.0000,180.0000,0.0000,2.1500,0
2007-02-02,1.5000,315.0000,0.0000,6.6000,0
2007-01-26,3.3800,315.0000,0.0000,105.0000,0
2007-01-19,1.3600,350.0500,1.3600,350.0500,0
2007-01-12,0.0000,893.1000,0.0000,893.1000,0
2007-01-05,10.7200,327.2500,1.5700,327.2500,0
2006-12-29,0.0000,9.7000,0.0000,0.0000,0
2006-12-22,5.0000,12.6800,0.0000,12.6800,0
2006-12-15,65.0000,71.9900,0.0000,0.0000,0
2006-12-08,0.0000,91.3000,0.0000,0.0000,0
2006-12-01,10.0000,10.0000,0.0000,6.3000,100
2006-11-24,0.0000,10.8600,0.0000,10.0000,0
2006-11-17,0.0000,27.8000,0.0000,0.0000,0
2006-11-10,10.0000,16.6800,0.0000,16.6800,0
2006-11-03,0.0000,25.0000,0.0000,0.0000,0
2006-10-27,0.0000,0.0000,0.0000,0.0000,0
2006-10-20,8.0900,11000.0000,0.0000,11000.0000,0
2006-10-13,0.0000,0.0000,0.0000,0.0000,0
2006-10-06,0.0000,8.2700,0.0000,0.0000,0
2006-09-29,0.0000,0.0000,0.0000,0.0000,0
2006-09-22,6.9800,6.9800,0.0000,0.0000,0
2006-09-15,0.0000,4800.0000,0.0000,0.0000,0
2006-09-08,27.0000,27.0000,0.0000,0.0000,0
2006-09-01,0.0000,1350.0000,0.0000,1350.0000,0
2006-08-25,0.0000,13.3400,0.0000,0.0000,0
2006-08-18,0.0000,0.0000,0.0000,0.0000,0
2006-08-11,0.0000,0.0000,0.0000,0.0000,0
2006-08-04,93.7500,93.7500,0.0000,0.0000,0
2006-07-28,0.0000,7.2800,0.0000,0.0000,0
2006-07-21,0.0000,0.0000,0.0000,0.0000,0
2006-07-14,1.0000,11.8300,0.0000,0.0000,0
2006-07-07,9.1700,10.0000,0.0000,0.0000,0
2006-06-30,0.0000,140.0000,0.0000,0.0000,0
2006-06-23,356.7000,356.7000,0.0000,0.5900,0
2006-06-16,158.4600,158.4600,0.0000,4.8900,0
2006-06-09,8.0000,50.4000,0.0000,50.4000,0
2006-06-02,10.0000,10.0000,0.0000,0.0000,0
2006-05-26,0.0000,0.0000,0.0000,0.0000,0
2006-05-19,16.8000,16.8000,0.0000,0.0000,0
2006-05-12,0.0000,142.8600,0.0000,0.0000,0
2006-05-05,9.7500,58.8500,0.0000,0.0000,0
2006-04-28,0.6400,3763.8000,0.0000,2.2900,0
2006-04-21,0.0000,0.2500,0.0000,0.0000,0
2006-04-13,0.0210,138.5000,0.0000,17.8700,0
2006-04-07,0.0000,8.7800,0.0000,0.0000,0
2006-03-31,0.0000,9.6700,0.0000,3.9100,0
2006-03-24,0.0000,0.0000,0.0000,0.0000,0
2006-03-17,0.0000,10.0000,0.0000,0.0000,0
2006-03-10,0.0000,19000.0000,0.0000,4.0000,0
2006-03-03,14.0000,82.0000,0.0000,0.0000,0
2006-02-24,0.0000,10.0000,0.0000,0.0000,0
2006-02-17,0.0000,10.0000,0.0000,0.0000,0
2006-02-10,9.3000,10.0000,0.0000,1.0000,0
2006-02-03,0.0000,70.0000,0.0000,8.0000,0
2006-01-27,93.7500,93.7500,0.0000,9.0000,0
2006-01-20,0.0000,24.0000,0.0000,0.0000,0
2006-01-13,0.0000,179.3100,0.0000,0.0000,0
2006-01-06,3.4400,3.4400,0.0000,0.0000,0
2005-12-30,0.0000,9.5000,0.0000,0.8900,0
2005-12-23,111.0000,111.0000,0.0000,0.0000,0
2005-12-16,0.0000,13.0000,0.0000,0.0000,0
2005-12-09,72.4000,72.4000,0.0000,4.3700,0
2005-12-02,0.0000,0.1800,0.0000,0.1800,0
2005-11-25,50.0000,50.0000,0.0000,10.0000,0
2005-11-18,0.0000,10.0000,0.0000,0.0000,0
2005-11-11,5.0000,5.0000,0.0000,0.0000,0
2005-11-04,0.0000,0.0000,0.0000,0.0000,0
2005-10-28,0.0000,10.0000,0.0000,0.0000,0
2005-10-21,0.0000,22.0000,0.0000,0.0000,0
2005-10-14,0.0000,13.2100,0.0000,0.0000,0
2005-10-07,0.0000,15.2500,0.0000,10.3000,0
2005-09-30,6.9000,7.5000,0.0000,7.5000,0
2005-09-23,11.7000,11.7000,0.0000,0.0000,0
2005-09-16,0.0000,105.0000,0.0000,0.0000,0
2005-09-09,10.0000,12.1500,0.0000,0.0000,0
2005-09-02,0.0000,12.0700,0.0000,0.3200,0
2005-08-26,15.1500,15.1500,0.0000,0.0000,0
2005-08-19,0.0000,74.8100,0.0000,0.0000,0
2005-08-12,10.0000,10.0000,0.0000,0.0000,0
2005-08-05,0.0000,0.1500,0.0000,0.0000,0
2005-07-29,0.0000,21.0000,0.0000,6.2100,0
2005-07-22,0.0000,0.0000,0.0000,0.0000,0
2005-07-15,0.0000,0.0000,0.0000,0.0000,0
2005-07-08,0.0000,10.0000,0.0000,0.0000,0
2005-07-01,5.3500,5.3500,0.0000,0.0000,0
2005-06-24,0.0000,14.2100,0.0000,0.0000,0
2005-06-17,0.0000,35.6400,0.0000,0.0000,0
2005-06-10,0.0000,10.0000,0.0000,0.0000,0
2005-06-03,0.0000,10.2400,0.0000,0.0000,0
2005-05-27,0.0000,0.0000,0.0000,0.0000,0
2005-05-20,10.0000,18.0500,0.0000,0.0000,0
2005-05-13,0.0000,22.0000,0.0000,0.0000,0
2005-05-06,0.0000,102.0000,0.0000,0.0000,0
2005-04-29,0.0000,61.1900,0.0000,0.0000,0
2005-04-22,0.0000,10.0000,0.0000,0.0000,0
2005-04-15,10.0000,10.0000,0.0000,0.0000,0
2005-04-08,0.0000,0.0000,0.0000,0.0000,0
2005-04-01,4.0900,102.0000,0.0000,0.0000,0
2005-03-24,16.7200,16.7200,0.0000,0.0000,0
2005-03-18,13.0000,13.0000,0.0000,0.0000,0
2005-03-11,0.0000,25.0000,0.0000,0.0000,0
2005-03-04,0.0000,0.0000,0.0000,0.0000,0
2005-02-25,0.0000,240.0000,0.0000,0.0000,0
2005-02-18,0.0000,84.3400,0.0000,0.0000,0
2005-02-11,0.0000,9.7100,0.0000,0.0000,0
2005-02-04,0.0000,30.0000,0.0000,0.0000,0
2005-01-28,0.0000,0.0000,0.0000,0.0000,0
2005-01-21,0.0000,0.0000,0.0000,0.0000,0
2005-01-14,0.0000,0.0000,0.0000,0.0000,0
2005-01-07,0.0000,0.0000,0.0000,0.0000,0
2004-12-31,24.0000,24.0000,0.0000,0.0000,0
2004-12-23,0.0000,130.0000,0.0000,130.0000,0
2004-12-17,10.0000,250.0000,0.0000,0.0000,0
2004-12-10,6.7500,6.7500,0.0000,0.0000,0
2004-12-03,0.0000,0.0000,0.0000,0.0000,0
2004-11-26,31.2400,60.0000,0.0000,0.0000,0
2004-11-19,0.0000,0.0000,0.0000,0.0000,0
2004-11-12,0.0000,0.0000,0.0000,0.0000,0
2004-11-05,0.0000,0.0000,0.0000,0.0000,0
2004-10-29,0.0000,500.0000,0.0000,0.0000,0
2004-10-22,0.0000,11.5700,0.0000,0.0000,0
2004-10-15,0.0000,10.0000,0.0000,0.0000,0
2004-10-08,0.0000,0.0000,0.0000,0.0000,0
2004-10-01,6.0000,6.0000,0.0000,0.0000,0
2004-09-24,0.0000,0.0000,0.0000,0.0000,0
2004-09-17,0.0000,0.0000,0.0000,0.0000,0
2004-09-10,0.0000,0.0000,0.0000,0.0000,0
2004-09-03,0.0000,10.0000,0.0000,0.0000,0
2004-08-27,0.0000,100.0000,0.0000,0.0000,0
2004-08-20,0.0000,0.0000,0.0000,0.0000,0
2004-08-13,0.0000,0.0000,0.0000,0.0000,0
2004-08-06,0.0000,27.2500,0.0000,0.0000,0
2004-07-30,0.0000,0.0000,0.0000,0.0000,0
2004-07-23,0.0000,0.0000,0.0000,0.0000,0
2004-07-16,0.0000,0.0000,0.0000,0.0000,0
2004-07-09,0.0000,0.0000,0.0000,0.0000,0
2004-07-02,0.0000,0.0000,0.0000,0.0000,0
2004-06-25,0.0000,0.1000,0.0000,0.0000,0
2004-06-18,0.0000,0.0000,0.0000,0.0000,0
2004-06-10,0.0000,0.0000,0.0000,0.0000,0
2004-06-04,100.0000,100.0000,0.0000,0.0000,0
2004-05-28,0.0000,0.0000,0.0000,0.0000,0
2004-05-21,0.0000,108.0000,0.0000,0.0000,0
2004-05-14,1.5000,535.6100,0.0000,0.0000,0
2004-05-07,0.0000,0.0000,0.0000,0.0000,0
2004-04-30,0.0000,524.0000,0.0000,0.0000,0
2004-04-23,0.0000,0.3800,0.0000,0.0000,0
2004-04-16,0.0000,0.0000,0.0000,0.0000,0
2004-04-08,1.7300,13.5000,0.0000,0.0000,0
2004-04-02,0.0000,50.0000,0.0000,0.0000,0
2004-03-26,0.0000,0.0000,0.0000,0.0000,0
2004-03-19,0.0000,3.2750,0.0000,0.0000,0
2004-03-12,0.0000,0.1000,0.0000,0.0000,0
2004-03-05,9800.0000,9800.0000,0.0000,0.0000,0
2004-02-27,0.0000,0.0000,0.0000,0.0000,0
2004-02-20,0.0000,0.0000,0.0000,0.0000,0
2004-02-13,0.0000,11.5500,0.0000,0.0000,0
2004-02-06,0.0000,0.0000,0.0000,0.0000,0
2004-01-30,0.0000,25.4400,0.0000,0.0000,0
2004-01-23,0.0000,0.0000,0.0000,0.0000,0
2004-01-16,0.0000,0.0000,0.0000,0.0000,0
2004-01-09,0.0000,0.0000,0.0000,0.0000,0
2004-01-02,0.0000,5.2500,0.0000,0.0000,0
2003-12-26,189.0000,189.0000,0.0000,0.0000,0
2003-12-19,0.0000,0.0000,0.0000,0.0000,0
2003-12-12,0.0000,1.5200,0.0000,0.0000,0
2003-12-05,0.0000,0.0000,0.0000,0.0000,0
2003-11-28,0.0000,22.5000,0.0000,0.0000,3237
2003-11-21,0.0000,0.0000,0.0000,0.0000,0
2003-11-14,0.0000,0.0000,0.0000,0.0000,0
2003-11-07,0.0000,0.0000,0.0000,0.0000,0
2003-10-31,0.0000,30.9100,0.0000,0.0000,0
2003-10-24,0.0000,0.0000,0.0000,0.0000,0
2003-10-17,0.0000,0.0000,0.0000,0.0000,0
2003-10-10,0.0000,0.0000,0.0000,0.0000,0
2003-10-03,0.0000,12.1500,0.0000,0.0000,0
2003-09-26,0.0000,0.0000,0.0000,0.0000,0
2003-09-19,0.0000,0.0000,0.0000,0.0000,0
2003-09-12,0.0000,0.0000,0.0000,0.0000,0
2003-09-05,0.0000,0.0000,0.0000,0.0000,0
2003-08-29,0.0000,0.0000,0.0000,0.0000,0
2003-08-22,0.0000,6.0000,0.0000,0.0000,0
2003-08-15,0.0000,4.5000,0.0000,0.0000,0
2003-08-08,0.0000,0.0000,0.0000,0.0000,0
2003-08-01,0.0000,1000.0000,0.0000,0.0000,0
2003-07-25,44.0000,44.0000,0.0000,0.0000,0
2003-07-18,0.0000,190.0000,0.0000,0.0000,0
2003-07-11,0.0000,0.0000,0.0000,0.0000,0
2003-07-03,0.0000,0.0000,0.0000,0.0000,0
2003-06-27,0.0000,11.0000,0.0000,0.0000,0
2003-06-20,0.0000,1.0100,0.0000,0.0000,0
2003-06-13,0.0000,3.3400,0.0000,0.0000,0
2003-06-06,0.0000,0.0000,0.0000,0.0000,0
2003-05-30,0.0000,550.0000,0.0000,0.0000,0
2003-05-23,0.0000,6.2500,0.0000,6.2500,0
2003-05-16,0.0000,2.1000,0.0000,0.0000,0
2003-05-09,0.0000,0.0000,0.0000,0.0000,0
2003-05-02,0.0000,0.0000,0.0000,0.0000,0
2003-04-25,0.0000,0.2700,0.0000,0.2700,0
2003-04-17,0.0000,75.0000,0.0000,0.0000,0
2003-04-11,0.0000,0.0000,0.0000,0.0000,0
2003-04-04,0.0000,1.1000,0.0000,0.0000,960
2003-03-28,5.4000,5.4000,0.0000,0.0000,0
2003-03-21,0.0000,0.4700,0.0000,0.0000,0
2003-03-14,0.0000,0.0000,0.0000,0.0000,0
2003-03-07,23.5400,23.5400,0.0000,0.0000,0
2003-02-28,0.0000,0.0000,0.0000,0.0000,0
2003-02-21,0.0000,3.1800,0.0000,0.0000,0
2003-02-14,0.0000,0.0000,0.0000,0.0000,0
2003-02-07,0.0000,0.0000,0.0000,0.0000,0
2003-01-31,0.0000,0.0000,0.0000,0.0000,0
2003-01-24,0.0000,0.0000,0.0000,0.0000,0
2003-01-17,0.0000,0.0000,0.0000,0.0000,0
2003-01-10,0.0000,75.4200,0.0000,0.0000,0
2003-01-03,100.0000,100.0000,0.0000,0.0000,0
2002-12-27,0.0000,660.0000,0.0000,0.0000,0
2002-12-20,0.0000,20.0000,0.0000,0.0000,0
2002-12-13,0.0000,0.0000,0.0000,0.0000,0
2002-12-06,0.0000,0.0000,0.0000,0.0000,0
2002-11-29,0.0000,0.0000,0.0000,0.0000,0
2002-11-22,0.0000,0.0000,0.0000,0.0000,0
2002-11-15,0.0000,0.0000,0.0000,0.0000,0
2002-11-08,0.0000,0.0000,0.0000,0.0000,0
2002-11-01,0.0000,0.0000,0.0000,0.0000,0
2002-10-25,0.0000,10.9000,0.0000,0.0000,0
2002-10-18,1.0400,1.0400,0.0000,0.0000,0
2002-10-11,0.0000,0.0000,0.0000,0.0000,0
2002-10-04,0.0000,0.0000,0.0000,0.0000,0
2002-09-27,0.0000,0.0000,0.0000,0.0000,0
2002-09-20,0.0000,0.0000,0.0000,0.0000,0
2002-09-13,0.0000,0.0000,0.0000,0.0000,0
2002-09-06,0.0000,0.0000,0.0000,0.0000,0
2002-08-30,0.0000,0.0000,0.0000,0.0000,0
2002-08-23,0.0000,0.0000,0.0000,0.0000,0
2002-08-16,0.0000,0.0000,0.0000,0.0000,0
2002-08-09,0.0000,0.0000,0.0000,0.0000,0
2002-08-02,0.0000,0.0000,0.0000,0.0000,0
2002-07-26,0.0000,0.0000,0.0000,0.0000,0
2002-07-19,0.0000,0.0000,0.0000,0.0000,0
2002-07-12,0.0000,0.0775,0.0000,0.0000,0
2002-07-05,0.0000,110.0000,0.0000,0.0000,0
2002-06-28,0.0000,15.0000,0.0000,0.0000,0
2002-06-21,0.0000,0.0000,0.0000,0.0000,0
2002-06-14,0.0000,0.0000,0.0000,0.0000,0
2002-06-07,0.0000,0.0000,0.0000,0.0000,0
2002-05-31,0.0000,0.0000,0.0000,0.0000,0
2002-05-24,32.5100,32.5100,0.0000,0.0000,0
2002-05-17,0.0000,0.0000,0.0000,0.0000,0
2002-05-10,0.0000,12.1200,0.0000,0.0000,0
2002-05-03,0.0000,0.0000,0.0000,0.0000,0
2002-04-26,0.0000,0.0000,0.0000,0.0000,0
2002-04-19,0.0000,0.0000,0.0000,0.0000,0
2002-04-12,0.0000,0.0000,0.0000,0.0000,0
2002-04-05,0.0000,0.0000,0.0000,0.0000,0
2002-03-28,0.0000,0.0000,0.0000,0.0000,0
2002-03-22,0.0000,0.0000,0.0000,0.0000,0
2002-03-15,0.0000,0.0000,0.0000,0.0000,0
2002-03-08,0.0000,0.0000,0.0000,0.0000,0
2002-03-01,0.0000,0.0000,0.0000,0.0000,0
2002-02-22,0.0000,0.0000,0.0000,0.0000,0
2002-02-15,0.0000,0.0000,0.0000,0.0000,0
2002-02-08,0.0000,0.0000,0.0000,0.0000,0
2002-02-01,0.0000,0.0000,0.0000,0.0000,0
2002-01-25,0.0000,0.0000,0.0000,0.0000,0
2002-01-18,0.0000,0.0000,0.0000,0.0000,0
2002-01-11,0.0000,0.0000,0.0000,0.0000,0
2002-01-04,0.0000,0.0000,0.0000,0.0000,0
2001-12-28,0.0000,1.6000,0.0000,1.6000,0
2001-12-21,0.0000,148.5000,0.0000,148.5000,0
2001-12-14,24.4000,24.4000,0.0000,0.0000,0
2001-12-07,0.0000,0.0000,0.0000,0.0000,0
2001-11-30,0.0000,0.0000,0.0000,0.0000,0
2001-11-23,0.0000,0.0000,0.0000,0.0000,0
2001-11-16,0.0000,27.0000,0.0000,27.0000,0
2001-11-09,0.0000,0.0000,0.0000,0.0000,0
2001-11-02,0.0000,0.0000,0.0000,0.0000,0
2001-10-26,0.0000,15.5000,0.0000,15.5000,0
2001-10-19,0.0000,0.0000,0.0000,0.0000,0
2001-10-12,0.0000,0.0000,0.0000,0.0000,0
2001-10-05,6.0400,6.0400,0.0000,0.0000,0
2001-09-28,0.0000,0.0000,0.0000,0.0000,0
2001-09-21,0.0000,0.0000,0.0000,0.0000,0
2001-09-10,0.0000,0.0000,0.0000,0.0000,0
2001-09-07,0.0000,0.0000,0.0000,0.0000,0
2001-08-31,0.0000,0.0000,0.0000,0.0000,0
2001-08-24,0.0000,0.0000,0.0000,0.0000,0
2001-08-17,480.0000,480.0000,0.0000,0.0000,0
2001-08-10,0.0000,0.0000,0.0000,0.0000,0
2001-08-03,0.0000,0.0000,0.0000,0.0000,0
2001-07-27,0.0000,0.0000,0.0000,0.0000,0
2001-07-20,0.0000,0.0000,0.0000,0.0000,0
2001-07-13,0.0000,0.0000,0.0000,0.0000,0
2001-07-06,0.0000,0.0000,0.0000,0.0000,0
2001-06-29,0.0000,0.0000,0.0000,0.0000,0
2001-06-22,0.0000,0.0000,0.0000,0.0000,0
2001-06-15,0.0000,0.0000,0.0000,0.0000,0
2001-06-08,0.0000,0.0000,0.0000,0.0000,0
2001-06-01,0.0000,0.0000,0.0000,0.0000,0
2001-05-25,0.0000,2.7500,0.0000,2.7500,0
2001-05-18,0.0000,0.0000,0.0000,0.0000,0
2001-05-11,0.0000,0.0000,0.0000,0.0000,0
2001-05-04,0.0000,0.0000,0.0000,0.0000,0
2001-04-27,0.0000,0.0000,0.0000,0.0000,0
2001-04-20,0.0000,0.0000,0.0000,0.0000,0
2001-04-12,0.0000,0.0000,0.0000,0.0000,0
2001-04-06,0.0000,0.0000,0.0000,0.0000,0
2001-03-30,0.0000,0.0000,0.0000,0.0000,0
2001-03-23,0.0000,0.0000,0.0000,0.0000,0
2001-03-16,0.0000,54.5500,0.0000,54.5500,0
2001-03-09,0.0000,0.0000,0.0000,0.0000,0
2001-03-02,0.0000,0.0000,0.0000,0.0000,0
2001-02-23,0.0000,0.0000,0.0000,0.0000,0
2001-02-16,0.0000,0.0000,0.0000,0.0000,0
2001-02-09,0.0000,0.0000,0.0000,0.0000,0
2001-02-02,0.0000,0.0000,0.0000,0.0000,0
2001-01-26,0.0000,0.0000,0.0000,0.0000,0
2001-01-19,4.0500,4.0500,0.0000,0.0000,0
2001-01-12,0.0000,0.0000,0.0000,0.0000,0
2001-01-05,0.0000,0.0000,0.0000,0.0000,0
2000-12-29,0.0000,0.0000,0.0000,0.0000,0
2000-12-22,0.0000,0.0000,0.0000,0.0000,0
2000-12-15,0.0000,0.0000,0.0000,0.0000,0
2000-12-08,0.0000,0.0000,0.0000,0.0000,0
2000-12-01,0.0000,0.0000,0.0000,0.0000,0
2000-11-24,0.0000,0.0000,0.0000,0.0000,0
2000-11-17,0.0000,40.6000,0.0000,0.0000,0
2000-11-10,0.0000,0.0000,0.0000,0.0000,0
2000-11-03,0.0000,0.0000,0.0000,0.0000,0
2000-10-27,0.0000,0.0000,0.0000,0.0000,0
2000-10-20,0.0000,0.0000,0.0000,0.0000,0
2000-10-13,0.0000,0.0000,0.0000,0.0000,0
2000-10-06,0.0000,0.7500,0.0000,0.0000,0
2000-09-29,0.0000,0.0000,0.0000,0.0000,0
2000-09-22,0.0000,0.0000,0.0000,0.0000,0
2000-09-15,0.0000,0.0000,0.0000,0.0000,0
2000-09-08,0.0000,0.0000,0.0000,0.0000,0
2000-09-01,0.0000,0.0000,0.0000,0.0000,0
2000-08-25,0.0000,0.0000,0.0000,0.0000,0
2000-08-18,0.0000,0.0000,0.0000,0.0000,0
2000-08-11,0.0000,0.0000,0.0000,0.0000,0
2000-08-04,0.0000,0.0000,0.0000,0.0000,0
2000-07-28,0.0000,1.0000,0.0000,0.0000,0
2000-07-21,0.0000,0.0000,0.0000,0.0000,0
2000-07-14,0.0000,0.0000,0.0000,0.0000,0
2000-07-07,1.3000,1.3000,0.0000,0.0000,0
2000-06-30,0.0000,0.0000,0.0000,0.0000,0
2000-06-23,0.0000,0.0000,0.0000,0.0000,0
2000-06-16,0.0000,0.0000,0.0000,0.0000,0
2000-06-09,0.0000,0.0000,0.0000,0.0000,0
2000-06-02,3.0000,3.0000,0.0000,0.0000,0
2000-05-26,0.0000,0.0000,0.0000,0.0000,0
2000-05-19,3.3100,3.3100,0.0000,0.0000,25
2000-05-12,0.0000,310.5000,0.0000,0.0000,0
2000-05-05,0.0000,2.1000,0.0000,0.0000,0
2000-04-28,0.0000,0.0000,0.0000,0.0000,0
2000-04-20,0.0000,0.0000,0.0000,0.0000,0
2000-04-14,0.0000,0.0000,0.0000,0.0000,0
2000-04-07,0.0000,0.0000,0.0000,0.0000,0
2000-03-31,24.0400,24.0400,0.0000,0.0000,0
2000-03-24,0.0000,0.0000,0.0000,0.0000,0
