timestamp,open,high,low,close,volume
2018-02-27,24.1500,24.5600,23.8500,23.9700,206388
2018-02-23,23.9100,24.9200,23.5380,24.1100,450213
2018-02-16,23.9500,24.3800,23.2600,24.1400,502287
2018-02-09,24.6200,24.8300,22.5200,23.8900,923584
2018-02-02,25.5500,26.1800,24.4000,24.8500,506986
2018-01-26,25.9000,26.2550,25.0200,25.5900,388186
2018-01-19,26.4900,26.7500,23.4315,25.9700,406407
2018-01-12,25.4200,26.4350,25.0700,26.3400,593426
2018-01-05,25.5200,25.6765,25.0400,25.4800,556385
2017-12-29,25.1500,25.8616,24.7595,25.4300,654910
2017-12-22,25.8100,26.2900,24.7800,25.1200,827461
2017-12-15,27.3600,27.3600,25.0200,25.5600,1170405
2017-12-08,27.5500,27.9300,26.8000,27.2200,526053
2017-12-01,27.3900,28.1900,26.2300,27.2500,877571
2017-11-24,26.4300,27.9200,26.3500,27.4000,473385
2017-11-17,26.7200,27.1200,26.1300,26.7400,1016641
2017-11-10,26.0600,27.4800,25.6800,26.8900,1656370
2017-11-03,23.3600,26.2400,22.8900,25.8800,1264828
2017-10-27,22.5000,23.6700,21.8100,23.5800,869279
2017-10-20,22.7400,23.0400,22.1800,22.5700,727064
2017-10-13,22.4500,23.1400,21.9500,22.5700,830170
2017-10-06,23.2700,23.5500,19.8100,22.4500,2512349
2017-09-29,22.8100,23.6600,22.5500,23.2800,883210
2017-09-22,22.0600,23.0500,21.9300,22.8100,792673
2017-09-15,21.4100,22.6100,21.1400,22.2800,945863
2017-09-08,21.5700,21.6800,20.8500,21.1700,456489
2017-09-01,21.0400,21.9000,20.8200,21.5600,866607
2017-08-25,20.3200,21.0100,20.1600,21.0000,767505
2017-08-18,20.4900,21.4600,20.0100,20.3000,974577
2017-08-11,20.1300,21.0900,20.0300,20.4200,1143474
2017-08-04,23.8900,24.2500,19.1100,20.1200,2312489
2017-07-28,23.7000,24.0000,23.2800,23.8900,817598
2017-07-21,23.4100,24.0500,23.2000,23.7100,1315928
2017-07-14,22.1600,23.6200,21.8700,23.4800,1241137
2017-07-07,22.0200,23.0000,21.7500,22.3800,697859
2017-06-30,20.7000,22.1100,20.5800,21.8800,819010
2017-06-23,20.8900,20.9500,19.7800,20.7100,1251783
2017-06-16,21.2100,21.6200,20.0100,20.7300,1360533
2017-06-09,20.2200,21.1400,19.4900,21.1000,564039
2017-06-02,19.8900,20.8100,19.4900,20.2700,594989
2017-05-26,19.5700,21.9500,19.3400,19.7800,913836
2017-05-19,19.5400,19.7200,19.1700,19.4700,1047855
2017-05-12,19.9800,20.7600,19.1600,19.4000,1174051
2017-05-05,22.1900,22.2700,19.9000,20.1000,1043133
2017-04-28,22.7400,23.9400,22.4900,22.8200,652279
2017-04-21,22.1800,23.1200,21.7600,22.1800,876013
2017-04-13,22.9400,23.4000,21.9600,21.9700,575349
2017-04-07,22.9400,23.3600,22.2600,23.0800,1066615
2017-03-31,21.6700,23.1800,21.6400,22.9100,839425
2017-03-24,22.9100,23.2900,21.6100,21.9700,673609
2017-03-17,23.0800,23.3200,22.2200,22.8900,943879
2017-03-10,23.3200,23.8000,22.3700,23.1300,997104
2017-03-03,22.3800,26.6800,22.3500,23.6200,939095
2017-02-24,22.5400,23.3600,21.9300,22.4800,775936
2017-02-17,23.2100,23.7600,22.3100,22.4900,769969
2017-02-10,23.6200,23.7500,22.4500,22.9700,616969
2017-02-03,23.3000,23.9000,22.8600,23.6200,679094
2017-01-27,22.0000,24.0200,21.7600,23.5000,846520
2017-01-20,22.5900,22.7800,21.4300,22.0000,995046
2017-01-13,23.7300,24.5900,22.4010,22.8100,1273693
2017-01-06,24.0900,24.7700,23.6000,23.8800,687562
2016-12-30,25.0100,25.3700,23.6000,23.7000,613013
2016-12-23,25.3200,25.9900,24.8000,24.8900,865742
2016-12-16,26.0700,26.1400,24.5400,25.4200,1502855
2016-12-09,24.3700,26.0200,24.3700,25.8500,1282889
2016-12-02,25.4000,25.4450,23.7900,24.1000,1262043
2016-11-25,24.0000,25.6300,23.5500,25.4000,1108635
2016-11-18,23.4900,24.6700,23.4900,23.7200,1346775
2016-11-11,19.4200,23.3700,19.2100,23.2700,1201631
2016-11-04,18.6500,19.9600,17.8500,19.0000,846807
2016-10-28,18.8800,19.4800,18.6400,18.7200,507530
2016-10-21,18.5600,18.9250,18.3700,18.7000,579074
2016-10-14,19.7700,20.0400,18.5600,18.5700,806692
2016-10-07,19.0100,19.9300,18.9700,19.5700,775194
2016-09-30,18.5900,19.3400,18.3100,19.0700,929493
2016-09-23,17.5200,19.0300,17.3900,18.5900,1086849
2016-09-16,18.0400,18.4100,17.1800,17.4300,1244619
2016-09-09,19.0000,19.7400,18.1700,18.1900,946429
2016-09-02,18.7200,19.0250,18.1500,19.0100,898297
2016-08-26,18.9300,19.3900,18.4400,18.6000,1069140
2016-08-19,18.6000,19.4100,18.2400,18.9700,1151142
2016-08-12,19.1500,19.3250,18.3800,18.5700,767772
2016-08-05,20.5100,20.6900,18.6400,19.0600,1148574
2016-07-29,20.1000,20.8899,19.9500,20.5200,741449
2016-07-22,20.3400,20.9400,19.5200,20.1500,1106212
2016-07-15,20.0200,21.0000,20.0200,20.4500,917166
2016-07-08,19.1700,19.8700,18.5200,19.8300,519941
2016-07-01,17.9800,19.9400,17.3500,19.4400,1024229
2016-06-24,19.2000,19.9750,18.0800,18.3000,766061
2016-06-17,19.5700,19.6800,18.2600,19.0300,1258258
2016-06-10,20.0900,20.8700,19.6700,19.8100,646785
2016-06-03,19.6900,20.4600,19.6900,20.0900,834004
2016-05-27,19.4700,20.1100,19.1400,19.7000,624410
2016-05-20,19.2900,19.6600,18.7600,19.4800,638151
2016-05-13,19.4500,20.4960,19.0200,19.1100,553769
2016-05-06,21.2400,21.5700,18.6550,19.5300,953827
2016-04-29,21.4200,21.8399,20.7500,21.2300,699987
2016-04-22,21.1400,21.9500,21.0250,21.4300,638428
2016-04-15,20.4900,21.6810,20.4900,21.3500,531400
2016-04-08,21.1000,21.1850,20.0600,20.3400,674932
2016-04-01,20.9700,21.5000,20.4600,21.1400,634472
2016-03-24,20.9100,21.2100,20.2201,20.9500,599733
2016-03-18,20.1500,21.2100,19.4900,20.8700,1084712
2016-03-11,20.2200,20.8700,19.0300,20.1500,916345
2016-03-04,18.4200,20.5600,18.0700,20.1300,1538825
2016-02-26,18.2500,18.7800,17.0200,18.3300,1090650
2016-02-19,17.8300,18.6961,17.4350,17.9700,582481
2016-02-12,17.2900,17.7700,16.4200,17.5900,763434
2016-02-05,17.7700,18.4600,17.0800,17.5600,1055593
2016-01-29,17.3800,18.1199,17.0000,18.0300,1128607
2016-01-22,17.1400,17.6500,16.2100,17.5300,1133748
2016-01-15,16.9700,17.1900,16.0000,16.6400,1398586
2016-01-08,18.9700,20.5700,16.8100,16.8500,1901893
2015-12-31,19.6200,20.0100,19.1800,19.3100,516412
2015-12-24,18.7400,20.1200,18.4100,19.6100,636507
2015-12-18,19.6700,20.0700,18.5400,18.6700,1354308
2015-12-11,21.0900,21.0900,19.4400,19.6900,835261
2015-12-04,21.6500,22.4100,20.9300,21.1400,1165176
2015-11-27,21.1200,21.8100,20.8900,21.7200,316164
2015-11-20,20.6800,21.4600,20.1600,21.2300,799948
2015-11-13,21.9300,21.9300,20.1502,20.7700,974545
2015-11-06,19.4000,21.9700,18.7060,21.9300,1394225
2015-10-30,18.8700,19.8700,18.1100,19.2900,836951
2015-10-23,18.3100,19.2400,18.1600,18.9600,670394
2015-10-16,18.8400,19.0600,18.3551,18.4600,674189
2015-10-09,16.9600,18.9000,16.9600,18.7600,1008701
2015-10-02,16.5300,16.9400,15.9700,16.7600,1090799
2015-09-25,18.2900,18.3900,16.2700,16.6800,1149729
2015-09-18,18.1500,19.0900,17.8100,18.1400,1336753
2015-09-11,18.0400,18.3990,17.8200,18.1700,711667
2015-09-04,18.2100,18.6500,17.6250,17.8100,629791
2015-08-28,17.3500,18.7968,17.1700,18.2800,1024141
2015-08-21,18.9300,19.0900,17.8900,18.2400,1045632
2015-08-14,18.7000,19.2900,18.5500,19.0500,822915
2015-08-07,19.6900,19.9000,18.5900,18.6600,899918
2015-07-31,16.7400,19.9200,16.5200,19.7700,1491559
2015-07-24,18.0300,18.0300,16.7800,16.9200,619378
2015-07-17,18.0400,18.5200,17.9000,17.9500,520793
2015-07-10,18.4700,18.9500,17.5800,17.9100,1199889
2015-07-02,19.3900,19.5500,18.2100,18.7000,1239913
2015-06-26,18.1400,19.6650,18.0200,19.6100,2679540
2015-06-19,18.0500,18.1500,17.1100,18.0700,3236805
2015-06-12,18.0300,18.5000,17.7500,18.3200,536533
2015-06-05,17.8400,18.3200,17.5300,18.1200,776668
2015-05-29,18.0600,18.2155,17.5960,17.8200,585674
2015-05-22,18.8200,19.1204,17.9100,18.2000,843903
2015-05-15,18.2600,18.9700,17.7600,18.7500,753908
2015-05-08,18.5100,18.7500,17.7900,18.2600,904377
2015-05-01,18.8500,19.4300,17.7200,18.5200,1230462
2015-04-24,18.4100,19.1800,18.2500,18.9900,921999
2015-04-17,18.3400,19.2900,18.1700,18.3300,1308806
2015-04-10,17.9900,18.8300,17.9200,18.3200,1314069
2015-04-02,18.2600,18.4800,17.8800,18.0200,911356
2015-03-27,17.7700,18.5600,17.7700,18.2200,1020993
2015-03-20,17.8600,18.0200,17.2300,17.7500,1948222
2015-03-13,17.4400,18.8100,17.3700,17.7500,1250337
2015-03-06,18.0400,18.5300,17.3400,17.3400,1612453
2015-02-27,16.5400,19.4700,16.4300,18.0900,1280402
2015-02-20,17.0800,17.2300,16.5900,16.6600,550015
2015-02-13,17.3800,17.8200,16.3601,17.1300,927513
2015-02-06,15.4100,17.4000,15.3500,17.4000,1688202
2015-01-30,16.0500,16.2800,15.3100,15.3200,1415344
2015-01-23,15.8900,16.2100,15.6600,16.0500,2535939
2015-01-16,16.5800,16.7799,15.5300,15.8900,1700275
2015-01-09,18.2800,18.4100,16.6100,16.6300,1116155
2015-01-02,18.5400,19.0000,18.0600,18.3800,973382
2014-12-26,17.5400,18.6200,17.4000,18.5400,1377678
2014-12-19,16.9600,17.7000,16.6900,17.5300,2891182
2014-12-12,18.2000,18.3800,16.7500,16.8400,1239033
2014-12-05,18.9200,18.9200,18.2200,18.3050,2978856
2014-11-28,19.4200,20.0000,18.9300,19.0500,1497931
2014-11-21,19.0000,19.6900,18.7300,19.4300,2080597
2014-11-14,19.3900,19.9700,18.9300,19.0900,1837742
2014-11-07,18.2900,19.7900,17.9400,19.2800,1789250
2014-10-31,17.6500,18.6100,17.3300,18.3200,1710195
2014-10-24,17.2100,18.3000,17.2100,17.7400,1341365
2014-10-17,16.9900,17.8300,16.5400,17.2900,2025335
2014-10-10,22.3800,22.4300,16.9500,17.0100,2888096
2014-10-03,22.1900,22.6500,21.9400,22.2900,1289859
2014-09-26,23.6900,23.8500,22.1600,22.5100,1407782
2014-09-19,24.3000,24.6000,23.7700,23.9300,1650800
2014-09-12,24.3800,24.8600,23.7900,24.3400,1301700
2014-09-05,24.6800,24.9000,24.0100,24.4300,1442400
2014-08-29,24.6900,25.5200,23.2000,24.6600,1345500
2014-08-22,24.5200,25.1200,24.0400,24.6000,827700
2014-08-15,23.6800,24.6200,23.6000,24.2000,1487500
2014-08-08,23.2700,24.2000,22.7300,23.5000,1617900
2014-08-01,22.1600,23.3300,21.6900,23.0600,1867200
2014-07-25,22.6800,23.2200,22.0500,22.1700,1320000
2014-07-18,22.8600,23.2500,22.3200,22.8400,1246800
2014-07-11,23.7400,23.7400,22.4101,22.6500,1484000
2014-07-03,22.9500,23.8700,22.6800,23.8400,1248700
2014-06-27,23.2400,23.5500,22.5900,22.9400,1549000
2014-06-20,22.1900,23.3000,22.0200,23.1300,2091000
2014-06-13,22.9300,23.3600,22.2800,22.2800,707100
2014-06-06,24.2300,24.4400,21.9400,23.0200,2343200
2014-05-30,24.3800,24.7800,23.9600,23.9700,557100
2014-05-23,23.5300,24.1400,22.8900,24.1100,797200
2014-05-16,24.0900,24.8200,22.8900,23.5300,959800
2014-05-09,24.8500,24.9050,23.4100,24.0500,915100
2014-05-02,24.0800,25.6400,23.2700,24.9900,1439300
2014-04-25,24.3800,24.6900,23.7500,23.9100,1098200
2014-04-17,24.2600,24.9600,23.7800,24.4200,755500
2014-04-11,24.3300,24.6480,23.6000,23.9500,1004600
2014-04-04,24.4000,25.4550,24.3700,24.4600,1151000
2014-03-28,24.3500,24.7100,23.8000,24.2600,1050900
2014-03-21,23.5900,24.7700,23.5900,24.4000,1305200
2014-03-14,24.3600,24.8100,23.6300,23.8800,1086800
2014-03-07,22.8200,24.8400,22.5500,24.4300,1391800
2014-02-28,20.8200,23.6200,20.6500,23.1500,2238500
2014-02-21,21.2800,21.4900,20.2200,20.8200,994300
2014-02-14,19.7000,21.3400,19.1400,21.2800,1339900
2014-02-07,20.5000,20.6500,19.4800,19.7100,1275900
2014-01-31,21.4200,21.5800,20.4600,20.5200,1216500
2014-01-24,22.5100,22.9000,21.0400,21.3200,785600
2014-01-17,21.2600,24.0100,20.8450,22.2200,1222700
2014-01-10,21.4000,21.6630,20.6700,21.3600,1387700
2014-01-03,21.1300,22.0699,21.0200,21.2900,1044600
2013-12-27,20.5000,21.1200,20.0700,21.0800,1125000
2013-12-20,21.1900,22.1100,19.6700,20.3400,3314000
2013-12-13,20.8300,21.1800,20.2500,21.0500,1511900
2013-12-06,21.7500,21.9800,20.5300,20.8600,1056200
2013-11-29,21.5200,22.0000,20.9500,21.7700,532600
2013-11-22,21.7100,21.9600,20.7300,21.4000,1057900
2013-11-15,20.7800,21.9350,20.2700,21.5600,775200
2013-11-08,20.8300,21.3000,20.5100,20.8000,1146300
2013-11-01,23.4300,24.0900,20.1800,20.6200,1479000
2013-10-25,23.1400,23.9400,22.9100,23.4300,1034800
2013-10-18,22.6600,23.1150,22.3000,23.0000,1296200
2013-10-11,22.7700,22.9320,22.1400,22.7700,966700
2013-10-04,23.4000,24.0500,22.8300,23.0800,1240000
2013-09-27,24.1600,24.3900,23.2850,23.7100,822600
2013-09-20,23.0900,24.4600,22.6701,24.0800,1532300
2013-09-13,21.9700,23.2600,21.9700,22.6000,658700
2013-09-06,21.7600,22.7000,21.5400,21.9100,588900
2013-08-30,21.8800,22.5400,21.2100,21.4000,583300
2013-08-23,22.4500,22.8500,21.4400,21.7500,818600
2013-08-16,22.3400,22.9400,21.7700,22.3700,683300
2013-08-09,23.4000,23.5100,22.3600,22.5300,440300
2013-08-02,24.6500,24.6500,22.5600,23.4400,1175200
2013-07-26,24.5400,25.0000,24.2600,24.6500,712000
2013-07-19,24.4300,24.8800,23.8400,24.5900,758300
2013-07-12,23.5400,24.9900,23.3484,24.3400,852100
2013-07-05,22.6400,23.7500,22.5200,23.4500,540500
2013-06-28,21.6100,22.9000,21.2400,22.5100,1160000
2013-06-21,23.2100,23.8300,21.6200,22.0700,849300
2013-06-14,23.0400,23.3450,22.5800,22.8200,416700
2013-06-07,22.8400,23.5493,21.9000,22.9800,816400
2013-05-31,23.4000,23.8300,22.5000,22.8300,553800
2013-05-24,23.2400,24.0300,22.4400,22.8900,905500
2013-05-17,22.2100,23.3500,21.7200,23.3000,1041800
2013-05-10,21.4000,22.3000,21.1500,22.3000,855500
2013-05-03,21.2300,22.0400,20.0000,21.3400,2215900
2013-04-26,20.4200,22.4700,19.7200,21.0700,2332900
2013-04-19,22.0200,22.0240,19.9200,20.4400,1287300
2013-04-12,21.4700,22.4100,21.3600,22.2400,1229900
2013-04-05,21.8900,22.7400,21.1540,21.3600,1940000
2013-03-28,25.5000,26.0950,22.4400,23.1500,1787300
2013-03-22,25.1600,25.7900,24.8700,25.4600,1140300
2013-03-15,25.4300,25.7500,24.6500,25.5600,1806200
2013-03-08,23.9500,25.6600,23.3500,25.5700,1983100
2013-03-01,23.6700,24.3300,21.5100,23.9600,1808300
2013-02-22,23.9500,24.2100,22.8300,23.4700,1562100
2013-02-15,23.4000,24.1500,23.1400,23.9300,813900
2013-02-08,23.4500,23.7900,22.8000,23.3700,956800
2013-02-01,23.8800,23.9700,23.2100,23.6300,963300
2013-01-25,23.3000,23.9700,22.9600,23.7600,730700
2013-01-18,22.5600,23.4900,22.3100,23.2900,1139800
2013-01-11,22.7000,23.4100,22.3100,22.6600,1310100
2013-01-04,21.4600,23.2000,21.2800,22.9400,792200
2012-12-28,21.7900,21.9000,21.0100,21.3600,537400
2012-12-21,21.2300,22.3900,20.6000,21.7000,1701400
2012-12-14,20.7900,21.5800,20.0000,21.1100,988100
2012-12-07,20.7100,21.0375,20.1200,20.7200,906800
2012-11-30,18.7500,20.7300,18.7175,20.6200,1248300
2012-11-23,18.3800,18.9100,18.0900,18.7800,482400
2012-11-16,17.8700,19.3900,17.3400,18.0700,1030600
2012-11-09,17.8900,19.1100,17.3200,17.8400,899800
2012-11-02,19.1300,19.1300,17.4200,17.8500,1113500
2012-10-26,19.2700,19.5374,18.3200,18.8400,745000
2012-10-19,18.7000,19.7300,18.5300,19.3000,766600
2012-10-12,19.6300,19.7300,18.4600,18.6300,574600
2012-10-05,19.3000,20.3000,18.8300,19.8100,739000
2012-09-28,20.6700,20.7800,19.1100,19.1600,1071700
2012-09-21,21.9500,21.9500,20.3100,20.7500,1200900
2012-09-14,19.9500,22.0000,19.8900,21.8600,958400
2012-09-07,19.4500,20.3500,19.1900,20.0300,636100
2012-08-31,19.5200,20.0400,19.1500,19.5200,544000
2012-08-24,20.2700,20.5600,19.2901,19.4500,689200
2012-08-17,19.4100,20.5400,19.1700,20.4300,614900
2012-08-10,19.5100,19.9600,19.1900,19.3800,774200
2012-08-03,18.5100,19.5800,17.2900,19.5500,1105600
2012-07-27,17.7400,18.5100,16.9600,18.4600,531200
2012-07-20,18.4000,18.9400,17.9550,18.2600,566300
2012-07-13,18.1000,18.6477,17.8100,18.5100,694100
2012-07-06,17.9500,18.7800,17.5900,18.2100,664200
2012-06-29,16.3200,18.1100,15.8800,17.8900,734200
2012-06-22,15.8800,16.9400,15.7000,16.4700,1089500
2012-06-15,16.3500,16.5100,14.7983,15.9100,1188600
2012-06-08,15.1300,16.1600,14.4900,16.1000,753900
2012-06-01,16.6200,16.9600,15.0500,15.0900,747600
2012-05-25,16.5100,16.9800,16.0400,16.5000,988600
2012-05-18,17.5800,17.8700,15.9100,16.4000,1094000
2012-05-11,17.6800,18.4400,17.3800,17.8300,1174900
2012-05-04,17.6400,18.5000,17.2300,17.7900,1552900
2012-04-27,16.8600,18.1000,16.6600,17.7100,1200600
2012-04-20,17.5000,18.3400,17.0000,17.0700,993400
2012-04-13,17.1600,18.0100,16.7600,17.4200,881300
2012-04-05,17.7200,18.4900,17.4100,17.4900,789900
2012-03-30,18.1500,18.5600,17.7500,17.8300,693000
2012-03-23,18.6100,18.9100,17.4300,17.9600,924200
2012-03-16,18.8300,20.2500,18.3400,18.6200,2247300
2012-03-09,18.0900,18.9400,17.3800,18.9000,1325800
2012-03-02,17.5600,18.5800,17.4100,18.1200,1813500
2012-02-24,18.3800,18.6200,17.6400,17.8300,761800
2012-02-17,18.5300,18.6200,17.5200,18.4000,970100
2012-02-10,18.5700,18.9700,17.8800,18.3800,1304900
2012-02-03,17.1400,18.7000,16.6600,18.6200,1574200
2012-01-27,17.6400,17.7600,16.9400,17.2900,966800
2012-01-20,17.4400,17.7900,16.9500,17.6200,760000
2012-01-13,15.9800,17.6000,15.8200,17.3000,1261900
2012-01-06,15.8300,16.4900,15.7500,15.8600,1039100
2011-12-30,15.1900,15.7500,14.3500,15.3400,1612000
2011-12-23,14.6000,16.1200,14.0200,15.3000,1217200
2011-12-16,15.6800,16.5300,14.3400,14.4500,1884300
2011-12-09,15.6300,16.0600,13.6400,15.8600,1495700
2011-12-02,13.7000,15.6500,13.1800,15.2600,1660400
2011-11-25,15.3300,15.5800,13.2900,13.3100,1126800
2011-11-18,15.5800,15.8900,14.7600,15.5700,1004100
2011-11-11,16.0000,16.2200,14.9400,15.7200,960700
2011-11-04,15.3400,16.0800,14.1800,15.8200,1644000
2011-10-28,13.9900,16.3400,13.7300,15.5700,2018400
2011-10-21,14.3900,14.4900,13.2000,13.9600,2149900
2011-10-14,13.0800,14.8500,13.0800,14.5700,1825300
2011-10-07,11.4600,13.2500,10.4500,12.6600,2374000
2011-09-30,12.9100,13.8600,11.3900,11.5800,4947400
2011-09-23,14.0500,14.1700,11.9300,12.7700,2707900
2011-09-16,15.2400,15.6196,13.7580,14.1800,2852500
2011-09-09,15.3300,16.8400,15.1200,15.5000,2242900
2011-09-02,15.8500,16.7200,15.3700,15.9000,2999700
2011-08-26,13.7600,15.6100,13.0100,15.3100,3702000
2011-08-19,15.2400,16.0500,13.1600,13.3100,2112200
2011-08-12,16.3700,17.1700,14.1200,15.1500,3490800
2011-08-05,20.3700,20.4300,16.6950,16.9600,1947900
2011-07-29,21.8500,22.2000,19.9800,20.0500,1327900
2011-07-22,21.2600,22.4300,20.8100,22.0400,1788600
2011-07-15,22.0000,22.1700,20.9000,21.3100,1079700
2011-07-08,20.9000,22.8600,20.8000,22.2300,1669800
2011-07-01,19.3000,21.2000,19.1500,20.9400,2571900
2011-06-24,19.1400,20.1600,18.5100,19.2500,3461200
2011-06-17,22.5700,22.7000,18.1000,19.2700,3736000
2011-06-10,23.7900,24.1000,22.4001,22.4900,1219200
2011-06-03,25.8500,25.9300,24.0500,24.0500,1106700
2011-05-27,25.4900,25.9150,24.3500,25.6200,1012300
2011-05-20,24.8700,26.6100,24.5200,25.9500,1101400
2011-05-13,25.4200,26.3700,24.9700,24.9800,797300
2011-05-06,25.3800,25.7600,24.4100,25.4900,1208100
2011-04-29,25.6600,25.6600,23.9400,25.3100,2831900
2011-04-21,26.1300,26.2300,25.3000,25.6500,1154700
2011-04-15,26.8400,26.9500,25.1800,26.5600,880500
2011-04-08,27.1100,27.4600,26.1500,26.7600,865700
2011-04-01,26.4400,27.0800,25.7600,26.8500,1449400
2011-03-25,26.4600,27.0700,26.0000,26.3300,1065200
2011-03-18,24.9800,26.2600,24.0000,26.0600,1759500
2011-03-11,26.0700,26.7000,25.0500,25.2700,1621900
2011-03-04,24.8200,26.8800,24.5000,26.1000,2575700
2011-02-25,26.5700,26.8300,24.6000,25.1300,1776700
2011-02-18,30.0000,30.0000,26.6100,26.9500,1858500
2011-02-11,29.0200,29.9700,28.7600,29.9700,1347300
2011-02-04,26.5000,28.7450,26.3500,28.5400,1032500
2011-01-28,26.7300,28.4300,26.1800,26.3300,1273600
2011-01-21,27.7400,27.7400,26.4500,26.6000,1036200
2011-01-14,26.4700,29.1700,26.0300,27.5600,1712100
2011-01-07,26.9000,28.5900,26.1900,26.7200,905200
2010-12-31,26.8900,27.4000,26.5100,26.5100,646400
2010-12-23,28.2900,28.5200,26.6300,26.9300,951900
2010-12-17,26.5200,28.3800,26.2200,28.1200,1871700
2010-12-10,24.3700,26.4100,24.0600,26.3300,1087700
2010-12-03,22.9400,24.4300,21.9200,24.3500,1298600
2010-11-26,22.9600,23.3000,22.1800,23.1600,791900
2010-11-19,22.7200,23.2000,21.7700,22.9500,1851000
2010-11-12,22.5000,23.4400,22.2600,22.7000,1433900
2010-11-05,21.7100,23.1500,21.0600,22.6400,1838000
2010-10-29,26.4600,26.7400,21.4100,21.6000,3495800
2010-10-22,26.0300,26.3500,24.9400,26.1800,1042400
2010-10-15,25.0000,26.5000,24.7500,25.8900,1120000
2010-10-08,24.2000,25.2500,23.8800,24.9500,966600
2010-10-01,23.8400,24.4700,22.7500,24.3400,1178000
2010-09-24,22.1800,23.8900,21.8100,23.8800,948100
2010-09-17,21.8500,22.6200,21.1100,22.1800,884500
2010-09-10,22.1600,22.5000,21.5500,21.5900,551900
2010-09-03,20.4100,22.4580,19.7800,22.2100,1223500
2010-08-27,19.3100,20.5100,18.5200,20.4500,1394400
2010-08-20,20.5900,21.6700,18.5900,19.1000,1408600
2010-08-13,22.0300,22.9697,20.5600,20.7900,974000
2010-08-06,23.3000,23.3699,21.4700,21.9600,884700
2010-07-30,23.7500,25.5100,22.4700,22.9000,1151200
2010-07-23,21.8500,23.9500,21.4400,23.6900,1144200
2010-07-16,21.4500,23.9500,21.0700,21.7200,1950400
2010-07-09,20.4500,21.6200,19.7900,21.5800,720100
2010-07-02,22.0100,22.5000,19.8100,20.1300,1186700
2010-06-25,22.8400,22.9000,20.9100,22.1100,2876600
2010-06-18,19.8400,22.6100,19.6100,22.5200,2131200
2010-06-11,19.6500,20.5300,19.2400,19.7400,1430600
2010-06-04,20.2600,20.7100,19.1000,19.5100,1023300
2010-05-28,21.2300,21.7650,20.0000,20.4600,1587000
2010-05-21,23.8500,24.1300,20.5100,21.3800,1806600
2010-05-14,23.1800,24.9200,23.0900,23.8000,1110300
2010-05-07,23.9500,24.5100,20.3000,22.0000,1884900
2010-04-30,27.0600,27.0600,22.6900,23.9700,4687300
2010-04-23,26.9100,27.1700,25.7700,27.0000,1583600
2010-04-16,28.0700,28.0700,26.0400,26.9300,1412400
2010-04-09,27.1500,28.3800,26.9300,28.0700,1037300
2010-04-01,26.2000,27.7920,25.9000,26.9500,1154700
2010-03-26,27.2900,28.0300,26.1200,26.2800,1459600
2010-03-19,27.2300,28.3700,26.9000,27.3200,1034425
2010-03-12,26.7700,27.4700,26.2200,27.1800,1326100
2010-03-05,24.7800,26.9700,24.6500,26.7400,2983600
2010-02-26,21.8600,24.9400,21.6000,24.5600,2453900
2010-02-19,21.4000,22.0600,20.5300,21.7500,566300
2010-02-12,20.6000,21.5700,19.9400,21.3600,826700
2010-02-05,20.6000,21.4800,20.2500,20.7100,961600
2010-01-29,21.5700,21.7500,20.3800,20.4800,1018000
2010-01-22,22.8500,23.2300,21.2500,21.5000,770100
2010-01-15,22.7100,23.4950,21.5701,22.7600,772200
2010-01-08,22.9800,23.4400,22.4600,22.6900,778000
2009-12-31,22.6100,23.0100,21.6900,22.7200,1522800
2009-12-24,22.7400,23.3300,22.5400,22.6100,617800
2009-12-18,23.0100,24.2200,22.4700,22.7200,1600100
2009-12-11,20.9400,23.2300,20.5300,22.9300,1386700
2009-12-04,20.7700,21.9400,20.2600,21.0100,1290200
2009-11-27,21.6500,22.0200,20.5500,20.8600,704300
2009-11-20,21.8300,22.2300,20.9600,21.3700,1071100
2009-11-13,21.6000,22.1000,20.8500,21.6200,1425400
2009-11-06,21.4200,23.0000,21.2500,21.5200,1888500
2009-10-30,18.2200,21.9800,17.7500,21.2000,1842900
2009-10-23,19.3900,19.8700,18.1600,18.2600,702200
2009-10-16,19.5000,19.9600,18.6000,19.2800,699800
2009-10-09,17.9700,19.2600,16.8100,19.2500,1256900
2009-10-02,18.4700,19.4600,17.9400,17.9500,1428900
2009-09-25,19.4400,19.5700,18.1103,18.3300,531100
2009-09-18,18.5000,20.5000,18.3800,19.6500,984500
2009-09-11,18.0400,18.9400,17.8500,18.6700,462400
2009-09-04,19.2100,19.6900,17.6300,18.0000,908700
2009-08-28,18.9600,19.9200,18.5600,19.3000,873100
2009-08-21,18.1000,19.2900,17.8900,19.1000,827800
2009-08-14,19.1200,19.2300,18.1300,18.3700,582500
2009-08-07,18.6200,19.5500,17.6800,19.2800,1261400
2009-07-31,17.3200,18.7300,16.9300,18.4000,1072400
2009-07-24,17.0800,18.2500,15.5105,17.2900,1793200
2009-07-17,15.7200,17.4600,15.2600,17.0600,1385000
2009-07-10,16.4000,16.5100,15.1000,15.6200,797100
2009-07-02,16.5300,17.4400,16.3900,16.4100,1123800
2009-06-26,16.3600,16.9600,15.3400,16.4400,2133900
2009-06-19,15.3600,16.1900,14.7100,16.1700,1530500
2009-06-12,15.3000,15.8000,15.2000,15.4500,1112600
2009-06-05,14.7500,15.9100,14.4800,15.4700,1650400
2009-05-29,14.0600,14.7800,13.8600,14.5900,1727500
2009-05-22,13.4000,15.1500,13.0300,14.3000,1896000
2009-05-15,15.7800,15.7800,13.0300,13.2900,1587000
2009-05-08,15.0300,15.7000,14.8100,15.5200,1795100
2009-05-01,16.2300,16.4500,14.7700,14.9300,2093900
2009-04-24,16.4400,16.9000,15.2800,16.2700,3216600
2009-04-17,15.7800,17.0000,15.1100,16.7600,1598000
2009-04-09,16.1600,16.4200,14.8700,15.9600,1173500
2009-04-03,15.9000,16.6200,14.8900,16.3200,1780600
2009-03-27,14.8900,16.3800,14.7000,16.1500,2509600
2009-03-20,13.9500,15.7700,13.6800,14.4500,2457200
2009-03-13,12.5400,14.2700,11.8400,13.8700,2715000
2009-03-06,12.3500,13.3799,12.2000,12.6200,3952400
2009-02-27,13.5200,13.6000,11.4200,12.1800,4616600
2009-02-20,13.6600,13.8800,12.4200,13.4100,3301700
2009-02-13,16.5600,16.5860,12.8500,13.8300,14433300
2009-02-06,17.2500,17.7300,15.5000,16.5800,3620800
2009-01-30,19.1600,20.2000,18.7100,18.7600,1396400
2009-01-23,20.3600,21.2800,18.3700,19.1900,2380600
2009-01-16,19.2500,20.5500,18.1600,19.9500,2714700
2009-01-09,19.2000,20.2100,18.6400,19.2700,2104600
2009-01-02,18.8800,20.8174,18.0600,19.2200,2310200
2008-12-26,18.1000,19.1000,17.2700,18.8700,899400
2008-12-19,18.7300,19.8700,17.9200,18.1500,2692100
2008-12-12,19.1000,19.9000,17.4000,18.7300,2665200
2008-12-05,15.7200,19.0600,14.9900,18.7500,3326100
2008-11-28,12.3500,17.1500,12.1100,16.2100,1922000
2008-11-21,13.7100,13.9200,11.0200,12.0300,1758100
2008-11-14,13.9900,15.4300,12.9200,13.7900,1913900
2008-11-07,13.4200,14.9900,13.1200,13.6600,1474400
2008-10-31,11.1700,13.7200,10.8500,13.4300,1740500
2008-10-24,12.0400,12.2900,9.2600,11.3500,2469000
2008-10-17,13.2400,14.5500,11.3200,12.0000,1539300
2008-10-10,14.0600,14.4600,11.4400,13.1300,2396100
2008-10-03,15.2800,15.9100,13.6900,14.4300,1750500
2008-09-26,17.3100,17.6400,14.8400,15.5800,1200900
2008-09-19,17.5100,18.0000,15.1900,17.5600,2361200
2008-09-12,17.7300,18.2400,16.9600,17.7100,961700
2008-09-05,18.4800,18.5000,16.9400,17.5800,1015900
2008-08-29,18.1500,18.5700,17.8300,18.3600,621700
2008-08-22,18.1600,18.4800,17.7100,18.2000,821300
2008-08-15,18.0000,18.5400,17.8600,18.0600,1442500
2008-08-08,17.0100,18.4700,16.6500,18.0000,1423000
2008-08-01,16.6100,18.4300,16.6100,17.0800,1284000
2008-07-25,15.5100,17.0000,15.2200,16.5000,1148500
2008-07-18,14.9800,16.3500,14.5000,15.3900,1256300
2008-07-11,14.4700,14.9800,13.6600,14.8600,1104200
2008-07-03,15.3800,15.5200,13.8000,14.2000,998400
2008-06-27,16.4500,16.6100,15.1800,15.1900,1834400
2008-06-20,17.6600,17.7700,15.9700,16.4200,1521100
2008-06-13,17.6900,18.5200,17.4500,17.8000,1094000
2008-06-06,18.3900,19.1500,17.7400,17.7400,1750100
2008-05-30,18.1900,18.7400,18.0800,18.4400,1084700
2008-05-23,18.3400,18.7100,17.8500,18.2400,1145700
2008-05-16,18.0100,18.6100,17.8300,18.3900,1071100
2008-05-09,17.4100,18.6200,17.0999,17.8000,1391500
2008-05-02,15.6800,17.6900,15.6800,17.6400,1970400
2008-04-25,15.4100,16.3600,14.7800,15.7300,1045700
2008-04-18,14.6100,15.7800,14.3800,15.5700,1046900
2008-04-11,15.4800,16.0200,14.5700,14.6800,1400400
2008-04-04,13.8000,15.5600,13.0700,15.4000,1786500
2008-03-28,13.7100,15.2200,13.2600,13.6700,3141200
2008-03-20,13.5100,14.6200,13.3000,13.6000,1518900
2008-03-14,13.1000,14.3000,12.5200,13.7200,1579700
2008-03-07,13.9700,14.5000,12.8700,13.0900,1363900
2008-02-29,14.4100,15.4600,13.8800,13.9700,1545300
2008-02-22,14.2000,14.9800,13.8100,14.3800,759700
2008-02-15,13.0600,14.5000,12.9500,14.0400,838800
2008-02-08,12.7500,13.7200,12.4500,13.0800,1737500
2008-02-01,12.6100,13.4600,11.4300,12.7100,2346200
2008-01-25,11.8300,13.0500,11.0100,12.6000,2339000
2008-01-18,13.2900,13.7500,11.7500,11.8500,1397900
2008-01-11,14.0200,14.5100,12.8500,12.9900,2340100
2008-01-04,15.0000,15.2500,13.9200,13.9400,1038700
2007-12-28,15.0000,15.8700,14.9800,15.1000,1159400
2007-12-21,12.8700,15.1500,12.7000,14.9800,1923000
2007-12-14,12.4000,13.7100,12.3300,12.9800,2291300
2007-12-07,13.0500,13.2500,12.0300,12.4200,1324700
2007-11-30,12.8500,13.0500,12.2300,12.9900,1876000
2007-11-23,12.6800,13.0700,12.2100,12.9500,1333600
2007-11-16,12.9900,13.2800,12.2000,12.7900,1641000
2007-11-09,13.0400,13.1800,12.4400,12.9600,1274500
2007-11-02,14.3200,14.4700,13.0200,13.0600,2191300
2007-10-26,14.3600,15.0100,13.8500,14.1900,1778000
2007-10-19,16.7600,16.9400,14.3300,14.3300,1166300
2007-10-12,16.2100,16.9000,16.0300,16.6800,1114900
2007-10-05,15.5100,16.7321,15.1400,16.0900,1654500
2007-09-28,15.9100,16.2700,14.9400,15.2300,1758400
2007-09-21,15.8000,17.0900,15.4100,15.8700,1156100
2007-09-14,15.9100,16.2800,15.5000,15.8000,1328400
2007-09-07,16.4600,17.1000,15.8000,15.8600,874000
2007-08-31,15.8900,17.3200,15.4200,16.4900,1637500
2007-08-24,16.5700,16.9200,14.7300,15.9100,3179100
2007-08-17,15.8500,17.3900,15.1300,16.4900,3361200
2007-08-10,16.0900,18.2000,15.2000,15.8400,6336900
2007-08-03,19.7100,20.1100,15.8100,16.0900,4055700
2007-07-27,20.5200,21.4900,19.4400,19.8100,3254500
2007-07-20,22.1500,22.1500,20.3900,20.4300,1207600
2007-07-13,22.4400,22.9500,21.1600,22.0900,1006800
2007-07-06,22.0100,22.5300,21.4200,22.2800,870100
2007-06-29,20.7500,23.0000,20.3600,21.8100,2136000
2007-06-22,20.6300,21.5600,20.1500,20.6200,1199600
2007-06-15,19.3800,21.7500,19.3100,20.5500,1630300
2007-06-08,21.2700,21.6100,19.3500,19.4000,1092600
2007-06-01,20.9200,21.5600,20.4800,21.3000,789900
2007-05-25,19.3400,21.6700,19.3400,20.8800,1819600
2007-05-18,19.3400,19.7500,18.9600,19.4100,1093900
2007-05-11,19.1800,19.4600,18.6400,19.2000,1629400
2007-05-04,20.0200,20.9100,19.3100,19.9300,2407200
2007-04-27,20.8300,22.2700,19.4300,19.5900,3143500
2007-04-20,20.2300,21.2800,19.7800,20.9600,1113800
2007-04-13,20.4300,20.5900,19.3200,20.1000,1145900
2007-04-05,20.9500,20.9600,19.5800,20.4800,1933800
2007-03-30,25.0100,26.3000,18.8800,20.7900,8339300
2007-03-23,24.2900,25.5700,24.1600,25.0000,1245600
2007-03-16,24.3300,24.6500,23.2500,24.0700,1243100
2007-03-09,23.7900,25.2400,23.3500,24.3000,1675200
2007-03-02,26.7600,27.0600,23.8300,23.8900,2595800
2007-02-23,27.7200,29.8100,27.2900,27.8600,1744400
2007-02-16,27.8400,29.0500,27.7200,27.8500,752200
2007-02-09,28.5000,28.5700,27.6600,27.7400,624308
2007-02-02,27.8900,28.6600,25.5600,28.3500,960700
2007-01-26,27.3300,28.1600,26.5500,28.0400,963400
2007-01-19,25.7500,27.5800,25.6900,27.4100,867600
2007-01-12,25.3200,26.2200,24.8501,25.7300,795600
2007-01-05,26.1000,26.6500,25.3300,25.3400,766800
2006-12-29,25.6800,26.1700,25.1600,25.8600,1101000
2006-12-22,27.2000,27.2200,25.5500,25.6100,907600
2006-12-15,26.1600,27.4900,25.8200,27.2100,1219100
2006-12-08,24.9100,26.2400,24.8600,26.2100,1353700
2006-12-01,25.0300,26.1800,24.2100,24.8900,864400
2006-11-24,25.0900,25.6700,24.6900,25.0900,267400
2006-11-17,24.0500,25.6300,23.8200,25.2000,1090900
2006-11-10,22.5800,24.2200,22.1800,24.0000,1361500
2006-11-03,27.2100,27.2100,22.0400,22.5000,2358800
2006-10-27,26.6900,27.7000,25.9101,26.4600,783100
2006-10-20,26.1100,27.6400,25.9200,26.7300,700600
2006-10-13,24.6800,26.1000,24.2100,26.0500,557300
2006-10-06,24.1600,25.3300,23.3200,24.7900,764800
2006-09-29,24.1200,25.5300,23.9500,24.2800,871000
2006-09-22,25.0000,25.5300,23.9400,24.1500,754100
2006-09-15,22.4300,25.1700,22.1100,25.0800,956200
2006-09-08,23.0000,24.3700,22.2200,22.4600,664800
2006-09-01,21.9000,23.4000,21.8200,23.0000,720300
2006-08-25,22.5800,23.1600,21.1900,21.8200,545900
2006-08-18,21.4300,23.5400,21.3400,23.0000,1089400
2006-08-11,21.4000,21.4300,19.6060,21.3000,816100
2006-08-04,20.4100,21.8900,20.1600,21.3800,1497100
2006-07-28,20.8000,22.6300,18.5600,20.2800,1694500
2006-07-21,21.5900,23.2200,20.5400,20.6200,736000
2006-07-14,22.6500,23.3500,21.1200,21.5000,642200
2006-07-07,22.5100,23.3400,22.5100,22.6000,488000
2006-06-30,23.6200,23.8300,21.5100,22.8900,1026600
2006-06-23,22.7000,23.8500,22.2000,23.4600,748500
2006-06-16,21.8600,23.6400,20.8900,22.7200,1067600
2006-06-09,25.4000,25.4500,21.0700,22.5900,1520900
2006-06-02,26.3500,26.7400,25.2800,25.5500,755900
2006-05-26,25.2400,26.5400,23.0000,26.3700,1170400
2006-05-19,26.6500,26.9100,24.3600,25.5900,964900
2006-05-12,28.0300,29.1300,26.8500,26.9800,789900
2006-05-05,25.7200,28.7300,25.4700,28.1600,1311300
2006-04-28,29.4700,29.5200,22.9400,25.4800,3026600
2006-04-21,26.9900,29.6700,26.9900,29.4100,1331600
2006-04-13,27.3700,27.7600,26.7500,27.0600,526500
2006-04-07,26.5800,27.8400,25.9900,27.3700,919000
2006-03-31,26.7400,27.1600,25.8000,26.6000,1189100
2006-03-24,26.4500,26.7100,25.0900,26.6800,1148900
2006-03-17,27.0000,27.5300,26.3300,26.4000,1380500
2006-03-10,27.4000,27.6000,26.1100,26.8400,1205800
2006-03-03,26.7700,27.8700,26.4000,27.2900,1388500
2006-02-24,25.3000,26.7500,23.1700,26.7000,1601100
2006-02-17,24.8800,25.9100,23.2200,25.1500,897300
2006-02-10,24.4200,25.3600,24.1100,24.8500,928400
2006-02-03,25.1000,25.7900,24.1400,24.5500,755900
2006-01-27,22.8600,25.6400,22.4900,25.1500,987600
2006-01-20,23.3900,24.0000,22.6500,22.6800,652900
2006-01-13,19.5000,23.8600,19.5000,23.5500,1464200
2006-01-06,19.3900,19.6500,18.5100,19.3600,631000
2005-12-30,19.4600,20.0000,18.9300,19.3700,469100
2005-12-23,18.9500,19.6200,18.2900,19.5100,512300
2005-12-16,20.9100,20.9900,18.6400,18.7600,875800
2005-12-09,19.9100,20.8800,19.2400,20.8200,702400
2005-12-02,19.9900,20.2400,19.5500,20.0300,439100
2005-11-25,19.7000,20.1000,19.5900,19.7200,297300
2005-11-18,19.6100,20.0500,18.9100,19.6600,657700
2005-11-11,19.6700,20.2200,18.9100,19.4600,604600
2005-11-04,18.0000,20.4500,17.8170,19.8300,1382200
2005-10-28,15.5800,18.3300,14.9000,17.9000,973600
2005-10-21,16.0000,16.2900,15.2500,15.6500,489800
2005-10-14,17.0800,17.0800,15.7500,15.9200,560200
2005-10-07,17.2800,19.2500,16.3300,17.0000,1178100
2005-09-30,17.7600,18.0500,16.8700,17.2900,952100
2005-09-23,19.6800,19.7600,17.3400,17.8400,964800
2005-09-16,19.4100,20.0100,19.0400,19.6300,834400
2005-09-09,19.3500,20.0500,19.0100,19.4100,721600
2005-09-02,19.2200,21.1000,18.9100,19.2700,1198000
2005-08-26,19.8000,19.8000,19.1500,19.2200,662400
2005-08-19,20.6500,21.1700,19.5600,19.7400,679500
2005-08-12,19.9500,20.9000,19.6200,20.5500,1066300
2005-08-05,19.1800,20.7500,18.6500,20.0000,990100
2005-07-29,17.5500,19.4800,17.4300,19.2500,584900
2005-07-22,16.5300,18.1100,16.1600,17.4700,324800
2005-07-15,17.1300,17.7200,16.5200,16.7100,520700
2005-07-08,16.0300,17.2200,15.8600,17.2200,392700
2005-07-01,15.7000,16.2200,15.4700,16.0700,449000
2005-06-24,17.0000,17.2000,15.5600,15.8800,486400
2005-06-17,16.0100,17.5000,15.8400,17.0500,637000
2005-06-10,15.0800,16.4600,15.0700,16.0900,591700
2005-06-03,14.7900,15.2300,14.6900,15.1200,434700
2005-05-27,15.3000,15.3800,14.3900,14.9200,704200
2005-05-20,15.0900,15.6300,14.8600,15.1800,529300
2005-05-13,14.8900,15.7400,14.6800,14.9600,658100
2005-05-06,14.8800,15.2400,13.8600,14.8100,1164000
2005-04-29,16.1300,16.2600,14.5300,14.9100,877700
2005-04-22,14.5900,16.0500,14.5000,15.9900,967500
2005-04-15,14.6000,14.9000,14.3800,14.7000,749800
2005-04-08,14.2900,14.9500,14.1200,14.6900,624600
2005-04-01,15.1500,15.2600,14.0900,14.4200,943200
2005-03-24,14.6100,15.1900,14.3600,15.0000,1140400
2005-03-18,14.2000,15.1200,13.2400,14.6800,2004900
2005-03-11,15.4100,15.7800,13.9600,14.3600,930400
2005-03-04,15.6300,16.2000,14.8000,15.5200,693900
2005-02-25,16.1500,16.1500,14.9000,15.8200,1027000
2005-02-18,15.9900,16.6500,15.6000,15.9400,645100
2005-02-11,16.2600,17.0700,15.8600,16.2300,772900
2005-02-04,16.1400,16.6900,15.3300,16.5100,1825900
2005-01-28,19.5000,20.5000,15.8200,16.1200,2044400
2005-01-21,21.3600,22.9400,19.0500,19.6600,1328600
2005-01-14,21.5400,22.5800,21.2300,21.8300,962500
2005-01-07,22.8000,22.9800,20.6500,21.7000,1106800
2004-12-31,24.4300,24.5600,22.6000,22.6700,860400
2004-12-23,24.4500,24.7200,23.6300,24.3600,304900
2004-12-17,23.1000,24.7000,23.1000,23.9900,755200
2004-12-10,23.2000,23.4400,21.9800,23.4400,919200
2004-12-03,23.2200,24.0100,22.4000,23.1000,864900
2004-11-26,21.2000,23.2500,21.1800,22.7300,467400
2004-11-19,21.8900,22.3900,21.2000,21.3900,566100
2004-11-12,22.4300,22.4500,21.5100,21.8800,812100
2004-11-05,19.6800,22.4000,19.5500,22.1800,1252000
2004-10-29,19.5900,20.7400,19.3000,19.8200,626500
2004-10-22,19.6800,20.1500,19.3100,19.7200,409300
2004-10-15,20.2300,20.8900,19.3300,19.5500,407600
2004-10-08,19.4600,20.2500,19.1500,19.8000,600700
2004-10-01,18.8000,19.4200,18.1900,19.3500,740500
2004-09-24,18.6000,19.1900,18.3000,18.7400,353500
2004-09-17,19.1700,19.6700,18.5900,18.9200,604300
2004-09-10,18.1200,19.7000,17.9900,19.3000,1028300
2004-09-03,17.7600,19.2500,17.4400,18.0000,985000
2004-08-27,18.0100,18.3900,17.5000,17.9000,879200
2004-08-20,17.1900,18.1500,16.8900,18.0000,426900
2004-08-13,16.5700,17.4900,16.5600,17.0500,435800
2004-08-06,17.7500,18.3200,16.5500,16.6100,646400
2004-07-30,16.0000,18.1900,15.8000,17.9700,841500
2004-07-23,16.0600,16.4900,15.7200,16.0100,321100
2004-07-16,16.0100,16.3500,15.7300,16.0800,274900
2004-07-09,15.8700,16.8500,15.8500,16.0500,509900
2004-07-02,15.5400,16.5400,15.3900,16.1200,610000
2004-06-25,15.2000,15.7850,14.5000,15.6500,933200
2004-06-18,15.0500,15.5500,14.9800,15.3500,546500
2004-06-10,15.1100,16.0300,15.1100,15.2000,283500
2004-06-04,15.1100,15.5500,14.9300,15.2500,499500
2004-05-28,14.9300,15.5200,14.9300,15.3000,448900
2004-05-21,14.7400,15.3100,14.5000,15.1600,344500
2004-05-14,14.9600,15.7500,14.5700,15.0200,582600
2004-05-07,16.2500,16.8500,14.9900,15.0000,738100
2004-04-30,16.0000,18.0800,16.0000,16.2400,1228500
2004-04-23,15.6000,16.3300,15.0000,16.1700,311700
2004-04-16,15.7500,16.2000,15.3000,15.7500,356100
2004-04-08,15.8200,16.4600,15.4600,15.7500,469700
2004-04-02,15.1300,16.3800,15.1200,16.0000,567100
2004-03-26,15.0500,15.5500,15.0000,15.2000,897500
2004-03-19,16.0050,16.3400,15.0000,15.3500,1892700
2004-03-12,15.9800,16.3100,15.1500,16.2900,562100
2004-03-05,15.5000,16.4500,15.4700,16.1500,500800
2004-02-27,15.5500,15.9800,15.0000,15.7500,481000
2004-02-20,15.9500,16.4000,15.5500,15.6000,525400
2004-02-13,15.7000,16.4650,15.7000,15.9900,587100
2004-02-06,15.6000,16.4800,15.6000,16.0000,708500
2004-01-30,16.2500,16.7100,15.6500,15.9600,1290200
2004-01-23,18.5100,19.0000,15.6500,16.3600,3391900
2004-01-16,18.2000,19.4000,18.0400,18.6000,1950600
2004-01-09,16.4300,18.2500,16.3800,18.2200,871300
2004-01-02,16.7100,17.1500,16.4100,16.6500,435800
2003-12-26,16.9100,17.0900,16.5000,16.7700,415900
2003-12-19,16.6000,17.2000,15.3200,16.9800,838900
2003-12-12,15.0300,16.7200,14.9900,16.4400,1044200
2003-12-05,14.7500,15.4000,14.7300,15.0800,852100
2003-11-28,14.8300,15.4800,14.8000,15.0700,526900
2003-11-21,14.6200,15.1200,14.6000,14.9000,632800
2003-11-14,14.1100,15.1100,14.1100,14.7100,480100
2003-11-07,14.2400,15.4700,13.8300,14.2400,1377100
2003-10-31,16.4200,17.0500,13.5310,14.3000,3779700
2003-10-24,16.7600,17.4500,16.0500,16.3200,446600
2003-10-17,16.8400,17.5700,16.7200,17.0000,531800
2003-10-10,17.1500,17.4000,16.5000,16.9500,781500
2003-10-03,17.0600,18.3400,16.9200,17.2500,486600
2003-09-26,18.5000,18.5800,17.0000,17.0400,624500
2003-09-19,17.9000,18.7000,17.7500,18.5100,551400
2003-09-12,18.1600,18.1900,17.7900,18.0000,567800
2003-09-05,17.6600,18.7100,17.6600,18.0100,260100
2003-08-29,17.9500,18.5000,17.5400,17.6900,283800
2003-08-22,17.2000,18.4000,17.2000,17.6700,574200
2003-08-15,16.1500,17.5600,16.1500,17.2500,411700
2003-08-08,16.0200,16.2800,15.8400,16.1900,542900
2003-08-01,16.5500,16.8000,16.0000,16.1200,622100
2003-07-25,15.2000,16.7500,15.2000,16.5200,1047800
2003-07-18,17.0000,17.1990,14.7600,15.2000,1890500
2003-07-11,18.0000,19.0000,15.7000,17.0100,1531200
2003-07-03,17.5600,18.1100,17.3400,17.9400,630000
2003-06-27,16.8500,17.6900,16.4900,17.5700,491900
2003-06-20,16.2200,17.3600,16.0700,17.0000,775400
2003-06-13,17.6500,17.7500,16.1000,16.2300,770900
2003-06-06,16.1000,17.8400,15.8500,17.6600,547200
2003-05-30,15.6500,16.4800,15.4100,16.1500,249000
2003-05-23,15.0900,15.8800,14.6800,15.5900,300400
2003-05-16,15.4300,15.6000,15.0500,15.1000,430600
2003-05-09,15.3500,16.0700,15.1300,15.5000,379600
2003-05-02,14.0500,16.1100,14.0500,15.3450,787700
2003-04-25,13.9000,14.6000,13.6100,14.0310,610600
2003-04-17,13.6700,13.9000,13.0000,13.8900,325400
2003-04-11,14.2800,14.6500,12.7300,13.7400,685000
2003-04-04,13.2500,14.2600,13.0700,14.2000,435700
2003-03-28,13.5100,13.8700,12.9000,13.3400,285100
2003-03-21,12.7700,14.0500,12.3000,13.8500,714900
2003-03-14,12.4500,13.1000,12.1100,12.8000,616600
2003-03-07,12.6000,12.8000,12.1300,12.5000,1087500
2003-02-28,13.0200,13.2800,12.6000,12.6000,397600
2003-02-21,13.2000,13.8900,12.9700,13.2000,327000
2003-02-14,13.0000,13.2600,12.7500,12.9500,693700
2003-02-07,13.6500,13.8500,13.0000,13.1000,756100
2003-01-31,15.4200,15.7400,12.5000,13.7300,1266200
2003-01-24,15.6500,16.2500,15.3800,15.6400,492600
2003-01-17,16.6500,17.1100,15.7800,15.8300,878300
2003-01-10,16.6000,17.4200,16.5000,16.7600,658600
2003-01-03,17.5800,17.9500,16.5800,16.5800,713900
2002-12-27,17.7600,18.3400,17.5100,17.6000,298800
2002-12-20,17.9500,18.3300,17.4800,17.9100,1610300
2002-12-13,17.5200,18.0900,16.9600,17.9000,472800
2002-12-06,19.0000,19.2000,17.3400,17.6300,585000
2002-11-29,19.0000,20.1800,18.2500,18.9700,453200
2002-11-22,16.9000,19.0000,16.3200,19.0000,341100
2002-11-15,16.5900,17.2600,16.2400,16.9800,423000
2002-11-08,16.3900,17.1700,16.0000,16.5000,488900
2002-11-01,14.4500,16.4500,14.3000,16.3500,523100
2002-10-25,14.3600,15.0000,14.0500,14.4400,625200
2002-10-18,14.2500,14.5300,13.6000,14.3500,1207600
2002-10-11,12.8100,14.4700,12.7500,14.2500,584900
2002-10-04,14.2600,14.7900,12.6700,12.9300,507700
2002-09-27,14.2300,15.0000,14.1500,14.2700,407300
2002-09-20,16.2000,16.3500,14.3900,14.4100,787900
2002-09-13,16.6900,16.9000,15.9800,16.3700,881900
2002-09-06,15.7800,16.6900,15.3400,16.5500,792100
2002-08-30,16.8100,16.9900,15.7900,15.9700,842600
2002-08-23,16.4900,17.3100,16.0800,16.9000,404900
2002-08-16,16.7500,18.1700,16.3800,16.4800,604600
2002-08-09,16.7500,17.7600,15.5500,16.8900,564700
2002-08-02,16.0500,18.3000,14.8500,16.7100,1315200
2002-07-26,14.8500,16.0500,13.2800,16.0500,1247400
2002-07-19,17.7500,17.7500,14.6800,14.8900,1241000
2002-07-12,19.7000,20.1100,16.3000,17.7300,1283000
2002-07-05,21.3000,21.8100,18.7000,20.4900,614200
2002-06-28,20.8200,22.1000,17.7500,21.1800,979400
2002-06-21,22.1200,23.2400,20.7500,20.8700,944200
2002-06-14,20.1500,22.2700,19.8000,22.1800,1139100
2002-06-07,25.2500,25.4000,19.6500,19.8800,2523500
2002-05-31,26.5000,26.9000,25.2100,25.2600,430500
2002-05-24,27.0500,27.3200,25.5400,26.6100,640300
2002-05-17,27.3200,28.2200,26.6000,26.9800,731000
2002-05-10,26.0000,28.1600,25.9000,27.1400,1122600
2002-05-03,23.1000,26.4000,23.1000,26.1200,1548500
2002-04-26,23.6100,24.6900,23.1100,23.2500,1809500
2002-04-19,27.8100,28.8000,22.2600,23.8000,2630100
2002-04-12,25.7600,27.6000,25.7500,27.3900,516700
2002-04-05,25.2700,26.7300,24.8700,26.3600,547600
2002-03-28,26.4100,26.7000,24.9500,25.2700,912700
2002-03-22,26.2500,26.9300,25.3000,26.4100,937800
2002-03-15,26.4400,26.8600,25.1000,26.8600,647500
2002-03-08,24.5500,26.4200,24.0300,26.1900,1644800
2002-03-01,23.5800,24.9900,23.2900,24.6700,791800
2002-02-22,21.4100,24.2500,21.3600,23.8000,1163700
2002-02-15,20.4000,23.2500,20.3300,21.7700,959900
2002-02-08,23.5000,23.7000,19.6000,20.4200,1546100
2002-02-01,24.2500,24.7500,22.8800,23.4900,834400
2002-01-25,23.0500,24.1500,21.0500,24.1500,1040600
2002-01-18,23.3000,23.3000,21.2500,22.8000,1000900
2002-01-11,26.0000,26.0500,23.0700,23.2500,983100
2002-01-04,26.3800,26.8800,24.5300,25.7700,1108600
2001-12-28,23.9400,26.8000,23.8900,26.3900,955500
2001-12-21,22.7500,24.1300,21.5000,24.0600,1546700
2001-12-14,25.1000,25.4200,21.9500,22.5100,1905800
2001-12-07,21.9500,25.3600,21.5000,25.1000,1280000
2001-11-30,22.3900,22.5500,21.1100,21.9500,1170900
2001-11-23,22.5000,23.0000,20.5000,22.1600,756000
2001-11-16,20.5000,22.5500,18.9200,22.5500,1238200
2001-11-09,19.8000,21.7500,19.8000,20.1500,1161000
2001-11-02,20.1600,20.2600,18.4900,19.9000,1167500
2001-10-26,19.5400,20.9100,18.5400,20.4200,1277400
2001-10-19,19.3500,21.0500,19.0000,19.4200,1504100
2001-10-12,18.5000,20.1900,18.0000,19.1800,2532900
2001-10-05,17.0500,18.7400,16.3900,18.4600,3051500
2001-09-28,17.0000,17.2900,14.9500,17.0500,4441900
2001-09-21,24.2500,24.2500,12.6000,15.9200,12408600
2001-09-10,27.1500,27.5100,25.7000,26.0100,162400
2001-09-07,28.8600,29.0700,26.6400,27.2300,1889000
2001-08-31,30.7000,32.3000,27.5000,28.9100,2127800
2001-08-24,31.5500,32.1000,29.5900,30.5500,888800
2001-08-17,35.4400,36.1500,31.3700,31.6500,1042000
2001-08-10,35.8500,35.8500,33.0300,35.4500,982900
2001-08-03,34.5100,36.4700,33.2500,35.7200,1858800
2001-07-27,34.5800,34.9300,32.0000,34.4300,2380800
2001-07-20,40.4500,43.2000,31.4500,33.1000,7107000
2001-07-13,36.8900,41.0000,36.1500,40.9000,1027800
2001-07-06,36.0000,36.9800,35.5100,36.9800,349800
2001-06-29,33.4800,37.0200,33.3500,36.5000,795300
2001-06-22,36.1300,36.7500,31.5000,33.8900,1234800
2001-06-15,35.9900,37.5000,35.0000,36.1500,1041800
2001-06-08,35.7000,36.4000,35.6600,36.0000,2024100
2001-06-01,35.4700,37.4000,35.2800,35.8000,1566400
2001-05-25,34.1200,35.7100,33.0000,35.3700,1492400
2001-05-18,35.2400,35.2400,34.3700,34.3700,1869300
2001-05-11,34.0500,35.2100,33.3500,35.1100,1412600
2001-05-04,34.1500,35.1500,33.3500,34.2200,992200
2001-04-27,28.7500,34.4000,28.3400,33.9900,2542100
2001-04-20,28.6900,29.4400,26.4800,28.8400,2345000
2001-04-12,29.0000,29.5900,28.2500,28.6000,572900
2001-04-06,32.3100,32.5600,28.8800,29.0000,763600
2001-03-30,30.3800,32.6200,30.1200,32.6200,1260600
2001-03-23,29.2500,30.3800,26.8800,30.3800,2078100
2001-03-16,35.7500,36.2500,28.1200,29.2500,2109000
2001-03-09,35.0600,38.2500,34.5000,36.9200,2481600
2001-03-02,33.8100,34.9400,33.1200,34.1900,1025400
2001-02-23,35.9500,36.5000,32.5000,33.8100,593000
2001-02-16,31.7500,37.0600,31.7500,35.9400,835300
2001-02-09,35.6900,36.8800,31.0000,31.1200,737200
2001-02-02,35.6900,36.0000,33.8800,35.8100,838100
2001-01-26,33.6200,38.3100,33.0000,36.0000,731500
2001-01-19,36.5000,38.3100,34.0000,34.0600,914100
2001-01-12,34.1900,36.7500,33.2500,35.8100,1414300
2001-01-05,40.3800,41.0600,29.2500,34.9400,1314000
2000-12-29,36.1200,41.5000,36.1200,39.8800,1379500
2000-12-22,36.9400,37.2500,34.3100,37.0000,686800
2000-12-15,36.5600,37.1200,33.9400,36.5000,461700
2000-12-08,35.6900,37.1200,34.2500,36.8800,1402800
2000-12-01,32.5000,36.0600,32.5000,35.5600,926800
2000-11-24,34.5000,34.8600,31.6200,33.3100,363300
2000-11-17,35.7500,38.1200,34.0000,34.6200,542700
2000-11-10,35.6200,36.8100,34.7500,35.8800,586500
2000-11-03,33.2500,36.0000,33.2500,35.7500,576300
2000-10-27,36.0000,36.0000,29.5000,34.1200,538400
2000-10-20,34.8100,36.5600,33.7500,35.9400,557800
2000-10-13,33.9800,35.0000,33.2500,34.8100,348200
2000-10-06,33.7500,34.6900,33.0000,33.7500,271200
2000-09-29,32.5000,35.0000,31.0000,33.6200,331500
2000-09-22,33.2500,34.5600,31.1900,31.6900,494700
2000-09-15,32.1600,34.6200,31.5000,34.3100,500600
2000-09-08,30.8800,33.0000,30.2500,32.1200,331200
2000-09-01,29.0000,32.5000,28.3800,30.8100,567500
2000-08-25,28.7500,29.5000,27.8800,28.6900,294700
2000-08-18,25.6200,29.3800,25.5000,28.0600,1190600
2000-08-11,24.1200,26.5000,24.0000,25.7500,1463900
2000-08-04,24.5000,24.5000,23.0000,24.0000,395200
2000-07-28,27.0000,27.2500,22.5000,24.0600,2592500
2000-07-21,29.2500,30.3800,27.0000,27.0600,1126800
2000-07-14,24.7500,32.1200,24.5000,30.8800,2219300
2000-07-07,27.0300,28.0000,23.2500,24.8800,1787900
2000-06-30,26.1900,28.2500,24.1200,27.1200,2547700
2000-06-23,33.5000,33.5000,24.7000,26.8800,899400
2000-06-16,36.0000,36.6200,31.0000,33.5000,337500
2000-06-09,35.5000,37.0000,34.1200,36.5000,347900
2000-06-02,32.2500,37.4400,32.2500,37.3800,693700
2000-05-26,32.0000,34.0000,29.6200,32.7500,758200
2000-05-19,35.5600,36.0000,30.0000,33.0800,539800
2000-05-12,35.5000,36.1200,34.3800,35.5600,832300
2000-05-05,33.6200,35.5600,33.1200,35.5000,583900
2000-04-28,33.8800,34.3800,32.2500,33.5600,856900
2000-04-20,35.9400,37.2500,28.5000,33.5600,1686400
2000-04-14,33.3800,38.0000,33.0000,36.0000,2304700
2000-04-07,31.2500,33.7500,30.4400,33.0600,1409600
2000-03-31,30.3800,31.2500,28.0000,30.6200,449000
2000-03-24,27.8100,31.5000,26.9400,30.6200,436300
2000-03-17,27.0000,30.1200,25.5000,26.8800,422000
2000-03-10,29.5000,30.5000,25.7500,27.6200,465400
2000-03-03,27.9400,30.5000,25.3100,30.3400,426700
2000-02-25,28.5000,28.5000,26.0000,27.4400,284800
2000-02-18,23.7500,29.1200,23.6900,28.5000,466600
2000-02-11,25.2500,25.2500,22.9400,23.8100,643800
2000-02-04,27.6900,27.6900,24.0000,24.7500,717700
2000-01-28,29.0600,29.1600,26.5000,27.5900,690100
2000-01-21,26.2500,30.0000,26.1900,29.5000,662600
2000-01-14,26.5000,26.6200,25.0000,26.1900,344300
