timestamp,open,high,low,close,volume
2018-02-27,2.3400,2.3400,2.2140,2.2299,168092
2018-02-23,2.3500,2.3900,2.1800,2.3000,460434
2018-02-16,2.2400,2.4700,2.2100,2.3500,499958
2018-02-09,2.5200,2.5700,2.1600,2.2000,935562
2018-02-02,2.7000,2.7000,2.4600,2.5200,464874
2018-01-26,2.8400,2.8400,2.5600,2.7000,719777
2018-01-19,2.8800,2.9598,2.7500,2.8200,513669
2018-01-12,3.2500,3.3190,2.7800,2.9400,1046614
2018-01-05,2.7100,3.3700,2.6900,3.2300,1793203
2017-12-29,2.8300,2.8396,2.6700,2.7100,542906
2017-12-22,3.0600,3.0999,2.8100,2.8400,878172
2017-12-15,2.5600,3.1329,2.4900,3.0600,2623147
2017-12-08,2.5700,2.8400,2.3350,2.5800,1740447
2017-12-01,2.8900,2.9300,2.5000,2.5300,686724
2017-11-24,3.1900,3.2000,2.9100,2.9300,300402
2017-11-17,3.1100,3.3000,3.0200,3.1900,359877
2017-11-10,3.5900,3.6000,3.0700,3.1200,274096
2017-11-03,3.5400,3.6300,3.3700,3.5300,152748
2017-10-27,3.8900,3.9000,3.4300,3.5400,312779
2017-10-20,3.7400,3.9500,3.4000,3.8200,330507
2017-10-13,3.7000,3.7700,3.5700,3.6700,197611
2017-10-06,4.1000,4.1000,3.6000,3.7000,398088
2017-09-29,3.3500,4.1000,3.0100,4.0900,1162564
2017-09-22,3.4500,3.5700,3.2600,3.3600,345154
2017-09-15,3.2700,3.6800,3.1900,3.5000,505820
2017-09-08,3.3300,3.3500,3.0600,3.2600,310766
2017-09-01,3.7000,3.7000,3.3000,3.3400,393691
2017-08-25,2.9200,3.7900,2.8700,3.7100,429200
2017-08-18,3.2100,3.2800,2.6200,2.9100,520768
2017-08-11,3.8600,3.8800,3.1200,3.1800,374432
2017-08-04,4.0900,4.0900,3.8400,3.8900,285697
2017-07-28,4.0400,4.3300,3.8500,4.0500,522525
2017-07-21,3.9100,4.1500,3.6600,4.0500,591891
2017-07-14,3.8500,4.1500,3.7300,3.9100,327113
2017-07-07,3.7000,3.9000,3.6000,3.8800,192606
2017-06-30,3.9500,4.0900,3.7000,3.7500,264030
2017-06-23,3.8000,3.9400,3.4800,3.9000,546456
2017-06-16,3.9200,4.0300,3.6100,3.7400,426932
2017-06-09,4.4000,4.4000,3.9000,3.9800,416651
2017-06-02,4.6100,4.8200,4.2800,4.3300,168270
2017-05-26,4.2100,4.8300,4.1500,4.6100,182268
2017-05-19,4.5100,4.6500,3.9800,4.2500,293063
2017-05-12,3.9900,4.5800,3.9800,4.4300,388109
2017-05-05,4.5600,4.6200,3.9700,3.9900,515090
2017-04-28,4.4100,4.9900,4.3800,4.5700,558228
2017-04-21,4.4600,4.5300,4.3000,4.3800,543388
2017-04-13,4.0800,4.6300,3.3700,4.4500,3469781
2017-04-07,4.7000,5.0400,3.5500,4.2800,1319791
2017-03-31,5.0500,6.1000,4.1600,4.8100,1582958
2017-03-24,4.9800,5.2900,4.7000,5.1600,330583
2017-03-17,5.2500,5.3400,4.3800,5.0800,536525
2017-03-10,5.1500,5.4500,4.6200,5.2400,1021987
2017-03-03,4.8200,5.3000,4.6300,5.0900,908828
2017-02-24,4.2800,5.2800,4.1300,4.7500,2061399
2017-02-17,3.3600,4.1700,3.2400,4.1100,2267291
2017-02-10,2.3800,3.6900,2.1500,3.3400,12454488
2017-02-03,2.5000,2.5400,2.2700,2.3000,88032
2017-01-27,2.4300,2.6300,2.3600,2.6300,89517
2017-01-20,2.5600,2.6200,2.3590,2.3700,38379
2017-01-13,2.3200,2.5900,2.3200,2.5200,55905
2017-01-06,2.3400,2.6300,2.2400,2.3400,160753
2016-12-30,2.3870,2.5300,2.3200,2.4100,131914
2016-12-23,2.5000,2.6500,2.3200,2.3900,123652
2016-12-16,2.8000,2.9050,2.2310,2.3700,176442
2016-12-09,2.9000,3.0700,2.7300,2.7500,121623
2016-12-02,2.9600,3.1500,2.6659,3.0700,52744
2016-11-25,3.0000,3.0400,2.8632,2.9700,41731
2016-11-18,3.0548,3.0900,2.8800,3.0000,87787
2016-11-11,3.2000,3.2500,2.5110,3.0200,123961
2016-11-04,3.3200,3.5792,3.0650,3.2700,340048
2016-10-28,2.9800,3.3200,2.8000,3.3000,1108172
2016-10-21,2.8300,3.0700,2.6600,2.9900,953609
2016-10-14,2.8900,3.0400,2.6600,2.7700,229126
2016-10-07,3.2000,3.2899,2.6500,2.6700,312134
2016-09-30,2.7600,3.2500,2.5100,3.2100,586428
2016-09-23,2.4100,2.7900,2.0500,2.7900,481536
2016-09-16,2.4000,2.4400,2.2100,2.4100,187852
2016-09-09,2.5500,2.6400,2.3800,2.4801,111548
2016-09-02,2.2100,2.7500,1.9500,2.5600,353515
2016-08-26,1.8000,2.4700,1.7100,2.1900,1598922
2016-08-19,1.8990,1.9000,1.7200,1.8600,39716
2016-08-12,1.7500,2.0800,1.7500,1.7900,324303
2016-08-05,1.7400,1.8400,1.6600,1.8000,66544
2016-07-29,1.6949,1.9900,1.5800,1.7400,253743
2016-07-22,1.8500,1.8500,1.6400,1.7100,119965
2016-07-15,1.5800,1.8800,1.5600,1.6700,133593
2016-07-08,1.5900,1.8300,1.5600,1.5600,98682
2016-07-01,1.7000,1.7000,1.5700,1.6800,54531
2016-06-24,1.7500,1.7500,1.5401,1.7200,87497
2016-06-17,1.6600,1.7500,1.6000,1.7500,198664
2016-06-10,1.0500,3.4199,1.0201,1.6800,3249031
2016-06-03,1.0100,1.1000,0.9600,1.0400,55209
2016-05-27,1.0800,1.1100,0.9530,1.0900,126062
2016-05-20,1.2300,1.2800,0.9727,1.0800,143030
2016-05-13,1.3700,1.3800,1.2000,1.2139,31423
2016-05-06,1.3700,1.6800,1.1000,1.3700,120393
2016-04-29,1.5200,1.5500,1.4100,1.4100,18056
2016-04-22,1.6100,1.7280,1.4301,1.5500,67452
2016-04-15,1.5304,1.7600,1.4100,1.6500,83978
2016-04-08,1.1701,1.6700,1.1700,1.4896,65569
2016-04-01,1.1400,1.2700,1.1100,1.1600,69772
2016-03-24,1.0899,1.1400,1.0899,1.1399,42467
2016-03-18,1.1200,1.1600,1.0100,1.0800,90026
2016-03-11,1.1900,1.1900,1.1000,1.1200,45697
2016-03-04,1.1500,1.3500,1.0500,1.2000,188784
2016-02-26,1.2672,1.2672,1.0800,1.0800,54765
2016-02-19,1.1530,1.3100,1.0101,1.1900,45990
2016-02-12,1.1250,1.1500,1.0100,1.1340,31907
2016-02-05,1.5000,1.5800,1.1600,1.2000,39692
2016-01-29,1.3100,1.4815,1.1500,1.4815,38312
2016-01-22,1.5500,1.6000,1.1600,1.3799,41859
2016-01-15,1.8400,1.9000,1.1400,1.4400,41809
2016-01-08,1.8900,1.9000,1.8500,1.8500,11095
2015-12-31,1.7400,1.9300,1.7400,1.8800,18608
2015-12-24,1.8300,2.0000,1.7700,1.7700,7860
2015-12-18,2.0200,2.0200,1.8500,1.8500,15384
2015-12-11,1.9400,2.0000,1.8000,1.9400,31777
2015-12-04,1.7996,2.0000,1.7996,1.9800,34915
2015-11-27,1.8900,1.9050,1.7200,1.7400,66722
2015-11-20,2.0300,2.0300,1.8100,1.8600,90605
2015-11-13,2.0500,2.2260,1.9500,2.0500,91908
2015-11-06,2.0800,2.2500,1.9500,2.1200,103095
2015-10-30,2.1000,2.1600,2.0400,2.0600,66882
2015-10-23,2.2700,2.2700,2.0600,2.1000,44976
2015-10-16,2.3300,2.4500,2.1800,2.3000,53150
2015-10-09,2.3400,2.4100,2.2200,2.3100,77975
2015-10-02,2.5000,2.5700,2.1400,2.3500,132877
2015-09-25,2.2200,2.5900,2.1150,2.4599,136336
2015-09-18,2.2270,2.4000,2.1500,2.1500,31832
2015-09-11,2.3000,2.3000,2.0806,2.2700,19398
2015-09-04,2.4000,2.4000,2.2100,2.2600,43458
2015-08-28,2.1500,2.4070,2.0200,2.2700,50283
2015-08-21,2.2100,2.2500,2.1100,2.1600,27796
2015-08-14,2.2300,2.2800,2.0700,2.2500,76688
2015-08-07,2.1690,2.2700,2.0500,2.2200,23674
2015-07-31,2.0500,2.4100,2.0300,2.2400,101233
2015-07-24,2.0200,2.1500,1.9501,2.0500,88987
2015-07-17,2.1462,2.2490,1.9800,2.0201,65711
2015-07-10,2.3000,2.3800,2.0400,2.0984,71208
2015-07-02,2.0999,2.3800,2.0000,2.2600,69686
2015-06-26,2.1700,2.1800,2.0100,2.0600,85837
2015-06-19,2.2100,2.2500,2.1500,2.1700,42859
2015-06-12,2.4223,2.4223,2.1600,2.1700,37618
2015-06-05,2.3400,2.4899,2.3000,2.4899,34470
2015-05-29,2.2000,2.4700,2.2000,2.4000,58658
2015-05-22,2.2201,2.3600,2.1850,2.2500,27088
2015-05-15,2.4400,2.5799,2.2000,2.2300,184394
2015-05-08,2.5400,2.7000,2.4200,2.5700,248912
2015-05-01,2.2700,2.7200,2.1900,2.5800,413522
2015-04-24,2.2400,2.2800,2.0300,2.0700,27306
2015-04-17,2.2000,2.3388,2.0300,2.3100,83314
2015-04-10,2.0500,2.2000,1.9700,2.0900,108697
2015-04-02,2.3200,2.5000,1.8700,2.0600,156006
2015-03-27,2.6923,2.7800,2.3000,2.4000,45457
2015-03-20,2.5828,2.8559,2.4600,2.6100,68661
2015-03-13,2.6400,2.6500,2.3933,2.6000,53928
2015-03-06,2.6390,2.6500,2.4690,2.5960,23361
2015-02-27,2.3900,2.6800,2.3900,2.6399,69409
2015-02-20,2.4913,2.4913,2.3500,2.3900,10277
2015-02-13,2.5100,2.5400,2.3800,2.4700,29471
2015-02-06,2.5500,2.7000,2.4000,2.5100,49808
2015-01-30,2.3999,2.6600,2.2100,2.6600,76728
2015-01-23,2.5700,2.5800,2.1800,2.1800,21636
2015-01-16,2.6400,2.7900,2.3267,2.4500,42554
2015-01-09,2.7000,2.8000,2.4100,2.6200,56784
2015-01-02,2.7500,2.7500,2.4628,2.7500,49555
2014-12-26,2.8000,2.8000,2.5100,2.7100,64104
2014-12-19,2.6000,2.7990,2.3110,2.7800,57468
2014-12-12,2.7200,2.8000,2.5500,2.6500,52927
2014-12-05,2.7200,2.7501,2.6300,2.7100,40155
2014-11-28,2.4190,2.7500,2.2200,2.6700,75628
2014-11-21,2.4200,2.5390,2.3400,2.4400,51173
2014-11-14,2.5400,2.5945,2.3700,2.4300,25751
2014-11-07,2.6700,2.8000,2.3600,2.5700,64590
2014-10-31,2.6000,2.7200,2.3400,2.6500,124740
2014-10-24,1.9500,2.6500,1.9400,2.5500,135118
2014-10-17,1.9013,1.9800,1.8200,1.9468,32553
2014-10-10,2.2500,2.3770,1.8000,1.8000,157094
2014-10-03,2.5000,2.5500,2.1500,2.2500,164678
2014-09-26,2.4800,2.5500,2.4000,2.4600,65611
2014-09-19,2.5190,2.5300,2.4100,2.5300,27523
2014-09-12,2.5900,2.5900,2.3700,2.4900,21413
2014-09-05,2.5300,2.6400,2.5300,2.5900,38343
2014-08-29,2.6999,2.6999,2.3730,2.5400,77226
2014-08-22,2.5700,2.7700,2.5700,2.6300,44899
2014-08-15,2.7500,2.8300,2.3630,2.5800,84631
2014-08-08,2.7000,2.8900,2.4700,2.7400,92863
2014-08-01,2.7500,2.9199,2.6100,2.7400,162469
2014-07-25,2.9600,3.1500,2.6500,2.7900,316539
2014-07-18,2.8700,3.2400,2.6500,3.0300,282727
2014-07-11,2.3895,2.9500,2.3300,2.8650,150901
2014-07-03,1.9800,2.5800,1.9500,2.4900,81814
2014-06-27,2.2001,2.2500,1.9200,1.9590,93226
2014-06-20,2.2800,2.3800,2.1400,2.2600,47408
2014-06-13,2.2700,2.4000,2.1000,2.2300,77449
2014-06-06,2.2605,2.3507,2.2100,2.3300,16215
2014-05-30,1.9000,2.3800,1.9000,2.2605,72493
2014-05-23,1.8100,2.0300,1.7500,1.9130,31898
2014-05-16,2.4200,2.4700,1.8300,1.8600,82549
2014-05-09,2.4300,2.6000,2.2600,2.4300,87660
2014-05-02,2.5310,2.6000,2.4300,2.5700,31624
2014-04-25,2.6500,2.7000,2.5000,2.5900,16330
2014-04-17,2.7510,2.8500,2.5900,2.6900,21175
2014-04-11,2.5600,2.9200,2.4800,2.7600,94842
2014-04-04,2.7300,2.9000,2.4700,2.6300,54066
2014-03-28,2.8900,3.0331,2.6100,2.8000,202123
2014-03-21,2.6900,2.9900,2.6000,2.9600,198816
2014-03-14,2.5500,3.0000,2.4700,2.7000,162782
2014-03-07,2.3500,2.5500,2.2100,2.5000,121436
2014-02-28,2.4100,2.5100,2.3500,2.3500,45377
2014-02-21,2.5000,2.8300,2.4100,2.4800,114609
2014-02-14,2.3700,2.6000,2.2781,2.5100,80012
2014-02-07,2.6000,2.6000,2.2299,2.3400,122537
2014-01-31,2.7400,2.7400,2.5100,2.5100,66913
2014-01-24,2.7500,2.9500,2.7000,2.7500,69805
2014-01-17,2.7700,3.0700,2.6450,2.7800,61758
2014-01-10,2.9900,3.3633,2.5500,2.9400,400054
2014-01-03,2.8000,3.3500,2.8000,3.0600,177478
2013-12-27,2.6400,2.8900,2.6300,2.8500,66615
2013-12-20,2.8500,3.0101,2.6000,2.6700,97713
2013-12-13,2.9200,3.4800,2.5500,2.7600,438272
2013-12-06,2.8900,3.1000,2.7000,2.9080,298742
2013-11-29,2.5300,2.9500,2.4100,2.8300,336737
2013-11-22,2.5000,2.8540,2.3800,2.4600,211849
2013-11-15,2.3600,2.4899,2.2200,2.4899,54204
2013-11-08,2.6000,2.6700,2.2700,2.4100,137546
2013-11-01,2.6500,2.7400,2.5500,2.5600,77387
2013-10-25,2.6400,2.8700,2.6000,2.7000,119319
2013-10-18,2.4600,2.9000,2.3700,2.8300,160718
2013-10-11,3.0700,3.0700,2.2500,2.5400,385601
2013-10-04,2.3400,3.5900,2.2601,3.0700,960420
2013-09-27,1.7600,2.7000,1.6900,2.2600,271326
2013-09-20,1.7400,2.0000,1.6500,1.7300,86088
2013-09-13,1.6400,1.8700,1.6100,1.7300,91772
2013-09-06,1.5600,1.6800,1.4600,1.6400,16254
2013-08-30,1.6900,1.6900,1.5600,1.5600,29906
2013-08-23,1.7010,1.8500,1.6100,1.6900,28475
2013-08-16,1.7600,1.9000,1.7000,1.7700,113042
2013-08-09,1.5700,1.7899,1.5400,1.7200,52533
2013-08-02,1.5200,1.6790,1.4560,1.5500,57618
2013-07-26,1.7000,1.7000,1.2800,1.5200,147415
2013-07-19,1.9200,2.0500,1.6500,1.7000,182055
2013-07-12,1.3900,2.0099,1.3400,1.9700,334720
2013-07-05,1.3590,1.3700,1.3000,1.3700,4000
2013-06-28,1.3000,1.3700,1.2700,1.3700,18975
2013-06-21,1.3700,1.3800,1.3000,1.3800,19737
2013-06-14,1.4500,1.4500,1.2400,1.3701,45841
2013-06-07,1.4700,1.4700,1.2500,1.3900,57472
2013-05-31,1.4000,1.4500,1.2600,1.4390,28404
2013-05-24,1.2201,1.4200,1.2200,1.4000,45352
2013-05-17,1.1800,1.5000,1.1600,1.2240,71618
2013-05-10,1.0500,1.1900,1.0500,1.1650,106444
2013-05-03,1.0700,1.1000,0.8802,1.0100,37472
2013-04-26,1.0300,1.1000,0.9900,1.0780,54232
2013-04-19,1.0900,1.1000,0.9900,1.0100,32191
2013-04-12,1.0800,1.1700,0.9900,1.0900,67840
2013-04-05,1.1200,1.1500,1.0500,1.0800,47500
2013-03-28,1.1200,1.1800,1.0200,1.1200,55265
2013-03-22,0.8900,1.1600,0.7200,1.0500,189250
2013-03-15,0.9800,0.9800,0.7900,0.7900,22390
2013-03-08,0.8502,0.8697,0.8300,0.8500,21456
2013-03-01,0.8800,0.9008,0.8500,0.8602,8024
2013-02-22,0.9001,0.9800,0.8802,0.8810,3446
2013-02-15,0.9699,1.0100,0.8800,0.8800,32656
2013-02-08,0.9400,1.0000,0.8900,0.9900,35801
2013-02-01,0.8800,0.9599,0.8800,0.9200,30159
2013-01-25,0.9200,0.9710,0.8800,0.8930,11899
2013-01-18,0.9400,0.9900,0.8800,0.9808,16923
2013-01-11,0.8901,1.1100,0.8500,0.8500,142434
2013-01-04,1.0500,1.0500,0.8000,0.9097,31426
2012-12-28,0.8250,0.8799,0.8000,0.8000,14673
2012-12-21,0.9200,1.0400,0.8000,0.8000,101462
2012-12-14,0.8500,1.0000,0.8500,0.9200,36795
2012-12-07,0.8700,0.8700,0.7521,0.8500,29836
2012-11-30,0.7600,0.8999,0.7240,0.8999,29025
2012-11-23,0.7500,0.7900,0.6640,0.7600,35862
2012-11-16,0.9600,0.9800,0.6600,0.8000,150935
2012-11-09,0.8700,1.0200,0.7720,1.0200,62080
2012-11-02,0.9400,1.0000,0.8020,0.8900,35878
2012-10-26,1.0000,1.0400,0.9400,0.9400,2200
2012-10-19,1.0000,1.0900,0.9200,1.0000,88957
2012-10-12,1.2200,1.2300,0.9601,1.0500,42026
2012-10-05,1.1000,1.2700,1.1000,1.2200,29222
2012-09-28,1.2500,1.2500,1.0900,1.0900,9302
2012-09-21,1.1300,1.2800,1.0500,1.2800,44250
2012-09-14,1.0601,1.1000,1.0500,1.1000,3280
2012-09-07,1.0600,1.1762,1.0500,1.0601,10993
2012-08-31,1.1200,1.2300,1.1000,1.1000,11800
2012-08-24,1.0500,1.2400,1.0500,1.1200,21199
2012-08-17,1.1700,1.2500,1.0600,1.0600,24119
2012-08-10,1.0000,1.2900,1.0000,1.1100,20641
2012-08-03,1.2020,1.2020,1.0000,1.0000,16412
2012-07-27,1.2500,1.2700,1.2000,1.2020,9680
2012-07-20,1.2900,1.3000,1.1900,1.2500,27699
2012-07-13,1.3000,1.3400,1.2499,1.3399,22810
2012-07-06,1.1000,1.2650,1.1000,1.2500,18322
2012-06-29,1.2500,1.3400,1.1100,1.2200,34158
2012-06-22,1.2700,1.2700,1.2100,1.2600,34986
2012-06-15,1.1600,1.3400,1.1500,1.2900,32686
2012-06-08,1.1620,1.3200,1.1600,1.2200,19100
2012-06-01,1.0800,1.2700,1.0500,1.2499,28035
2012-05-25,1.0900,1.2800,1.0500,1.1700,30999
2012-05-18,1.2700,1.4300,1.0900,1.0901,50676
2012-05-11,1.4100,1.4100,1.1500,1.3000,32318
2012-05-04,1.4600,1.5600,1.4000,1.4000,36404
2012-04-27,1.5100,1.6300,1.3800,1.4801,74850
2012-04-20,1.2500,1.6500,1.2500,1.4800,189380
2012-04-13,1.0600,1.3700,0.9800,1.2501,163079
2012-04-05,0.9700,1.3800,0.9700,1.0501,207193
2012-03-30,0.7400,0.9701,0.6900,0.9700,256483
2012-03-23,0.7500,0.7500,0.7100,0.7400,13420
2012-03-16,0.7500,0.8700,0.7000,0.7500,26428
2012-03-09,0.7400,0.7400,0.6905,0.7086,36460
2012-03-02,0.7400,0.8000,0.6900,0.6900,68468
2012-02-24,0.8601,0.8601,0.7399,0.7800,41678
2012-02-17,0.8100,0.9000,0.7615,0.8605,32867
2012-02-10,0.7700,1.0000,0.7600,0.7800,93293
2012-02-03,0.7600,0.9200,0.7000,0.7700,42999
2012-01-27,0.8999,0.9200,0.7700,0.8693,85660
2012-01-20,0.8000,0.9200,0.7760,0.9000,59156
2012-01-13,0.6560,0.7900,0.6462,0.7500,151385
2012-01-06,0.6500,0.9200,0.5900,0.7300,105059
2011-12-30,0.6000,0.6600,0.5100,0.5200,168594
2011-12-23,0.7850,0.7850,0.5499,0.6600,23900
2011-12-16,0.5200,0.6900,0.5200,0.6000,29708
2011-12-09,0.6999,0.7000,0.5141,0.5700,57105
2011-12-02,0.5600,0.7200,0.4700,0.5900,133887
2011-11-25,0.5720,0.6500,0.4000,0.5000,984545
2011-11-18,0.7000,0.7500,0.5310,0.6992,58709
2011-11-11,0.8800,0.9200,0.6424,0.6900,111970
2011-11-04,0.9001,0.9500,0.8800,0.8800,29106
2011-10-28,0.7700,0.9500,0.7400,0.9001,22653
2011-10-21,0.8500,0.8800,0.7610,0.7912,37109
2011-10-14,0.9500,0.9500,0.7346,0.8501,79168
2011-10-07,0.9200,1.0100,0.7000,0.8700,24245
2011-09-30,1.0000,1.0000,0.7600,0.9100,41584
2011-09-23,1.0500,1.0653,0.8200,0.8200,68841
2011-09-16,1.1300,1.1900,1.0300,1.0500,107901
2011-09-09,1.1300,1.2097,1.1100,1.1600,16862
2011-09-02,1.1700,1.2500,1.0600,1.1200,22728
2011-08-26,1.2200,1.2200,1.0100,1.1500,30233
2011-08-19,1.3000,1.4000,1.1400,1.2100,62770
2011-08-12,1.3000,1.3300,1.2000,1.2700,67234
2011-08-05,1.3900,1.4000,1.2000,1.3600,38655
2011-07-29,1.5100,1.5600,1.4000,1.4500,42673
2011-07-22,1.3200,1.7300,1.3200,1.5600,90766
2011-07-15,1.2900,1.3600,1.2500,1.3600,16947
2011-07-08,1.3500,1.3800,1.1600,1.2500,39386
2011-07-01,1.3000,1.3900,1.1600,1.3400,55109
2011-06-24,1.1600,1.3600,1.1300,1.3000,24097
2011-06-17,1.4100,1.4100,1.1500,1.2500,94024
2011-06-10,1.4600,1.4773,1.2700,1.3800,34509
2011-06-03,1.5500,1.8500,1.4100,1.4800,475469
2011-05-27,1.5600,1.6500,1.4500,1.5000,82520
2011-05-20,1.6001,1.6400,1.5400,1.6080,55038
2011-05-13,1.4500,2.0800,1.4500,1.6200,562241
2011-05-06,1.4900,1.8100,1.3500,1.4500,365137
2011-04-29,1.5700,1.8200,1.2700,1.4600,319357
2011-04-21,1.6300,1.6800,1.5600,1.5800,45691
2011-04-15,1.6500,1.6800,1.5900,1.6500,40330
2011-04-08,1.8400,1.8900,1.5200,1.6300,210480
2011-04-01,2.1800,2.2486,1.7000,1.8799,98829
2011-03-25,1.6700,2.2800,1.6000,2.1800,170043
2011-03-18,2.1100,2.1200,1.5400,1.6600,171084
2011-03-11,1.8100,2.3899,1.8000,2.1653,171203
2011-03-04,1.8300,2.0400,1.6700,1.9000,179589
2011-02-25,1.5800,1.8900,1.5000,1.7900,122094
2011-02-18,1.5700,1.7800,1.4300,1.5600,208035
2011-02-11,1.4600,1.8500,1.4500,1.6000,345278
2011-02-04,1.2700,1.4500,1.2500,1.4500,62573
2011-01-28,1.3500,1.4000,1.1800,1.2800,122143
2011-01-21,1.3900,1.4900,1.2600,1.3600,142343
2011-01-14,1.3300,1.5200,1.2500,1.3800,217469
2011-01-07,1.2000,1.3500,1.1000,1.3000,141173
2010-12-31,1.2600,1.3200,1.2000,1.2000,112790
2010-12-23,1.2900,1.3600,1.2500,1.2900,69794
2010-12-17,1.2900,1.3600,1.1200,1.2700,305211
2010-12-10,0.9700,1.3100,0.9700,1.2800,417492
2010-12-03,0.9700,1.0200,0.9215,0.9600,217799
2010-11-26,0.9500,0.9999,0.9200,0.9505,53468
2010-11-19,0.9700,1.0900,0.9500,0.9500,197272
2010-11-12,1.0800,1.2200,0.9100,0.9400,196803
2010-11-05,1.2000,1.2500,1.0800,1.0800,178468
2010-10-29,1.2200,1.3900,1.1600,1.2000,373753
2010-10-22,1.2800,1.2899,1.1800,1.2199,44168
2010-10-15,1.3300,1.3300,1.1800,1.2500,83363
2010-10-08,1.4400,1.5900,1.3100,1.3201,46274
2010-10-01,1.3600,1.7500,1.2800,1.4300,169491
2010-09-24,1.2700,1.5800,1.2700,1.3600,36412
2010-09-17,1.2700,1.3200,1.1700,1.3000,34492
2010-09-10,1.2800,1.3899,1.1500,1.3600,15154
2010-09-03,1.2100,1.3000,1.1200,1.2800,58005
2010-08-27,1.2700,1.4300,1.2100,1.2100,57111
2010-08-20,1.3200,1.4800,1.2200,1.2700,153196
2010-08-13,1.3000,1.3300,1.2100,1.3200,62412
2010-08-06,1.5900,1.5900,1.1900,1.3050,266196
2010-07-30,1.7100,1.7300,1.5000,1.5200,67741
2010-07-23,1.7500,1.7500,1.5200,1.6300,86105
2010-07-16,1.7000,1.8300,1.6493,1.7000,83242
2010-07-09,1.5500,1.8700,1.5500,1.7000,117745
2010-07-02,2.0400,2.1800,1.5500,1.5500,158399
2010-06-25,2.3300,2.3600,1.8300,2.0400,99221
2010-06-18,2.2000,2.3590,2.1300,2.2900,87203
2010-06-11,2.4500,2.4900,2.1900,2.2280,76219
2010-06-04,2.3000,2.4900,2.1500,2.3600,50250
2010-05-28,2.2700,2.4900,2.2600,2.3400,43297
2010-05-21,2.7000,2.9500,2.0600,2.3000,159698
2010-05-14,3.0100,3.0500,2.7500,2.7600,82889
2010-05-07,2.8800,3.0600,2.5000,2.8000,129644
2010-04-30,2.8000,3.3400,2.6600,2.9300,205608
2010-04-23,2.5050,2.8000,2.2700,2.8000,152867
2010-04-16,2.4400,2.8700,2.2901,2.6885,161388
2010-04-09,2.4500,2.5300,2.2200,2.3900,145466
2010-04-01,2.3500,2.9000,2.2801,2.4801,322698
2010-03-26,2.3600,2.4290,2.1500,2.3500,124244
2010-03-19,2.4800,2.5000,2.3201,2.3400,67851
2010-03-12,2.4600,2.5300,2.3100,2.5100,56579
2010-03-05,2.5600,2.6400,2.2900,2.5000,143585
2010-02-26,2.1400,2.5500,2.1000,2.5490,221159
2010-02-19,2.1400,2.3300,1.9500,2.2000,95298
2010-02-12,1.9800,2.2000,1.8200,2.1200,73217
2010-02-05,1.8200,2.0000,1.6500,1.9900,86459
2010-01-29,1.9600,2.2400,1.7600,1.8200,316693
2010-01-22,1.3100,2.0400,1.3100,2.0000,513739
2010-01-15,1.4000,1.4000,1.3000,1.3400,51047
2010-01-08,1.3900,1.4700,1.2550,1.4000,151925
2009-12-31,1.1800,1.3799,1.1100,1.3200,123429
2009-12-24,1.0700,1.4000,1.0600,1.1800,92303
2009-12-18,1.2600,1.3500,1.0600,1.0600,130050
2009-12-11,1.5300,1.5450,1.2500,1.3000,154660
2009-12-04,1.4600,1.6000,1.4000,1.4900,124746
2009-11-27,1.4700,1.5500,1.3700,1.4076,58598
2009-11-20,1.4400,1.5800,1.3700,1.5000,113184
2009-11-13,1.4200,1.5000,1.3000,1.4400,110060
2009-11-06,1.3045,1.4400,1.2200,1.4200,168747
2009-10-30,1.4400,1.5000,1.2600,1.3200,155724
2009-10-23,1.2501,1.7000,1.2501,1.4701,465007
2009-10-16,1.2300,1.3000,1.1200,1.2900,198910
2009-10-09,1.1900,1.2800,1.0600,1.1800,196972
2009-10-02,1.3000,1.3800,1.1000,1.1900,366123
2009-09-25,1.1000,1.3400,1.0800,1.2600,430211
2009-09-18,0.9200,1.2800,0.8799,1.0300,549703
2009-09-11,0.9400,0.9500,0.8800,0.9100,93553
2009-09-04,0.8600,0.9490,0.8300,0.9350,177411
2009-08-28,0.8513,0.9090,0.8100,0.9000,207988
2009-08-21,0.8412,0.9000,0.8323,0.8710,87201
2009-08-14,0.8550,0.9000,0.8550,0.8800,111470
2009-08-07,0.9900,0.9900,0.8710,0.9099,127303
2009-07-31,0.9900,0.9900,0.8100,0.9350,267078
2009-07-24,0.9000,0.9700,0.8600,0.9600,96566
2009-07-17,0.8700,0.9400,0.8700,0.9000,56901
2009-07-10,0.9000,0.9251,0.8550,0.9000,38506
2009-07-02,0.7900,0.9200,0.7500,0.8600,83983
2009-06-26,0.8820,0.8980,0.7600,0.8090,117175
2009-06-19,0.9590,0.9590,0.8800,0.8857,98051
2009-06-12,0.9000,0.9600,0.8900,0.9300,104748
2009-06-05,1.0300,1.1300,0.9000,0.9000,322609
2009-05-29,0.9500,1.0200,0.9000,0.9300,97497
2009-05-22,0.9200,1.0500,0.8700,0.9300,375989
2009-05-15,1.0100,1.0600,0.9100,0.9200,217195
2009-05-08,0.9100,1.1000,0.9100,1.0118,533721
2009-05-01,0.9000,1.0800,0.8500,0.9200,407009
2009-04-24,0.9000,0.9200,0.8200,0.8700,146774
2009-04-17,0.9000,0.9100,0.8000,0.8900,174901
2009-04-09,0.9500,0.9800,0.8500,0.8700,294287
2009-04-03,1.2800,1.3835,0.7900,0.9310,1011918
2009-03-27,1.0300,1.3700,0.9994,1.3100,300321
2009-03-20,1.0700,1.1300,0.9000,0.9500,210018
2009-03-13,0.8900,1.1800,0.8000,1.0000,682788
2009-03-06,1.0700,1.0700,0.8000,0.8800,316759
2009-02-27,1.2300,1.3000,1.0700,1.0700,78097
2009-02-20,1.1800,1.3799,1.1430,1.2040,54983
2009-02-13,1.3900,1.4700,1.1800,1.1800,114156
2009-02-06,1.4700,1.5000,1.3100,1.3920,198740
2009-01-30,1.6900,1.6900,1.4600,1.4600,118911
2009-01-23,1.8900,1.8900,1.5650,1.6200,125697
2009-01-16,2.2700,2.2700,1.8000,1.8000,133326
2009-01-09,2.4300,2.8800,1.9100,2.1900,312379
2009-01-02,2.2099,2.4000,2.0000,2.4000,108313
2008-12-26,2.2500,2.3900,2.1000,2.1600,35737
2008-12-19,2.2100,2.4500,2.1100,2.1700,67584
2008-12-12,2.0500,2.4600,2.0000,2.3000,86487
2008-12-05,2.0300,2.0900,1.8300,2.0100,46118
2008-11-28,1.6300,2.4300,1.4300,2.1900,186873
2008-11-21,2.2500,2.2900,1.5000,1.6000,244901
2008-11-14,2.8200,2.9500,2.1200,2.2500,148953
2008-11-07,2.7800,3.1000,2.6501,2.7900,87266
2008-10-31,2.4000,2.7500,2.2700,2.7400,217142
2008-10-24,2.9200,2.9500,2.3400,2.4900,288046
2008-10-17,2.8800,3.2500,2.5000,2.9700,210027
2008-10-10,3.2600,3.2700,2.2700,2.8500,568130
2008-10-03,3.7900,3.8100,3.0200,3.3000,438247
2008-09-26,3.8500,4.0500,3.3000,3.9200,817912
2008-09-19,3.7100,3.9000,3.2000,3.7800,559949
2008-09-12,4.1000,4.1500,3.7100,3.8901,315933
2008-09-05,4.4600,4.4700,4.0100,4.0700,274656
2008-08-29,4.6300,4.6800,4.2800,4.3700,348669
2008-08-22,4.7500,4.8500,4.5000,4.6200,318540
2008-08-15,4.4900,5.0000,4.4500,4.7400,493081
2008-08-08,4.6000,4.8500,4.4400,4.6100,442107
2008-08-01,4.8900,4.9900,4.5400,4.7100,765632
2008-07-25,7.3000,7.6700,4.9500,4.9500,2045356
2008-07-18,6.8700,7.0400,6.1400,7.0400,378509
2008-07-11,7.6800,7.8000,6.4900,6.6400,655510
2008-07-03,7.5100,8.1300,7.4500,7.7800,598010
2008-06-27,10.1600,10.4900,7.7000,8.0100,979723
2008-06-20,9.7000,10.8400,9.7000,10.0901,748159
2008-06-13,10.4300,11.2000,9.0300,9.6900,1196208
2008-06-06,8.8000,10.9500,8.7000,10.3500,1831116
2008-05-30,8.5500,9.2000,8.5500,8.7000,365002
2008-05-23,8.8700,8.9499,8.2800,8.5500,287390
2008-05-16,8.5500,8.9499,8.2300,8.7000,307498
2008-05-09,8.9600,8.9600,8.0000,8.5600,507954
2008-05-02,8.3300,9.3500,8.3000,8.6884,629217
2008-04-25,8.3500,8.9600,8.2100,8.3700,349163
2008-04-18,8.9800,8.9800,8.0000,8.1800,447564
2008-04-11,8.8500,9.5000,8.5800,8.7200,400359
2008-04-04,7.8400,9.0000,7.8400,8.7100,429981
2008-03-28,6.3000,8.1700,6.2500,7.6100,357595
2008-03-20,6.2200,6.5000,5.7600,6.2500,34801
2008-03-14,6.5200,6.5520,6.0200,6.5300,72077
2008-03-07,7.0800,7.3900,6.0700,6.6100,136441
2008-02-29,7.1100,8.2600,7.1100,7.3000,258457
2008-02-22,7.5500,7.5500,6.9000,7.2700,32994
2008-02-15,6.7700,7.5000,6.7700,7.5000,48509
2008-02-08,6.8000,7.2400,6.6100,6.8700,52497
2008-02-01,6.5400,7.2400,6.3800,6.9000,185656
2008-01-25,6.9000,6.9000,6.3100,6.5400,87579
2008-01-18,6.8900,7.2900,6.4400,6.9499,139395
2008-01-11,6.0000,7.0900,5.5000,6.7500,211677
2008-01-04,5.9800,6.1300,5.7000,5.8200,25752
2007-12-28,6.1000,6.2200,5.6500,6.1100,39223
2007-12-21,5.7000,6.2100,5.5000,6.0500,36290
2007-12-14,6.1000,6.3400,5.5300,6.1900,80929
2007-12-07,5.9500,6.0600,5.7000,6.0000,12297
2007-11-30,5.8300,6.0900,5.4100,6.0300,22940
2007-11-23,6.4200,6.4200,5.5500,5.7300,45950
2007-11-16,6.3500,6.9499,6.2700,6.3500,15435
2007-11-09,6.7600,6.9899,6.2500,6.5500,23707
2007-11-02,7.5000,7.5000,6.5500,6.9500,39637
2007-10-26,7.3500,7.5000,7.1900,7.3500,36628
2007-10-19,7.5100,7.5100,7.0700,7.2500,30015
2007-10-12,7.5700,7.6200,7.2500,7.5100,52152
2007-10-05,7.4000,7.6100,7.0800,7.5400,65234
2007-09-28,7.3000,7.6200,7.0200,7.3900,125515
2007-09-21,7.0000,7.2300,6.4100,7.2300,45088
2007-09-14,6.6600,7.0100,6.6000,7.0000,34386
2007-09-07,6.9000,6.9000,6.6600,6.7100,33450
2007-08-31,6.8216,6.9200,6.7000,6.9000,28074
2007-08-24,6.8201,7.0100,6.3700,6.9080,32668
2007-08-17,6.5900,7.0600,6.1500,6.8200,20555
2007-08-10,6.9600,7.4200,6.6500,7.1100,36552
2007-08-03,8.0000,8.1400,6.8700,6.9200,71582
2007-07-27,6.9600,8.2700,6.8100,8.0500,282709
2007-07-20,6.3000,6.9900,6.3000,6.9900,78969
2007-07-13,6.2000,6.2900,6.1100,6.2900,18708
2007-07-06,6.0500,6.2200,5.9600,6.0900,26121
2007-06-29,5.9600,6.0800,5.9000,6.0400,40660
2007-06-22,5.8800,6.0700,5.8000,5.9600,24081
2007-06-15,5.8600,6.0600,5.8000,5.9100,35209
2007-06-08,6.0000,6.2000,5.8100,5.9600,74748
2007-06-01,6.0800,6.1800,5.9500,6.0500,30683
2007-05-25,6.3100,6.4700,5.9400,6.0200,66652
2007-05-18,6.5000,6.6200,6.1600,6.3500,75454
2007-05-11,5.5800,6.5600,5.5500,6.5400,23686
2007-05-04,5.7500,5.9000,5.5000,5.6000,65581
2007-04-27,5.6900,5.9900,5.6900,5.7800,29242
2007-04-20,5.8400,6.0500,5.7100,5.7400,83137
2007-04-13,5.7900,6.0500,5.7200,5.9400,35175
2007-04-05,6.3000,6.7000,5.6000,5.9000,220532
2007-03-30,6.9000,7.5000,5.9500,6.2300,305489
2007-03-23,6.5200,7.2000,6.3500,6.8900,67820
2007-03-16,6.1500,6.5200,6.1500,6.3400,42173
2007-03-09,6.0500,6.3600,5.7500,6.1800,80460
2007-03-02,6.1301,6.4900,5.3500,6.2000,110086
2007-02-23,5.8900,6.3000,5.7700,6.1300,84484
2007-02-16,5.5800,5.9400,5.5200,5.8800,51955
2007-02-09,5.7200,5.9000,5.5000,5.6200,49372
2007-02-02,5.9000,5.9500,5.5800,5.7200,44145
2007-01-26,6.2000,6.2000,5.6300,5.8600,95506
2007-01-19,5.5100,6.5000,5.5000,6.0700,152061
2007-01-12,5.4500,6.2100,5.3700,5.5500,257009
2007-01-05,5.0200,5.5624,5.0094,5.3900,376389
2006-12-29,4.8500,5.1400,4.8200,5.0000,146986
2006-12-22,4.9300,5.0900,4.5000,4.9000,93535
2006-12-15,4.6000,5.0600,4.5500,4.9400,64999
2006-12-08,4.8298,5.0700,4.5500,4.6000,89856
2006-12-01,4.8500,5.0200,4.6600,4.9800,79725
2006-11-24,5.1500,5.1500,4.8500,4.8800,95716
2006-11-17,5.2500,5.3400,5.1100,5.1500,54229
2006-11-10,5.4000,5.6400,5.2400,5.3000,80488
2006-11-03,6.0300,6.0800,5.0000,5.4700,248728
2006-10-27,6.6000,6.7700,6.0100,6.0700,82936
2006-10-20,6.7600,7.1899,6.5400,6.5800,98757
2006-10-13,7.0900,7.4000,6.9600,7.0900,109472
2006-10-06,7.4000,7.4000,7.0000,7.1900,126046
2006-09-29,7.7900,8.2500,6.7500,7.4000,691562
2006-09-22,8.0600,8.0800,7.3300,7.7799,109747
2006-09-15,7.2500,8.7800,7.1200,7.9900,236974
2006-09-08,10.0000,10.0000,7.1800,7.2500,264633
2006-09-01,9.8600,10.4700,9.5100,9.9900,128650
2006-08-25,9.6000,10.0000,9.2400,9.8200,91688
2006-08-18,8.2400,9.8601,7.8700,9.6400,211122
2006-08-11,7.4600,9.2300,7.3200,8.5300,185467
2006-08-04,7.1000,7.5500,5.8900,7.4000,394320
2006-07-28,7.0700,8.0000,6.6000,7.0600,255805
2006-07-21,7.7500,9.0000,7.3400,7.5900,339220
2006-07-14,8.7900,9.0800,7.1000,7.7400,585401
2006-07-07,11.0000,11.1800,8.1300,8.5800,626793
2006-06-30,9.2600,10.9900,8.3000,10.3400,381643
2006-06-23,9.6300,9.9399,8.5000,9.0401,318466
2006-06-16,7.9000,9.3800,6.7300,9.2700,364020
2006-06-09,7.7100,7.9500,7.1600,7.6654,135085
2006-06-02,6.1700,7.7000,6.1700,7.5399,215587
2006-05-26,6.4500,6.8000,6.3000,6.4800,61876
2006-05-19,6.9500,6.9500,6.3800,6.4500,211648
2006-05-12,6.0200,6.7899,6.0000,6.7700,333429
2006-05-05,5.7400,6.2000,5.6500,5.9100,74700
2006-04-28,5.7400,6.2000,5.6900,5.8010,70330
2006-04-21,5.8000,6.4000,5.4601,5.9200,265882
2006-04-13,5.0500,5.7804,5.0500,5.7700,200339
2006-04-07,5.0500,5.1300,4.8000,5.0800,129330
2006-03-31,5.3900,5.5800,4.7700,5.0500,249000
2006-03-24,4.0100,5.4400,4.0100,5.3000,327027
2006-03-17,3.8610,4.2700,3.6500,4.0560,153366
2006-03-10,3.7200,3.9900,3.6000,3.9100,43870
2006-03-03,3.5310,4.0500,3.5300,3.7500,148242
2006-02-24,4.1200,4.1200,3.5100,3.6500,67751
2006-02-17,3.7100,4.0500,3.6600,4.0000,48278
2006-02-10,3.6300,3.8000,3.5500,3.6800,21720
2006-02-03,3.7399,3.8500,3.6300,3.7400,11740
2006-01-27,3.6000,3.7000,3.5700,3.7000,16875
2006-01-20,3.6600,3.8400,3.5300,3.7000,79700
2006-01-13,4.0000,4.0400,3.7100,3.7100,109000
2006-01-06,4.1000,4.6500,3.5500,3.9700,440700
2005-12-30,4.0000,4.0900,3.4000,4.0874,167200
2005-12-23,3.4200,3.9700,3.4000,3.9700,44300
2005-12-16,3.4100,3.5400,3.4000,3.4200,14100
2005-12-09,3.4710,3.5500,3.4100,3.4100,28400
2005-12-02,3.6900,3.7600,3.4000,3.5000,36100
2005-11-25,3.8000,3.9300,3.2400,3.5000,55600
2005-11-18,3.5700,4.0000,3.5200,3.7400,51800
2005-11-11,3.5500,3.6300,3.4000,3.6000,22800
2005-11-04,3.6500,3.8000,3.5500,3.6100,33000
2005-10-28,3.4500,3.9800,3.3100,3.6600,38600
2005-10-21,3.3200,3.4500,3.1500,3.4500,34100
2005-10-14,3.4000,3.4000,3.2500,3.3200,42600
2005-10-07,3.9800,3.9800,3.3100,3.3990,217100
2005-09-30,2.9000,4.3800,2.7200,3.9800,243800
2005-09-23,2.8500,3.1200,2.5394,3.1000,39200
2005-09-16,2.7400,2.8100,2.7400,2.8000,2400
2005-09-09,3.0400,3.0500,2.7400,2.7400,19500
2005-09-02,2.9500,3.0400,2.8500,3.0400,26600
2005-08-26,2.8440,3.0600,2.8000,2.9600,26800
2005-08-19,2.7400,2.8300,2.6500,2.7000,34300
2005-08-12,2.6000,2.7200,2.5600,2.7101,14300
2005-08-05,2.6300,2.6900,2.6000,2.6000,19900
2005-07-29,2.6000,2.8000,2.5900,2.7000,41200
2005-07-22,2.7500,3.2200,2.5540,2.8100,59300
2005-07-15,2.8500,2.9500,2.5000,2.7800,28500
2005-07-08,2.8300,2.8500,2.8000,2.8500,1400
2005-07-01,2.8800,3.1300,2.8300,2.8500,9000
2005-06-24,2.8000,2.9190,2.8000,2.8800,13000
2005-06-17,3.1000,3.4300,2.5800,2.7500,23900
2005-06-10,3.0000,3.1300,2.5500,3.1300,13200
2005-06-03,3.0200,3.0330,2.6000,3.0000,6500
2005-05-27,3.0100,3.2100,2.6000,3.0100,8900
2005-05-20,2.7300,3.1000,2.6500,3.0300,10400
2005-05-13,2.6000,3.4100,2.6000,2.8700,16200
2005-05-06,2.6000,2.7500,2.5200,2.6200,12600
2005-04-29,2.6900,2.8200,2.5200,2.5900,8300
2005-04-22,2.7900,2.8000,2.3600,2.5800,18900
2005-04-15,2.9900,3.1300,2.5800,2.7900,7600
2005-04-08,3.1900,3.1900,2.8100,2.9800,5500
2005-04-01,3.6500,3.6500,3.1410,3.2140,6900
2005-03-24,3.1200,3.3680,3.0460,3.3000,45300
2005-03-18,3.0400,3.1200,3.0000,3.0000,4800
2005-03-11,3.0200,3.2100,3.0000,3.0400,4700
2005-03-04,3.0000,3.1370,2.9810,3.0200,6500
2005-02-25,3.0200,3.3900,3.0000,3.0000,10700
2005-02-18,3.3000,3.4800,2.9800,3.2200,25000
2005-02-11,2.9800,3.4500,2.7610,3.4500,14500
2005-02-04,2.8100,3.2400,2.8100,2.9700,22100
2005-01-28,3.4200,3.4200,2.7500,3.0000,40000
2005-01-21,2.7610,3.7200,2.7500,3.4000,34200
2005-01-14,3.6100,3.6500,2.7500,3.0000,73600
2005-01-07,3.9300,4.1400,3.2000,3.5100,112300
2004-12-31,3.8980,4.4500,3.8980,4.1410,51400
2004-12-23,4.1300,4.3000,3.6300,3.8900,114600
2004-12-17,2.5770,3.7500,2.3000,3.7400,254700
2004-12-10,2.4300,2.5300,2.2600,2.5000,26300
2004-12-03,2.5700,2.5700,2.1800,2.4300,43500
2004-11-26,2.3500,2.3990,2.2200,2.2600,11000
2004-11-19,2.7700,2.7800,2.2900,2.2900,69800
2004-11-12,2.6000,2.9400,2.3600,2.7500,17400
2004-11-05,2.8900,3.2900,2.5600,2.6000,22400
2004-10-29,2.9510,3.1300,2.4500,2.5810,92700
2004-10-22,3.0200,3.0800,2.7500,2.9900,6200
2004-10-15,3.0000,3.2700,2.7800,3.0200,26200
2004-10-08,2.4700,3.5800,2.4500,2.9900,14100
2004-10-01,2.8210,3.0300,2.3800,2.7600,44900
2004-09-24,3.5010,3.6890,2.8200,2.9900,59500
2004-09-17,3.0000,3.7500,3.0000,3.4300,30700
2004-09-10,3.3800,4.2800,3.1800,3.8600,60700
2004-09-03,3.0400,3.5400,2.8500,3.3000,39000
2004-08-27,3.4500,3.4500,2.9800,3.0200,20200
2004-08-20,3.1000,3.4900,3.0000,3.4900,13700
2004-08-13,3.4100,3.8100,3.0000,3.1900,11800
2004-08-06,3.4000,3.6000,3.1700,3.2400,35300
2004-07-30,3.6600,4.1200,3.2100,3.6000,17300
2004-07-23,3.8300,4.1900,3.4600,3.6500,25800
2004-07-16,3.7500,3.8400,3.2600,3.7100,17800
2004-07-09,3.7600,3.9100,3.5700,3.8000,10200
2004-07-02,3.9200,3.9200,3.5800,3.6500,12300
2004-06-25,3.6800,4.0500,3.4400,3.9200,11200
2004-06-18,4.0400,4.2900,3.3200,3.9500,24300
2004-06-10,4.3900,4.4000,4.0700,4.3900,9300
2004-06-04,3.8400,4.5890,3.8400,4.3900,10100
2004-05-28,3.7000,4.3300,3.3500,4.1100,28500
2004-05-21,3.9000,4.2000,3.2000,3.8400,17200
2004-05-14,3.5300,4.0700,3.1700,3.9000,37900
2004-05-07,3.7500,4.2600,3.2800,3.3200,29900
2004-04-30,3.7600,4.4400,3.6800,3.8500,28300
2004-04-23,4.7000,4.8100,3.7300,4.2800,40000
2004-04-16,5.1200,5.1200,4.5000,4.5000,13200
2004-04-08,5.1000,5.1100,4.8000,4.9800,20300
2004-04-02,4.3900,5.1500,4.2700,5.0300,47900
2004-03-26,4.9700,5.1000,4.2100,4.4200,36300
2004-03-19,4.5500,5.0300,4.4100,4.9700,16300
2004-03-12,4.6600,4.9000,4.4300,4.7800,42700
2004-03-05,4.6300,4.7100,4.0500,4.5100,26200
2004-02-27,5.2500,5.5600,4.5600,4.5600,28600
2004-02-20,5.8500,5.8600,5.2000,5.2000,11100
2004-02-13,6.1800,6.1800,5.7900,5.8100,5800
2004-02-06,5.9000,6.6000,5.4700,6.2800,144500
2004-01-30,5.3500,6.9100,5.0000,5.9200,354700
2004-01-23,5.1700,5.6490,5.0000,5.6490,68400
2004-01-16,3.2500,6.2700,3.2500,5.0900,150500
2004-01-09,3.1000,3.4000,3.0500,3.2200,95100
2004-01-02,3.3000,3.6900,3.0400,3.1200,48600
2003-12-26,3.6000,3.6090,3.0700,3.2300,28100
2003-12-19,3.5700,3.7000,3.5100,3.5100,11700
2003-12-12,3.8110,3.9410,3.5700,3.6800,6800
2003-12-05,3.9200,3.9800,3.7700,3.9500,7600
2003-11-28,3.7800,3.9200,3.4000,3.8690,13600
2003-11-21,3.8500,3.9900,3.4500,3.8900,9300
2003-11-14,3.9200,4.0200,3.9100,4.0200,1300
2003-11-07,3.8400,4.6600,3.8400,3.9200,39700
2003-10-31,3.9800,4.0600,3.7500,3.8900,9800
2003-10-24,3.8000,4.0600,3.7200,3.9800,13200
2003-10-17,3.8100,3.9500,3.7200,3.9500,6700
2003-10-10,3.8200,3.9000,3.7100,3.8100,6400
2003-10-03,3.6100,3.8700,3.6000,3.8000,20200
2003-09-26,4.1500,4.3900,3.6100,3.6100,37000
2003-09-19,4.1100,4.2500,4.0300,4.1500,10200
2003-09-12,4.3600,4.3600,3.9100,3.9100,4200
2003-09-05,4.2500,4.4700,4.0200,4.3600,4800
2003-08-29,4.0500,4.2500,3.8500,4.2500,5800
2003-08-22,4.0900,4.2500,3.9500,4.2500,9000
2003-08-15,3.9510,4.1000,3.8900,4.1000,3600
2003-08-08,3.7000,4.0000,3.5900,3.9600,3700
2003-08-01,3.3490,4.1000,3.3490,3.7000,21400
2003-07-25,3.2500,3.4000,3.0100,3.3500,9500
2003-07-18,2.9000,3.3200,2.8800,3.2100,10100
2003-07-11,2.8100,2.8500,2.6100,2.8500,7100
2003-07-03,2.8800,2.8800,2.8100,2.8500,600
2003-06-27,2.7700,3.0500,2.7700,3.0400,2100
2003-06-20,2.8200,2.8500,2.8000,2.8500,3200
2003-06-13,2.9900,2.9900,2.8100,2.8200,2800
2003-06-06,2.9200,3.2000,2.8200,2.9900,8000
2003-05-30,2.8100,3.2000,2.6600,2.8700,12700
2003-05-23,2.7600,2.9200,2.7600,2.8200,4200
2003-05-16,2.4800,2.7500,2.4400,2.7500,2900
2003-05-09,2.5600,2.6500,2.5000,2.5000,2400
2003-05-02,2.3900,2.5900,2.3900,2.5900,1000
2003-04-25,2.1200,2.3500,2.1200,2.3500,21000
2003-04-17,2.1200,2.2300,2.1200,2.2300,3900
2003-04-11,2.3000,2.3000,2.0800,2.1200,3400
2003-04-04,2.2900,2.3500,2.2200,2.3000,5500
2003-03-28,2.2100,2.6500,2.2100,2.4900,14200
2003-03-21,1.7600,2.2000,1.7600,2.2000,8200
2003-03-14,2.0100,2.0100,1.8200,1.8200,1300
2003-03-07,1.8200,2.0100,1.8000,2.0100,97500
2003-02-28,2.3300,2.4600,1.7400,1.7710,9900
2003-02-21,2.3200,2.5300,2.2800,2.3300,3700
2003-02-14,2.0500,2.3900,1.8900,2.3200,9200
2003-02-07,2.3100,2.3700,2.0500,2.0600,18800
2003-01-31,2.7200,2.7200,2.1600,2.2900,21600
2003-01-24,2.7300,2.7400,2.7200,2.7300,1400
2003-01-17,2.7300,2.7300,2.7200,2.7300,800
2003-01-10,2.7300,2.7300,2.7300,2.7300,0
2003-01-03,2.4200,2.7400,2.2500,2.7300,22600
2002-12-27,2.7900,2.7900,2.4200,2.4200,13200
2002-12-20,2.5400,3.1000,2.4600,2.9100,105000
2002-12-13,2.8810,3.0400,2.4500,2.5000,54700
2002-12-06,2.9200,3.0300,2.8800,2.8900,10400
2002-11-29,3.0000,3.0000,2.9000,2.9700,11400
2002-11-22,2.9600,3.0300,2.5700,2.9900,16100
2002-11-15,2.8500,3.0000,2.7900,2.9500,12900
2002-11-08,3.2400,3.3500,2.8500,2.8500,11400
2002-11-01,3.0700,3.3500,3.0700,3.1300,6100
2002-10-25,2.7600,3.0590,2.7000,3.0500,22000
2002-10-18,2.4000,2.8800,2.2600,2.8800,68900
2002-10-11,2.8100,2.8100,1.8500,2.4000,35000
2002-10-04,3.9110,3.9300,2.6300,2.6900,16200
2002-09-27,4.3600,4.3600,3.9500,3.9500,2800
2002-09-20,4.8600,4.8600,4.4300,4.4300,4700
2002-09-13,5.0000,5.0000,4.8600,4.8600,3000
2002-09-06,5.3000,5.3000,5.0000,5.0000,10700
2002-08-30,5.2000,5.3600,5.1500,5.2900,8200
2002-08-23,5.0500,5.2000,5.0000,5.1010,5000
2002-08-16,4.1000,5.0000,3.9000,5.0000,16200
2002-08-09,3.7500,4.0990,3.7500,3.9010,3200
2002-08-02,4.1990,4.1990,3.7230,3.9990,300
2002-07-26,4.4200,4.4200,3.7000,4.1990,53500
2002-07-19,5.0000,5.0000,4.3500,4.4100,7700
2002-07-12,5.4730,5.4730,4.9900,4.9900,4500
2002-07-05,5.4600,5.6000,5.4600,5.6000,1000
2002-06-28,5.6000,5.6010,5.4600,5.4600,42400
2002-06-21,5.7190,5.7190,5.6000,5.6000,5000
2002-06-14,5.6100,5.7190,5.6000,5.7190,3000
2002-06-07,5.6500,5.9000,5.6000,5.6000,50200
2002-05-31,5.7400,5.9490,5.6000,5.9490,13300
2002-05-24,5.7000,5.7900,5.5500,5.6000,14200
2002-05-17,5.3500,5.7400,5.1200,5.7000,21800
2002-05-10,5.2000,5.5500,5.2000,5.4000,27200
2002-05-03,4.1100,5.2500,4.1100,5.2500,40500
2002-04-26,4.6500,4.7000,4.1000,4.4810,5700
2002-04-19,4.2830,4.7500,4.1500,4.6490,13900
2002-04-12,4.3000,4.3500,4.1500,4.3500,11500
2002-04-05,4.2000,4.3000,4.0500,4.3000,3700
2002-03-28,4.2890,4.2890,4.1500,4.2800,7800
2002-03-22,4.3600,4.3600,4.1700,4.1710,7100
2002-03-15,4.4000,4.4900,4.3000,4.4900,5500
2002-03-08,4.2990,4.5000,4.1700,4.4100,10500
2002-03-01,4.0000,4.3000,3.7500,4.2900,11200
2002-02-22,3.9000,4.0900,3.9000,4.0000,10000
2002-02-15,4.1100,4.1900,3.7900,3.9000,10100
2002-02-08,4.1700,4.1900,4.0000,4.1900,13100
2002-02-01,4.1490,4.2350,4.0000,4.1700,11000
2002-01-25,4.0800,4.2500,3.9500,4.2500,12500
2002-01-18,4.0110,4.0900,3.9500,4.0800,5600
2002-01-11,4.2700,4.2700,4.0000,4.0900,7400
2002-01-04,3.8010,4.2800,3.7500,4.2700,11100
2001-12-28,3.9800,4.3800,3.3000,3.7500,26700
2001-12-21,4.0100,4.4000,3.9800,3.9800,10800
2001-12-14,3.8510,4.5500,3.8500,4.0200,22600
2001-12-07,4.0000,4.0000,3.7500,3.9300,600
2001-11-30,4.0300,4.0300,4.0000,4.0000,100
2001-11-23,4.0000,4.0300,3.6000,4.0300,2600
2001-11-16,3.9490,4.0500,3.7000,4.0000,32400
2001-11-09,3.8500,4.1500,3.8500,3.9500,3300
2001-11-02,4.1600,4.1600,3.8500,3.8500,5700
2001-10-26,3.9900,4.1600,3.8500,4.1600,12400
2001-10-19,3.6030,4.0200,3.6030,4.0000,2500
2001-10-12,3.8600,3.9700,3.5300,3.6030,3700
2001-10-05,3.8500,4.0000,3.5300,3.5300,139500
2001-09-28,3.9800,4.0400,3.8500,4.0000,34000
2001-09-21,4.0000,4.1500,3.6500,3.8500,32600
2001-09-10,4.0510,4.0510,4.0500,4.0500,700
2001-09-07,4.0500,4.2000,4.0000,4.0510,11500
2001-08-31,4.4000,4.4000,4.0700,4.1000,8600
2001-08-24,4.0900,4.4700,4.0800,4.0800,500
2001-08-17,4.3500,4.4800,4.0900,4.0900,1800
2001-08-10,4.5000,4.5000,4.3700,4.3700,2100
2001-08-03,4.5000,4.5000,4.4500,4.5000,38200
2001-07-27,4.5400,4.5400,4.5000,4.5000,6500
2001-07-20,4.5100,4.9500,4.5000,4.5100,39500
2001-07-13,4.2500,4.5500,4.2500,4.5500,11700
2001-07-06,4.2500,4.5000,4.2500,4.2500,3700
2001-06-29,4.4000,4.4500,4.0000,4.4500,12000
2001-06-22,4.5100,4.5400,4.4000,4.4000,38900
2001-06-15,4.5100,4.6900,4.4100,4.5000,23100
2001-06-08,4.0500,4.4900,4.0000,4.3000,22200
2001-06-01,4.1500,4.1500,4.0000,4.0000,300
2001-05-25,4.2000,4.3000,4.0000,4.1500,18100
2001-05-18,4.1000,4.2000,4.0000,4.2000,9700
2001-05-11,4.2500,4.2500,3.9000,4.1000,4100
2001-05-04,4.4900,4.4900,3.9500,4.2500,3600
2001-04-27,4.3500,4.6000,4.1000,4.1000,30100
2001-04-20,4.4500,4.7500,4.1000,4.7500,5600
2001-04-12,3.6800,4.4700,3.1800,4.4500,33200
2001-04-06,4.2500,4.5000,4.0000,4.5000,12800
2001-03-30,3.8750,4.5630,3.7500,4.5000,106300
2001-03-23,3.8130,4.0000,3.3130,3.9380,123400
2001-03-16,4.0000,4.2500,3.7500,3.7500,7500
2001-03-09,4.6250,4.6880,3.8750,4.0000,15100
2001-03-02,4.2500,4.2500,3.7500,4.1250,10500
2001-02-23,4.5000,4.5000,3.7500,3.7500,10800
2001-02-16,5.0310,5.1880,4.2500,4.7500,14600
2001-02-09,4.5000,5.2500,4.5000,5.0310,39700
2001-02-02,4.6250,5.0000,4.4380,5.0000,77000
2001-01-26,5.0000,5.5000,4.5000,4.7500,50700
2001-01-19,4.7500,5.5000,4.6250,5.0000,84800
2001-01-12,4.8750,5.2500,4.0000,4.5630,79400
2001-01-05,5.0000,5.5000,4.7500,5.2500,59700
2000-12-29,4.2500,5.2500,3.6250,5.2500,82800
2000-12-22,5.0000,5.2500,3.5000,4.2500,121400
2000-12-15,5.8130,6.1250,4.1250,5.2500,64300
2000-12-08,5.2500,6.2500,5.2500,6.0630,53900
2000-12-01,5.5000,5.7500,4.5000,5.5000,62800
2000-11-24,6.2500,6.2500,4.7500,5.3750,69000
2000-11-17,5.1250,6.3750,5.0000,6.0000,53200
2000-11-10,6.1250,6.1250,5.5000,5.5000,120400
2000-11-03,6.2500,6.2500,5.5000,5.8750,53300
2000-10-27,6.2500,6.4380,5.8750,6.2500,41500
2000-10-20,6.2500,6.8750,6.0000,6.2500,41100
2000-10-13,7.0000,7.0000,5.8750,6.2500,56600
2000-10-06,6.7500,7.0000,6.0000,7.0000,356200
2000-09-29,6.1880,7.3750,6.0000,6.5630,59500
2000-09-22,7.0000,7.0000,6.1250,6.2500,67200
2000-09-15,7.0000,7.2500,6.5000,7.0000,24200
2000-09-08,6.9380,7.5000,6.7500,7.1250,64700
2000-09-01,6.1250,7.0000,6.0000,7.0000,42800
2000-08-25,6.5000,6.8750,6.0000,6.0000,33500
2000-08-18,6.0000,7.0000,6.0000,6.8750,19700
2000-08-11,6.5000,7.1250,5.5000,5.5000,32300
2000-08-04,7.0000,7.5000,6.7500,6.7500,25100
2000-07-28,7.6880,8.0000,7.3130,7.3750,70600
2000-07-21,7.5000,8.0000,6.7500,7.6250,102500
2000-07-14,7.1880,7.7500,6.7500,7.7500,33500
2000-07-07,6.7500,7.3750,6.7500,7.0630,4300
2000-06-30,6.7500,7.5630,6.7500,6.7500,42000
2000-06-23,7.3750,7.6250,6.3750,7.0000,34600
2000-06-16,7.7500,7.7500,7.0000,7.3750,29300
2000-06-09,6.6880,7.5000,6.5000,7.1250,43500
2000-06-02,6.0000,7.5000,5.7500,6.7500,40800
2000-05-26,6.6250,6.7500,5.8750,6.0000,9800
2000-05-19,6.5000,7.3750,6.0000,6.8750,33100
2000-05-12,7.0000,7.2500,6.2500,6.2500,19200
2000-05-05,6.5000,7.0000,5.5000,7.0000,32800
2000-04-28,6.8750,6.8750,6.0000,6.0000,28000
2000-04-20,6.5000,7.2500,5.5630,6.5000,58300
2000-04-14,8.0000,8.5000,6.5000,6.6250,61700
2000-04-07,7.4060,8.6880,4.8750,8.0000,232400
2000-03-31,6.7500,8.6250,6.7190,7.5630,236300
2000-03-24,8.2500,8.5000,6.2500,6.6250,136900
2000-03-17,6.1250,10.0000,5.7500,8.5000,558100
2000-03-10,5.7500,7.7500,5.0000,6.1880,488900
2000-03-03,6.6250,6.6250,5.5000,5.6880,74800
2000-02-25,6.6250,6.7500,5.7500,6.6250,40700
2000-02-18,6.5000,6.8130,6.5000,6.6880,49100
2000-02-11,5.0000,7.2500,4.9380,6.5630,300200
2000-02-04,4.8750,5.0000,4.7500,5.0000,82900
2000-01-28,5.0630,5.0940,4.7500,5.0000,131200
2000-01-21,4.8750,5.1250,4.6250,5.0000,68500
2000-01-14,4.6250,4.8130,4.6250,4.7810,8500
