timestamp,open,high,low,close,volume
2018-02-27,2.1000,2.2000,2.0500,2.1750,968368
2018-02-23,2.2000,2.2500,2.0500,2.0500,2396116
2018-02-16,2.4500,2.5500,2.0500,2.2000,9803182
2018-02-09,1.9000,2.8500,1.8500,2.4000,11443697
2018-02-02,1.4000,1.9500,1.3000,1.8750,11065566
2018-01-26,1.3000,1.4500,1.3000,1.4000,884062
2018-01-19,1.3000,1.3500,1.2500,1.3000,333366
2018-01-12,1.3500,1.4000,1.2500,1.3000,685157
2018-01-05,1.3500,1.5500,1.2500,1.3750,1026961
2017-12-29,1.3000,1.3500,1.2000,1.3000,1178103
2017-12-22,1.3000,1.3500,1.1500,1.3500,2095576
2017-12-15,1.9500,1.9500,1.1500,1.2500,6002707
2017-12-08,2.0000,2.0500,1.7500,1.9500,1461231
2017-12-01,2.1000,2.1000,1.8500,1.9750,1086187
2017-11-24,1.9500,2.1500,1.9500,2.1000,1055851
2017-11-17,2.0000,2.1000,1.6500,1.9750,1656323
2017-11-10,2.2010,2.2500,1.9500,2.0000,1276518
2017-11-03,1.9500,2.2500,1.9500,2.2250,1303953
2017-10-27,2.1500,2.2500,1.9500,1.9750,1053155
2017-10-20,2.3000,2.3000,2.0500,2.1500,1021625
2017-10-13,2.2500,2.4000,2.1500,2.2500,1408486
2017-10-06,2.3000,2.4000,2.1500,2.2380,1876334
2017-09-29,2.1000,2.3000,1.9500,2.2500,2382433
2017-09-22,2.3000,2.3000,1.9500,2.1000,1690551
2017-09-15,2.1000,2.3000,2.0500,2.2500,1886479
2017-09-08,2.1000,2.2000,2.0500,2.0500,796470
2017-09-01,2.0000,2.1000,1.9500,2.0500,1198800
2017-08-25,2.0000,2.0500,1.9500,2.0250,334081
2017-08-18,2.1000,2.1500,1.9500,2.0250,655999
2017-08-11,2.1500,2.2000,2.0500,2.1500,947373
2017-08-04,2.1500,2.2000,2.0000,2.1000,977913
2017-07-28,2.3000,2.3500,2.1000,2.1500,1038888
2017-07-21,2.5000,2.5500,2.2010,2.3250,1289335
2017-07-14,2.5500,2.6500,2.2500,2.4500,1969284
2017-07-07,2.1000,2.5000,2.1000,2.5000,1328978
2017-06-30,2.1500,2.3000,2.0110,2.0500,1638831
2017-06-23,2.0000,2.2000,2.0000,2.0500,1327565
2017-06-16,2.1500,2.2000,1.9500,2.0000,1222591
2017-06-09,2.2500,2.3000,2.0500,2.1000,777694
2017-06-02,2.3500,2.3500,2.1250,2.2000,542318
2017-05-26,2.4500,2.5000,2.2500,2.3000,1064031
2017-05-19,2.2000,2.5000,2.1500,2.5000,1469751
2017-05-12,2.2000,2.2500,1.9980,2.2000,700058
2017-05-05,2.2500,2.3500,2.1500,2.2000,1131899
2017-04-28,2.1000,2.4000,2.0500,2.2500,1376745
2017-04-21,2.4250,2.5000,2.0500,2.0750,1733946
2017-04-13,2.3500,2.4500,2.2500,2.4000,407811
2017-04-07,2.3000,2.4000,2.1000,2.3500,1343217
2017-03-31,2.4500,2.6000,2.3000,2.3000,1023582
2017-03-24,2.6500,2.8000,2.2000,2.4500,1684973
2017-03-17,2.8000,2.8000,2.5500,2.5750,1357493
2017-03-10,2.5500,2.9500,2.2500,2.7500,2641696
2017-03-03,2.0000,2.5500,2.0000,2.5000,2439647
2017-02-24,2.0500,2.1500,2.0000,2.0000,547312
2017-02-17,2.1500,2.2000,2.0000,2.0500,1302418
2017-02-10,2.0000,2.3000,2.0000,2.0500,1562457
2017-02-03,1.8500,2.0000,1.8000,2.0000,1161309
2017-01-27,1.7500,1.9500,1.7500,1.8250,1378870
2017-01-20,2.0000,2.1500,1.6500,1.8000,4283815
2017-01-13,2.2500,2.3500,2.0000,2.0000,1054575
2017-01-06,1.8500,2.3500,1.8500,2.2000,1022805
2016-12-30,1.8500,1.9000,1.8000,1.8000,338730
2016-12-23,1.8500,2.1750,1.6500,1.8500,1185148
2016-12-16,2.0000,2.1500,1.7500,1.8000,1942841
2016-12-09,2.0000,2.2000,1.9000,2.0000,750576
2016-12-02,2.3000,2.3500,1.9500,1.9500,602252
2016-11-25,2.4000,2.5000,2.3000,2.3000,264238
2016-11-18,2.0500,2.6500,2.0000,2.4000,980128
2016-11-11,1.9500,2.2000,1.9250,2.0000,683442
2016-11-04,2.0500,2.2000,1.7500,1.9500,596959
2016-10-28,2.3000,2.3000,2.0000,2.0000,485623
2016-10-21,2.3000,2.5000,2.1000,2.3000,399530
2016-10-14,2.4800,2.5300,2.2500,2.3400,516077
2016-10-07,2.7432,2.7873,2.4000,2.4700,777722
2016-09-30,2.9400,2.9800,2.6500,2.7800,432259
2016-09-23,3.0000,3.1950,2.8800,2.9400,1301920
2016-09-16,2.8300,3.0200,2.6900,2.9800,224983
2016-09-09,2.5700,3.1500,2.5500,2.7900,740997
2016-09-02,2.5500,2.6500,2.4500,2.5500,230426
2016-08-26,2.7000,2.8000,2.5100,2.5500,383859
2016-08-19,2.8210,2.9000,2.6400,2.6900,446622
2016-08-12,3.2000,3.2300,2.5500,2.8500,673008
2016-08-05,2.6300,3.2490,2.6300,3.2000,633578
2016-07-29,2.8300,2.8300,2.6000,2.6200,439390
2016-07-22,2.8500,2.9699,2.5600,2.8100,454879
2016-07-15,2.8900,3.0200,2.7000,2.8500,413990
2016-07-08,2.7700,2.9900,2.6100,2.8800,547200
2016-07-01,2.9300,3.0580,2.3400,2.7800,2231918
2016-06-24,3.1300,3.2900,2.8500,2.9400,2495701
2016-06-17,3.1300,3.3700,3.0200,3.0300,1065998
2016-06-10,3.6900,3.8200,3.1500,3.1500,692924
2016-06-03,3.4000,3.7400,3.3700,3.6200,441440
2016-05-27,3.2400,3.7400,3.2400,3.3700,550383
2016-05-20,3.3500,3.6000,2.8500,3.2500,1014140
2016-05-13,3.5300,3.7300,3.1800,3.3700,792267
2016-05-06,4.0600,4.0999,3.4200,3.5600,949892
2016-04-29,4.4400,5.0000,3.9500,4.0500,1158428
2016-04-22,4.4700,4.5700,4.1000,4.4400,1256649
2016-04-15,4.3000,4.7500,4.1801,4.4300,1050225
2016-04-08,4.1900,4.5776,3.9200,4.2200,1018809
2016-04-01,3.7400,4.1600,3.4000,4.1200,1284866
2016-03-24,3.9500,4.1800,3.5100,3.7200,906104
2016-03-18,3.9600,4.2300,3.5000,3.9600,1147707
2016-03-11,4.2000,4.6300,3.6200,3.9800,1182908
2016-03-04,3.2900,4.3894,3.1000,4.2400,1366269
2016-02-26,3.2800,3.4100,2.9000,3.2800,1512651
2016-02-19,3.2000,3.4400,3.1400,3.3200,436968
2016-02-12,3.1400,3.2200,2.7600,3.1600,1235642
2016-02-05,3.3400,3.6000,3.0500,3.2000,956647
2016-01-29,4.6800,5.1000,3.1200,3.3200,4804612
2016-01-22,3.7100,3.7800,2.9500,3.7000,1791519
2016-01-15,5.0600,5.6999,3.3200,3.6400,2455425
2016-01-08,7.0800,7.1400,5.0500,5.0500,1723132
2015-12-31,7.3500,7.4100,6.9900,7.1200,683651
2015-12-24,7.8600,7.9850,7.2400,7.3900,873765
2015-12-18,6.7300,8.2600,6.6700,7.7100,2813348
2015-12-11,7.3900,7.5000,6.6900,6.7400,1276669
2015-12-04,7.0800,7.7300,6.5900,7.3100,2612694
2015-11-27,5.9300,7.3400,5.9000,6.9900,651058
2015-11-20,6.0200,6.4100,5.7500,5.9700,1021134
2015-11-13,6.3800,6.5800,6.0100,6.0400,1021145
2015-11-06,6.3600,6.7401,6.1500,6.4400,1212464
2015-10-30,6.8900,7.1500,5.8600,6.3400,3098531
2015-10-23,7.0600,7.7600,6.6900,6.9000,1700639
2015-10-16,6.9300,8.4200,6.0100,7.0600,3549625
2015-10-09,7.1700,7.5500,6.2500,6.8400,903909
2015-10-02,6.9600,7.2500,5.8000,7.1000,1133118
2015-09-25,8.6000,8.6100,6.9000,6.9500,954267
2015-09-18,8.3400,8.6300,7.7800,8.4900,909155
2015-09-11,9.5000,10.6200,7.7500,8.3400,1531146
2015-09-04,10.1100,10.6400,9.0700,9.2600,724955
2015-08-28,8.8700,10.8000,7.9500,10.4300,1114866
2015-08-21,10.9600,12.7600,9.4300,9.7800,1240973
2015-08-14,13.2700,14.0800,11.1000,11.1500,1231202
2015-08-07,16.5300,17.4600,13.0360,13.2200,1340877
2015-07-31,15.9000,17.7900,15.6900,16.4100,728498
2015-07-24,22.2600,22.4000,15.7900,16.2500,2284125
2015-07-17,16.0700,24.2000,15.9500,21.9300,1993561
2015-07-10,14.3400,16.8900,13.9000,15.8900,1275304
2015-07-02,12.6600,14.6399,12.2400,14.5000,1051906
2015-06-26,12.1900,13.7500,12.0735,12.7500,3646796
2015-06-19,11.5200,12.5000,10.9000,12.1300,749890
2015-06-12,12.2800,12.7700,10.8700,11.5300,949217
2015-06-05,10.8700,12.3300,10.5215,12.1400,935831
2015-05-29,8.8400,10.4700,8.7600,10.4300,1017612
2015-05-22,8.3300,9.5000,7.9000,8.8700,1267227
2015-05-15,7.8400,8.7399,7.2800,8.3500,922664
2015-05-08,8.2600,8.7500,7.1400,7.8400,1730708
2015-05-01,11.0000,11.0000,7.6300,8.2600,1363611
2015-04-24,7.6100,11.7700,7.3400,11.7200,1808392
2015-04-17,8.1300,8.3900,7.0500,7.4800,838525
2015-04-10,6.4900,8.4900,6.3400,8.1200,1687633
2015-04-02,6.0600,6.5000,5.8500,6.4600,235464
2015-03-27,8.0600,8.3400,6.0000,6.0100,888179
2015-03-20,6.2000,9.1600,6.2000,8.0000,1818670
2015-03-13,6.0100,6.4900,5.8100,6.1500,173513
2015-03-06,6.1700,6.3310,5.6000,5.8900,191283
2015-02-27,5.5500,6.6400,5.5100,6.1700,333903
2015-02-20,5.6600,5.7850,5.2000,5.4300,273527
2015-02-13,5.3800,5.9500,5.3300,5.7000,132570
2015-02-06,5.7500,6.0900,5.2700,5.6500,113233
2015-01-30,5.3100,6.1900,5.1800,5.6900,205511
2015-01-23,6.0000,6.0900,5.1600,5.1800,182420
2015-01-16,6.9201,7.3680,5.6000,5.9100,432905
2015-01-09,6.1900,7.6100,6.0900,6.9100,373713
2015-01-02,6.0700,6.5199,6.0500,6.2400,198093
2014-12-26,6.2100,6.6000,6.0000,6.1900,218894
2014-12-19,5.4500,6.3399,5.1400,6.1000,249529
2014-12-12,7.9900,8.3000,5.1600,5.3800,522980
2014-12-05,7.9900,8.2500,7.0500,7.8300,232800
2014-11-28,6.1600,7.7400,5.9850,7.6500,175692
2014-11-21,5.4800,6.6300,5.2900,5.9500,182281
2014-11-14,4.9800,5.4900,4.3275,5.4000,73947
2014-11-07,4.8500,5.0000,4.0700,5.0000,139004
2014-10-31,4.6100,4.8800,3.5500,4.7200,138863
2014-10-24,5.0300,5.2100,4.3100,4.4100,149136
2014-10-17,5.2200,5.8100,4.5600,5.0020,156810
2014-10-10,6.4000,6.4000,5.1900,5.2000,255930
2014-10-03,6.3800,6.3900,5.6300,6.3600,222267
2014-09-26,6.1900,6.5000,6.0900,6.4000,383899
2014-09-19,6.0000,6.4900,5.8500,6.1800,1072515
