timestamp,open,high,low,close,volume
2018-02-27,187.4600,190.3700,185.5500,185.7900,9753527
2018-02-23,182.8900,186.7900,182.0100,186.6700,15529720
2018-02-16,174.3000,186.1200,172.4600,183.5500,22505121
2018-02-09,186.8200,188.5981,168.2510,173.4600,28747875
2018-02-02,196.2100,201.2300,182.3300,187.0100,23680909
2018-01-26,189.7300,196.8000,188.9000,196.0100,15808899
2018-01-19,185.6200,189.7200,184.1700,189.2800,13691318
2018-01-12,180.4800,185.6100,178.4300,185.0400,13038060
2018-01-05,175.3500,181.4405,174.4200,180.6500,9294739
2017-12-29,176.1800,177.2800,173.7600,173.9000,5945970
2017-12-22,177.8600,179.1700,175.4050,176.4200,12147662
2017-12-15,176.0900,178.2200,174.1300,177.0400,14788872
2017-12-08,178.4600,180.7400,173.4300,175.4100,16410790
2017-12-01,170.5600,177.8600,169.4300,177.2000,14920598
2017-11-24,169.9000,170.7600,168.1500,170.1200,7101066
2017-11-17,171.5800,172.9400,168.3100,170.0000,12878910
2017-11-10,172.8600,174.7500,170.6100,172.3500,11547943
2017-11-03,175.5000,177.3100,171.2600,173.4400,14144225
2017-10-27,183.2500,183.6200,169.6842,175.2800,19068776
2017-10-20,182.9600,188.8400,181.1250,182.9600,13957123
2017-10-13,185.9500,186.8400,182.0100,183.0100,11191973
2017-10-06,187.0300,190.0000,184.3100,185.8200,11892011
2017-09-29,185.5100,188.0300,183.1700,186.4500,12410938
2017-09-22,187.7900,188.9600,184.0000,185.7600,11214288
2017-09-15,182.5400,191.0999,182.5400,187.4700,18108238
2017-09-08,178.0000,182.7700,175.3610,180.6400,9040087
2017-09-01,170.8600,179.7300,170.2600,178.7100,12462387
2017-08-25,167.4600,171.5700,167.0100,169.7400,7799980
2017-08-18,170.2800,172.6350,166.5200,167.2900,9539672
2017-08-11,173.8700,174.9000,168.5900,169.4300,9795944
2017-08-04,174.5100,176.7900,172.9000,173.8500,10132194
2017-07-28,180.1900,182.6000,170.5300,174.5400,18791084
2017-07-21,176.8400,180.7300,176.1400,180.2100,12207846
2017-07-14,171.5900,177.6800,171.0000,177.1300,11602584
2017-07-07,172.6300,174.3800,170.5900,171.4300,9046969
2017-06-30,173.3900,174.7200,170.7700,172.2300,13579792
2017-06-23,163.1000,175.4500,162.6900,172.5000,23811734
2017-06-16,165.0000,167.2300,161.1300,162.4200,18546463
2017-06-09,160.2900,166.1369,158.2700,164.0600,18435997
2017-06-02,155.0100,159.6200,153.5600,159.1500,12745367
2017-05-26,153.5900,156.1300,152.1600,155.0100,18763664
2017-05-19,158.8800,160.4900,156.2900,156.5100,13201530
2017-05-12,163.7300,164.0800,158.2900,160.2200,14588764
2017-05-05,163.6800,164.8200,162.4100,163.8100,14043873
2017-04-28,162.5000,165.6100,160.0000,163.3200,19065679
2017-04-21,161.3400,162.7700,160.2500,160.4100,12218133
2017-04-13,163.8500,164.2400,161.3300,161.6100,8579795
2017-04-07,164.6300,165.0200,161.6100,163.3800,14056057
2017-03-31,164.7700,166.6100,162.9400,164.0700,20405369
2017-03-24,169.6300,170.2100,165.0800,165.7400,23432318
2017-03-17,181.9300,184.2100,165.9500,168.6100,15728604
2017-03-10,179.5500,181.9300,176.2800,181.4400,16024523
2017-03-03,174.2100,180.5300,173.7100,180.2000,16147357
2017-02-24,172.8500,174.7200,171.8600,174.5600,11389749
2017-02-17,167.7200,173.3600,165.5700,173.2900,17593874
2017-02-10,166.1800,168.3500,165.1300,167.8900,18679490
2017-02-03,157.1050,167.8500,153.1500,167.5300,22846542
2017-01-27,154.2100,157.5000,150.3750,157.1600,17220568
2017-01-20,155.1400,156.1200,153.2540,154.6700,11477159
2017-01-13,157.0100,159.1600,154.5000,156.1200,18265694
2017-01-06,147.8600,161.0000,147.1200,156.7800,20927761
2016-12-30,147.7700,150.1100,145.6200,146.2100,8593539
2016-12-23,149.7500,150.3500,145.1200,147.5500,12111923
2016-12-16,142.9200,151.2100,142.7900,149.3700,20122802
2016-12-09,145.4500,146.3700,138.8300,143.4500,22311455
2016-12-02,145.2500,146.7900,141.5000,144.0100,17058976
2016-11-25,145.9900,146.9500,142.8200,145.4300,11667848
2016-11-18,148.4700,149.1500,144.9000,145.2300,21405205
2016-11-11,137.8500,152.8500,137.1600,149.0400,34701086
2016-11-04,146.5500,146.6800,133.6400,135.4000,29748211
2016-10-28,159.3600,161.6000,142.6400,145.1800,29730111
2016-10-21,162.2000,163.8600,158.3500,158.5100,13316561
2016-10-14,168.2000,168.5900,161.8400,161.9000,11889560
2016-10-07,166.0500,168.6900,164.4400,167.5000,10849546
2016-09-30,174.2200,174.4500,165.2650,166.8100,17701603
2016-09-23,173.2500,176.8500,171.1800,174.8000,11927937
2016-09-16,166.0800,173.3900,165.9300,172.9600,17382464
2016-09-09,169.8500,171.7700,166.5300,166.5500,9675960
2016-09-02,172.3700,172.5000,168.6200,169.7700,11212331
2016-08-26,173.7400,175.9900,168.7600,171.9700,13584393
2016-08-19,171.4800,176.6400,171.4800,173.6200,14107036
2016-08-12,173.3100,174.1600,170.6800,173.0200,11283749
2016-08-05,172.9100,176.5000,172.0400,173.6600,18423713
2016-07-29,165.7000,172.2600,164.0701,172.0300,18102765
2016-07-22,163.8200,166.3300,161.8200,165.6700,10698683
2016-07-15,161.3600,164.5700,160.0000,163.2800,13188144
2016-07-08,154.2900,161.1100,152.9500,161.1000,12361598
2016-07-01,146.1600,154.9500,143.8200,154.2800,18566694
2016-06-24,151.7900,152.6900,146.0300,146.4500,18262524
2016-06-17,155.0600,156.1200,149.5500,149.6200,13903990
2016-06-10,159.5800,160.7500,153.6400,154.7800,11279551
2016-06-03,157.4200,159.9900,156.6700,159.1900,9457842
2016-05-27,150.0400,156.8800,149.1500,156.7400,10350641
2016-05-20,152.3500,153.8600,147.1200,150.1800,16235750
2016-05-13,153.7000,158.2500,151.2200,152.3500,13749751
2016-05-06,158.6200,159.4200,151.3600,153.1900,13675244
2016-04-29,163.1500,163.9100,156.3810,158.3000,15222983
2016-04-22,159.4900,164.7000,159.4000,163.1900,12254006
2016-04-15,156.4000,160.8900,155.2800,160.1300,14587890
2016-04-08,154.0000,159.9800,152.6200,156.4600,14872067
2016-04-01,149.3200,154.4400,146.8000,154.1600,13942960
2016-03-24,145.3000,151.9100,145.0200,149.2400,13524837
2016-03-18,143.8600,147.0000,141.8400,145.5100,23854912
2016-03-11,144.9800,147.8700,139.0200,144.5700,21819734
2016-03-04,146.9600,148.6300,142.2200,145.9800,19822735
2016-02-26,148.7200,149.7700,143.9101,147.6000,18092927
2016-02-19,146.8900,152.3600,145.6800,150.1200,12871345
2016-02-12,143.5000,147.1280,140.0400,144.7200,20704212
2016-02-05,151.3100,153.7200,143.6900,145.0400,23151342
2016-01-29,156.1800,158.0000,145.2500,152.7300,23583816
2016-01-22,153.4500,156.9600,148.0500,156.0800,20972108
2016-01-15,151.3300,155.3000,144.1700,151.3000,25002184
2016-01-08,159.0000,160.2100,150.4600,150.7050,19931102
2015-12-31,162.9100,164.9600,160.6000,162.3300,6953817
2015-12-24,159.8800,164.3600,157.3800,163.5500,10089671
2015-12-18,155.9800,165.2300,153.4300,158.8000,22017257
2015-12-11,162.9100,162.9700,154.7900,155.1500,14631168
2015-12-04,163.4900,164.0000,153.7100,161.4300,16672703
2015-11-27,159.6300,165.0000,159.6300,163.5200,11043178
2015-11-20,152.0200,161.5200,151.1000,159.9100,13830567
2015-11-13,159.7500,161.1650,148.0000,151.5500,16139670
2015-11-06,159.0100,163.9900,156.8400,160.4600,14239818
2015-10-30,156.0000,165.0000,154.6500,158.1800,22562657
2015-10-23,152.6100,156.2000,147.3000,155.7500,18233718
2015-10-16,152.7800,155.1200,146.9700,152.6100,20876869
2015-10-09,144.0000,150.9900,138.0600,149.5900,26907408
2015-10-02,137.9900,142.5400,130.0900,142.4700,29144007
2015-09-25,151.9700,152.8000,136.7600,138.5300,20768893
2015-09-18,153.8900,156.3400,148.4700,150.5900,19467279
2015-09-11,151.6000,156.7600,150.5600,153.2100,13396536
2015-09-04,155.3300,156.3500,145.7500,147.0200,20448008
2015-08-28,145.3300,158.0000,140.0000,155.8900,30209862
2015-08-21,167.0500,170.2400,155.1900,155.1900,17102172
2015-08-14,172.9000,174.6900,164.6200,167.7200,14746184
2015-08-07,176.8000,177.5200,166.4000,172.3100,15459562
2015-07-31,159.3700,181.8100,159.1600,176.5900,30756565
2015-07-24,163.5600,165.4000,157.2100,158.5900,13616307
2015-07-17,155.2800,163.7500,154.9200,163.2700,13782693
2015-07-10,152.1400,156.0700,151.0400,154.1000,15543108
2015-07-02,156.6300,157.9600,151.4300,153.2600,13098681
2015-06-26,161.6200,163.5000,157.2300,158.0200,12850284
2015-06-19,154.7500,162.2300,153.5700,160.7200,15953577
2015-06-12,157.3000,158.9700,150.8500,156.1200,16853166
2015-06-05,157.5900,159.4000,154.8000,157.2500,14857154
2015-05-29,160.6500,162.4600,155.5800,156.2600,16034288
2015-05-22,161.7000,165.5900,161.2710,163.5800,9721445
2015-05-15,162.3100,163.6300,155.7100,162.3600,14913359
2015-05-08,161.5000,163.9600,156.6500,162.3400,19383083
2015-05-01,168.4900,168.7200,156.4700,160.3600,19635846
2015-04-24,164.6400,173.6000,163.0600,167.9100,18124336
2015-04-17,162.8200,167.6400,160.5600,163.5800,14861590
2015-04-10,154.8000,163.6900,154.6000,163.3800,14427783
2015-04-02,164.5100,165.8200,154.6400,155.8800,13649154
2015-03-27,168.9000,169.2100,157.3600,162.5900,16031084
2015-03-20,157.7300,172.3600,156.7400,170.1000,24309636
2015-03-13,154.8500,155.7400,152.2900,154.2600,12759081
2015-03-06,159.2900,161.4800,154.0000,154.8800,15479296
2015-02-27,158.0700,159.4000,155.7400,157.7200,14269351
2015-02-20,153.5200,157.7500,153.0000,157.6600,15518451
2015-02-13,150.0000,155.2400,149.0500,153.4800,17871500
2015-02-06,153.4100,154.7600,147.4200,151.4000,20765122
2015-01-30,159.6200,161.4800,151.5300,152.2600,19706669
2015-01-23,159.2100,160.0100,154.1100,159.8100,12501707
2015-01-16,156.2200,160.9600,151.5300,158.4300,17106818
2015-01-09,157.4300,162.7600,152.3300,155.7300,21147087
2015-01-02,163.8300,164.0500,158.6000,159.8900,9046130
2014-12-26,168.3100,169.0400,154.3600,163.4600,15083513
2014-12-19,164.7700,171.7300,157.5000,170.1700,23707001
2014-12-12,169.3900,173.1400,162.3000,164.5300,17707645
2014-12-05,165.1200,169.4900,164.1700,169.2400,14085036
2014-11-28,163.0000,167.3450,160.7000,165.3100,9670975
2014-11-21,156.9100,165.5800,156.6600,162.8100,15146704
2014-11-14,161.0100,163.8600,156.6150,157.6800,17848185
2014-11-07,162.0800,162.4099,158.3200,160.2500,20550020
2014-10-31,146.7000,164.6500,146.1100,162.1800,34710702
2014-10-24,133.2800,148.1400,133.0100,147.2600,30830458
2014-10-17,137.0500,139.8500,127.6700,133.6900,30570267
2014-10-10,138.0725,140.7400,135.4201,137.3900,18001138
2014-10-03,139.9600,141.5800,136.3200,139.1500,15116718
2014-09-26,143.2900,144.0200,138.9300,141.0600,13565542
2014-09-19,137.5700,144.4600,136.8900,144.0100,17378000
2014-09-12,138.0000,139.9300,136.8200,137.8900,13896000
2014-09-05,139.6200,139.9300,135.6300,137.8800,12349600
2014-08-29,133.3800,139.7300,133.3800,139.3800,15826900
2014-08-22,133.3500,133.9800,131.8000,132.8200,10576600
2014-08-15,127.8600,133.3100,124.8105,132.8000,18149600
2014-08-08,129.0000,129.3870,125.1400,126.9500,18003800
2014-08-01,122.6300,131.2367,121.6600,125.5500,24267800
2014-07-25,117.6300,122.8800,117.2000,122.8400,15658900
2014-07-18,120.8400,120.8600,114.9300,118.3000,16365300
2014-07-11,121.8500,123.1100,117.8800,119.7700,13554400
2014-07-03,118.9600,122.8500,118.2000,122.8500,7905600
2014-06-27,120.6800,120.8500,117.4800,118.5900,12630400
2014-06-20,116.0000,121.0000,115.5000,120.9700,15268500
2014-06-13,117.4700,117.7900,115.3000,116.0300,10251200
2014-06-06,116.7200,119.3800,115.8300,117.8200,13931000
2014-05-30,115.7300,116.5700,114.7200,115.9900,9150600
2014-05-23,111.2400,115.5900,110.9200,114.3300,15086600
2014-05-16,111.7800,112.7300,109.9200,111.9400,17202000
2014-05-09,111.3900,113.7200,109.4100,111.4825,16779000
2014-05-02,111.7800,113.7200,108.2000,112.4200,22656900
2014-04-25,116.4600,119.7100,111.3000,111.4100,28526000
2014-04-17,113.0000,117.1900,111.3900,115.4600,16867200
2014-04-11,118.1900,120.4700,111.9000,111.9400,25899600
2014-04-04,122.5000,127.2500,118.9900,119.1100,18871400
2014-03-28,123.2700,124.1200,118.5600,120.5500,19955000
2014-03-21,123.1200,128.9600,122.4700,122.9300,17841500
2014-03-14,122.2600,126.3500,122.2500,122.5400,13853000
2014-03-07,122.8900,127.4200,120.2600,122.2600,17732100
2014-02-28,124.3850,126.9500,121.7400,124.0200,17711100
2014-02-21,124.8400,126.3200,122.9010,123.8500,12276500
2014-02-14,119.6800,124.3000,117.9000,123.8400,13249900
2014-02-07,119.6800,120.4997,114.5700,118.9000,20046300
2014-01-31,119.2500,121.9800,117.0000,118.9500,22460400
2014-01-24,119.9600,124.4600,118.5700,119.2900,16686600
2014-01-17,118.3200,119.6900,115.9400,119.1500,15872900
2014-01-10,114.4700,119.0000,113.1200,117.9900,15405400
2014-01-03,115.3600,116.1900,113.6700,114.4700,8501300
2013-12-27,114.6700,115.4900,112.2000,115.1200,6767500
2013-12-20,112.7300,114.9800,109.7100,114.0300,18200100
2013-12-13,114.1800,114.4500,111.3100,112.1600,15546000
2013-12-06,114.2900,115.0700,112.0360,114.1200,14083400
2013-11-29,113.3500,114.8800,112.4600,114.0800,10719200
2013-11-22,116.5000,117.7200,110.7500,113.0300,19278900
2013-11-15,113.0000,116.7600,110.8500,114.9800,14880000
2013-11-08,118.7300,119.7000,110.6500,113.2100,15929600
2013-11-01,115.9900,118.9600,115.8000,118.6880,13786300
2013-10-25,114.9600,117.5300,112.7600,116.3200,14950700
2013-10-18,110.0200,116.0000,109.5900,114.9180,13072000
2013-10-11,111.4700,111.7055,105.7600,110.8900,17875100
2013-10-04,112.0800,114.6100,110.0700,112.9100,14482700
2013-09-27,115.8900,116.5000,112.1700,113.1900,13871000
2013-09-20,116.2100,117.9100,115.0100,116.8520,18820400
2013-09-13,111.3400,115.2200,110.4200,115.0600,15145600
2013-09-06,110.5300,113.2800,109.9900,111.0100,12004500
2013-08-30,110.7700,116.2500,108.0200,108.9400,25307700
2013-08-23,105.1100,107.3600,103.8800,105.6000,9607300
2013-08-16,108.7800,109.4200,104.5900,104.9100,12501200
2013-08-09,108.9000,113.3000,103.3100,109.6300,22972300
2013-08-02,109.5800,111.3000,106.4400,109.0600,14941600
2013-07-26,108.2500,109.8800,105.3600,109.6000,13149900
2013-07-19,104.2500,109.6800,102.9300,109.3900,14358200
2013-07-12,98.4600,104.2700,97.9000,104.2700,16003000
2013-07-05,100.2000,101.7200,95.0500,97.6400,13270900
2013-06-28,96.7300,100.6200,95.4100,98.6600,18058100
2013-06-21,98.7200,102.2900,95.0600,98.2820,21050100
2013-06-14,98.9500,99.5000,95.9400,97.4200,13629900
2013-06-07,100.6100,101.2500,94.1500,98.8100,21416300
2013-05-31,106.7600,108.0300,100.3900,100.5300,14523100
2013-05-24,105.3300,107.4000,101.2550,105.9100,16511100
2013-05-17,106.1800,109.5600,103.6000,105.6300,15818700
2013-05-10,106.0800,106.7500,104.1300,106.7200,14171300
2013-05-03,108.1500,108.3800,103.8500,106.4800,19055900
2013-04-26,112.0100,114.9500,104.0210,108.3800,27643400
2013-04-19,111.3100,111.6100,106.3000,111.3800,22555000
2013-04-12,104.0900,112.1000,103.0200,111.5700,20655900
2013-04-05,102.6199,106.7900,101.7000,104.0400,21243100
2013-03-28,96.9200,102.6200,96.0100,102.5100,17154300
2013-03-22,91.2700,96.6000,90.3500,96.5600,20173200
2013-03-15,92.6600,93.3600,90.6700,91.8080,26912700
2013-03-08,92.1100,94.2900,91.5000,93.0000,16538200
2013-03-01,89.3000,93.4200,88.6600,92.5800,30623700
2013-02-22,83.5100,86.8800,82.9200,86.8200,21347200
2013-02-15,85.4800,86.3980,83.3200,83.6100,31948900
2013-02-08,85.4400,87.4700,85.0400,86.7700,30029100
2013-02-01,83.2100,87.8900,82.8200,86.3000,43542100
2013-01-25,82.0000,84.4900,81.5600,83.4200,32371800
2013-01-18,87.1700,87.2500,81.5800,82.0800,39109800
2013-01-11,88.4900,89.0000,86.8700,86.9600,21659400
2013-01-04,85.0000,89.5800,84.5600,88.9800,16821300
2012-12-28,86.9800,87.6200,85.1700,85.2400,9858600
2012-12-21,89.2500,90.0000,86.3400,87.1600,23615300
2012-12-14,87.9600,90.8100,87.7300,89.2000,18462400
2012-12-07,88.9200,89.5900,87.6300,88.3200,17384900
2012-11-30,87.1900,89.0800,85.4600,88.8000,21998400
2012-11-23,85.4800,87.6400,84.6001,87.6000,12902800
2012-11-16,85.3800,86.1400,82.9200,84.5400,22319200
2012-11-09,86.2200,87.8900,84.1600,85.1700,24417000
2012-11-02,87.7100,88.2000,86.1800,86.4500,11192600
2012-10-26,86.9400,89.9000,86.1200,87.6300,25129000
2012-10-19,84.5000,89.9500,84.2500,87.1600,22864400
2012-10-12,86.6200,86.9900,83.9800,84.0000,13606100
2012-10-05,84.5000,87.4500,84.3600,86.9400,18311300
2012-09-28,82.0700,84.9200,81.9750,84.2900,22414700
2012-09-21,81.0800,82.7900,80.6000,82.0300,26316900
2012-09-14,84.7500,84.8000,81.0800,81.3600,24324700
2012-09-07,83.8000,85.2750,83.3700,83.9600,18579400
2012-08-31,84.3600,85.2777,82.5900,83.9200,17301600
2012-08-24,83.2800,84.6500,82.6500,84.5900,15837800
2012-08-17,82.3700,83.8800,81.8600,83.3800,17920500
2012-08-10,82.1800,83.0000,80.9600,82.7300,17257400
2012-08-03,83.1700,84.3900,80.3400,82.2100,23170700
2012-07-27,76.8700,83.9800,75.7000,83.9200,32059900
2012-07-20,76.5600,80.2500,76.5100,77.7700,23999100
2012-07-13,74.0800,77.0000,73.7800,76.9600,24358800
2012-07-06,73.0300,75.1700,72.9500,73.8500,14131600
2012-06-29,71.8700,73.0400,70.8800,72.9100,20439800
2012-06-22,71.2400,73.7500,71.0800,72.4600,37643000
2012-06-15,69.0500,71.3950,67.6400,71.2900,25564800
2012-06-08,67.7700,70.8700,67.7700,68.8700,20436400
2012-06-01,69.2700,70.0300,67.6100,67.7500,17735100
2012-05-25,69.1100,69.7200,67.9900,69.0500,20459300
2012-05-18,69.9500,71.1800,68.5300,69.1500,22643200
2012-05-11,69.3300,71.1300,69.2500,70.7800,21416200
2012-05-04,71.1100,71.8000,69.7700,69.7700,18549300
2012-04-27,68.2300,72.0000,67.8900,71.6400,24121100
2012-04-20,65.5900,68.5900,65.3700,68.4700,18145300
2012-04-13,67.3200,67.7100,65.5500,65.5900,17128800
2012-04-05,67.5700,68.2700,67.1200,68.0200,16759100
2012-03-30,67.2800,68.3400,66.9600,67.9700,20638700
2012-03-23,67.2000,68.5600,66.3100,66.6600,20320700
2012-03-16,68.0000,68.9300,67.3500,67.3800,21636200
2012-03-09,67.6200,68.2500,65.8000,68.0100,20424300
2012-03-02,67.2100,68.5760,66.7300,67.7300,19014400
2012-02-24,67.4500,68.1200,66.3500,67.7300,17318300
2012-02-17,67.3800,69.2000,67.3600,67.7800,23143000
2012-02-10,68.6499,69.2400,66.6700,67.3600,44058600
2012-02-03,67.9899,70.0000,67.2300,69.2800,35646600
2012-01-27,68.8100,69.3900,66.7100,68.3400,36282800
2012-01-20,67.9000,69.6300,67.6300,69.5700,26623000
2012-01-13,64.6200,67.7800,63.3000,67.6000,31838400
2012-01-06,64.9500,65.1900,63.4000,64.7600,28162600
2011-12-30,63.3800,65.0000,63.3700,64.2100,16823700
2011-12-23,60.3200,63.8500,59.9700,63.6900,35452400
2011-12-16,58.3000,61.0000,57.1400,60.0500,53821200
2011-12-09,58.3800,59.4300,56.0000,58.5900,95391900
2011-12-02,55.5800,58.4200,55.0300,58.1000,44403900
2011-11-25,55.3000,55.7100,54.5900,54.6500,26376000
2011-11-18,57.5200,57.8000,55.4900,55.5700,49823800
2011-11-11,57.8500,58.6100,57.3400,57.8600,51859300
2011-11-04,56.9200,57.5600,54.6250,55.1700,31978100
2011-10-28,58.4700,59.0500,55.9900,57.2400,30734500
2011-10-21,57.2600,58.6300,56.0300,58.5900,24290700
2011-10-14,56.9800,57.8400,56.4000,57.4900,21518600
2011-10-07,54.6600,56.8500,52.8500,56.2700,32710400
2011-09-30,55.2400,57.0400,54.6600,54.9600,29018800
2011-09-23,56.1200,57.8400,53.8600,55.1000,29270600
2011-09-16,53.5900,56.7500,53.2600,56.7100,29938700
2011-09-09,52.5100,55.5900,52.5000,54.0450,25470300
2011-09-02,54.3200,55.8299,54.0400,54.1000,27360600
2011-08-26,52.4200,54.5900,52.2000,54.0800,38158700
2011-08-19,50.4800,52.4200,50.1845,51.9800,42021600
2011-08-12,51.6600,52.4400,47.6607,50.0000,65374500
2011-08-05,55.0200,55.2800,51.2300,52.1200,43380100
2011-07-29,55.2200,55.3600,53.0500,54.7000,31331400
2011-07-22,55.1200,55.9200,54.3100,55.2200,24008100
2011-07-15,57.2100,57.5000,54.7450,55.0500,29075400
2011-07-08,58.1800,58.3000,57.3600,57.6400,19896300
2011-07-01,56.8200,58.8700,56.8200,58.2800,27321900
2011-06-24,57.9900,58.6800,56.7300,57.0400,28710500
2011-06-17,58.0200,58.9000,57.7400,58.0100,27710100
2011-06-10,58.9100,59.6100,57.9700,57.9900,21831700
2011-06-03,59.6800,60.7900,58.5800,58.6900,21284200
2011-05-27,60.0500,60.6100,59.1200,59.3500,19720400
2011-05-20,59.9800,61.5300,58.8300,60.8600,35710500
2011-05-13,57.3800,61.0800,57.3200,60.4700,30444700
2011-05-06,56.9800,58.0700,56.6700,57.6300,34033400
2011-04-29,53.5100,57.2900,53.1600,56.8500,58014300
2011-04-21,54.9500,56.4400,53.2200,53.6900,37713400
2011-04-15,53.9100,55.9900,53.4800,55.5100,35770400
2011-04-08,53.3100,54.5600,53.2100,53.9000,23556600
2011-04-01,53.0900,54.3600,52.6100,53.0800,24385500
2011-03-25,53.7500,53.9400,52.2300,53.1500,25058700
2011-03-18,53.1800,54.7000,52.1800,52.9400,46526400
2011-03-11,52.5300,53.8700,51.4000,53.5300,31999300
2011-03-04,52.3800,52.6700,51.3100,52.3200,32483900
2011-02-25,51.9700,52.5400,50.6100,52.2600,31007100
2011-02-18,53.6100,54.0800,52.0200,52.2400,40813600
2011-02-11,55.2300,55.3300,53.5500,53.7400,23183100
2011-02-04,55.2200,55.8800,54.7400,55.2000,25787400
2011-01-28,57.0600,58.1900,55.1100,55.2900,33039700
2011-01-21,56.4000,57.6500,56.3500,56.9700,28729900
2011-01-14,56.4700,57.2800,56.0500,56.5000,25743200
2011-01-07,55.2000,57.2400,55.1800,56.9775,26677000
2010-12-31,56.5300,56.6700,54.7650,54.9000,17796800
2010-12-23,57.5600,57.9800,56.4600,56.7100,21065200
2010-12-17,53.9400,57.9000,53.8500,57.4200,77958400
2010-12-10,53.4000,54.0000,52.9800,53.8900,25847700
2010-12-03,53.0800,54.2500,52.1900,53.7300,29208800
2010-11-26,54.9900,55.0800,53.3700,53.5600,18414800
2010-11-19,54.3200,55.5800,53.4401,55.0000,34129400
2010-11-12,55.1300,55.4400,53.9700,54.4700,28774900
2010-11-05,57.0200,57.9500,54.8800,55.4200,29076400
2010-10-29,57.9800,58.4200,56.4600,57.1900,25464200
2010-10-22,56.3700,58.7400,56.2100,57.5500,33507800
2010-10-15,56.2800,56.8100,54.6000,56.7100,38972900
2010-10-08,55.3200,56.6600,54.1600,56.3900,25500800
2010-10-01,55.9400,56.5000,54.0700,55.5100,28372800
2010-09-24,55.1900,56.8400,54.9700,56.3200,26401400
2010-09-17,54.7400,55.4300,54.0700,55.2200,28338800
2010-09-10,52.6500,54.6200,52.2600,54.3500,18104100
2010-09-03,51.7200,53.0700,50.8500,52.9100,24725500
2010-08-27,52.4700,52.9700,50.2600,52.0800,26887300
2010-08-20,54.3800,54.6000,52.0700,52.3400,25467700
2010-08-13,55.9700,56.1350,53.0400,55.0200,24679600
2010-08-06,55.2500,56.0000,54.4900,55.9400,20848600
2010-07-30,52.5800,55.0600,52.4300,54.5300,29818200
2010-07-23,52.4600,53.8300,51.6100,52.7500,33290800
2010-07-16,52.2400,53.2900,51.9000,52.1700,24958100
2010-07-09,52.0400,52.6100,50.5600,52.5600,25231400
2010-07-02,56.0500,56.0900,51.0000,51.7000,38042900
2010-06-25,56.8600,58.3200,55.3700,56.2600,64186600
2010-06-18,54.2100,55.8200,54.0300,55.2000,30439300
2010-06-11,54.1700,54.4600,52.9400,54.1000,34656300
2010-06-04,51.7200,56.3200,50.7500,54.3400,54017400
2010-05-28,52.0100,53.1500,50.3200,51.7800,45510800
2010-05-21,55.3800,55.7600,51.8200,52.4400,33940300
2010-05-14,55.3000,56.9500,54.2100,54.6900,30210300
2010-05-07,57.4500,57.9500,52.8000,54.4600,39912400
2010-04-30,58.9800,59.2000,57.2900,57.3100,31102000
2010-04-23,60.5900,61.2600,57.0300,58.8800,42750700
2010-04-16,60.6600,61.2000,59.9300,60.7200,27435200
2010-04-09,60.7400,60.9200,59.8400,60.9000,20153700
2010-04-01,59.7000,60.9400,59.5600,60.8000,19520700
2010-03-26,59.6100,60.3900,58.9600,59.4100,37719000
2010-03-19,57.2700,60.1300,56.5300,60.0000,44000500
2010-03-12,57.2500,58.1000,57.0800,57.4300,22073700
2010-03-05,56.7400,57.2600,56.2100,57.2400,31169200
2010-02-26,57.3600,57.4400,55.7800,56.6100,32711400
2010-02-19,56.6200,57.7100,56.2000,57.3800,27329900
2010-02-12,57.5400,58.4000,56.0200,56.4800,47198900
2010-02-05,58.5200,59.4200,56.6400,57.6800,39767000
2010-01-29,56.7200,58.9300,55.5500,58.4800,52398600
2010-01-22,56.4100,57.7500,56.2400,56.6000,26997100
2010-01-15,56.9300,57.4200,54.8200,56.2500,32296100
2010-01-08,56.6300,57.8700,54.6500,56.7700,36122900
2009-12-31,57.4800,57.9200,56.5700,56.5700,12346300
2009-12-24,56.0700,57.6700,56.0000,57.4200,15469700
2009-12-18,56.4800,57.1000,54.1200,55.8000,34460800
2009-12-11,57.3200,57.4500,55.3800,56.3100,26822600
2009-12-04,56.6700,57.8800,56.2500,56.8500,27754000
2009-11-27,55.8200,57.7300,55.5800,56.5000,17855600
2009-11-20,55.5500,56.4700,55.1200,55.3800,30738400
2009-11-13,54.7100,55.8100,53.8050,55.4100,33505500
2009-11-06,52.8600,54.9400,51.7200,54.6900,40405300
2009-10-30,56.1900,56.6200,52.9100,53.6200,47278200
2009-10-23,59.7600,61.2000,55.7500,56.1700,65088500
2009-10-16,60.0300,61.8500,58.9500,61.3200,32105900
2009-10-09,58.6400,59.7600,58.0100,59.4200,25336300
2009-10-02,60.3300,61.4800,58.3600,58.5800,27754800
2009-09-25,62.2200,62.5150,60.2200,60.2700,36179400
2009-09-18,58.5000,61.3000,58.1000,60.8000,36104500
2009-09-11,59.0000,59.6300,58.4200,58.5400,21350100
2009-09-04,59.1500,60.6600,57.6400,58.9500,30404100
2009-08-28,60.7500,61.7900,59.1600,59.6100,28889000
2009-08-21,60.4800,61.0100,59.1500,60.6400,32229200
2009-08-14,60.4700,64.7600,59.7900,60.8500,65729500
2009-08-07,62.4200,64.4300,59.9700,60.4900,43544700
2009-07-31,61.0100,64.5000,59.7800,62.3100,57777600
2009-07-24,58.5840,61.0000,57.7900,60.9200,36255800
2009-07-17,58.0300,59.8200,57.1500,58.7900,50828800
2009-07-10,51.1900,60.9500,50.6500,57.8100,92208000
2009-07-02,52.5600,53.5000,51.4600,51.4700,39199000
2009-06-26,51.5400,52.9500,50.6500,52.8000,65159600
2009-06-19,49.9800,53.8500,49.2100,52.3400,58441500
2009-06-12,50.4200,51.9400,49.3000,50.4000,34756900
2009-06-05,50.4500,52.3500,49.8700,50.8900,32026000
2009-05-29,48.3600,50.8100,48.2000,49.9400,24818000
2009-05-22,48.6600,51.0000,47.8400,49.3000,32182200
2009-05-15,46.8000,49.0600,46.5000,48.1600,39774300
2009-05-08,49.1200,49.1900,46.4600,47.2000,41143500
2009-05-01,49.4100,51.7600,48.0700,48.6100,38865900
2009-04-24,46.6200,50.0200,44.9600,49.8300,54056400
2009-04-17,47.4700,48.4200,46.2000,47.0700,42931700
2009-04-09,46.4600,48.7400,46.3700,47.8410,30214800
2009-04-03,51.5000,51.9800,46.0800,46.5700,54264400
2009-03-27,49.5400,52.8200,48.7500,51.6500,43138700
2009-03-20,51.7500,52.1000,48.4300,48.6200,49092900
2009-03-13,45.8056,51.4200,45.8037,51.2500,51002800
2009-03-06,48.3000,49.4500,45.7300,46.3800,58929100
2009-02-27,56.7100,57.7000,48.7800,48.9300,65951700
2009-02-20,56.8100,57.9700,55.9900,56.6900,33876200
2009-02-13,58.0200,58.8900,57.1000,57.9000,38249500
2009-02-06,54.4200,58.1300,54.3000,58.0300,36918300
2009-01-30,53.3000,55.8100,52.4500,54.8500,47594100
2009-01-23,56.8900,57.7900,53.0000,53.1900,34287200
2009-01-16,57.5800,58.0300,55.2224,57.5200,37150200
2009-01-09,59.2200,60.1500,57.6200,57.7800,37366900
2009-01-02,57.3600,59.0800,56.2700,58.9900,22372500
2008-12-26,58.1700,58.6600,56.4800,57.3600,14154100
2008-12-19,57.7800,60.0000,57.4400,57.8300,44614200
2008-12-12,57.9399,58.8300,56.0500,58.1300,46974500
2008-12-05,54.9400,57.9400,53.5000,57.4000,48823800
2008-11-28,55.6400,57.6000,54.1200,55.5400,36890400
2008-11-21,57.1400,58.3800,50.0900,54.9000,65459900
2008-11-14,60.7400,60.9000,55.2000,58.2300,51513600
2008-11-07,60.4700,62.4600,56.4000,58.8700,59283500
2008-10-31,56.0800,61.5600,54.4500,59.8900,63666900
2008-10-24,50.5500,58.4500,49.4000,57.1700,67994900
2008-10-17,50.3300,54.3300,46.6300,50.1900,67719100
2008-10-10,57.6400,59.4400,45.0000,48.5800,88005700
2008-10-03,60.0200,60.8800,55.4989,58.8900,61616600
2008-09-26,59.4000,61.3700,57.3344,60.6700,50582700
2008-09-19,61.8300,66.5100,58.1600,59.9700,108533317
2008-09-12,60.5100,63.4500,59.2400,62.8700,58506700
2008-09-05,63.4600,64.2200,59.6300,60.4100,33556300
2008-08-29,63.4300,64.5000,62.2400,62.8500,40920300
2008-08-22,64.9600,65.1000,62.7800,64.0100,40575800
2008-08-15,63.0200,65.6000,62.9400,65.0600,49496600
2008-08-08,63.0000,64.2300,61.7200,63.8000,51285800
2008-08-01,62.0000,64.0000,59.5300,62.7800,131819800
2008-07-25,53.5000,54.6600,52.9200,53.9200,50377900
2008-07-18,51.4400,53.3923,50.7400,52.5600,61449900
2008-07-11,50.6000,51.9500,49.7400,51.0200,66383900
2008-07-03,46.6300,51.0000,46.4700,50.8400,50754300
2008-06-27,45.0600,47.2500,44.9700,46.3700,67196700
2008-06-20,43.4400,45.2200,43.4400,45.1700,43282300
2008-06-13,44.1800,44.5900,42.9000,43.9700,36828400
2008-06-06,44.0000,45.0800,43.5300,44.2400,39460600
2008-05-30,42.2800,44.1600,42.2600,44.0300,34363000
2008-05-23,41.9100,43.0800,41.7500,42.3800,34957300
2008-05-16,41.9500,43.0500,41.6300,42.0300,35579900
2008-05-09,42.7700,43.1400,41.5800,42.0500,27512100
2008-05-02,42.2500,43.4500,41.6500,42.9300,32260600
2008-04-25,42.8100,43.1600,41.5500,42.2500,35629200
2008-04-18,42.9800,43.7300,42.4900,43.0700,36381800
2008-04-11,42.0000,44.7400,41.2000,43.0100,46889800
2008-04-04,41.5600,42.4800,41.2800,41.5300,41376100
2008-03-28,40.0300,42.0900,39.9000,41.4500,51569700
2008-03-20,44.4000,44.6800,39.1600,40.1100,75551600
2008-03-14,44.4300,48.5500,43.1400,44.4600,94622600
2008-03-07,45.5900,46.6900,43.5000,44.1800,45881200
2008-02-29,46.6300,48.2000,43.7200,45.5200,54575500
2008-02-22,47.1700,47.6400,46.0100,46.4300,38094800
2008-02-15,46.0300,47.5000,46.0000,46.6400,41299300
2008-02-08,47.4000,47.7370,46.1000,46.5600,45464000
2008-02-01,47.7200,48.3400,46.1600,47.3600,58432200
2008-01-25,45.3200,48.9100,43.9300,48.1400,76985900
2008-01-18,47.6100,48.4500,46.9300,47.4500,52905400
2008-01-11,44.7100,48.0000,44.5500,47.6200,59457400
2008-01-04,46.8400,47.1000,44.6000,44.8000,37447100
2007-12-28,47.4500,48.2400,46.9000,47.0600,25288000
2007-12-21,48.0200,48.1500,46.7100,48.0200,66721200
2007-12-14,50.8000,50.9900,48.2500,48.4000,60054900
2007-12-07,53.7000,55.5300,52.0200,52.1000,52254100
2007-11-30,53.2700,56.1300,52.5700,55.2500,40573900
2007-11-23,55.2000,55.7800,52.5900,53.7600,28912800
2007-11-16,53.9800,55.9700,53.0900,55.4900,57858600
2007-11-09,56.2600,57.9000,54.0100,54.2800,50322200
2007-11-02,56.8000,58.4800,55.8600,56.6200,51931900
2007-10-26,55.7400,58.8300,55.5000,57.1800,57265500
2007-10-19,58.9500,59.0800,55.2700,55.9500,45284800
2007-10-12,56.4200,58.8800,56.2500,58.1700,39937300
2007-10-05,56.3800,57.2100,55.0600,56.8400,37284700
2007-09-28,54.9500,57.7400,54.5500,56.5700,45460000
2007-09-21,55.6500,56.5900,54.3800,55.4200,47897100
2007-09-14,50.8500,57.2700,50.8500,56.3200,84512400
2007-09-07,50.2700,53.3900,50.1100,50.9000,54183300
2007-08-31,49.8100,50.7800,49.0100,50.1100,46527100
2007-08-24,49.8100,51.0000,48.8000,50.2700,48046000
2007-08-17,51.0500,51.9800,48.3000,50.0800,74882500
2007-08-10,50.9000,52.5000,49.7100,50.0800,58331900
2007-08-03,55.4100,56.6000,50.3000,50.9000,85620100
2007-07-27,56.9300,57.7300,55.2300,55.6200,62198900
2007-07-20,56.7900,57.2500,54.7300,56.1800,51648600
2007-07-13,54.5800,57.6700,54.2900,56.9300,55846200
2007-07-06,55.4000,55.8300,54.4900,54.8200,32207700
2007-06-29,55.4100,56.1800,54.6200,55.2900,61134600
2007-06-22,58.8000,58.8100,55.9600,55.9600,67010900
2007-06-15,57.0000,59.3100,56.8600,59.0300,58986300
2007-06-08,56.5600,57.8000,56.2200,57.3700,64041200
2007-06-01,54.7500,57.3300,54.2000,56.9400,51263500
2007-05-25,55.0500,55.1900,53.6900,54.5500,67949000
2007-05-18,56.1500,57.1000,52.3600,54.0400,133600800
2007-05-11,64.0000,64.3400,53.5500,56.3000,129730500
2007-05-04,63.5900,66.0600,63.0800,63.7400,80766600
2007-04-27,62.2300,63.3300,60.6100,63.2700,82188300
2007-04-20,59.8300,64.4000,59.4900,61.9700,105756300
2007-04-13,58.3800,59.6200,56.3000,59.0300,79018700
2007-04-05,56.1900,58.8100,55.4500,58.3300,53898900
2007-03-30,58.3100,58.3400,55.1300,55.8800,82343400
2007-03-23,59.7500,60.9000,57.1100,58.0200,80885500
2007-03-16,59.8300,61.6200,59.0300,59.3000,89786500
2007-03-09,61.6200,63.1500,60.0500,60.8600,78967400
2007-03-02,66.1500,66.5000,61.4000,61.7500,109484800
2007-02-23,66.6500,67.6200,65.7200,66.2300,67987500
2007-02-16,69.4100,69.5300,65.9400,66.7300,65411800
2007-02-09,69.4400,70.4900,69.0000,69.0500,46000600
2007-02-02,71.2000,71.3000,69.0200,69.4500,57916800
2007-01-26,75.7500,76.9500,70.9200,71.5000,76480700
2007-01-19,73.4000,74.5600,72.7700,74.2500,26336300
2007-01-12,71.6300,73.5700,70.6700,73.2700,36680500
2007-01-05,68.4250,72.0800,67.8500,71.5000,39371300
2006-12-29,68.7100,69.2200,67.8800,68.3100,18320800
2006-12-22,70.2100,70.8400,68.6000,68.7100,25892000
2006-12-15,69.9300,71.9900,69.1000,70.2200,43225500
2006-12-08,68.9500,70.4500,68.5000,69.8800,50183400
2006-12-01,72.1600,72.5200,68.8800,69.3800,44853800
2006-11-24,72.0300,73.4800,72.0000,72.5000,21769800
2006-11-17,72.7700,74.1300,71.8000,72.5100,50452700
2006-11-10,75.0900,75.8400,72.8400,73.4600,30490200
2006-11-03,75.3700,76.9300,74.2100,74.8700,30745800
2006-10-27,73.4200,77.0000,72.5000,75.5200,50995900
2006-10-20,72.6300,74.0000,71.1600,73.9500,47028700
2006-10-13,73.6900,74.1900,72.5400,73.2200,29632300
2006-10-06,71.4000,74.9200,70.0800,74.0100,49038600
2006-09-29,71.1400,72.3700,69.8000,71.5300,49844000
2006-09-22,69.6300,72.5700,69.3000,70.8900,53102900
2006-09-15,67.6600,70.0200,67.2500,69.7700,33938500
2006-09-08,68.8300,69.7000,67.7700,67.9300,20775500
2006-09-01,67.6900,68.9300,67.5100,68.3900,23867000
2006-08-25,66.9100,68.1000,66.5900,67.5200,21987400
2006-08-18,66.6500,67.8100,64.9600,67.3100,39729100
2006-08-11,68.5600,68.9600,65.7900,66.4000,35642100
2006-08-04,68.6100,71.4900,68.0000,68.7900,50681700
2006-07-28,66.2200,70.4600,65.9000,69.0700,47992400
2006-07-21,64.0600,67.2500,63.5200,66.1500,56965600
2006-07-14,66.5700,67.3000,64.2300,64.3500,32303500
2006-07-07,65.7900,67.1800,65.0800,66.3900,22555000
2006-06-30,64.8900,66.2100,63.7500,65.2300,38972200
2006-06-23,67.0900,67.1600,64.5000,64.9300,35636200
2006-06-16,67.8400,68.1100,66.4300,66.8200,57316600
2006-06-09,68.6550,69.0400,66.8000,67.9500,41774500
2006-06-02,68.2400,69.4500,66.8000,69.1800,36411400
2006-05-26,67.8550,68.8100,66.2800,68.8100,42260700
2006-05-19,68.1000,69.9100,66.9200,67.6900,47208700
2006-05-12,67.0500,68.5600,66.8900,68.1100,39364000
2006-05-05,67.8300,68.0000,65.1400,67.1100,41295700
2006-04-28,66.7200,67.9800,65.9900,67.7000,49566200
2006-04-21,70.1000,71.2000,66.5900,66.8200,75086700
2006-04-13,71.4500,71.5300,69.4800,70.0700,30628100
2006-04-07,73.4300,73.5000,70.6100,71.0300,51008000
2006-03-31,72.8300,73.8200,71.8100,72.7500,38262500
2006-03-24,73.3000,73.5700,71.3500,73.1800,31627400
2006-03-17,73.5000,75.4800,72.5200,73.2500,48332200
2006-03-10,75.1700,75.5000,72.8200,73.4900,35098700
2006-03-03,74.7500,76.8800,74.7000,75.3900,34082300
2006-02-24,75.2500,75.6000,74.2600,74.7500,31719400
2006-02-17,71.4000,74.9500,70.4800,74.8900,136118900
2006-02-10,74.4200,74.6000,70.0300,71.4500,41547700
2006-02-03,71.7600,80.0300,71.7300,74.6200,77368100
2006-01-27,75.9700,76.2700,70.6500,71.3100,89847300
2006-01-20,77.3700,79.1500,75.4900,75.6800,28399100
2006-01-13,78.2400,79.0900,76.2100,77.6000,37383100
2006-01-06,79.3600,81.2400,77.8900,78.1000,31815800
2005-12-30,80.9700,81.4800,78.3400,78.8600,17632000
2005-12-23,79.3000,81.3100,77.2100,80.8700,30190200
2005-12-16,78.7800,80.5200,76.7000,78.9900,47312400
2005-12-09,80.6000,81.0000,78.1800,78.3800,29039700
2005-12-02,82.3700,82.4500,79.5900,80.7800,29413700
2005-11-25,83.2800,84.5000,82.1300,82.7900,18638300
2005-11-18,80.7500,84.3500,80.5500,83.2200,36558700
2005-11-11,79.6100,82.1300,78.9800,81.1000,35964100
2005-11-04,75.9600,79.8000,73.8400,79.1900,45695400
2005-10-28,74.1600,76.5500,73.4900,75.7800,37567900
2005-10-21,75.1200,78.0900,73.1300,73.3700,59390900
2005-10-14,77.3400,78.4200,73.5100,75.7500,45212100
2005-10-07,79.6400,81.9000,74.5300,77.0200,53965200
2005-09-30,83.5100,84.3000,78.2200,79.6700,48500700
2005-09-23,84.9000,86.9200,83.1600,83.2900,42934700
2005-09-16,84.7000,85.4500,82.3100,84.8600,45328500
2005-09-09,80.5700,84.9700,80.5000,84.5100,34630900
2005-09-02,78.3600,80.7500,78.1300,80.3300,31007000
2005-08-26,79.3800,79.9800,78.0900,78.6800,25887500
2005-08-19,80.4500,81.3400,78.1000,79.6600,28245500
2005-08-12,81.9200,82.4000,78.7800,80.4200,44169100
2005-08-05,79.7400,84.0200,79.7100,81.8900,44330800
2005-07-29,80.3900,82.5000,79.7500,79.7700,53283200
2005-07-22,70.2200,83.1000,69.7000,81.3100,145505000
2005-07-15,68.6600,71.2500,68.3000,70.6300,47511200
2005-07-08,60.8400,69.6900,60.7100,69.1300,67253800
2005-07-01,61.2850,61.8800,60.2600,60.8600,28235600
2005-06-24,60.5100,61.7500,60.4400,61.3200,32746800
2005-06-17,60.2500,61.2600,59.5000,60.6200,32256000
2005-06-10,61.4800,62.0500,59.8800,60.2100,27852800
2005-06-03,62.6400,63.5100,61.3200,61.4900,21652400
2005-05-27,61.8700,63.0100,61.4200,62.8500,29178200
2005-05-20,61.9400,63.0100,61.4800,61.8700,36063700
2005-05-13,58.7500,62.4900,58.7100,62.1200,55039400
2005-05-06,58.0400,59.2100,57.9399,58.5900,30874300
2005-04-29,59.2800,59.3300,57.0100,58.2100,41583100
2005-04-22,59.8000,60.3000,57.5100,58.8900,47527400
2005-04-15,58.6250,60.9600,58.5600,59.9500,41727300
2005-04-08,57.1400,59.1600,56.1900,58.6800,30403000
2005-04-01,59.1600,59.2600,56.9600,57.3500,31633700
2005-03-24,58.8100,59.5000,57.7600,58.9800,24751800
2005-03-18,59.6100,60.5600,57.6300,58.8600,51341100
2005-03-11,62.2900,62.7000,59.4300,59.8100,29425400
2005-03-04,62.2200,62.6500,61.0000,62.0400,39770800
2005-02-25,61.6000,63.0500,60.4600,62.8100,31795500
2005-02-18,63.5700,64.1700,61.8900,62.0000,30332600
2005-02-11,62.7700,64.0000,62.0100,63.4200,30932900
2005-02-04,61.6000,63.2400,61.4900,62.7500,36163800
2005-01-28,62.6600,63.8400,60.1700,61.3000,52473200
2005-01-21,63.6600,64.3000,62.4000,62.5700,24863400
2005-01-14,62.7400,65.2400,62.7100,63.8100,41727100
2005-01-07,64.2000,64.6800,62.2400,62.9700,33873500
2004-12-31,64.1000,64.9300,63.3700,64.1500,18212800
2004-12-23,63.2800,64.4800,62.8100,64.1500,19982400
2004-12-17,64.0500,64.8700,62.5000,63.1000,32683800
2004-12-10,62.0000,64.3600,61.8700,63.9500,33058500
2004-12-03,60.1700,64.0000,59.9100,62.0100,47381500
2004-11-26,59.9500,60.8200,58.9900,60.2100,23466400
2004-11-19,59.4000,60.5000,59.0500,59.8800,33150800
2004-11-12,60.5400,60.6500,58.8100,59.9700,29067800
2004-11-05,56.7800,61.0900,54.8400,60.6600,63180000
2004-10-29,52.4700,56.9800,52.0000,56.8000,45029100
2004-10-22,55.1000,57.1600,52.5600,52.7000,47895100
2004-10-15,55.7700,56.1500,53.5300,55.2200,34734800
2004-10-08,58.4300,58.4500,55.4700,55.6700,34476600
2004-10-01,56.9500,58.0100,56.3600,57.7600,34842400
2004-09-24,57.9200,58.8700,56.6600,57.1400,32483100
2004-09-17,57.6100,58.8400,56.5600,58.0700,39890600
2004-09-10,59.9600,60.4500,57.0200,57.3000,41917800
2004-09-03,59.6100,60.0100,58.5100,59.5300,27280800
2004-08-27,58.5400,59.9100,57.8600,59.6800,32501600
2004-08-20,54.4600,58.4900,54.4000,58.2000,40957600
2004-08-13,53.8500,55.6700,53.1700,54.3600,35870900
2004-08-06,56.7910,57.3300,53.8000,53.8000,39900400
2004-07-30,55.3300,57.8400,54.2200,56.8800,48670600
2004-07-23,55.9200,57.3800,54.0000,55.3600,44027000
2004-07-16,53.2900,56.3500,53.2700,55.7300,44414200
2004-07-09,54.6900,54.9500,53.2200,53.6100,26441400
2004-07-02,54.0500,55.5000,53.1100,55.2000,39938800
2004-06-25,53.6400,54.9500,52.1500,54.1300,44522900
2004-06-18,55.1600,55.9000,53.3200,53.4800,40258500
2004-06-10,55.9100,56.3200,54.7600,55.3700,27635300
2004-06-04,54.4400,56.0700,53.6300,55.4300,31084600
2004-05-28,54.1988,55.2100,53.2600,54.7000,43003000
2004-05-21,56.0000,56.8600,53.3700,53.9000,51321500
2004-05-14,56.5010,57.8700,55.8000,56.7400,44278400
2004-05-07,57.4991,58.9500,56.8500,56.9500,42744200
2004-04-30,59.0600,59.9900,56.2600,56.4100,48403300
2004-04-23,60.1490,60.5800,56.3000,58.3100,72352600
2004-04-16,58.4900,60.8000,58.3210,60.1400,43969100
2004-04-08,59.5000,59.8300,58.0000,58.3000,31353300
2004-04-02,57.9100,60.0400,57.8500,59.5100,48751200
2004-03-26,60.8500,61.3200,57.7900,58.0900,66529000
2004-03-19,60.6500,62.0500,58.4500,60.9500,53621800
2004-03-12,63.2300,63.3600,59.8700,60.8500,46339700
2004-03-05,64.0200,64.8500,62.3700,63.2500,43082300
2004-02-27,63.5700,64.9100,63.0000,63.5290,31976800
2004-02-20,64.8900,65.3200,63.0200,63.5700,26819600
2004-02-13,65.2500,66.1500,63.7100,64.6700,33159700
2004-02-06,64.5100,66.8800,64.3300,64.8600,41500200
2004-01-30,63.6200,65.7300,63.4900,64.6600,45610500
2004-01-23,64.0000,64.3000,61.1000,63.9300,53430200
2004-01-16,63.2600,64.4900,62.0450,63.5000,49173100
2004-01-09,62.7600,63.9600,61.8700,63.0000,45096200
2004-01-02,61.4500,62.8000,61.3600,62.3500,21526800
2003-12-26,61.6000,62.0000,60.9300,61.1200,16976800
2003-12-19,59.4700,62.3700,58.9500,61.8500,55602700
2003-12-12,58.3000,59.5000,56.7600,59.4300,46622600
2003-12-05,57.7900,59.9400,57.7900,58.3000,47986400
2003-11-28,59.4050,60.2700,57.1000,57.6200,39401100
2003-11-21,59.1100,61.1000,58.4600,59.9500,58673900
2003-11-14,60.1600,60.5000,58.0500,58.2500,58387600
2003-11-07,62.2800,62.3500,59.5500,59.9500,44425500
2003-10-31,62.0600,62.6500,59.8000,61.7600,52854800
2003-10-24,63.0210,64.4000,59.0300,61.4700,90323100
2003-10-17,66.4000,67.5000,62.8000,63.0100,43163200
2003-10-10,65.1000,66.9500,64.0300,66.0600,34708000
2003-10-03,65.2400,66.6900,63.6100,64.9700,47321900
2003-09-26,68.2500,68.8600,64.2200,65.1500,49058300
2003-09-19,68.5400,70.1400,67.9300,68.8900,42736800
2003-09-12,67.3300,68.7600,66.8800,68.5200,36951000
2003-09-05,65.9100,68.2500,65.6000,67.2800,31403200
2003-08-29,66.4300,66.9200,64.5500,65.9400,33551700
2003-08-22,68.9500,69.8200,66.4300,66.4800,32209100
2003-08-15,66.5600,69.5000,66.3600,68.7000,26725800
2003-08-08,68.0200,69.1000,65.0100,66.8200,40994900
2003-08-01,69.0000,70.9000,68.2100,68.2500,38992300
2003-07-25,70.4400,70.5550,67.6300,68.7100,50922600
2003-07-18,70.1000,72.3700,70.0500,70.7700,42980000
2003-07-11,67.0400,70.4500,67.0000,69.8000,40533400
2003-07-03,64.9100,67.3200,64.1700,66.0600,34994200
2003-06-27,65.0400,66.5700,63.1800,65.1800,45059600
2003-06-20,65.6000,67.5400,63.6100,64.9700,60269800
2003-06-13,63.2000,65.8500,62.4500,65.0000,42174600
2003-06-06,65.0400,66.0000,63.0000,63.3800,53622400
2003-05-30,61.7000,64.9000,61.5100,64.7400,44348800
2003-05-23,62.8800,63.1200,59.8900,61.8800,51393700
2003-05-16,61.2400,63.2500,60.7400,62.3100,36585600
2003-05-09,63.0500,63.9960,59.3500,61.2400,70953800
2003-05-02,62.6100,63.8200,61.1700,63.2700,53729600
2003-04-25,60.3100,64.4500,59.8000,63.0000,68317500
2003-04-17,58.0700,60.3700,57.9100,60.1300,39045200
2003-04-11,59.9000,60.2500,56.9000,57.8800,46786400
2003-04-04,58.1400,59.9650,57.5500,59.2800,48819400
2003-03-28,57.7900,59.0600,57.1300,58.5600,48138900
2003-03-21,57.3100,59.0000,57.1100,58.5600,58854400
2003-03-14,55.1600,58.0200,54.1700,57.6400,60911700
2003-03-07,54.7500,55.9800,53.5800,55.7000,61165500
2003-02-28,54.3100,54.6900,52.1700,54.6400,57435800
2003-02-21,52.7000,54.7000,52.5500,54.6000,39829900
2003-02-14,52.1300,53.9600,51.0800,52.6000,55319900
2003-02-07,51.0600,52.5900,50.7000,52.0900,50716600
2003-01-31,51.5500,52.5200,50.2200,50.9600,58234200
2003-01-24,51.4700,53.7000,50.6800,52.2400,66374500
2003-01-17,50.9900,52.3600,50.5000,51.3200,71597200
2003-01-10,49.0500,50.9800,48.8000,50.4400,68781100
2003-01-03,49.3100,49.6500,47.9600,49.1900,44004900
2002-12-27,51.6000,53.0200,49.0500,49.5400,36480000
2002-12-20,50.3500,52.5100,49.6300,51.4800,75602000
2002-12-13,49.1000,51.0900,46.8800,50.3200,91117200
2002-12-06,48.9100,49.6300,46.5600,49.4000,69089000
2002-11-29,47.5100,48.5400,46.2300,47.2000,46133500
2002-11-22,48.4800,48.6500,45.5700,47.4500,65581800
2002-11-15,44.9900,48.5000,44.1600,47.7500,70774600
2002-11-08,47.4000,50.3600,43.9000,44.1400,98427000
2002-11-01,50.0900,50.3700,45.4500,46.6000,94091600
2002-10-25,50.1500,50.6800,48.6500,49.7900,81883400
2002-10-18,48.2300,52.0000,48.1000,50.4800,82189000
2002-10-11,43.3000,49.2800,43.1600,48.0900,100921300
2002-10-04,41.4600,46.4300,40.7700,43.6600,96117300
2002-09-27,41.3200,44.7500,39.1200,42.0000,88974300
2002-09-20,45.3700,46.4300,40.5500,41.7200,81556900
2002-09-13,44.4000,47.0900,43.8200,45.6700,52504300
2002-09-06,44.9400,45.5500,42.8300,44.7500,50650400
2002-08-30,47.5400,47.6000,44.7000,45.0300,55621000
2002-08-23,47.3500,48.9200,45.8200,47.2700,56740500
2002-08-16,47.0100,48.6500,45.0000,47.5300,65247100
2002-08-09,43.2100,48.5500,41.9900,47.7300,78404200
2002-08-02,43.8000,46.6500,42.5000,43.5100,111049000
2002-07-26,35.8300,43.3800,34.2100,43.3800,138554000
2002-07-19,33.7600,37.1200,30.5700,35.4600,142142100
2002-07-12,38.0000,38.0700,32.2500,34.3000,81576300
2002-07-05,41.4500,41.5700,34.3900,38.0700,59805300
2002-06-28,40.1700,43.0000,39.0000,41.8800,81132300
2002-06-21,41.6900,44.2000,40.1800,40.4500,105464400
2002-06-14,41.5000,42.3500,36.7300,40.1800,103444000
2002-06-07,47.4700,48.2800,40.5000,41.2500,78943400
2002-05-31,50.9500,52.3000,47.5400,47.6300,41150500
2002-05-24,50.0200,52.9900,47.8500,50.7100,55014100
2002-05-17,45.9700,52.5500,45.4500,50.6900,67461900
2002-05-10,48.6600,49.7100,45.4300,45.6600,73227200
2002-05-03,53.8500,54.1000,47.7700,48.8000,76760600
2002-04-26,56.5100,57.0500,53.3200,53.8400,60623300
2002-04-19,57.4900,58.2900,56.0500,56.8200,37861500
2002-04-12,57.6100,59.3900,55.9200,57.2100,55554900
2002-04-05,61.4800,61.4800,58.0900,58.2200,42399300
2002-03-28,61.9500,61.9800,59.5700,59.6800,33264000
2002-03-22,61.7900,62.9400,60.6000,61.8000,43130500
2002-03-15,59.4200,61.4700,58.5000,61.4100,40344500
2002-03-08,59.0000,60.6100,58.5200,59.7200,52146700
2002-03-01,57.5600,59.4500,57.0100,58.5300,47392500
2002-02-22,57.8000,59.9500,56.2000,57.5500,51906900
2002-02-15,57.5800,59.8000,56.8000,58.1900,48442700
2002-02-08,57.5100,58.2300,55.8000,57.9000,53884000
2002-02-01,57.3900,58.0800,53.3500,57.8000,60807300
2002-01-25,55.3100,58.8500,54.1300,57.0600,52504400
2002-01-18,57.1300,57.4000,53.7500,54.3300,50000300
2002-01-11,57.2400,57.7400,55.0300,57.1000,53188800
2002-01-04,58.6000,58.6100,53.2800,55.6200,58282000
2001-12-28,57.7500,59.7300,57.0000,59.0600,27836200
2001-12-21,55.2500,59.8900,55.0000,57.9700,105476100
2001-12-14,66.6300,67.6000,55.8500,56.0300,105305100
2001-12-07,66.7800,69.0000,65.0100,66.8000,42646600
2001-11-30,64.3200,67.4200,63.9300,66.4300,53572500
2001-11-23,56.9500,64.7500,56.8400,64.4200,53877400
2001-11-16,56.9400,59.0500,55.2600,56.5200,37370200
2001-11-09,58.2400,60.6600,56.0000,56.8900,37885900
2001-11-02,59.4000,59.5600,55.1500,57.6400,36313000
2001-10-26,59.4800,60.7300,55.9300,59.4500,63262100
2001-10-19,60.8400,63.1800,58.4000,59.9200,35247500
2001-10-12,59.0500,61.8000,56.7600,61.6100,36412400
2001-10-05,58.7400,60.1000,56.8400,58.7400,43345800
2001-09-28,57.0000,60.9900,54.8100,58.7700,50266900
2001-09-21,61.0300,62.5000,55.5000,56.0200,84910400
2001-09-10,62.8500,65.0600,62.5500,64.1300,6669100
2001-09-07,63.8000,66.2500,62.2000,63.9000,34067000
2001-08-31,64.4000,65.6000,61.2000,64.3000,35015300
2001-08-24,60.0800,65.1200,58.3600,64.9300,39638000
2001-08-17,60.9900,63.8500,58.3000,59.9500,33742700
2001-08-10,61.9200,63.7500,58.9600,61.1000,24628300
2001-08-03,61.1000,63.4000,60.1000,61.9100,26851300
2001-07-27,61.2100,62.0000,56.1500,60.8200,39924300
2001-07-20,56.0000,60.7800,53.4600,60.7100,49238800
2001-07-13,57.7500,59.9800,54.4200,55.6400,51419600
2001-07-06,61.7000,62.1000,56.1500,57.1600,27528500
2001-06-29,65.3200,65.6600,59.5000,60.6800,40560100
2001-06-22,66.7000,69.0100,65.1100,65.1400,35800800
2001-06-15,68.1000,69.0000,62.9000,67.0600,45592700
2001-06-08,68.5500,70.6000,67.2000,67.4500,31427400
2001-06-01,66.1000,68.5900,65.3500,68.5800,28519100
2001-05-25,65.7500,67.5500,63.7300,65.8700,34284700
2001-05-18,61.8000,67.1000,60.2100,65.4600,40509000
2001-05-11,61.9000,63.0000,59.9000,60.6000,32505700
2001-05-04,61.2000,63.2300,57.0000,62.3900,47624100
2001-04-27,59.1000,61.5000,54.8500,59.8800,58350800
2001-04-20,54.2100,61.8800,53.9000,59.5600,49642900
2001-04-12,54.8000,55.1700,50.3100,54.1400,55627300
2001-04-06,59.3800,60.2500,52.1900,54.4400,65629600
2001-03-30,57.6900,62.0000,56.5000,60.1900,50229900
2001-03-23,63.1100,65.0000,45.4400,56.1900,104181400
2001-03-16,65.0000,67.8800,61.2500,62.3800,53657000
2001-03-09,71.7500,74.1300,66.5000,66.6300,42151800
2001-03-02,70.8100,75.0600,69.5600,72.4400,48928500
2001-02-23,71.1900,72.8800,68.2500,70.4400,39695200
2001-02-16,72.0600,75.0600,70.0600,71.2500,39956700
2001-02-09,69.8100,72.6900,67.8800,72.5600,38085800
2001-02-02,71.2500,71.3100,68.8100,69.9400,36760500
2001-01-26,70.0000,72.3800,66.3100,71.6900,115149200
2001-01-19,60.0000,63.8800,59.5000,60.0000,27782400
2001-01-12,58.1300,62.8100,54.2500,59.7500,42426700
2001-01-05,65.8800,67.4400,57.8800,58.3100,41222000
2000-12-29,66.5600,68.1200,63.9400,63.9400,23026700
2000-12-22,62.0600,68.0000,61.0000,66.7500,37526300
2000-12-15,67.5000,70.7500,58.0000,59.9400,42519800
2000-12-08,65.5600,68.8800,62.3100,68.3800,32190200
2000-12-01,67.1900,69.1300,63.3100,64.8100,32104300
2000-11-24,63.8800,67.0000,61.6900,66.0600,22454900
2000-11-17,62.3900,67.4400,61.6300,65.1300,38524700
2000-11-10,60.6100,66.5000,59.0600,64.5600,49090300
2000-11-03,58.6900,61.8800,51.3900,59.8100,65172500
2000-10-27,68.9400,72.6300,58.2500,59.3100,63314700
2000-10-20,65.3800,69.5000,61.3800,68.7500,31525600
2000-10-13,63.3800,67.5600,59.5000,64.8800,32995400
2000-10-06,70.3100,70.4400,61.5000,63.0600,33745400
2000-09-29,72.0600,73.8800,68.5000,69.8300,31499300
2000-09-22,68.3800,72.1300,64.1300,72.0600,30112700
2000-09-15,74.1300,74.8800,65.1900,67.6300,51191100
2000-09-08,76.0000,76.3100,68.0000,74.9400,32616800
2000-09-01,74.8800,76.6300,71.7500,76.4400,27146900
2000-08-25,66.8800,75.6300,66.3800,74.6300,29557400
2000-08-18,69.6300,69.8800,65.8100,65.8800,23741800
2000-08-11,69.1900,72.2500,66.7500,69.6900,28599300
2000-08-04,66.7500,71.6300,64.7500,69.1300,35525200
2000-07-28,79.1900,80.4400,65.1300,66.3800,45495000
2000-07-21,71.3100,79.9800,71.1900,78.0000,39542700
2000-07-14,74.5000,75.9400,68.6900,70.7500,33794700
2000-07-07,69.6900,76.0000,68.3100,73.9400,35811100
2000-06-30,67.5000,70.5000,66.5000,70.2500,27471200
2000-06-23,67.6900,70.8800,65.8800,66.6300,30475400
2000-06-16,63.2500,69.1300,60.0000,68.0000,35722000
2000-06-09,66.5600,69.5000,61.0000,62.6300,32035400
2000-06-02,60.3100,68.5000,60.3100,67.0000,29129600
2000-05-26,60.1900,62.1300,55.5000,59.0000,35281200
2000-05-19,62.1300,65.1900,59.6300,59.8800,30138900
2000-05-12,59.0000,62.6900,57.8800,62.3800,32274600
2000-05-05,57.0000,59.8100,52.8800,59.5600,37410700
2000-04-28,53.3100,61.3000,50.0000,56.0000,79882900
2000-04-20,52.3800,59.9400,50.0000,54.0000,38694900
2000-04-14,62.0000,63.7500,52.1300,52.7500,45121000
2000-04-07,61.0000,64.3800,53.8100,60.9400,51606900
2000-03-31,55.1300,65.8800,55.1300,61.3800,61534500
2000-03-24,62.2500,63.1300,52.7500,54.5600,89800700
2000-03-17,58.1900,65.5000,51.0600,63.1300,101676500
2000-03-10,66.8800,66.8800,58.7500,59.5600,67959500
2000-03-03,72.8800,72.8800,63.0000,66.3100,54626600
2000-02-25,71.6900,74.0000,66.3800,73.5600,35942300
2000-02-18,63.5600,75.0000,62.3800,71.3100,58610300
2000-02-11,66.5000,72.1900,61.9400,62.6300,45057700
2000-02-04,61.0000,66.5000,59.8800,64.6300,48181700
2000-01-28,75.8800,76.5000,59.1300,59.6900,62803100
2000-01-21,70.0000,75.0000,68.2500,74.6900,38344200
2000-01-14,69.5000,72.6900,62.5600,68.3100,55759000
