timestamp,open,high,low,close,volume
2012-08-08,30.9600,31.0200,30.9400,30.9800,12863699
2012-08-03,30.8000,30.9700,30.7800,30.9500,14475818
2012-07-27,30.7900,30.8600,30.7500,30.8000,15400284
2012-07-20,30.8000,30.8200,30.7700,30.7850,17707135
2012-07-13,30.7500,30.8300,30.7300,30.7900,40341090
2012-07-06,30.6600,30.7900,30.6400,30.7650,142071203
2012-06-29,27.5300,28.4900,27.2200,28.2000,10485878
2012-06-22,27.3200,28.0000,27.2500,27.9200,9368167
2012-06-15,27.5900,27.7400,27.1000,27.3900,10979405
2012-06-08,26.7300,27.7650,26.1600,27.5000,11837852
2012-06-01,27.9600,28.4500,25.9900,26.7300,27221856
2012-05-25,26.6500,28.1100,24.9700,27.9600,25069296
2012-05-18,25.6700,28.0200,25.0100,26.8000,24306474
2012-05-11,24.7600,26.2000,24.4700,25.8600,10403787
2012-05-04,25.4200,26.1000,24.9000,24.9200,11665264
2012-04-27,25.2000,26.8700,25.0100,25.4200,26593398
2012-04-20,23.6900,23.8600,22.2500,22.9200,14163601
2012-04-13,24.1200,24.4000,23.3100,23.7100,13919479
2012-04-05,24.7000,25.0000,23.4500,24.1200,19864949
2012-03-30,15.4400,25.8400,15.3700,24.9600,73428041
2012-03-23,15.6300,15.8500,15.1800,15.5200,11321406
2012-03-16,15.7000,15.9800,15.4100,15.6500,11104013
2012-03-09,17.2000,17.2000,15.4000,15.7900,22372920
2012-03-02,17.9300,18.1400,16.7200,17.1200,11966805
2012-02-24,17.7000,18.1200,16.8500,17.9900,11865519
2012-02-17,17.5900,18.4500,16.9700,17.7000,19226252
2012-02-10,16.5000,18.1800,15.6000,17.1700,30895591
2012-02-03,14.0400,18.3000,13.7700,17.1000,63522387
2012-01-27,11.5100,12.4098,11.0500,12.1400,20916810
2012-01-20,11.7900,12.0900,11.2500,11.4300,7645590
2012-01-13,11.0000,11.8000,10.7500,11.7900,10651452
2012-01-06,11.3800,11.6200,10.6800,11.0200,8021068
2011-12-30,11.4400,11.7200,11.1600,11.3800,3584169
2011-12-23,10.4000,11.5500,10.2100,11.4400,10656438
2011-12-16,10.4200,10.6500,9.9900,10.3700,8061260
2011-12-09,10.6800,10.9900,10.4050,10.4500,7808795
2011-12-02,10.2400,10.9700,10.1600,10.5000,8847063
2011-11-25,9.8700,10.3300,9.6500,9.9300,6173342
2011-11-18,10.2900,10.6600,9.9299,9.9600,11475592
2011-11-11,11.0000,11.1500,8.9500,10.0200,25448605
2011-11-04,11.9100,12.0100,10.6500,11.1700,6996625
2011-10-28,11.6300,12.2300,10.9800,12.1700,10649244
2011-10-21,10.6100,12.0900,9.6550,11.6100,15941931
2011-10-14,9.8300,10.7000,9.8200,10.6900,7106418
2011-10-07,9.1400,9.8400,8.0300,9.6600,10683861
2011-09-30,9.9200,10.2900,9.1200,9.2300,6450855
2011-09-23,10.9200,11.0500,9.4500,9.8100,6365766
2011-09-16,10.4900,11.3800,10.3000,11.0900,5489577
2011-09-09,10.3100,11.6200,10.2801,10.6300,5417292
2011-09-02,10.5900,11.5800,10.5100,10.6300,5514648
2011-08-26,10.2400,10.7300,9.4066,10.5000,6708480
2011-08-19,10.1600,11.1000,9.8200,10.0500,8646574
2011-08-12,10.3100,10.5500,9.5200,10.1100,16745368
2011-08-05,12.0500,12.2000,9.7500,10.6000,16254528
2011-07-29,13.5800,13.5900,11.4300,11.9100,10783844
2011-07-22,12.7300,13.6900,12.1800,13.6500,8855223
2011-07-15,14.0900,14.1000,12.7199,12.8300,10625168
2011-07-08,13.5300,14.6000,13.1600,14.2200,12806389
2011-07-01,11.9600,13.8900,11.9400,13.5400,9071890
2011-06-24,11.6200,12.4800,11.3700,11.8300,9550653
2011-06-17,12.2200,12.7200,11.5400,11.6550,6814908
2011-06-10,13.4700,13.5100,12.2000,12.2000,5596396
2011-06-03,13.5300,14.2800,13.4200,13.5500,6997382
2011-05-27,13.5500,13.7700,12.9600,13.4500,4339280
2011-05-20,13.4200,13.8300,12.7900,13.6900,6054212
2011-05-13,13.3100,13.7800,12.3300,13.6600,9143411
2011-05-06,13.3700,13.8500,12.9300,13.3000,6197861
2011-04-29,12.8200,13.6600,12.5800,13.3000,6685982
2011-04-21,12.8200,13.2300,12.3200,12.8800,9262138
2011-04-15,11.0500,13.4500,11.0100,13.0900,13925573
2011-04-08,11.4500,11.4500,11.0000,11.0200,4671540
2011-04-01,10.5500,11.5500,10.4900,11.4700,6035011
2011-03-25,10.4600,10.7700,10.2500,10.5400,4406717
2011-03-18,11.2600,11.7100,10.3500,10.4400,10545912
2011-03-11,11.0800,11.6500,11.0700,11.3400,9047659
2011-03-04,15.4900,15.7800,10.9500,11.0700,30034908
2011-02-25,16.1700,16.2300,14.9400,15.5050,4082707
2011-02-18,15.3900,16.3683,15.2200,16.2800,4198309
2011-02-11,16.4200,16.5000,15.2410,15.3800,7113454
2011-02-04,16.2500,16.5800,15.8900,16.4600,9025524
2011-01-28,14.9700,16.6500,14.6600,16.2000,17200081
2011-01-21,14.5100,15.2600,14.3900,15.0300,7958339
2011-01-14,14.4900,14.8900,13.9700,14.6000,7573703
2011-01-07,14.8400,14.9100,14.3750,14.5500,7225429
2010-12-31,15.0500,15.1900,14.6100,14.7100,4894872
2010-12-23,15.2900,15.4900,14.9250,15.1200,6209705
2010-12-17,13.8000,15.2500,13.5900,15.2300,13715020
2010-12-10,12.9600,13.8700,12.4600,13.7900,12232122
2010-12-03,13.0300,13.1800,12.6600,13.1200,6784245
2010-11-26,13.3800,13.4400,12.8900,13.1000,6125058
2010-11-19,13.3600,13.4800,13.0119,13.4800,9899836
2010-11-12,12.9900,13.4500,12.7900,13.3000,11867601
2010-11-05,13.0700,13.1700,12.6400,13.0500,14264485
2010-10-29,11.4300,13.5500,11.3100,13.0300,25750442
2010-10-22,21.0500,21.2300,9.5100,11.3000,71357923
2010-10-15,21.3500,21.7100,20.5700,21.0400,8980160
2010-10-08,21.1500,21.9500,21.1200,21.3500,7631582
2010-10-01,21.2900,21.3700,20.4000,21.1300,7954513
2010-09-24,21.7900,22.0000,20.5600,21.2400,9975637
2010-09-17,22.0900,22.0900,20.8500,21.6600,5675900
2010-09-10,21.5300,22.0200,21.1900,21.9000,3926612
2010-09-03,20.2100,21.9300,20.1000,21.5600,6773626
2010-08-27,19.9400,20.4100,18.7500,20.3500,6641351
2010-08-20,19.6600,20.4900,19.3600,19.8500,6300916
2010-08-13,20.5000,20.6800,19.0100,19.6900,5561923
2010-08-06,19.1200,20.3900,18.9000,20.3300,6076345
2010-07-30,19.0700,20.0000,18.0400,18.9200,9698794
2010-07-23,18.6200,19.1500,18.0100,19.1100,7968666
2010-07-16,19.1000,19.6100,18.2400,18.4700,9761543
2010-07-09,18.6500,19.3100,17.8100,19.2500,8280012
2010-07-02,20.4000,20.6100,18.0300,18.6100,18354247
2010-06-25,19.9800,19.9900,18.1200,19.3100,16072669
2010-06-18,17.6700,20.1200,16.1800,19.8000,30751124
2010-06-11,16.0400,17.1300,14.9300,17.0200,11313888
2010-06-04,16.3200,17.0600,16.0200,16.0400,6678915
2010-05-28,15.4900,17.0700,14.8500,16.5200,13249025
2010-05-21,17.0000,17.4700,15.2700,15.6800,13853907
2010-05-14,18.3600,18.6700,16.9150,17.0200,12480054
2010-05-07,20.7100,21.1200,17.0000,17.0600,26079765
2010-04-30,21.0000,22.2600,19.7100,20.6400,12025661
2010-04-23,21.5500,21.9800,20.0400,21.1000,15752743
2010-04-16,23.8900,23.9800,21.5900,21.7500,14694606
2010-04-09,23.0600,24.2090,22.7000,23.8200,15654187
2010-04-01,22.6800,23.1300,22.4200,23.0900,8925343
2010-03-26,22.2500,23.3800,22.0600,22.6700,12760149
2010-03-19,22.3000,23.9300,21.4800,22.4900,51833435
2010-03-12,20.4300,21.5800,18.2600,20.2600,47399218
2010-03-05,19.2800,20.4600,18.6700,19.8300,28780543
2010-02-26,17.9100,19.1500,16.9800,18.8900,19495740
2010-02-19,18.1500,18.7000,17.5600,17.9800,11806728
2010-02-12,17.1600,18.0200,16.9700,18.0100,10247608
2010-02-05,18.0100,18.3950,16.5100,17.1600,16588536
2010-01-29,17.2600,19.9900,16.8100,17.9800,36766035
2010-01-22,15.9300,18.1400,15.9000,17.2400,22030377
2010-01-15,15.3300,16.8800,15.1300,16.0100,22178214
2010-01-08,14.2300,15.3500,14.1300,15.3400,14699077
2009-12-31,14.2500,14.3000,13.8715,14.1900,7266788
2009-12-24,14.9600,15.6300,13.3500,14.2700,20932708
2009-12-18,13.9700,15.0000,13.9000,14.9000,12458019
2009-12-11,14.0500,14.1300,13.5000,13.9800,5769561
2009-12-04,13.7800,14.6800,13.6500,14.1000,13672431
2009-11-27,12.5700,14.0600,12.4000,13.8000,11457741
2009-11-20,12.7000,13.2400,12.4200,12.4400,6976719
2009-11-13,12.0600,12.7500,12.0600,12.5800,6501301
2009-11-06,11.7000,12.7500,11.4000,12.0700,24520757
2009-10-30,12.8200,12.9400,11.0100,11.0400,14636511
2009-10-23,13.9800,13.9900,12.8400,12.8500,13459686
2009-10-16,14.3200,14.4100,13.7500,13.8900,9710545
2009-10-09,13.0600,14.2300,12.9000,14.2000,14347571
2009-10-02,12.8600,13.8100,12.6500,13.0200,19043918
2009-09-25,13.1000,13.2200,11.7300,12.7600,25591644
2009-09-18,12.5000,14.6346,12.4700,13.1000,21087505
2009-09-11,12.7900,12.9700,12.4000,12.5800,5033397
2009-09-04,12.9000,12.9000,12.2800,12.7900,8935098
2009-08-28,13.4800,13.4800,12.7500,12.9100,6275169
2009-08-21,13.1200,13.7200,12.7100,13.4800,8337560
2009-08-14,14.8300,14.8300,13.1700,13.2300,12890372
2009-08-07,14.9200,15.6900,14.2500,14.8100,12593227
2009-07-31,14.1600,15.2750,14.1600,14.7100,10326054
2009-07-24,12.7500,14.1500,12.2700,14.1200,11448842
2009-07-17,12.3000,12.9100,11.8500,12.6300,9072755
2009-07-10,12.5600,12.9300,12.1200,12.2500,9216625
2009-07-02,13.7200,13.7600,12.8300,12.8800,11920312
2009-06-26,12.1500,14.3000,11.6400,13.6900,19382142
2009-06-19,11.8600,12.6400,11.3800,12.3400,16402781
2009-06-12,11.5000,12.0500,11.0600,11.9300,16824206
2009-06-05,11.1800,11.5300,10.9197,11.1000,13744570
2009-05-29,11.0300,12.1800,10.9000,11.3200,21265716
2009-05-22,10.2600,11.6000,10.1000,11.1100,10442645
2009-05-15,11.5300,11.6800,10.2050,10.5000,11407389
2009-05-08,11.2000,12.6000,11.0600,11.7000,17850718
2009-05-01,11.2300,11.7500,10.7600,11.0100,11896786
2009-04-24,10.1300,11.6100,10.1200,11.2500,15457927
2009-04-17,9.6300,10.6800,9.5400,10.1800,20362142
2009-04-09,9.3700,9.8200,8.8000,9.6600,12855171
2009-04-03,11.7700,13.5000,8.5600,9.6800,52905358
2009-03-27,11.7700,13.5000,11.5800,12.0000,11043871
2009-03-20,11.2500,12.6300,11.0000,11.3500,9698093
2009-03-13,8.2900,11.2800,7.8900,11.2000,8616650
2009-03-06,8.7900,9.4800,8.0000,8.4100,11371461
2009-02-27,10.5400,10.6700,8.3000,9.1300,10195420
2009-02-20,12.2200,12.3800,10.2600,10.4700,8376940
2009-02-13,13.5200,13.6146,12.5100,12.6300,7471371
2009-02-06,11.5300,14.1300,11.3300,13.4400,14933447
2009-01-30,10.9000,11.8300,10.5000,11.5600,15712320
2009-01-23,11.3800,11.5900,10.1600,10.8800,8361011
2009-01-16,11.4800,11.7400,10.2700,11.6300,11258470
2009-01-09,11.1000,12.4600,10.7200,11.6900,10224556
2009-01-02,10.5500,11.0400,10.0000,10.9600,6838009
2008-12-26,11.0500,11.3400,10.1100,10.6700,4218272
2008-12-19,11.0100,11.9000,10.4900,11.0000,17615360
2008-12-12,7.9900,11.4800,7.9100,11.0000,21036855
2008-12-05,7.3100,8.3400,5.9200,8.3400,13207829
2008-11-28,6.0900,7.4400,5.9900,7.4100,7484238
2008-11-21,7.4900,7.5000,5.5000,6.0500,17965398
2008-11-14,8.9100,8.9200,6.3380,6.4100,16140267
2008-11-07,10.5100,11.4700,6.9000,8.7500,25832595
2008-10-31,9.5900,10.5500,7.1700,10.2100,24251729
2008-10-24,12.5300,13.4800,9.6000,9.8100,18478606
2008-10-17,12.9900,15.9000,12.1700,12.6100,15466044
2008-10-10,17.7900,17.9400,11.7100,12.3000,21913513
2008-10-03,20.3700,20.8100,16.7200,17.1700,16935633
2008-09-26,21.3300,22.1970,20.0700,20.7700,9383302
2008-09-19,19.8500,23.0100,19.3700,21.4700,31405087
2008-09-12,21.3200,21.5900,18.5500,20.1800,26045459
2008-09-05,22.4000,22.4100,20.1500,21.1100,18969454
2008-08-29,27.2400,28.5000,19.9150,21.9800,66156094
2008-08-22,35.0000,35.0000,25.7200,26.5800,43029398
2008-08-15,32.5800,34.8000,31.9501,34.2100,11023980
2008-08-08,30.0600,32.7100,29.5700,32.5900,12225786
2008-08-01,29.2900,31.9100,27.0300,30.6000,17364699
2008-07-25,26.3700,29.5700,25.8500,29.4900,18931342
2008-07-18,25.8300,27.1100,24.4500,25.7500,13282837
2008-07-11,24.6900,27.3200,24.2100,25.6300,10617731
2008-07-03,26.0300,26.4399,24.1300,24.6200,7765818
2008-06-27,25.9600,26.9500,25.4200,26.1700,9435516
2008-06-20,26.7500,27.1200,25.5000,25.9900,10326939
2008-06-13,27.1500,27.9800,25.7500,27.0300,32972296
2008-06-06,31.8700,33.2200,29.6000,29.9300,18869845
2008-05-30,30.7500,32.8400,30.0600,31.7700,15072991
2008-05-23,32.2300,32.5200,29.5000,30.5800,11737206
2008-05-16,28.7200,32.7800,28.5000,32.1500,16692212
2008-05-09,28.3500,28.7600,27.5000,28.4800,7527210
2008-05-02,28.5400,29.4700,27.1100,28.4800,9525485
2008-04-25,29.0000,29.8500,26.6000,28.5400,17353678
2008-04-18,29.6800,31.4700,29.1400,31.4100,6731690
2008-04-11,32.5400,32.7400,29.0000,29.7000,9848362
2008-04-04,28.0400,33.1700,28.0400,32.3200,15514070
2008-03-28,27.5400,29.8500,27.0100,27.9900,7933798
2008-03-20,25.1400,27.6600,24.4200,27.5800,7258930
2008-03-14,25.4200,26.7800,23.8100,25.6700,14952163
2008-03-07,26.2000,26.2600,23.7500,25.1000,20565788
2008-02-29,27.0800,29.3000,26.2800,26.4700,11570112
2008-02-22,29.1000,29.2800,26.6000,26.9800,7441312
2008-02-15,29.9100,30.6500,28.0200,28.6200,8193619
2008-02-08,31.8100,32.2700,29.5000,30.0500,10878368
2008-02-01,32.4700,33.2400,28.4100,31.8100,20929309
2008-01-25,32.5700,35.0900,31.5000,32.4600,9877928
2008-01-18,36.8000,36.8400,33.4700,33.5500,10338975
2008-01-11,36.0500,36.8300,34.7500,36.4600,9980691
2008-01-04,36.6400,37.3900,35.7600,36.0200,4855481
2007-12-28,38.0000,38.8200,36.4200,36.8600,3340143
2007-12-21,38.3900,39.0000,36.7200,38.2800,8280846
2007-12-14,38.0300,39.9000,37.8300,38.6300,7689849
2007-12-07,37.8800,39.1700,36.5000,38.1600,9084670
2007-11-30,38.7300,39.3480,35.8300,38.1900,14202034
2007-11-23,40.5000,40.5800,38.1300,38.8300,7638682
2007-11-16,39.8000,42.4600,39.6800,40.6400,12671474
2007-11-09,42.9900,43.0200,39.2500,39.7800,12822198
2007-11-02,47.2000,47.2800,42.1800,43.1500,19846905
2007-10-26,45.2900,47.6100,43.9700,47.1800,8170016
2007-10-19,47.6200,48.2000,43.9100,45.6200,19204795
2007-10-12,50.5900,50.6700,46.4100,47.6700,9993678
2007-10-05,49.8300,51.1000,49.0000,50.8100,5334758
2007-09-28,49.6400,50.7200,48.3200,50.0000,7186849
2007-09-21,48.7100,49.7600,47.0000,49.6000,8281133
2007-09-14,48.8100,49.7100,47.5200,49.0200,7703404
2007-09-07,49.0000,50.2200,47.3300,48.0400,7223074
2007-08-31,49.3200,49.9700,48.0100,49.0300,6502657
2007-08-24,49.0000,50.2300,48.3200,49.6000,7123063
2007-08-17,49.8700,50.3800,47.0600,49.2000,9816033
2007-08-10,47.8900,53.2500,47.8900,49.4200,15730729
2007-08-03,46.9000,49.3400,46.0900,47.8700,11108835
2007-07-27,43.9300,48.3300,42.9400,46.9000,21324104
2007-07-20,43.7500,44.0200,42.7400,43.5700,5575969
2007-07-13,42.1300,44.4400,41.5000,43.9700,8459030
2007-07-06,41.2000,42.5600,40.8600,42.2800,5005790
2007-06-29,41.4000,41.8700,40.1100,41.8000,9714532
2007-06-22,42.9700,43.0400,39.7500,41.6100,10520392
2007-06-15,40.9900,43.3600,40.7000,42.9700,11783923
2007-06-08,45.6900,45.6900,40.2500,41.0900,17548805
2007-06-01,44.6700,46.9300,44.6700,46.7600,4769772
2007-05-25,42.6300,45.5800,42.4500,44.9100,9333723
2007-05-18,41.7500,43.4900,41.7400,42.5000,5097616
2007-05-11,41.7200,42.1400,40.4401,41.5900,4368496
2007-05-04,42.9400,42.9700,40.8000,41.7100,5682304
2007-04-27,41.2300,43.0100,41.2000,43.0100,6261827
2007-04-20,40.5500,42.7900,40.5500,41.3300,11956672
2007-04-13,38.8000,40.2800,37.5400,40.0100,9555499
2007-04-05,37.4700,38.8400,36.9100,38.8300,4039449
2007-03-30,36.8700,38.8900,36.4000,37.3600,10806280
2007-03-23,37.8200,38.0800,36.7300,36.9800,8612178
2007-03-16,37.1500,38.7400,37.0000,37.5700,9158642
2007-03-09,36.3600,37.9000,35.8800,37.1300,9655401
2007-03-02,40.7400,41.3200,35.9100,36.4100,12024990
2007-02-23,39.9800,40.9500,39.6700,40.1500,4242083
2007-02-16,40.9400,41.1100,39.7600,40.0200,5873206
2007-02-09,39.2000,41.8500,39.2000,40.9600,10878820
2007-02-02,38.8300,39.4200,37.9000,38.5700,11544339
2007-01-26,40.4800,40.7700,38.3500,38.7600,9443567
2007-01-19,42.0700,42.0700,40.1900,40.3500,8220545
2007-01-12,37.7200,42.4500,37.6800,42.0500,12406190
2007-01-05,36.3990,37.7100,35.5501,37.6100,5621124
2006-12-29,37.2900,37.3600,35.7400,36.0700,3946705
2006-12-22,38.2600,38.7400,37.0600,37.3100,8076711
2006-12-15,38.6000,38.8700,36.7600,38.3000,8631507
2006-12-08,39.2900,40.1200,37.1300,38.9700,14083373
2006-12-01,40.9900,41.5400,38.7200,39.2800,13654452
2006-11-24,43.4000,43.4600,40.6800,41.0400,7528856
2006-11-17,45.1400,45.4000,43.3600,43.4500,7078716
2006-11-10,43.8400,45.4400,43.5000,44.9400,6807035
2006-11-03,44.6100,44.7300,42.9500,43.5100,5933454
2006-10-27,45.6000,46.5500,43.4300,44.7000,10326469
2006-10-20,46.8000,47.8800,45.7700,46.6500,11669462
2006-10-13,44.1900,48.4800,43.9300,48.1700,10698517
2006-10-06,44.0200,44.6900,41.8000,44.3900,8630700
2006-09-29,44.1500,45.4300,42.1800,44.0700,8043768
2006-09-22,44.2800,46.0900,43.6300,44.1800,7988000
2006-09-15,45.1600,46.8500,44.3000,44.4300,8611390
2006-09-08,46.6200,46.8600,43.8500,45.4500,6639872
2006-09-01,45.5500,46.8700,44.4600,46.7200,6419149
2006-08-25,46.5100,47.4800,44.2200,45.3300,5901895
2006-08-18,41.7390,47.0560,40.8200,46.8300,10590226
2006-08-11,47.4100,47.5900,41.2300,42.3100,14212194
2006-08-04,48.2900,49.4900,46.8500,47.6200,7686852
2006-07-28,45.7200,50.5600,45.4900,48.4800,12490322
2006-07-21,48.1300,50.3300,45.5000,45.7100,12905026
2006-07-14,49.1200,51.5400,47.8900,48.2900,12952191
2006-07-07,48.8600,49.6800,47.7500,49.0000,6456200
2006-06-30,47.1100,49.3700,45.6200,49.3700,19749834
2006-06-23,43.7100,47.4700,42.5000,46.8500,10125175
2006-06-16,45.8000,46.5400,41.7500,43.9000,20106327
2006-06-09,47.3000,47.9200,43.8200,46.8520,12443059
2006-06-02,45.0800,47.9300,43.5300,47.9300,10112451
2006-05-26,40.2600,45.2400,38.1600,45.0200,13114013
2006-05-19,41.2800,43.2100,39.5400,40.8000,10874612
2006-05-12,43.8100,44.5600,40.3300,41.3600,13155981
2006-05-05,43.8200,44.5100,41.0901,43.9200,12724933
2006-04-28,47.3300,47.5000,42.3000,43.5500,17674470
2006-04-21,48.6000,49.0800,46.3500,47.5300,13007138
2006-04-13,45.7500,48.9700,44.0500,48.8300,9421047
2006-04-07,48.9500,48.9700,45.5900,47.1000,13319380
2006-03-31,46.1000,49.0800,44.4200,48.9500,14600858
2006-03-24,46.1400,46.8200,44.5200,46.7800,8012701
2006-03-17,41.7100,47.0000,41.7100,46.4200,10458549
2006-03-10,43.9500,43.9500,41.1700,41.7500,5486173
2006-03-03,42.3000,44.2800,42.0800,44.2800,7943471
2006-02-24,40.1700,41.8900,39.2900,41.7600,5119955
2006-02-17,37.1450,40.3200,36.7500,39.9900,7559300
2006-02-10,39.0750,39.3800,35.5800,37.2000,12936974
2006-02-03,43.7800,44.8300,38.3400,39.3700,17892011
2006-01-27,44.8700,45.7900,42.0000,45.2500,11896753
2006-01-20,42.8600,44.9900,42.5000,44.7400,7879499
2006-01-13,41.2000,44.4300,41.1500,43.2800,11028826
2006-01-06,40.0100,43.3900,38.7300,41.9700,11666379
2005-12-30,41.3700,41.6000,39.2530,39.9200,3948998
2005-12-23,38.9050,42.3600,38.9050,42.0000,8934022
2005-12-16,37.5500,39.9500,37.3900,39.0000,7463549
2005-12-09,37.6000,38.1600,37.2300,37.6100,4430469
2005-12-02,38.5200,38.5900,37.1600,37.5000,7488693
2005-11-25,36.5900,39.5700,36.5900,38.3600,7133296
2005-11-18,33.9100,36.8700,33.8000,36.5900,9696781
2005-11-11,35.0900,35.5200,33.6900,34.0100,7620066
2005-11-04,33.4500,35.7500,32.9800,35.1500,10377200
2005-10-28,36.0300,39.2900,32.6300,33.5200,26251196
2005-10-21,36.6890,37.4300,35.3400,36.0500,12062682
2005-10-14,34.7600,36.7500,33.3600,36.6500,12825464
2005-10-07,35.2500,39.1700,34.4000,34.9600,21040923
2005-09-30,30.5000,35.4700,30.5000,34.7900,15400354
2005-09-23,30.1500,31.7500,30.0800,30.3900,8682599
2005-09-16,31.1400,31.7900,29.9000,30.1400,8241050
2005-09-09,30.9100,32.4500,30.6820,32.0900,9336864
2005-09-02,30.6000,33.1000,30.5000,30.7300,20280342
2005-08-26,22.0000,31.1000,21.5500,30.7700,61806768
2005-08-19,20.2400,22.1000,20.1600,22.0000,10456063
2005-08-12,19.3800,20.0000,18.9600,19.8900,9418984
2005-08-05,19.0100,22.3800,19.0100,19.4500,23084954
2005-07-29,20.9800,21.0000,18.5000,18.6600,23338244
2005-07-22,21.8400,22.3000,20.9700,21.2100,11582760
2005-07-15,21.7500,23.4700,21.3000,21.7800,20672181
2005-07-08,21.0000,21.8200,20.2500,21.7400,9085308
2005-07-01,19.9500,22.5500,19.4100,21.0000,13908601
2005-06-24,20.5300,20.5900,19.1500,19.7300,18825375
2005-06-17,16.2500,20.5700,16.1900,20.1000,48201499
2005-06-10,15.8000,16.6000,14.5000,15.9400,16074446
2005-06-03,16.1300,16.4800,15.6000,15.6700,13938226
2005-05-27,16.7000,16.9800,16.0000,16.6000,9416621
2005-05-20,17.7300,17.8490,16.7000,16.7300,9630724
2005-05-13,16.7400,17.8900,16.6800,17.5500,11760976
2005-05-06,17.9900,18.0600,15.9800,16.6300,22780228
2005-04-29,18.5800,19.5600,16.0100,17.0000,28853770
2005-04-22,17.9400,18.9000,17.2300,18.3100,8946585
2005-04-15,18.5900,18.9900,17.9400,18.0000,6553637
2005-04-08,17.3800,18.8700,17.0700,18.4600,8773920
2005-04-01,19.5000,19.5500,17.1800,17.3700,15144634
2005-03-24,21.1900,21.3600,19.4000,19.4600,8329774
2005-03-18,19.0800,21.8800,19.0800,21.0600,17788467
2005-03-11,19.2000,20.0000,19.0400,19.2800,6652798
2005-03-04,22.2000,22.2000,19.2400,19.3000,9542747
2005-02-25,22.0600,22.2600,21.2300,22.1400,3898122
2005-02-18,22.7600,22.9900,21.7000,21.9700,3862220
2005-02-11,23.2500,23.5300,21.7800,22.8900,4280568
2005-02-04,21.7800,23.3700,21.7500,23.3700,4428795
2005-01-28,22.6100,22.9000,21.2700,21.7100,5073396
2005-01-21,23.3800,23.5000,22.0200,22.6600,7770544
2005-01-14,23.1700,24.9500,22.9800,23.5900,5780011
2005-01-07,23.3900,23.8500,22.5100,23.1000,4193201
2004-12-31,23.2350,24.0100,23.2350,23.3600,2771203
2004-12-23,22.8100,23.2400,22.0700,23.1500,2400616
2004-12-17,21.3800,23.1500,21.2500,22.7300,4746518
2004-12-10,21.4800,21.8000,20.5400,21.3800,3616539
2004-12-03,21.1500,21.4300,20.0700,20.7700,5085146
2004-11-26,21.6500,21.6500,20.7500,20.9200,3003462
2004-11-19,22.9700,23.1800,21.4300,21.4400,2620809
2004-11-12,23.2500,23.8700,22.6300,22.9800,4272452
2004-11-05,21.3000,23.2500,20.7400,23.1950,5466715
2004-10-29,19.5600,21.3100,19.1000,21.3000,3787703
2004-10-22,19.2000,20.2400,19.1800,19.6600,4432057
2004-10-15,20.5000,20.9000,18.8000,19.4000,3733545
2004-10-08,21.5100,22.4400,20.3500,20.4200,4255760
2004-10-01,19.9700,21.6200,19.2600,21.5700,4231418
2004-09-24,21.1500,21.3300,19.8800,20.0000,2876673
2004-09-17,21.3400,21.6500,20.5900,21.0400,3516643
2004-09-10,21.6400,22.0000,20.6000,21.3000,3466341
2004-09-03,19.7300,22.0700,19.1200,21.5800,3940972
2004-08-27,19.5000,20.0800,18.8700,19.8800,2827349
2004-08-20,16.9400,19.7700,16.4800,19.7100,4659883
2004-08-13,18.1200,18.9700,16.6500,16.8500,4406803
2004-08-06,20.5700,20.8600,17.5400,18.0900,4917751
2004-07-30,20.0000,20.7500,19.3200,20.6000,5191746
2004-07-23,20.5500,20.5700,19.1300,20.0000,4527738
2004-07-16,21.7500,23.2500,20.2500,20.5400,4141831
2004-07-09,23.0000,23.0000,21.5900,21.7800,2205134
2004-07-02,22.3100,23.1800,21.7000,23.0500,2872464
2004-06-25,22.0800,22.3400,21.3800,22.3200,3477381
2004-06-18,22.2500,22.6500,21.8900,22.4600,2111053
2004-06-10,22.2000,24.1500,21.8000,21.9600,6191800
2004-06-04,22.3400,22.8000,21.7100,21.7500,3277482
2004-05-28,20.7900,23.4000,20.5100,22.1600,3341356
2004-05-21,20.5000,21.4200,19.6900,20.7200,3086220
2004-05-14,21.5900,21.7700,20.4600,20.7100,4909877
2004-05-07,22.3500,23.3400,21.6000,21.6000,5547459
2004-04-30,25.5500,26.8000,22.2500,22.3900,6449272
2004-04-23,22.4900,25.7500,22.1100,25.3000,6872456
2004-04-16,22.9100,23.3500,22.0600,22.5500,3595330
2004-04-08,23.0400,23.8500,22.6700,22.9000,2918346
2004-04-02,23.2500,24.2400,22.9200,22.9200,7368683
2004-03-26,23.5700,23.5850,22.0400,23.0300,2873029
2004-03-19,23.8700,24.4500,22.2800,23.6500,3218832
2004-03-12,25.4100,25.6000,23.4400,23.9800,3905425
2004-03-05,23.0000,25.6300,23.0000,25.3800,3881556
2004-02-27,22.8900,24.0000,21.3000,22.9100,5461770
2004-02-20,21.4800,23.8000,21.4500,23.1000,6052969
2004-02-13,20.1800,21.9500,20.0500,21.4910,4786432
2004-02-06,19.3000,22.0700,18.4900,20.0500,7498105
2004-01-30,21.3300,21.9100,18.6500,19.4300,6614627
2004-01-23,21.8400,22.1300,20.8900,21.3200,2981518
2004-01-16,21.7000,22.3600,20.7800,21.8000,4449221
2004-01-09,22.1200,22.4700,20.7700,21.9900,6756602
2004-01-02,21.8000,22.8500,21.7000,22.3600,2775737
2003-12-26,21.7500,22.7000,21.3000,22.0000,3501990
2003-12-19,24.6000,24.6600,21.7000,22.3900,10719447
2003-12-12,25.2600,25.3300,23.5100,23.8800,4847045
2003-12-05,26.2200,27.3200,24.9100,25.0000,4680268
2003-11-28,24.2000,26.4800,23.9300,26.1400,5311995
2003-11-21,25.5900,26.0700,23.8200,23.9200,4233758
2003-11-14,27.9800,27.9800,24.2000,25.7500,5876691
2003-11-07,27.2900,28.3500,26.6400,27.9400,2429476
2003-10-31,27.2500,28.0000,26.3000,27.3300,2984387
2003-10-24,27.1700,28.0000,25.6700,27.2800,4560727
2003-10-17,28.9300,29.4700,27.0000,27.0000,2903556
2003-10-10,29.9790,30.4000,28.9700,29.0600,3188025
2003-10-03,27.1500,30.1300,27.1500,29.9800,4270441
2003-09-26,29.4900,29.4900,26.8000,27.1500,4294878
2003-09-19,28.6000,30.4100,28.2900,29.7300,4127153
2003-09-12,29.3900,30.7500,28.0400,28.6000,4826647
2003-09-05,28.5500,29.5000,28.2500,29.0400,5879372
2003-08-29,26.1500,28.7790,25.3300,28.5500,5836430
2003-08-22,23.9100,26.8500,23.8900,26.1000,4811001
2003-08-15,22.5200,24.1000,22.2700,23.8600,4457746
2003-08-08,23.4900,25.0000,20.9500,22.2900,8982173
2003-08-01,22.9200,24.5000,22.5500,23.4800,4044424
2003-07-25,22.8500,23.7200,22.4900,22.9700,2655806
2003-07-18,23.1300,23.9300,22.7000,22.8900,4199034
2003-07-11,22.1000,23.8000,21.7600,23.0000,4254015
2003-07-03,22.2200,22.7000,21.5200,22.0200,3738142
2003-06-27,21.5100,23.0500,20.6000,22.3100,5602025
2003-06-20,26.4500,26.8600,20.2000,21.8000,12801828
2003-06-13,22.8700,26.8000,22.3200,25.4500,5974293
2003-06-06,20.0700,25.2000,19.5000,23.0000,8274948
2003-05-30,18.4900,20.0900,18.2540,19.8400,4050906
2003-05-23,19.1000,20.2600,18.0000,18.4400,3866909
2003-05-16,18.4900,19.4900,18.1000,19.0200,2042828
2003-05-09,19.6400,19.9400,17.6500,18.5100,3199257
2003-05-02,17.9000,20.1600,17.5200,19.6000,4390290
2003-04-25,16.1000,18.2300,15.9700,17.8600,2665261
2003-04-17,15.8700,16.5000,15.7700,16.1000,1774419
2003-04-11,16.0900,16.5690,15.4700,15.8700,2403772
2003-04-04,16.0300,16.5000,15.6800,15.8000,3281306
2003-03-28,14.5500,16.6300,14.3400,16.2900,4522866
2003-03-21,13.8500,15.2900,13.8500,14.7300,4154097
2003-03-14,14.4500,14.8600,13.7300,14.0500,2530798
2003-03-07,15.2800,15.5900,13.9300,14.6500,3758387
2003-02-28,15.9700,16.0000,14.2500,15.3400,4338126
2003-02-21,16.1100,16.7500,15.6000,15.9900,2349149
2003-02-14,16.4200,16.5800,15.6700,16.1900,1585092
2003-02-07,17.0000,17.0700,16.0000,16.4000,3193026
2003-01-31,16.9600,17.7400,16.6400,17.1400,3209298
2003-01-24,17.6000,17.9500,17.2000,17.2300,3080547
2003-01-17,16.3100,17.9500,16.0000,17.5700,7950627
2003-01-10,16.5500,17.1500,16.3700,16.6700,2091457
2003-01-03,16.5100,16.7700,15.8200,16.5000,3016626
2002-12-27,17.3000,17.7000,16.5000,16.5300,1505509
2002-12-20,17.8300,18.0500,16.7500,17.0700,3405637
2002-12-13,17.9500,18.2400,17.5900,17.8500,2587746
2002-12-06,17.2700,18.4500,16.7800,18.0390,2736944
2002-11-29,17.0100,17.6500,16.5500,17.2500,1384143
2002-11-22,17.0000,17.7000,16.1000,17.0200,3343834
2002-11-15,18.0600,18.1300,17.1600,17.6310,2155240
2002-11-08,17.7200,18.9800,17.5000,18.2000,5797410
2002-11-01,17.7300,18.1400,15.9600,17.6900,5076765
2002-10-25,17.6000,18.1500,14.4500,17.6800,8092531
2002-10-18,16.7500,18.5000,16.5700,17.6300,6705701
2002-10-11,15.5100,17.0000,14.6500,16.9400,4057738
2002-10-04,15.9100,17.2400,15.2100,15.8000,5718750
2002-09-27,14.4300,16.3000,13.3200,15.8570,6691195
2002-09-20,12.9400,15.2000,12.4000,13.9000,8638023
2002-09-13,12.2000,13.0000,12.0100,12.9800,1640914
2002-09-06,12.0600,12.4700,10.8300,12.3300,2526079
2002-08-30,12.4600,12.9900,12.0500,12.0640,1838551
2002-08-23,12.7000,13.4700,12.3000,12.3200,2259159
2002-08-16,12.3000,13.4500,11.9000,12.6600,4164500
2002-08-09,11.9700,13.9800,11.0200,13.0000,4867900
2002-08-02,10.0100,12.4000,10.0100,11.9500,3438242
2002-07-26,10.5000,11.0000,8.8800,10.3000,2440288
2002-07-19,10.0000,11.2400,9.7800,10.5000,2184300
2002-07-12,10.1300,10.5000,9.7300,10.0000,2040100
2002-07-05,10.9400,10.9400,8.8500,10.2400,2040300
2002-06-28,10.0300,11.3500,9.8700,10.9400,3570400
2002-06-21,8.9500,10.0990,8.7900,10.0110,2378600
2002-06-14,8.8100,8.9300,8.0100,8.7400,1815000
2002-06-07,9.1400,9.1400,8.0500,8.9300,1996200
2002-05-31,9.1900,9.7000,8.7500,9.0000,1646800
2002-05-24,9.7400,9.7500,9.0500,9.0500,1772000
2002-05-17,8.9000,9.6800,8.6800,9.3500,3247600
2002-05-10,9.3900,9.5000,8.0200,8.7700,2988400
2002-05-03,10.0500,10.2590,9.1400,9.2500,1103000
2002-04-26,10.6600,11.0500,9.8000,9.9800,1543800
2002-04-19,10.1100,11.8600,9.9100,10.7100,3002500
2002-04-12,9.8500,10.1800,9.8100,10.0300,1433200
2002-04-05,9.8700,10.4000,9.5900,10.0000,1473700
2002-03-28,10.4200,10.5800,9.4500,10.0100,1482300
2002-03-22,10.7200,10.8900,9.9100,10.5000,1875500
2002-03-15,10.1500,11.1000,10.1500,10.7500,2169700
2002-03-08,9.0300,10.7700,9.0300,10.2500,3672600
2002-03-01,8.9300,9.2100,8.5000,9.2100,1984700
2002-02-22,8.3500,8.9500,8.0200,8.9400,1638400
2002-02-15,7.6500,8.9500,7.6000,8.2600,6048800
2002-02-08,8.5300,8.6000,7.3200,7.6500,2371400
2002-02-01,8.4500,8.8000,8.1100,8.5000,2012900
2002-01-25,7.9300,8.5400,7.4500,8.5000,1046600
2002-01-18,8.1400,8.5400,8.0000,8.0500,1293900
2002-01-11,9.1700,9.3200,8.0800,8.1000,2947400
2002-01-04,9.0000,9.8000,8.8500,9.0800,1755000
2001-12-28,9.7500,10.4000,8.4500,9.0600,3076600
2001-12-21,8.7700,9.9800,8.7700,9.7100,1692600
2001-12-14,9.1600,9.2500,8.5500,8.8400,1406500
2001-12-07,9.1000,9.2500,8.7000,9.1200,2477200
2001-11-30,9.6700,10.2000,9.0000,9.0100,1907000
2001-11-23,8.7450,9.7000,8.7450,9.7000,1815700
2001-11-16,7.9300,9.0500,7.4300,8.7700,958400
2001-11-09,7.8600,8.4800,7.6200,7.8700,1279900
2001-11-02,8.9500,9.0500,7.8500,7.8500,936100
2001-10-26,8.6000,9.2400,8.4500,8.9400,2026800
2001-10-19,8.5900,9.1300,8.1000,8.6000,1889900
2001-10-12,6.0500,11.2000,5.6200,8.5900,5101500
2001-10-05,5.4700,6.2890,5.4700,6.0510,1390500
2001-09-28,5.5900,6.1500,4.9390,6.1500,2427600
2001-09-21,6.7800,7.4300,5.1200,5.5900,4616700
2001-09-10,7.1100,7.4500,7.1100,7.4500,516000
2001-09-07,7.1600,7.4100,7.0000,7.2400,1381200
2001-08-31,7.2210,7.4100,6.9100,7.4100,1201400
2001-08-24,7.0400,7.5000,6.6600,7.2500,2032500
2001-08-17,7.6100,7.9900,7.0300,7.0800,1892300
2001-08-10,7.7300,8.0000,7.2600,7.6000,4009400
2001-08-03,7.4700,8.1500,7.0200,7.9400,6923400
2001-07-27,9.0900,9.1000,5.7500,7.9900,20204700
2001-07-20,9.3200,9.6400,8.9000,9.1990,6612700
2001-07-13,10.5400,10.6000,8.9500,9.4800,7751100
2001-07-06,11.1090,11.1090,10.0000,10.3000,6611500
2001-06-29,14.7100,14.7600,10.5000,11.2500,13803800
2001-06-22,12.4800,15.0100,11.5510,14.1200,9248100
2001-06-15,14.8500,14.9800,12.5000,12.6000,2544800
2001-06-08,11.6000,14.9400,11.1800,14.4200,4143600
2001-06-01,11.0000,12.0000,10.8300,11.3200,1531600
2001-05-25,9.5000,11.2500,9.2500,10.8500,5240800
2001-05-18,10.0000,10.6500,9.5510,10.0800,1422800
2001-05-11,10.2500,10.7500,9.9000,10.2110,763900
2001-05-04,9.8900,11.0500,9.8700,10.7500,1307000
2001-04-27,10.1500,10.1500,9.0000,9.8300,696300
2001-04-20,9.4700,10.9800,9.3500,10.7890,1292700
2001-04-12,9.1400,9.7500,8.8900,9.7500,619100
2001-04-06,9.7800,9.9380,8.6250,9.0000,1081500
2001-03-30,9.0000,10.0000,8.7500,9.9380,1157600
2001-03-23,8.4530,9.3750,6.7500,8.6880,1696100
2001-03-16,10.0600,10.1880,8.0000,8.4380,1376100
2001-03-09,9.2500,11.3750,9.1880,11.0310,1998200
2001-03-02,10.0300,10.2500,8.3750,9.6880,880300
2001-02-23,10.1880,10.5000,9.9380,10.0000,904200
2001-02-16,9.9690,10.3130,9.4380,10.1880,852900
2001-02-09,10.4060,10.5000,9.8750,9.9380,712000
2001-02-02,11.2500,11.6250,10.3750,10.4380,1723800
2001-01-26,10.4100,11.8750,10.2500,11.8750,1701400
2001-01-19,8.8440,12.1880,8.8440,10.4380,1597400
2001-01-12,7.8130,8.9690,5.0000,8.5310,3378900
2001-01-05,7.9400,8.5000,6.8750,7.6250,1054800
2000-12-29,7.6900,8.6250,6.7500,7.8750,1120300
2000-12-22,8.8800,9.3130,6.5000,7.6880,1779400
2000-12-15,10.8800,10.9380,7.8750,9.0000,1210000
2000-12-08,11.5000,11.6880,10.0000,10.2500,1935800
2000-12-01,9.8100,11.9380,8.6250,11.2500,1419000
2000-11-24,9.5000,9.8750,8.4380,9.5630,587700
2000-11-17,9.3750,10.1250,8.2500,9.6250,1195000
2000-11-10,12.3100,12.3750,9.5630,9.5630,1378100
2000-11-03,9.6600,12.6880,9.0000,12.0630,1730100
2000-10-27,8.0000,10.0000,7.7500,9.2500,1802300
2000-10-20,8.9100,9.1880,7.5000,7.8130,2425300
2000-10-13,10.6250,10.6250,8.2500,9.0000,1410600
2000-10-06,10.6300,10.7500,9.5000,10.6250,996400
2000-09-29,11.2500,11.2500,10.3130,10.7500,1550700
2000-09-22,13.2200,13.2500,10.3750,11.1250,1754100
2000-09-15,13.4400,14.0000,12.7500,12.7500,1465400
2000-09-08,13.4400,14.4380,13.1250,13.3130,948400
2000-09-01,14.0600,14.1250,13.2500,13.6250,700100
2000-08-25,13.0600,14.5000,13.0000,14.1250,816700
2000-08-18,14.7500,14.8750,13.0630,13.0630,533800
2000-08-11,14.2500,14.8130,12.8750,14.5000,488300
2000-08-04,13.7500,14.6880,12.2500,13.9380,1070400
2000-07-28,16.1900,16.3750,14.1250,14.1250,747100
2000-07-21,16.5000,16.6250,15.2500,16.1880,737900
2000-07-14,17.9400,18.0000,15.3130,16.1880,1228700
2000-07-07,14.7500,18.1250,14.5000,18.0000,1801200
2000-06-30,13.2500,17.4380,13.1880,15.1880,5141500
2000-06-23,12.0600,13.7500,11.8750,13.5630,1414900
2000-06-16,13.7500,13.8130,11.5630,12.1250,974600
2000-06-09,10.9400,14.0630,10.8130,13.6250,1440300
2000-06-02,8.5600,10.8750,8.1250,10.6880,732100
2000-05-26,10.1880,10.1880,7.5000,8.1250,1322700
2000-05-19,11.5000,11.7500,9.8750,9.9380,809200
2000-05-12,11.2500,11.6250,9.8750,11.5000,750200
2000-05-05,10.6900,12.0000,10.0000,11.2500,905400
2000-04-28,10.6600,11.0630,8.5000,10.4380,1356700
2000-04-20,9.8800,11.7500,9.3750,10.1250,1422800
2000-04-14,12.5600,13.2500,10.1250,10.6250,1937200
2000-04-07,13.7500,14.8750,11.2500,12.5630,1746100
2000-03-31,13.0000,13.6250,11.0000,13.5630,2105000
2000-03-24,14.0000,14.3750,10.6880,12.7500,1822900
2000-03-17,14.8800,15.9380,12.0630,13.2500,1938300
2000-03-10,16.5000,18.3750,15.0000,15.0000,2141800
2000-03-03,14.2500,18.3750,13.7500,16.7500,3280100
2000-02-25,14.4400,14.6250,12.5000,14.2500,1467600
2000-02-18,13.3100,15.6250,11.3750,14.5000,2436000
2000-02-11,12.6900,15.2500,12.2500,13.3750,3484200
2000-02-04,10.6900,12.6880,10.5000,12.1250,1525000
2000-01-28,13.0600,14.9380,9.3130,10.4380,3929200
2000-01-21,10.7500,13.0000,10.3130,13.0000,1916800
2000-01-14,10.0600,13.3750,9.6250,10.8130,4560800
