timestamp,open,high,low,close,volume
2018-02-27,6.0000,6.0600,5.1500,5.2400,1262794
2018-02-23,5.3100,6.0982,5.1400,5.9000,2295132
2018-02-16,4.9500,5.3500,4.9356,5.1800,1502029
2018-02-09,5.1100,5.1100,4.7000,4.9500,1785622
2018-02-02,5.1800,5.3500,4.7389,4.8800,1718644
2018-01-26,4.9500,5.2961,4.8000,5.1900,2078657
2018-01-19,4.6800,5.1179,4.5500,5.0000,1439680
2018-01-12,4.1700,5.4800,4.1500,4.6400,3476671
2018-01-05,3.7500,4.3200,3.7500,4.2700,906909
2017-12-29,3.5300,3.7900,3.5300,3.7500,533949
2017-12-22,3.4800,3.6550,3.3200,3.5500,877448
2017-12-15,3.3100,3.7500,3.3100,3.4000,1008262
2017-12-08,3.6000,3.6550,3.1100,3.2900,705907
2017-12-01,3.7000,3.8500,3.3652,3.5800,1176825
2017-11-24,3.5700,3.9000,3.5700,3.6800,1366967
2017-11-17,3.3000,3.6700,2.9300,3.5300,1802858
2017-11-10,3.1100,3.4600,2.9600,3.3100,1260642
2017-11-03,3.1100,3.3400,3.0800,3.2100,1135808
2017-10-27,3.0100,3.1400,2.8200,3.0900,929642
2017-10-20,3.3300,3.3300,2.8200,3.0000,1255284
2017-10-13,3.3900,3.5500,3.2200,3.3000,801053
2017-10-06,3.1800,3.4900,3.1200,3.3800,1154875
2017-09-29,3.4900,3.5500,3.0500,3.2000,1640123
2017-09-22,3.5000,3.7900,3.2500,3.5000,1860881
2017-09-15,2.7500,4.0000,2.7400,3.5500,2964647
2017-09-08,2.4600,2.8800,2.4000,2.7600,888937
2017-09-01,2.4600,2.6300,2.2700,2.5000,1073518
2017-08-25,2.4500,2.5300,2.2900,2.4600,956215
2017-08-18,2.5000,2.6400,1.8600,2.4100,3244953
2017-08-11,3.5000,3.5000,2.4000,2.4300,3874747
2017-08-04,4.1300,4.2800,3.4100,3.5600,1253630
2017-07-28,4.0900,4.1500,3.7600,4.1300,705351
2017-07-21,3.6100,4.3200,3.5700,4.0900,1301151
2017-07-14,3.3400,3.4900,3.1700,3.3900,423792
2017-07-07,3.2200,3.3400,3.0700,3.3200,253144
2017-06-30,3.4100,3.4200,3.0200,3.1800,731846
2017-06-23,3.1400,3.6900,2.6300,3.4100,1807540
2017-06-16,3.2500,3.4000,2.9500,3.0600,675944
2017-06-09,0.2600,3.6400,0.2100,3.2500,8251395
2017-06-02,0.2800,0.2800,0.2500,0.2500,8176858
2017-05-26,0.2900,0.3200,0.2600,0.2700,12205900
2017-05-19,0.3300,0.3400,0.2400,0.2900,36530012
2017-05-12,0.3800,0.3800,0.3100,0.3300,58165478
2017-05-05,0.5400,0.6200,0.5200,0.5400,7750038
2017-04-28,0.5600,0.5900,0.4900,0.5400,10369389
2017-04-21,0.7000,0.7100,0.4900,0.5300,26462561
2017-04-13,0.5000,0.7000,0.4800,0.6800,16462490
2017-04-07,0.5200,0.5500,0.4300,0.5000,13724116
2017-03-31,0.4900,0.5500,0.4700,0.5300,9595563
2017-03-24,0.5000,0.5100,0.4600,0.5000,4674684
2017-03-17,0.4900,0.5300,0.4500,0.4800,9029756
2017-03-10,0.4800,0.5200,0.4200,0.5000,15785911
2017-03-03,0.5300,0.5500,0.4400,0.4700,18934546
2017-02-24,0.5700,0.5700,0.5100,0.5200,9511751
2017-02-17,0.5800,0.6000,0.5000,0.5600,19275862
2017-02-10,0.5200,0.5500,0.4700,0.5300,11424876
2017-02-03,0.5900,0.6189,0.4500,0.4900,19165576
2017-01-27,0.6695,0.6750,0.5400,0.6203,7728049
2017-01-20,0.7285,0.7285,0.6300,0.6599,7075667
2017-01-13,0.8000,0.8300,0.7001,0.7164,12005673
2017-01-06,0.7300,0.8125,0.7002,0.8075,8926027
2016-12-30,0.7092,0.7800,0.6800,0.7300,4884722
2016-12-23,0.6900,0.7395,0.6699,0.7117,5302168
2016-12-16,0.7837,0.8200,0.6700,0.6746,9090200
2016-12-09,0.8400,0.8499,0.7508,0.7997,8131283
2016-12-02,0.8200,0.9890,0.8155,0.8397,16123092
2016-11-25,0.7800,0.8200,0.7650,0.8068,3827016
2016-11-18,0.7887,0.8500,0.7608,0.7813,12364074
2016-11-11,0.8000,0.8375,0.7100,0.7891,15352563
2016-11-04,1.0700,1.0800,0.6700,0.8009,27108218
2016-10-28,1.1300,1.1400,0.9600,1.0500,24766457
2016-10-21,0.8000,1.2100,0.7613,1.1100,68332932
2016-10-14,0.5960,1.0300,0.5900,0.7807,53351413
2016-10-07,0.6050,0.6375,0.5700,0.5849,14943959
2016-09-30,0.4750,0.6050,0.4700,0.5800,17063127
2016-09-23,0.4675,0.5574,0.4611,0.4840,21938252
2016-09-16,0.4445,0.4750,0.4143,0.4630,13214510
2016-09-09,0.4100,0.4350,0.3950,0.4270,5181379
2016-09-02,0.4371,0.4390,0.3930,0.4103,5323112
2016-08-26,0.4300,0.4800,0.4200,0.4220,13106364
2016-08-19,0.3701,0.4950,0.3701,0.4275,22575753
2016-08-12,0.4400,0.4549,0.3700,0.3800,20095145
2016-08-05,0.3750,0.4500,0.3206,0.3840,20591612
2016-07-29,0.3800,0.3850,0.3365,0.3500,3339899
2016-07-22,0.4200,0.4204,0.3800,0.3877,2763574
2016-07-15,0.4248,0.4250,0.3775,0.4200,3423290
2016-07-08,0.4687,0.4687,0.3853,0.4142,5302354
2016-07-01,0.4000,0.4999,0.3130,0.4530,25967727
2016-06-24,0.5300,0.5470,0.3610,0.4000,9452976
2016-06-17,0.6000,0.6000,0.4899,0.5092,11549555
2016-06-10,0.6400,0.7077,0.5050,0.5215,14387217
2016-06-03,0.6200,0.6400,0.5300,0.5351,3670720
2016-05-27,0.5560,0.6100,0.4850,0.5890,3537092
2016-05-20,0.6400,0.6400,0.5121,0.5410,3493093
2016-05-13,0.8500,0.9000,0.6100,0.6400,2401293
2016-05-06,1.0200,1.0500,0.7201,0.8400,2274269
2016-04-29,1.0800,1.4300,0.9600,1.0200,10080045
2016-04-22,1.1100,1.1100,1.0300,1.0800,904018
2016-04-15,1.0800,1.3700,1.0300,1.0500,3622236
2016-04-08,1.0900,1.0900,0.9400,1.0700,1011864
2016-04-01,1.2600,1.2700,1.0800,1.0900,2018814
2016-03-24,1.1800,1.2500,1.0800,1.2500,1454042
2016-03-18,1.1500,1.2200,1.1200,1.2000,1030167
2016-03-11,1.2500,1.3400,1.1200,1.1350,928040
2016-03-04,1.5300,1.6200,1.2200,1.2300,1013413
2016-02-26,1.6000,1.6200,1.4200,1.5300,283990
2016-02-19,1.4000,1.6300,1.3800,1.5900,431416
2016-02-12,1.4200,1.5000,1.3500,1.3900,230793
2016-02-05,1.5200,1.5400,1.4281,1.4500,131489
2016-01-29,1.3600,1.6000,1.2200,1.4700,578652
2016-01-22,1.2900,1.4200,1.1300,1.3600,465580
2016-01-15,1.5100,1.6200,1.2150,1.3100,892919
2016-01-08,1.6900,1.7400,1.5100,1.5300,908714
2015-12-31,1.6600,1.8100,1.6000,1.6200,1335114
2015-12-24,1.5000,1.8100,1.5000,1.6500,1415324
2015-12-18,1.5300,1.5700,1.4700,1.5100,599295
2015-12-11,1.5600,1.6600,1.5200,1.5200,568787
2015-12-04,1.5400,1.7000,1.5200,1.6000,409139
2015-11-27,1.5500,1.7600,1.5200,1.5600,575439
2015-11-20,1.5500,1.6000,1.4840,1.5400,728668
2015-11-13,1.6600,1.7500,1.4600,1.5100,943600
2015-11-06,1.6700,1.8500,1.6500,1.6900,693549
2015-10-30,1.7400,1.7500,1.5900,1.6900,721895
2015-10-23,1.8000,1.9100,1.6800,1.7400,1193998
2015-10-16,2.2900,2.5700,1.7200,1.7900,4924786
2015-10-09,2.1800,2.3600,2.1001,2.2900,991045
2015-10-02,1.8800,2.3000,1.8700,2.2000,2683355
2015-09-25,1.7800,1.9800,1.7200,1.9200,1288888
2015-09-18,1.8000,1.8500,1.7500,1.7600,872726
2015-09-11,1.8400,1.8400,1.7200,1.7700,472320
2015-09-04,1.7500,1.8500,1.5100,1.7500,619507
2015-08-28,1.6000,1.7500,1.5300,1.6900,544397
2015-08-21,1.6500,1.7175,1.6000,1.6300,438672
2015-08-14,1.6300,1.7900,1.6000,1.6800,1240509
2015-08-07,1.6800,1.8300,1.5500,1.6000,1613607
2015-07-31,1.5600,1.8500,1.5200,1.6300,978742
2015-07-24,1.8300,1.8800,1.5201,1.5400,2118659
2015-07-17,1.9500,2.6200,1.7500,1.8200,6953685
2015-07-10,1.7700,1.9500,1.7000,1.9200,308401
2015-07-02,1.7400,2.2500,1.5500,1.7500,2517705
2015-06-26,1.9200,1.9860,1.6800,1.7300,4120871
2015-06-19,1.9800,2.0100,1.8500,1.8900,507697
2015-06-12,1.9600,2.1200,1.9500,1.9800,318795
2015-06-05,2.0200,2.1850,1.9500,1.9800,832806
2015-05-29,2.0300,2.0400,1.9900,1.9900,375986
2015-05-22,1.9500,2.0800,1.9400,2.0100,511471
2015-05-15,2.0400,2.1400,1.9300,1.9700,649004
2015-05-08,2.3000,2.7100,2.0300,2.0300,1406599
2015-05-01,2.5500,2.5800,2.2500,2.2900,448169
2015-04-24,2.6400,2.7400,2.4600,2.5200,459922
2015-04-17,2.4400,2.6500,2.3400,2.6200,871919
2015-04-10,2.3400,2.5500,2.2400,2.4100,480468
2015-04-02,2.2600,2.4900,2.1900,2.4300,299227
2015-03-27,2.2600,2.4650,2.2200,2.2700,687521
2015-03-20,2.5700,2.6800,2.3300,2.3400,741487
2015-03-13,2.5100,2.7000,2.4200,2.5400,580907
2015-03-06,2.7200,2.7200,2.3500,2.4900,1074596
2015-02-27,2.0000,3.1100,1.9310,2.7000,2540226
2015-02-20,2.1100,2.1300,1.9100,2.0000,654410
2015-02-13,1.8600,2.4000,1.7300,2.0900,1466521
2015-02-06,1.7100,1.9600,1.7086,1.8900,537094
2015-01-30,1.8800,1.8800,1.6600,1.7200,416330
2015-01-23,1.7800,1.8800,1.5600,1.8500,615439
2015-01-16,2.1800,2.1800,1.7600,1.7800,717541
2015-01-09,2.2000,2.3050,2.1000,2.1100,557956
2015-01-02,2.2300,2.3300,1.9200,2.1800,2502994
2014-12-26,2.2500,2.4000,2.1200,2.2700,795133
2014-12-19,2.2900,2.4100,2.0300,2.2700,1586228
2014-12-12,2.6100,2.6700,2.2600,2.2600,698344
2014-12-05,2.7000,2.7600,2.3300,2.6000,931009
2014-11-28,2.9700,3.1800,2.7600,2.7600,378339
2014-11-21,2.8000,3.0500,2.7500,2.9800,478340
2014-11-14,2.8600,3.0400,2.8100,2.8500,548150
2014-11-07,3.0500,3.1400,2.7500,2.8700,861951
2014-10-31,3.0400,3.1400,2.8900,3.0200,997753
2014-10-24,3.3100,3.4700,2.9900,3.0700,1019676
2014-10-17,3.0900,3.4000,3.0500,3.3800,815308
2014-10-10,3.7400,3.7700,3.0700,3.0900,941870
2014-10-03,3.7500,4.0800,3.6600,3.7500,909970
2014-09-26,3.9100,4.3600,3.8700,4.0900,739294
2014-09-19,4.1400,4.1500,3.8000,3.9700,598800
2014-09-12,4.0400,4.2900,3.9700,4.1500,538400
2014-09-05,4.2200,4.3800,3.9600,4.0600,502000
2014-08-29,4.4100,4.5000,4.0000,4.2200,921300
2014-08-22,4.1500,4.4800,4.0400,4.4100,783515
2014-08-15,3.7400,4.1500,3.6600,4.1100,1015700
2014-08-08,3.6900,3.9500,3.5390,3.7000,592500
2014-08-01,3.6900,3.9700,3.5600,3.6200,581000
2014-07-25,3.5200,3.7600,3.4600,3.6600,421700
2014-07-18,3.8700,4.1900,3.3800,3.5900,1387300
2014-07-11,3.8800,4.0400,3.6100,3.8500,790200
2014-07-03,3.8200,4.0000,3.6900,3.8800,654100
2014-06-27,3.9600,4.1500,3.7000,3.8500,2034900
2014-06-20,3.5500,3.9500,3.5400,3.9200,1614800
2014-06-13,3.3800,3.5700,3.2400,3.4800,797000
2014-06-06,3.4000,3.5000,3.0000,3.4400,863000
2014-05-30,3.4100,3.5500,3.3500,3.4200,839600
2014-05-23,2.9900,3.4300,2.9600,3.3700,1422900
2014-05-16,3.1500,3.2600,2.8700,3.0700,1324600
2014-05-09,3.5300,3.6000,2.7500,3.1200,2478800
2014-05-02,3.3600,3.6500,3.2000,3.5600,1550200
2014-04-25,3.3000,3.8800,3.2900,3.2900,1730100
2014-04-17,3.5200,3.5600,3.0100,3.3000,1641400
2014-04-11,4.1500,4.2300,3.4501,3.4900,3233100
2014-04-04,3.6500,4.8800,3.6500,4.2100,10345400
2014-03-28,3.8700,4.0800,3.5500,3.6400,2571800
2014-03-21,4.2800,4.3400,3.7100,3.8500,2326700
2014-03-14,4.5000,4.5200,3.9300,4.1900,2384300
2014-03-07,4.3300,5.2500,4.3300,4.5200,4166800
2014-02-28,3.7000,4.8800,3.5000,4.5700,5286200
2014-02-21,3.6700,3.8800,3.4500,3.5000,1443900
2014-02-14,3.4000,3.8500,3.2903,3.5900,1828000
2014-02-07,4.1800,4.2500,3.3600,3.5000,2082000
2014-01-31,4.4700,4.6699,4.1200,4.2300,2355200
2014-01-24,4.9300,5.4700,4.4600,4.5100,2426000
2014-01-17,4.4300,5.3000,4.3500,4.7800,4530700
2014-01-10,4.6300,4.7500,3.9600,4.4100,2454000
2014-01-03,5.0000,5.9500,4.1600,4.6300,6456800
2013-12-27,3.3900,6.1100,3.2600,5.2300,4850600
2013-12-20,2.7600,3.5000,2.6400,3.4200,1765700
2013-12-13,2.8700,2.9400,2.5400,2.8300,706800
2013-12-06,2.8000,3.1000,2.7200,2.7500,1412600
2013-11-29,2.5900,2.7900,2.5600,2.7800,334200
2013-11-22,2.5700,2.6500,2.4600,2.5900,378600
2013-11-15,2.7700,2.8510,2.6100,2.6400,582400
2013-11-08,2.4000,2.8000,2.3500,2.7600,1022200
2013-11-01,2.7000,2.7000,2.3700,2.3900,968400
2013-10-25,2.5100,2.7000,2.5100,2.6500,864100
2013-10-18,2.3500,2.6500,2.3318,2.5100,760800
2013-10-11,2.2400,2.4800,2.2000,2.3800,604700
2013-10-04,2.2600,2.3700,2.1700,2.2500,1028600
2013-09-27,2.5600,2.6200,2.2200,2.2700,2763800
2013-09-20,2.7000,2.7000,2.5300,2.5800,897200
2013-09-13,2.7000,2.8000,2.6000,2.6600,352000
2013-09-06,2.5900,2.7700,2.5600,2.7000,407600
2013-08-30,2.7800,2.8200,2.5200,2.5600,768300
2013-08-23,2.5800,2.8000,2.4100,2.7800,757500
2013-08-16,2.7000,2.7400,2.5100,2.5600,1052100
2013-08-09,2.7600,2.8400,2.7100,2.7100,732100
2013-08-02,2.8100,2.8400,2.7200,2.7600,447400
2013-07-26,2.8400,2.8600,2.7300,2.8100,509600
2013-07-19,2.9200,2.9600,2.7900,2.8400,475000
2013-07-12,2.9400,3.0000,2.7700,2.9400,526400
2013-07-05,2.9200,3.0300,2.8501,2.9400,546000
2013-06-28,2.6700,2.9700,2.6100,2.8900,2411200
2013-06-21,2.8400,2.8400,2.6000,2.7500,1209200
2013-06-14,2.8700,2.8800,2.6300,2.7900,750200
2013-06-07,3.0000,3.0500,2.7800,2.8500,837200
2013-05-31,2.8100,3.0800,2.8100,2.9900,595300
2013-05-24,2.9300,3.1400,2.7800,2.8100,1275100
2013-05-17,3.0000,3.2000,2.7100,2.9600,1553300
2013-05-10,2.8000,3.0050,2.7600,3.0000,989600
2013-05-03,2.7500,2.8700,2.6000,2.8200,1214400
2013-04-26,2.8800,2.8800,2.6800,2.7200,1250000
2013-04-19,2.9100,3.0800,2.6500,2.8500,1536000
2013-04-12,2.8500,3.2000,2.8000,2.9300,1710000
2013-04-05,3.1900,3.1900,2.8000,2.8500,1049800
2013-03-28,2.8000,3.3100,2.7800,3.0800,2357400
2013-03-22,3.0400,3.1100,2.5600,2.7800,1539200
2013-03-15,2.9300,3.1200,2.8500,3.0800,927300
2013-03-08,2.8700,3.1600,2.8500,2.9200,863400
2013-03-01,3.1900,3.1900,2.8150,2.8600,1603200
2013-02-22,3.6200,3.6200,3.0500,3.1600,1219500
2013-02-15,3.3600,3.8500,3.3500,3.5100,2174400
2013-02-08,3.2000,3.3300,3.0500,3.3200,1307700
2013-02-01,3.1900,3.2800,2.8100,3.2000,2327000
2013-01-25,3.3300,3.3600,2.9100,3.1600,2006000
2013-01-18,4.0300,4.1500,3.1650,3.2900,2311500
2013-01-11,3.5400,4.0800,3.5000,4.0200,1927000
2013-01-04,2.4700,3.6500,2.4700,3.5200,2895900
2012-12-28,2.9500,2.9530,2.4500,2.4500,1797200
2012-12-21,2.9500,3.0700,2.6900,2.9800,1019200
2012-12-14,2.5900,3.0400,2.4500,2.9600,550600
2012-12-07,2.8400,3.0000,2.4800,2.5800,868600
2012-11-30,2.5600,2.9300,2.4700,2.8300,1008000
2012-11-23,2.4000,2.7900,2.3500,2.5600,619300
2012-11-16,2.8300,2.8300,2.1600,2.3300,1277600
2012-11-09,2.4100,3.4099,2.3900,2.8300,3716800
2012-11-02,2.7400,2.7400,2.4100,2.4300,645000
2012-10-26,2.9200,3.2300,2.3300,2.7300,1828200
2012-10-19,3.0600,3.1800,2.8900,2.9000,1011500
2012-10-12,2.9700,3.2100,2.9000,3.0600,1343200
2012-10-05,3.4400,3.4800,2.9000,2.9900,2283000
2012-09-28,4.0000,4.1900,3.4200,3.4400,1669300
2012-09-21,3.5000,4.2300,3.4800,4.0900,3238200
2012-09-14,3.2700,3.5100,3.1900,3.4600,1234100
2012-09-07,3.1300,3.6000,3.1300,3.2600,1468100
2012-08-31,3.4900,3.5200,3.0300,3.1200,1000800
2012-08-24,3.7900,3.9300,3.4000,3.4500,964900
2012-08-17,3.9400,4.5100,3.6600,3.8300,2542100
2012-08-10,3.6900,4.2500,3.5900,3.9500,2190500
2012-08-03,3.4300,4.3500,3.2100,3.6800,4933800
2012-07-27,3.3800,3.5600,3.2200,3.4000,1715600
2012-07-20,3.3500,3.6600,2.9410,3.4500,3355300
2012-07-13,3.6700,3.6700,2.7400,3.3700,4445000
2012-07-06,4.5400,4.5599,3.5100,3.6700,3281100
2012-06-29,3.2600,4.4500,3.2500,4.4300,9493700
2012-06-22,2.6700,3.4900,2.6200,3.2900,6398900
2012-06-15,2.8200,2.9100,2.3200,2.6600,2747700
2012-06-08,2.5000,3.5300,2.2100,2.7800,8163800
2012-06-01,2.6200,2.8700,2.4300,2.5400,2877700
2012-05-25,1.6100,2.6800,1.6000,2.5700,4414200
2012-05-18,2.0200,2.0799,1.5700,1.5900,2880400
2012-05-11,2.7500,2.7680,1.8900,2.0400,3497900
2012-05-04,3.2400,3.2800,2.6500,2.7300,1758200
2012-04-27,3.1200,3.5299,2.6100,3.2300,3215900
2012-04-20,3.8200,3.8900,2.9200,3.0200,2350700
2012-04-13,4.0100,4.0300,3.5400,3.8300,2290300
2012-04-05,5.1300,5.1600,4.0000,4.0600,1723300
2012-03-30,5.3000,6.0000,5.1300,5.1800,3196000
2012-03-23,5.2900,5.4600,5.1000,5.2600,1266000
2012-03-16,5.2800,5.7500,5.0000,5.2700,2668600
2012-03-09,4.9000,5.1000,4.4500,5.0700,2836000
2012-03-02,6.5300,6.6900,4.8400,4.9000,4296500
2012-02-24,6.1400,6.1800,5.6800,6.0000,2031700
2012-02-17,7.0000,7.1000,6.0600,6.1400,2797600
2012-02-10,10.4400,10.5500,6.8500,6.9900,2437600
2012-02-03,9.8000,10.5590,8.9200,10.4600,1745500
2012-01-27,10.4100,10.5400,9.5300,9.8400,780100
2012-01-20,11.4400,11.4500,10.1540,10.4500,487700
2012-01-13,11.6300,11.7500,10.7100,11.3400,613300
2012-01-06,11.7600,12.2900,11.0900,11.6500,1171400
2011-12-30,10.7800,11.8100,10.6100,11.5400,996300
2011-12-23,10.3500,11.0000,9.9000,10.8500,562100
2011-12-16,11.0700,11.3500,10.1600,10.3000,882900
2011-12-09,11.0800,11.6900,10.5200,11.1400,1193400
2011-12-02,10.3500,11.6000,10.1500,10.9700,1384100
2011-11-25,11.5300,11.7000,10.0500,10.1200,581500
2011-11-18,12.5000,12.5200,11.5000,11.7000,1268700
2011-11-11,13.9300,13.9600,12.3800,12.5300,1488600
2011-11-04,20.6400,20.8600,13.7300,14.0500,2043700
2011-10-28,18.5000,21.4700,17.8500,20.8200,1071600
2011-10-21,15.5000,18.6200,15.3500,18.4600,2292100
2011-10-14,17.4300,17.7100,15.2800,15.6700,1262300
2011-10-07,20.0700,20.1700,17.0500,17.1100,1201100
2011-09-30,19.7000,20.9700,19.3000,20.2500,1122800
2011-09-23,19.5100,20.7900,18.1600,19.5000,1348600
2011-09-16,18.0700,20.3900,17.7500,19.8800,1682900
2011-09-09,18.5000,19.5600,18.2500,18.5000,749800
2011-09-02,18.7900,20.3500,18.7900,18.8900,881200
2011-08-26,19.8200,19.8200,17.8500,18.7300,769100
2011-08-19,20.2900,20.9000,17.5700,19.4900,944800
2011-08-12,20.9100,20.9500,19.1900,20.2500,1406100
2011-08-05,24.0100,24.2400,19.9800,21.2900,1452300
2011-07-29,24.7600,25.7700,22.5400,23.1500,898300
2011-07-22,26.5900,26.5900,23.1300,24.8900,999900
2011-07-15,28.5000,28.6000,25.7500,26.6100,606000
2011-07-08,27.6800,28.7500,27.5800,28.6400,454700
2011-07-01,29.7400,30.7800,27.5800,28.1600,756900
2011-06-24,28.7000,30.1900,28.4000,30.1200,2620800
2011-06-17,28.9600,29.6600,28.0300,28.7900,829600
2011-06-10,29.6020,29.7500,28.0200,28.9700,831900
2011-06-03,29.4600,29.8900,28.3600,29.3000,1262400
2011-05-27,28.3300,30.0000,27.4700,29.2900,982400
2011-05-20,27.0900,28.6600,26.3700,28.5700,986300
2011-05-13,25.6400,27.3500,24.0100,27.0500,1069200
2011-05-06,26.6800,27.4800,25.1900,25.6200,699300
2011-04-29,26.6000,26.9000,26.1300,26.4300,493900
2011-04-21,26.3700,27.0000,26.1725,26.6000,292700
2011-04-15,27.4500,27.6200,26.0100,26.8400,760200
2011-04-08,27.9000,28.2100,26.7900,27.4700,1472200
2011-04-01,27.1400,29.0000,26.6700,27.7300,3017000
2011-03-25,31.1700,32.2100,29.3600,29.5800,447200
2011-03-18,30.6300,31.3900,29.0000,31.1600,499800
2011-03-11,32.7300,32.7300,30.2000,30.8400,337700
2011-03-04,33.0000,33.8500,30.2100,31.7300,288300
2011-02-25,29.9700,32.8600,29.5000,32.6700,359100
2011-02-18,32.0000,32.6700,30.0000,30.2800,250900
2011-02-11,33.6100,33.9300,30.2200,32.0000,265300
2011-02-04,31.1200,33.9500,30.0000,33.3700,240300
2011-01-28,33.0000,33.9900,30.7400,31.1300,464900
2011-01-21,32.1000,33.7900,29.6100,32.8100,463700
2011-01-14,28.2400,33.1600,28.0000,32.1000,737500
2011-01-07,27.2600,29.7000,26.7500,27.9800,344000
2010-12-31,23.9600,28.0500,23.4000,26.6800,1066200
2010-12-23,24.1900,24.5490,21.5900,24.1100,250300
2010-12-17,24.2000,24.2600,20.5400,21.9700,791300
2010-12-10,21.5000,24.3299,21.4201,24.2000,281400
2010-12-03,20.3400,21.7700,19.5101,21.5000,242100
2010-11-26,19.3200,20.8490,19.1800,20.1600,199300
2010-11-19,20.4000,20.7500,17.9601,19.3400,234500
2010-11-12,17.3800,20.7150,17.1100,20.1100,549000
2010-11-05,17.0900,17.4000,17.0100,17.3000,278600
2010-10-29,17.6000,17.7900,17.0600,17.0800,266400
2010-10-22,17.7400,17.7400,17.0500,17.2300,208800
2010-10-15,17.2500,18.0000,17.0429,17.5600,203800
2010-10-08,17.1000,18.1398,17.0000,17.1300,551700
