timestamp,open,high,low,close,volume
2018-02-27,0.5900,0.6000,0.5500,0.6000,44281
2018-02-23,0.5599,0.5699,0.5200,0.5699,54330
2018-02-16,0.5100,0.5630,0.4515,0.5569,133362
2018-02-09,0.6400,0.6500,0.5400,0.5699,95792
2018-02-02,0.7100,0.7390,0.6401,0.6600,110321
2018-01-26,0.6700,0.7500,0.5800,0.6810,224254
2018-01-19,0.7700,0.7700,0.6211,0.6400,161728
2018-01-12,0.6769,0.9500,0.5900,0.7797,235039
2018-01-05,0.5775,0.6684,0.5500,0.6051,190817
2017-12-29,0.6100,0.6600,0.5200,0.5500,465699
2017-12-22,0.6800,0.7062,0.5116,0.6100,143918
2017-12-15,0.6900,0.7594,0.6601,0.6800,334023
2017-12-08,0.7500,0.7800,0.6601,0.7000,136573
2017-12-01,0.6995,0.8273,0.6500,0.7500,346452
2017-11-24,0.7200,0.7300,0.6800,0.7050,50983
2017-11-17,0.7700,0.7900,0.6502,0.7000,130299
2017-11-10,0.7300,0.9000,0.7100,0.7700,269929
2017-11-03,0.7300,0.9600,0.6900,0.7620,305178
2017-10-27,0.5900,1.1000,0.5300,0.7670,528113
2017-10-20,0.8100,0.8500,0.6000,0.6200,230151
2017-10-13,0.9200,0.9200,0.8000,0.8100,76313
2017-10-06,0.9140,1.0000,0.8200,0.8920,54834
2017-09-29,0.9000,0.9660,0.8200,0.8700,96393
2017-09-22,0.9130,1.0100,0.8600,0.9200,91535
2017-09-15,0.9400,1.0400,0.8500,0.9200,115310
2017-09-08,0.8280,0.9000,0.8002,0.9000,64933
2017-09-01,0.7800,0.9080,0.7800,0.8500,120114
2017-08-25,1.0900,1.0900,0.8220,0.8300,172644
2017-08-18,1.1386,1.3000,1.0400,1.0800,195015
2017-08-11,1.1700,1.2360,0.9535,1.1700,153390
2017-08-04,1.2000,1.3000,1.1600,1.1700,99640
2017-07-28,1.2300,1.2750,1.1900,1.2000,95234
2017-07-21,1.2500,1.3050,1.1700,1.2300,93761
2017-07-14,1.2000,1.3300,1.1500,1.2600,71005
2017-07-07,1.3600,1.3600,1.2000,1.2300,49064
2017-06-30,1.4260,1.4400,1.3000,1.3300,54234
2017-06-23,1.5100,1.5100,1.3100,1.3800,70422
2017-06-16,1.6000,1.6100,1.3000,1.5000,199165
2017-06-09,1.6200,1.6800,1.5320,1.5600,109151
2017-06-02,1.7000,1.7200,1.5500,1.6300,181793
2017-05-26,1.2500,1.8100,1.2100,1.6100,1279798
2017-05-19,1.3050,1.3300,1.1900,1.2500,182234
2017-05-12,1.1600,1.6000,1.1200,1.3400,1137174
2017-05-05,1.1600,1.2000,1.1000,1.1800,59543
2017-04-28,1.2000,1.2000,1.1100,1.1600,95036
2017-04-21,1.2100,1.2100,1.1100,1.1800,41427
2017-04-13,1.2200,1.2700,1.1700,1.1900,29900
2017-04-07,1.3100,1.3500,1.1690,1.1800,122878
2017-03-31,1.1500,1.3300,1.1400,1.2900,162765
2017-03-24,1.1700,1.2100,1.1100,1.1500,60375
2017-03-17,1.2440,1.2440,1.1000,1.1800,115424
2017-03-10,1.2300,1.4000,1.2000,1.2300,250676
2017-03-03,1.1700,1.2500,1.1500,1.2200,170254
2017-02-24,1.1800,1.2200,1.1520,1.1800,41839
2017-02-17,1.2600,1.2870,1.1000,1.1800,163092
2017-02-10,1.5800,1.6200,1.1600,1.2700,646814
2017-02-03,1.7000,1.7400,1.5200,1.5600,430251
2017-01-27,1.6300,1.8300,1.5000,1.7100,525994
2017-01-20,1.6900,2.5000,1.4300,1.6200,1344290
2017-01-13,1.6500,1.8000,1.5900,1.6300,212311
2017-01-06,1.4100,1.8300,1.4100,1.7100,440417
2016-12-30,1.6800,1.6800,1.3400,1.3900,278217
2016-12-23,1.7600,1.9000,1.4405,1.6300,514731
2016-12-16,1.7500,1.8100,1.6000,1.7600,155041
2016-12-09,1.6700,1.9100,1.5600,1.7400,313216
2016-12-02,1.8000,1.8500,1.6000,1.6100,82854
2016-11-25,1.7500,1.8900,1.7000,1.8100,87635
2016-11-18,1.7650,1.9778,1.6200,1.7100,153594
2016-11-11,1.6200,1.7720,1.4800,1.7000,118920
2016-11-04,1.6800,1.8800,1.6300,1.6400,197666
2016-10-28,1.7000,1.9000,1.5600,1.6500,284348
2016-10-21,1.3100,1.8700,1.2100,1.7000,488562
2016-10-14,1.6200,1.6200,1.2000,1.2900,155473
2016-10-07,1.1300,1.8200,1.0900,1.6200,958798
2016-09-30,1.2450,1.3150,1.0600,1.0800,223884
2016-09-23,1.2500,1.3500,1.1701,1.2600,103879
2016-09-16,1.4200,1.5500,1.0100,1.2900,732204
2016-09-09,1.5000,1.5100,1.3100,1.3465,212652
2016-09-02,1.6200,1.7399,1.3900,1.4300,133412
2016-08-26,1.6190,1.7000,1.5500,1.5500,81907
2016-08-19,1.9300,2.0000,1.5500,1.5696,378189
2016-08-12,1.9972,2.0000,1.7800,1.9401,229023
2016-08-05,1.8800,2.0000,1.7900,2.0000,246951
2016-07-29,1.8300,2.0000,1.7300,1.9100,31369
2016-07-22,1.9900,2.1374,1.7900,2.0000,141759
2016-07-15,2.0000,2.0000,1.6700,2.0000,130392
2016-07-08,2.2528,2.3099,1.9620,2.0000,49706
2016-07-01,2.3701,2.4500,2.0500,2.2200,47356
2016-06-24,2.3700,2.6000,2.3600,2.3700,38034
2016-06-17,2.4300,2.5000,2.2700,2.3700,30801
2016-06-10,2.5400,2.5900,2.4100,2.4900,13984
2016-06-03,2.5352,2.7400,2.3700,2.6100,30038
2016-05-27,2.6000,2.7000,2.3699,2.3800,24961
2016-05-20,2.5800,2.8200,2.5100,2.5600,53460
2016-05-13,2.7700,2.8800,2.2100,2.5800,61109
2016-05-06,2.7900,2.9400,2.3100,2.8900,74447
2016-04-29,2.8300,2.8600,2.5800,2.7700,53528
2016-04-22,2.3100,2.8900,2.2201,2.8500,60527
2016-04-15,1.8700,2.4500,1.8700,2.3300,77833
2016-04-08,2.0460,2.1000,1.7001,1.9200,39652
2016-04-01,2.0300,2.2200,1.6900,2.0500,97633
2016-03-24,2.1300,2.2100,1.7500,2.1300,89777
2016-03-18,1.7600,2.3900,1.7000,2.1200,99619
2016-03-11,1.6400,1.8585,1.5900,1.7600,159612
2016-03-04,1.8000,1.9100,1.6000,1.7100,20307
2016-02-26,1.8000,1.9299,1.5500,1.7900,41102
2016-02-19,1.7000,1.8800,1.7000,1.7800,29750
2016-02-12,1.9300,1.9300,1.5090,1.7000,55856
2016-02-05,2.1500,2.4350,1.9500,1.9500,126307
2016-01-29,2.2700,2.6600,1.9200,2.1901,106637
2016-01-22,2.3100,2.5999,2.0000,2.3800,95070
2016-01-15,2.2733,2.4800,2.0400,2.2800,66244
2016-01-08,2.7900,2.8300,2.2500,2.3500,88448
2015-12-31,2.2000,2.9958,1.8700,2.9000,239300
2015-12-24,2.3700,2.4700,2.1400,2.1900,103100
2015-12-18,2.6100,2.7700,2.1700,2.1700,138600
2015-12-11,2.7200,3.0500,2.4000,2.6200,124900
2015-12-04,2.5500,3.0000,2.4200,2.9700,140300
2015-11-27,2.2600,2.5600,2.1500,2.5600,48900
2015-11-20,2.2700,2.3800,2.1600,2.2400,49300
2015-11-13,2.5900,2.6600,1.8000,2.2800,159900
2015-11-06,2.4600,2.6600,2.3500,2.6200,132800
2015-10-30,2.5700,2.7400,2.3900,2.4600,116900
2015-10-23,2.6400,2.7400,2.1500,2.6300,112000
2015-10-16,2.6900,2.7500,2.5001,2.6500,56500
2015-10-09,2.5600,2.7500,2.5000,2.6900,60000
2015-10-02,2.9600,2.9600,2.5000,2.5800,71800
2015-09-25,3.7100,3.7100,2.9800,2.9900,83100
2015-09-18,3.1800,3.8545,3.1100,3.6300,119300
2015-09-11,3.0200,3.1400,2.8700,3.1100,42500
2015-09-04,3.1200,3.3500,2.6100,3.0200,137800
2015-08-28,3.0000,3.1700,2.3500,3.1100,198900
2015-08-21,3.7000,3.7000,3.0500,3.0900,67400
2015-08-14,3.3000,3.8100,3.0200,3.8100,96600
2015-08-07,3.8000,3.8000,2.4600,3.2800,123300
2015-07-31,3.3600,3.8000,3.0100,3.5680,130200
2015-07-24,3.7999,3.7999,2.8700,3.2800,167500
2015-07-17,3.4999,3.8600,3.3100,3.6200,145500
2015-07-10,3.6600,3.7900,3.0280,3.5700,154100
2015-07-02,4.0500,4.0900,3.5500,3.6501,136500
2015-06-26,4.3400,4.4500,4.0000,4.1200,321200
2015-06-19,4.0000,4.4000,4.0000,4.4000,403000
2015-06-12,4.3500,4.5000,3.9000,4.0400,188000
2015-06-05,4.3400,4.7000,4.1500,4.4000,156300
2015-05-29,4.3600,4.6500,4.0650,4.3800,80600
2015-05-22,4.7300,4.9500,4.3300,4.3300,100800
2015-05-15,4.5300,5.0100,4.5200,4.7800,111400
2015-05-08,4.5800,5.0500,4.3300,4.5900,142700
2015-05-01,4.2300,4.7700,4.1200,4.5700,51100
2015-04-24,4.8000,4.8100,4.1700,4.2500,119800
2015-04-17,4.2300,4.9890,4.0000,4.7200,136500
2015-04-10,4.0800,4.3200,4.0000,4.1900,59600
2015-04-02,4.3000,4.4400,3.9620,4.0900,107900
2015-03-27,3.8500,4.5400,3.6100,4.3200,230800
2015-03-20,4.2300,4.2300,3.5100,3.8800,140000
2015-03-13,4.9700,5.5900,3.9000,4.2500,291800
2015-03-06,4.4700,4.9999,4.1600,4.9625,156800
2015-02-27,4.3000,4.5800,4.0500,4.4200,80100
2015-02-20,4.6600,4.8900,4.2100,4.4200,137800
2015-02-13,4.0500,5.0600,4.0500,4.5200,273300
2015-02-06,3.8000,4.1100,3.5300,4.0300,246000
2015-01-30,3.6000,4.4500,3.3900,3.8900,219700
2015-01-23,4.0900,4.1499,3.5600,3.7000,238100
2015-01-16,4.7400,4.7800,4.0407,4.1800,123200
2015-01-09,6.0100,6.1800,4.4800,4.7400,160000
2015-01-02,6.3500,6.3500,5.0400,6.0000,204500
2014-12-26,6.5000,6.8930,5.7500,6.3400,137400
2014-12-19,4.4100,6.2800,4.3400,6.2800,285900
2014-12-12,4.3200,4.4700,3.9900,4.3300,299100
2014-12-05,5.5300,5.6900,4.1900,4.3500,462200
2014-11-28,5.9900,5.9900,5.5500,5.5800,139100
2014-11-21,5.8800,6.9200,5.8340,6.0000,400700
2014-11-14,7.1600,7.2500,5.6100,5.9500,401000
2014-11-07,7.7600,7.9000,7.0000,7.2200,196500
2014-10-31,7.6600,7.9200,7.3900,7.8200,232900
2014-10-24,8.8600,8.9000,7.5100,7.6600,503500
2014-10-17,7.7700,8.9900,7.4000,8.9800,448600
2014-10-10,8.4800,8.5400,7.5301,7.7700,365100
2014-10-03,8.4500,8.8900,8.3000,8.4800,269500
2014-09-26,8.1800,9.0500,7.8801,8.4000,390700
2014-09-19,9.9000,9.9600,8.0100,8.0100,800800
2014-09-12,9.6100,10.7500,9.3400,9.8500,503600
2014-09-05,9.2400,10.1000,9.1400,9.6400,253500
2014-08-29,10.1000,10.6000,9.1200,9.4600,263900
2014-08-22,9.2500,10.7000,9.0001,9.8000,459300
2014-08-15,8.7600,9.8600,6.0500,9.4500,2080700
2014-08-08,10.7300,11.6499,8.7700,8.8300,1127100
2014-08-01,11.2000,11.4800,9.8000,10.5700,361200
2014-07-25,12.2500,13.2899,11.7500,11.7800,376000
2014-07-18,9.7300,13.0300,9.5000,12.3500,1225800
2014-07-11,10.2200,10.3000,9.2210,9.7400,173900
2014-07-03,9.3700,10.6800,9.0300,10.2000,240800
2014-06-27,10.8400,11.2000,8.7500,8.9763,648400
2014-06-20,7.8000,10.9000,7.7700,10.8000,1108300
2014-06-13,7.4900,8.4700,7.0000,7.7500,366200
2014-06-06,6.3500,7.4900,6.2300,7.1001,162800
2014-05-30,5.4000,6.4400,5.3100,6.0500,82900
2014-05-22,5.8200,5.9900,4.9800,5.2500,50300
2014-05-16,0.4800,6.4000,0.4700,5.8250,117000
2014-05-09,0.4700,0.5200,0.4300,0.4900,607500
2014-05-02,0.5100,0.5200,0.4700,0.4900,399400
2014-04-25,0.5200,0.5500,0.4800,0.5100,901300
2014-04-17,0.5300,0.5500,0.4400,0.5200,466600
2014-04-11,0.5800,0.6000,0.5200,0.5600,428800
2014-04-04,0.6000,0.6800,0.5200,0.5800,1131100
2014-03-28,0.6200,0.7300,0.5200,0.6000,1232000
2014-03-21,0.3800,0.6000,0.3700,0.5900,2295500
2014-03-14,0.4000,0.4300,0.3700,0.4000,1156500
2014-03-07,0.3300,0.4000,0.3300,0.4000,825500
2014-02-28,0.2800,0.3700,0.2300,0.3400,1379800
2014-02-21,0.2400,0.2800,0.2200,0.2300,146700
2014-02-14,0.2800,0.2900,0.2600,0.2800,153900
2014-02-07,0.2300,0.2900,0.2300,0.2800,90900
2014-01-31,0.2500,0.2900,0.2000,0.2300,90900
2014-01-24,0.3000,0.3000,0.2200,0.3000,172400
2014-01-17,0.2800,0.3000,0.2300,0.3000,177900
2014-01-10,0.2300,0.3000,0.1800,0.2400,251500
2014-01-03,0.2200,0.3200,0.1800,0.2400,447000
2013-12-27,0.2100,0.2500,0.1700,0.2200,916700
2013-12-20,0.2200,0.2200,0.1900,0.2000,417700
2013-12-13,0.2100,0.2400,0.2000,0.2200,146600
2013-12-06,0.2400,0.2500,0.2000,0.2300,185800
2013-11-29,0.3000,0.3000,0.2500,0.2800,288900
2013-11-22,0.1900,0.3100,0.1900,0.3000,554500
2013-11-15,0.2000,0.2000,0.1700,0.2000,174800
2013-11-08,0.2800,0.2800,0.1500,0.2000,1473900
2013-11-01,0.2600,0.2900,0.2600,0.2800,130500
2013-10-25,0.3000,0.3200,0.2500,0.3000,367200
2013-10-18,0.3000,0.3200,0.3000,0.3000,259400
2013-10-11,0.3200,0.3200,0.2900,0.3200,192700
2013-10-04,0.3200,0.3200,0.2900,0.3100,362600
2013-09-27,0.3200,0.3300,0.3000,0.3200,326000
2013-09-20,0.3500,0.3500,0.3000,0.3200,229800
2013-09-13,0.3600,0.3600,0.3200,0.3600,112200
2013-09-06,0.4000,0.4000,0.3200,0.3200,143500
2013-08-30,0.3400,0.3900,0.3100,0.3400,139000
2013-08-23,0.3500,0.3500,0.3000,0.3000,60400
2013-08-16,0.4200,0.4200,0.3300,0.3500,124400
2013-08-09,0.4000,0.4200,0.3600,0.4200,124300
2013-08-02,0.4400,0.4500,0.3600,0.4000,216200
2013-07-26,0.3900,0.4500,0.3500,0.4500,496400
2013-07-19,0.3900,0.4000,0.3800,0.4000,269300
2013-07-12,0.3500,0.3900,0.3000,0.3900,390100
2013-07-05,0.3000,0.3500,0.3000,0.3500,250100
2013-06-28,0.3700,0.3900,0.3300,0.3700,130700
2013-06-21,0.4000,0.4000,0.2500,0.3500,271300
2013-06-14,0.3800,0.4200,0.3600,0.3700,315800
2013-06-07,0.3900,0.4200,0.3600,0.3900,231700
2013-05-31,0.4000,0.4400,0.3800,0.4200,179400
2013-05-24,0.4500,0.4800,0.3600,0.3800,364500
2013-05-17,0.5000,0.5000,0.3700,0.4500,528200
2013-05-10,0.3900,0.4300,0.3600,0.4300,347500
2013-05-03,0.4300,0.4300,0.3800,0.4000,391300
2013-04-26,0.4000,0.5900,0.4000,0.4300,409900
2013-04-19,0.4800,0.4900,0.3700,0.4000,676600
2013-04-12,0.5000,0.5000,0.4300,0.4800,129400
2013-04-05,0.4600,0.5200,0.4500,0.5000,221700
2013-03-28,0.5300,0.5400,0.4600,0.5100,109000
2013-03-22,0.6500,0.7000,0.5100,0.5200,168400
2013-03-15,0.4700,0.7200,0.4700,0.7000,382700
2013-03-08,0.5000,0.5900,0.4300,0.5300,220700
2013-03-01,0.6000,0.6500,0.4700,0.4700,314100
2013-02-22,0.5100,0.6000,0.5000,0.6000,91600
2013-02-15,0.7000,0.7000,0.5000,0.5500,268300
2013-02-08,0.6000,0.7200,0.5500,0.6200,231700
2013-02-01,0.6800,0.6800,0.5500,0.6000,82500
2013-01-25,0.6800,0.7800,0.6500,0.7200,173000
2013-01-18,0.7000,0.7900,0.6000,0.6900,161700
2013-01-11,0.7700,0.8300,0.6700,0.8000,436900
2013-01-04,0.7300,0.8000,0.6500,0.8000,329500
2012-12-28,0.4700,0.7300,0.4500,0.7300,241600
2012-12-21,0.3800,0.4700,0.3800,0.4700,216600
2012-12-14,0.4400,0.4600,0.3500,0.4000,171800
2012-12-07,0.5000,0.5000,0.4400,0.4500,133500
2012-11-30,0.4800,0.5500,0.4700,0.5000,34100
2012-11-23,0.5100,0.5500,0.4700,0.5000,100800
2012-11-16,0.5200,0.6000,0.5100,0.5500,85900
2012-11-09,0.5800,0.5800,0.4800,0.5200,105000
2012-11-02,0.5500,0.6900,0.5400,0.6000,94200
2012-10-26,0.6500,0.6800,0.5500,0.6400,106700
2012-10-19,0.6600,0.6700,0.6500,0.6500,29900
2012-10-12,0.6200,0.6900,0.6000,0.6500,23500
2012-10-05,0.7100,0.7100,0.6000,0.6500,207000
2012-09-28,0.6700,0.7500,0.5200,0.7500,316200
2012-09-21,0.6500,0.6600,0.6000,0.6600,90200
2012-09-14,0.6500,0.6500,0.6000,0.6500,114800
2012-09-07,0.6900,0.6900,0.6200,0.6500,48400
2012-08-31,0.7400,0.7600,0.6700,0.6900,220600
2012-08-24,0.7500,0.8000,0.6800,0.7600,125600
2012-08-17,0.7000,0.7500,0.6500,0.7500,478900
2012-08-10,0.5800,0.7000,0.3700,0.7000,138300
2012-08-03,0.7300,0.7300,0.6000,0.6000,122700
2012-07-27,0.7900,0.7900,0.6100,0.7500,134300
2012-07-20,0.6100,0.8200,0.6100,0.7900,287200
2012-07-13,0.7900,0.7900,0.6400,0.7000,63300
2012-07-06,0.7100,0.7800,0.6700,0.7800,186700
2012-06-29,0.6800,0.7500,0.6500,0.7500,211200
2012-06-22,0.6700,0.7200,0.5400,0.6800,376000
2012-06-15,0.5900,0.7700,0.5900,0.6800,467300
2012-06-08,0.5900,0.6500,0.4900,0.5900,210600
2012-06-01,0.5800,0.5900,0.4800,0.5900,95200
2012-05-25,0.5300,0.5800,0.4000,0.5800,119400
2012-05-18,0.5500,0.6000,0.4000,0.5300,39400
2012-05-11,0.5200,0.7000,0.4000,0.6000,37700
2012-05-04,0.7000,0.7000,0.4000,0.5200,31100
2012-04-27,0.6200,0.6200,0.3700,0.5400,18600
2012-04-20,0.6800,0.6800,0.4800,0.6200,103700
2012-04-13,0.7700,0.8000,0.6200,0.6800,56100
2012-04-05,0.8400,0.8500,0.6500,0.7700,80100
2012-03-30,0.7000,0.8500,0.5300,0.8400,167700
2012-03-23,0.8400,0.8400,0.6900,0.7100,90000
2012-03-16,0.9000,0.9500,0.8000,0.8200,122900
2012-03-09,0.9100,0.9100,0.8100,0.9100,148900
2012-03-02,0.8500,1.0000,0.8500,0.9100,433400
2012-02-24,0.8600,0.8600,0.7000,0.8500,119800
2012-02-17,0.7500,0.9500,0.7500,0.8800,272900
2012-02-10,0.8400,0.8400,0.7500,0.8200,135100
2012-02-03,0.6600,0.8500,0.6600,0.8300,323700
2012-01-27,0.6600,0.8000,0.6600,0.7700,88000
2012-01-20,0.7200,0.7500,0.6000,0.7500,274100
2012-01-13,0.6200,0.7500,0.5600,0.7200,136000
2012-01-06,0.7000,0.7500,0.5400,0.7000,83400
2011-12-30,0.4500,0.7500,0.4500,0.7000,278700
2011-12-23,0.6900,0.7500,0.5100,0.7500,25900
2011-12-16,0.6800,0.7000,0.3600,0.6500,69500
2011-12-09,0.7000,0.7500,0.6000,0.6000,71700
2011-12-02,0.7200,0.8000,0.6500,0.7000,88400
2011-11-25,0.6300,0.8200,0.6300,0.7300,36000
2011-11-18,0.8000,0.8000,0.6400,0.8000,27200
2011-11-11,0.7600,0.8400,0.6300,0.8000,25600
2011-11-04,0.8500,0.9500,0.7100,0.8500,91900
2011-10-28,0.7000,0.9000,0.7000,0.8800,137200
2011-10-21,0.7000,0.8000,0.6100,0.7200,130900
2011-10-14,0.5000,0.7500,0.5000,0.7500,194000
2011-10-07,0.5400,0.5400,0.3400,0.5000,33100
2011-09-30,0.4800,0.5500,0.4400,0.5500,33600
2011-09-23,0.4200,0.5300,0.3900,0.4800,32800
2011-09-16,0.5300,0.5500,0.3900,0.5500,19200
2011-09-09,0.4200,0.5500,0.3200,0.5500,32700
2011-09-02,0.4700,0.4700,0.2300,0.4200,61100
2011-08-26,0.4500,0.5300,0.4200,0.4700,110500
2011-08-19,0.6500,0.6600,0.4000,0.5400,249000
2011-08-12,0.8000,0.9500,0.5300,0.6800,231900
2011-08-05,0.4500,1.0100,0.4200,0.8000,543600
2011-07-29,0.3900,0.4400,0.3900,0.4400,575400
2011-07-22,0.4100,0.4100,0.3700,0.4000,267900
2011-07-15,0.2800,0.4800,0.2700,0.4000,2856800
2011-07-08,0.2700,0.3800,0.2500,0.2800,1016100
2011-07-01,0.2100,0.2700,0.2000,0.2700,806600
2011-06-24,0.2000,0.2200,0.1900,0.2200,59300
2011-06-17,0.2300,0.2300,0.1600,0.1800,11500
2011-06-10,0.2300,0.2300,0.1600,0.2300,50800
2011-06-03,0.2300,0.2300,0.2000,0.2000,45800
2011-05-27,0.1800,0.2300,0.1800,0.2000,55800
2011-05-20,0.1500,0.2300,0.1400,0.1800,62800
2011-05-13,0.1800,0.2500,0.1600,0.1600,233100
2011-05-06,0.2500,0.2500,0.1700,0.1900,65300
2011-04-29,0.2200,0.2800,0.1300,0.2500,150900
2011-04-21,0.1200,0.2200,0.1200,0.2200,88700
2011-04-15,0.1500,0.1600,0.1300,0.1500,60100
2011-04-08,0.1300,0.1500,0.1000,0.1300,83700
2011-04-01,0.1100,0.1300,0.0900,0.1200,64500
2011-03-25,0.1300,0.1500,0.1100,0.1300,23600
2011-03-18,0.1300,0.1300,0.1100,0.1300,36300
2011-03-11,0.1300,0.1300,0.1000,0.1300,52600
2011-03-04,0.1100,0.1300,0.0800,0.1300,10400
2011-02-25,0.1400,0.1400,0.1200,0.1200,37300
2011-02-18,0.1400,0.1400,0.1200,0.1400,10500
2011-02-11,0.1200,0.1500,0.0900,0.1400,80400
2011-02-04,0.1400,0.1500,0.1000,0.1200,118800
2011-01-28,0.1300,0.1500,0.1200,0.1400,51500
2011-01-21,0.1200,0.1400,0.1200,0.1300,29800
2011-01-14,0.1300,0.1600,0.1200,0.1500,155400
2011-01-07,0.1500,0.1500,0.1300,0.1300,104100
2010-12-31,0.1400,0.1500,0.1400,0.1500,63000
2010-12-23,0.1400,0.1400,0.1200,0.1300,87200
2010-12-17,0.1200,0.1400,0.1200,0.1300,175600
2010-12-10,0.1200,0.1200,0.0900,0.1200,184500
2010-12-03,0.1000,0.1200,0.1000,0.1000,77600
2010-11-26,0.1100,0.1100,0.1000,0.1100,25900
2010-11-19,0.1100,0.1200,0.1000,0.1100,108200
2010-11-12,0.0900,0.1200,0.0900,0.1200,285100
2010-11-05,0.0900,0.1100,0.0900,0.0900,56100
2010-10-29,0.0900,0.1200,0.0900,0.0900,442400
2010-10-22,0.0800,0.1000,0.0700,0.0900,23900
2010-10-15,0.0800,0.0800,0.0600,0.0800,141500
2010-10-08,0.0800,0.0800,0.0600,0.0800,24800
2010-10-01,0.0800,0.0800,0.0500,0.0800,21000
2010-09-24,0.0600,0.0800,0.0600,0.0800,138800
2010-09-17,0.0700,0.0700,0.0600,0.0600,17800
2010-09-10,0.0900,0.0900,0.0700,0.0700,46300
2010-09-03,0.0900,0.0900,0.0800,0.0900,25300
2010-08-27,0.0900,0.0900,0.0500,0.0600,38300
2010-08-20,0.0900,0.0900,0.0800,0.0900,40300
2010-08-13,0.0800,0.0900,0.0800,0.0900,25700
2010-08-06,0.0900,0.0900,0.0800,0.0800,55300
2010-07-30,0.0900,0.0900,0.0800,0.0800,25300
2010-07-23,0.0800,0.1000,0.0800,0.0900,102500
2010-07-16,0.0800,0.1000,0.0800,0.1000,316700
2010-07-09,0.0900,0.0900,0.0800,0.0800,5300
2010-07-02,0.1200,0.1400,0.0800,0.0900,39900
2010-06-25,0.1300,0.1400,0.0900,0.1200,207400
2010-06-18,0.1200,0.1300,0.1100,0.1300,126800
2010-06-11,0.1700,0.1700,0.0500,0.1200,311600
2010-06-04,0.1400,0.1700,0.1400,0.1700,43100
2010-05-28,0.1500,0.1800,0.1500,0.1500,175900
2010-05-21,0.1500,0.1700,0.1500,0.1700,236000
2010-05-14,0.1500,0.2000,0.1500,0.1700,59900
2010-05-07,0.1500,0.2000,0.1500,0.1900,152400
2010-04-30,0.1500,0.2000,0.1400,0.1600,97200
2010-04-23,0.2200,0.2300,0.1800,0.2000,396600
2010-04-16,0.1600,0.2200,0.1500,0.2200,253400
2010-04-09,0.1800,0.1900,0.1400,0.1500,440800
2010-04-01,0.1900,0.2000,0.1800,0.1900,65500
2010-03-26,0.2200,0.2200,0.1800,0.1900,114800
2010-03-19,0.2200,0.2300,0.2100,0.2200,149400
2010-03-12,0.2200,0.2200,0.1900,0.2200,177900
2010-03-05,0.2300,0.2300,0.1800,0.2200,452400
2010-02-26,0.2500,0.2600,0.2200,0.2500,397200
2010-02-19,0.2600,0.2800,0.2100,0.2100,160300
2010-02-12,0.3200,0.3200,0.2400,0.2600,256600
2010-02-05,0.2700,0.3300,0.2500,0.3200,297400
2010-01-29,0.2700,0.2700,0.2000,0.2700,139500
2010-01-22,0.2600,0.2700,0.2300,0.2700,128900
2010-01-15,0.2800,0.2800,0.2200,0.2600,153200
2010-01-08,0.1900,0.2600,0.1900,0.2600,298100
2009-12-31,0.1800,0.3400,0.1800,0.1900,71300
2009-12-24,0.1900,0.3000,0.1700,0.1800,358600
2009-12-18,0.1700,0.2300,0.1700,0.2000,57600
2009-12-11,0.2200,0.2300,0.1700,0.1700,61200
2009-12-04,0.1400,0.2300,0.1300,0.2300,352800
2009-11-27,0.1100,0.1400,0.1100,0.1400,271700
2009-11-20,0.1500,0.1500,0.1100,0.1400,91400
2009-11-13,0.1500,0.1500,0.1100,0.1500,157400
2009-11-06,0.1700,0.1700,0.1500,0.1700,60200
2009-10-30,0.1800,0.1800,0.1500,0.1700,82300
2009-10-23,0.2000,0.2000,0.1500,0.1800,124400
2009-10-16,0.2000,0.2500,0.1800,0.2000,55900
2009-10-09,0.2500,0.2500,0.1600,0.2000,90800
2009-10-02,0.2400,0.2800,0.2200,0.2500,161200
2009-09-25,0.1900,0.2800,0.1600,0.2000,195200
2009-09-18,0.1700,0.2100,0.1500,0.1900,110200
2009-09-11,0.2000,0.2000,0.1700,0.2000,43400
2009-09-04,0.1500,0.3000,0.1500,0.2000,418100
2009-08-28,0.1700,0.2500,0.1500,0.1500,299800
2009-08-21,0.1700,0.1700,0.1200,0.1700,16700
2009-08-14,0.1300,0.1700,0.1000,0.1500,184600
2009-08-07,0.1200,0.1300,0.1000,0.1200,113600
2009-07-31,0.1500,0.1500,0.1200,0.1200,298900
2009-07-24,0.1400,0.1600,0.1200,0.1400,211400
2009-07-17,0.1300,0.1400,0.1100,0.1400,32200
2009-07-10,0.1400,0.1600,0.1200,0.1300,135800
2009-07-02,0.1700,0.1700,0.1400,0.1400,30100
2009-06-26,0.1500,0.2000,0.1400,0.1700,70500
2009-06-19,0.1500,0.2000,0.1500,0.1500,112200
2009-06-12,0.1800,0.1800,0.1300,0.1800,78200
2009-06-05,0.2000,0.2500,0.1200,0.1800,90500
2009-05-29,0.1600,0.2500,0.1600,0.2500,1500
2009-05-22,0.2000,0.2000,0.1600,0.1600,2000
2009-05-15,0.2500,0.2500,0.2500,0.2500,48200
2009-05-08,0.2700,0.2700,0.2000,0.2500,83700
2009-05-01,0.2200,0.2500,0.2200,0.2500,26700
2009-04-24,0.4000,0.4000,0.2000,0.2100,70700
2009-04-17,0.3000,0.3000,0.2500,0.3000,75200
2009-04-09,0.3500,0.3500,0.2500,0.3000,81200
2009-04-03,0.1600,0.4000,0.1300,0.2500,422700
2009-03-27,0.2100,0.2100,0.1100,0.1500,228000
2009-03-20,0.1100,0.1600,0.1100,0.1300,142300
2009-03-13,0.2100,0.2100,0.0400,0.1100,310400
2009-03-06,0.1300,0.1400,0.1200,0.1400,21300
2009-02-27,0.1300,0.1400,0.1200,0.1300,120000
2009-02-20,0.2000,0.2000,0.1200,0.1200,23900
2009-02-13,0.1700,0.2200,0.1200,0.1200,132000
2009-02-06,0.2400,0.2400,0.1700,0.1700,87600
2009-01-30,0.2500,0.2700,0.2000,0.2000,140500
2009-01-23,0.2600,0.3000,0.2300,0.2300,50000
2009-01-16,0.2400,0.4000,0.2000,0.2700,278000
2009-01-09,0.4800,0.5000,0.2400,0.2400,395000
2009-01-02,0.5100,0.5100,0.3600,0.4800,14000
2008-12-26,0.5000,0.5000,0.4000,0.4000,30900
2008-12-19,0.5500,0.5700,0.3800,0.5000,305500
2008-12-12,2.5000,3.7000,1.2600,3.3500,9400
2008-12-05,3.2500,5.6400,3.0000,3.0000,7200
2008-11-28,4.7500,5.5000,3.1000,4.7000,4400
2008-11-21,5.0000,5.0000,3.0000,4.7500,3400
2008-11-14,4.0000,5.0000,3.0000,5.0000,3400
2008-11-07,6.0000,6.0000,5.0000,5.0000,200
2008-10-31,5.0000,6.0000,3.0400,6.0000,8600
2008-10-24,4.9400,5.0000,3.1100,4.0000,2300
2008-10-17,5.5000,5.5000,2.2400,4.9400,10600
2008-10-10,5.0000,5.5000,3.0000,5.5000,7300
2008-10-03,6.2500,6.5000,5.5000,5.5000,12700
2008-09-26,6.0600,7.0000,5.5500,6.5000,11900
2008-09-19,6.0000,7.5000,5.2200,7.0000,23300
2008-09-12,7.0000,7.0000,5.0000,7.0000,15700
2008-09-05,7.0000,7.0000,7.0000,7.0000,0
2008-08-29,6.7500,7.4900,6.5000,7.0000,11000
2008-08-22,5.9900,8.0000,3.0000,7.5000,33100
2008-08-15,6.0000,6.0000,5.0000,6.0000,3600
2008-08-08,7.0000,7.0000,5.0000,6.0000,7900
2008-08-01,5.2600,7.0000,5.2600,7.0000,7900
2008-07-25,5.7600,6.5000,5.1200,6.5000,3700
2008-07-18,6.0300,7.0000,5.0000,6.4900,13800
2008-07-11,7.5000,7.5000,5.0000,7.0000,13100
2008-07-03,8.0500,9.8500,6.6500,7.5000,12700
2008-06-27,4.6500,9.7500,4.5000,7.5000,32300
2008-06-20,3.7000,4.9000,3.0000,4.9000,43800
2008-06-13,4.0000,4.0000,2.9900,3.7000,28400
2008-06-06,4.7500,6.2500,4.0000,4.0000,52100
2008-05-30,5.0000,7.0000,1.8000,7.0000,17300
2008-05-23,5.7000,5.7000,4.2500,5.0000,9000
2008-05-16,7.4500,7.4500,5.1000,5.7500,38600
2008-05-09,7.4500,7.4500,5.1000,7.4500,2200
2008-05-02,7.3000,7.5000,7.3000,7.4500,1000
2008-04-25,5.2200,7.5000,5.1100,7.2400,6800
2008-04-18,6.0000,7.0000,5.0000,7.0000,3300
2008-04-11,8.0000,8.0000,5.5100,6.2500,3300
2008-04-04,8.8500,8.8500,6.0000,8.0000,2900
2008-03-28,9.5000,9.8900,7.5000,8.8500,2300
2008-03-20,7.5000,9.8900,6.2500,9.5000,2700
2008-03-14,7.5000,9.0000,7.5000,7.5000,1600
2008-03-07,9.0000,9.0000,8.9800,8.9800,800
2008-02-29,10.0000,10.0000,7.0000,9.0000,3900
2008-02-22,9.0000,10.0000,8.4900,10.0000,700
2008-02-15,10.1000,10.1000,6.1600,7.0000,600
2008-02-08,9.4900,10.1000,6.1000,10.1000,2500
2008-02-01,10.0100,10.0100,6.6500,9.4900,800
2008-01-25,6.0000,10.5000,6.0000,10.0100,1800
2008-01-18,9.0000,11.2500,6.0500,11.1800,500
2008-01-11,10.1100,10.1200,9.0000,9.0000,3000
2008-01-04,12.5000,12.5000,10.0000,11.9800,1700
2007-12-28,13.0000,13.7500,10.0100,12.5000,3000
2007-12-21,15.0000,15.0000,9.1000,13.0000,8300
2007-12-14,12.0000,15.0000,10.0000,15.0000,1200
2007-12-07,7.0100,13.5000,6.1000,12.0000,11500
2007-11-30,10.0000,10.0100,7.0000,10.0100,8300
2007-11-23,8.0000,10.9900,8.0000,10.0000,3200
2007-11-16,10.1000,11.0000,7.0000,10.9900,7300
2007-11-09,10.2600,11.0000,7.0000,10.2500,3200
2007-11-02,11.0000,11.0000,10.2500,10.5000,2800
2007-10-26,11.4000,11.5000,11.4000,11.5000,600
2007-10-19,13.0000,13.0000,10.2500,11.4000,3500
2007-10-12,12.0000,12.0000,10.2500,12.0000,2100
2007-10-05,10.2600,11.8000,10.0500,11.0000,3900
2007-09-28,12.7500,12.7500,10.0500,11.4000,1900
2007-09-21,12.2500,12.7500,12.2500,12.7500,200
2007-09-14,13.2600,13.2600,11.5000,12.2500,1700
2007-09-07,13.5000,13.5000,13.2500,13.5000,2500
2007-08-31,11.3000,13.5000,11.3000,13.5000,6100
2007-08-24,11.9900,13.0000,10.0000,13.0000,5900
2007-08-17,11.9900,11.9900,10.0000,11.5000,2100
2007-08-10,10.0000,12.2000,10.0000,11.9900,1300
2007-08-03,10.0000,12.0000,10.0000,10.0000,1800
2007-07-27,12.2900,12.2900,10.1000,10.6000,2400
2007-07-20,11.5500,13.0000,11.5200,11.5200,2800
2007-07-13,11.5500,11.5500,11.5500,11.5500,300
2007-07-06,12.0000,13.1500,12.0000,12.0000,3400
2007-06-29,13.0000,13.0500,11.5100,13.0500,1100
2007-06-22,13.0000,13.3000,11.2100,13.0000,4400
2007-06-15,13.2400,13.5000,11.5000,13.0000,5600
2007-06-08,12.2400,13.7500,11.0000,13.5900,11600
2007-06-01,12.5000,13.0000,10.0600,12.2400,12200
2007-05-25,12.5500,13.9000,10.0100,13.9000,6800
2007-05-18,11.5000,12.6000,10.0500,12.5500,3100
2007-05-11,12.5000,12.6000,10.5000,11.5000,13100
2007-05-04,10.6000,13.2500,10.6000,12.5000,4100
2007-04-27,11.5000,14.0000,11.5000,13.0000,2300
2007-04-20,13.0000,14.9900,7.5000,11.0000,14500
2007-04-13,14.2500,14.4900,12.0100,13.2500,8600
2007-04-05,14.2500,14.2500,14.2500,14.2500,1500
2007-03-30,12.5000,14.4900,11.7500,14.4900,4200
2007-03-23,12.0000,14.0000,12.0000,14.0000,2600
2007-03-16,15.2500,15.2500,12.0100,12.0500,4300
2007-03-09,14.2500,15.4900,12.2500,15.2500,2900
2007-03-02,14.5000,16.0000,14.0000,14.2500,3600
2007-02-23,14.3500,15.2500,14.3500,14.9000,8000
2007-02-16,13.8500,15.0000,12.2500,14.7500,5400
2007-02-09,14.2500,14.2500,12.7500,13.9800,2700
2007-02-02,12.9900,14.2500,12.9900,14.2500,1800
2007-01-26,13.0000,15.0000,12.2500,12.9900,6900
2007-01-19,13.7500,14.2500,12.0000,12.5000,5600
2007-01-12,14.0000,14.2500,12.0000,13.7500,11000
2007-01-05,13.9900,14.0000,13.8400,14.0000,1300
2006-12-29,15.0000,16.2500,12.7500,13.9900,6300
2006-12-22,16.0000,16.2500,15.0000,16.2400,8100
2006-12-15,14.7500,17.5000,14.0000,16.2000,40000
2006-12-08,12.5000,15.5000,11.2600,15.5000,12500
2006-12-01,12.8000,13.2500,12.0000,12.5000,9100
2006-11-24,13.0000,14.0000,12.2500,13.9900,10700
2006-11-17,16.0000,16.0000,10.1000,14.0000,38100
2006-11-10,15.5000,15.8500,14.5200,14.5300,23400
2006-11-03,16.0000,16.0000,14.5000,15.0000,14800
2006-10-27,16.0000,16.0000,14.0000,16.0000,11700
2006-10-20,15.2500,15.5000,14.2500,15.5000,5400
2006-10-13,15.0000,16.3000,15.0000,15.5000,13700
2006-10-06,16.0000,16.0000,13.5000,15.0000,2700
2006-09-29,15.5000,17.0000,11.5000,16.2500,18300
2006-09-22,16.5000,16.7500,14.0000,15.5000,21300
2006-09-15,17.2500,18.5000,15.5000,17.2500,14800
2006-09-08,19.0000,20.0000,18.0000,18.0000,1700
2006-09-01,17.0000,20.0000,16.0000,19.5000,17800
2006-08-25,20.0000,20.0000,13.0000,17.2500,18900
2006-08-18,19.0000,20.0000,17.9500,20.0000,13700
2006-08-11,21.0000,22.0000,16.7500,19.0000,34100
2006-08-04,21.5000,24.0000,20.7500,22.0000,36600
2006-07-28,24.0000,24.0000,20.0000,21.5000,44100
2006-07-21,22.0000,22.0000,17.5000,22.0000,26300
2006-07-14,16.0000,24.0000,16.0000,22.2500,72800
2006-07-07,18.0000,39.0000,15.0000,16.0000,116900
