timestamp,open,high,low,close,volume
2018-02-27,121.0000,121.0000,117.1300,118.5600,99364
2018-02-23,119.8400,122.4600,116.4100,117.6000,129279
2018-02-16,117.7700,123.6450,116.3200,120.5100,42207
2018-02-09,127.0000,127.0000,115.5466,117.1200,57133
2018-02-02,129.9500,130.5550,126.0510,127.9900,55346
2018-01-26,127.8800,131.4500,126.6100,130.6000,54913
2018-01-19,129.3800,129.9800,126.4014,128.1900,28579
2018-01-12,127.5800,130.1600,126.7300,128.4500,53406
2018-01-05,128.5200,130.1000,126.4500,127.6300,49752
2017-12-29,128.0000,134.0300,125.5600,128.2500,45189
2017-12-22,122.9400,130.3700,122.3300,128.0000,108818
2017-12-15,122.9400,127.8400,120.0200,122.3300,84341
2017-12-08,127.0000,128.1100,121.7500,123.5400,34868
2017-12-01,123.2600,130.2400,123.1800,126.3100,70452
2017-11-24,122.1300,125.0800,120.7446,123.2600,48020
2017-11-17,119.9600,123.3000,119.5000,122.0000,75464
2017-11-10,124.3400,125.6800,119.8500,120.0200,56473
2017-11-03,120.2500,125.7000,119.5600,124.5400,59771
2017-10-27,119.0000,121.6660,119.0000,121.4400,68819
2017-10-20,120.5000,122.0700,118.5300,118.8100,50855
2017-10-13,119.3400,120.9900,118.2200,120.4900,54902
2017-10-06,117.5100,120.2700,116.9545,119.3000,94174
2017-09-29,117.6243,118.5000,115.0100,118.0800,105656
2017-09-22,117.1000,119.1000,116.1300,117.6400,81336
2017-09-15,115.0000,118.0800,112.5500,116.6700,124383
2017-09-08,115.5700,116.3000,110.4331,114.8500,90984
2017-09-01,118.0100,118.0100,113.3000,115.8700,120080
2017-08-25,117.5200,118.5600,117.0600,118.1200,65353
2017-08-18,118.9900,121.4839,117.5201,118.0800,70202
2017-08-11,122.3100,123.5971,118.3200,119.0800,80196
2017-08-04,118.2800,126.8900,118.1000,122.7800,119958
2017-07-28,118.5000,120.3000,116.9900,117.9400,79835
2017-07-21,115.6600,119.5000,115.3410,118.1400,101593
2017-07-14,117.1200,118.3787,115.0300,115.6800,75401
2017-07-07,117.4000,119.0150,115.5100,117.1700,60074
2017-06-30,114.5600,118.4400,114.1100,116.4900,82413
2017-06-23,114.9900,115.5000,113.2000,114.5600,163131
2017-06-16,119.4600,119.8500,113.3100,114.3400,169266
2017-06-09,119.0300,120.4900,114.5500,120.0200,87364
2017-06-02,118.1500,119.8650,114.4100,119.0700,117114
2017-05-26,113.5700,118.7500,112.6950,117.9000,82435
2017-05-19,116.3900,117.0300,111.5100,113.3600,116305
2017-05-12,115.8600,117.7700,115.1300,115.7000,55738
2017-05-05,117.6000,119.2100,114.3200,116.3900,93911
2017-04-28,117.4900,119.8355,115.9900,116.9200,46116
2017-04-21,114.4900,117.7300,114.0000,115.8500,54246
2017-04-13,116.8000,116.9000,113.1400,113.3400,79294
2017-04-07,117.6300,118.4550,115.1961,117.2300,82442
2017-03-31,114.0200,118.4300,112.8100,118.0300,111174
2017-03-24,117.2900,117.4616,113.7500,115.2200,85124
2017-03-17,117.5200,119.7500,115.1432,116.9400,134858
2017-03-10,120.2000,122.3500,117.3500,117.7100,99030
2017-03-03,121.3800,124.5400,118.3101,121.0200,104257
2017-02-24,121.0400,125.6485,118.5000,121.5400,89391
2017-02-17,119.4000,122.7900,118.5000,121.1700,92740
2017-02-10,116.2700,119.5600,115.6110,119.3800,110165
2017-02-03,117.2700,121.5159,114.0100,116.9200,128743
2017-01-27,121.6500,121.7000,117.5760,118.3600,153536
2017-01-20,123.2200,123.7000,117.0400,120.4400,51275
2017-01-13,122.3000,124.7500,121.4500,123.2100,76434
2017-01-06,125.3600,126.4000,120.0400,123.1000,79216
2016-12-30,126.0900,127.9000,124.5100,124.6100,48662
2016-12-23,128.3400,129.8117,120.7637,126.4000,72830
2016-12-16,130.8900,130.9900,125.6800,127.4700,140391
2016-12-09,123.2800,131.9900,121.4400,131.1800,112262
2016-12-02,122.7400,124.6400,120.4900,122.3000,77182
2016-11-25,121.7400,123.8799,118.8591,123.2300,38896
2016-11-18,120.2300,122.5100,119.2200,121.4500,108737
2016-11-11,114.7550,121.3000,112.5500,119.5700,168792
2016-11-04,117.3500,118.2450,111.9800,112.5300,138048
2016-10-28,119.5400,120.7400,116.7000,117.4900,132149
2016-10-21,120.8000,122.2290,118.0950,118.5000,85547
2016-10-14,121.3200,123.1600,119.9600,120.9400,140733
2016-10-07,121.1000,122.9500,118.8200,121.1600,194234
2016-09-30,119.7000,122.9500,113.1360,121.9600,129512
2016-09-23,118.8500,122.8500,112.5000,120.2600,169483
2016-09-16,114.3600,119.0500,112.1700,118.6000,254077
2016-09-09,115.7000,117.0000,114.1300,115.3800,102095
2016-09-02,115.1900,118.5300,113.6800,116.0000,106131
2016-08-26,115.7800,117.4400,113.5800,115.4800,73297
2016-08-19,114.3900,115.6000,112.8300,114.1700,86771
2016-08-12,115.5200,117.2550,112.0100,114.2100,96457
2016-08-05,113.9800,117.4200,111.7200,117.2700,101095
2016-07-29,114.0100,115.9100,111.2100,114.3500,119291
2016-07-22,113.1800,115.0975,112.2600,114.6900,78088
2016-07-15,112.1300,115.2100,110.9500,113.6100,134762
2016-07-08,112.3200,113.8200,108.8800,111.4000,114250
2016-07-01,110.8800,113.4200,107.4400,112.8400,257465
2016-06-24,115.1400,117.0728,111.3300,112.0700,201131
2016-06-17,117.9000,117.9000,112.7600,114.3000,254078
2016-06-10,119.9600,120.6700,117.6100,118.4700,142960
2016-06-03,119.8400,120.4350,117.2000,119.0600,120120
2016-05-27,119.3200,120.6597,116.9300,119.6300,127966
2016-05-20,118.1700,119.6000,116.0750,119.1400,142294
2016-05-13,117.2800,118.9900,116.0300,117.8400,121982
2016-05-06,116.2200,118.2100,115.2100,117.2000,167493
2016-04-29,115.7000,118.0700,114.5100,116.1200,144370
2016-04-22,114.4400,117.5600,112.4100,115.4400,204772
2016-04-15,113.3700,116.3300,112.0100,114.7200,306633
2016-04-08,116.0600,116.7150,112.2800,112.7100,380035
2016-04-01,112.9900,117.6200,112.5300,115.8300,345948
2016-03-24,112.9300,115.0900,111.7000,112.9600,265648
2016-03-18,114.9700,118.5000,112.8700,112.9300,1332535
2016-03-11,106.0300,115.7500,106.0300,114.9700,1071733
2016-03-04,103.3100,106.7500,101.1800,105.7400,233276
2016-02-26,99.4500,104.0600,96.9200,103.2600,201063
2016-02-19,93.4500,98.7161,92.5900,98.3000,132102
2016-02-12,94.7500,98.0800,91.2000,93.2500,146295
2016-02-05,96.5600,96.9400,93.3600,95.3600,214868
2016-01-29,96.5100,97.3200,95.1200,97.1800,217977
2016-01-22,96.9100,97.5600,92.7500,96.4500,124390
2016-01-15,96.0200,97.1400,94.0500,96.1300,159834
2016-01-08,101.1300,101.6700,95.3550,95.4000,186175
2015-12-31,102.5300,103.8756,101.4900,102.2700,121601
2015-12-24,100.5000,103.1600,98.9600,103.0700,118145
2015-12-18,101.6200,103.1300,98.4100,99.2000,195435
2015-12-11,106.5000,106.5000,100.7700,101.2900,174064
2015-12-04,107.3600,108.6000,103.8200,106.4300,243554
2015-11-27,107.1100,108.4500,105.7150,106.7500,111207
2015-11-20,104.0000,107.9400,102.8900,107.4500,192639
2015-11-13,105.6700,107.8400,102.9800,103.6900,177759
2015-11-06,103.1600,106.3800,102.1600,105.9100,193436
2015-10-30,104.5900,105.0000,101.5100,103.2800,192749
2015-10-23,102.0000,104.5800,101.0700,104.2500,166013
2015-10-16,100.7000,102.3500,99.7100,102.1500,120953
2015-10-09,96.7100,102.4800,96.7100,100.6400,218311
2015-10-02,98.7000,99.5700,94.0100,96.0500,346254
2015-09-25,100.2400,100.8600,98.1900,99.4800,366371
2015-09-18,101.6200,103.9800,99.1400,99.5800,324049
2015-09-11,99.3800,103.9899,97.6200,101.8800,379668
2015-09-04,99.9900,100.4100,95.6800,98.1500,468052
2015-08-28,95.9600,101.7600,95.2900,100.8300,346029
2015-08-21,104.4300,105.1800,99.6900,100.0000,139118
2015-08-14,104.2200,105.7500,101.9000,104.9100,279179
2015-08-07,107.1500,107.5800,102.3600,103.5300,398522
2015-07-31,104.5700,107.8800,102.3200,106.9500,431700
2015-07-24,107.9000,108.0821,104.1800,104.8900,371118
2015-07-17,106.6200,109.8100,106.6100,107.4800,339116
2015-07-10,104.2800,106.9200,102.6600,106.4800,251372
2015-07-02,102.7200,106.0000,101.2300,104.7100,268626
2015-06-26,102.9600,104.7300,101.8900,103.2900,261701
2015-06-19,103.0500,104.4650,100.7500,102.1300,590555
2015-06-12,104.4000,106.0100,99.5800,104.5000,575906
2015-06-05,103.7600,107.0200,102.5600,104.7300,483181
2015-05-29,98.8700,103.5000,98.7200,103.2100,172778
2015-05-22,98.7900,101.0000,98.3400,99.0200,175118
2015-05-15,99.6400,100.3120,98.5000,99.0200,141535
2015-05-08,100.1100,100.7900,97.5200,99.4500,165894
2015-05-01,101.1300,101.9500,99.7100,100.1100,129119
2015-04-24,100.1900,101.5400,99.7000,101.3500,126229
2015-04-17,98.4400,100.7100,98.4400,99.5500,249003
2015-04-10,97.8200,99.5300,97.2900,98.1600,185062
2015-04-02,97.1900,99.9000,97.1900,98.0600,176906
2015-03-27,96.8000,99.3900,95.9200,97.1900,279350
2015-03-20,96.6500,100.0500,95.0700,96.2800,1182077
2015-03-13,105.8300,105.8300,92.0400,96.3900,815597
2015-03-06,104.7500,107.0900,104.0900,105.2900,102416
2015-02-27,105.5000,106.0000,103.2800,104.7500,61209
2015-02-20,105.4200,106.3100,103.0600,105.6100,71213
2015-02-13,105.4400,105.9990,103.0900,104.9000,74890
2015-02-06,103.6900,106.5400,103.2000,106.0500,63746
2015-01-30,106.2800,107.9800,103.0000,104.0400,77195
2015-01-23,102.8700,107.8000,102.0150,105.5000,55670
2015-01-16,105.0100,107.8800,101.1400,102.9100,93304
2015-01-09,112.6400,113.0250,102.1100,104.8700,242756
2015-01-02,114.9200,115.8500,113.0000,114.0000,39695
2014-12-26,115.0000,115.9000,113.8916,114.5500,37274
2014-12-19,112.2500,116.0000,110.2000,115.0000,100746
2014-12-12,110.9700,116.4999,110.9700,112.6700,117767
2014-12-05,114.7300,114.9900,109.0000,111.6600,65739
2014-11-28,115.2500,115.2500,113.6400,114.7800,20823
2014-11-21,114.5450,115.8600,113.4400,114.8000,26681
2014-11-14,115.3300,116.1830,112.9100,114.3000,33161
2014-11-07,114.4200,116.2300,112.1436,115.0500,53923
2014-10-31,112.9800,115.7400,109.4600,114.0800,67127
2014-10-24,111.8000,113.0600,105.2600,112.9700,130778
2014-10-17,113.1900,114.9500,105.0100,112.5700,80089
2014-10-10,114.0400,115.0700,111.1700,112.7500,29715
2014-10-03,113.1600,114.5000,111.7500,114.0400,48929
2014-09-26,113.9700,114.4300,110.8200,113.6000,69531
2014-09-19,115.8700,116.2300,112.9200,113.4300,129900
2014-09-12,112.5000,116.7000,112.5000,115.9100,79900
2014-09-05,113.7400,114.9900,111.6700,112.5200,30100
2014-08-29,114.1000,115.0000,112.3000,113.8400,83400
2014-08-22,111.8300,115.0000,110.0000,113.4900,162300
2014-08-15,111.1800,112.8800,108.5000,110.5000,39500
2014-08-08,108.7500,113.6700,108.7500,110.7500,54900
2014-08-01,110.8100,114.6000,108.0000,108.7500,48000
2014-07-25,113.7300,114.3800,110.2300,111.2800,32600
2014-07-18,114.2900,117.1700,112.6200,114.1400,41400
2014-07-11,115.5800,118.3800,112.3507,114.3300,58300
2014-07-03,113.7800,115.8500,113.2601,115.3600,53900
2014-06-27,116.2700,116.9150,111.8900,114.2800,101500
2014-06-20,115.7500,117.4590,114.3600,115.7400,66600
2014-06-13,115.6100,117.6400,114.1300,115.3000,61400
2014-06-06,113.9900,117.1700,112.1400,116.1200,82600
2014-05-30,114.2500,114.8300,111.7200,114.5000,113600
2014-05-23,111.7600,113.9100,110.2400,113.7000,57800
2014-05-16,116.0000,118.0000,110.5010,111.7200,93100
2014-05-09,114.8900,115.9800,111.2696,115.9800,63700
2014-05-02,113.9100,115.7700,110.3000,115.3100,92300
2014-04-25,111.7400,114.7400,111.2500,113.3400,51600
2014-04-17,112.1800,112.2580,101.7500,111.4200,283100
2014-04-11,111.9900,113.7500,108.4000,110.9000,62600
2014-04-04,111.7000,116.0000,111.5300,111.8400,92400
2014-03-28,113.8000,117.4999,110.6300,111.1200,61000
2014-03-21,114.8600,119.0900,112.5700,112.8500,155400
2014-03-14,114.5900,115.8600,111.6300,113.7000,61500
2014-03-07,111.7300,115.7430,111.0000,114.5500,66600
2014-02-28,115.1700,117.3550,111.0500,113.4900,58200
2014-02-21,117.0000,117.5000,110.2100,115.8400,73400
2014-02-14,105.4700,119.7000,104.5200,117.3100,80300
2014-02-07,104.3800,108.5800,102.1700,104.5900,62200
2014-01-31,107.4600,108.5500,102.2500,104.0000,50700
2014-01-24,110.9600,111.6900,106.5500,107.5000,28900
2014-01-17,110.2500,112.5100,109.0000,109.9500,49900
2014-01-10,111.3800,112.5500,108.5100,110.9500,82400
2014-01-03,112.6480,115.6600,108.2100,110.9900,65100
2013-12-27,111.9800,114.1000,110.1600,112.2400,27000
2013-12-20,111.0100,115.0600,109.2100,110.3500,109800
2013-12-13,115.0500,117.5900,106.5600,110.9800,45800
2013-12-06,115.0400,119.6100,113.1100,115.0000,44500
2013-11-29,118.6700,119.6699,114.6200,115.5500,16300
2013-11-22,111.7700,119.7000,110.4639,118.9000,75700
2013-11-15,107.9500,112.2500,103.0210,110.8900,41400
2013-11-08,101.9999,108.8650,100.5600,107.7100,71100
2013-11-01,101.2900,103.4500,98.5110,100.6900,46800
2013-10-25,100.9400,102.2600,99.3900,100.8800,56700
2013-10-18,96.9100,101.5500,95.8600,100.6400,55000
2013-10-11,96.4400,97.8500,92.1100,97.4500,95500
2013-10-04,97.9100,99.2500,96.5100,97.4500,77200
2013-09-27,100.2500,100.2500,96.5210,98.6800,49800
2013-09-20,100.9700,103.5350,98.6810,99.5500,212100
2013-09-13,103.8300,104.9600,99.0500,99.6000,99900
2013-09-06,105.9900,106.2600,101.7200,103.2300,46000
2013-08-30,109.3800,110.5500,99.9600,104.9700,37200
2013-08-23,109.9400,111.4900,107.3600,109.4100,45400
2013-08-16,114.5000,115.1500,108.9100,110.6500,64100
2013-08-09,115.5000,116.3200,112.6100,114.6800,98900
2013-08-02,111.4500,116.0100,111.4500,115.6000,85100
2013-07-26,109.4200,111.8700,103.0600,111.5100,79800
2013-07-19,105.9300,110.7300,105.5200,108.9000,173200
2013-07-12,105.5700,108.0000,104.0300,105.4500,114700
2013-07-05,99.7700,105.0100,99.7700,104.5400,111300
2013-06-28,96.1300,101.5500,91.1400,99.4700,229400
2013-06-21,100.0700,100.0700,95.3300,95.7900,176000
2013-06-14,99.2000,101.4100,98.2800,100.0500,77500
2013-06-07,100.3800,100.3800,95.5000,98.6000,126900
2013-05-31,99.3800,101.3500,98.2801,99.8800,98200
2013-05-24,98.2800,99.4000,98.2800,98.7000,33000
2013-05-17,95.7064,99.4800,95.7006,98.4800,42900
2013-05-10,98.4000,99.4000,97.1100,97.7500,40300
2013-05-03,91.5400,98.9990,91.3700,98.2000,87400
2013-04-26,87.1000,92.5199,86.0000,91.2400,91400
2013-04-19,87.6800,91.3190,86.0000,87.2400,124300
2013-04-12,87.1900,89.0240,86.1300,88.1000,88600
2013-04-05,87.3500,88.2740,84.6200,87.1300,65000
2013-03-28,84.8900,87.3399,83.6800,86.8700,57000
2013-03-22,82.3100,85.4100,82.0000,84.1900,35200
2013-03-15,81.1900,83.0200,80.4200,83.0200,59600
2013-03-08,79.4400,81.7600,79.0100,81.6900,54800
2013-03-01,83.0500,84.7800,79.0000,80.0500,147900
2013-02-22,79.7500,82.9500,78.0120,82.1900,80300
2013-02-15,81.4300,82.5650,79.8300,79.8300,77300
2013-02-08,77.7600,81.3000,77.7600,80.6100,75700
2013-02-01,77.4600,79.2100,75.9800,78.2800,135900
2013-01-25,76.7800,78.2400,76.2510,77.1400,111100
2013-01-18,71.7550,76.9600,71.7550,76.5800,111900
2013-01-11,69.6600,72.3700,69.1000,71.9800,66200
2013-01-04,67.5100,70.1890,66.7500,69.7400,61700
2012-12-28,66.7300,68.2100,66.5800,67.9900,48300
2012-12-21,67.0200,69.3699,66.8300,67.0000,100000
2012-12-14,67.7800,69.5800,66.8500,67.7000,117300
2012-12-07,69.3700,70.0100,67.5010,68.0500,89700
2012-11-30,65.4200,69.3400,65.2000,68.9900,377900
2012-11-23,64.6100,65.8200,64.1500,65.4100,108700
2012-11-16,71.6700,72.1500,63.6800,64.1700,171900
2012-11-09,73.7000,73.8000,71.2468,71.3500,65400
2012-11-02,72.9500,74.3400,72.0500,73.6200,42500
2012-10-26,72.5900,73.0200,72.0000,73.0200,50800
2012-10-19,72.2300,73.1500,71.5700,72.4000,184900
2012-10-12,72.5830,72.5830,71.1500,72.0100,34300
2012-10-05,71.3400,73.4400,71.3400,72.3900,38100
2012-09-28,69.0000,72.4790,68.3001,71.8300,129000
2012-09-21,72.3999,72.3999,68.1400,69.2400,205600
2012-09-14,71.7000,72.6358,70.8400,72.3900,73200
2012-09-07,70.5500,72.1300,70.0000,70.3000,29800
2012-08-31,70.0100,71.5600,69.5100,70.6900,35900
2012-08-24,70.0700,70.7500,69.3601,70.1000,20400
2012-08-17,70.7500,71.1000,68.7410,70.1700,49600
2012-08-10,70.6200,71.1700,70.4500,70.7400,47100
2012-08-03,71.0000,71.2000,70.0900,70.9400,49800
2012-07-27,70.7100,72.3000,70.0300,71.0000,42100
2012-07-20,72.4400,72.5300,71.0900,71.0900,24100
2012-07-13,69.8300,72.4890,69.2900,72.3400,33700
2012-07-06,70.1100,71.3600,69.0000,69.6600,77200
2012-06-29,70.9100,72.1700,69.5500,71.2700,50200
2012-06-22,69.6200,71.9700,69.5000,71.3200,45100
2012-06-15,70.1500,71.0008,69.0000,70.0800,60600
2012-06-08,67.9000,70.3400,66.8200,70.2900,62800
2012-06-01,69.0500,69.6000,66.5800,67.5300,122600
2012-05-25,68.2400,69.8700,67.6200,68.9500,27400
2012-05-18,70.0700,70.5190,67.6000,67.6300,53400
2012-05-11,70.6600,72.5500,70.0200,70.4000,45200
2012-05-04,71.2400,71.6200,69.3700,70.2500,62100
2012-04-27,70.5400,71.5000,69.5200,71.0800,53200
2012-04-20,70.9000,71.8600,69.5000,70.8500,43900
2012-04-13,71.2700,71.5499,68.3690,70.2800,48400
2012-04-05,72.4200,72.7900,71.5000,71.7700,75900
2012-03-30,73.2500,74.2400,72.0400,72.5200,64800
2012-03-23,73.2400,74.0000,71.9900,72.9800,45000
2012-03-16,71.4800,73.5200,71.1601,73.2500,74600
2012-03-09,71.0800,71.7600,70.2800,71.4900,73300
2012-03-02,73.5000,73.5000,70.9100,71.0900,162800
2012-02-24,76.5000,76.5200,73.5000,73.5100,33500
2012-02-17,74.8500,75.7700,73.7901,75.7400,38800
2012-02-10,74.3000,78.0800,73.8500,74.6000,60400
2012-02-03,72.2300,74.6200,72.0150,74.5500,73200
2012-01-27,71.4800,72.7100,70.8500,72.6400,76100
2012-01-20,71.4100,71.6900,70.7500,71.3200,38700
2012-01-13,71.3600,72.3200,70.5500,71.0600,106600
2012-01-06,74.5000,74.7700,70.7200,71.1000,103900
2011-12-30,72.9200,74.6900,72.0360,73.0300,70300
2011-12-23,70.5700,73.0000,69.2000,72.7500,139100
2011-12-16,71.8300,71.8300,69.2600,70.5400,67900
2011-12-09,71.8000,72.9400,69.7000,72.1000,86400
2011-12-02,71.5200,72.0500,70.5600,71.8000,117200
2011-11-25,71.5000,71.8100,69.1260,70.1000,37600
2011-11-18,72.4000,72.8400,70.0400,72.2200,60700
2011-11-11,71.4800,73.4100,70.3900,72.4900,68200
2011-11-04,71.8000,73.2600,68.0200,71.6200,55200
2011-10-28,74.6800,75.0400,70.4860,73.1800,92000
2011-10-21,70.7000,73.3500,68.4100,72.5400,90500
2011-10-14,69.0000,72.3800,68.9300,70.8300,77800
2011-10-07,68.6300,72.0900,66.1100,68.3700,141700
2011-09-30,68.1900,71.2400,67.0300,69.2500,77300
2011-09-23,70.8100,72.6200,65.7100,67.4600,112100
2011-09-16,70.6800,73.8790,70.1100,70.8800,76600
2011-09-09,70.9500,73.2900,70.1200,70.6300,92300
2011-09-02,74.3600,76.4900,71.4000,71.4100,133900
2011-08-26,73.7700,76.9900,72.0500,73.9800,83300
2011-08-19,72.0400,75.3600,72.0400,72.5000,103300
2011-08-12,74.9400,77.0700,71.8200,72.3100,242600
2011-08-05,76.6000,77.8200,74.1000,76.0200,127800
2011-07-29,76.5600,77.1900,74.5500,74.9400,61000
2011-07-22,76.0700,77.4100,75.0200,76.5800,54800
2011-07-15,77.8300,78.2700,75.5300,76.4800,76600
2011-07-08,78.0200,80.5200,77.2500,78.7400,71500
2011-07-01,75.7900,78.4000,75.7900,78.0400,129800
2011-06-24,75.0500,76.1000,74.5000,75.4000,105200
2011-06-17,76.3900,77.9500,74.6000,74.8400,187500
2011-06-10,76.9900,77.8200,76.0000,76.0000,118600
2011-06-03,77.7300,80.4800,76.6700,76.8500,223500
2011-05-27,79.0300,79.2500,76.3800,76.7400,99700
2011-05-20,79.2100,81.1300,78.9700,79.6000,69700
2011-05-13,79.7200,80.4000,79.2000,79.7000,56200
2011-05-06,79.2800,80.0000,78.7900,79.4000,76100
2011-04-29,77.8100,80.3300,76.7700,79.1000,77900
2011-04-21,76.3000,80.6700,76.3000,77.8000,99200
2011-04-15,79.6900,79.6900,76.1600,76.8800,75900
2011-04-08,79.2100,80.8590,78.6200,79.0500,92900
2011-04-01,77.0200,79.5550,76.2200,79.2100,96600
2011-03-25,76.6100,77.9900,76.2300,76.8400,94600
2011-03-18,78.4000,79.2100,75.1700,75.6500,186000
2011-03-11,79.7800,81.1500,77.7000,79.0000,84600
2011-03-04,81.0100,81.9500,78.8400,79.6800,90700
2011-02-25,84.1700,84.6700,78.7000,80.7200,91200
2011-02-18,83.6400,85.9600,83.0400,84.7500,56800
2011-02-11,83.1700,84.8900,82.3910,83.9500,56800
2011-02-04,84.7800,85.1300,81.1600,83.2200,52000
2011-01-28,85.1300,89.2500,84.2001,84.2800,95500
2011-01-21,85.2700,87.3300,84.5100,85.1100,85300
2011-01-14,87.1500,88.1200,84.9800,85.6000,126600
2011-01-07,85.5200,88.6500,85.5100,87.4400,43800
2010-12-31,85.2000,86.9100,85.2000,85.6200,46500
2010-12-23,84.9700,86.3600,84.2000,85.3100,85100
2010-12-17,84.3500,84.9200,82.2200,84.4800,100100
2010-12-10,80.8800,83.5700,80.4200,83.5700,75600
2010-12-03,79.3300,81.5800,78.8200,81.0700,80800
2010-11-26,80.0000,80.5900,79.1101,79.7000,43900
2010-11-19,80.1900,81.3640,78.0000,80.2400,47800
2010-11-12,83.7200,84.3000,80.0300,80.0300,68600
2010-11-05,79.0800,83.8900,78.3900,83.8800,85600
2010-10-29,78.7300,80.9800,78.1700,78.4400,79200
2010-10-22,78.3500,79.1150,76.5800,78.0500,61700
2010-10-15,77.5600,79.2500,75.9350,78.3400,63700
2010-10-08,76.2000,78.0890,75.5500,77.2000,68100
2010-10-01,76.0800,77.1790,74.7000,76.3000,59800
2010-09-24,75.7500,76.4000,74.1400,76.0000,150300
2010-09-17,76.6400,79.6300,75.2600,75.2700,132400
2010-09-10,77.9000,77.9700,74.8900,76.2800,75200
2010-09-03,76.8600,80.7200,74.9000,78.2600,117500
2010-08-27,78.1100,79.2400,75.6600,77.0000,148500
2010-08-20,78.0300,80.7300,77.2500,77.7700,75000
2010-08-13,81.8400,83.9100,77.6300,78.1800,93700
2010-08-06,79.5000,84.6090,79.5000,81.7000,118100
2010-07-30,83.2100,83.9400,78.2800,78.2800,89000
2010-07-23,78.8500,83.3300,78.3300,82.4600,103000
2010-07-16,83.1000,85.8000,78.3300,78.4700,94600
2010-07-09,81.2200,83.8400,78.2600,83.3000,155300
2010-07-02,88.0700,88.5200,75.7300,79.4000,287800
2010-06-25,95.4900,96.3800,86.1100,88.5900,790300
2010-06-18,104.1200,104.5500,93.5800,94.9100,298300
2010-06-11,98.9600,104.8600,97.1000,104.8000,148700
2010-06-04,104.0900,106.2400,98.0100,98.1400,126300
2010-05-28,103.5000,108.1100,96.5600,104.2800,197700
2010-05-21,107.1200,107.7000,95.1500,103.3300,169700
2010-05-14,108.6500,111.3500,105.9600,106.8100,142900
2010-05-07,111.5200,112.7400,103.1500,106.0000,159000
2010-04-30,113.1900,113.6900,106.7900,110.1600,120000
2010-04-23,110.0000,114.3100,108.3050,111.5800,82700
2010-04-16,112.5100,116.4000,110.4800,110.4800,70100
2010-04-09,113.7500,115.3000,111.4600,112.7800,129200
2010-04-01,116.5500,118.3200,111.4000,113.7600,79200
2010-03-26,118.5000,119.9100,114.8600,117.0000,50600
2010-03-19,114.4900,120.3700,113.0100,120.3000,111100
2010-03-12,112.9500,116.1900,111.2500,115.5800,46000
2010-03-05,108.4800,112.7300,108.0000,112.2500,63000
2010-02-26,111.0800,113.0500,106.9200,108.5400,78800
2010-02-19,111.8600,114.9500,107.3401,110.0600,94000
2010-02-12,104.3500,111.4900,102.9000,110.9700,82100
2010-02-05,106.5100,109.9250,102.0000,104.8400,93100
2010-01-29,108.6200,112.7500,104.9500,106.4400,110200
2010-01-22,116.5200,118.4800,108.1500,108.1900,103300
2010-01-15,118.4700,119.3900,114.4800,116.8500,100200
2010-01-08,120.6800,121.3600,116.6000,118.7700,100200
2009-12-31,119.5000,121.0000,118.3800,119.4400,59300
2009-12-24,115.1500,119.3800,115.0600,119.3600,50200
2009-12-18,115.8700,118.9100,112.1000,115.0200,136800
2009-12-11,112.2500,115.6600,109.8000,114.4000,143900
2009-12-04,102.8900,113.7900,102.8900,113.1200,406700
2009-11-27,100.7100,105.5400,99.5675,102.2600,138900
2009-11-20,89.5700,100.7700,89.1000,99.3100,213900
2009-11-13,85.2300,89.8600,85.2300,89.0500,110400
2009-11-06,84.9900,85.7600,80.5000,85.0400,146000
2009-10-30,89.2400,90.0000,83.3700,83.4900,159500
2009-10-23,89.3700,90.9800,86.2200,89.1000,149400
2009-10-16,88.9700,91.4400,84.5300,88.7900,128600
2009-10-09,80.6100,89.2200,80.5100,88.5900,139100
2009-10-02,82.2100,89.2200,80.0100,81.0500,162800
2009-09-25,85.5700,87.4500,81.9300,82.0700,121900
2009-09-18,83.8800,89.1600,81.1700,86.1000,170700
2009-09-11,84.4900,85.2000,82.6050,83.8200,104900
2009-09-04,86.3400,87.3000,80.0300,83.9100,186500
2009-08-28,88.7900,88.7900,85.2600,86.3500,110700
2009-08-21,83.4000,87.9900,81.4600,87.6000,167300
2009-08-14,84.0100,87.4000,81.3600,84.8900,176400
2009-08-07,79.8300,84.0700,78.7900,84.0500,210600
2009-07-31,77.8700,80.4200,76.5000,79.0500,144400
2009-07-24,76.9200,79.2600,75.5100,78.4900,212900
2009-07-17,74.0000,80.1100,72.9500,76.0800,360700
2009-07-10,74.3600,75.6290,71.1900,73.1500,325600
2009-07-02,75.2600,76.7500,73.9100,73.9100,180100
2009-06-26,73.6301,77.5000,73.1700,75.0800,392200
2009-06-19,74.0100,77.9100,70.9300,77.8500,372900
2009-06-12,78.9900,79.6000,74.3700,74.5400,190000
2009-06-05,79.9400,83.2500,78.1200,79.3700,278500
2009-05-29,75.0000,79.2600,73.8500,79.2600,283600
2009-05-22,73.5600,78.4000,72.1100,75.0900,306600
2009-05-15,75.0600,77.5900,69.8500,71.9200,513700
2009-05-08,67.2000,78.7100,64.0900,78.7100,625600
2009-05-01,63.0100,68.9900,61.3500,66.7600,396800
2009-04-24,63.0300,66.8500,59.4075,63.8000,545200
2009-04-17,55.2800,65.6066,55.2800,64.3600,439400
2009-04-09,57.1400,62.2600,53.3100,62.2500,373200
2009-04-03,51.5900,57.9800,49.2380,57.9700,439000
2009-03-27,47.5500,53.3100,47.1300,52.1100,447300
2009-03-20,43.6000,48.9986,41.8100,46.3400,415100
2009-03-13,34.5500,43.6700,33.7400,42.9100,486600
2009-03-06,41.3500,42.2200,34.1000,35.3800,515400
2009-02-27,49.0600,49.4000,42.1400,42.3100,515200
2009-02-20,57.6600,59.1200,47.6000,47.9400,293600
2009-02-13,59.6700,61.9000,56.2573,58.5600,320100
2009-02-06,55.5800,60.1300,54.0300,59.9600,235800
2009-01-30,56.5100,60.3700,54.4800,55.8500,265800
2009-01-23,55.5200,57.9800,50.9000,56.1600,282500
2009-01-16,60.9600,61.7100,53.0500,56.1500,217000
2009-01-09,74.0000,74.0800,60.2900,60.7200,204900
2009-01-02,68.9800,74.5900,64.9900,74.3000,82800
2008-12-26,69.4900,70.4900,65.7300,68.1900,105000
2008-12-19,67.2200,71.8400,65.8800,71.1600,226600
2008-12-12,68.5000,71.0800,65.1100,69.4000,179200
2008-12-05,72.3500,73.1900,59.7500,67.7400,204900
2008-11-28,60.1200,73.8200,57.4600,73.8200,150900
2008-11-21,66.5100,67.5900,55.0000,61.0500,261900
2008-11-14,65.1001,74.7800,65.1001,66.0700,169500
2008-11-07,68.2700,73.0700,64.4300,67.4200,125300
2008-10-31,64.5000,71.0000,60.7400,68.2800,264800
2008-10-24,67.9942,75.5700,63.1100,65.4700,109900
2008-10-17,70.0400,94.3999,65.0800,70.6900,158500
2008-10-10,84.8500,90.2500,61.4100,69.6900,269300
2008-10-03,90.7500,99.3900,84.0000,84.7500,107700
2008-09-26,103.0100,105.7900,86.1800,95.4700,160500
2008-09-19,92.5000,109.6557,81.6800,109.6500,331000
2008-09-12,95.4000,95.6300,90.7000,93.3900,172100
2008-09-05,96.2200,96.7400,92.9200,94.0000,140200
2008-08-29,97.8000,97.9900,93.5500,95.4500,135100
2008-08-22,100.2300,101.0100,94.0100,97.7100,125000
2008-08-15,97.5000,101.2900,91.9500,100.6400,157300
2008-08-08,96.7500,99.6700,92.6500,96.4500,155800
2008-08-01,94.7500,99.9700,89.7500,96.7500,163900
2008-07-25,94.1100,101.2500,93.0600,94.0100,168500
2008-07-18,95.7100,102.8400,90.0700,95.0600,176400
2008-07-11,97.3400,111.7600,94.4400,95.7200,125700
2008-07-03,97.8200,100.7800,96.6400,96.9500,57800
2008-06-27,104.0700,108.9300,97.5400,98.6000,120900
2008-06-20,109.4300,111.9900,103.2500,104.5800,69000
2008-06-13,111.6300,112.2600,103.3300,110.6200,57200
2008-06-06,110.7100,114.5900,107.3300,110.5400,66800
2008-05-30,111.7600,116.3900,106.9900,110.2700,69100
2008-05-23,118.8900,118.9000,112.1500,112.2100,39800
2008-05-16,115.2800,118.3200,111.9700,116.1100,37100
2008-05-09,118.0000,119.6500,113.8000,114.6200,46400
2008-05-02,110.1600,117.4100,108.1400,117.4100,75900
2008-04-25,111.3000,114.0200,104.1300,110.6000,88500
2008-04-18,105.6500,114.8700,105.0000,111.0400,86700
2008-04-11,110.0200,114.9000,104.0900,106.5000,63800
2008-04-04,104.2200,115.7900,103.5500,109.9100,89100
2008-03-28,107.0400,109.8200,101.5100,104.5800,78200
2008-03-20,100.0001,114.9700,100.0001,106.1900,69800
2008-03-14,113.2500,115.8600,102.5200,103.2000,74800
2008-03-07,113.2200,119.6600,101.3000,113.8600,54600
2008-02-29,114.5400,123.7100,106.2990,113.4500,55400
2008-02-22,124.5900,124.6600,113.0000,116.1000,58500
2008-02-15,119.1600,122.5900,112.0200,120.0000,32400
2008-02-08,128.0000,133.6000,119.6400,119.6400,43400
2008-02-01,122.4000,128.4900,116.5000,128.0000,55000
2008-01-25,120.0800,128.9500,116.9800,119.0000,57500
2008-01-18,121.5700,124.9900,120.0601,123.1700,38200
2008-01-11,123.0000,124.8800,115.8800,119.1900,41100
2008-01-04,115.8500,123.9300,115.8500,122.0000,26700
2007-12-28,124.8100,124.8200,116.0400,116.0400,25000
2007-12-21,116.2500,124.3700,115.8600,123.4000,31400
2007-12-14,114.6800,127.3800,114.6800,116.5000,27900
2007-12-07,118.9500,125.0000,118.6400,123.2200,25600
2007-11-30,114.8600,120.1800,109.2800,119.5500,56900
2007-11-23,118.8600,118.8600,110.6600,114.0600,25600
2007-11-16,124.8500,127.0300,115.9701,118.6200,34600
2007-11-09,123.9000,125.4800,117.0000,125.4800,33900
2007-11-02,135.3200,135.3200,124.0700,124.0700,32300
2007-10-26,135.9900,137.4500,128.2100,129.9800,12400
2007-10-19,139.1800,145.9900,135.7700,135.7700,34400
2007-10-12,132.7100,142.0700,130.6200,140.3200,19700
2007-10-05,132.0800,136.0300,128.0000,132.5000,25700
2007-09-28,132.5300,132.9900,127.3901,131.5500,24700
2007-09-21,129.7900,133.1500,126.8100,132.0000,20200
2007-09-14,128.3650,131.0100,124.6700,129.5900,21400
2007-09-07,126.5500,134.1500,125.2100,127.6500,30900
2007-08-31,136.0600,136.0600,124.0000,126.0500,35200
2007-08-24,127.7400,135.3300,127.4900,135.2300,28400
2007-08-17,124.8200,135.5400,118.7100,126.7300,47900
2007-08-10,137.9900,137.9900,116.5200,125.3300,97600
2007-08-03,148.3900,150.4800,137.7500,138.6200,34400
2007-07-27,156.0100,158.8700,148.5400,148.5400,43500
2007-07-20,157.8600,159.3400,154.0000,155.3400,38300
2007-07-13,154.1400,158.8000,150.7400,158.6500,129300
2007-07-06,153.7400,154.3700,151.5300,154.0000,24600
2007-06-29,151.1600,154.4500,148.4900,152.6000,46400
2007-06-22,155.0000,155.0000,150.0500,150.9400,89500
2007-06-15,143.8300,155.7000,143.5700,155.3600,57100
2007-06-08,144.8500,146.1300,143.2700,144.4100,24900
2007-06-01,143.6600,145.9900,142.6400,144.5300,22600
2007-05-25,135.4800,147.9400,135.4800,142.4700,53400
2007-05-18,131.5900,135.7500,131.4200,135.0000,25600
2007-05-11,131.4300,133.3500,130.0300,131.5100,22400
2007-05-04,131.2900,133.0800,130.0100,132.0000,21500
2007-04-27,130.0000,131.9400,129.0000,131.8200,22100
2007-04-20,128.6601,129.7299,128.0700,129.6300,16300
2007-04-13,130.6400,130.6400,128.8200,129.2400,9200
2007-04-05,127.9400,130.9500,126.3900,130.9500,27900
2007-03-30,125.3000,127.9300,125.3000,127.9300,17800
2007-03-23,121.1000,125.9300,121.1000,125.4900,14100
2007-03-16,129.1700,129.5500,121.0900,121.0900,30900
2007-03-09,127.3100,129.3600,125.8500,128.1500,18800
2007-03-02,128.0800,128.4900,124.9100,127.0000,20500
2007-02-23,128.9700,129.3000,127.1000,129.2200,20900
2007-02-16,129.0500,129.8500,128.6400,129.4300,21900
2007-02-09,123.9600,128.7700,123.9200,128.7700,26600
2007-02-02,122.0000,124.1600,119.5600,124.1600,23700
2007-01-26,120.3300,121.8200,118.9300,121.8200,18400
2007-01-19,117.8500,120.9500,117.5000,120.2200,19800
2007-01-12,114.0001,117.1700,114.0001,117.1700,10300
2007-01-05,114.1100,115.2700,114.0100,114.8400,16300
2006-12-29,114.3400,115.4800,113.4300,114.1100,46100
2006-12-22,115.1400,115.9500,113.7500,114.7300,52000
2006-12-15,115.8700,117.2900,114.0800,115.0000,31800
2006-12-08,114.9600,116.7100,114.0000,115.1200,48500
2006-12-01,114.0900,115.4300,113.5000,115.0100,46000
2006-11-24,115.1000,115.1000,113.1000,114.6000,57100
2006-11-17,116.0000,116.0000,113.3300,114.6900,29700
2006-11-10,115.8000,116.3700,115.3600,116.0000,11600
2006-11-03,116.0000,116.2900,115.0500,115.8500,32000
2006-10-27,118.2500,119.0000,115.1800,116.0000,33800
2006-10-20,118.5400,120.9300,118.0500,118.0500,13600
2006-10-13,115.9700,119.6000,115.9700,119.6000,7100
2006-10-06,115.1000,117.5500,113.9900,116.7800,10500
2006-09-29,114.8800,115.9900,113.1000,115.9000,15800
2006-09-22,114.4500,115.6100,113.5400,114.9200,23000
2006-09-15,112.9500,116.3500,112.2000,114.4500,14400
2006-09-08,114.2200,115.9400,113.7600,114.2500,10300
2006-09-01,113.2500,116.2000,113.1000,114.3000,16000
2006-08-25,114.5000,115.6500,113.2000,113.4700,18900
2006-08-18,113.8300,115.7900,113.5200,114.0610,11900
2006-08-11,113.4000,115.9200,113.1200,113.9900,25100
2006-08-04,116.6600,116.6600,113.8300,114.1010,87100
2006-07-28,119.8100,121.0000,114.0200,114.0200,57400
2006-07-21,122.2900,122.4100,120.0000,120.0000,13700
2006-07-14,127.8400,128.0000,122.2600,122.8500,28100
2006-07-07,126.1000,128.0000,124.3200,126.9500,36000
2006-06-30,116.0000,132.7400,113.0000,129.7200,368800
2006-06-23,112.8300,116.9000,112.8300,115.9999,73800
2006-06-16,115.6200,117.3900,113.0915,114.1500,10100
2006-06-09,117.0000,118.2600,113.7900,114.8000,13700
2006-06-02,117.0000,118.6000,113.0500,117.2400,10400
2006-05-26,115.9200,118.7000,115.4500,116.1100,26900
2006-05-19,116.1000,119.4500,115.5100,115.7400,14800
2006-05-12,115.2000,119.2200,115.2000,117.4200,10200
2006-05-05,118.3400,119.3300,115.0500,115.0500,30100
2006-04-28,122.8500,122.8500,115.2800,119.2500,20300
2006-04-21,117.5900,122.7500,117.5900,122.7500,22200
2006-04-13,115.0000,120.0000,114.8700,117.5900,9900
2006-04-07,113.0000,115.0000,112.0600,115.0000,13900
2006-03-31,112.5000,113.3200,110.4100,112.0800,70400
2006-03-24,113.3000,116.0000,112.5800,112.5800,9100
2006-03-17,112.0000,114.0500,111.5000,113.0000,40700
2006-03-10,113.2000,113.8900,110.6200,113.1200,33800
2006-03-03,114.3500,116.3500,110.0200,113.2000,16300
2006-02-24,113.7500,116.8300,113.3400,116.7000,10000
2006-02-17,114.2500,115.0100,113.1400,113.6800,12400
2006-02-10,116.7775,118.2300,114.2500,114.2700,18200
2006-02-03,116.5000,118.9500,115.6000,118.4500,16900
2006-01-27,117.8600,120.0000,116.7900,117.7000,23600
2006-01-20,121.0000,121.0000,116.0000,117.8600,48500
2006-01-13,116.0100,124.6300,116.0100,122.7500,9200
2006-01-06,115.6200,117.0000,114.6400,117.0000,6200
2005-12-30,116.0300,116.9900,115.1700,116.9900,17800
2005-12-23,114.4500,116.0000,113.3300,116.0000,11200
2005-12-16,114.0000,115.7600,112.7500,114.0500,27000
2005-12-09,116.5200,117.9500,114.3101,115.6800,12200
2005-12-02,115.8800,117.1400,115.0100,115.3800,21300
2005-11-25,117.0100,117.8800,115.0000,115.0100,12000
2005-11-18,120.0000,121.9500,116.7700,118.2500,9000
2005-11-11,121.0100,121.9000,118.9900,119.9800,6200
2005-11-04,112.5900,122.2300,111.7500,122.2300,11400
2005-10-28,114.5500,117.0000,112.0000,112.5900,11700
2005-10-21,112.3900,114.8135,112.0000,112.0000,3900
2005-10-14,117.7500,117.7500,112.0000,112.3900,12800
2005-10-07,118.6400,118.9100,114.2700,116.1300,21400
2005-09-30,118.8500,123.2690,118.8500,119.1200,15800
2005-09-23,118.0000,121.3400,114.4275,120.2600,20500
2005-09-16,119.9800,119.9900,116.3200,117.1600,4500
2005-09-09,111.0100,120.0000,111.0100,120.0000,7700
2005-09-02,116.2500,117.9700,111.0200,112.6000,44000
2005-08-26,119.9100,119.9100,116.2500,116.6580,5000
2005-08-19,120.5200,120.5500,116.4560,118.2500,8600
2005-08-12,120.2500,123.0000,120.0000,120.6600,15100
2005-08-05,118.2500,121.0810,114.2800,120.2000,18700
2005-07-29,122.0000,122.0000,114.2500,115.1700,11900
2005-07-22,116.2600,122.6800,115.4900,121.0368,15700
2005-07-15,116.8600,117.0000,112.7600,114.1500,55400
2005-07-08,115.6400,118.0000,113.7800,115.3600,8000
2005-07-01,115.1200,117.0300,109.9400,115.2200,14200
2005-06-24,119.1000,119.1000,113.2600,113.2600,39200
2005-06-17,118.6500,120.1400,116.1000,117.9600,23100
2005-06-10,114.9900,118.6100,114.7600,118.0900,19700
2005-06-03,111.2500,115.8800,110.6500,115.0000,60600
2005-05-27,110.5000,111.2600,109.7320,111.1800,15400
2005-05-20,104.7500,110.9900,104.0400,109.0050,18500
2005-05-13,104.9900,104.9900,102.9600,104.0400,21000
2005-05-06,103.2800,104.7800,100.4600,104.7300,31600
2005-04-29,98.9900,105.0000,98.9900,102.6000,50000
2005-04-22,103.3100,105.2300,98.2100,98.6500,47900
2005-04-15,106.7500,106.9000,102.0300,104.6500,57400
2005-04-08,105.4100,107.5000,104.3000,107.1900,19300
2005-04-01,104.6500,106.5500,104.4500,104.7600,33000
2005-03-24,105.2100,106.7000,104.1000,105.2900,38000
2005-03-18,106.4950,107.5500,105.1200,105.9500,21100
2005-03-11,106.9900,108.4000,106.0000,106.3300,28600
2005-03-04,108.9000,109.1400,106.4400,107.2300,25700
2005-02-25,110.1500,110.1500,106.2800,108.2200,51300
2005-02-18,110.5400,111.1000,109.2500,109.5600,16700
2005-02-11,108.9190,110.5290,108.6600,110.0900,41700
2005-02-04,105.9500,109.2400,105.2100,108.5000,17100
2005-01-28,104.8800,105.9800,102.4500,105.9800,66100
2005-01-21,103.7200,105.3700,102.9000,105.3700,11600
2005-01-14,102.5100,105.9500,102.5100,102.6000,16300
2005-01-07,104.1600,105.6610,101.7500,103.0900,24300
2004-12-31,104.6000,105.8990,103.2500,104.1600,45100
2004-12-23,104.8100,104.8100,102.5100,103.7000,64400
2004-12-17,102.9300,104.5000,101.9900,104.4000,81900
2004-12-10,102.3200,104.9900,101.1900,104.0300,30900
2004-12-03,103.7500,104.1100,101.1700,101.5500,19000
2004-11-26,103.3500,104.9500,100.4900,103.7500,14400
2004-11-19,103.8400,105.7600,101.0300,104.4500,46800
2004-11-12,105.7500,105.7500,103.4800,104.7500,27000
2004-11-05,103.8900,106.0000,103.8500,105.2000,36800
2004-10-29,99.1400,105.7500,99.1400,105.1300,16400
2004-10-22,101.5000,101.8400,98.7800,101.8000,33500
2004-10-15,99.5700,101.8000,98.7000,99.8700,65600
2004-10-08,98.0000,101.0300,97.0000,100.0000,131200
2004-10-01,96.0000,97.8700,95.5000,97.5000,46200
2004-09-24,95.7500,96.8400,95.5000,95.6100,18300
2004-09-17,96.9600,97.0000,96.0000,96.0900,9900
2004-09-10,96.7000,97.9800,96.0500,96.1600,17000
2004-09-03,95.5500,96.9700,93.3400,96.7800,30700
2004-08-27,97.9100,98.3000,95.2700,95.2900,40700
2004-08-20,95.7200,97.9900,95.3500,97.9700,19100
2004-08-13,89.5000,97.0000,89.5000,96.5800,82300
2004-08-06,92.5000,93.0500,89.2500,92.0800,93500
2004-07-30,93.2400,95.0200,91.0500,91.7000,27400
2004-07-23,95.9900,96.7700,93.9300,94.7800,23900
2004-07-16,93.2700,95.9900,93.0100,95.0000,28500
2004-07-09,94.5600,95.7900,92.2000,94.9900,24000
2004-07-02,91.7500,95.3700,91.6000,93.7700,57500
2004-06-25,92.4600,96.0300,90.6300,94.0000,106300
2004-06-18,95.2000,95.4200,92.0500,92.4000,80600
2004-06-10,94.9900,96.2200,94.8000,95.9000,29000
2004-06-04,93.7700,95.3900,93.6700,95.2900,16300
2004-05-28,93.2000,93.9400,92.0000,93.8100,113000
2004-05-21,91.7700,93.9600,89.8800,93.1600,31200
2004-05-14,90.5000,92.5000,89.4700,91.7700,23500
2004-05-07,94.0600,94.6700,91.0000,91.1800,26900
2004-04-30,92.0600,95.0100,91.0300,94.1500,42700
2004-04-23,91.9700,93.4100,89.4600,90.4700,19100
2004-04-16,90.2000,92.1500,89.0150,91.4800,51600
2004-04-08,88.5550,91.2000,88.5550,90.5300,38000
2004-04-02,88.6000,90.7500,88.0000,90.5000,116700
2004-03-26,93.3800,93.3800,88.0100,89.6400,56000
2004-03-19,92.0900,93.4100,90.5100,92.6000,56100
2004-03-12,94.0000,94.5000,92.0400,93.1400,30500
2004-03-05,93.4800,94.9400,91.8500,93.3400,39300
2004-02-27,93.7600,95.5000,93.0000,94.4100,22700
2004-02-20,91.5700,95.0500,91.3200,95.0500,45800
2004-02-13,91.5500,91.6300,89.9110,91.5700,17300
2004-02-06,90.5700,91.5200,88.5500,91.5200,18900
2004-01-30,91.4900,91.9000,88.5620,90.2500,19400
2004-01-23,89.0700,91.1000,88.8300,91.1000,16400
2004-01-16,86.6500,91.7300,86.6500,88.2000,42300
2004-01-09,86.7700,87.9900,85.5000,87.9900,23400
2004-01-02,85.9000,86.4600,84.3700,85.5700,35600
2003-12-26,84.2000,85.7500,82.0700,85.1200,29400
2003-12-19,84.5000,84.5000,81.7700,83.0000,232900
2003-12-12,84.0000,85.6700,82.6400,83.1000,80300
2003-12-05,87.0000,87.0000,84.0000,84.2300,35800
2003-11-28,82.5000,86.0000,82.0800,83.4700,77000
2003-11-21,82.0500,82.7700,80.1000,82.3000,24500
2003-11-14,81.3000,84.8800,81.0000,82.1700,89000
2003-11-07,83.8100,84.9800,81.2300,81.8200,52900
2003-10-31,81.7700,83.8900,80.6100,83.0710,20800
2003-10-24,82.5000,82.7800,80.6000,80.9100,106000
2003-10-17,85.0000,85.3500,82.2500,82.2500,32400
2003-10-10,83.3700,85.9900,83.3700,84.2700,46300
2003-10-03,85.1600,87.4000,82.1300,84.6100,48100
2003-09-26,85.5100,87.3700,82.2200,82.3600,27700
2003-09-19,87.1200,87.1300,84.9500,85.5300,45600
2003-09-12,87.9000,87.9000,84.2300,86.2300,81400
2003-09-05,86.4700,87.9500,85.0000,86.0900,29500
2003-08-29,83.2000,86.5000,82.3800,85.9900,53000
2003-08-22,85.6700,87.8900,82.0100,82.9900,150700
2003-08-15,87.6600,89.0200,85.1300,85.6500,34600
2003-08-08,89.2800,89.2800,83.5000,87.1600,71100
2003-08-01,85.4800,89.7900,84.6900,88.2400,76300
2003-07-25,88.3100,88.4600,82.5700,84.8700,132900
2003-07-18,88.7200,89.9800,86.3300,88.9000,58900
2003-07-11,88.0000,88.9000,86.8200,88.1100,46200
2003-07-03,86.1100,88.7700,85.3800,87.4600,52600
2003-06-27,88.8700,89.9000,86.0600,87.2300,87000
2003-06-20,88.1800,89.0400,86.1500,87.6100,71800
2003-06-13,87.7300,88.4400,85.5000,88.0000,73500
2003-06-06,85.0110,87.9900,84.2500,86.8700,119200
2003-05-30,81.6900,86.4200,80.2500,85.6400,126600
2003-05-23,82.5000,83.4800,79.9500,80.7200,76000
2003-05-16,81.0000,85.4500,81.0000,82.7400,51900
2003-05-09,79.6900,83.6500,78.4000,82.1800,72000
2003-05-02,81.7300,81.8900,78.3700,79.8000,79600
2003-04-25,80.5400,81.9500,79.0300,81.2200,105000
2003-04-17,81.1800,81.9100,79.5710,81.1200,55400
2003-04-11,80.9900,82.9000,80.6600,81.1900,158900
2003-04-04,78.3800,81.4500,76.9000,80.6000,128600
2003-03-28,79.2800,80.6900,77.7500,79.1400,139000
2003-03-21,75.5200,79.7500,74.9300,78.9000,102500
2003-03-14,77.0400,77.9300,74.8000,75.5000,114400
2003-03-07,78.2700,80.4800,77.5000,77.8200,269200
2003-02-28,81.1700,81.1700,77.0000,78.2900,150000
2003-02-21,80.7800,81.8100,79.5300,81.3000,91700
2003-02-14,81.9900,81.9900,80.2500,81.1700,72100
2003-02-07,84.9800,85.6000,80.5300,80.7600,101000
2003-01-31,84.4100,85.4700,83.3900,85.0800,137800
2003-01-24,84.0300,84.9500,83.0100,84.5700,124400
2003-01-17,82.3800,84.4200,81.7100,83.9300,71400
2003-01-10,83.2500,84.9900,82.5500,83.8800,95900
2003-01-03,81.4900,84.0000,80.6500,83.2500,47200
2002-12-27,82.0000,84.9000,81.1600,81.8400,47300
2002-12-20,83.7700,86.2000,81.9500,83.4200,58400
2002-12-13,83.2500,86.3900,81.5000,84.1200,66400
2002-12-06,88.0100,89.5000,83.5700,85.1700,72000
2002-11-29,90.1800,93.8400,86.8400,88.5300,127300
2002-11-22,80.7300,90.8500,80.1000,88.8800,131200
2002-11-15,76.2600,81.9800,76.2600,81.9500,49600
2002-11-08,78.2900,78.5600,75.2500,76.4200,93700
2002-11-01,75.4000,82.2500,75.2500,77.9900,134500
2002-10-25,76.0000,79.2500,74.2600,77.2000,47800
2002-10-18,70.7500,78.0000,70.7500,77.0500,48700
2002-10-11,69.5000,71.5000,65.5600,71.5000,76000
2002-10-04,73.7400,73.7500,67.5500,68.6000,83700
2002-09-27,74.5100,75.2700,71.8200,73.1900,32400
2002-09-20,77.5000,78.5300,74.5600,74.7600,40100
2002-09-13,75.6800,80.2600,74.5300,77.8000,101900
2002-09-06,76.0000,76.9100,73.2600,74.7500,37800
2002-08-30,77.4500,78.4500,74.7500,76.2500,35200
2002-08-23,76.8300,80.0900,70.8000,77.4700,170900
2002-08-16,82.4500,82.5000,76.7000,78.0600,60300
2002-08-09,85.2500,85.2500,79.7400,81.4500,41100
2002-08-02,87.6800,90.0000,85.0000,85.0100,62200
2002-07-26,88.3900,89.7500,83.2000,85.5200,63600
2002-07-19,88.2000,90.0000,84.5100,90.0000,72500
2002-07-12,97.0000,97.0000,87.2100,87.5400,79000
2002-07-05,97.0000,98.5100,95.5000,96.8500,58700
2002-06-28,98.0300,101.0000,96.2900,96.3000,93900
2002-06-21,96.8200,101.4000,96.2500,99.9800,60900
2002-06-14,99.0000,99.7000,96.0200,96.6000,47700
2002-06-07,99.8000,101.2000,99.0000,99.2500,39700
2002-05-31,97.9900,101.0000,95.5600,100.8000,35300
2002-05-24,97.6200,99.3700,96.5300,98.0000,46300
2002-05-17,98.5000,99.4000,96.7700,98.8500,19800
2002-05-10,97.0100,100.8000,96.5000,98.4000,25800
2002-05-03,94.6200,99.6800,94.6200,98.9600,32100
2002-04-26,93.0000,98.5000,91.0300,98.0400,50900
2002-04-19,93.0500,98.3000,93.0200,93.9900,51400
2002-04-12,91.8500,95.4500,91.3500,95.1000,55000
2002-04-05,94.7300,94.7300,92.0200,93.0000,47000
2002-03-28,92.4200,95.1700,92.0800,94.5000,32900
2002-03-22,93.4500,95.1900,91.0600,94.7000,40100
2002-03-15,90.2000,93.2300,89.0300,93.1200,40700
2002-03-08,89.6300,91.7500,88.6200,90.3200,63500
2002-03-01,85.5000,90.0900,85.3100,89.8500,43800
2002-02-22,84.6700,86.5500,83.4900,86.0000,26200
2002-02-15,82.2600,85.9500,82.2600,85.5900,27000
2002-02-08,81.1500,83.4000,81.0000,82.4300,31700
2002-02-01,80.7500,83.4000,79.7700,83.0300,28200
2002-01-25,82.4400,82.7500,79.7600,82.0000,57700
2002-01-18,84.5000,84.7400,82.0000,82.6100,52800
2002-01-11,83.2400,86.6200,83.2400,84.7300,73300
2002-01-04,83.5100,84.3500,80.6500,83.0500,56100
2001-12-28,81.0000,84.0000,80.0600,83.5100,65100
2001-12-21,78.0400,81.0800,78.0400,81.0300,75600
2001-12-14,80.4000,80.6000,77.9100,79.5200,38300
2001-12-07,79.4600,80.3000,78.0500,80.0200,110700
2001-11-30,79.7800,80.5000,78.1100,79.0200,43700
2001-11-23,80.8200,80.8200,78.2400,80.0000,31500
2001-11-16,79.2500,80.4700,78.0000,79.6200,36000
2001-11-09,82.5200,83.5000,79.3200,79.5500,41000
2001-11-02,82.7100,83.7400,81.0000,83.0000,82700
2001-10-26,81.0900,83.7000,81.0000,82.4600,63400
2001-10-19,82.8000,83.2400,80.5700,81.0900,135500
2001-10-12,80.5100,83.3500,78.7600,82.4500,88000
2001-10-05,80.6500,81.2100,77.4500,80.8000,73500
2001-09-28,79.9000,81.0000,76.6100,81.0000,99800
2001-09-21,75.0000,80.9900,75.0000,79.0000,115500
2001-09-10,80.5000,81.3900,79.5000,80.8800,13000
2001-09-07,78.8100,81.0000,78.0100,79.5600,35300
2001-08-31,80.2000,80.7000,78.1300,78.9100,35600
2001-08-24,79.7500,81.5000,78.6800,80.4000,32400
2001-08-17,79.8500,81.2000,77.0100,80.5900,41000
2001-08-10,80.0600,81.0700,78.5400,79.5900,83000
2001-08-03,78.6800,82.0000,78.6800,79.8100,110600
2001-07-27,80.0700,82.6700,77.0000,78.1800,118400
2001-07-20,79.8500,82.3200,78.0400,80.6500,43800
2001-07-13,79.0000,81.2500,78.3900,80.3400,121600
2001-07-06,75.0100,80.2500,75.0100,79.1200,92300
2001-06-29,77.3200,78.7400,74.7400,74.7500,191800
2001-06-22,78.0000,78.7000,76.4000,76.6300,124800
2001-06-15,77.0500,80.0000,76.0800,78.0000,231300
2001-06-08,74.7700,75.6200,73.5100,75.1000,84300
2001-06-01,69.9800,73.5000,69.4000,73.5000,105800
2001-05-25,71.1200,71.2100,69.2000,69.7100,82300
2001-05-18,71.1900,71.6000,69.1600,69.5800,49600
2001-05-11,73.0000,76.0000,71.4300,71.4300,45400
2001-05-04,72.6200,74.8900,72.5800,74.3400,41000
2001-04-27,69.5000,72.2800,68.2100,72.2800,38100
2001-04-20,68.9000,71.2500,67.5000,68.3000,66800
2001-04-12,69.5000,70.0000,67.6500,68.8300,37600
2001-04-06,69.2500,70.5000,68.0000,68.2200,112300
2001-03-30,68.4100,70.8100,66.7500,68.8100,122900
2001-03-23,69.5200,70.7500,66.1300,69.0000,60600
2001-03-16,73.2500,73.4400,67.1300,70.0900,85200
2001-03-09,76.8400,77.0000,72.5600,74.0000,46700
2001-03-02,72.6300,77.0000,71.8100,76.8800,47700
2001-02-23,74.9800,74.9800,71.2000,72.7500,28100
2001-02-16,72.8100,75.7500,72.2000,74.6900,53100
2001-02-09,73.5000,75.9800,72.9700,73.3100,82500
2001-02-02,73.5000,75.0000,73.3800,73.7500,24700
2001-01-26,69.5600,76.0000,69.5600,74.0600,61300
2001-01-19,67.8800,71.5000,67.1300,71.0000,70900
2001-01-12,70.0000,71.5000,64.5000,67.7500,146100
2001-01-05,72.0300,73.3100,66.5000,68.6300,126500
2000-12-29,68.3100,73.5000,66.0000,73.0000,135300
2000-12-22,63.0000,68.5000,62.5000,68.2500,92900
2000-12-15,69.0000,73.0000,61.0000,61.0600,223500
2000-12-08,69.2500,71.0000,67.8800,70.1300,78300
2000-12-01,70.0000,70.6900,67.5000,69.4400,40100
2000-11-24,69.5000,70.7500,67.7500,70.5600,41100
2000-11-17,66.9400,69.6300,66.0000,69.6300,52400
2000-11-10,66.6300,69.2500,64.8800,66.9400,21300
2000-11-03,65.8100,68.1300,64.9400,67.6900,48900
2000-10-27,66.2500,69.0600,64.5000,66.6300,65000
2000-10-20,66.8100,68.3100,63.6900,68.3100,75400
2000-10-13,67.1300,71.2500,64.0000,67.5000,81500
2000-10-06,63.7500,67.7500,62.5000,67.1300,69800
2000-09-29,63.5600,64.3100,61.5600,63.8800,115900
2000-09-22,61.7500,63.6300,60.1300,63.6300,52400
2000-09-15,64.5000,65.5000,58.8800,60.5000,65000
2000-09-08,62.5000,65.3800,61.5000,64.3100,39800
2000-09-01,62.7500,63.5000,60.2500,62.7500,143700
2000-08-25,64.0000,64.3800,61.1900,62.1900,40700
2000-08-18,65.5600,66.3800,61.0000,63.5000,42600
2000-08-11,61.0000,67.5000,60.8100,67.2500,112000
2000-08-04,61.7500,62.5000,58.0000,60.8800,91000
2000-07-28,60.7500,63.1900,59.0000,60.6900,94800
2000-07-21,58.5000,60.9100,58.5000,59.9400,104500
2000-07-14,59.5300,60.3800,56.6300,59.1300,113000
2000-07-07,56.0000,59.6300,54.6300,59.3800,157700
2000-06-30,59.2500,71.6300,49.0000,51.0000,462400
2000-06-23,58.3800,59.7500,57.3800,59.2500,83100
2000-06-16,58.5000,59.8800,58.0000,58.3800,67400
2000-06-09,54.5000,59.0000,54.5000,58.3800,126400
2000-06-02,54.0000,55.5000,53.0000,55.0000,78200
2000-05-26,53.0000,54.1300,51.6300,54.0000,81900
2000-05-19,52.1300,54.7500,51.2500,53.1900,80800
2000-05-12,51.8100,54.0000,51.2500,52.2500,95100
2000-05-05,51.6300,53.0000,51.5000,52.8800,72700
2000-04-28,51.1300,52.7500,50.6300,51.6300,102800
2000-04-20,51.0000,52.7500,50.8100,52.0000,29400
2000-04-14,54.0000,54.0000,51.0000,51.1300,149800
2000-04-07,57.5000,57.8800,49.3800,53.9400,113300
2000-03-31,56.0000,58.1300,52.4400,57.5000,86600
2000-03-24,53.2500,58.2500,51.8800,57.0000,100300
2000-03-17,53.8100,56.5000,53.2500,53.2500,60500
2000-03-10,57.5000,58.0000,50.2500,53.5000,97200
2000-03-03,59.2500,60.8800,57.0000,57.3100,89000
2000-02-25,60.3100,62.0000,59.0000,59.0000,61700
2000-02-18,59.2500,62.0000,59.2500,60.1300,61300
2000-02-11,60.5000,62.0000,59.7500,59.8800,64000
2000-02-04,61.8800,62.2500,57.0000,60.7500,46100
2000-01-28,62.5000,63.6300,60.0000,62.0000,58400
2000-01-21,63.7500,63.7500,61.0600,61.0600,20500
2000-01-14,63.7500,63.7500,59.0000,61.7500,134400
