timestamp,open,high,low,close,volume
2018-02-27,10.0800,10.1700,10.0100,10.0306,10037
2018-02-23,10.2100,10.3000,9.5700,10.0700,30348
2018-02-16,10.2700,10.3600,10.1400,10.1500,148391
2018-02-09,10.1900,10.3500,10.1900,10.2500,117687
2018-02-02,10.3203,10.4000,10.1600,10.2000,102327
2018-01-26,10.3186,10.3500,10.0299,10.3060,146653
2018-01-19,10.3500,10.3800,10.3100,10.3150,206175
2018-01-12,10.4500,10.4500,10.3000,10.3500,317512
2018-01-05,10.3800,10.4600,10.3050,10.3900,695314
2017-12-29,10.2900,10.4000,10.1200,10.3000,57270
2017-12-22,9.7600,10.3348,9.7600,10.2500,18092
2017-12-15,10.3000,10.3000,10.0000,10.1006,16011
2017-12-08,10.3000,10.3000,10.2605,10.2647,699
2017-12-01,10.2500,10.3000,10.2000,10.3000,31577
2017-11-24,10.2200,10.2700,10.1800,10.2400,6602
2017-11-17,10.3000,10.3000,10.1800,10.2400,901
2017-11-10,10.2300,10.3000,10.1900,10.3000,143457
2017-11-03,10.3000,10.4000,9.5100,10.2300,58246
2017-10-27,10.1800,10.2100,10.1800,10.2100,302
2017-10-20,10.1800,10.1800,10.1800,10.1800,778
2017-10-13,10.1000,10.1000,10.1000,10.1000,100
2017-10-06,10.1600,10.1600,10.1600,10.1600,0
2017-09-29,10.1600,10.1600,10.1600,10.1600,13
2017-09-22,10.1600,10.1600,10.1600,10.1600,4
2017-09-15,10.1600,10.1600,10.1600,10.1600,0
2017-09-08,10.1500,10.1600,10.1500,10.1600,2504
2017-08-31,10.1500,10.1600,10.1400,10.1400,696542
2017-08-25,10.1200,10.1300,10.1000,10.1000,12800
2017-08-18,10.1200,10.1240,10.1200,10.1200,13510
2017-08-11,10.0400,10.1500,10.0400,10.1200,191367
2017-08-04,10.1400,10.1400,9.6440,10.0400,10774
2017-07-28,10.1400,10.1400,10.1400,10.1400,0
2017-07-21,10.1400,10.1400,10.1400,10.1400,0
2017-07-14,10.1400,10.1400,10.1400,10.1400,50
2017-07-07,10.1090,10.1400,10.0500,10.1400,2100
2017-06-30,10.0800,10.1400,10.0800,10.1090,3800
2017-06-23,10.0900,10.0900,10.0550,10.0800,9279
2017-06-16,10.1100,10.1100,10.0800,10.0900,6900
2017-06-09,10.1200,10.1200,10.0800,10.1100,8000
2017-06-02,10.1000,10.1200,10.1000,10.1200,13152
2017-05-26,10.1700,10.1700,10.1700,10.1700,2
2017-05-19,10.1000,10.1700,10.0900,10.1700,1510
2017-05-12,10.1500,10.1500,10.1500,10.1500,1
2017-05-05,10.1500,10.1500,10.1500,10.1500,1
2017-04-28,10.1500,10.1500,10.1500,10.1500,0
2017-04-21,10.1100,10.1500,10.1100,10.1500,600
2017-04-13,10.1000,10.1100,10.1000,10.1100,202
2017-04-07,10.0900,10.1100,10.0900,10.1100,400
2017-03-31,10.1000,10.2000,10.0600,10.0900,14627
2017-03-24,10.0500,10.1500,10.0000,10.1400,14004
2017-03-17,10.1400,10.1400,10.1400,10.1400,7
2017-03-10,10.1000,10.1400,10.1000,10.1400,10868
2017-03-03,10.0100,10.1400,10.0100,10.1400,125750
2017-02-24,10.0100,10.0100,10.0100,10.0100,1500
2017-02-17,10.1400,10.1400,10.0360,10.0360,200
2017-02-10,10.1400,10.1400,10.1400,10.1400,100
2017-02-03,10.1000,10.3500,10.0000,10.0450,2254
2017-01-27,10.0500,10.2500,9.9999,10.0000,95552
2017-01-20,9.9310,10.0500,9.9310,10.0500,7400
2017-01-13,9.9310,9.9310,9.9310,9.9310,75
2017-01-06,9.9310,9.9310,9.9310,9.9310,0
2016-12-30,9.9300,9.9310,9.9300,9.9310,200
2016-12-23,9.9300,9.9300,9.9300,9.9300,0
2016-12-16,9.9300,9.9400,9.9300,9.9300,11950
2016-12-09,9.9500,9.9500,9.9300,9.9300,1250
2016-12-02,9.9500,9.9500,9.9500,9.9500,0
2016-11-25,9.9500,9.9500,9.9100,9.9500,12400
2016-11-18,9.9200,9.9500,9.9200,9.9500,42100
2016-11-11,9.9200,9.9200,9.9200,9.9200,150100
2016-11-04,9.9000,9.9000,9.9000,9.9000,0
2016-10-28,9.9000,9.9000,9.9000,9.9000,1000
2016-10-21,9.9000,9.9000,9.9000,9.9000,5000
2016-10-14,9.9000,9.9000,9.9000,9.9000,15401
2016-10-07,9.8900,9.8900,9.8900,9.8900,0
2016-09-30,9.8600,9.8900,9.8600,9.8900,7703
2016-09-23,9.8600,9.8600,9.8600,9.8600,6
2016-09-16,9.8500,9.8700,9.8500,9.8600,8500
2016-09-09,9.8100,9.8600,9.8100,9.8500,8500
2016-09-02,9.8100,9.8100,9.8100,9.8100,2
2016-08-26,9.8100,9.8100,9.8100,9.8100,0
2016-08-19,9.8100,9.8100,9.8100,9.8100,0
2016-08-12,9.8045,9.8800,9.8045,9.8100,3479
2016-08-05,9.7300,9.8300,9.7300,9.8045,6504
2016-07-29,9.7300,9.7300,9.7300,9.7300,1
2016-07-22,9.7300,9.7300,9.7300,9.7300,0
2016-07-15,9.7300,9.7300,9.7300,9.7300,0
2016-07-08,9.7300,9.7300,9.7300,9.7300,1100
2016-07-01,9.7300,9.7422,9.7300,9.7300,3000
2016-06-24,9.7300,9.7300,9.7300,9.7300,0
2016-06-17,9.6700,10.0500,9.6700,9.7300,5716
2016-06-10,9.6700,9.6700,9.6700,9.6700,0
2016-06-03,9.6700,9.6700,9.6700,9.6700,0
2016-05-27,9.6700,9.6700,9.6700,9.6700,0
2016-05-20,9.7300,9.7300,9.6700,9.6700,103
2016-05-13,9.7300,9.7300,9.7300,9.7300,3
2016-05-06,9.7300,9.7300,9.7300,9.7300,0
2016-04-29,9.7000,9.7300,9.6900,9.7300,24051
2016-04-22,9.7800,9.7800,9.6700,9.7000,918
2016-04-15,9.7400,9.7700,9.7100,9.7399,7800
2016-04-08,9.7000,9.7400,9.7000,9.7100,1400
2016-04-01,9.6700,9.7000,9.6700,9.7000,25350
2016-03-24,9.6600,9.6700,9.6600,9.6700,2202
2016-03-18,9.6100,9.6400,9.5950,9.6400,39502
2016-03-11,9.5700,9.5800,9.5600,9.5800,122115
2016-03-03,9.5400,9.5900,9.5300,9.5900,18700
2016-02-26,9.5500,9.5800,9.5400,9.5400,12125
2016-02-19,9.5500,9.5500,9.5500,9.5500,0
2016-02-12,9.5500,9.5600,9.5433,9.5500,3100
2016-02-05,9.5136,9.5136,9.4500,9.4500,100
2016-01-29,9.5136,9.5136,9.5136,9.5136,0
2016-01-22,9.4500,9.5136,9.4500,9.5136,100
2016-01-15,9.4500,9.4500,9.4500,9.4500,0
2016-01-08,9.4900,9.4900,9.4000,9.4500,15100
2015-12-31,9.5081,9.5500,9.4900,9.5000,23700
2015-12-24,9.4600,9.6000,9.4600,9.5500,12275
2015-12-18,9.5100,9.5100,9.4500,9.4600,20500
