timestamp,open,high,low,close,volume
2013-10-30,6.4400,6.4400,6.4400,6.4400,0
2013-10-25,6.4400,6.4400,6.4400,6.4400,0
2013-10-18,6.4400,6.4400,6.4400,6.4400,0
2013-10-11,6.4200,6.5200,6.4200,6.4400,68828
2013-10-04,6.4200,6.4600,6.3001,6.4200,118272
2013-09-27,6.3800,6.4400,6.3800,6.4400,155680
2013-09-20,6.4100,6.4500,6.4000,6.4200,167226
2013-09-13,6.4000,6.4400,6.4000,6.4100,160101
2013-09-06,6.3900,6.4600,6.3800,6.4001,396926
2013-08-30,3.9600,6.4300,3.9600,6.3900,1168173
2013-08-23,3.9201,4.0900,3.9201,3.9601,28286
2013-08-16,4.0300,4.1000,3.9000,3.9400,33173
2013-08-09,3.9200,4.0500,3.8601,3.9400,15312
2013-08-02,3.8900,4.0800,3.8700,3.9762,22632
2013-07-26,3.9800,4.0000,3.8500,3.9500,19679
2013-07-19,3.9100,4.0400,3.8500,3.9100,32871
2013-07-12,3.8800,3.9500,3.8000,3.9352,33286
2013-07-05,3.8200,3.9000,3.8000,3.9000,6911
2013-06-28,3.9200,3.9800,3.8000,3.8499,37052
2013-06-21,4.1300,4.1600,3.7900,4.0000,95169
2013-06-14,4.1200,4.2000,4.1200,4.1600,27472
2013-06-07,4.0900,4.1500,4.0200,4.1300,36275
2013-05-31,3.8800,4.1848,3.8800,4.0360,25951
2013-05-24,3.8900,4.2699,3.7600,3.8800,100146
2013-05-17,3.7000,3.8600,3.6400,3.8100,37342
2013-05-10,3.5000,3.7900,3.5000,3.7300,94517
2013-05-03,3.5400,3.6999,3.4600,3.5300,73940
2013-04-26,3.4300,3.5700,3.3100,3.5500,32353
2013-04-19,3.7100,3.8399,3.4500,3.5800,64773
2013-04-12,3.7000,3.8500,3.7000,3.8499,60391
2013-04-05,3.8600,3.8600,3.6500,3.7100,28194
2013-03-28,3.8200,3.9600,3.6401,3.8600,10300
2013-03-22,3.7100,3.9500,3.6700,3.9299,39350
2013-03-15,3.7200,3.8100,3.6301,3.7600,16831
2013-03-08,3.7000,3.8500,3.6000,3.7899,123189
2013-03-01,3.5800,3.7000,3.5800,3.6600,84272
2013-02-22,3.5600,3.7000,3.5500,3.6000,82062
2013-02-15,3.6000,3.7000,3.5500,3.5600,16174
2013-02-08,3.5000,3.7000,3.4600,3.7000,31278
2013-02-01,3.5800,3.7400,3.4200,3.5000,25103
2013-01-25,3.6000,3.6500,3.3700,3.6200,39925
2013-01-18,3.5600,3.7400,3.4700,3.6000,29645
2013-01-11,3.5500,3.8100,3.4000,3.7100,16979
2013-01-04,3.1666,3.5800,3.1666,3.5800,21900
2012-12-28,3.2100,3.2999,3.1300,3.1900,18051
2012-12-21,3.0500,3.2500,2.9800,3.1690,51630
2012-12-14,3.0600,3.1000,2.9400,3.0100,32281
2012-12-07,3.2300,3.2400,2.8700,3.1100,38199
2012-11-30,3.1100,3.3000,2.9801,3.3000,56532
2012-11-23,3.0000,3.1864,3.0000,3.1750,30838
2012-11-16,3.2500,3.3300,2.7400,2.9000,83682
2012-11-09,3.5600,3.8800,3.2400,3.3899,54142
2012-11-02,3.6400,3.9000,3.5100,3.7200,22150
2012-10-26,3.9700,4.0125,3.4500,3.6400,42322
2012-10-19,4.0100,4.0200,3.8500,3.9699,12541
2012-10-12,4.0800,4.0800,3.8801,4.0300,23980
2012-10-05,3.9500,4.0700,3.8600,4.0700,10643
2012-09-28,3.8700,4.0800,3.8500,3.9000,24473
2012-09-21,3.8700,4.1400,3.7901,3.8700,18331
2012-09-14,3.7500,3.9800,3.7201,3.8900,41741
2012-09-07,3.8600,3.9400,3.6500,3.8700,27114
2012-08-31,3.9400,4.2200,3.6800,3.8600,48901
2012-08-24,4.0500,4.1000,3.7300,3.9400,49999
2012-08-17,3.9100,4.0000,3.8401,3.9900,43745
2012-08-10,3.7000,3.9900,3.6500,3.9500,63251
2012-08-03,4.1900,4.2500,3.5000,3.6200,70018
2012-07-27,4.0600,4.3200,3.8100,4.1900,38754
2012-07-20,4.1300,4.3300,3.9800,4.0500,57010
2012-07-13,4.1700,4.3500,4.0240,4.2000,31358
2012-07-06,4.2500,4.4000,4.0200,4.1800,52368
2012-06-29,4.1400,4.3500,4.0600,4.2900,39611
2012-06-22,4.0800,4.3000,4.0600,4.1500,34555
2012-06-15,4.0100,4.5300,4.0000,4.0600,43692
2012-06-08,3.7600,4.1500,3.6800,4.0200,91532
2012-06-01,3.9200,3.9500,3.6559,3.7700,47241
2012-05-25,3.8600,3.9400,3.7500,3.9200,71959
2012-05-18,3.9300,4.0000,3.7600,3.8500,186619
2012-05-11,4.1100,4.3440,3.9140,3.9500,237000
2012-05-04,4.9200,5.0299,4.1200,4.2400,188045
2012-04-27,4.7800,5.0200,4.7000,4.9700,114438
2012-04-20,5.1300,5.2000,4.5300,4.9000,239240
2012-04-13,5.3950,5.4090,5.0500,5.1700,93297
2012-04-05,5.4300,5.5300,5.3000,5.3950,78427
2012-03-30,5.4600,5.5900,5.3200,5.4600,141492
2012-03-23,5.5900,5.7700,5.4200,5.4700,106823
2012-03-16,5.5200,5.9000,5.5200,5.5700,67736
2012-03-09,5.5100,5.7100,5.5000,5.5700,100497
2012-03-02,6.2800,6.3300,5.1500,5.4300,282813
2012-02-24,6.5800,7.2990,6.3300,6.3300,224925
2012-02-17,6.2900,6.5800,6.0010,6.5800,135495
2012-02-10,6.6800,6.7000,6.0000,6.2410,142417
2012-02-03,6.2500,6.7700,6.0600,6.6771,110394
2012-01-27,6.2900,6.7500,5.7500,6.4200,195054
2012-01-20,6.3200,6.4600,6.0700,6.2999,90032
2012-01-13,6.3500,7.0000,5.3400,6.3200,225070
2012-01-06,5.5800,6.3500,5.5500,6.3500,139291
2011-12-30,5.7800,5.8500,5.5000,5.5800,59429
2011-12-23,5.1500,5.9400,5.1500,5.7800,152225
2011-12-16,5.2700,5.4999,4.9790,5.0099,114983
2011-12-09,4.9900,5.8720,4.8701,5.2000,246327
2011-12-02,4.7500,4.9900,4.7300,4.9400,46701
2011-11-25,5.0500,5.1000,4.7300,4.7400,44715
2011-11-18,4.7000,5.2700,4.5570,5.0500,210663
2011-11-11,4.6300,4.7870,4.3500,4.7499,111023
2011-11-04,3.5900,4.8500,3.5800,4.6300,194340
2011-10-28,3.5400,3.8700,3.5400,3.7100,23630
2011-10-21,3.6600,3.7000,3.4400,3.5300,25754
2011-10-14,3.2600,3.7800,3.2600,3.7000,78173
2011-10-07,3.1000,3.4100,2.9300,3.2500,48184
2011-09-30,3.1900,3.4501,3.0500,3.2000,54542
2011-09-23,3.4500,3.6900,3.1000,3.1975,61052
2011-09-16,3.3300,3.5900,3.1300,3.5900,39683
2011-09-09,3.3500,3.5400,3.2900,3.3265,10018
2011-09-02,3.5400,3.7100,3.4000,3.4100,78442
2011-08-26,3.4200,3.5400,3.2500,3.4901,42525
2011-08-19,3.4900,3.6110,3.3700,3.3700,18984
2011-08-12,3.0800,3.5800,3.0000,3.5710,91513
2011-08-05,0.0000,3.2300,0.0000,3.1000,73753
2011-07-29,3.1400,3.2200,3.1000,3.1500,13736
2011-07-22,3.1700,3.2090,3.0900,3.1500,22069
2011-07-15,3.2100,3.5199,3.1000,3.1700,29384
2011-07-08,3.3500,3.5000,3.2100,3.2400,9615
2011-07-01,3.1700,3.4200,3.0900,3.3500,39046
2011-06-24,3.3200,3.3200,0.0000,3.1501,28330
2011-06-17,3.1700,3.4500,3.1100,3.2500,34501
2011-06-10,3.3800,3.5400,3.0910,3.2200,46978
2011-06-03,3.3500,3.4300,3.1400,3.3700,30304
2011-05-27,3.5000,3.5010,3.3201,3.3201,52925
2011-05-20,3.5700,3.6000,3.3100,3.4801,50618
2011-05-13,3.6300,3.7500,3.5600,3.5800,94568
2011-05-06,4.3500,4.5000,3.5200,3.6500,200989
2011-04-29,4.2300,4.3601,4.1624,4.3601,66923
2011-04-21,4.1000,4.2890,4.0400,4.1899,38875
2011-04-15,4.3000,4.4700,4.0100,4.1500,65640
2011-04-08,4.2600,4.4000,4.1700,4.3700,70043
2011-04-01,4.4700,4.5500,4.2890,4.3500,192083
2011-03-25,4.5500,4.5500,4.3900,4.4600,88332
2011-03-18,4.3920,4.5400,4.3090,4.5000,57367
2011-03-11,4.2800,4.5800,4.2800,4.4600,142923
2011-03-04,4.7400,4.7400,4.3500,4.4500,183328
2011-02-25,3.1200,5.0000,3.0800,4.5100,471602
2011-02-18,3.2800,3.3800,3.0510,3.1501,42041
2011-02-11,3.2200,3.4000,3.1900,3.2600,23792
2011-02-04,3.2700,3.4000,3.1300,3.2500,25775
2011-01-28,3.1000,3.2000,3.0500,3.1800,48950
2011-01-21,3.0600,3.7300,3.0499,3.1101,69228
2011-01-14,3.0000,3.0600,2.7800,3.0000,53664
2011-01-07,2.4300,3.0000,2.4000,3.0000,106841
2010-12-31,2.4900,2.5200,2.4100,2.4201,57186
2010-12-23,2.5000,2.6500,2.4100,2.4700,60887
2010-12-17,2.2400,2.6500,2.2400,2.4900,585515
2010-12-10,2.1600,2.3500,2.1500,2.2592,35057
2010-12-03,2.2700,2.3900,2.0700,2.1840,106679
2010-11-26,2.4800,2.5000,2.1100,2.3100,67360
2010-11-19,2.3300,2.6500,2.2100,2.4900,56512
2010-11-12,2.2400,2.4090,2.1001,2.2700,110476
2010-11-05,1.8100,2.3399,1.7700,2.1900,120088
2010-10-29,1.8000,1.8001,1.6500,1.7101,124725
2010-10-22,1.9800,1.9828,1.6300,1.8320,104304
2010-10-15,2.0500,2.1620,1.9500,2.0300,61297
2010-10-08,2.2500,2.3000,2.0500,2.0500,47759
2010-10-01,2.3000,2.4200,2.2200,2.2500,27726
2010-09-24,2.2500,2.4000,2.2100,2.3556,15758
2010-09-17,2.2900,2.5000,2.2000,2.4000,34977
2010-09-10,2.3000,2.3640,2.2600,2.2840,12514
2010-09-03,2.3000,2.3700,2.2500,2.3300,16054
2010-08-27,2.4500,2.4500,2.1100,2.2965,19611
2010-08-20,2.5100,2.5900,2.3100,2.4020,12869
2010-08-13,2.1200,2.5899,2.0100,2.5100,82950
2010-08-06,2.4500,2.4800,2.1000,2.1200,41531
2010-07-30,2.3800,2.5000,2.3800,2.3900,14503
2010-07-23,2.5500,2.5500,2.3500,2.3899,13426
2010-07-16,2.4100,2.5500,2.3500,2.5400,14372
2010-07-09,2.3700,2.4499,0.0000,2.4300,9478
2010-07-02,2.4500,2.5500,2.3500,2.5230,17509
2010-06-25,2.5700,2.6900,2.4001,2.4500,17695
2010-06-18,2.4000,2.7000,2.3600,2.6100,26226
2010-06-11,2.4200,2.7300,2.4000,2.4201,27431
2010-06-04,2.5200,2.7200,2.3500,2.5700,16328
2010-05-28,2.4100,2.5000,2.2500,2.3600,18731
2010-05-21,2.5100,2.5100,2.1800,2.2930,15003
2010-05-14,2.7900,2.7940,2.3310,2.5100,50750
2010-05-07,2.8300,3.0000,2.3800,2.6780,59495
2010-04-30,2.9300,2.9999,2.7800,2.9600,15773
2010-04-23,3.1900,3.2900,2.9600,2.9700,64625
2010-04-16,2.8900,3.3700,2.7800,3.2000,53853
2010-04-09,2.9100,3.1000,2.7100,2.9400,23509
2010-04-01,2.8700,3.0600,2.5900,2.8700,22301
2010-03-26,2.9200,3.2500,2.8501,2.9450,33973
2010-03-19,2.6800,3.2500,2.6700,3.2500,77718
2010-03-12,2.8900,3.1100,2.5100,2.8155,169226
2010-03-05,1.8600,7.0000,1.8600,2.8001,268577
2010-02-26,2.8500,3.0000,2.0005,2.0005,130306
2010-02-19,2.6000,3.0000,2.6000,2.8935,44977
2010-02-12,2.4500,2.7450,2.2500,2.6000,43044
2010-02-05,2.1000,2.9000,1.6200,2.4065,308871
2010-01-29,2.8500,2.9500,2.3000,2.3500,132027
2010-01-22,3.1000,3.2000,2.7010,2.8500,36827
2010-01-15,2.9495,3.2400,2.8050,3.0500,9928
2010-01-08,3.6500,3.6500,2.6000,2.9995,73851
2009-12-31,3.0525,3.7000,3.0000,3.3500,22898
2009-12-24,3.4400,3.9500,3.0575,3.0575,35920
2009-12-18,3.5500,3.7500,3.1000,3.1000,56316
2009-12-11,3.6555,4.0500,3.4500,3.5000,36786
2009-12-04,3.7000,4.0000,3.3500,3.6000,19729
2009-11-27,4.1000,4.4000,3.3500,3.9500,10504
2009-11-20,3.8250,3.9830,3.1500,3.7885,33430
2009-11-13,4.6500,4.6500,3.6000,3.6950,27374
2009-11-06,4.1000,4.6000,3.8500,4.4000,28580
2009-10-30,4.5500,5.2000,4.0500,4.0500,39377
2009-10-23,4.6500,5.0500,4.0500,4.8500,34560
2009-10-16,4.4000,5.2550,4.2500,4.5500,55491
2009-10-09,3.8000,4.7485,3.6500,4.3500,46338
2009-10-02,3.5500,3.9495,3.5450,3.8500,18811
2009-09-25,3.2000,4.0000,3.2000,3.6495,49097
2009-09-18,3.6000,3.9000,3.3500,3.3500,96099
2009-09-11,3.8000,3.9495,3.6000,3.7700,11771
2009-09-04,3.9000,3.9000,3.6000,3.7500,16994
2009-08-28,3.1500,3.9000,3.1500,3.8000,22104
2009-08-21,3.5000,3.6000,3.3495,3.4000,60306
2009-08-14,3.6000,3.6000,3.0000,3.5500,35212
2009-08-07,3.5500,5.0000,3.0000,3.7495,37118
2009-07-31,3.3500,4.9005,2.8500,4.1000,28663
2009-07-24,2.8500,3.7500,2.5345,3.7450,40746
2009-07-17,2.7995,3.0000,2.6000,2.8505,16668
2009-07-10,2.9000,3.1480,2.7000,2.7500,9890
2009-07-02,2.9000,3.0505,2.6000,3.0500,15784
2009-06-26,3.2505,3.2995,2.5530,3.0000,28631
2009-06-19,3.5530,3.5530,3.0000,3.3000,24454
2009-06-12,2.7550,4.0000,2.7550,3.6500,33380
2009-06-05,4.0000,4.0000,2.7500,2.9500,29782
2009-05-29,3.0000,3.4000,3.0000,3.1515,8395
2009-05-22,3.1500,3.4500,2.9000,2.9000,9618
2009-05-15,2.8500,3.3000,2.8000,3.0000,18418
2009-05-08,3.2000,3.6100,2.8000,2.8000,44307
2009-05-01,3.0000,3.4500,2.7500,3.0500,31146
2009-04-24,3.0500,4.3000,2.9000,3.2000,122572
2009-04-17,2.5000,4.2500,2.0000,3.0000,64691
2009-04-09,2.2500,2.4500,1.8360,2.0500,17120
2009-04-03,2.1500,2.4495,1.8000,2.2500,19493
2009-03-27,2.3500,2.4500,1.5550,2.1500,33622
2009-03-20,1.6500,2.5000,1.4005,2.2500,24865
2009-03-13,1.5500,2.0000,1.3000,1.7500,48016
2009-03-06,1.6000,1.8500,1.3500,1.4505,65252
2009-02-27,1.8210,1.9500,1.5505,1.8000,36764
2009-02-20,2.1500,2.1500,1.7500,1.9495,24606
2009-02-13,2.3000,2.3000,2.1000,2.1500,49146
2009-02-06,2.0000,2.4000,1.9500,2.4000,24744
2009-01-30,2.5000,2.6500,1.8505,1.8505,101788
2009-01-23,2.3505,2.7500,2.0000,2.5000,23377
2009-01-16,2.2500,2.7500,1.8505,2.4000,29231
2009-01-09,2.3000,2.6495,2.2000,2.2875,14020
2009-01-02,2.0500,3.2000,1.8000,2.2600,61491
2008-12-26,2.3500,2.3500,1.7500,2.1995,34757
2008-12-19,2.3000,2.5000,1.6000,1.8000,21673
2008-12-12,2.6495,2.7000,2.2000,2.3000,19466
2008-12-05,2.3500,2.7500,2.1000,2.4500,18325
2008-11-28,2.4475,2.8500,2.2500,2.4500,17138
2008-11-21,2.5000,2.7995,1.9000,2.2000,34376
2008-11-14,3.1000,3.1500,2.4500,2.5500,19796
2008-11-07,3.1550,4.0000,2.8000,3.1000,26839
2008-10-31,3.2500,5.0500,2.8000,4.3040,54638
2008-10-24,3.4005,3.9500,2.9100,3.2500,30517
2008-10-17,3.2000,4.2500,2.4440,3.6000,34358
2008-10-10,5.4000,5.4500,2.7500,4.0000,62729
2008-10-03,5.4500,7.5000,5.2000,5.6000,21689
2008-09-26,6.2000,6.2500,5.0000,5.9500,15412
2008-09-19,6.2500,6.4000,5.9000,6.3500,17165
2008-09-12,6.5000,6.9000,6.2500,6.5000,20875
2008-09-05,6.2000,7.1000,6.2000,6.6500,10136
2008-08-29,6.2000,7.5000,6.0500,6.2000,19608
2008-08-22,6.5000,6.7500,6.3000,6.3000,11243
2008-08-15,7.0000,7.2000,6.3000,6.7500,15301
2008-08-08,7.6000,7.6005,6.6000,6.9000,12852
2008-08-01,6.6000,8.2000,6.5000,8.0500,47068
2008-07-25,6.6500,7.2500,6.5000,6.7500,41691
2008-07-18,6.8500,7.1500,6.5500,6.9500,31923
2008-07-11,7.0500,7.5000,6.8000,6.8500,18041
2008-07-03,6.4000,7.3500,5.7740,6.8000,22993
2008-06-27,7.5500,7.8500,6.5000,6.7500,38710
2008-06-20,7.6500,8.0000,7.2005,7.8500,11134
2008-06-13,8.2500,8.3500,7.5500,7.7500,11662
2008-06-06,8.6500,8.8000,8.2500,8.3500,31957
2008-05-30,8.2500,9.0000,8.2500,8.7500,45606
2008-05-23,8.0500,8.2500,7.5500,8.2000,19301
2008-05-16,7.5000,8.2500,7.5000,8.1500,22046
2008-05-09,8.0500,8.0500,7.3500,7.6500,17839
2008-05-02,7.3000,8.2000,7.3000,8.2000,45931
2008-04-25,7.1500,7.8500,7.1000,7.3500,29434
2008-04-18,7.6500,8.0175,7.0500,7.1500,27959
2008-04-11,7.8005,7.9500,7.5000,7.7500,28838
2008-04-04,8.0000,8.6000,7.5500,7.9000,40353
2008-03-28,6.5150,8.5000,6.4000,7.7500,63721
2008-03-20,6.8300,6.9000,6.4000,6.5000,11410
2008-03-14,6.7500,7.0000,6.4000,6.8000,39116
2008-03-07,6.5500,7.2000,6.4500,6.7500,54585
2008-02-29,6.6000,6.7500,6.4000,6.7000,12171
2008-02-22,6.5500,6.9000,6.5000,6.6000,6266
2008-02-15,6.3500,6.9000,6.3000,6.7500,12735
2008-02-08,6.6500,7.5000,6.3000,6.3500,33513
2008-02-01,6.7500,7.0000,6.2500,6.7500,19880
2008-01-25,5.9500,6.9500,5.4000,6.9000,84405
2008-01-18,6.4000,6.6500,6.1000,6.2495,68741
2008-01-11,7.4500,7.5000,6.4000,6.4000,52973
2008-01-04,7.0000,8.0000,6.1000,7.4500,50427
2007-12-28,6.1500,6.9500,6.1500,6.9500,79340
2007-12-21,6.4500,6.4500,5.7500,6.1000,63981
2007-12-14,6.3250,6.9000,6.2500,6.4500,33659
2007-12-07,6.4300,6.8000,5.8500,6.8000,63326
2007-11-30,6.9000,7.0000,5.2500,6.5500,60108
2007-11-23,7.8500,8.0000,7.1000,7.5500,58568
2007-11-16,8.4500,8.5500,7.8000,8.0000,25791
2007-11-09,8.7500,8.7500,7.8500,8.2500,36344
2007-11-02,8.7000,8.7500,8.2500,8.6500,26747
2007-10-26,8.7000,8.7500,8.0505,8.7500,24852
2007-10-19,8.0500,8.7000,7.7500,8.7000,39352
2007-10-12,8.2505,8.5000,7.8500,8.1000,16293
2007-10-05,7.6500,8.5000,7.5000,8.2800,27901
2007-09-28,8.0400,8.3000,7.6000,7.6000,47043
2007-09-21,8.0500,8.2500,7.8005,8.1500,12017
2007-09-14,8.1000,8.5000,7.8500,8.1500,35945
2007-09-07,8.1500,8.5500,8.1000,8.1450,10775
2007-08-31,8.4000,8.7500,8.0000,8.3500,25666
2007-08-24,8.1500,8.5500,7.8000,8.5000,45924
2007-08-17,8.6000,9.1500,7.5000,8.1500,41681
2007-08-10,9.0000,9.1000,8.0000,8.2000,36268
2007-08-03,8.1500,9.5500,8.0500,9.1500,84952
2007-07-27,8.3000,8.8000,8.0000,8.0500,51465
2007-07-20,8.3500,8.6000,8.1500,8.6000,17534
2007-07-13,8.6500,8.8000,8.3000,8.5500,32512
2007-07-06,8.6500,9.1000,8.3000,8.7500,43604
2007-06-29,8.1500,8.6500,7.7500,8.6500,12319
2007-06-22,8.1000,8.4500,8.1000,8.3500,21171
2007-06-15,8.8500,8.9500,8.0000,8.1000,33227
2007-06-08,9.4500,9.4500,8.6000,8.7500,30162
2007-06-01,9.5000,9.6000,9.1000,9.3500,18911
2007-05-25,9.1500,9.5000,9.0500,9.5000,38758
2007-05-18,9.0500,9.2000,8.9500,9.1000,22304
2007-05-11,9.1000,9.3000,9.0000,9.1500,14795
2007-05-04,9.0500,9.3500,9.0500,9.3500,28631
2007-04-27,9.1750,9.3500,9.0000,9.2500,44639
2007-04-20,9.2000,9.6000,9.1000,9.3000,19178
2007-04-13,9.4000,9.5000,9.0500,9.4000,31043
2007-04-05,9.1500,9.8000,9.1000,9.4000,23207
2007-03-30,9.0150,9.7500,9.0000,9.7500,46304
2007-03-23,9.2000,9.2000,8.9000,9.0500,84747
2007-03-16,8.8000,9.2500,8.7500,9.1000,34429
2007-03-09,8.7000,9.0000,8.5500,8.9000,85752
2007-03-02,8.9000,9.1000,8.6000,8.6000,85179
2007-02-23,9.5995,9.5995,8.8500,9.0500,26778
2007-02-16,9.2000,9.9500,9.0000,9.8500,37364
2007-02-09,9.5500,9.9500,9.2500,9.3000,22477
2007-02-02,8.8500,9.7500,8.7505,9.7000,30983
2007-01-26,8.8500,9.2500,8.7500,8.9500,15921
2007-01-19,9.3500,9.4500,8.6500,9.0500,25204
2007-01-12,9.4500,9.7000,8.9000,9.2500,29574
2007-01-05,9.3000,9.7500,9.2000,9.7500,31746
2006-12-29,9.4500,9.7000,8.9000,9.3500,73287
2006-12-22,9.0000,9.9000,8.9000,9.5000,62596
2006-12-15,8.9500,9.3500,8.4500,9.0000,50828
2006-12-08,9.4000,9.4000,8.4500,8.9000,119294
2006-12-01,9.7000,9.8500,8.8000,8.8500,56758
2006-11-24,9.3000,9.9500,9.1500,9.7500,28532
2006-11-17,9.2000,9.7500,8.8500,9.4000,51702
2006-11-10,9.9000,9.9000,8.7500,9.3000,73457
2006-11-03,9.3500,10.3000,8.8500,9.6500,38854
2006-10-27,10.2500,10.2500,8.4500,9.2000,140002
2006-10-20,10.5500,10.5500,9.6000,9.9500,71529
2006-10-13,10.0000,10.8000,9.8500,10.8000,29662
2006-10-06,10.4500,11.3000,10.0000,10.0500,70029
2006-09-29,10.5500,11.2500,10.5000,10.5500,123346
2006-09-22,10.8000,12.3500,10.0000,10.6000,102173
2006-09-15,10.3000,11.1000,10.3000,10.9500,23363
2006-09-08,10.4500,11.0000,10.0000,10.3000,20937
2006-09-01,9.1000,11.2500,9.1000,10.9500,54971
2006-08-25,9.3000,9.9500,8.9500,9.2000,46329
2006-08-18,9.3500,10.4500,9.0000,9.5000,70254
2006-08-11,10.4000,10.4500,8.9500,9.3500,26097
2006-08-04,10.7500,11.2000,10.3000,10.4500,33370
2006-07-28,11.5000,11.7500,10.3500,10.7500,35119
2006-07-21,10.2500,11.8000,10.2500,11.7000,42919
2006-07-14,11.7000,11.9500,10.2500,10.3500,15993
2006-07-07,10.2000,11.2500,10.1500,11.2500,28894
2006-06-30,10.5000,10.9500,10.0000,10.0000,24019
2006-06-23,10.5500,11.0000,10.5000,10.7000,20444
2006-06-16,11.9000,13.0000,9.9500,10.8000,41893
2006-06-09,12.8500,13.0000,11.9000,12.0500,18755
2006-06-02,12.0500,13.1500,11.5500,13.0000,38075
2006-05-26,11.9500,12.8500,11.7000,12.0500,24688
2006-05-19,12.5000,12.9000,11.6000,12.8500,12683
2006-05-12,13.5000,13.5000,12.0000,12.7500,21966
2006-05-05,13.7000,13.9000,13.0000,13.6500,35809
2006-04-28,14.2500,14.3000,13.0000,14.0000,24756
2006-04-21,12.7500,14.3500,12.7500,14.3000,16997
2006-04-13,13.2500,13.5000,12.7500,12.8000,17494
2006-04-07,14.1500,14.1500,13.1500,13.6500,40970
2006-03-31,12.9000,14.0500,12.9000,13.9500,33899
2006-03-24,13.6000,13.6000,12.6500,13.5000,32212
2006-03-17,14.1500,14.1500,12.9500,13.4000,33807
2006-03-10,12.9000,13.5500,12.6000,13.4000,33184
2006-03-03,14.0000,14.0000,12.7500,12.9500,51257
2006-02-24,13.5500,14.1500,12.5500,13.0000,29526
2006-02-17,13.1500,13.8000,12.6000,13.7000,20946
2006-02-10,14.1000,14.6500,13.1500,13.2500,29129
2006-02-03,13.7500,14.9500,13.6000,13.9000,39895
2006-01-27,13.1000,14.6000,12.7500,13.5500,37494
2006-01-20,12.4000,15.0000,12.2500,13.2500,38709
2006-01-13,12.3000,12.6000,12.1000,12.2500,41828
2006-01-06,12.0000,12.2000,11.8500,12.0950,16827
2005-12-30,11.8000,12.5000,11.2000,12.0000,44077
2005-12-23,11.7000,13.0500,11.7000,11.9500,99000
2005-12-16,12.5000,12.5000,11.2500,11.8500,65494
2005-12-09,13.1000,13.1000,11.7500,12.1000,56549
2005-12-02,12.3000,12.9500,11.5500,12.2500,141537
2005-11-25,12.5500,12.8000,11.7500,12.3000,26113
2005-11-18,13.3000,13.5000,12.5500,12.8000,64993
2005-11-11,12.8050,13.7000,12.6000,13.6000,80104
2005-11-04,12.2500,13.6500,11.8500,13.0000,91155
2005-10-28,12.3500,12.6500,11.8500,12.2500,27435
2005-10-21,12.2200,12.7500,11.6000,12.2950,374650
2005-10-14,12.1000,12.5500,11.6500,12.1000,41608
2005-10-07,13.1500,13.6500,11.5000,12.1000,71636
2005-09-30,14.0000,14.0500,12.8500,13.2500,199068
2005-09-23,15.0000,15.2500,13.3000,13.8500,59036
2005-09-16,16.1000,16.3000,14.4500,14.6500,152933
2005-09-09,15.4000,16.6500,15.3000,16.1000,116620
2005-09-02,18.2000,19.0000,14.2500,15.3000,186710
2005-08-26,18.5000,18.5000,17.0500,18.0000,36905
2005-08-19,18.4000,18.9500,17.5500,18.7500,16940
2005-08-12,19.0500,19.2500,18.0000,18.6500,24025
2005-08-05,19.2500,19.4000,17.6000,19.2000,28211
2005-07-29,19.5000,19.8000,18.0000,19.0500,226027
2005-07-22,18.6000,20.0000,17.9000,19.7000,95803
2005-07-15,17.4500,19.2500,16.9000,18.9500,53022
2005-07-08,17.1500,18.2500,16.8000,17.2500,26434
2005-07-01,17.5500,18.4500,15.9000,17.0500,23216
2005-06-24,19.2000,19.2500,17.0500,17.3000,54700
2005-06-17,17.0000,19.5500,17.0000,19.0000,62385
2005-06-10,16.4500,17.7000,16.1000,17.4500,65580
2005-06-03,15.6000,17.4500,15.5000,17.2000,21908
2005-05-27,15.4500,16.6000,15.2000,16.0000,30304
2005-05-20,14.9000,16.9000,14.7500,15.9500,54473
2005-05-13,16.4000,16.8000,14.9000,15.1000,85201
2005-05-06,16.7500,18.6500,16.0000,16.6500,41604
2005-04-29,15.1000,17.2000,15.1000,17.2000,62515
2005-04-22,17.0500,17.5000,13.7500,15.3500,79090
2005-04-15,18.3500,18.8000,15.7500,17.2500,117772
2005-04-08,18.3000,18.6500,17.5000,18.3000,23598
2005-04-01,18.1000,18.9000,17.1500,18.7500,23628
2005-03-24,17.5000,18.9500,16.8000,18.5500,29353
2005-03-18,17.2000,18.2000,17.0000,18.1000,35013
2005-03-11,19.0000,19.4500,17.0000,17.1500,43278
2005-03-04,19.8500,20.0000,18.5000,18.8000,40749
2005-02-25,19.2000,19.7500,18.5500,19.2500,32471
2005-02-18,19.1500,19.5000,18.8000,18.8500,31691
2005-02-11,17.7500,19.2500,17.2500,19.1500,28646
2005-02-04,18.7000,19.0000,17.7000,18.0600,28009
2005-01-28,17.8000,19.5000,17.5500,18.2500,28060
2005-01-21,17.8000,18.8500,17.6000,18.0500,12326
2005-01-14,17.6500,19.2000,16.6500,18.3500,34826
2005-01-07,20.0000,20.5000,17.9000,18.1000,48837
2004-12-31,17.3000,20.2500,17.0000,20.0000,54924
2004-12-23,16.3000,17.9000,16.0000,17.3000,46137
2004-12-17,16.1000,17.9500,16.0000,17.3000,50269
2004-12-10,17.7500,17.7500,16.0000,16.9000,35952
2004-12-03,17.5000,18.9500,16.0500,17.4000,124076
2004-11-26,18.1500,19.2000,17.5000,18.3000,41070
2004-11-19,18.0000,18.9500,17.9000,18.1500,42156
2004-11-12,18.0500,19.3500,17.0000,18.4000,36498
2004-11-05,18.0000,20.5000,17.5000,18.6500,58291
2004-10-29,18.7500,19.4000,17.5500,18.0500,46510
2004-10-22,18.6500,20.1000,18.3000,19.0000,32377
2004-10-15,20.9500,20.9500,17.3000,18.3500,56082
2004-10-08,19.6500,21.3000,18.1500,20.7500,87364
2004-10-01,18.6500,23.1500,17.5500,18.9000,287711
2004-09-24,16.8500,18.4000,16.7000,18.2500,70176
2004-09-17,15.5000,16.9500,15.0000,16.8500,60866
2004-09-10,15.4000,15.4000,14.5000,15.2000,25395
2004-09-03,14.5000,15.6000,14.5000,15.0500,21569
2004-08-27,14.7500,14.9500,14.0500,14.7500,12063
2004-08-20,14.0500,14.9000,14.0500,14.1500,25791
2004-08-13,15.6500,16.2500,14.1500,14.4000,20398
2004-08-06,15.2500,16.3000,15.0000,15.8000,41723
2004-07-30,16.7500,16.7500,15.5000,15.9000,23172
2004-07-23,15.1000,16.7500,15.1000,16.1500,33533
2004-07-16,15.0000,15.9500,14.8500,15.6050,17224
2004-07-09,15.7500,15.8500,15.0000,15.1000,18212
2004-07-02,15.0000,15.8000,14.5000,15.7000,38794
2004-06-25,13.4000,15.2500,13.4000,15.0500,33576
2004-06-18,14.8000,15.0000,13.8000,13.9450,41545
2004-06-10,14.9500,15.5000,14.4500,14.8000,12679
2004-06-04,14.9500,15.4500,14.4500,15.0000,41656
2004-05-28,14.3500,15.5000,13.5000,14.9500,62852
2004-05-21,14.5000,14.8500,14.0500,14.3500,17394
2004-05-14,15.0000,15.2500,14.2500,15.0500,61576
2004-05-07,14.2500,15.2500,14.1000,14.9050,44816
2004-04-30,15.0000,15.5500,14.1500,14.5000,69236
2004-04-23,14.4000,15.9000,14.1500,15.0000,41307
2004-04-16,14.7500,17.5000,14.1000,14.2500,223596
2004-04-08,15.2500,15.7500,14.2500,14.3000,76724
2004-04-02,15.0000,15.2500,14.0000,15.2500,39095
2004-03-26,14.4500,14.7500,13.7500,14.4000,35008
2004-03-19,15.6500,15.7500,13.5500,14.7000,69714
2004-03-12,16.5000,16.5000,14.6000,14.6000,70602
2004-03-05,14.6500,16.2500,14.6000,15.7000,50809
2004-02-27,16.0000,16.8000,14.9000,15.1000,48383
2004-02-20,16.3500,16.9000,15.3000,15.7000,55415
2004-02-13,16.0500,16.5000,15.2000,15.5000,118543
2004-02-06,15.0000,16.0000,14.2500,15.1950,106444
2004-01-30,15.6000,16.6000,14.4500,14.9000,213286
2004-01-23,16.4500,17.9500,15.5000,16.2500,157219
2004-01-16,16.9500,17.0000,16.0000,16.0500,96488
2004-01-09,16.3000,17.1500,15.8000,16.6500,100547
2004-01-02,14.6000,18.5000,14.2500,15.9000,293757
2003-12-26,14.7500,15.0000,14.5550,14.9000,47979
2003-12-19,15.9500,15.9500,14.1000,14.8500,52554
2003-12-12,15.6000,17.0000,12.7500,15.2500,71393
2003-12-05,15.7000,16.9500,15.2500,16.2000,64360
2003-11-28,15.2000,16.0000,14.2500,15.4500,100953
2003-11-21,16.2500,16.4000,14.0000,14.7000,159222
2003-11-14,14.5000,17.7500,14.2500,16.3500,403472
2003-11-07,14.2500,14.9000,13.7500,14.5000,67410
2003-10-31,12.5000,15.0000,12.3000,14.4500,105162
2003-10-24,13.7500,14.9000,12.4000,12.4000,44713
2003-10-17,12.0000,14.2500,12.0000,13.8500,23363
2003-10-10,11.9500,13.0500,11.9000,12.3500,24134
2003-10-03,12.2000,13.0000,10.5000,12.5000,33744
2003-09-26,13.5500,14.2500,12.8000,13.3050,12029
2003-09-19,12.7500,14.8000,12.6000,14.8000,17900
2003-09-12,13.4550,14.2500,12.4000,13.4500,24086
2003-09-05,13.6000,14.7500,13.0500,13.4000,32380
2003-08-29,13.3000,14.7500,13.0000,14.7500,13478
2003-08-22,12.7500,15.0000,12.7500,13.9000,24470
2003-08-15,14.0000,14.0000,11.6500,13.0000,23681
2003-08-08,15.2500,15.5000,13.2500,14.3050,35130
2003-08-01,13.7500,15.7500,13.0000,15.0000,72816
2003-07-25,12.2500,15.0000,12.1500,14.5000,61651
2003-07-18,11.2500,15.6500,11.2500,12.5000,126170
2003-07-11,12.0500,12.5500,10.5500,12.5000,60560
2003-07-03,12.0000,13.3000,10.9500,12.1500,40310
2003-06-27,11.1500,12.7000,10.4500,12.2500,82160
2003-06-20,10.7500,11.2000,10.5000,11.2000,77700
2003-06-13,10.7500,10.8500,9.9000,10.7500,72700
2003-06-06,11.2500,12.2500,10.0000,10.0000,40021
2003-05-30,11.0000,11.3000,9.5500,10.8500,40300
2003-05-23,10.2500,11.4000,9.3500,10.2500,16480
2003-05-16,10.3000,10.7500,9.7000,10.3500,29700
2003-05-09,9.7000,10.2500,9.2000,10.0000,28547
2003-05-02,9.0000,10.5000,8.4000,9.4050,77000
2003-04-25,7.2000,8.9500,7.2000,8.9500,28060
2003-04-17,6.3000,7.6500,6.2500,7.4000,100112
2003-04-11,7.6500,7.7000,6.7500,6.8500,18380
2003-04-04,7.5000,7.5500,6.6500,7.1500,53920
2003-03-28,7.4000,8.2500,7.1000,7.5500,16480
2003-03-21,7.2000,8.0000,7.0000,7.5150,58602
2003-03-14,7.0000,7.9500,6.8500,7.0000,12063
2003-03-07,7.4000,8.5500,7.0000,7.8500,63202
2003-02-28,7.6500,7.6500,6.7500,7.5000,22791
2003-02-21,6.6000,7.8000,6.6000,7.6500,100478
2003-02-14,9.2500,9.6000,5.7500,6.6000,532671
2003-02-07,9.9000,10.4500,8.9000,9.0450,15093
2003-01-31,10.7500,10.7500,8.3500,9.6000,51621
2003-01-24,10.3500,10.3500,8.2500,10.3000,19573
2003-01-17,10.3500,10.6000,9.0000,9.4500,52663
2003-01-10,10.1000,10.7500,9.8500,10.4000,24060
2003-01-03,9.2500,10.7000,9.2000,10.0000,65704
2002-12-27,10.0000,10.7000,9.1000,9.8000,24274
2002-12-20,10.4500,11.2500,10.0000,10.1000,43292
2002-12-13,10.4500,10.7500,9.7500,10.3000,335326
2002-12-06,11.8500,11.8500,10.0000,10.2500,49125
2002-11-29,10.0500,12.2000,9.7500,10.8500,79947
2002-11-22,8.8000,10.7500,8.6000,10.0000,209038
2002-11-15,8.8500,9.5000,7.0000,9.1500,30904
2002-11-08,8.6500,10.2500,7.7500,8.7000,36300
2002-11-01,8.7500,9.6000,7.9950,9.3000,56700
2002-10-25,8.8500,9.0500,7.4500,8.7500,37455
2002-10-18,8.9000,9.1500,6.3500,8.8500,127445
2002-10-11,13.9000,13.9000,7.7500,8.1000,47311
2002-10-04,12.8550,14.5000,12.5000,13.9500,16320
2002-09-27,13.6050,15.2000,12.5500,12.8500,12840
2002-09-20,15.6500,15.8950,12.5000,14.5050,24732
2002-09-13,14.6250,15.5000,13.9000,14.5000,36980
2002-09-06,14.2500,15.2500,13.8000,14.0550,14620
2002-08-30,15.8500,15.8500,13.3000,14.9500,20240
2002-08-23,16.7500,16.7500,13.9000,13.9500,15620
2002-08-16,16.1500,17.5000,14.6500,15.7500,11160
2002-08-09,15.5000,17.4500,14.2500,16.7000,17520
2002-08-02,16.7000,19.0000,15.0500,15.5000,20764
2002-07-26,15.8250,16.6450,13.7500,16.2000,18600
2002-07-19,18.7500,20.2500,15.2500,15.8000,25120
2002-07-12,20.0000,20.7000,16.8500,19.8000,34120
2002-07-05,21.2500,22.2500,19.7500,20.0000,15780
2002-06-28,20.1650,21.2500,19.7500,21.2500,30700
2002-06-21,17.5000,20.5000,15.8500,20.5000,53980
2002-06-14,20.4000,20.7000,16.4000,16.7550,40540
2002-06-07,22.3000,23.9000,18.3000,19.9500,57080
2002-05-31,24.7500,24.7500,22.5500,24.3500,25460
2002-05-24,24.9500,25.2500,23.7500,25.2000,62640
2002-05-17,25.0000,25.5000,24.9500,24.9500,22420
2002-05-10,25.0500,25.7000,24.0000,25.2500,36260
2002-05-03,25.6500,26.5000,24.0000,25.5000,141340
2002-04-26,22.0000,25.5000,21.2500,25.0500,94020
2002-04-19,22.0000,23.7000,19.6500,22.5000,73540
2002-04-12,20.2500,22.0000,19.2000,22.0000,225060
2002-04-05,20.0000,21.7500,19.1500,21.0000,36740
2002-03-28,19.7500,20.2500,19.0000,20.0000,183060
2002-03-22,20.4000,20.5000,19.5000,19.6000,41600
2002-03-15,21.3000,21.7500,19.4000,19.7000,37160
2002-03-08,22.0000,22.7500,20.0000,21.6500,87860
2002-03-01,16.9600,21.9000,16.8000,21.9000,68580
2002-02-22,19.4500,19.4500,16.2500,17.7500,19320
2002-02-15,19.6500,20.4500,18.7500,18.8500,53900
2002-02-08,19.9000,20.5000,17.6500,20.2500,88840
2002-02-01,20.2500,20.7500,19.7500,19.9000,44280
2002-01-25,21.2100,21.9500,19.1500,20.4000,38560
2002-01-18,22.5000,22.5000,20.8000,21.2000,22760
2002-01-11,22.6000,24.7500,21.6500,22.0000,16260
2002-01-04,20.2500,24.7500,19.8500,23.0000,61300
2001-12-28,20.6000,21.3500,19.3500,20.0000,57300
2001-12-21,20.0050,21.2500,18.5500,21.2000,59460
2001-12-14,21.4500,21.7500,19.8500,20.4500,38940
2001-12-07,18.5000,21.6000,18.2500,21.6000,50720
2001-11-30,15.0000,18.5000,14.0500,18.5000,65940
2001-11-23,15.5000,16.4000,14.9000,15.2500,27740
2001-11-16,17.6000,18.2500,14.9000,15.2500,35080
2001-11-09,13.3000,18.7500,13.0000,18.2000,104780
2001-11-02,13.8500,14.0000,12.1500,13.7000,52720
2001-10-26,12.5500,14.2500,12.5000,13.4000,26800
2001-10-19,13.5000,15.5000,12.4500,12.5000,79220
2001-10-12,14.1250,14.4500,12.5000,13.1500,215660
2001-10-05,14.6500,15.9500,13.3000,14.7450,197100
2001-09-28,15.8500,16.7000,13.8550,15.5450,91940
2001-09-21,23.7500,24.7950,15.5000,17.1000,67780
2001-09-10,23.7500,24.8500,23.7500,24.6950,31980
2001-09-07,25.2000,25.2500,23.7500,24.7500,40880
2001-08-31,25.0000,25.2550,24.1000,25.2550,97280
2001-08-24,23.0000,25.7050,23.0000,25.0000,39680
2001-08-17,25.2550,25.9450,22.5000,23.2000,50760
2001-08-10,25.1950,25.9000,24.5000,25.5000,33400
2001-08-03,23.6500,25.8500,23.4450,25.8500,65660
2001-07-27,27.2500,27.3000,22.5000,23.6500,73660
2001-07-20,24.9000,27.5000,23.0500,26.6500,101300
2001-07-13,24.9500,25.2500,22.5000,23.7500,85740
2001-07-06,22.8050,25.6000,22.0000,24.0000,100840
2001-06-29,22.0000,24.8000,20.3500,22.3000,232520
2001-06-22,24.6500,24.6500,21.5000,23.9450,75120
2001-06-15,22.5000,24.2000,21.2500,24.2000,90820
2001-06-08,26.1000,26.9000,22.4000,22.9500,124460
2001-06-01,27.9500,28.7500,25.8000,27.6950,31080
2001-05-25,34.0500,34.2500,25.0000,28.0000,55360
2001-05-18,30.5000,35.0000,30.5000,34.5000,148660
2001-05-11,28.6000,31.6500,27.5000,31.0000,63880
2001-05-04,29.8000,30.0000,26.0000,28.7000,61900
2001-04-27,25.7050,29.8500,25.7050,27.7500,74380
2001-04-20,29.5500,29.7500,25.1000,27.1000,68200
2001-04-12,26.2200,28.1500,25.2500,27.9500,65840
2001-04-06,25.4500,26.5650,19.0650,26.5650,87040
2001-03-30,28.1250,28.7500,22.5000,25.9400,79760
2001-03-23,29.5300,30.9400,18.7500,27.5000,78200
2001-03-16,32.6500,34.6900,29.5300,30.0000,72820
2001-03-09,35.6250,37.6550,33.4400,35.0000,140120
2001-03-02,33.4400,37.1900,28.1250,36.2500,93240
2001-02-23,34.0650,35.9400,30.1550,33.4400,63260
2001-02-16,32.1900,37.1900,30.6250,34.0650,62000
2001-02-09,34.3750,35.6250,31.3300,34.0650,49020
2001-02-02,36.1000,39.3750,33.7500,35.7800,87000
2001-01-26,31.2500,36.8750,30.0000,35.6250,94460
2001-01-19,28.7500,34.5300,28.4400,32.1900,101420
2001-01-12,20.6500,28.7500,20.0000,28.7500,169760
2001-01-05,18.7500,20.6250,18.1250,20.6250,87120
2000-12-29,17.2000,20.9400,16.8750,19.0650,185560
2000-12-22,20.0000,21.5650,15.3150,17.1900,269440
2000-12-15,22.8000,24.0650,18.7500,20.1550,194900
2000-12-08,25.4500,26.5650,23.1250,25.0000,93180
2000-12-01,24.0500,26.2500,20.0000,25.6250,233200
2000-11-24,24.8500,25.0000,23.1250,24.0650,68600
2000-11-17,25.4500,26.2500,22.8150,25.1550,217880
2000-11-10,27.5000,31.2500,25.0000,25.9400,233880
2000-11-03,28.7500,31.8750,27.5000,27.5000,167080
2000-10-27,31.4000,32.5000,27.5000,29.3750,122260
2000-10-20,31.2500,33.7500,30.0000,31.2500,45340
2000-10-13,30.4500,35.0000,29.6900,31.2500,124680
2000-10-06,35.4500,35.6250,30.0000,30.0000,73580
2000-09-29,34.4000,37.5000,34.3750,36.0950,137660
2000-09-22,37.2000,38.4400,33.7500,34.3750,138600
2000-09-15,39.3750,40.6250,37.1900,37.5000,82600
2000-09-08,40.4500,40.7800,35.9400,39.0650,136380
2000-09-01,42.5000,43.7500,39.3750,40.6250,74860
2000-08-25,44.3750,44.3750,39.3750,43.7500,86880
2000-08-18,44.6900,45.0000,43.1250,44.0650,59960
2000-08-11,44.8500,45.0000,43.7500,44.6900,137180
2000-08-04,43.1500,46.2500,40.6250,43.7500,64500
2000-07-28,45.6000,46.8750,42.8150,44.0650,87120
2000-07-21,44.4000,48.1250,43.7500,45.6250,85220
2000-07-14,48.4500,50.0000,43.1250,46.2500,64120
2000-07-07,45.9500,50.0000,45.0000,47.5000,43740
2000-06-30,51.9000,52.5000,45.9400,46.5650,124320
2000-06-23,42.5000,52.5000,41.5650,52.5000,90840
2000-06-16,40.0000,42.8150,38.7500,42.5000,248220
2000-06-09,43.3000,44.3750,39.0650,41.0950,148080
2000-06-02,43.3000,45.0000,40.3150,43.7500,124840
2000-05-26,48.1500,49.3750,41.2500,43.4400,88380
2000-05-19,51.9000,52.8150,46.8750,48.1250,95460
2000-05-12,52.2000,54.3750,50.0000,51.8750,120140
2000-05-05,55.0000,55.6250,49.6900,52.5000,135100
2000-04-28,53.7500,60.6250,50.6250,55.6250,63080
2000-04-20,47.8000,64.6900,47.5000,55.6250,186080
2000-04-14,46.2500,55.6250,46.2500,49.0650,201940
2000-04-07,49.0500,50.0000,44.3750,46.5650,365380
2000-03-31,50.0000,51.2500,46.8750,49.3750,211660
2000-03-24,53.1500,54.3750,46.8750,47.5000,113840
2000-03-17,54.4000,57.5000,50.9400,53.7500,123640
2000-03-10,63.7500,64.3750,54.0650,55.0000,96120
2000-03-03,68.1500,68.7500,60.0000,64.0650,97620
2000-02-25,73.7500,74.3750,68.1250,68.1250,36900
2000-02-18,64.4000,77.5000,63.1250,76.2500,98440
2000-02-11,66.2500,67.5000,62.5000,65.0000,84140
2000-02-04,66.5500,71.8750,61.8750,67.5000,50220
2000-01-28,66.2500,72.5000,66.2500,66.8750,88220
2000-01-21,59.7000,68.7500,56.8750,66.5650,120200
2000-01-14,62.5000,64.3750,57.5000,59.0650,67100
