timestamp,open,high,low,close,volume
2013-04-05,13.6500,13.6500,13.2200,13.5100,20104
2013-03-28,13.3600,13.6500,13.3600,13.6500,21325
2013-03-22,13.4100,13.4100,13.1800,13.3000,10571
2013-03-15,13.1800,13.4200,13.1100,13.4100,2221
2013-03-08,13.0800,13.3000,13.0300,13.1700,4366
2013-03-01,13.2300,13.2300,12.8300,13.0200,3952
2013-02-22,13.4900,13.4900,13.0500,13.1600,20458
2013-02-15,13.2800,13.6150,13.2600,13.4900,16647
2013-02-08,13.0600,13.3000,13.0200,13.3000,86760
2013-02-01,12.7500,13.3000,12.0000,13.3000,67835
2013-01-25,12.5500,12.9500,12.3600,12.8500,29321
2013-01-18,12.2400,12.5800,12.2400,12.5500,9270
2013-01-11,12.4000,12.5800,11.3700,12.1800,18930
2013-01-04,11.7000,12.8500,11.7000,12.7100,41042
2012-12-28,12.0000,12.2000,11.5300,11.7000,22462
2012-12-21,11.8900,12.3100,11.8800,12.0500,52964
2012-12-14,11.8900,11.8900,11.6500,11.7800,17321
2012-12-07,11.9000,12.1275,11.8500,12.0700,24092
2012-11-30,11.9600,12.1200,11.6000,11.9600,49574
2012-11-23,11.9300,12.1000,11.7300,11.9600,40203
2012-11-16,11.8500,11.9100,11.4500,11.8000,24116
2012-11-09,11.7500,12.0800,11.5000,11.7900,54779
2012-11-02,11.7300,12.0000,11.7000,11.7500,22875
2012-10-26,8.0500,11.9800,7.4952,11.7300,226338
2012-10-19,7.4500,8.1000,7.4500,8.1000,1775
2012-10-12,7.9500,7.9500,7.4500,7.4500,7545
2012-10-05,7.0500,8.2500,7.0500,8.1900,2214
2012-09-28,7.1600,7.4800,7.0500,7.0500,10986
2012-09-21,6.9500,7.1600,6.9500,7.1600,1100
2012-09-14,7.1500,7.1500,6.9500,6.9500,1371
2012-09-07,7.1000,7.1400,7.1000,7.1400,227
2012-08-31,7.0900,7.1000,7.0900,7.1000,473
2012-08-24,6.9500,7.1500,6.9500,7.1500,8800
2012-08-17,7.1200,7.1200,6.9500,6.9500,6007
2012-08-10,7.2000,7.2000,7.0200,7.1200,3414
2012-08-03,7.0700,7.2000,6.9500,7.0000,3646
2012-07-27,7.0000,7.2000,6.9516,7.1500,11175
2012-07-20,7.2000,7.2000,6.9000,7.0000,15825
2012-07-13,7.0100,7.1700,6.9000,6.9005,17000
2012-07-06,6.8300,6.9000,6.8300,6.9000,420
2012-06-29,6.9800,7.4500,6.2500,6.8000,25904
2012-06-22,7.1000,7.1500,6.9300,6.9300,2569
2012-06-15,6.3100,7.1400,6.3100,7.1400,35810
2012-06-08,6.2500,6.3000,6.2500,6.2700,12019
2012-06-01,6.8799,6.8800,6.2500,6.2600,9911
2012-05-25,6.8800,6.8900,6.2508,6.8799,8729
2012-05-18,6.3500,6.9899,6.2500,6.4000,7323
2012-05-11,6.2501,6.9900,6.2501,6.7007,3904
2012-05-04,6.4100,7.5900,6.4100,6.5900,9014
2012-04-27,5.9900,6.1000,5.5800,6.1000,2811
2012-04-20,6.4400,6.4400,5.6000,5.8900,11709
2012-04-13,5.4999,6.5000,5.0000,5.8700,8290
2012-04-05,5.4600,5.6800,5.1000,5.4999,5502
2012-03-30,5.2500,5.3500,5.2400,5.2700,3797
2012-03-23,5.5200,6.3400,5.1600,5.2500,13981
2012-03-16,5.5800,5.6000,5.2500,5.5100,5060
2012-03-09,5.0000,5.5800,4.7900,5.2100,12749
2012-03-02,4.8500,5.4800,4.7601,5.0500,6709
2012-02-24,4.3000,4.9700,4.2100,4.8600,9043
2012-02-17,4.1900,4.3800,4.1000,4.3000,39914
2012-02-10,4.1500,4.1900,3.8500,4.0000,3122
2012-02-03,3.9800,4.1500,3.9800,4.1360,5359
2012-01-27,3.8480,4.0000,3.8200,4.0000,2868
2012-01-20,3.8400,3.8500,3.8000,3.8480,1750
2012-01-13,3.8400,3.8400,3.8400,3.8400,100
2012-01-06,3.8899,3.9000,3.8000,3.8400,16030
2011-12-30,3.7900,3.9020,3.7600,3.8899,5600
2011-12-23,3.7400,3.9000,3.7300,3.7900,7338
2011-12-16,3.6200,3.9000,3.6200,3.8300,33682
2011-12-09,3.8300,4.0000,3.6100,4.0000,11920
2011-12-02,3.7700,3.9500,3.7000,3.8300,5610
2011-11-25,3.9000,3.9000,3.7000,3.8500,600
2011-11-18,3.7700,4.0000,0.0000,3.9000,7884
2011-11-11,0.0000,4.0000,0.0000,3.9800,5200
2011-11-04,0.0000,4.1000,0.0000,3.9500,23921
2011-10-28,3.7001,3.8100,0.0000,3.8100,2401
2011-10-21,0.0000,3.7300,0.0000,0.0000,888
2011-10-14,0.0000,3.8500,0.0000,3.8100,12560
2011-10-07,0.0000,3.8100,0.0000,3.8100,9
2011-09-30,0.0000,3.9500,0.0000,0.0000,3789
2011-09-23,3.8700,3.9900,0.0000,3.8500,7499
2011-09-16,0.0000,4.1100,0.0000,4.1100,1365
2011-09-09,0.0000,3.9600,0.0000,3.9600,7173
2011-09-02,3.8700,3.9662,0.0000,3.8600,10141
2011-08-26,3.9999,4.1000,3.9500,3.9500,9335
2011-08-19,4.1000,4.1000,0.0000,4.0000,13011
2011-08-12,3.7000,4.0000,0.0000,0.0000,4702
2011-08-05,0.0000,4.2299,0.0000,3.9000,15603
2011-07-29,0.0000,4.1400,0.0000,4.1400,3486
2011-07-22,3.9100,4.1500,0.0000,0.0000,8472
2011-07-15,0.0000,4.2800,0.0000,4.0000,9290
2011-07-08,0.0000,4.1700,0.0000,4.1700,815
2011-07-01,0.0000,4.1300,0.0000,4.1300,100
2011-06-24,0.0000,4.2000,0.0000,4.1300,2819
2011-06-17,4.2400,4.2700,4.0200,4.1600,7061
2011-06-10,4.2500,4.2699,0.0000,0.0000,4094
2011-06-03,4.3500,4.3500,0.0000,0.0000,13448
2011-05-27,4.2600,4.4000,0.0000,4.2500,5628
2011-05-20,4.4200,4.5000,0.0000,4.3000,12056
2011-05-13,0.0000,4.3400,0.0000,4.3000,1500
2011-05-06,4.4400,4.4900,0.0000,0.0000,700
2011-04-29,4.2700,4.3000,0.0000,4.2900,5700
2011-04-21,0.0000,4.2800,0.0000,0.0000,220
2011-04-15,0.0000,4.5000,0.0000,4.3400,4631
2011-04-08,4.4000,4.5000,0.0000,4.4000,16141
2011-04-01,4.2500,4.4700,0.0000,0.0000,6950
2011-03-25,0.0000,4.3499,0.0000,4.2500,1550
2011-03-18,4.1610,4.4500,0.0000,4.4500,1508
2011-03-11,4.2500,4.3100,0.0000,4.3000,3050
2011-03-04,4.3100,4.4900,4.3000,4.3000,10550
2011-02-25,0.0000,4.4700,0.0000,4.3001,5900
2011-02-18,0.0000,4.4800,0.0000,4.3000,4000
2011-02-11,4.1900,4.4000,4.1900,4.2900,12188
2011-02-04,4.0300,4.3350,0.0000,0.0000,16461
2011-01-28,0.0000,4.0500,0.0000,4.0400,7978
2011-01-21,4.1700,4.2000,3.7000,3.7200,3116
2011-01-14,4.0000,4.0000,0.0000,3.9500,1954
2011-01-07,0.0000,4.3100,0.0000,0.0000,2650
2010-12-31,3.9700,4.4700,0.0000,0.0000,2690
2010-12-23,3.7300,3.9899,0.0000,3.9899,1401
2010-12-17,3.9900,4.0000,3.7000,4.0000,10402
2010-12-10,3.7800,3.9900,0.0000,3.9900,1933
2010-12-03,3.7200,3.9900,0.0000,3.9800,12433
2010-11-26,0.0000,4.2500,0.0000,0.0000,2000
2010-11-19,4.0500,4.5000,0.0000,3.9000,9817
2010-11-12,4.0600,4.1000,0.0000,0.0000,9676
2010-11-05,3.7900,4.0400,3.6300,3.9800,19110
2010-10-29,4.0300,4.0900,0.0000,4.0350,3166
2010-10-22,3.8800,4.1000,3.8000,3.8910,5493
2010-10-15,4.2400,4.3000,3.6200,3.8500,25033
2010-10-08,3.9400,4.0800,0.0000,0.0000,3484
2010-10-01,0.0000,4.0200,0.0000,0.0000,778
2010-09-24,3.9200,4.0900,0.0000,0.0000,400
2010-09-17,3.9000,4.0400,3.7001,3.9200,16202
2010-09-10,0.0000,3.9500,0.0000,3.6000,9879
2010-09-03,3.7900,4.1500,3.7900,3.9700,3513
2010-08-27,3.8600,4.0000,0.0000,0.0000,8180
2010-08-20,3.8500,3.8800,0.0000,0.0000,3200
2010-08-13,4.3700,4.4000,3.8500,3.9000,6437
2010-08-06,4.2700,4.2900,0.0000,4.2900,5192
2010-07-30,0.0000,4.2900,0.0000,3.8000,6237
2010-07-23,0.0000,4.1500,0.0000,4.1500,1806
2010-07-16,0.0000,4.2900,0.0000,0.0000,100
2010-07-09,4.1700,4.3000,0.0000,0.0000,1942
2010-07-02,4.0100,4.4800,0.0000,4.2800,1814
2010-06-25,4.1500,4.4800,0.0000,4.4800,1686
2010-06-18,4.1000,4.2750,3.6600,4.1000,13135
2010-06-11,4.3800,4.3900,0.0000,4.3300,20694
2010-06-04,0.0000,4.3800,0.0000,0.0000,200
2010-05-28,0.0000,4.5000,0.0000,4.3900,7150
2010-05-21,3.9700,4.5000,3.9200,4.2050,33032
2010-05-14,4.3200,4.3200,0.0000,4.1000,2366
2010-05-07,4.4400,4.4400,0.0000,0.0000,17964
2010-04-30,3.5000,3.8300,3.4300,3.8000,13957
2010-04-23,0.0000,3.4650,0.0000,3.4650,8273
2010-04-16,3.4600,3.5100,0.0000,3.2200,13499
2010-04-09,0.0000,3.5200,0.0000,3.5000,6399
2010-04-01,3.5000,3.5000,0.0000,0.0000,556
2010-03-26,3.7500,3.7500,0.0000,0.0000,4699
2010-03-19,0.0000,3.7600,0.0000,0.0000,3664
2010-03-12,0.0000,0.0000,0.0000,0.0000,0
2010-03-05,3.2900,3.6300,0.0000,3.5000,4205
2010-02-26,3.6800,3.9500,0.0000,3.9500,3604
2010-02-19,3.9500,4.1800,0.0000,0.0000,12969
2010-02-12,0.0000,3.9500,0.0000,3.9500,31832
2010-02-05,3.1600,3.2000,0.0000,0.0000,20465
2010-01-29,0.0000,3.2000,0.0000,3.1600,39535
2010-01-22,0.0000,3.2000,0.0000,3.2000,100
2010-01-15,0.0000,0.0000,0.0000,0.0000,0
2010-01-08,0.0000,0.0000,0.0000,0.0000,0
2009-12-31,3.1000,3.1036,0.0000,0.0000,1354
2009-12-24,2.9600,3.1000,0.0000,3.1000,5056
2009-12-18,2.9700,2.9800,0.0000,2.9600,15663
2009-12-11,0.0000,3.0156,0.0000,3.0100,600
2009-12-04,2.9700,2.9900,0.0000,2.9701,2217
2009-11-27,0.0000,3.0100,0.0000,2.9700,2100
2009-11-20,0.0000,3.0300,0.0000,0.0000,3593
2009-11-13,0.0000,3.0500,0.0000,3.0500,400
2009-11-06,2.9500,3.0000,0.0000,0.0000,4061
2009-10-30,0.0000,2.8600,0.0000,2.8500,5677
2009-10-23,0.0000,2.9200,0.0000,2.8700,1977
2009-10-16,2.8500,3.0000,0.0000,0.0000,9761
2009-10-09,2.8500,2.8500,0.0000,0.0000,100
2009-10-02,2.8500,3.0800,2.8500,2.8500,20532
2009-09-25,3.0500,3.1764,0.0000,0.0000,4357
2009-09-18,0.0000,3.2400,0.0000,2.8500,15823
2009-09-11,2.8500,3.0000,0.0000,0.0000,800
2009-09-04,2.8500,2.9000,2.8500,2.8500,1000
2009-08-28,3.2500,3.2500,2.9000,2.9000,2291
2009-08-21,3.0000,3.2500,2.8500,3.2500,12873
2009-08-14,2.8001,3.0001,2.8000,3.0001,8881
2009-08-07,2.8800,2.9000,2.8000,2.8500,3250
2009-07-31,2.8500,3.0501,2.8500,2.8800,1017
2009-07-24,3.1100,3.1100,2.8500,2.8500,500
2009-07-17,3.0000,3.5050,2.5000,3.1100,6433
2009-07-10,3.1100,3.1100,0.0000,3.0000,25017
2009-07-02,0.0000,3.8000,0.0000,0.0000,1000
2009-06-26,0.0000,3.0100,0.0000,0.0000,4900
2009-06-19,3.3200,3.3200,0.0000,0.0000,10285
2009-06-12,2.8500,4.4800,2.8500,3.3200,11000
2009-06-05,0.0000,3.5201,0.0000,3.2500,2400
2009-05-29,3.0000,3.7000,3.0000,3.7000,2466
2009-05-22,3.8100,3.8100,3.1000,3.2500,3950
2009-05-15,0.0000,4.4200,0.0000,3.8620,1833
2009-05-08,0.0000,4.0850,0.0000,0.0000,300
2009-05-01,0.0000,5.0000,0.0000,0.0000,1251
2009-04-24,0.0000,3.6200,0.0000,3.5000,800
2009-04-17,2.7400,3.4500,0.0000,2.8300,1368
2009-04-09,0.0000,0.0000,0.0000,0.0000,0
2009-04-03,0.0000,0.0000,0.0000,0.0000,0
2009-03-27,0.0000,3.1200,0.0000,0.0000,1800
2009-03-20,2.7000,2.7000,0.0000,2.3500,1550
2009-03-13,2.3699,2.4500,0.0000,2.4500,1204
2009-03-06,2.6600,2.6601,0.0000,2.2000,7433
2009-02-27,2.5900,2.6600,0.0000,2.6500,1949
2009-02-20,0.0000,3.9900,0.0000,2.5000,8592
2009-02-13,3.2400,4.0000,3.1900,3.5600,3360
2009-02-06,2.4900,3.3600,0.0000,3.0000,37482
2009-01-30,3.3500,3.3500,2.0700,2.1000,45963
2009-01-23,0.0000,4.1200,0.0000,3.5000,5417
2009-01-16,3.3000,3.9000,3.2500,3.3500,1615
2009-01-09,3.7500,3.8200,3.3050,3.3050,5163
2009-01-02,4.3800,4.3800,3.2900,3.7900,22149
2008-12-26,4.3800,4.5000,0.0000,4.0300,7618
2008-12-19,3.6800,4.3800,0.0000,4.3800,18361
2008-12-12,3.6900,4.2500,3.6600,3.9800,8729
2008-12-05,4.4800,4.4800,0.0000,3.9700,2420
2008-11-28,4.3200,4.3200,0.0000,3.7630,4028
2008-11-21,4.9000,4.9000,0.0000,0.0000,5784
2008-11-14,4.9700,6.4900,0.0000,0.0000,22372
2008-11-07,5.0000,5.0000,3.2700,3.2700,2268
2008-10-31,4.0700,5.3399,3.5600,3.5600,1503
2008-10-24,3.5200,4.0000,3.5200,4.0000,800
2008-10-17,3.5000,3.9900,3.2000,3.5200,9728
2008-10-10,4.5400,4.5400,3.4000,3.5000,13402
2008-10-03,4.8400,6.0000,4.5100,4.5100,7328
2008-09-26,5.0000,5.2500,4.9000,5.0000,11575
2008-09-19,5.0000,5.2000,4.7600,5.0000,2033
2008-09-12,5.0000,5.2000,5.0000,5.0000,4655
2008-09-05,5.2500,5.2550,5.0000,5.1000,12705
2008-08-29,5.2600,5.5000,5.2300,5.2500,12336
2008-08-22,5.1800,6.2900,5.0000,5.0000,11249
2008-08-15,6.3000,6.4300,5.1500,5.7400,15700
2008-08-08,5.8800,6.7500,4.8350,5.7500,14589
2008-08-01,5.4000,5.8170,5.4000,5.4000,7226
2008-07-25,5.2500,6.0000,5.1000,5.4000,6038
2008-07-18,5.5000,5.9800,4.5200,5.2500,18806
2008-07-11,5.5400,5.9800,5.1000,5.5000,5710
2008-07-03,5.7500,5.7600,5.6740,5.6740,1900
2008-06-27,6.6600,6.6600,5.6600,5.7500,19942
2008-06-20,7.0800,7.0800,6.6400,6.8000,4815
2008-06-13,7.4001,7.9900,6.9000,7.0800,36854
2008-06-06,7.7000,7.7000,7.4000,7.4000,3360
2008-05-30,7.6000,7.6000,7.5000,7.5000,454
2008-05-23,7.7100,7.7400,7.6000,7.6000,2400
2008-05-16,8.2500,8.2500,7.7500,8.1000,9700
2008-05-09,7.2020,8.2500,7.2020,8.2500,3800
2008-05-02,7.5400,7.5400,7.2020,7.2020,300
2008-04-25,7.5000,7.5400,7.1500,7.1500,157745
2008-04-18,7.1500,7.5000,7.1500,7.1700,16539
2008-04-11,7.2000,7.5000,7.1500,7.1500,42100
2008-04-04,7.4600,7.4600,7.2000,7.2000,400
2008-03-28,7.2000,7.5000,7.2000,7.4600,57733
2008-03-20,7.4000,7.4000,7.2000,7.4000,1400
2008-03-14,7.1500,7.5000,7.1500,7.4000,49003
2008-03-07,7.5500,7.5500,7.1500,7.1500,11392
2008-02-29,7.5000,7.5000,7.2800,7.4600,0
2008-02-22,7.6900,7.6900,7.0700,7.4600,1893
2008-02-15,7.2000,7.7100,7.0800,7.6900,5800
2008-02-08,7.2700,8.0000,7.2700,8.0000,300
2008-02-01,7.2000,7.7630,7.0300,7.7630,1900
2008-01-25,7.7000,8.2000,7.7000,8.2000,1320
2008-01-18,7.8900,8.0100,7.4000,7.4000,2884
2008-01-11,7.2001,8.0900,7.2001,7.9200,12415
2008-01-04,7.6900,8.2000,7.1000,7.2000,7011
2007-12-28,7.0300,7.9600,7.0200,7.0600,4830
2007-12-21,7.3000,7.6200,7.0200,7.0300,3766
2007-12-14,7.0500,7.5000,7.0200,7.2900,4560
2007-12-07,7.9500,7.9500,7.0200,7.0700,3575
2007-11-30,6.9900,7.9500,6.9500,7.9500,1360
2007-11-23,7.1300,7.6000,7.1300,7.3500,2400
2007-11-16,7.4200,7.4200,6.9500,7.0600,17837
2007-11-09,7.4400,7.8500,7.2500,7.4200,3003
2007-11-02,7.2900,7.6300,6.8500,7.0500,9169
2007-10-26,7.5000,7.5000,7.2500,7.4000,3515
2007-10-19,7.6000,7.9500,7.5000,7.6500,3694
2007-10-12,8.2500,8.2700,7.5500,7.5600,6014
2007-10-05,7.9900,8.2400,7.6000,8.2400,10810
2007-09-28,7.9000,8.2900,7.6000,7.9900,14327
2007-09-21,8.0100,8.3800,7.9000,7.9000,7993
2007-09-14,8.2600,8.4300,8.0000,8.0000,3246
2007-09-07,8.3300,8.3600,8.0100,8.3600,8800
2007-08-31,8.1900,8.3400,8.0000,8.3300,66724
2007-08-24,8.2500,8.3200,7.8000,7.8500,61128
2007-08-17,8.2300,8.2300,8.0100,8.0100,8546
2007-08-10,8.7500,8.7500,7.9300,8.2300,4787
2007-08-03,8.7600,8.9600,8.7200,8.7200,5124
2007-07-27,9.0000,9.2000,8.7700,8.7700,1377
2007-07-20,8.8600,9.1400,8.8600,9.1100,8984
2007-07-13,9.3900,9.4100,8.8500,8.9300,11425
2007-07-06,9.4900,9.4900,9.4900,9.4900,0
2007-06-29,9.5000,9.5000,9.4900,9.4900,100
2007-06-22,9.0600,9.5000,9.0600,9.5000,30350
2007-06-15,9.0500,9.2400,9.0000,9.1900,126752
2007-06-08,9.0300,9.2000,9.0000,9.2000,3294
2007-06-01,9.2400,9.2850,9.0000,9.0500,8247
2007-05-25,8.7100,9.3500,8.7100,9.0300,8223
2007-05-18,9.0000,9.1400,8.7700,8.7700,891
2007-05-11,9.4500,9.7400,8.9900,9.7400,14805
2007-05-04,9.5000,9.7400,8.6300,9.0500,8696
2007-04-27,9.5860,9.7300,9.3500,9.5000,866
2007-04-20,9.5500,9.5500,9.5500,9.5500,0
2007-04-13,9.5000,9.7500,9.4500,9.5500,5192
2007-04-05,9.5500,9.7500,9.5000,9.5000,2075
2007-03-30,9.4700,9.4880,9.4500,9.4500,1879
2007-03-23,9.5500,9.9000,9.4700,9.7500,1335
2007-03-16,9.4500,10.0000,9.4500,9.5500,8398
2007-03-09,9.5500,9.5500,9.3200,9.4500,600
2007-03-02,9.5000,9.7000,9.4100,9.5500,9011
2007-02-23,9.4000,9.5000,9.3000,9.5000,7808
2007-02-16,9.5100,9.7000,9.4000,9.4000,14631
2007-02-09,9.3600,9.3600,9.1900,9.2900,300
2007-02-02,9.1000,9.5200,9.1000,9.3600,5006
2007-01-26,9.3400,9.3900,9.0500,9.0500,3960
2007-01-19,9.3500,9.3500,9.1100,9.1500,3234
2007-01-12,9.2500,9.2500,9.0500,9.2400,9004
2007-01-05,9.2500,9.2500,9.2500,9.2500,1100
2006-12-29,9.3100,9.5000,9.3100,9.5000,500
2006-12-22,9.3500,9.3500,9.1900,9.3100,14215
2006-12-15,9.5000,9.5000,9.2500,9.5000,5786
2006-12-08,9.4500,9.5200,9.4500,9.5000,3534
2006-12-01,9.3000,9.5000,9.1940,9.5000,6042
2006-11-24,9.4500,9.4500,9.1750,9.3000,3680
2006-11-17,9.4500,9.4500,9.0000,9.2500,8619
2006-11-10,9.1000,9.4000,9.0700,9.1500,4326
2006-11-03,9.0000,9.0100,9.0000,9.0100,3247
2006-10-27,9.2800,9.4200,9.1000,9.1000,19112
2006-10-20,9.3800,9.5000,9.2800,9.2800,10005
2006-10-13,9.0500,9.3800,9.0500,9.2000,4067
2006-10-06,9.0900,9.3500,9.0900,9.2380,20301
2006-09-29,9.1500,9.4000,9.0500,9.0900,4551
2006-09-22,9.1000,9.3900,9.0500,9.1000,3560
2006-09-15,9.1300,9.1300,9.1000,9.1000,2483
2006-09-08,9.1000,9.1000,9.1000,9.1000,8644
2006-09-01,9.1000,9.5000,9.1000,9.1000,7773
2006-08-25,9.1500,9.1700,9.0800,9.1000,23450
2006-08-18,9.1000,9.1500,9.1000,9.1500,6996
2006-08-11,9.0500,9.4000,9.0500,9.1000,2114
2006-08-04,9.0500,9.3200,9.0500,9.3200,8244
2006-07-28,9.0140,9.3200,9.0140,9.2500,3602
2006-07-21,8.9600,9.0140,8.9600,9.0140,7964
2006-07-14,8.9500,9.2200,8.9500,8.9500,4300
2006-07-07,8.9170,9.1000,8.9170,8.9500,7011
2006-06-30,8.9090,9.0250,8.9000,8.9170,5908
2006-06-23,9.0800,9.0800,8.8600,8.9000,2921
2006-06-16,8.8600,8.8600,8.8500,8.8500,564
2006-06-09,9.0900,9.1000,8.8000,9.0400,9623
2006-06-02,8.8500,9.0900,8.8500,9.0900,5000
2006-05-26,9.1000,9.1000,8.6500,8.8000,30738
2006-05-19,9.4100,9.4100,9.0000,9.2000,11978
2006-05-12,9.2500,9.4500,9.1500,9.4100,32482
2006-05-05,9.5900,9.7000,9.1500,9.4200,7852
2006-04-28,9.3600,9.7100,9.2500,9.5900,15883
2006-04-21,9.4380,9.4380,9.1600,9.2000,2987
2006-04-13,9.7800,9.7800,9.3800,9.5000,1959
2006-04-07,9.8500,9.8600,9.0000,9.4000,2638
2006-03-31,9.6000,9.8300,9.2500,9.7500,20134
2006-03-24,9.6500,9.8500,9.6200,9.8500,1490
2006-03-17,9.8230,9.8600,9.5000,9.5000,6042
2006-03-10,9.8600,9.8600,9.4000,9.5900,7130
2006-03-03,10.0000,10.0000,9.5000,9.8600,4051
2006-02-24,9.9900,9.9900,9.6600,9.9900,4351
2006-02-17,9.5500,10.0000,9.5500,9.9240,8708
2006-02-10,9.5000,9.5500,9.0500,9.5500,14208
2006-02-03,9.2000,9.7500,9.0500,9.7300,7257
2006-01-27,9.3000,9.3000,9.0000,9.0500,4977
2006-01-20,9.3900,9.4000,9.1700,9.3000,7019
2006-01-13,9.0410,9.3000,9.0410,9.3000,2300
2006-01-06,9.0110,9.6000,9.0110,9.0410,8006
2005-12-30,8.9600,9.1200,8.9600,8.9800,3334
2005-12-23,8.9500,9.1500,8.9500,9.1500,3378
2005-12-16,9.0080,9.4400,8.9200,8.9200,15384
2005-12-09,9.1700,9.3000,8.9500,9.1500,10789
2005-12-02,9.0000,9.2870,8.8800,9.0000,10166
2005-11-25,9.2000,9.2000,9.0000,9.1200,4100
2005-11-18,9.1500,9.4800,9.1200,9.2000,6127
2005-11-11,9.4700,9.4700,9.1500,9.1700,266
2005-11-04,9.1400,9.4700,9.1400,9.4700,617
2005-10-28,9.2400,9.4800,9.2400,9.3000,734
2005-10-21,9.2000,9.2400,9.1500,9.2400,1771
2005-10-14,9.2000,9.3400,9.1500,9.1500,5466
2005-10-07,9.2000,9.4000,9.1900,9.4000,4900
2005-09-30,9.2500,9.4000,9.2500,9.4000,1843
2005-09-23,9.3400,9.4500,9.2800,9.2800,12471
2005-09-16,9.3700,9.5000,9.2000,9.3500,10094
2005-09-09,9.6200,9.6200,9.3600,9.3600,900
2005-09-02,9.7500,10.0000,9.5600,9.6200,6594
2005-08-26,9.5000,9.8000,9.4500,9.8000,64671
2005-08-19,9.6000,9.6000,9.5000,9.5000,3060
2005-08-12,9.3000,9.6400,9.2500,9.5720,11330
2005-08-05,9.2500,9.3500,9.0700,9.2500,35426
2005-07-29,9.2010,9.2900,8.9500,9.0500,6197
2005-07-22,9.2340,9.3300,9.0500,9.1300,13463
2005-07-15,9.4500,9.4500,9.2000,9.2100,4897
2005-07-08,9.3500,9.3500,9.1900,9.2000,3400
2005-07-01,9.1010,9.3500,9.1010,9.2500,4586
2005-06-24,9.3500,9.3500,9.1010,9.1010,8066
2005-06-17,9.5000,9.5000,9.2600,9.3500,8812
2005-06-10,9.4480,9.5000,9.3500,9.5000,6027
2005-06-03,9.6790,9.7500,9.4500,9.6500,4042
2005-05-27,9.4500,9.9000,9.2500,9.5300,15496
2005-05-20,9.4600,10.0000,9.3300,9.4900,7749
2005-05-13,9.4200,10.3600,9.4200,9.4800,6815
2005-05-06,9.6000,9.8800,9.1900,9.8800,6326
2005-04-29,9.3600,9.8900,8.8000,9.6000,12316
2005-04-22,9.3900,9.7600,9.0900,9.3880,14385
2005-04-15,9.3000,9.5200,9.1500,9.3200,7100
2005-04-08,9.5000,9.9900,9.2000,9.3000,22898
2005-04-01,9.6000,9.9000,9.0400,9.7100,14965
2005-03-24,9.8600,9.8600,9.6000,9.6000,8400
2005-03-18,10.0500,10.2500,9.9700,10.1500,12710
2005-03-11,10.0500,10.1400,9.8000,9.8000,8409
2005-03-04,10.4800,10.5000,10.0100,10.1110,7140
2005-02-25,10.4700,10.5000,10.0500,10.4490,11614
2005-02-18,11.0000,11.4900,10.3500,10.4690,14639
2005-02-11,10.4000,11.0000,10.3800,11.0000,31750
2005-02-04,9.4800,10.5000,9.1500,10.2910,16215
2005-01-28,9.4200,9.4800,9.1500,9.3990,7471
2005-01-21,9.2100,9.4900,9.2100,9.3100,17341
2005-01-14,9.3400,9.3400,9.1600,9.1610,1150
2005-01-07,9.0300,9.3400,9.0300,9.3400,3115
2004-12-31,9.4900,9.4900,9.1500,9.1800,4396
2004-12-23,9.3000,9.3500,9.1500,9.3300,9104
2004-12-17,9.2400,9.3500,9.1500,9.1900,22616
2004-12-10,9.7900,9.8300,9.1000,9.3000,82130
2004-12-03,8.4825,9.3750,8.2125,9.2328,114672
2004-11-26,8.8875,8.8875,8.3250,8.5050,42423
2004-11-19,8.2500,9.5250,8.2500,9.0000,28084
2004-11-12,8.7375,9.3750,8.4750,9.3300,20713
2004-11-05,8.5500,9.1878,8.4000,8.6625,48227
2004-10-29,8.3625,8.6250,8.3625,8.6175,46766
2004-10-22,7.8750,8.6250,7.8750,8.4375,77279
2004-10-15,7.4850,7.8750,7.2075,7.8750,22106
2004-10-08,7.1628,7.7998,7.1478,7.4850,13225
2004-10-01,7.1625,7.4850,7.0650,7.4775,59936
2004-09-24,7.3875,7.6500,7.1325,7.1340,18528
2004-09-17,7.2675,7.3725,7.2675,7.3725,4533
2004-09-10,7.0875,7.1925,7.0500,7.0950,5785
2004-09-03,7.1850,7.2900,7.0575,7.2000,6089
2004-08-27,7.2300,7.2375,7.1400,7.1850,4934
2004-08-20,7.1025,7.1625,7.0200,7.0200,5048
2004-08-13,7.2300,7.3875,7.0725,7.3875,5734
2004-08-06,7.1325,7.3125,7.1025,7.2968,5333
2004-07-30,7.3868,7.3868,7.0958,7.2975,2273
2004-07-23,7.3125,7.3868,7.0950,7.3868,2984
2004-07-16,7.3725,7.5000,7.3125,7.3200,2248
2004-07-09,7.1625,7.3875,7.1625,7.3875,1066
2004-07-02,7.1100,7.3950,6.8998,7.1625,14847
2004-06-25,7.1400,7.1475,7.0875,7.0875,2800
2004-06-18,7.2675,7.4768,7.1550,7.1550,423
2004-06-10,7.1400,7.4250,7.0500,7.4250,6954
2004-06-04,7.2525,7.2600,7.2225,7.2600,1333
2004-05-28,7.1250,7.5000,6.9528,7.5000,21600
2004-05-21,7.1700,7.5750,7.1250,7.1775,9644
2004-05-14,7.1850,7.3800,7.1700,7.1700,19884
2004-05-07,7.2000,7.3050,7.1250,7.2000,48852
2004-04-30,7.4925,7.4925,7.2000,7.3043,1385
2004-04-23,7.3950,7.4925,7.2450,7.4925,7280
2004-04-16,7.5075,7.7100,7.3950,7.3950,4587
2004-04-08,7.5083,7.6350,7.5075,7.6350,2694
2004-04-02,7.6050,7.6050,7.5000,7.5000,5987
2004-03-26,7.5000,7.6050,7.4400,7.6050,9285
2004-03-19,7.5000,7.6800,7.5000,7.6043,10451
2004-03-12,7.5375,7.6500,7.4925,7.5293,6800
2004-03-05,7.5000,7.5000,7.5000,7.5000,9267
2004-02-27,7.5000,7.5000,7.0125,7.5000,24554
2004-02-20,7.1175,7.5000,7.1175,7.5000,11088
2004-02-13,7.0050,7.4850,7.0050,7.2450,32126
2004-02-06,6.6750,7.5750,6.6750,7.5750,16326
2004-01-30,6.6075,6.7500,6.6075,6.7500,9381
2004-01-23,6.6748,8.1378,6.6748,6.6750,8886
2004-01-16,6.9075,7.0050,6.5250,6.7268,26433
2004-01-09,7.0425,7.0875,6.9150,6.9150,10421
2004-01-02,7.1633,7.2825,7.0500,7.0500,4141
2003-12-26,7.1475,7.4250,7.0500,7.4250,9004
2003-12-19,7.2075,7.3493,7.1325,7.3350,26503
2003-12-12,7.2900,7.3200,6.9983,7.2143,9916
2003-12-05,7.3125,7.4175,7.2375,7.4175,38101
2003-11-28,7.1775,7.3125,6.7578,7.3125,14960
2003-11-21,6.9525,7.3650,6.8400,7.2825,14799
2003-11-14,6.9525,6.9525,6.9443,6.9525,966
2003-11-07,6.9000,6.9525,6.9000,6.9525,15843
2003-10-31,6.8925,6.9750,6.7200,6.8925,19733
2003-10-24,6.9000,6.9150,6.7200,6.8850,8533
2003-10-17,6.7425,6.9000,6.6075,6.9000,25600
2003-10-10,6.6668,6.8325,6.5700,6.7275,15068
2003-10-03,6.7200,6.8250,6.5858,6.6600,13912
2003-09-26,6.6525,6.7275,6.5625,6.7125,12267
2003-09-19,6.3900,6.8925,6.3900,6.7125,11066
2003-09-12,6.2250,6.5250,6.2250,6.5250,15600
2003-09-05,6.1350,6.4950,6.1350,6.4950,28665
2003-08-29,5.8575,6.1275,5.8575,6.1275,6134
2003-08-22,5.9025,5.9550,5.8575,5.9550,17397
2003-08-15,5.8200,5.9025,5.8200,5.8500,13200
2003-08-08,5.8125,5.8500,5.7750,5.8125,31599
2003-08-01,5.8493,5.8500,5.7450,5.7900,13466
2003-07-25,5.6775,5.9025,5.6250,5.8500,18310
2003-07-18,5.5875,5.6775,5.5500,5.5500,38000
2003-07-11,5.5275,5.5875,5.4975,5.5725,26534
2003-07-03,5.2875,5.5275,5.2875,5.5125,30534
2003-06-27,5.4375,5.4825,5.3025,5.4000,38400
2003-06-20,5.4375,5.5875,5.3400,5.4375,24000
2003-06-13,5.4375,5.4375,5.3100,5.4375,16267
2003-06-06,5.2125,5.4375,5.2125,5.4375,22266
2003-05-30,5.0250,5.2275,5.0250,5.2050,15334
2003-05-23,4.4625,5.4375,4.4025,5.0250,59476
2003-05-16,4.5300,4.6050,4.4625,4.5000,13067
2003-05-09,4.6125,4.6875,4.5375,4.6500,12000
2003-05-02,4.4775,4.6500,4.4325,4.6500,38001
2003-04-25,4.5000,4.5975,4.4550,4.5975,10934
2003-04-17,4.5150,4.6875,4.3575,4.4250,10534
2003-04-11,4.6425,4.6425,4.4325,4.5000,12000
2003-04-04,4.4625,4.5000,4.4625,4.4925,3466
2003-03-28,4.4325,4.5000,4.4325,4.4625,1334
2003-03-21,4.4925,4.5000,4.4100,4.5000,1334
2003-03-14,4.5000,4.5000,4.4475,4.5000,5033
2003-03-07,4.4925,4.5600,4.4850,4.5000,6800
2003-02-28,4.4325,4.4775,4.4325,4.4775,5067
2003-02-21,4.4775,4.4775,4.4325,4.4325,5200
2003-02-14,4.6275,4.6500,4.5000,4.5000,4934
2003-02-07,4.7100,4.7179,4.5900,4.7179,16811
2003-01-31,4.3425,4.6875,4.3275,4.6875,31706
2003-01-24,4.3875,4.4250,4.3658,4.4250,4401
2003-01-17,4.4168,4.4250,4.2900,4.3875,7731
2003-01-10,4.2375,4.3875,4.2075,4.3875,7328
2003-01-03,4.1625,4.2375,4.1250,4.2375,17864
2002-12-27,4.0575,4.1625,4.0575,4.1625,10931
2002-12-20,4.1175,4.1329,4.0575,4.0583,7064
2002-12-13,4.0343,4.1849,3.9459,4.0875,15139
2002-12-06,4.0275,4.0275,3.8925,3.9599,5999
2002-11-29,3.9799,4.0350,3.9599,4.0275,198670
2002-11-22,3.9900,4.0575,3.9375,4.0425,14399
2002-11-15,4.0099,4.0875,3.9375,4.0500,163469
2002-11-08,3.9375,4.0129,3.8849,3.9749,8532
2002-11-01,4.0050,4.0050,3.8850,3.9975,9331
2002-10-25,3.6750,3.9379,3.6750,3.9379,2799
2002-10-18,3.7500,3.8250,3.6750,3.6750,4131
2002-10-11,3.9300,3.9300,3.7500,3.7500,4395
2002-10-04,4.1925,4.2000,3.9450,3.9450,8399
2002-09-27,4.0125,4.2225,3.9750,4.1925,16267
2002-09-20,3.9900,4.2300,3.9900,3.9900,12934
2002-09-13,4.3050,4.3050,3.9900,3.9900,2396
2002-09-06,4.2375,4.3125,4.1025,4.2379,36664
2002-08-30,4.2699,4.3350,4.1775,4.3125,7066
2002-08-23,4.1258,4.3350,4.1258,4.3350,2398
2002-08-16,4.0958,4.3350,4.0958,4.3350,32266
2002-08-09,4.3125,4.3125,4.0500,4.0500,1867
2002-08-02,4.1250,4.3125,3.9750,4.3125,11998
2002-07-26,4.3125,4.3125,4.1250,4.1250,6667
2002-07-19,4.2383,4.3425,4.2383,4.2750,5060
2002-07-12,4.2300,4.3650,4.0875,4.3650,35199
2002-07-05,4.2300,4.2300,4.2300,4.2300,0
2002-06-28,4.2699,4.3725,4.2149,4.2300,19333
2002-06-21,4.2075,4.3725,4.2075,4.2075,6932
2002-06-14,4.3875,4.3875,4.2075,4.2075,7464
2002-06-07,4.3125,4.3875,4.2075,4.3875,6663
2002-05-31,4.1625,4.3575,4.1625,4.3129,25733
2002-05-24,4.3568,4.3568,4.1625,4.1625,399
2002-05-17,4.3500,4.3568,4.3500,4.3568,132
2002-05-10,4.4100,4.4100,4.1625,4.3500,1999
2002-05-03,4.4100,4.4100,4.4100,4.4100,267
2002-04-26,4.3125,4.5000,4.2750,4.4175,23999
2002-04-19,4.4625,4.5750,4.3125,4.3125,4666
2002-04-12,4.1250,4.3875,4.1250,4.3875,4266
2002-04-05,4.5675,4.5675,4.1250,4.1250,1467
2002-03-28,4.5000,4.6875,4.2375,4.5000,7067
2002-03-22,4.5000,4.6875,4.4550,4.5000,4267
2002-03-15,3.9000,4.4250,3.8625,4.4250,17466
2002-03-08,3.7500,3.8625,3.7500,3.8625,3599
2002-03-01,3.6450,3.9000,3.6450,3.9000,9200
2002-02-22,3.6375,3.8250,3.6375,3.8250,8800
2002-02-15,3.7350,3.9375,3.7350,3.7875,15067
2002-02-08,3.7500,4.4629,3.6675,3.7125,8000
2002-02-01,3.8100,3.8100,3.7500,3.7500,28401
2002-01-25,3.8925,3.9000,3.7500,3.8250,5999
2002-01-18,3.9375,3.9375,3.7125,3.8250,20400
2002-01-11,3.6375,3.7500,3.6375,3.7500,37333
2002-01-04,3.3000,3.6750,3.2625,3.5625,21734
2001-12-28,3.3375,3.4875,3.3000,3.3000,13600
2001-12-21,3.3000,3.3375,3.2475,3.3375,15467
2001-12-14,3.2400,3.3375,3.2400,3.2475,7333
2001-12-07,3.3000,3.3000,3.2400,3.3000,32133
2001-11-30,3.3000,3.3000,3.1950,3.3000,48266
2001-11-23,3.2475,3.3000,3.1875,3.3000,66400
2001-11-16,3.2400,3.3750,3.2325,3.3075,6001
2001-11-09,3.2325,3.3750,3.2325,3.2400,14666
2001-11-02,3.4200,3.5625,3.2700,3.3750,25866
2001-10-26,3.3375,3.6300,3.3375,3.5475,19333
2001-10-19,3.2325,3.8250,3.2325,3.3375,7200
2001-10-12,3.5243,3.7500,3.2250,3.2250,4266
2001-10-05,3.6750,4.0125,3.5243,3.5243,3999
2001-09-28,3.4275,3.8993,3.2258,3.6750,20800
2001-09-21,3.5243,3.9158,3.3750,3.4568,15333
2001-09-10,3.4950,3.7125,3.4950,3.7125,5733
2001-09-07,4.2750,4.3125,3.4875,3.7950,36801
2001-08-31,4.3125,4.5750,4.2743,4.4250,38267
2001-08-24,4.7298,4.7808,4.1508,4.1628,54045
2001-08-17,4.2498,4.7248,4.2468,4.7088,89242
2001-08-10,4.1198,4.2748,4.0498,4.2468,52086
2001-08-03,4.0398,4.1348,3.9378,4.1058,108980
2001-07-27,3.7998,4.0788,3.7908,3.9378,45332
2001-07-20,3.6998,3.9378,3.4038,3.6558,30574
2001-07-13,3.6298,3.9378,3.5498,3.6958,23107
2001-07-06,3.3698,3.6398,3.2118,3.6398,48534
2001-06-29,3.2098,3.3698,3.1498,3.3698,20084
2001-06-22,3.0938,3.2631,3.0938,3.2058,18489
2001-06-15,2.9899,3.2348,2.9809,3.0939,34841
2001-06-08,3.2344,3.2344,3.0939,3.0939,3200
2001-06-01,2.9539,3.2348,2.9539,3.2344,2664
2001-05-25,3.0825,3.1218,3.0099,3.0709,204097
2001-05-18,3.0768,3.0939,2.9539,3.0829,30752
2001-05-11,3.0398,3.0939,2.9539,3.0938,7107
2001-05-04,2.8689,3.0379,2.8689,2.9531,15820
2001-04-27,2.8129,2.9539,2.8125,2.9531,1778
2001-04-20,2.8125,2.9539,2.8125,2.9531,176
2001-04-12,2.8129,2.8129,2.8125,2.8125,176
2001-04-06,2.9531,2.9531,2.9531,2.9531,0
2001-03-30,2.9888,2.9888,2.9531,2.9531,6754
2001-03-23,3.0939,3.1638,2.8129,2.9888,31285
2001-03-16,2.9888,3.0939,2.9539,3.0939,9597
2001-03-09,3.0938,3.0939,3.0229,3.0235,4621
2001-03-02,3.0899,3.2168,2.9539,3.0939,15285
2001-02-23,2.8099,3.0939,2.7949,3.0939,77692
2001-02-16,2.8480,3.0229,2.7419,2.9539,45685
2001-02-09,2.6016,2.9539,2.6016,2.8479,62400
2001-02-02,2.5313,2.7779,2.5313,2.7776,6043
2001-01-26,2.5313,2.6719,2.4259,2.5313,21332
2001-01-19,2.8129,2.8129,2.5309,2.5309,28265
2001-01-12,2.4969,2.5669,2.4259,2.4261,4084
2001-01-05,2.4969,2.4969,2.4964,2.4964,10667
2000-12-29,2.4969,2.4969,2.1799,2.3209,145959
2000-12-22,0.0000,2.4609,0.0000,2.3559,15643
2000-12-15,2.3209,2.4609,0.0000,2.3559,2312
2000-12-08,2.8129,2.8129,0.0000,0.0000,65777
2000-12-01,3.0939,3.0939,0.0000,0.0000,6754
2000-11-24,0.0000,3.0939,0.0000,0.0000,15289
2000-11-17,0.0000,2.8479,0.0000,2.8479,26666
2000-11-10,2.6019,2.7779,0.0000,0.0000,5687
2000-11-03,0.0000,2.6719,0.0000,2.4609,4088
2000-10-27,2.7079,2.7079,0.0000,0.0000,356
2000-10-20,0.0000,2.5309,0.0000,2.4609,7284
2000-10-13,0.0000,0.0000,0.0000,0.0000,0
2000-10-06,2.4609,2.7419,0.0000,2.7419,1599
2000-09-29,0.0000,0.0000,0.0000,0.0000,0
2000-09-22,0.0000,2.7249,0.0000,2.7249,176
2000-09-15,0.0000,2.8129,0.0000,0.0000,3200
2000-09-08,0.0000,0.0000,0.0000,0.0000,0
2000-09-01,0.0000,2.9539,0.0000,0.0000,48711
2000-08-25,2.8129,2.9539,0.0000,0.0000,82311
2000-08-18,2.8099,3.2348,0.0000,0.0000,20976
2000-08-11,2.7419,3.2348,0.0000,0.0000,48356
2000-08-04,2.3399,3.0939,0.0000,2.6719,33244
2000-07-28,2.4609,2.4609,0.0000,2.3909,9955
2000-07-21,2.3209,2.3909,0.0000,2.3209,23111
2000-07-14,2.4609,2.5669,0.0000,2.4789,51022
2000-07-07,2.3909,2.4609,0.0000,0.0000,5156
2000-06-30,2.2799,2.4609,0.0000,0.0000,13861
2000-06-23,2.5999,2.6019,0.0000,2.4609,11553
2000-06-16,2.5299,2.5309,0.0000,0.0000,22932
2000-06-09,2.7079,2.7079,0.0000,2.5309,31464
2000-06-02,2.7779,2.7779,0.0000,0.0000,2132
2000-05-26,2.2849,2.7599,0.0000,2.7419,4799
2000-05-19,0.0000,2.7779,0.0000,2.2849,25777
2000-05-12,2.2159,2.3909,0.0000,2.3209,18664
2000-05-05,2.2499,2.5309,0.0000,2.2159,17600
2000-04-28,0.0000,2.6719,0.0000,2.2499,5864
2000-04-20,0.0000,2.1799,0.0000,0.0000,1600
2000-04-14,0.0000,2.3909,0.0000,2.3909,11198
2000-04-07,0.0000,2.3909,0.0000,0.0000,19022
2000-03-31,2.8099,2.8129,2.2499,2.4609,14397
2000-03-24,0.0000,2.1099,0.0000,0.0000,11376
2000-03-17,0.0000,2.5309,0.0000,0.0000,2843
2000-03-10,2.2799,2.5309,1.9689,1.9859,105601
2000-03-03,2.3209,2.6719,2.2849,2.3209,71112
2000-02-25,2.6719,2.6719,0.0000,2.3209,13511
2000-02-18,2.2849,2.6719,0.0000,0.0000,19732
2000-02-11,2.2849,2.5309,0.0000,0.0000,25244
2000-02-04,0.0000,2.3909,0.0000,2.2849,16178
2000-01-28,0.0000,2.3909,0.0000,0.0000,6398
2000-01-21,0.0000,2.6719,0.0000,2.5309,30756
2000-01-14,2.3599,2.5309,0.0000,2.5309,51199
