timestamp,open,high,low,close,volume
2018-02-27,9.9900,10.0000,9.2700,9.3000,6640135
2018-02-23,10.8100,10.8517,9.4300,10.0000,7712363
2018-02-16,10.3600,11.2200,10.0400,10.7400,5682803
2018-02-09,11.1000,11.1200,9.8200,10.3500,7849634
2018-02-02,12.6500,12.6800,11.1100,11.1900,5699371
2018-01-26,12.1600,12.7750,11.9000,12.6600,5722624
2018-01-19,12.1700,12.4100,11.8000,12.1600,4037607
2018-01-12,12.3600,12.3600,11.7000,12.1900,5526969
2018-01-05,12.9300,13.4500,11.8301,12.3700,8244946
2017-12-29,12.9700,13.3900,12.6400,12.8400,4958675
2017-12-22,13.6500,14.0800,12.8000,12.9900,7453082
2017-12-15,13.5500,14.5800,13.2800,13.5800,12399063
2017-12-08,13.7100,15.2200,12.4600,13.5100,22794589
2017-12-01,13.3100,14.4400,13.3000,13.6000,7451812
2017-11-24,13.3900,13.5900,12.9800,13.2800,2837916
2017-11-17,13.5500,13.9100,12.8700,13.4900,5290063
2017-11-10,14.5900,14.7600,12.9200,13.5900,6314673
2017-11-03,14.4800,14.9300,13.9500,14.2600,6120424
2017-10-27,14.8600,14.9700,13.8000,14.5200,4617311
2017-10-20,14.0500,14.9700,13.8100,14.9000,4600321
2017-10-13,15.7000,15.8000,14.0100,14.1000,6852373
2017-10-06,15.9900,16.5000,15.5500,15.7000,12159153
2017-09-29,15.4500,15.9700,14.8800,15.2500,6382673
2017-09-22,14.3100,16.9000,14.1600,15.0100,16026201
2017-09-15,14.0400,14.7500,13.2800,14.2600,13353838
2017-09-08,16.5200,17.3100,13.7400,13.9200,14858031
2017-09-01,17.9700,17.9700,16.2400,16.5200,6849545
2017-08-25,18.8500,19.1000,17.6400,18.0800,5490063
2017-08-18,19.2200,19.3150,18.3300,18.7800,4604138
2017-08-11,19.6500,19.8400,19.0200,19.2000,3612243
2017-08-04,20.3800,21.2100,19.4600,19.6900,4998799
2017-07-28,20.7800,20.9200,20.2200,20.4500,3477209
2017-07-21,21.3000,21.7400,20.6400,20.8100,3698051
2017-07-14,21.4600,22.2100,20.7100,21.3300,5063360
2017-07-07,21.9400,22.5300,20.8300,21.4900,7246796
2017-06-30,23.8100,24.2000,21.4100,22.1600,12469599
2017-06-23,24.2100,24.4900,22.9400,23.7000,4769167
2017-06-16,23.8800,24.4500,23.7700,24.0700,4028702
2017-06-09,23.9500,24.0400,23.3300,23.9700,3393686
2017-06-02,22.8000,24.3100,22.3900,23.7400,4236540
2017-05-26,22.9100,23.1300,22.4300,22.8400,3284616
2017-05-19,22.8100,23.1000,22.1000,22.8800,3820875
2017-05-12,21.4300,22.9400,21.0100,22.7900,5808742
2017-05-05,22.2200,22.5000,21.0100,21.4700,6305842
2017-04-28,21.2200,22.2600,20.7200,22.1500,5837331
2017-04-21,21.1000,21.6000,21.0400,21.1500,3845938
2017-04-13,20.6900,21.9900,20.6000,21.1600,7723262
2017-04-07,19.7400,20.9500,19.5900,20.6300,9190403
2017-03-31,18.5400,19.9200,18.4200,19.8100,6978347
2017-03-24,19.3600,19.5500,18.5700,18.7300,6316978
2017-03-17,19.5000,19.7300,18.9400,19.4500,7567358
2017-03-10,18.6300,19.6400,18.3400,19.5200,11864980
2017-03-03,19.4200,19.8000,17.5000,18.8300,12433611
2017-02-24,19.1400,19.6800,19.1100,19.4500,3913675
2017-02-17,19.7900,19.8300,18.2000,19.2200,8834676
2017-02-10,20.1200,20.3600,19.2700,20.0700,7488431
2017-02-03,20.4000,21.8400,20.0000,20.1200,9946669
2017-01-27,20.0800,20.9400,19.8900,20.5800,5819305
2017-01-20,20.5000,20.8300,20.0500,20.1300,5096571
2017-01-13,21.0000,21.1400,20.0200,20.6000,6344841
2017-01-06,21.1900,21.6000,20.6201,21.0000,6153765
2016-12-30,21.4100,21.9300,21.0500,21.0800,6605545
2016-12-23,21.6600,22.2100,21.3000,22.1100,6270272
2016-12-16,20.9300,21.8000,20.9201,21.5900,9122254
2016-12-09,21.4500,21.6500,20.4101,21.0700,14994760
2016-12-02,23.5900,24.6000,21.0200,21.1000,18709237
2016-11-25,24.1600,24.9200,23.2770,23.8200,8436323
2016-11-18,21.9000,25.0100,21.5000,24.1300,14821385
2016-11-11,28.1700,28.5700,21.0200,21.2400,29881676
2016-11-04,25.9200,28.0543,25.6100,27.2400,7484458
2016-10-28,26.7600,27.1200,25.5210,25.7100,4723485
2016-10-21,25.5000,26.7800,25.4500,26.5900,5915519
2016-10-14,25.4100,25.8400,24.9300,25.3100,5065524
2016-10-07,26.3700,27.2500,24.5800,25.3300,10189778
2016-09-30,26.5000,26.6900,25.3600,26.5900,12714583
2016-09-23,27.6600,28.1850,27.2850,27.5600,7627525
2016-09-16,27.2500,27.3900,26.4700,27.3300,10308777
2016-09-09,27.9900,28.1500,27.2900,27.5400,10250349
2016-09-02,28.9100,30.0400,27.0800,27.6900,22258941
2016-08-26,28.5000,30.0777,28.2000,28.8400,7713449
2016-08-19,29.7800,30.0400,28.1600,28.5300,5392573
2016-08-12,29.9000,31.1900,29.3200,29.6800,5672086
2016-08-05,29.7700,30.5900,28.9500,29.7200,7197510
2016-07-29,28.7500,30.4000,28.7000,29.4500,9397816
2016-07-22,28.7600,29.2700,28.0000,28.6500,6850196
2016-07-15,29.5500,29.6000,27.3100,28.3500,12867092
2016-07-08,28.1400,29.7500,27.4600,29.0700,11670172
2016-07-01,25.8400,27.9361,25.2301,27.7700,11841186
2016-06-24,23.9500,25.9150,23.6600,25.8400,16180007
2016-06-17,23.4000,24.1500,21.3100,23.6500,31648314
2016-06-10,22.7400,22.9700,21.1100,21.4100,12446547
2016-06-03,24.0700,24.7937,22.3900,22.6800,8964034
2016-05-27,23.1500,24.3750,23.0500,24.0000,5299052
2016-05-20,22.6700,23.1800,22.1600,23.1500,3966094
2016-05-13,22.2300,23.3300,22.1000,22.7200,5128027
2016-05-06,21.8000,23.5000,21.7500,22.1600,8590104
2016-04-29,22.2500,22.6600,21.5800,21.8300,5995828
2016-04-22,21.6200,22.5000,21.3900,22.4000,6375535
2016-04-15,23.3000,23.4400,21.8000,21.9700,11300461
2016-04-08,25.9100,25.9200,22.4500,23.2800,25727237
2016-04-01,26.9600,27.8900,26.3500,27.7600,12405755
2016-03-24,28.9500,29.8600,26.1000,26.5200,10491197
2016-03-18,28.2600,30.4400,27.8000,29.2800,10177920
2016-03-11,27.0000,28.6500,24.9500,28.1100,16576868
2016-03-04,25.2200,27.9900,24.6532,27.0500,22498399
2016-02-26,23.9300,25.3000,22.9500,24.7400,6931710
2016-02-19,23.9300,24.5200,22.9100,23.6100,7192072
2016-02-12,21.2900,22.8800,20.4000,22.8400,8598778
2016-02-05,21.4500,22.2399,20.9200,21.4000,7935396
2016-01-29,21.0900,21.7090,19.9600,21.5600,7838499
2016-01-22,20.7400,21.0719,19.1800,20.8000,7918864
2016-01-15,22.7100,22.8800,19.8000,20.5500,13544485
2016-01-08,21.8400,26.5400,21.7600,22.6300,32713768
2015-12-31,21.9600,22.5700,21.6600,21.9800,3361340
2015-12-24,21.6500,22.3340,21.4930,21.9900,4445264
2015-12-18,23.7900,24.0600,21.0700,21.3400,16878839
2015-12-11,19.6900,23.4600,19.1000,23.4500,31890747
2015-12-04,18.6500,19.0600,18.1400,18.9900,5389356
2015-11-27,18.0300,18.8200,17.9300,18.6500,2304116
2015-11-20,17.7800,18.0900,17.0500,17.9700,4002470
2015-11-13,18.1700,18.1700,17.1250,17.1400,2350797
2015-11-06,17.8800,18.2350,17.0500,18.1700,3764509
2015-10-30,17.9100,18.2900,17.5800,17.8600,3025346
2015-10-23,18.5300,18.8500,17.8300,17.9500,3552471
2015-10-16,18.2300,18.9700,18.0500,18.6300,5229413
2015-10-09,16.5800,18.2700,16.5800,18.1800,4800243
2015-10-02,17.4700,17.5350,16.3300,16.6000,4642838
2015-09-25,17.7100,17.9200,17.1600,17.5600,3839269
2015-09-18,18.8800,19.0100,17.6100,17.6600,5170338
2015-09-11,18.4400,19.2200,18.2500,18.7800,4297724
2015-09-04,18.1000,18.8300,17.7500,18.1600,7991956
2015-08-28,14.9400,18.1500,14.7100,18.0300,9071269
2015-08-21,17.0900,17.3500,15.9000,16.4900,3384351
2015-08-14,16.5300,17.2600,16.4200,17.0700,2899423
2015-08-07,16.1800,16.8100,15.4500,16.4100,4029145
2015-07-31,15.6700,16.4500,15.5600,16.2200,2563479
2015-07-24,16.4300,16.6000,15.7300,15.8100,2783861
2015-07-17,16.5000,16.8500,16.2900,16.3500,2794740
2015-07-10,16.3800,16.6500,16.1250,16.4400,3776908
2015-07-02,16.6700,16.7300,16.3980,16.4800,2835042
2015-06-26,16.2600,17.0400,16.1100,16.8000,7175420
2015-06-19,15.5700,16.3000,15.2100,16.1800,7273330
2015-06-12,15.3400,15.6400,15.0800,15.5900,2184054
2015-06-05,14.8000,15.4799,14.6700,15.3400,2837880
2015-05-29,15.1400,15.1900,14.6200,14.7100,1761147
2015-05-22,15.4100,15.5900,15.0600,15.2000,2615053
2015-05-15,14.8900,15.4500,14.8600,15.4200,2740381
2015-05-08,14.9800,15.3700,14.7200,14.9500,3723556
2015-05-01,14.9700,15.1300,14.6500,14.9600,4318301
2015-04-24,15.2100,15.3000,14.4500,15.0100,4152565
2015-04-17,12.8800,15.2300,12.7900,15.2100,10913429
2015-04-10,12.8500,13.1900,12.7200,12.8800,3450290
2015-04-02,13.1100,13.3320,12.3600,12.9600,3819771
2015-03-27,13.5500,13.6200,12.6300,13.1500,3382917
2015-03-20,13.7100,13.7500,13.2200,13.5300,3928598
2015-03-13,14.2300,14.2900,13.3300,13.6200,4212529
2015-03-06,13.6300,14.7500,12.8800,14.2300,12744379
2015-02-27,12.7400,13.7700,12.5400,13.5300,5256774
2015-02-20,12.6000,13.0000,12.5600,12.7800,2331902
2015-02-13,12.4100,12.8500,12.2500,12.6300,3715383
2015-02-06,12.3100,12.8800,12.1550,12.4400,5855706
2015-01-30,12.4100,12.6800,12.0200,12.3000,6319056
2015-01-23,11.0000,12.4700,11.0000,12.3700,16188802
2015-01-16,10.3000,10.3550,9.7950,10.0200,4162343
2015-01-09,9.4300,10.3500,9.3100,10.2900,6203766
2015-01-02,9.8800,10.0300,9.3090,9.4800,3475765
2014-12-26,9.8100,10.1380,9.6950,9.9100,2552146
2014-12-19,9.6100,9.9000,9.4000,9.8200,5425865
2014-12-12,9.6400,9.9000,9.4600,9.6000,7489339
2014-12-05,9.9700,10.1350,9.2200,9.8000,12622251
2014-11-28,9.5500,10.0500,9.4300,9.9700,4576278
2014-11-21,9.6100,10.1500,9.5000,9.5400,6455317
2014-11-14,9.9500,10.0400,9.5600,9.6500,3734719
2014-11-07,10.1600,10.2400,9.7600,9.9900,5120535
2014-10-31,10.2400,10.8650,9.5300,10.1600,6470931
2014-10-24,10.1500,10.4400,9.8400,10.2600,5596331
2014-10-17,9.2800,10.2700,9.1500,10.1400,7277810
2014-10-10,9.5700,9.6200,9.0300,9.3000,5857562
2014-10-03,9.5000,9.7600,9.2300,9.5400,4914459
2014-09-26,9.7600,9.8599,9.3510,9.6800,5871044
2014-09-19,10.3700,10.3900,9.6800,9.8000,5809600
2014-09-12,10.4300,10.6300,9.9000,10.3700,9724800
2014-09-05,11.1000,11.1800,10.4200,10.4700,8784300
2014-08-29,13.0900,13.4300,11.0000,11.0700,20500000
2014-08-22,13.0000,13.3399,12.7800,12.9800,4710500
2014-08-15,12.6700,13.0900,12.4700,12.9200,3733700
2014-08-08,12.3300,12.8400,12.3100,12.5900,3830600
2014-08-01,13.6700,13.8200,12.1300,12.2700,8387200
2014-07-25,13.5400,14.0500,13.4100,13.6600,4315100
2014-07-18,13.4100,13.6900,13.3396,13.6000,6624700
2014-07-11,14.5600,14.5899,13.1800,13.3350,6870700
2014-07-03,14.1300,14.8199,14.1100,14.5900,6593400
2014-06-27,15.4300,15.7100,14.3400,14.3900,11742200
2014-06-20,16.5300,17.2500,15.0100,15.5200,13100000
2014-06-13,16.8400,17.2800,16.4900,16.6200,5406100
2014-06-06,15.9900,16.7050,15.8600,16.6800,7147000
2014-05-30,15.5000,16.1700,15.2200,15.8800,4598000
2014-05-23,15.2700,15.7900,15.0000,15.3700,6277900
2014-05-16,15.6600,16.1500,14.7300,15.2500,5746900
2014-05-09,16.0700,16.0900,15.0000,15.5600,5960700
2014-05-02,14.1200,16.1999,14.1100,15.8800,10728400
2014-04-25,14.2100,14.6400,13.8800,14.0300,3972400
2014-04-17,14.0200,14.4100,13.8200,14.2000,3947700
2014-04-11,14.9400,14.9700,13.6500,13.9100,7546900
2014-04-04,14.4000,15.0920,14.3050,14.9300,9615600
2014-03-28,13.8400,14.4900,13.7200,14.3300,6638400
2014-03-21,14.0000,14.1300,13.5700,13.8500,7956700
2014-03-14,13.8000,14.7100,13.6000,13.9200,9331500
2014-03-07,11.5400,14.2700,11.3900,13.7900,22088600
2014-02-28,12.5700,12.6400,11.3100,11.5000,11989200
2014-02-21,12.6500,12.7900,12.1900,12.5200,6148900
2014-02-14,12.3600,12.9600,12.1900,12.6400,7269300
2014-02-07,13.0900,13.0900,12.0200,12.5200,5421500
2014-01-31,13.4800,13.5000,12.6800,13.0900,4941000
2014-01-24,14.4800,14.8300,13.1800,13.4400,5532500
2014-01-17,14.9800,15.5550,14.0700,14.2800,7427500
2014-01-10,13.4500,15.2700,13.1600,14.9900,11180300
2014-01-03,13.1800,13.8700,13.1500,13.4300,4877900
2013-12-27,12.9500,13.4400,12.9500,13.2100,3833900
2013-12-20,12.5800,12.9600,12.3000,12.9300,8779600
2013-12-13,12.3000,12.9825,11.8600,12.3700,13723900
2013-12-06,11.7800,12.3600,11.3300,12.2100,8391700
2013-11-29,11.9700,11.9900,11.6940,11.8200,3982800
2013-11-22,11.1700,11.9900,11.0300,11.9700,7597000
2013-11-15,11.1200,11.4500,11.0400,11.1500,5242900
2013-11-08,11.0100,11.4800,11.0100,11.1700,6393600
2013-11-01,10.5900,10.9800,10.5000,10.9800,5534000
2013-10-25,11.2200,11.2400,10.5700,10.6200,6789400
2013-10-18,11.1200,11.4600,10.9800,11.2200,5915900
2013-10-11,10.6800,11.2600,10.3300,11.2600,9347600
2013-10-04,11.0600,11.2100,10.6600,10.7200,7631900
2013-09-27,11.5300,11.6700,11.1055,11.2300,7993500
2013-09-20,11.3200,11.7700,10.9400,11.6000,13810500
2013-09-13,10.4300,11.2700,10.4300,11.2100,13411800
2013-09-06,11.0700,11.5400,10.2500,10.3100,17183900
2013-08-30,11.2100,11.2999,10.7000,10.9400,9826200
2013-08-23,11.2400,11.3800,10.9600,11.2100,10266300
2013-08-16,12.1600,12.5400,10.9500,11.2400,13485200
2013-08-09,12.5200,13.3800,12.2200,12.2700,17860500
2013-08-02,11.1800,12.6400,11.0300,12.4500,12655000
2013-07-26,11.0100,11.2400,10.8400,11.0700,7209500
2013-07-19,11.0200,11.4000,10.9750,11.0200,9189100
2013-07-12,10.2600,11.0000,10.2500,10.9800,11803600
2013-07-05,10.1200,10.4500,9.8850,10.2500,9994000
2013-06-28,9.5400,10.1000,9.4600,9.9800,18687000
2013-06-21,9.8600,10.0300,9.6100,9.6400,11671300
2013-06-14,9.2000,9.9200,9.0800,9.7800,11742700
2013-06-07,9.1200,9.3700,9.0048,9.2100,5655400
2013-05-31,9.1500,9.2400,8.9000,9.1100,4386700
2013-05-24,9.1800,9.2700,8.7200,9.0800,6408800
2013-05-17,8.8200,9.2700,8.7500,9.1800,5833600
2013-05-10,8.7300,8.9400,8.7100,8.8600,5236500
2013-05-03,8.7100,9.0400,8.5300,8.7400,7087900
2013-04-26,8.6400,8.9000,8.4750,8.7100,5905800
2013-04-19,8.9700,8.9900,8.3800,8.6300,8137700
2013-04-12,8.5600,9.2300,8.4300,9.0400,10101400
2013-04-05,8.9700,9.0200,8.2500,8.6000,12292400
2013-03-28,9.4500,9.5500,8.9600,9.0000,9576300
2013-03-22,9.1800,9.7700,8.9800,9.4100,10518000
2013-03-15,9.7100,9.7800,9.1500,9.2100,13583200
2013-03-08,10.0000,10.6300,9.5600,9.7700,31242400
2013-03-01,9.2500,9.8400,8.9000,9.8200,16313800
2013-02-22,9.4700,9.6100,8.6100,9.1800,10604400
2013-02-15,9.2500,9.6800,9.0200,9.4200,11850800
2013-02-08,8.7400,9.2500,8.6600,9.2100,10586500
2013-02-01,8.9200,8.9200,8.4800,8.7600,10006800
2013-01-25,9.1400,9.1400,8.7100,8.8300,13594900
2013-01-18,8.2900,9.2500,8.1150,9.0200,28730900
2013-01-11,8.8800,8.8896,7.9800,8.3300,22635500
2013-01-04,8.2700,8.9600,8.2100,8.8000,18241600
2012-12-28,8.1900,8.3500,7.9200,8.1802,14032800
2012-12-21,9.3000,9.3000,7.6700,8.0950,67608900
2012-12-14,9.9000,10.1900,9.0500,9.1300,27227300
2012-12-07,10.6600,11.2500,9.7700,9.9200,29638900
2012-11-30,9.7600,10.9300,9.7100,10.6000,13689600
2012-11-23,9.8600,10.4100,9.5700,9.8400,8198500
2012-11-16,10.3500,10.7800,9.0700,9.4300,12405000
2012-11-09,9.1900,10.9700,9.0158,10.2600,21489600
2012-11-02,9.7700,9.8500,8.5800,9.0302,7517100
2012-10-26,9.9000,9.9300,9.2800,9.7100,7856400
2012-10-19,10.1500,10.4650,9.7200,9.7600,8046800
2012-10-12,10.2200,10.6000,10.0500,10.1700,5995400
2012-10-05,11.1400,11.2400,10.1500,10.2200,10471600
2012-09-28,10.9200,11.0400,10.2700,11.0150,11735100
2012-09-21,10.5300,11.2100,10.4200,10.9700,12058700
2012-09-14,10.2200,10.9500,10.0982,10.5500,16825900
2012-09-07,8.0900,11.0000,7.8600,10.0700,23129700
2012-08-31,8.1000,8.2399,7.9000,8.0400,4221300
2012-08-24,8.2700,8.3500,7.4000,8.0500,11162200
2012-08-17,9.5800,9.9200,7.8300,8.2300,13414900
2012-08-10,9.5900,9.9250,9.3200,9.5900,6088800
2012-08-03,9.9300,10.2500,9.0301,9.6000,11928400
2012-07-27,9.5000,9.9500,9.1700,9.8000,7972100
2012-07-20,9.6100,10.0000,9.3000,9.5700,8706700
2012-07-13,8.9800,9.9200,8.6300,9.6310,12492600
2012-07-06,8.2900,9.1800,8.1800,8.8000,10485000
2012-06-29,7.0000,8.3300,6.7400,8.3050,12269100
2012-06-22,6.5400,7.3300,6.4720,7.0750,6808900
2012-06-15,6.7500,6.7800,6.2300,6.5650,4366900
2012-06-08,6.5100,7.0100,6.0700,6.7000,6424300
2012-06-01,6.9200,7.0400,6.4900,6.5200,3760000
2012-05-25,6.7700,7.0800,6.2900,6.8900,8663900
2012-05-18,7.5300,7.6500,6.1000,6.2300,7783800
2012-05-11,8.1100,8.2100,6.7200,7.6500,8964400
2012-05-04,8.3400,8.6200,8.0100,8.1500,7203300
2012-04-27,7.9700,8.4400,7.7500,8.2800,4192100
2012-04-20,7.9100,8.2500,7.7000,8.1200,4638000
2012-04-13,8.2300,8.2300,7.2700,7.8500,8620500
2012-04-05,7.8200,8.6000,7.8200,8.2900,10303200
2012-03-30,7.9300,7.9500,7.6000,7.7500,5456800
2012-03-23,6.8700,8.0000,6.6600,7.7900,10872300
2012-03-16,6.9100,7.0300,6.6400,6.7400,6828300
2012-03-09,5.1500,7.0900,5.1450,6.9500,11623800
2012-03-02,5.4400,5.4707,5.1100,5.1300,1958400
2012-02-24,5.3000,5.5300,5.1100,5.4700,3884800
2012-02-17,5.2100,5.3500,5.1600,5.2500,2335000
2012-02-10,5.3100,5.3500,4.9300,5.1600,3709800
2012-02-03,5.1200,5.3600,5.0300,5.3200,3635700
2012-01-27,4.7200,5.2000,4.6000,5.1400,3556500
2012-01-20,4.8300,4.9500,4.5900,4.7400,2369700
2012-01-13,4.6700,4.8700,4.5200,4.8000,4098000
2012-01-06,4.4400,4.7500,4.3600,4.6800,5138100
2011-12-30,4.3400,4.5000,4.2900,4.3600,2611900
2011-12-23,3.9200,4.4900,3.8300,4.4000,5534500
2011-12-16,3.6800,4.0800,3.6200,3.9000,5101700
2011-12-09,3.0100,3.9100,2.9400,3.8300,5096800
2011-12-02,3.0300,3.0800,2.8200,2.9800,1476300
2011-11-25,2.9800,3.0400,2.7200,2.7200,1185300
2011-11-18,3.0900,3.1500,2.9800,3.0200,1264300
2011-11-11,3.0300,3.1300,2.9500,3.1200,2241800
2011-11-04,3.0100,3.0700,2.8800,3.0500,1574500
2011-10-28,2.9500,3.1500,2.8700,3.0500,2226500
2011-10-21,2.9300,2.9500,2.7900,2.9400,1677400
2011-10-14,2.8200,3.0000,2.7200,2.9400,2536000
2011-10-07,2.4800,3.0700,2.2900,2.7800,3613600
2011-09-30,2.6500,2.7500,2.4200,2.5200,1779200
2011-09-23,2.7900,2.7900,2.4900,2.6500,1678600
2011-09-16,2.7700,2.8600,2.6200,2.8300,2787000
2011-09-09,2.9100,3.2000,2.7400,2.7400,3893000
2011-09-02,2.9500,3.3600,2.9080,3.0200,2320400
2011-08-26,2.8900,2.9700,2.8300,2.9200,1472400
2011-08-19,2.8500,2.9100,2.7500,2.8400,1405300
2011-08-12,2.9100,3.3800,2.7200,2.8200,2966700
2011-08-05,3.3900,3.3900,2.8500,2.9900,1795100
2011-07-29,3.4500,3.5000,3.2300,3.3600,1840600
2011-07-22,3.5400,3.5600,3.3700,3.4900,1150100
2011-07-15,3.5500,3.6701,3.4700,3.5600,1986900
2011-07-08,3.3500,3.6500,3.3000,3.5900,2942800
2011-07-01,2.6500,3.4100,2.6500,3.4100,4188800
2011-06-24,2.9200,2.9600,2.6300,2.8200,4363700
2011-06-17,3.1800,3.1800,2.8800,2.9400,2082700
2011-06-10,3.2300,3.2900,3.1000,3.1600,1185400
2011-06-03,3.4700,3.4800,3.2900,3.3000,1551100
2011-05-27,3.4100,3.5000,3.4000,3.4500,1471000
2011-05-20,3.5000,3.5200,3.4200,3.4300,1607100
2011-05-13,3.5000,3.5600,3.5000,3.5400,1465100
2011-05-06,3.6000,3.6501,3.4500,3.5200,1715700
2011-04-29,3.4800,3.6200,3.4400,3.6000,1893500
2011-04-21,3.4800,3.5100,3.4500,3.4900,875000
2011-04-15,3.5000,3.5500,3.4600,3.5200,1227300
2011-04-08,3.5100,3.6600,3.4900,3.5100,2136200
2011-04-01,3.5300,3.5800,3.4500,3.5300,1412700
2011-03-25,3.4800,3.5700,3.4300,3.5100,1868400
2011-03-18,3.5600,3.5600,3.2700,3.4700,3888200
2011-03-11,3.8600,4.0200,3.4700,3.5000,5352200
2011-03-04,4.0000,4.0500,3.8300,3.8800,2400500
2011-02-25,3.7600,4.0550,3.7600,4.0000,4201100
2011-02-18,3.7300,3.8500,3.7000,3.8000,2902700
2011-02-11,3.7400,3.7600,3.6900,3.7500,1815700
2011-02-04,3.5400,3.7400,3.5400,3.7300,3234300
2011-01-28,3.6300,3.6800,3.5400,3.5500,3370000
2011-01-21,3.7500,3.7700,3.6300,3.6300,1797500
2011-01-14,3.6500,3.8000,3.6300,3.7700,2165300
2011-01-07,3.7500,3.7700,3.6700,3.6800,2704000
2010-12-31,3.7500,3.8000,3.7200,3.7400,1692200
2010-12-23,3.8000,3.8000,3.7100,3.7800,2451400
2010-12-17,3.8700,3.9000,3.7100,3.7700,4371000
2010-12-10,4.1400,4.2000,3.7800,3.8700,6019900
2010-12-03,3.8100,4.1900,3.7500,4.1400,6138400
2010-11-26,3.8400,3.9000,3.7300,3.8100,1338900
2010-11-19,3.8900,3.9900,3.8200,3.8500,2401900
2010-11-12,3.8300,3.9500,3.7500,3.8600,2352500
2010-11-05,3.7500,3.8500,3.7000,3.8300,2652300
2010-10-29,3.9400,3.9400,3.7000,3.7500,2494200
2010-10-22,3.8300,3.9800,3.8000,3.9200,2230200
2010-10-15,3.7900,3.8700,3.6900,3.8300,4097100
2010-10-08,3.6100,3.8000,3.5800,3.8000,4228100
2010-10-01,3.6500,3.7200,3.5300,3.6100,4283100
2010-09-24,3.6800,3.7400,3.5900,3.6500,3709200
2010-09-17,3.6700,3.7500,3.6500,3.6800,4679000
2010-09-10,4.0700,4.1000,3.5300,3.6500,8059500
2010-09-03,3.7500,4.1101,3.6600,4.0700,6328400
2010-08-27,3.7900,3.7999,3.6100,3.7500,4253600
2010-08-20,3.6800,3.8000,3.5500,3.7900,6566000
2010-08-13,3.9400,4.0200,3.7000,3.7000,3357500
2010-08-06,3.9000,3.9420,3.8600,3.9200,3037000
2010-07-30,4.0800,4.1000,3.8400,3.8500,3497500
2010-07-23,3.8800,4.0700,3.8300,4.0600,3426100
2010-07-16,3.9900,4.0100,3.8600,3.8700,3821300
2010-07-09,4.1800,4.2400,3.8700,3.9800,4893200
2010-07-02,4.0800,4.6000,4.0400,4.1300,10157400
2010-06-25,4.2500,4.3000,4.0600,4.1000,3119000
2010-06-18,4.2600,4.3500,4.1600,4.2100,2283600
2010-06-11,4.1800,4.2600,4.0200,4.2500,3103900
2010-06-04,4.3200,4.4800,4.1500,4.1575,2945100
2010-05-28,4.3700,4.4800,4.1100,4.3550,4148000
2010-05-21,4.4700,4.7100,4.0000,4.3100,7737500
2010-05-14,4.3400,4.6100,4.1400,4.4600,5841300
2010-05-07,4.5000,4.6550,3.9800,4.2200,7238600
2010-04-30,4.1600,4.4900,4.0900,4.4700,8831900
2010-04-23,4.1600,4.2500,4.0500,4.1800,3735700
2010-04-16,3.9900,4.2700,3.9900,4.1800,6037600
2010-04-09,3.8700,4.1500,3.8699,3.9700,6597100
2010-04-01,3.9000,3.9100,3.7500,3.8600,4299900
2010-03-26,3.8500,3.9800,3.8400,3.8800,5383300
2010-03-19,4.1700,4.1900,3.8300,3.8600,11070200
2010-03-12,4.7800,4.8900,4.1300,4.1400,11671400
2010-03-05,4.2500,4.8500,4.1600,4.7400,7442700
2010-02-26,4.3000,4.3600,4.1100,4.2700,3006900
2010-02-19,4.2500,4.4100,4.2000,4.3000,2838200
2010-02-12,4.0200,4.2200,4.0200,4.2200,3533500
2010-02-05,3.9900,4.2500,3.9300,4.0000,5227500
2010-01-29,4.0400,4.1100,3.8900,3.9600,4071700
2010-01-22,4.2300,4.2800,3.9500,4.0100,5355400
2010-01-15,4.4500,4.4800,4.1600,4.2000,6655000
2010-01-08,4.1000,4.5699,3.9900,4.4600,10685900
2009-12-31,3.9600,4.2400,3.8900,4.0900,5830600
2009-12-24,4.0200,4.0300,3.9000,3.9000,3705200
2009-12-18,4.0000,4.0800,3.8300,3.9700,7737200
2009-12-11,4.4600,4.5000,3.9100,3.9200,15485300
2009-12-04,4.7000,5.8000,4.3000,4.4500,24861900
2009-11-27,4.7300,4.7800,4.5100,4.7000,3415900
2009-11-20,4.8800,4.9000,4.6200,4.7000,4346100
2009-11-13,4.3700,4.8600,4.3000,4.8200,7510600
2009-11-06,4.2800,4.3300,4.0500,4.2700,5508000
2009-10-30,4.8100,4.9000,4.2500,4.2700,8054700
2009-10-23,5.1300,5.1500,4.7500,4.8100,4647600
2009-10-16,4.9500,5.1700,4.7500,5.0500,6410400
2009-10-09,4.9200,4.9900,4.7200,4.8900,4833600
2009-10-02,5.1500,5.2900,4.3300,4.8400,7247300
2009-09-25,5.5100,5.5900,5.0787,5.1400,6472800
2009-09-18,5.7900,5.8800,5.5400,5.5500,6433300
2009-09-11,5.3000,6.3500,5.2600,5.8600,13578700
2009-09-04,5.4500,5.4800,5.0100,5.2800,6043700
2009-08-28,5.6000,5.7500,5.0100,5.4700,7244000
2009-08-21,5.6900,5.9999,5.3300,5.8900,4334800
2009-08-14,6.0500,6.0640,5.6600,5.7700,5342800
2009-08-07,6.2300,6.2300,5.8700,6.0600,4687900
2009-07-31,6.5300,6.6900,5.8300,6.0600,6160200
2009-07-24,6.6600,6.9800,6.3100,6.5100,6994100
2009-07-17,5.6900,6.7700,5.4800,6.6200,10886300
2009-07-10,5.5400,5.7200,5.1000,5.5900,6409000
2009-07-02,5.5000,5.8900,5.2500,5.5800,7772900
2009-06-26,5.9700,5.9700,5.0500,5.8500,16873500
2009-06-19,4.9500,6.1300,4.5900,6.0300,13385100
2009-06-12,4.7800,5.1400,4.6200,4.9500,5037500
2009-06-05,5.4500,5.7000,4.7400,4.7800,7037600
2009-05-29,5.2800,5.7400,5.1500,5.2800,3905600
2009-05-22,5.8700,5.9000,5.1901,5.2700,5196600
2009-05-15,6.3800,6.3800,4.7500,5.5100,12259600
2009-05-08,7.1700,7.5200,6.2300,6.3300,9111300
2009-05-01,6.7500,7.5000,6.4500,7.0100,5570200
2009-04-24,6.5500,7.1350,6.2000,6.6200,5278500
2009-04-17,6.3800,6.7900,6.0000,6.6100,5115400
2009-04-09,5.9500,6.4500,5.4600,6.3200,4516400
2009-04-03,5.8900,6.2800,5.1100,5.9300,8913700
2009-03-27,5.6200,6.8900,5.6200,6.0400,10131100
2009-03-20,5.2200,5.7700,5.1000,5.6000,10949800
2009-03-13,4.5500,5.1300,3.8400,5.1100,15282600
2009-03-06,3.8000,4.4500,3.2501,4.4300,8325700
2009-02-27,2.9000,4.1400,2.8600,3.8300,10613000
2009-02-20,2.7700,2.8600,2.4500,2.8300,2368500
2009-02-13,2.7100,2.8200,2.5600,2.7800,1703200
2009-02-06,2.3200,2.8000,2.3000,2.6600,2403900
2009-01-30,2.3100,2.5000,2.0400,2.3600,1958100
2009-01-23,2.5700,2.7500,2.2600,2.3100,1739000
2009-01-16,2.7800,2.8000,2.2600,2.5580,2298000
2009-01-09,2.4000,2.9200,2.3500,2.7900,2864800
2009-01-02,2.2400,2.3600,2.0900,2.3500,1625000
2008-12-26,2.5000,2.5000,2.1500,2.2400,1128900
2008-12-19,2.7300,2.7500,2.1500,2.4200,3818200
2008-12-12,2.5800,2.7400,2.1600,2.6200,2535500
2008-12-05,2.1300,2.6400,2.0200,2.5500,3274200
2008-11-28,1.9000,2.1000,1.6800,2.0600,1889200
2008-11-21,2.5100,2.6100,1.6700,1.8500,3043500
2008-11-14,2.6000,3.2900,2.3000,2.5400,4473000
2008-11-07,2.3800,2.9600,2.2700,2.3300,4118100
2008-10-31,1.7700,2.3000,1.5300,2.3000,5379400
2008-10-24,2.1000,2.1800,1.6400,1.7300,2772200
2008-10-17,2.4200,2.6700,2.0000,2.0000,2685200
2008-10-10,2.8500,3.1200,1.8250,2.2100,4256600
2008-10-03,3.6500,3.9500,2.8700,2.8700,2985600
2008-09-26,4.7700,5.0000,3.3800,3.6600,2246600
2008-09-19,4.5500,5.1500,4.2000,5.0000,2897200
2008-09-12,4.8600,4.8700,4.5000,4.7900,2325900
2008-09-05,5.7000,5.8300,4.6900,4.8600,2162400
2008-08-29,5.4500,5.7500,5.1800,5.6700,1036400
2008-08-22,5.6400,5.7700,5.2800,5.4800,1593300
2008-08-15,5.0600,5.7000,5.0600,5.6200,2387100
2008-08-08,4.5200,5.1400,4.2800,5.0800,2248000
2008-08-01,4.7700,4.8000,4.4000,4.5300,1820700
2008-07-25,4.7600,5.0100,4.6100,4.8000,2284300
2008-07-18,4.6500,4.9100,4.0800,4.7800,2055700
2008-07-11,4.9700,5.0500,4.5700,4.7200,2359500
2008-07-03,5.1800,5.3200,4.9100,4.9800,1806700
2008-06-27,5.3300,5.7500,5.0000,5.2100,4352500
2008-06-20,5.4200,5.6100,5.1500,5.3200,3109200
2008-06-13,5.4600,5.6400,4.7500,5.4800,5281800
2008-06-06,5.8400,5.9300,5.4600,5.4600,2804900
2008-05-30,5.7100,5.9700,5.5000,5.7700,2774600
2008-05-23,6.0500,6.2600,5.4100,5.6700,4284100
2008-05-16,6.4800,6.8400,6.0000,6.0500,3218100
2008-05-09,7.4400,7.4400,6.4100,6.4600,2911400
2008-05-02,6.7800,7.7700,6.6400,7.4000,6705700
2008-04-25,5.8300,6.7500,5.7500,6.7400,3154000
2008-04-18,5.5900,5.9500,5.5800,5.8900,1737900
2008-04-11,5.7300,6.3500,5.5500,5.6200,3856700
2008-04-04,5.0000,6.0400,4.9700,5.6600,3546900
2008-03-28,4.6500,5.1200,4.5601,5.0600,3021800
2008-03-20,4.7100,5.0400,4.5500,4.5500,3194000
2008-03-14,5.0400,5.0540,4.4100,4.9400,3872300
2008-03-07,5.1000,5.1900,4.2800,4.9500,5585600
2008-02-29,5.0800,5.6400,5.0000,5.1200,3463400
2008-02-22,5.4000,5.4900,4.8800,5.0300,2574800
2008-02-15,4.6800,5.7800,4.5600,5.1700,6797700
2008-02-08,4.7500,4.9500,4.5000,4.6000,3397300
2008-02-01,4.2800,4.9900,4.2500,4.7000,4846500
2008-01-25,4.4500,4.5000,3.7201,4.2700,8429400
2008-01-18,5.8900,5.9600,5.0100,5.0300,4854400
2008-01-11,5.2500,6.1300,4.7900,5.7600,9606200
2008-01-04,6.1900,6.4300,4.8300,5.1500,6671100
2007-12-28,6.0900,6.3000,5.7600,6.1500,3896000
2007-12-21,6.2500,6.3000,5.5900,6.0000,6982500
2007-12-14,7.1800,7.1800,5.5500,6.3000,17489800
2007-12-07,10.0200,10.3500,6.6800,7.0800,17814700
2007-11-30,10.2100,10.4500,9.5100,9.9600,4578600
2007-11-23,11.1500,11.3400,9.8100,10.2200,4236900
2007-11-16,11.2300,11.3400,10.7800,11.2100,4761200
2007-11-09,12.2500,12.7700,10.3200,11.1800,9666600
2007-11-02,20.7400,20.7400,10.5400,12.2500,30522000
2007-10-26,21.0000,21.8000,20.5700,20.7500,2540400
2007-10-19,21.2900,22.0000,20.2601,21.1600,2835600
2007-10-12,18.8400,21.6700,18.6401,21.3800,4173100
2007-10-05,19.1500,19.4600,18.3500,18.9400,3004400
2007-09-28,18.9000,20.1000,17.9500,19.0900,4441700
2007-09-21,19.1300,20.0000,18.8000,19.0600,4045400
2007-09-14,21.1000,21.6900,19.0900,19.1500,3481900
2007-09-07,21.1700,21.4500,19.7800,21.0600,5006400
2007-08-31,20.0300,21.5200,18.9900,21.0000,2061100
2007-08-24,19.6800,20.2300,18.8400,20.0100,2041900
2007-08-17,20.5100,20.7100,17.1500,19.0600,3269300
2007-08-10,18.5000,22.8000,18.1400,19.9700,7267400
2007-08-03,17.5600,19.6500,17.4400,18.4500,4659900
2007-07-27,17.7500,18.6600,16.5500,17.3700,3552400
2007-07-20,18.0000,19.1200,17.5000,17.7600,3906300
2007-07-13,16.8200,18.7100,16.6200,17.9100,5929800
2007-07-06,16.9700,17.0000,16.3900,16.8200,1474500
2007-06-29,16.5000,17.2300,16.0300,16.7500,4773800
2007-06-22,16.0000,16.9800,15.6700,16.3100,5316500
2007-06-15,15.2000,16.1500,14.4100,16.1500,6970100
2007-06-08,14.0200,15.2200,13.8700,14.8300,4394100
2007-06-01,13.9400,14.4000,13.6400,14.0200,1926800
2007-05-25,13.2500,14.4300,13.2200,13.8700,4009000
2007-05-18,12.9600,13.4400,12.0400,13.2100,5783300
2007-05-11,13.7500,14.0000,12.8500,12.9900,2528900
2007-05-04,14.0700,14.1000,13.0500,13.6800,3625100
2007-04-27,14.0000,14.2700,13.6600,14.0900,3369300
2007-04-20,15.1500,15.3500,13.3500,13.9500,5408100
2007-04-13,14.2700,15.4500,14.0400,15.1900,5718800
2007-04-05,13.3800,14.7000,13.2200,14.0800,4201800
2007-03-30,13.4000,13.6100,12.9300,13.0900,1337400
2007-03-23,13.2500,13.6700,12.7900,13.3800,1635200
2007-03-16,12.2700,13.7400,12.2400,13.2300,3827500
2007-03-09,12.2100,12.5000,11.9200,12.3400,1766400
2007-03-02,12.9300,13.0000,11.9100,12.3100,2314200
2007-02-23,12.9200,13.0900,12.6400,12.9000,1106700
2007-02-16,12.6400,13.5000,12.3000,12.8900,3126800
2007-02-09,11.6700,12.9200,11.5800,12.6400,3108000
2007-02-02,10.8400,11.7400,10.8000,11.6800,1753400
2007-01-26,11.0000,11.1000,10.5000,10.7700,2192300
2007-01-19,11.4800,11.9300,10.8300,11.0000,3210300
2007-01-12,10.5500,11.4799,10.4600,11.4600,2835900
2007-01-05,10.4200,10.9800,10.1000,10.5200,2479400
2006-12-29,10.1600,10.4500,9.9900,10.3400,1996500
2006-12-22,10.3500,10.9300,9.6100,10.1350,6346200
2006-12-15,11.7464,11.8400,9.9100,10.2700,6519500
2006-12-08,12.9500,14.4000,11.4000,11.6000,6303100
2006-12-01,13.0200,13.1899,12.4200,12.9300,2141300
2006-11-24,12.7200,13.4300,12.5800,13.1200,939700
2006-11-17,12.7200,13.4600,11.5500,12.7500,4776000
2006-11-10,13.2600,13.4000,12.5900,12.8200,2026200
2006-11-03,13.7600,14.1400,12.5700,13.2500,1956700
2006-10-27,13.8000,14.2500,13.0900,13.9200,3276100
2006-10-20,12.9200,13.9700,12.4100,13.4700,2877700
2006-10-13,13.9200,13.9300,12.3600,13.0000,5902200
2006-10-06,14.0000,14.8500,13.5100,14.1800,4743900
2006-09-29,12.3500,13.9800,11.8600,13.8800,4016900
2006-09-22,13.4700,13.6700,11.5500,12.4200,5891400
2006-09-15,10.3300,13.8800,10.2500,13.4100,10739200
2006-09-08,9.8300,10.9800,9.5100,10.7700,4710600
2006-09-01,8.7700,9.9900,8.6200,9.8000,3158900
2006-08-25,9.0000,9.0000,8.4100,8.8500,1369500
2006-08-18,8.1600,8.9700,8.1500,8.9400,1640300
2006-08-11,8.6400,8.7000,8.0600,8.1600,871600
2006-08-04,8.0500,9.1200,7.9300,8.6800,1782400
2006-07-28,7.5800,8.4500,7.4800,8.0800,998200
2006-07-21,8.3500,8.4000,7.1500,7.5200,2497900
2006-07-14,8.1500,8.7400,7.4000,8.4000,2041000
2006-07-07,8.2200,9.1000,8.1000,8.1500,2100500
2006-06-30,8.2000,8.3500,8.0000,8.2200,3129600
2006-06-23,8.0000,8.4000,7.9000,8.2000,2700700
2006-06-16,7.3400,8.0100,6.7700,7.9200,2756400
2006-06-09,7.8300,7.8500,6.8600,7.4300,2194600
2006-06-02,6.8900,7.8400,6.8700,7.7300,2488600
2006-05-26,6.7100,6.9000,6.2500,6.8800,1203000
2006-05-19,6.1200,6.9200,6.0100,6.6200,1409100
2006-05-12,6.4800,6.9100,6.2500,6.4200,1224100
2006-05-05,6.1500,6.5000,5.9000,6.4800,1245800
2006-04-28,6.8800,6.8800,6.0800,6.3900,1691000
2006-04-21,6.4500,6.8900,6.3500,6.8300,1893200
2006-04-13,6.2300,6.4900,6.1300,6.2600,1115200
2006-04-07,6.0500,6.5000,5.9600,6.4100,1248300
2006-03-31,6.4000,6.5500,5.8700,6.0500,2526600
2006-03-24,5.8400,6.4000,5.7700,6.2700,2629700
2006-03-17,5.6000,5.9000,5.5000,5.8400,1451700
2006-03-10,5.1500,5.6900,5.1500,5.5100,2547300
2006-03-03,5.0200,5.2200,4.9000,5.1500,1173300
2006-02-24,4.9000,5.0500,4.8900,5.0100,723300
2006-02-17,4.5000,5.1900,4.4600,4.9790,1913700
2006-02-10,4.5700,4.5900,4.3900,4.5000,1840300
2006-02-03,4.3300,4.8000,4.2200,4.5200,1014100
2006-01-27,4.4000,4.4576,4.1500,4.3400,824700
2006-01-20,4.3500,4.4500,4.2000,4.4000,1337000
2006-01-13,3.9300,4.3500,3.8800,4.3200,1687000
2006-01-06,3.9300,4.0800,3.8600,3.9300,657800
2005-12-30,3.7900,3.9400,3.5000,3.9300,1259800
2005-12-23,3.8500,4.0900,3.7800,3.7900,895500
2005-12-16,3.9400,4.1900,3.5800,3.8400,1724100
2005-12-09,4.1800,4.5000,3.6800,3.7200,1813300
2005-12-02,4.1600,4.3400,3.9000,4.2300,888200
2005-11-25,4.3600,4.4000,4.1100,4.2500,420200
2005-11-18,4.6500,4.6600,4.0600,4.3900,1038400
2005-11-11,4.8900,4.9600,4.5000,4.6000,1006500
2005-11-04,5.1900,5.2500,4.6600,4.8890,913300
2005-10-28,5.1700,5.2500,5.0300,5.1899,1171600
2005-10-21,5.0700,5.2000,4.7980,5.0700,1185200
2005-10-14,5.5200,5.5200,4.5000,4.9800,1058700
2005-10-07,5.6400,5.7200,4.9200,5.0200,1884800
2005-09-30,5.4500,5.7000,5.2800,5.6200,1689600
2005-09-23,4.7800,5.7000,4.5700,5.5400,3759800
2005-09-16,4.9300,4.9300,4.1500,4.6300,3040600
2005-09-09,5.1500,5.4700,4.7000,4.9300,2001800
2005-09-02,5.1500,5.3500,5.0500,5.1900,968400
2005-08-26,5.5100,5.8500,5.0500,5.1800,999000
2005-08-19,5.7500,6.0000,5.3500,5.5100,1869000
2005-08-12,5.4300,5.6900,5.0100,5.6800,1714000
2005-08-05,6.1200,6.2600,5.0400,5.6000,4325900
2005-07-29,4.7000,6.9600,4.3500,5.9700,8627800
2005-07-22,4.4600,4.7000,4.2000,4.6900,819900
2005-07-15,4.2200,4.5500,4.1500,4.5100,912400
2005-07-08,4.0000,4.2400,3.7600,4.2400,499100
2005-07-01,3.6700,4.0800,3.6700,4.0000,848000
2005-06-24,4.1000,4.2000,3.6000,3.6600,726700
2005-06-17,3.7900,4.1900,3.6800,4.1000,1319700
2005-06-10,3.8500,3.9000,3.5100,3.7620,630700
2005-06-03,3.7000,3.8500,3.5000,3.7500,804500
2005-05-27,3.2000,3.6700,3.1008,3.6500,1355400
2005-05-20,3.0500,3.2400,2.9515,3.1900,426600
2005-05-13,3.0500,3.4000,2.8000,3.0500,1401200
2005-05-06,2.8700,3.1000,2.7900,3.0400,895400
2005-04-29,2.5900,2.9400,2.5200,2.8400,847800
2005-04-22,2.4100,2.5900,2.4100,2.5900,460800
2005-04-15,2.5900,2.5900,2.3500,2.4100,437500
2005-04-08,2.4000,2.6100,2.3800,2.5400,406800
2005-04-01,2.5000,2.5000,2.2500,2.5000,601000
2005-03-24,2.4900,2.6000,2.4500,2.4700,372300
2005-03-18,2.4100,2.6000,2.3000,2.4500,682700
2005-03-11,2.2300,2.4100,1.9200,2.3500,1093000
2005-03-04,2.7000,2.7200,2.1200,2.2700,1052400
2005-02-25,2.7500,2.7600,2.5800,2.7400,583100
2005-02-18,2.4700,2.7900,2.4100,2.7500,1561700
2005-02-11,2.3500,2.4600,2.1800,2.3900,862200
2005-02-04,1.8700,2.4800,1.8600,2.3400,1835100
2005-01-28,1.8700,1.9700,1.7800,1.9000,728100
2005-01-21,1.9500,2.0300,1.8500,1.9200,586100
2005-01-14,1.6400,2.4000,1.5700,1.9200,5925700
2005-01-07,1.7500,1.7500,1.5800,1.6300,175000
2004-12-31,1.5800,1.7500,1.5600,1.7500,471900
2004-12-23,1.4500,1.6300,1.4500,1.5600,571300
2004-12-17,1.4200,1.5100,1.4200,1.5100,274500
2004-12-10,1.4600,1.5500,1.3800,1.4100,529600
2004-12-03,1.5000,1.5000,1.4400,1.4700,178500
2004-11-26,1.4400,1.5100,1.4400,1.5100,152000
2004-11-19,1.4900,1.5600,1.4200,1.4600,265700
2004-11-12,1.5500,1.5900,1.4900,1.5000,199000
2004-11-05,1.4500,1.5800,1.3800,1.5800,414900
2004-10-29,1.5700,1.5700,1.4600,1.4800,134300
2004-10-22,1.6000,1.6300,1.4800,1.5900,161600
2004-10-15,1.6800,1.7000,1.5400,1.5900,153900
2004-10-08,1.7000,1.7500,1.6000,1.6500,267600
2004-10-01,1.8800,1.9000,1.5800,1.7100,346200
2004-09-24,1.9400,1.9600,1.8100,1.8700,543300
2004-09-17,1.6700,1.9800,1.5900,1.8700,548200
2004-09-10,1.4200,1.7000,1.4200,1.6600,899200
2004-09-03,1.3900,1.5000,1.3800,1.4900,191400
2004-08-27,1.3400,1.5000,1.3400,1.4900,292700
2004-08-20,1.3700,1.4400,1.3500,1.3500,88600
2004-08-13,1.3400,1.4400,1.3400,1.4200,166700
2004-08-06,1.4700,1.4800,1.1500,1.3000,188000
2004-07-30,1.4800,1.4800,1.4000,1.4700,87100
2004-07-23,1.5800,1.5800,1.4400,1.4800,136200
2004-07-16,1.5100,1.6300,1.4200,1.5800,362900
2004-07-09,1.5600,1.5900,1.4200,1.5400,117900
2004-07-02,1.5800,1.6400,1.5200,1.5200,73900
2004-06-25,1.4800,1.6800,1.4100,1.6500,269100
2004-06-18,1.5000,1.5400,1.4000,1.4800,288600
2004-06-10,1.5600,1.5800,1.5000,1.5300,103300
2004-06-04,1.6500,1.6500,1.5200,1.5400,114200
2004-05-28,1.5500,1.6500,1.5200,1.6200,185100
2004-05-21,1.5300,1.6400,1.5200,1.5600,197700
2004-05-14,1.5800,1.6500,1.4300,1.5700,273500
2004-05-07,1.6700,1.7000,1.5500,1.5900,207900
2004-04-30,1.7300,1.7300,1.5800,1.6100,238000
2004-04-23,1.9900,2.0000,1.6600,1.7100,235600
2004-04-16,1.9800,2.1100,1.8600,1.9800,657600
2004-04-08,1.7500,2.0800,1.6900,1.9400,536200
2004-04-02,1.7000,1.7900,1.6300,1.7400,266000
2004-03-26,1.7000,1.7100,1.6000,1.7000,163200
2004-03-19,1.6000,1.7500,1.5100,1.6600,394000
2004-03-12,1.7400,1.7900,1.6100,1.6100,326300
2004-03-05,1.6500,1.7600,1.6500,1.6900,361900
2004-02-27,1.6000,1.6500,1.5000,1.6500,389800
2004-02-20,1.6400,1.6500,1.5400,1.5600,194000
2004-02-13,1.6100,1.6500,1.5500,1.6400,149200
2004-02-06,1.5500,1.6300,1.5100,1.5800,216900
2004-01-30,1.7200,1.7300,1.5200,1.6000,283400
2004-01-23,1.7800,1.8500,1.6500,1.6500,135300
2004-01-16,1.7500,1.8000,1.3900,1.7000,601500
2004-01-09,1.8000,1.8100,1.7200,1.7700,117300
2004-01-02,1.8300,1.8900,1.7700,1.8000,128000
2003-12-26,1.8500,1.8900,1.7500,1.8900,215000
2003-12-19,1.9500,1.9500,1.6000,1.8900,259600
2003-12-12,1.9900,2.0200,1.8500,1.8800,221800
2003-12-05,1.9500,2.0300,1.9000,2.0000,140100
2003-11-28,2.2500,2.3400,1.8100,1.9200,584100
2003-11-21,2.1600,2.4000,2.1600,2.3300,167500
2003-11-14,2.2000,2.2500,2.0900,2.1900,153300
2003-11-07,2.2500,2.2500,2.1000,2.2500,131300
2003-10-31,2.2300,2.2500,2.1000,2.2500,166700
2003-10-24,2.2500,2.3500,2.0800,2.2000,326700
2003-10-17,1.8900,2.5000,1.8500,2.3500,475900
2003-10-10,1.8500,1.8900,1.7600,1.8800,57700
2003-10-03,1.9000,1.9000,1.8000,1.8900,74900
2003-09-26,1.8300,1.8700,1.7500,1.8100,105000
2003-09-19,1.8700,1.8900,1.7500,1.8500,74900
2003-09-12,1.9000,1.9600,1.8000,1.8500,103700
2003-09-05,1.8500,1.9500,1.8500,1.9000,113000
2003-08-29,1.9400,1.9400,1.8500,1.8600,99400
2003-08-22,1.8800,1.9500,1.8100,1.9400,154800
2003-08-15,1.7900,1.9900,1.7100,1.9300,329600
2003-08-08,1.8000,1.8500,1.7000,1.7500,135700
2003-08-01,1.8900,1.9200,1.6500,1.7100,118600
2003-07-25,1.9000,1.9300,1.8000,1.8500,93800
2003-07-18,1.7200,1.9400,1.7000,1.9000,251100
2003-07-11,1.8300,1.8500,1.6800,1.7600,301000
2003-07-03,1.8200,1.8400,1.7400,1.8100,74700
2003-06-27,1.8500,1.8800,1.6300,1.7800,343600
2003-06-20,1.6200,1.9400,1.6200,1.8000,212300
2003-06-13,1.6700,1.7900,1.6100,1.6700,128600
2003-06-06,1.7000,1.7200,1.6000,1.6600,208500
2003-05-30,1.6000,1.7400,1.6000,1.6900,246100
2003-05-23,1.7300,1.7400,1.5000,1.6000,158100
2003-05-16,1.5400,1.7500,1.4600,1.7000,274300
2003-05-09,1.4500,1.5200,1.4000,1.5100,124500
2003-05-02,1.4300,1.4900,1.3500,1.4000,89000
2003-04-25,1.4600,1.4700,1.3500,1.4300,92900
2003-04-17,1.4500,1.4500,1.3000,1.4500,138300
2003-04-11,1.5600,1.5600,1.4600,1.4600,75500
2003-04-04,1.5500,1.6200,1.5000,1.5500,77400
2003-03-28,1.7100,1.7200,1.5300,1.5900,114800
2003-03-21,1.7700,1.7900,1.6000,1.6500,93300
2003-03-14,1.7500,1.7900,1.6000,1.7000,169800
2003-03-07,1.7800,1.8800,1.6500,1.6500,140600
2003-02-28,1.9200,1.9300,1.7500,1.7800,133400
2003-02-21,1.9400,1.9500,1.7000,1.8700,74200
2003-02-14,1.9500,1.9500,1.7000,1.9400,60700
2003-02-07,1.8200,2.0000,1.8000,1.8500,68400
2003-01-31,1.8200,1.9400,1.7000,1.8000,54700
2003-01-24,1.8500,1.9500,1.8100,1.8100,58700
2003-01-17,1.8500,1.9200,1.6300,1.8500,92200
2003-01-10,1.9900,1.9900,1.7500,1.8500,54200
2003-01-03,2.0400,2.0400,1.8000,1.8400,96300
2002-12-27,1.9500,2.0500,1.8000,2.0400,116600
2002-12-20,2.1000,2.1200,1.7700,1.9000,183700
2002-12-13,2.0400,2.2400,1.8000,2.1500,110300
2002-12-06,2.5000,2.7000,2.0000,2.0400,308200
2002-11-29,1.9400,2.6100,1.9400,2.4800,275400
2002-11-22,1.6700,2.0100,1.6300,2.0000,278400
2002-11-15,1.5200,1.6800,1.5200,1.6500,55100
2002-11-08,1.5000,1.6800,1.5000,1.6000,153400
2002-11-01,1.6000,1.6500,1.5000,1.5100,84800
2002-10-25,1.4000,1.6500,1.3600,1.5800,164200
2002-10-18,1.1500,1.4100,1.1000,1.4000,211000
2002-10-11,1.2500,1.2900,1.1000,1.1600,105400
2002-10-04,1.2900,1.3600,1.2500,1.2500,98400
2002-09-27,1.1200,1.2900,1.0800,1.2700,197800
2002-09-20,1.4500,1.5200,1.0000,1.0800,444600
2002-09-13,1.4000,1.4900,1.2800,1.4500,162300
2002-09-06,1.2200,1.4000,1.2200,1.4000,40900
2002-08-30,1.3100,1.4500,1.1100,1.2200,302200
2002-08-23,1.4900,1.5000,1.0800,1.4500,339600
2002-08-16,1.5600,1.7000,1.4900,1.5000,90500
2002-08-09,1.7000,1.7000,1.5400,1.5700,136800
2002-08-02,1.5200,1.7500,1.5200,1.7000,83600
2002-07-26,2.0000,2.0100,1.5000,1.5500,267800
2002-07-19,1.8500,2.0100,1.5800,1.9700,231000
2002-07-12,2.1600,2.1600,1.7800,1.8700,249800
2002-07-05,2.0600,2.1600,1.8200,2.1600,174400
2002-06-28,2.2000,2.2300,1.9500,2.0500,262500
2002-06-21,2.2200,2.3000,2.1500,2.2000,147400
2002-06-14,2.4800,2.5500,2.1800,2.2300,222100
2002-06-07,2.6400,2.6400,2.4800,2.5000,273300
2002-05-31,2.5800,2.6400,2.5200,2.6000,226500
2002-05-24,2.6400,2.6600,2.4000,2.6000,405900
2002-05-17,2.5300,2.6900,2.4700,2.6600,315400
2002-05-10,2.4500,2.8700,2.4300,2.4700,743800
2002-05-03,2.3800,2.4900,2.1000,2.4500,381400
2002-04-26,2.5200,2.6000,2.3800,2.3800,278700
2002-04-19,2.6700,2.7400,2.4900,2.5200,357600
2002-04-12,2.4900,2.8200,2.4500,2.6700,537000
2002-04-05,2.0900,2.5400,2.0800,2.5000,1254600
2002-03-28,2.4400,2.4400,1.5300,2.0000,1089500
2002-03-22,2.3900,2.9600,2.2600,2.4300,2939700
2002-03-15,1.5000,2.2600,1.4900,2.2300,1090100
2002-03-08,1.2500,1.6200,1.2100,1.5000,827800
2002-03-01,1.1900,1.2500,1.0900,1.2500,295100
2002-02-22,1.1500,1.2400,1.1000,1.1900,349400
2002-02-15,0.8500,1.2700,0.8200,1.1500,1109600
2002-02-08,0.8500,0.8600,0.8000,0.8500,155600
2002-02-01,0.8400,0.8400,0.8000,0.8100,90600
2002-01-25,0.8400,0.8800,0.8000,0.8400,131200
2002-01-18,0.8500,0.8700,0.8100,0.8400,122900
2002-01-11,0.7600,0.8800,0.7600,0.8500,225500
2002-01-04,0.8100,0.8900,0.7500,0.7600,172500
2001-12-28,0.8400,0.8800,0.8100,0.8100,92900
2001-12-21,0.7300,0.9100,0.7000,0.8100,289700
2001-12-14,0.7900,0.7900,0.7200,0.7400,122400
2001-12-07,0.8100,0.8400,0.7800,0.7900,145200
2001-11-30,0.8400,0.8500,0.7700,0.8400,100800
2001-11-23,0.8200,0.8600,0.8000,0.8100,97100
2001-11-16,0.8200,0.8800,0.7700,0.8600,278300
2001-11-09,0.7500,0.7900,0.6800,0.7900,186400
2001-11-02,0.8000,0.8400,0.7100,0.7200,154300
2001-10-26,0.7200,0.8500,0.6700,0.7600,406500
2001-10-19,0.7200,0.8000,0.6700,0.7200,119000
2001-10-12,0.7900,0.7900,0.7000,0.7500,159000
2001-10-05,0.7700,0.8700,0.7200,0.7900,114000
2001-09-28,0.8400,0.9000,0.7200,0.8500,97100
2001-09-21,0.9200,1.0100,0.7700,0.8000,271700
2001-09-10,0.9100,0.9100,0.8400,0.8600,32200
2001-09-07,0.8800,0.9400,0.8600,0.9100,60200
2001-08-31,0.9200,1.0000,0.8600,0.9600,112300
2001-08-24,1.0200,1.0500,0.9200,0.9200,100000
2001-08-17,0.9800,1.1000,0.8800,1.0200,206600
2001-08-10,1.0300,1.2700,0.9000,0.9200,741300
2001-08-03,0.7500,1.0500,0.7300,1.0100,741000
2001-07-27,0.7600,0.8000,0.7200,0.7200,128500
2001-07-20,0.7600,0.8100,0.7400,0.7900,168500
2001-07-13,0.6900,0.7900,0.6900,0.7600,182400
2001-07-06,0.7500,0.8000,0.7200,0.7700,173200
2001-06-29,0.7800,0.8000,0.7100,0.7400,122700
2001-06-22,0.7600,0.8700,0.7100,0.7800,215600
2001-06-15,0.8000,0.8000,0.7100,0.7500,209200
2001-06-08,0.8200,0.8500,0.7100,0.8000,517800
2001-06-01,1.0000,1.0100,0.7000,0.7500,518400
2001-05-25,1.2300,1.2400,0.9100,1.0000,671500
2001-05-18,1.3600,1.5100,0.8000,1.1800,2697700
2001-05-11,0.8500,1.5000,0.8000,1.4000,1357900
2001-05-04,0.8500,0.9500,0.8000,0.8500,340300
2001-04-27,0.8500,0.9300,0.7700,0.8200,383300
2001-04-20,0.8500,0.9300,0.6500,0.7800,759000
2001-04-12,0.7900,0.9000,0.7900,0.8700,459300
2001-04-06,0.9400,0.9500,0.7500,0.8800,300900
2001-03-30,0.8800,0.9700,0.8100,0.8800,293800
2001-03-23,0.8100,0.8800,0.6900,0.8400,211800
2001-03-16,0.5000,1.0000,0.5000,0.8100,927100
2001-03-09,0.4500,0.5900,0.4400,0.4800,139600
2001-03-02,0.5900,0.5900,0.4100,0.4500,230300
2001-02-23,0.7500,0.9400,0.5900,0.5900,249300
2001-02-16,0.4100,0.9400,0.3900,0.8000,837200
2001-02-09,0.4700,0.5200,0.3800,0.4500,550700
2001-02-02,0.4100,0.6600,0.3400,0.4700,1567800
2001-01-26,0.1600,0.4200,0.1400,0.3100,2834800
2001-01-19,0.1200,0.1600,0.1200,0.1600,2268700
2001-01-12,0.1600,0.1600,0.1100,0.1200,1999000
2001-01-05,0.2000,0.2000,0.1400,0.1600,504000
2000-12-29,0.1100,0.1900,0.0900,0.1900,1425900
2000-12-22,0.1400,0.1600,0.0900,0.1100,1127500
2000-12-15,0.2800,0.2800,0.1200,0.1400,740600
2000-12-08,0.3400,0.3400,0.2200,0.2800,195300
2000-12-01,0.3100,0.4400,0.2500,0.3100,450700
2000-11-24,0.3800,0.3800,0.2800,0.3400,78300
2000-11-17,0.5000,0.5000,0.3100,0.4700,154200
2000-11-10,0.3800,0.5000,0.3400,0.5000,203900
2000-11-03,0.3800,0.5300,0.3800,0.5300,10100
2000-10-27,0.5000,0.5300,0.3800,0.5300,198500
2000-10-20,0.4400,0.5300,0.3800,0.5300,69400
2000-10-13,0.5300,0.5300,0.3800,0.4700,41900
2000-10-06,0.5000,0.5300,0.3800,0.5300,32600
2000-09-29,0.5900,0.5900,0.4400,0.5300,142200
2000-09-22,0.6200,0.6200,0.5200,0.5900,155100
2000-09-15,0.6900,0.7500,0.5900,0.5900,425800
2000-09-08,0.6200,0.7500,0.6200,0.6900,194800
2000-09-01,0.7500,1.0000,0.5900,0.6600,617300
2000-08-25,0.8100,0.8400,0.6600,0.7700,296500
2000-08-18,1.0300,1.0600,0.6200,0.8400,303200
2000-08-11,1.0600,1.0600,0.7200,1.0300,362500
2000-08-04,1.0000,1.0600,0.7800,1.0600,305500
2000-07-28,1.0000,1.0000,0.8800,1.0000,66900
2000-07-21,0.9100,1.1200,0.8800,1.0000,187900
2000-07-14,1.0300,1.3100,0.9100,1.2500,231100
2000-07-07,0.9400,1.1200,0.8800,1.0300,112300
2000-06-30,0.9700,1.1200,0.9400,0.9800,67700
2000-06-23,0.8400,1.0600,0.7500,1.0000,157500
2000-06-16,0.9400,0.9400,0.8400,0.9100,141500
2000-06-09,1.0000,1.0600,0.8800,0.9400,419000
2000-06-02,1.0600,1.1200,0.8800,1.0600,152600
2000-05-26,1.0600,1.1900,1.0000,1.0600,150200
2000-05-19,1.3100,1.3100,1.0000,1.0600,180600
2000-05-12,1.3800,1.5000,1.1200,1.1900,144200
2000-05-05,1.5300,1.6900,1.3800,1.4400,145300
2000-04-28,1.6900,1.7500,1.5300,1.5300,50700
2000-04-20,1.6900,1.8100,1.5300,1.6200,104400
2000-04-14,2.0000,2.0000,1.6200,1.6900,248800
2000-04-07,1.6200,2.0000,1.5600,1.9400,142100
2000-03-31,2.2200,2.2500,1.5000,1.6200,211200
2000-03-24,2.3100,3.0000,2.0000,2.1900,763200
2000-03-17,2.0000,2.8800,1.4400,2.0900,775400
2000-03-10,2.0000,2.1200,1.6200,1.8800,402000
2000-03-03,1.2500,2.2800,1.1200,1.9400,467600
2000-02-25,1.5300,1.5600,1.1200,1.1200,142300
2000-02-18,1.9400,2.0000,1.5300,1.5600,215800
2000-02-11,1.7200,2.0000,1.7200,1.8800,208800
2000-02-04,1.8800,1.9700,1.5300,1.7200,232600
2000-01-28,1.4400,1.8800,1.3100,1.7800,401600
2000-01-21,1.1250,2.2500,1.0000,1.5000,788400
2000-01-14,1.0600,1.1200,0.7500,1.0600,95200
