timestamp,open,high,low,close,volume
2015-01-29,14.2500,14.4900,0.0000,14.1500,518654
2015-01-23,14.0600,14.3800,14.0000,14.2400,368786
2015-01-16,14.1100,14.3400,13.7200,14.0900,356516
2015-01-09,13.8300,14.2400,13.6600,14.1800,174596
2015-01-02,14.1700,14.3000,13.7000,13.9700,167942
2014-12-26,13.7600,14.2500,13.6800,14.1500,137648
2014-12-19,13.4400,13.8900,12.9200,13.8200,317635
2014-12-12,13.7100,13.9500,13.3000,13.3500,229949
2014-12-05,13.8000,14.0000,13.5300,13.7500,425951
2014-11-28,14.2400,14.2500,13.7700,13.9200,238172
2014-11-21,14.1200,14.2500,13.9800,14.2500,134578
2014-11-14,14.2100,14.2100,13.7500,14.1200,99794
2014-11-07,14.2900,14.3400,13.7800,14.1300,214203
2014-10-31,13.7200,14.3500,13.6500,14.3300,254849
2014-10-24,13.5700,14.1400,13.1800,13.8700,108587
2014-10-17,14.2800,14.4350,13.1000,13.5700,311314
2014-10-10,14.2700,14.4500,14.2400,14.2500,1947576
2014-10-03,13.5400,14.9000,12.0650,14.3000,893899
2014-09-26,13.1800,14.2400,13.0000,13.7700,300417
2014-09-19,13.2800,13.5000,12.3800,13.1800,374500
2014-09-12,13.9900,13.9900,12.5600,13.1600,299100
2014-09-05,14.2900,14.3200,13.7400,13.9300,48800
2014-08-29,13.8000,14.2300,13.5200,14.2300,77300
2014-08-22,13.8200,14.0000,13.5400,13.7500,101100
2014-08-15,13.9200,14.1000,13.1500,13.6300,62000
2014-08-08,13.7500,14.2500,13.1500,13.9500,184800
2014-08-01,13.8100,14.1700,13.5900,13.7700,81200
2014-07-25,14.2800,14.5000,13.6800,13.7300,60600
2014-07-18,14.1400,14.5325,13.3000,14.4800,140400
2014-07-11,14.3800,14.7100,13.9000,14.0700,75273
2014-07-03,14.2900,14.9000,14.1600,14.4600,62000
2014-06-27,15.1799,15.7900,13.9000,14.4100,177400
2014-06-20,13.9200,14.9900,13.7500,14.9900,136400
2014-06-13,13.8000,14.4900,13.5100,14.3700,76200
2014-06-06,14.0500,14.2800,13.2200,13.7400,164000
2014-05-30,14.4900,14.4900,13.2850,14.0600,122300
2014-05-23,13.1300,14.3700,12.6400,14.2600,168700
2014-05-16,14.9600,15.6200,13.2100,13.5600,184800
2014-05-09,14.8500,15.6400,14.6500,14.9300,179800
2014-05-02,14.0800,16.0400,13.6900,15.0500,279000
2014-04-25,14.1000,14.8600,13.7700,13.9700,85800
2014-04-17,14.2500,14.5200,13.8000,13.9900,78400
2014-04-11,14.2900,15.1600,13.6600,14.0700,195300
2014-04-04,14.6890,15.0000,14.0400,14.4000,162600
2014-03-28,14.9600,15.2500,14.2600,14.4000,93300
2014-03-21,15.1900,15.2000,14.3400,15.2000,140600
2014-03-14,14.4100,15.4000,14.2800,14.7000,66400
2014-03-07,14.2200,15.3900,11.6800,15.0100,152000
2014-02-28,14.1700,15.3000,13.4800,14.2900,88500
2014-02-21,14.9200,15.2300,13.9500,14.1400,79300
2014-02-14,14.9900,15.3700,14.4301,14.8500,104300
2014-02-07,14.0000,15.1300,10.9900,15.0800,175100
2014-01-31,16.0550,16.0550,13.9353,14.0900,125500
2014-01-24,15.4600,15.5500,14.5000,14.7000,70600
2014-01-17,14.7100,15.5500,14.4500,15.3000,72700
2014-01-10,15.5300,15.6800,14.3500,14.8200,150600
2014-01-03,15.6350,16.0000,15.1000,15.2500,78600
2013-12-27,15.6600,16.3900,14.9393,15.8000,78600
2013-12-20,14.3900,15.7500,14.3900,15.6000,162400
2013-12-13,13.8800,14.4500,13.6200,14.3700,127400
2013-12-06,15.7300,16.4300,13.3200,13.9300,245500
2013-11-29,15.1200,15.7500,14.8400,15.7300,67300
2013-11-22,14.7690,14.9100,14.1100,14.8300,63000
2013-11-15,14.5100,14.7200,14.1210,14.6400,46400
2013-11-08,15.0300,15.6800,14.2570,14.5800,101200
2013-11-01,15.5500,16.0000,14.7000,14.9100,228200
2013-10-25,15.8000,16.0700,14.8000,15.4900,89400
2013-10-18,15.0900,16.4971,14.9800,15.7700,202500
2013-10-11,14.2800,15.2400,14.2700,15.2400,60400
2013-10-04,14.4600,14.7200,14.2100,14.3200,49700
2013-09-27,14.6100,15.1500,14.2400,14.4700,61700
2013-09-20,16.1580,16.1580,14.5300,14.8800,73700
2013-09-13,15.2800,15.6300,14.6300,15.3300,39200
2013-09-06,14.9900,16.1400,14.2300,15.3100,53500
2013-08-30,14.9100,16.1400,13.8800,14.5100,113500
2013-08-23,14.6000,15.0900,12.9300,14.9100,80600
2013-08-16,15.7300,15.9900,14.5300,14.6400,59700
2013-08-09,17.0050,17.2000,15.4400,15.8500,88900
2013-08-02,17.1900,17.6400,16.8350,17.0000,134700
2013-07-26,16.5600,17.5400,16.5600,17.3200,115600
2013-07-19,13.8500,16.9900,13.5300,16.7300,559000
2013-07-12,12.9500,13.9899,12.8800,13.6600,86000
2013-07-05,11.5323,12.8200,11.5000,12.7200,37100
2013-06-28,12.3400,12.3400,10.6000,11.5300,461200
2013-06-21,11.6800,13.6700,11.3800,12.4500,384900
2013-06-14,12.0500,12.7200,11.3600,11.4700,102600
2013-06-07,12.6700,12.6700,11.4600,11.9300,84200
2013-05-31,11.9200,12.9700,11.8000,12.2800,85000
2013-05-24,11.9400,12.8000,10.8600,11.6400,65800
2013-05-17,10.0800,11.9820,10.0800,11.8700,60600
2013-05-10,10.8600,10.9600,9.8000,10.1500,40200
2013-05-03,10.1600,10.5900,9.5500,10.2000,109200
2013-04-26,9.6900,11.1400,9.6100,10.1300,81100
2013-04-19,10.4200,10.7900,8.8200,9.6100,132700
2013-04-12,10.7200,11.1900,10.3000,10.3900,88600
2013-04-05,12.2345,12.3000,10.4400,10.6000,88100
2013-03-28,13.4800,13.5000,12.3300,12.4000,43000
2013-03-22,12.9700,13.4600,12.8101,13.4400,43399
2013-03-15,12.7900,13.2800,12.2200,13.1900,104000
2013-03-08,13.5200,13.5200,12.5000,12.9000,73600
2013-03-01,13.2700,13.6300,12.6500,13.6300,53300
2013-02-22,14.6900,14.6900,12.3900,13.1100,109500
2013-02-15,13.1900,15.2100,12.6600,14.7200,88500
2013-02-08,13.4500,14.0700,12.9700,13.1400,79200
2013-02-01,12.7800,13.7700,12.6800,13.6000,231100
2013-01-25,13.1800,15.1000,12.6500,12.7300,138000
2013-01-18,14.2200,14.3600,13.0300,13.1300,90800
2013-01-11,15.2500,15.4400,14.0600,14.3000,126300
2013-01-04,12.2300,15.2120,11.8200,15.0000,167200
2012-12-28,14.1500,14.5400,12.1300,12.2500,102300
2012-12-21,13.9700,15.6400,13.4400,14.1400,239900
2012-12-14,12.4500,14.2900,12.4100,13.9500,263600
2012-12-07,10.9600,12.7500,10.8700,12.4100,294600
2012-11-30,10.0100,10.6500,9.0100,10.6500,258400
2012-11-23,9.6100,10.0800,8.8820,10.0600,177000
2012-11-16,11.4300,11.9700,9.3000,9.3800,174500
2012-11-09,13.0300,13.5600,10.8600,11.2600,514600
2012-11-02,12.6000,13.7600,12.6000,12.9700,189600
2012-10-26,13.1300,13.1300,11.9100,12.5200,183600
2012-10-19,13.8000,14.2500,12.7300,13.0700,125900
2012-10-12,14.5000,14.5000,13.6100,13.8200,55900
2012-10-05,15.9500,16.3690,14.1100,14.6200,314900
2012-09-28,17.7500,17.7500,15.6600,16.0900,105500
2012-09-21,16.8400,19.1600,15.9000,17.7600,273500
2012-09-14,16.2200,17.6200,15.8300,16.9400,120100
2012-09-07,16.1000,17.7000,15.2000,16.1800,136600
2012-08-31,17.0500,18.2500,15.9100,16.1000,217500
2012-08-24,17.7900,17.7900,15.1700,16.8700,72300
2012-08-17,18.2400,18.6700,16.2900,17.8000,67900
2012-08-10,19.3500,19.6500,17.8200,18.1900,77300
2012-08-03,17.3900,20.0700,16.1000,19.3900,168700
2012-07-27,18.0800,18.9700,16.7100,17.3200,104500
2012-07-20,19.8700,20.1400,18.2900,18.5600,64100
2012-07-13,20.8600,22.2500,18.2000,19.8800,145000
2012-07-06,18.0000,23.3000,17.8000,21.0800,235400
2012-06-29,18.0700,18.4800,17.2400,18.0500,128300
2012-06-22,18.8900,20.0400,17.8500,18.5000,174900
2012-06-15,21.6100,21.8300,19.1000,19.1100,189200
2012-06-08,22.0900,22.6100,21.0800,21.2600,255200
2012-06-01,23.5000,23.8000,21.7900,22.0800,457400
2012-05-25,23.8800,24.2600,21.7300,23.5900,263700
2012-05-18,27.6900,27.6900,19.9500,23.8800,586000
2012-05-11,31.3900,31.3900,27.4500,28.1300,295300
2012-05-04,42.2700,42.7200,31.6600,31.6700,120400
2012-04-27,41.7200,42.8300,40.1000,42.2400,78600
2012-04-20,51.5400,51.7500,40.5700,42.6400,177100
2012-04-13,56.1800,56.2800,49.0900,51.5000,133200
2012-04-05,68.2400,68.2800,53.8100,57.4100,146400
2012-03-30,69.4900,72.0000,66.4100,68.1700,52800
2012-03-23,69.3900,70.4800,66.5500,68.7700,68800
2012-03-16,66.3100,69.2400,66.0500,68.6500,84900
2012-03-09,68.1100,70.6000,65.2000,65.9800,96300
2012-03-02,78.9400,79.5800,66.5100,68.4200,127900
2012-02-24,81.4000,81.4900,78.0100,79.5300,56400
2012-02-17,78.6000,81.3800,76.8900,81.3400,57000
2012-02-10,78.3700,82.0800,75.8400,77.2500,84700
2012-02-03,78.0300,82.4500,75.5000,79.2400,110200
2012-01-27,77.4400,80.3700,77.4400,78.3000,83400
2012-01-20,77.3500,78.7500,75.2153,77.5500,87400
2012-01-13,80.0400,81.4800,75.0600,76.0900,136200
2012-01-06,83.3400,83.3500,79.6700,80.2000,58200
2011-12-30,84.1800,84.7600,79.9700,81.7200,42400
2011-12-23,81.7000,86.2400,80.5100,84.7700,93000
2011-12-16,82.6600,84.2000,74.2700,81.2500,131500
2011-12-09,81.7500,84.4600,79.7300,84.4000,89700
2011-12-02,79.0900,80.9400,75.1300,80.1400,127200
2011-11-25,78.5600,80.9700,74.5300,75.2500,74600
2011-11-18,82.7600,85.2500,78.4500,80.4100,76600
2011-11-11,80.5000,83.8100,78.5500,83.4700,105500
2011-11-04,83.7600,85.5000,75.2900,82.2800,142400
2011-10-28,81.0100,87.3000,75.6700,85.7000,169100
2011-10-21,82.1200,82.1500,77.0000,80.9500,103300
2011-10-14,78.8500,82.5800,76.3500,82.3600,103700
2011-10-07,73.2400,79.5000,67.1000,76.6100,142700
2011-09-30,73.0000,80.9900,71.7500,74.4200,83900
2011-09-23,75.5700,78.2299,67.3400,73.0700,129700
2011-09-16,70.2700,78.2800,70.1000,77.8100,95300
2011-09-09,72.0100,80.0000,71.1200,71.8300,124400
2011-09-02,78.9100,80.9500,72.5000,74.4200,103200
2011-08-26,79.2300,81.2800,72.5500,77.6600,112900
2011-08-19,82.2400,82.6500,74.1500,75.8700,112900
2011-08-12,79.8000,84.9500,72.8900,81.2200,148700
2011-08-05,87.3000,89.2500,79.7700,82.8500,146400
2011-07-29,89.0000,90.6500,84.7400,88.1400,98900
2011-07-22,89.1200,92.2500,87.8800,90.7400,124500
2011-07-15,88.8700,92.2500,87.1900,90.3900,114000
2011-07-08,88.1500,91.8000,87.7500,90.9500,127400
2011-07-01,79.4100,88.5000,75.2000,88.1500,138600
2011-06-24,77.4400,82.1700,73.3800,79.8300,206300
2011-06-17,76.8800,81.9500,75.3500,77.8600,234200
2011-06-10,78.6700,82.9500,75.8100,76.3200,129200
2011-06-03,86.8600,89.0300,75.7500,79.0000,158300
2011-05-27,78.1600,87.4200,77.0700,85.1000,128400
2011-05-20,81.3300,82.4900,78.6600,80.0600,80000
2011-05-13,82.1700,85.8600,79.9400,82.2500,109700
2011-05-06,91.1500,93.2900,77.8300,82.5000,96100
2011-04-29,84.6200,90.5000,83.7500,90.4000,95200
2011-04-21,80.0000,87.3000,79.0000,85.0000,88600
2011-04-15,85.3100,85.3100,79.8500,82.9100,103300
2011-04-08,85.7400,89.9000,84.3100,84.7700,66800
2011-04-01,84.3400,86.7400,80.0800,85.2000,72900
2011-03-25,73.3500,84.6400,72.5400,84.1100,55000
2011-03-18,74.0100,75.3000,68.6400,72.6600,140600
2011-03-11,79.3000,82.8500,72.0300,75.0000,104600
2011-03-04,77.8700,81.5500,74.4700,78.2400,118900
2011-02-25,68.0000,77.4500,64.3900,77.0800,110400
2011-02-18,64.1600,68.2000,61.3901,68.1900,66100
2011-02-11,63.0500,64.9400,61.1300,64.5000,33800
2011-02-04,63.1100,65.3600,59.9100,63.3400,70400
2011-01-28,64.6300,65.4899,58.0100,62.5000,79200
2011-01-21,65.3100,66.9200,62.7700,64.3400,73800
2011-01-14,62.9800,66.2900,61.6100,66.1900,66200
2011-01-07,57.9900,64.7800,57.5800,63.2300,95300
2010-12-31,56.5000,59.0000,56.1700,57.5000,96100
2010-12-23,53.2400,57.7500,52.8500,56.6750,43000
2010-12-17,50.1800,54.9290,48.6700,52.9100,136300
2010-12-10,38.9500,50.5000,38.9500,50.2900,116600
2010-12-03,37.0000,39.5400,36.8200,39.1400,68700
2010-11-26,36.3300,37.6400,34.6800,37.4500,111100
2010-11-19,37.2900,37.3100,35.5000,36.5600,76500
2010-11-12,37.7600,37.9900,36.7200,37.2900,35300
2010-11-05,36.9100,38.5000,36.2500,37.8900,86700
2010-10-29,38.5000,38.5000,34.8000,36.8900,97000
2010-10-22,37.6100,38.5000,35.5601,38.5000,41700
2010-10-15,36.7100,38.0000,33.4500,37.3800,56500
2010-10-08,36.5500,38.5000,34.9710,37.3500,75300
2010-10-01,28.6400,37.4000,28.0100,37.0800,47200
2010-09-24,25.5900,28.7000,25.3800,28.7000,56600
2010-09-17,25.8600,26.2000,24.7900,25.5200,62300
2010-09-10,26.6300,26.6300,24.1100,25.6500,34900
2010-09-03,25.6800,27.0000,25.3000,26.8300,97700
2010-08-27,25.9500,26.4600,24.7700,26.3500,138000
2010-08-20,24.0400,25.7500,23.9700,25.7500,83900
2010-08-13,26.5600,26.8600,23.5900,24.1600,76600
2010-08-06,26.9900,28.1900,25.3000,26.3700,73700
2010-07-30,24.1700,27.2200,23.8100,27.0500,94000
2010-07-23,22.8600,24.1700,21.8000,24.1700,63800
2010-07-16,25.4700,26.3800,22.4900,22.5100,90800
2010-07-09,23.8300,25.9700,22.9000,25.5000,40700
2010-07-02,24.1100,24.3800,21.9700,23.4000,102400
2010-06-25,23.9400,24.5300,21.1100,24.4800,140300
2010-06-18,24.2800,24.7500,23.1000,23.5800,78200
2010-06-11,24.6800,25.5500,23.6900,24.0000,68500
2010-06-04,27.9300,28.6000,24.2000,24.5400,88800
2010-05-28,25.0600,28.4800,24.1000,28.2500,34700
2010-05-21,28.2900,28.9585,24.0300,25.0200,60800
2010-05-14,26.2100,30.0000,25.3200,28.0200,60700
2010-05-07,27.9200,28.7100,24.5500,25.0300,75400
2010-04-30,26.3600,28.2400,25.1900,27.9400,64500
2010-04-23,25.8600,26.8800,25.0800,26.4600,50400
2010-04-16,25.2800,26.8600,24.8100,26.0200,78900
2010-04-09,26.6900,27.2100,24.4300,25.4000,96100
2010-04-01,25.9200,27.4700,25.7100,26.5000,70000
2010-03-26,24.6700,26.0000,24.1100,25.9800,93700
2010-03-19,22.7700,24.9500,22.6300,24.9500,108500
2010-03-12,22.4600,22.8000,21.1210,22.7000,72600
2010-03-05,22.1000,22.7300,21.6500,22.5400,58200
2010-02-26,21.8500,23.6500,21.4500,22.0800,61700
2010-02-19,21.0700,21.9400,20.2500,21.7500,46700
2010-02-12,19.8100,21.1400,19.0000,20.9900,46100
2010-02-05,20.2200,21.0000,19.1500,19.7400,41700
2010-01-29,19.2000,20.6900,18.0000,20.1000,77600
2010-01-22,19.7600,21.4800,18.8000,19.2600,73600
2010-01-15,20.7400,21.5085,20.1000,20.1000,47400
2010-01-08,22.3900,22.7200,20.0616,20.6500,49000
2009-12-31,20.6200,22.6000,20.3850,22.1000,29100
2009-12-24,21.5000,21.7800,20.2400,20.3100,41500
2009-12-18,21.3500,21.5000,20.0500,21.0100,112600
2009-12-11,21.2100,21.8600,20.0700,21.0900,56500
2009-12-04,22.3500,22.8900,20.8700,21.2800,86200
2009-11-27,23.3200,23.5000,20.7500,22.5000,42200
2009-11-20,21.7800,23.6800,21.0000,22.9200,95900
2009-11-13,22.8700,23.1000,20.9100,21.5300,52700
2009-11-06,21.3300,23.4500,20.1400,22.6600,115100
2009-10-30,23.4500,24.1700,20.4000,21.2500,71400
2009-10-23,23.8300,25.0000,22.7600,23.5000,53900
2009-10-16,23.8100,26.0000,22.5000,23.6700,103500
2009-10-09,23.4200,24.6300,22.7600,23.2500,37200
2009-10-02,22.8200,24.1500,21.2600,22.5800,68300
2009-09-25,21.8800,24.9900,21.8800,22.7700,74100
2009-09-18,22.2600,24.2000,21.0800,21.9400,237000
2009-09-11,22.6400,23.5400,21.1100,22.5900,62600
2009-09-04,22.3500,22.9500,20.2000,22.3400,101200
2009-08-28,23.9800,24.5100,21.8100,22.6100,114100
2009-08-21,20.9800,24.2500,20.4600,23.9700,60100
2009-08-14,22.9200,24.2600,21.0800,21.3900,47700
2009-08-07,26.8300,27.2500,22.5400,23.2200,79400
2009-07-31,21.9900,27.0600,21.6400,27.0600,160000
2009-07-24,19.4000,22.0000,18.3500,22.0000,85600
2009-07-17,16.7900,20.0000,16.7900,19.3100,117200
2009-07-10,18.4500,19.3800,16.4700,16.6700,70000
2009-07-02,19.6200,20.8700,17.8300,18.5300,96700
2009-06-26,15.9840,20.0000,14.5450,19.5000,896100
2009-06-19,13.9200,16.4400,13.5000,16.3400,79500
2009-06-12,13.6100,15.5700,12.5800,14.8400,242000
2009-06-05,16.2200,17.0300,12.2500,14.2000,194100
2009-05-29,17.1000,18.8300,15.7100,15.8900,391300
2009-05-22,17.8700,18.9600,16.5000,17.1000,115900
2009-05-15,20.0400,20.0400,16.8100,17.7400,61600
2009-05-08,19.7300,20.4000,18.0100,20.4000,88200
2009-05-01,17.4400,19.8800,17.2700,19.6600,23300
2009-04-24,15.9500,18.4900,15.4300,17.9300,23900
2009-04-17,15.4700,17.5000,14.5401,16.3700,40200
2009-04-09,13.0000,15.5700,12.3400,15.5700,59000
2009-04-03,10.7700,13.4600,9.9100,13.1200,132000
2009-03-27,10.4000,10.9200,8.9100,10.8500,163800
2009-03-20,8.1600,11.2900,8.0942,10.1800,188600
2009-03-13,7.7100,9.6300,7.7100,8.4500,349900
2009-03-06,15.6800,16.0000,6.3900,8.0200,5240600
2009-02-27,18.3300,20.9900,15.9900,15.9900,111400
2009-02-20,20.0700,21.9600,18.0400,18.2300,59900
2009-02-13,24.2500,24.4400,19.5000,20.2000,33800
2009-02-06,24.2600,25.3100,22.8100,24.4500,23800
2009-01-30,23.3800,25.6900,22.0200,24.5000,15500
2009-01-23,24.1000,24.4900,23.2800,23.2800,17300
2009-01-16,25.7750,25.9300,23.5600,24.2900,25300
2009-01-09,26.9000,27.2800,25.3000,25.3000,22300
2009-01-02,24.2300,27.2000,24.0000,27.1000,19900
2008-12-26,25.0700,26.3400,23.0000,24.2600,20900
2008-12-19,24.0000,27.0100,23.6500,25.0400,34700
2008-12-12,26.5000,26.5000,22.9700,23.7600,31000
2008-12-05,27.4000,27.4000,23.1300,26.2500,32100
2008-11-28,24.5200,29.0100,23.9400,28.5000,44000
2008-11-21,26.3900,26.8600,22.0100,24.1000,50200
2008-11-14,26.4900,27.2800,24.8600,26.4200,37200
2008-11-07,28.3700,28.7500,25.0700,25.6000,25300
2008-10-31,25.0600,29.0000,21.5700,27.9500,39100
2008-10-24,26.7800,28.5000,21.5400,25.4700,38600
2008-10-17,25.6000,28.7000,22.5100,25.9900,175100
2008-10-10,25.6500,26.2000,19.6100,26.2000,149600
2008-10-03,29.0300,30.7500,21.7650,26.5300,77500
2008-09-26,29.0700,30.5000,24.9600,29.7000,26500
2008-09-19,25.7600,30.4100,21.0000,30.0500,126900
2008-09-12,28.5600,29.0500,23.0000,25.5700,36400
2008-09-05,29.2500,29.5000,27.2500,27.5000,12900
2008-08-29,26.9800,28.9900,24.8900,28.9900,23200
2008-08-22,26.5450,27.0000,24.4100,26.3200,19900
2008-08-15,27.5000,27.7600,25.3100,26.9400,33500
2008-08-08,28.1000,28.1000,24.9900,27.6300,37700
2008-08-01,30.0200,30.9700,28.1250,28.6600,38000
2008-07-25,26.5500,31.0000,26.5500,30.2200,26300
2008-07-18,28.5700,29.1100,25.2800,27.9900,36100
2008-07-11,28.9700,28.9900,23.0900,27.4000,51100
2008-07-03,29.2900,30.2100,27.2701,28.3000,115400
2008-06-27,26.0300,29.6410,24.1000,29.6400,495800
2008-06-20,26.5500,29.2800,25.2650,26.3100,129200
2008-06-13,24.0100,26.9900,22.9000,26.6000,84500
2008-06-06,25.0500,25.9800,22.5450,24.1800,61900
2008-05-30,22.8000,26.2261,21.0000,25.6000,223300
2008-05-23,21.0800,25.1000,21.0101,22.7600,55900
2008-05-16,21.1800,26.1250,21.0300,21.0500,43400
2008-05-09,22.0200,22.0200,18.1200,20.9100,87800
2008-05-02,24.8500,25.9450,20.5400,21.7500,81900
2008-04-25,26.5300,27.1000,22.5600,24.9800,71000
2008-04-18,23.3300,27.1000,22.9200,26.6400,53300
2008-04-11,26.3400,27.0000,22.2900,22.2900,25900
2008-04-04,25.5300,31.6799,23.9201,26.2100,43500
2008-03-28,26.3300,26.4800,24.2000,24.9100,43900
2008-03-20,22.4800,28.2500,22.3400,26.2800,188100
2008-03-14,16.4900,23.9600,15.1901,23.0900,53000
2008-03-07,18.9700,19.4999,15.5500,16.1500,54600
2008-02-29,18.3700,20.3900,18.0100,19.3500,60000
2008-02-22,20.2500,22.3900,18.3000,18.4800,45300
2008-02-15,22.2000,23.8100,20.0600,20.0800,60200
2008-02-08,23.8000,25.7900,21.0101,22.1600,53300
2008-02-01,26.3200,26.3200,22.1500,25.0000,35600
2008-01-25,22.1500,29.5000,22.1500,26.3200,28100
2008-01-18,26.5900,27.9900,24.0200,24.0600,39600
2008-01-11,27.1300,28.4900,23.0000,26.8500,32800
2008-01-04,28.1800,29.1000,26.1200,27.0600,57800
2007-12-28,27.9500,29.1000,25.2100,25.8300,22500
2007-12-21,24.0100,28.2000,22.5000,27.4000,86400
2007-12-14,27.7000,28.1000,23.9001,24.2100,38600
2007-12-07,26.7500,27.6700,23.6700,27.6700,38900
2007-11-30,27.3700,28.5000,23.5000,26.8100,63600
2007-11-23,106.0000,106.0000,24.7600,27.3900,51700
2007-11-16,100.3100,106.0000,98.6700,106.0000,9900
2007-11-09,96.9000,101.9000,94.4400,101.7500,17500
2007-11-02,104.6300,106.0400,97.1800,99.6700,12900
2007-10-26,103.6800,107.7520,103.0000,104.7100,12900
2007-10-19,111.4600,114.9900,99.9600,105.7900,34200
2007-10-12,113.8600,117.0000,109.3759,110.6000,21100
2007-10-05,103.7200,118.3900,103.7200,115.4000,32700
2007-09-28,111.4900,111.4900,102.2000,105.4200,11800
2007-09-21,95.9700,109.6200,92.3100,108.9700,25200
2007-09-14,90.4200,96.1900,86.5100,95.5400,5900
2007-09-07,94.3200,95.5000,91.1600,93.0200,3700
2007-08-31,95.7800,96.2400,93.4600,94.2800,11700
2007-08-24,95.8500,99.2500,93.6300,95.7800,7200
2007-08-17,87.2000,99.9600,87.2000,99.9600,17400
2007-08-10,86.9100,93.9900,86.0200,92.6500,23800
2007-08-03,88.0000,90.7400,87.0000,88.2600,23300
2007-07-27,90.4600,90.7500,88.0200,88.0200,22800
2007-07-20,88.0900,91.0000,88.0900,90.2500,22500
2007-07-13,88.6900,91.4700,86.2150,89.8000,22400
2007-07-06,84.4600,89.7600,83.9500,88.6000,24900
2007-06-29,86.0200,87.2900,84.9100,84.9100,28400
2007-06-22,88.7500,91.9500,85.4500,85.4500,210900
2007-06-15,89.2500,90.5000,83.7700,89.0000,8400
2007-06-08,92.2500,92.2500,83.5000,89.5000,3400
2007-06-01,93.0100,93.0100,91.0000,91.7500,1600
2007-05-25,90.0000,93.5000,89.7500,93.5000,2600
2007-05-18,89.9200,92.6700,85.0200,89.7500,6450
2007-05-11,93.1864,93.5000,89.1000,89.9200,4549
2007-05-04,96.2500,96.2500,92.6500,94.1200,5200
2007-04-27,97.4700,97.7500,95.5000,95.5000,4100
2007-04-20,97.9800,97.9800,96.7000,97.2500,1610
2007-04-13,96.5000,98.0100,95.5100,97.9800,3600
2007-04-05,96.3800,96.3800,95.5401,96.0500,300
2007-03-30,96.0000,97.9000,92.5900,96.3800,2100
2007-03-23,98.9999,99.0000,93.0800,97.1000,4100
2007-03-16,89.0000,99.4900,86.8800,97.2500,5900
2007-03-09,87.9700,89.0000,86.7500,89.0000,1000
2007-03-02,87.1200,89.5000,86.7800,87.9700,1200
2007-02-23,88.0000,89.1399,86.7500,89.1399,1800
2007-02-16,87.0000,87.7500,87.0000,87.7500,3119
2007-02-09,87.1000,87.2500,85.3000,87.1500,4100
2007-02-02,86.9500,87.2500,86.9000,87.1500,3100
2007-01-26,87.2500,87.2900,85.2600,87.1500,14700
2007-01-19,86.8200,87.7500,86.7500,87.1200,7500
2007-01-12,87.1500,87.5000,85.9101,87.1000,4100
2007-01-05,86.3900,87.5000,86.0100,87.4000,3306
2006-12-29,86.6300,87.7500,85.0000,87.7500,6000
2006-12-22,86.4600,87.2399,85.0001,87.0000,11200
2006-12-15,86.5300,86.9500,86.5000,86.9200,1300
2006-12-08,86.7600,87.2500,84.1120,86.5000,4700
2006-12-01,85.4000,87.6100,85.4000,87.5300,4300
2006-11-24,84.2200,85.6500,84.2200,85.6500,11200
2006-11-17,84.0000,84.5000,81.4300,84.2500,6500
2006-11-10,82.8000,86.0000,78.0440,85.0000,7400
2006-11-03,82.6699,83.2500,79.7800,83.2500,5000
2006-10-27,81.2000,81.2000,79.8000,80.5000,1500
2006-10-20,83.0000,84.2500,79.9900,81.0000,2100
2006-10-13,83.2500,83.8100,80.0101,83.0000,2600
2006-10-06,86.8600,86.8600,82.5100,82.6000,6900
2006-09-29,86.5000,86.8600,84.2500,86.8600,5000
2006-09-22,88.0000,88.0000,86.8200,87.0000,1600
2006-09-15,89.0000,89.0000,82.8500,88.0000,3700
2006-09-08,90.0000,90.0000,88.6000,89.0000,2000
2006-09-01,85.6400,91.5000,70.7828,91.5000,11800
2006-08-25,90.0000,90.7500,88.5000,89.4800,8100
2006-08-18,89.7500,90.7500,88.8600,90.7500,5900
2006-08-11,88.0000,89.0000,85.3000,88.7500,4700
2006-08-04,86.0000,88.2500,85.0000,88.2500,4400
2006-07-28,86.0000,88.0000,82.5000,88.0000,8800
2006-07-21,84.0520,86.7500,84.0500,86.7500,700
2006-07-14,85.9000,86.5000,85.0000,86.5000,1300
2006-07-07,85.0000,85.0100,85.0000,85.0000,500
2006-06-30,83.0000,85.2500,75.0000,85.0000,5700
2006-06-23,81.0000,84.9800,81.0000,83.0000,2900
2006-06-16,80.5000,83.5399,75.2700,81.6400,9800
2006-06-09,84.4900,84.4900,78.0000,79.3000,6600
2006-06-02,77.5100,82.2800,77.5100,81.0000,9800
2006-05-26,76.0000,80.0000,69.7600,80.0000,6600
2006-05-19,78.2000,78.2000,72.8300,77.9300,2000
2006-05-12,78.5000,79.0000,78.0400,78.2600,1000
2006-05-05,78.5200,84.5000,74.2400,78.8700,2900
2006-04-28,81.0000,81.9900,79.0000,81.0000,2000
2006-04-21,78.5000,80.9200,76.0300,79.5000,15000
2006-04-13,81.1600,81.5280,76.0400,78.5690,10500
2006-04-07,79.5500,81.5000,79.5100,80.0000,2400
2006-03-31,79.0000,82.2500,79.0000,82.2500,6500
2006-03-24,86.0000,86.0000,75.0000,81.7020,12500
2006-03-17,82.3000,86.2500,80.9400,82.0000,6400
2006-03-10,82.0000,86.5900,77.3000,85.5000,4300
2006-03-03,89.9900,89.9900,76.0000,83.0000,16500
2006-02-24,65.4000,89.9900,65.4000,85.0000,14200
2006-02-17,63.8180,64.9600,63.3000,64.7720,2300
2006-02-10,65.4900,67.5900,62.3600,64.1200,4000
2006-02-03,61.0100,67.4200,61.0100,65.8400,3400
2006-01-27,52.0200,60.9000,52.0200,60.8800,3500
2006-01-20,54.0000,57.9700,54.0000,57.4300,2000
2006-01-13,50.0100,55.4300,50.0100,54.5000,3300
2006-01-06,52.0000,55.0000,43.7100,53.9000,11100
2005-12-30,49.7320,51.6300,49.7320,51.6300,8200
2005-12-23,49.7500,49.7900,48.4300,49.7900,3700
2005-12-16,49.0900,49.7500,49.0110,49.7500,1400
2005-12-09,50.2500,50.2500,48.1900,49.0900,5100
2005-12-02,49.5000,51.3000,46.1800,50.5000,2200
2005-11-25,51.0000,51.0000,51.0000,51.0000,0
2005-11-18,50.5000,51.4800,45.1000,51.0000,2300
2005-11-11,49.5000,50.9100,48.9700,50.9000,1200
2005-11-04,49.4300,49.5000,48.9600,49.5000,1800
2005-10-28,46.5900,46.5900,46.5900,46.5900,400
2005-10-21,48.7000,50.3000,47.0000,47.0000,8000
2005-10-14,46.9700,48.7000,46.9700,48.5000,5500
2005-10-07,49.0000,49.0000,46.8900,46.9700,1800
2005-09-30,47.0600,48.0000,44.4900,47.5000,5300
2005-09-23,47.5600,50.0000,47.5600,48.1910,5200
2005-09-16,48.0000,49.0000,47.0500,47.6370,8400
2005-09-09,43.5300,48.0000,43.5300,48.0000,11500
2005-09-02,43.6900,44.9300,43.5000,44.7750,800
2005-08-26,41.7500,43.6900,41.7500,43.6900,1100
2005-08-19,41.0000,41.7500,40.0000,41.7500,1600
2005-08-12,37.5200,40.5000,37.0100,40.5000,8000
2005-08-05,37.2500,38.0000,37.1000,37.5200,2100
2005-07-29,37.0100,38.2500,36.5300,36.5300,1100
2005-07-22,38.0000,39.0000,37.0100,37.0100,2500
2005-07-15,37.1000,37.1000,36.7500,36.7500,5900
2005-07-08,37.2100,37.2600,37.0000,37.0000,3900
2005-07-01,37.7500,37.9600,36.4100,37.4300,4000
2005-06-24,37.9100,38.0000,37.2510,37.7500,5900
2005-06-17,38.0000,38.0000,35.5100,37.0000,8700
2005-06-10,37.5000,38.8300,35.0000,38.0000,3900
2005-06-03,37.2100,38.0000,36.4700,37.5000,5900
2005-05-27,35.3000,37.2100,35.0000,37.2100,600
2005-05-20,36.0400,36.0400,35.2100,35.4700,4200
2005-05-13,36.0000,36.0400,35.9900,36.0400,5900
2005-05-06,37.5000,37.5000,36.0000,36.0000,7600
2005-04-29,37.3100,37.5000,34.9000,37.5000,7100
2005-04-22,38.2500,40.0000,36.2800,37.3100,11500
2005-04-15,39.0000,39.3400,38.2500,39.2700,2900
2005-04-08,38.5000,39.4100,38.1000,38.2000,5300
2005-04-01,38.7500,39.0000,37.9900,38.5900,2800
2005-03-24,39.2800,39.2800,38.7500,38.7500,1800
2005-03-18,39.0800,40.0000,38.5210,39.3100,3000
2005-03-11,39.9600,39.9900,39.0800,39.0800,800
2005-03-04,38.7500,39.0800,37.7000,38.4320,7700
2005-02-25,38.0300,38.9500,37.7500,38.7400,40400
2005-02-18,38.0300,38.0900,38.0000,38.0000,4800
2005-02-11,36.9100,37.5000,35.1600,37.5000,4200
2005-02-04,36.5000,37.0000,35.1000,37.0000,4700
2005-01-28,36.8300,37.0000,36.8000,37.0000,400
2005-01-21,36.5800,36.8400,36.4000,36.8290,4900
2005-01-14,37.0000,37.0000,36.4700,36.4700,400
2005-01-07,36.9500,37.0000,36.4900,37.0000,3800
2004-12-31,36.1800,36.9500,36.1800,36.9500,1000
2004-12-23,37.3200,37.3200,36.1800,36.1800,6600
2004-12-17,34.4400,36.9900,33.8400,34.4500,9600
2004-12-10,33.9000,34.4400,33.7400,34.4400,2700
2004-12-03,34.0000,34.0000,33.9300,33.9300,800
2004-11-26,34.0000,34.0000,34.0000,34.0000,200
2004-11-19,34.0000,34.0000,34.0000,34.0000,200
2004-11-12,33.2000,35.0000,33.2000,34.0000,3500
2004-11-05,37.3200,37.3200,34.9900,35.0000,4600
2004-10-29,34.4500,35.5190,34.4500,35.5190,5400
2004-10-22,33.7500,34.7590,33.6500,34.7300,6400
2004-10-15,33.0900,33.7500,33.0900,33.7500,2400
2004-10-08,33.4500,33.4500,33.0900,33.0900,1900
2004-10-01,33.1900,33.5000,33.1900,33.5000,400
2004-09-24,33.2000,33.2000,33.1900,33.1900,1000
2004-09-17,33.2300,33.2500,32.9500,33.2500,3100
2004-09-10,33.2500,33.2500,33.1400,33.1400,800
2004-09-03,33.5000,33.5000,33.1000,33.4000,1500
2004-08-27,33.7300,33.7300,33.5000,33.5000,2800
2004-08-20,34.0100,34.0100,33.7400,33.7400,200
2004-08-13,34.1000,34.1000,33.2750,34.0100,1200
2004-08-06,33.0000,34.1000,32.7500,34.1000,4400
2004-07-30,34.3000,34.3000,33.2000,33.2000,5600
2004-07-23,34.9900,34.9900,34.0000,34.3000,1000
2004-07-16,35.7000,35.7000,33.9800,34.9900,4500
2004-07-09,36.0000,36.0000,35.5000,35.5000,8500
2004-07-02,36.0000,36.0000,35.0010,36.0000,900
2004-06-25,34.7500,36.5790,34.7500,36.5790,8400
2004-06-18,36.0300,36.0800,35.0000,35.7400,5200
2004-06-10,35.6000,36.9900,35.5900,36.9900,900
2004-06-04,37.7500,37.7500,35.4100,36.2700,3100
2004-05-28,36.0000,37.7500,35.4100,37.7500,3400
2004-05-21,36.1110,36.5000,36.0000,36.0000,1000
2004-05-14,33.0000,37.5000,33.0000,36.0700,6100
2004-05-07,32.7500,33.0000,32.7500,33.0000,2100
2004-04-30,31.2500,32.7400,31.2500,32.7400,2100
2004-04-23,31.4200,31.7500,30.7500,30.8500,12400
2004-04-16,31.3000,31.5300,31.3000,31.5300,3200
2004-04-08,31.2500,31.3000,31.2300,31.3000,800
2004-04-02,31.3310,31.3310,31.2500,31.2500,1500
2004-03-26,31.4200,31.4900,31.4200,31.4900,200
2004-03-19,31.1300,31.4200,31.0200,31.4200,4000
2004-03-12,30.5100,31.1300,30.2100,31.1300,8800
2004-03-05,30.6500,30.9890,30.5000,30.7000,3700
2004-02-27,28.2500,30.5990,28.2500,30.5500,14900
2004-02-20,28.3400,28.3400,28.1100,28.1100,1200
2004-02-13,28.7500,28.7500,28.0000,28.3400,7100
2004-02-06,28.6500,28.9700,28.6500,28.7500,4900
2004-01-30,28.9000,29.2200,28.7500,29.0000,3500
2004-01-23,27.7500,28.8990,27.7500,28.8990,5100
2004-01-16,27.4000,27.8200,27.4000,27.7500,5200
2004-01-09,26.5000,27.3990,26.0010,27.3990,11200
2004-01-02,26.6700,26.7500,26.5000,26.7000,26200
2003-12-26,26.0510,26.7300,26.0510,26.7300,7200
2003-12-19,25.2500,26.7500,25.0000,26.7500,5600
2003-12-12,25.0500,25.5000,24.7400,25.2500,3600
2003-12-05,24.5800,25.2500,24.5700,25.2500,4300
2003-11-28,24.9000,24.9000,24.3600,24.8900,1400
2003-11-21,24.9000,24.9000,24.9000,24.9000,0
2003-11-14,24.2500,24.9000,24.2200,24.9000,10300
2003-11-07,23.5000,24.2500,23.5000,24.2500,2100
2003-10-31,23.5000,23.5000,23.5000,23.5000,400
2003-10-24,24.1000,24.1000,23.9600,23.9700,600
2003-10-17,24.9000,24.9000,24.1000,24.1000,100
2003-10-10,24.9000,24.9000,24.7400,24.9000,400
2003-10-03,24.3600,24.9000,24.3500,24.9000,1500
2003-09-26,24.5000,24.8900,24.3600,24.3600,3900
2003-09-19,24.8900,24.9000,24.4000,24.4000,3100
2003-09-12,25.0000,25.0000,24.8900,24.8900,600
2003-09-05,25.1500,25.1500,24.9910,25.0000,1800
2003-08-29,25.1500,25.7400,25.0500,25.7400,1200
2003-08-22,25.2700,25.2700,24.9800,25.1600,4500
2003-08-15,24.9200,25.7500,24.4800,25.2700,10600
2003-08-08,25.0000,25.0000,24.7600,24.9200,1500
2003-08-01,25.0000,25.0000,24.6500,25.0000,1700
2003-07-25,25.5000,25.5000,25.0000,25.0000,1100
2003-07-18,25.5000,25.5010,25.5000,25.5000,700
2003-07-11,25.0000,26.5000,24.8000,26.5000,2100
2003-07-03,23.2000,25.0000,22.0500,25.0000,9500
2003-06-27,24.4000,24.4000,23.2400,23.2500,5200
2003-06-20,25.0000,25.4990,24.4810,24.4810,5100
2003-06-13,24.5000,26.0500,24.4900,25.0000,4100
2003-06-06,25.0000,25.9990,24.5000,25.0000,7300
2003-05-30,23.5000,25.5000,23.5000,25.0000,1100
2003-05-23,24.9500,25.0000,23.1500,24.3500,12000
2003-05-16,24.4500,25.7100,24.4500,24.9600,3500
2003-05-09,23.4500,24.4500,23.4500,24.4500,2600
2003-05-02,23.0000,24.8300,23.0000,23.4500,5600
2003-04-25,25.0000,25.0000,23.0000,23.0000,9200
2003-04-17,25.0000,25.7000,24.7500,24.7500,6400
2003-04-11,23.8000,24.5000,23.0000,24.5000,7100
2003-04-04,20.2000,23.8000,20.1800,23.8000,23400
2003-03-28,20.0000,20.3900,19.8500,20.2800,9800
2003-03-21,20.5000,20.5000,20.0000,20.2500,2700
2003-03-14,20.0000,20.4900,19.9800,20.4900,6100
2003-03-07,19.4200,20.5000,19.2500,20.0000,17400
2003-02-28,17.1000,19.3900,17.1000,19.1900,26100
2003-02-21,16.8000,17.0400,16.7600,17.0400,7300
2003-02-14,17.2500,17.2500,16.8000,16.8000,9600
2003-02-07,17.3000,17.3000,17.2500,17.2500,400
2003-01-31,17.0000,18.0000,17.0000,17.3000,3900
2003-01-24,17.0900,17.0900,17.0000,17.0000,200
2003-01-17,17.0900,17.0900,17.0900,17.0900,0
2003-01-10,18.0000,18.3000,17.0100,17.0900,800
2003-01-03,16.6200,18.0000,16.6200,18.0000,4500
2002-12-27,16.7400,16.7400,16.5000,16.6200,3600
2002-12-20,16.9500,16.9500,16.0000,16.7400,9100
2002-12-13,17.0900,17.1000,16.8600,17.0900,1500
2002-12-06,17.7400,17.7400,16.9900,17.0900,30600
2002-11-29,17.8500,18.2000,17.6000,17.7500,12100
2002-11-22,18.2500,18.4900,17.8500,18.4900,8000
2002-11-15,18.5000,18.5000,17.8900,18.2500,4600
2002-11-08,18.2500,18.5000,17.9500,18.5000,1600
2002-11-01,18.5000,18.7500,18.0000,18.2500,3600
2002-10-25,19.5000,19.5000,18.5000,18.5000,1200
2002-10-18,19.5000,19.5000,18.0000,19.5000,3100
2002-10-11,18.0000,19.5000,17.5000,19.5000,4900
2002-10-04,19.5000,20.1000,16.5500,18.2500,9800
2002-09-27,18.0000,19.7500,18.0000,19.7500,10100
2002-09-20,19.1000,19.5000,18.0000,19.5000,3600
2002-09-13,20.2500,20.2500,19.2500,19.2500,1300
2002-09-06,20.2500,20.2500,20.2500,20.2500,0
2002-08-30,18.0000,20.2500,18.0000,20.2500,1300
2002-08-23,19.5000,19.7500,18.5000,19.7500,3400
2002-08-16,20.0000,20.0000,18.2500,20.0000,3300
2002-08-09,19.7500,20.0000,18.6600,20.0000,7200
2002-08-02,20.5000,20.5000,18.8600,19.7500,2400
2002-07-26,18.0000,22.0000,18.0000,20.4900,3200
2002-07-19,18.8500,18.8500,17.7500,18.5000,4000
2002-07-12,19.5000,19.5000,18.8000,19.0000,3300
2002-07-05,20.0000,20.0000,20.0000,20.0000,0
2002-06-28,18.2500,20.0000,17.5000,20.0000,6700
2002-06-21,19.0000,19.7500,18.7500,18.7500,7800
2002-06-14,19.2500,19.9000,17.9500,19.0000,2800
2002-06-07,20.0000,20.0000,18.2100,19.2500,2000
2002-05-31,19.4900,20.0000,19.4800,20.0000,1500
2002-05-24,18.5000,18.6000,18.2100,18.2300,800
2002-05-17,18.5000,18.5300,17.2600,18.5000,7100
2002-05-10,19.2500,19.2500,17.9500,18.5200,6000
2002-05-03,20.0000,20.0000,19.5000,19.5000,5700
2002-04-26,20.0200,20.0200,19.7500,19.7500,600
2002-04-19,20.0000,20.0000,19.7500,19.7500,500
2002-04-12,20.0000,20.0000,19.7500,20.0000,3000
2002-04-05,20.0000,20.0000,19.2500,20.0000,3700
2002-03-28,20.0000,21.5000,20.0000,20.0000,2600
2002-03-22,23.1500,23.1500,21.0000,22.0000,2300
2002-03-15,19.8200,23.2500,19.8200,23.2500,2700
2002-03-08,15.9500,19.5000,15.6000,19.5000,4700
2002-03-01,14.9000,16.0000,14.5000,15.6000,4900
2002-02-22,15.0000,15.1300,13.0300,14.9000,20400
2002-02-15,15.8400,15.8400,15.2500,15.2500,13000
2002-02-08,17.0000,17.1000,15.6500,15.8500,2600
2002-02-01,17.5000,17.5000,17.2500,17.2500,3000
2002-01-25,18.3200,18.3200,17.5000,17.5000,5800
2002-01-18,18.5000,18.6400,18.0000,18.6400,3100
2002-01-11,21.0000,21.0000,18.5500,19.0000,5100
2002-01-04,20.9500,21.5000,20.9500,21.0000,9400
2001-12-28,20.4900,20.9600,20.2500,20.9500,10800
2001-12-21,19.9000,20.4400,19.5000,20.4400,64900
2001-12-14,24.0500,24.0500,19.9000,19.9000,9500
2001-12-07,26.1500,26.1500,24.0500,24.0500,11900
2001-11-30,26.0000,26.4900,26.0000,26.0000,4500
2001-11-23,25.6800,26.0000,25.6800,26.0000,6500
2001-11-16,26.0000,26.5000,25.5000,25.7500,6600
2001-11-09,25.0500,26.0000,25.0500,26.0000,1500
2001-11-02,25.0000,25.2500,25.0000,25.0500,2400
2001-10-26,24.2000,25.0000,24.2000,25.0000,6100
2001-10-19,23.6000,24.4000,22.5000,24.0000,11600
2001-10-12,23.3000,23.6000,22.2500,23.6000,10600
2001-10-05,22.3000,23.3000,22.1500,23.3000,11700
2001-09-28,22.5000,22.5000,21.5500,22.2500,3500
2001-09-21,26.0000,26.0000,19.0000,23.0000,16300
2001-09-10,26.2500,26.2500,26.2500,26.2500,1200
2001-09-07,27.5000,27.5000,26.5000,26.5000,5000
2001-08-31,27.8500,27.8500,26.9500,26.9500,2100
2001-08-24,28.3000,28.7500,27.8500,27.8500,4800
2001-08-17,27.7000,28.3500,27.7000,28.3000,1200
2001-08-10,28.0000,28.0000,27.2000,27.7000,600
2001-08-03,26.4000,28.0000,26.4000,28.0000,12900
2001-07-27,26.2500,26.3000,26.0000,26.3000,2300
2001-07-20,25.5000,26.3000,25.3000,25.8000,5400
2001-07-13,25.5500,25.5500,23.4000,25.3400,18400
2001-07-06,26.0500,26.0500,26.0500,26.0500,600
2001-06-29,28.5000,28.5000,26.0000,26.0500,8000
2001-06-22,31.9000,31.9000,27.2500,28.5000,16200
2001-06-15,32.7500,33.0000,31.3000,31.7500,8800
2001-06-08,34.0100,34.0100,33.0200,33.0200,1500
2001-06-01,33.7500,34.2500,33.0000,34.0400,5900
2001-05-25,33.7500,34.7500,33.7500,34.2500,800
2001-05-18,35.2400,35.2400,34.0000,34.7500,2700
2001-05-11,34.0000,35.2400,33.7500,35.2400,900
2001-05-04,34.5000,35.5000,34.0000,34.0000,4400
2001-04-27,32.1000,34.5000,32.1000,34.5000,2100
2001-04-20,32.0000,33.0000,32.0000,32.1000,14200
2001-04-12,32.2600,32.2600,30.5000,31.9900,13200
2001-04-06,38.2500,38.2500,32.9400,32.9400,28800
2001-03-30,32.1300,39.8800,32.1300,39.2500,56000
2001-03-23,32.8800,32.9400,32.2500,32.8800,5300
2001-03-16,32.0600,32.7500,31.2500,31.8100,6600
2001-03-09,32.8800,32.8800,31.6300,32.1900,3000
2001-03-02,33.0000,33.0000,32.2500,32.3800,8200
2001-02-23,32.2500,33.3800,32.0000,33.0000,10500
2001-02-16,30.6200,32.5000,30.0000,32.5000,32000
2001-02-09,31.6300,31.6300,30.5000,30.6300,12200
2001-02-02,32.0000,32.0000,31.5000,31.6300,5300
2001-01-26,32.6900,32.6900,32.0000,32.0600,19300
2001-01-19,29.5600,32.7500,29.5600,32.7500,15700
2001-01-12,27.6300,29.2500,27.5600,29.2500,36400
2001-01-05,27.5000,28.1300,27.2500,28.0000,28700
2000-12-29,24.7500,27.5000,24.7500,27.5000,14700
2000-12-22,25.5000,25.5000,23.6300,24.7500,3000
2000-12-15,25.0000,25.5000,24.0000,25.5000,600
2000-12-08,24.0000,25.0000,24.0000,25.0000,2700
2000-12-01,26.0000,26.2500,24.2500,25.5000,10800
2000-11-24,26.5000,27.2500,26.0000,26.0000,12700
2000-11-17,26.1300,26.2500,26.0000,26.2500,2400
2000-11-10,24.1300,27.1300,24.1300,26.2500,11800
2000-11-03,24.2500,24.3100,24.0000,24.0000,5400
2000-10-27,24.2500,24.2500,24.2500,24.2500,600
2000-10-20,24.2500,24.2500,24.2500,24.2500,1100
2000-10-13,24.3800,24.3800,24.2500,24.2500,1800
2000-10-06,24.2500,25.0000,24.2500,24.3800,4900
2000-09-29,25.0000,25.0000,24.0000,24.2500,2300
2000-09-22,25.5000,27.0000,25.0000,25.5000,11900
2000-09-15,23.2500,25.5000,23.2500,25.5000,35100
2000-09-08,23.5000,24.2500,23.2500,23.2500,1600
2000-09-01,24.5000,24.5000,23.5000,23.5000,4700
2000-08-25,22.7500,25.7500,22.7500,24.5000,14000
2000-08-18,22.0000,23.0000,21.7500,22.6300,43900
2000-08-11,22.0000,23.0000,19.8800,22.5000,60700
2000-08-04,22.5000,23.5000,22.5000,22.5000,7600
2000-07-28,24.5000,24.7500,22.5000,22.5000,8100
2000-07-21,25.2500,25.2500,24.5000,24.5000,1000
2000-07-14,25.2500,25.2500,23.5000,25.2500,10200
2000-07-07,25.5000,26.2500,25.5000,25.7500,7700
2000-06-30,24.5000,26.0000,22.2500,26.0000,126300
2000-06-23,28.0000,28.0000,24.5000,24.5000,11100
2000-06-16,23.3800,28.0000,22.7500,28.0000,17500
2000-06-09,23.5000,23.5000,23.5000,23.5000,0
2000-06-02,24.0000,24.0000,23.5000,23.5000,3100
2000-05-26,24.2500,24.2500,24.0000,24.0000,1500
2000-05-19,24.5000,25.5000,23.7500,24.6300,11700
2000-05-12,24.0000,24.7500,23.2500,24.7500,6100
2000-05-05,25.5000,25.5000,24.7500,24.7500,100
2000-04-28,24.0000,25.5000,24.0000,25.5000,3300
2000-04-20,25.5000,25.5000,24.0000,25.1200,12700
2000-04-14,30.2500,30.2500,26.5000,26.5000,7000
2000-04-07,32.5000,32.5000,30.2500,30.2500,5800
2000-03-31,33.5000,33.5000,32.2500,32.5000,7300
2000-03-24,33.5000,34.7500,33.2500,34.0000,11500
2000-03-17,30.6300,35.7500,30.2500,33.5000,40700
2000-03-10,30.0000,31.0000,28.7500,31.0000,33800
2000-03-03,27.7500,30.5000,26.2500,30.1300,19100
2000-02-25,26.2500,28.0000,25.7500,27.2500,12400
2000-02-18,26.7500,26.7500,26.2500,26.2500,1900
2000-02-11,27.2500,27.5000,24.7500,27.0000,11500
2000-02-04,27.2500,27.7500,25.5000,25.5000,9700
2000-01-28,28.5000,31.0000,27.5000,27.5000,19000
2000-01-21,28.5600,29.1300,27.0000,28.5000,6200
2000-01-14,28.5000,29.5000,27.5000,29.5000,9800
