timestamp,open,high,low,close,volume
2014-02-26,46.4600,46.5000,46.3900,46.4700,176522
2014-02-21,46.4100,46.5100,46.1300,46.4100,205318
2014-02-14,46.3800,46.4600,46.3400,46.4100,290341
2014-02-07,46.3100,46.4400,46.3100,46.4400,418935
2014-01-31,46.3700,48.3700,46.2800,46.4300,780214
2014-01-24,46.3200,46.4900,46.3200,46.4500,385712
2014-01-17,46.1700,46.5500,45.9600,46.3200,1490905
2014-01-10,39.5000,46.9200,37.8150,46.4800,1292524
2014-01-03,40.8000,41.0900,36.7500,39.2800,463638
2013-12-27,40.2100,41.2000,39.8500,41.0200,160378
2013-12-20,38.7000,41.0000,37.5900,40.4050,334043
2013-12-13,41.0300,42.9600,38.0010,38.4700,386821
2013-12-06,41.3500,41.5400,38.5010,40.8900,309866
2013-11-29,41.6500,42.7700,38.7892,41.3500,207022
2013-11-22,39.2200,42.3300,36.5600,41.7400,326904
2013-11-15,43.0200,43.0200,39.2200,39.9400,226953
2013-11-08,43.3300,47.5030,39.5400,42.7000,292473
2013-11-01,51.3700,52.6200,42.2000,43.7900,561483
2013-10-25,54.0000,54.3600,50.1190,51.1300,216215
2013-10-18,49.9000,54.3730,49.9000,53.8200,231616
2013-10-11,58.4900,60.3600,41.3200,50.1000,661531
2013-10-04,52.5300,59.9600,52.0000,58.2000,500048
2013-09-27,51.1400,54.2700,50.0100,52.5300,153771
2013-09-20,49.1800,54.1490,48.5105,51.7600,258219
2013-09-13,50.4000,51.4690,48.0010,48.9900,312340
2013-09-06,48.9900,51.9900,47.7400,49.9100,194102
2013-08-30,49.4500,51.6000,47.0382,48.9900,278671
2013-08-23,44.4000,51.4799,44.0650,48.8900,332199
2013-08-16,43.1400,49.3100,40.5800,43.9100,594261
2013-08-09,36.8500,43.5900,35.9000,42.8700,414448
2013-08-02,35.4100,38.1800,34.3800,37.1800,258540
2013-07-26,33.7100,36.6600,33.5600,35.2900,383507
2013-07-19,30.1500,34.3200,29.6101,33.7400,313707
2013-07-12,29.2200,30.4000,29.1600,30.1000,469061
2013-07-05,28.3500,29.0500,27.0000,29.0500,316455
2013-06-28,27.5400,29.7700,27.0419,28.3500,1098296
2013-06-21,27.0100,27.8840,26.4100,27.7200,105595
2013-06-14,27.3400,27.8900,25.6000,26.9700,153701
2013-06-07,27.7700,27.8800,24.8600,27.0200,139976
2013-05-31,27.6700,28.3000,27.3000,27.8000,96111
2013-05-24,27.4000,28.2900,27.1100,27.6700,173234
2013-05-17,26.8200,28.3300,26.6800,27.4900,257864
2013-05-10,24.7400,28.1990,22.7800,26.4000,182517
2013-05-03,24.6500,24.7500,23.2401,24.6000,128368
2013-04-26,22.0100,25.0000,21.5400,24.3800,122374
2013-04-19,23.6100,23.8400,21.5000,22.1700,110748
2013-04-12,23.1900,24.2900,23.1520,23.7900,154664
2013-04-05,23.1100,24.1900,22.1800,23.3000,115948
2013-03-28,23.8100,24.2088,22.7500,23.1100,108201
2013-03-22,21.2100,24.3900,21.0000,23.4399,176755
2013-03-15,21.7000,22.3699,20.2500,21.3300,124637
2013-03-08,18.0000,22.3800,17.9392,21.6800,206888
2013-03-01,22.5900,23.5500,17.8000,18.0000,605720
2013-02-22,19.9900,22.6800,19.9900,22.4600,237385
2013-02-15,19.4900,21.0000,18.6200,19.9900,245941
2013-02-08,19.5000,19.9900,18.7800,19.4300,192194
2013-02-01,18.0500,20.4899,17.5000,19.4900,280165
2013-01-25,18.0900,18.4000,17.5062,18.0400,84805
2013-01-18,17.7200,18.5000,17.0000,18.0900,126603
2013-01-11,17.4700,19.4300,17.1000,17.5100,154438
2013-01-04,14.3900,17.9600,14.3300,17.2500,160448
2012-12-28,13.0100,14.6430,13.0100,14.3300,80076
2012-12-21,12.6600,13.3400,12.4900,13.2300,63017
2012-12-14,12.2500,13.2700,11.5000,12.6800,79144
2012-12-07,11.6300,12.3900,11.1000,12.2000,245385
2012-11-30,11.4000,12.7999,11.1600,11.4300,62146
2012-11-23,11.3400,11.8999,11.1615,11.2700,9957
2012-11-16,11.9300,12.5900,11.1000,11.2600,27267
2012-11-09,13.0000,13.5300,11.0000,11.8100,166343
2012-11-02,12.4900,13.8200,12.0000,12.8800,47690
2012-10-26,12.9000,12.9000,11.6000,12.4900,53993
2012-10-19,12.6900,13.2900,12.6100,12.9000,38927
2012-10-12,12.3100,13.1500,11.3600,12.4200,39438
2012-10-05,11.7700,12.4000,11.6700,12.1800,73728
2012-09-28,11.8500,12.0100,11.3610,11.9570,44756
2012-09-21,12.3700,12.6400,11.3600,11.7300,34141
2012-09-14,11.9100,13.0700,11.8100,12.4000,22637
2012-09-07,12.0700,13.4700,11.7300,11.9100,32001
2012-08-31,10.7600,12.1400,10.2800,12.0700,82456
2012-08-24,11.2700,12.0499,10.5400,10.7000,21985
2012-08-17,11.2000,12.3000,11.1620,11.1700,43557
2012-08-10,10.3400,11.4900,9.9500,11.1600,24335
2012-08-03,10.0000,10.8700,9.5100,10.1200,6786
2012-07-27,10.3900,10.5000,9.0000,10.4900,10430
2012-07-20,10.6800,11.0000,8.6000,10.4700,4504
2012-07-13,10.9000,11.2800,10.1000,10.8990,18299
2012-07-06,10.5500,11.9900,9.9800,10.8100,45463
2012-06-29,9.1500,10.5899,9.0600,10.4800,51739
2012-06-22,9.0800,9.3500,8.9500,9.1600,28571
2012-06-15,9.0100,9.4800,8.9500,9.1100,25315
2012-06-08,8.3700,9.4800,8.3000,9.1100,245044
2012-06-01,8.4200,8.6600,8.2100,8.2800,12806
2012-05-25,8.1100,8.8900,8.1000,8.4200,32432
2012-05-18,8.0400,8.2100,7.9200,8.1100,25681
2012-05-11,7.7700,8.0900,7.7700,8.0200,32394
2012-05-04,7.7900,8.1500,7.4500,7.7600,7921
2012-04-27,7.4500,7.8100,7.4000,7.7600,22892
2012-04-20,7.3500,7.6700,7.3500,7.4500,13767
2012-04-13,7.5900,7.7699,7.5000,7.7200,10111
2012-04-05,7.4900,7.7500,7.3800,7.5900,11987
2012-03-30,7.2600,7.7800,7.2400,7.5200,28029
2012-03-23,7.5000,7.6900,7.2000,7.3000,15182
2012-03-16,7.4700,7.6500,7.4700,7.5800,10544
2012-03-09,7.5700,8.0000,7.4208,7.6400,17263
2012-03-02,7.7700,7.9800,7.5700,7.6080,17121
2012-02-24,7.8100,8.1500,7.8100,7.8200,11068
2012-02-17,8.1900,8.1900,7.6600,7.8100,17664
2012-02-10,8.2800,8.2900,7.8000,8.1900,34514
2012-02-03,8.0800,8.2200,7.6400,8.1500,8591
2012-01-27,7.8280,8.2400,7.7100,8.1500,14947
2012-01-20,7.7500,7.9160,7.5700,7.8280,3180
2012-01-13,7.7600,7.9600,7.4200,7.7500,9591
2012-01-06,7.3400,8.0800,7.3400,7.8100,6928
2011-12-30,7.8500,8.0400,7.3400,7.3400,27003
2011-12-23,7.2900,8.1000,7.2000,7.8500,28495
2011-12-16,7.6200,7.9400,7.2500,7.2700,15866
2011-12-09,8.1900,8.4500,7.6200,7.6200,11418
2011-12-02,7.8200,8.2340,7.6800,8.0600,268937
2011-11-25,7.7600,7.9600,7.6100,7.6700,6004
2011-11-18,7.6200,7.9900,7.5500,7.8000,6244
2011-11-11,9.2400,9.4900,7.9500,7.9500,9892
2011-11-04,9.4500,9.7300,9.0000,9.1000,13292
2011-10-28,7.9500,9.7500,7.8800,9.5700,112844
2011-10-21,7.6200,8.4100,7.5800,7.9500,42300
2011-10-14,7.3800,7.7000,7.2000,7.7000,44308
2011-10-07,7.0800,7.3200,6.8510,7.3000,89392
2011-09-30,6.6700,7.3880,6.6100,7.3300,74477
2011-09-23,7.0900,7.1900,6.5000,6.6100,35241
2011-09-16,7.1100,7.7200,6.7600,7.1900,108615
2011-09-09,7.3200,7.6895,7.0000,7.0300,190601
2011-09-02,7.5500,7.5500,7.2800,7.4000,13124
2011-08-26,6.8300,7.5600,6.6600,7.5600,6076
2011-08-19,7.0400,7.8200,6.5400,6.5900,71371
2011-08-12,7.4000,8.1680,6.5400,7.0500,90222
2011-08-05,8.1000,8.3000,6.7300,7.5000,41963
2011-07-29,8.1600,8.2100,7.7000,8.0000,35324
2011-07-22,8.3000,8.7300,8.0000,8.1400,41940
2011-07-15,8.2600,9.9700,8.1700,8.3900,40978
2011-07-08,8.0000,8.6400,7.9300,8.3900,57620
2011-07-01,7.5100,8.1600,7.5100,8.0000,38363
2011-06-24,7.4600,7.9240,7.2600,7.6100,59798
2011-06-17,7.5900,7.8000,7.2700,7.4500,59189
2011-06-10,6.8000,7.6500,6.7100,7.5100,81961
2011-06-03,6.5700,6.9500,6.0800,6.7700,29979
2011-05-27,6.2500,6.4600,6.1600,6.4200,14005
2011-05-20,6.3700,6.4000,6.1800,6.2800,29424
2011-05-13,6.2100,6.7295,6.1400,6.4100,78718
2011-05-06,6.1400,6.2000,6.0000,6.2000,58296
2011-04-29,6.1200,6.2000,6.1000,6.1580,54257
2011-04-21,5.9100,6.1300,5.9000,6.1300,13454
2011-04-15,5.9700,6.2000,0.0000,6.0700,38762
2011-04-08,6.0900,6.1900,0.0000,6.0000,21517
2011-04-01,5.9900,6.1000,5.8900,6.0000,92469
2011-03-25,5.9300,6.0900,5.8350,5.9999,40236
2011-03-18,6.1000,6.2000,0.0000,6.0300,56043
2011-03-11,6.1400,6.1900,5.8500,6.1500,13076
2011-03-04,5.9250,6.1500,5.8920,6.1500,18251
2011-02-25,6.0800,6.1500,5.9100,6.0200,32401
2011-02-18,6.0200,6.2750,5.9201,6.1600,120113
2011-02-11,6.1500,6.1500,5.8900,6.0900,20955
2011-02-04,6.1200,6.1500,5.8800,5.9600,12091
2011-01-28,6.1000,6.1800,6.0600,6.1200,26331
2011-01-21,6.1000,6.1800,6.0300,6.1000,26034
2011-01-14,6.0700,6.1800,5.8500,6.1800,13910
2011-01-07,5.7300,6.1800,5.7300,6.0900,58692
2010-12-31,5.6100,5.9600,5.5000,5.7500,22595
2010-12-23,5.5000,6.1100,5.4500,5.5500,20203
2010-12-17,5.8800,6.0900,5.5500,5.5900,48224
2010-12-10,6.1600,6.2200,5.8800,5.9600,20170
2010-12-03,6.1800,6.2400,5.9900,6.1000,190849
2010-11-26,6.0500,6.2800,5.9500,6.0500,79899
2010-11-19,6.0300,6.3000,5.9801,6.0700,41970
2010-11-12,6.1000,6.3000,5.8100,6.0500,163757
2010-11-05,5.9300,6.2300,5.3200,6.1800,46268
2010-10-29,5.3600,6.1500,5.3600,5.9800,138725
2010-10-22,4.9100,5.4000,4.7900,5.4000,71804
2010-10-15,4.5000,4.8400,4.4600,4.8400,65399
2010-10-08,4.6000,4.6500,4.3600,4.3800,44358
2010-10-01,4.1900,4.9500,4.1400,4.4838,347614
2010-09-24,4.2500,4.7500,4.0500,4.2500,113859
2010-09-17,4.2800,4.8000,3.8400,4.1700,79701
2010-09-10,4.5100,4.7700,4.2200,4.2200,21527
2010-09-03,4.5000,5.0300,4.3900,4.5400,125200
2010-08-27,4.5300,5.0400,4.4900,4.4900,68983
2010-08-20,4.4200,4.9500,4.3800,4.6300,65946
2010-08-13,4.6700,5.1900,4.3800,4.5500,151894
2010-08-06,4.7700,5.2000,4.2800,4.6700,147662
2010-07-30,4.4900,5.0300,4.4500,4.6500,209753
2010-07-23,5.0800,5.1400,4.4500,4.5100,26749
2010-07-16,4.9900,5.6500,4.9800,5.2500,94073
2010-07-09,5.0800,5.6600,4.8080,5.0400,157838
2010-07-02,5.1400,5.4500,4.9650,5.2900,34764
2010-06-25,5.6200,5.6200,5.2300,5.2300,19121
2010-06-18,5.5800,5.9900,5.2700,5.4500,17461
2010-06-11,5.7100,5.9200,5.5000,5.6300,27202
2010-06-04,5.5800,6.1800,5.2600,5.7000,89663
2010-05-28,5.6000,6.0500,5.3900,5.6000,57770
2010-05-21,6.2300,6.2300,5.4500,5.5400,74182
2010-05-14,6.2400,6.4700,5.7600,6.4100,142288
2010-05-07,6.0800,6.5000,6.0000,6.0300,108486
2010-04-30,6.4600,6.5000,5.9500,6.1000,38677
2010-04-23,6.4500,6.6300,6.3200,6.4100,86870
2010-04-16,6.9400,7.0500,6.2600,6.4400,74720
2010-04-09,6.6100,7.3800,6.6100,6.9400,47050
2010-04-01,6.9300,7.6799,6.4600,6.6400,53029
2010-03-26,7.7300,7.9500,6.9100,6.9500,116853
2010-03-19,6.9400,8.1700,6.4700,7.7400,204863
2010-03-12,6.6000,7.2700,6.4000,6.8600,126004
2010-03-05,6.1700,6.7776,6.1500,6.7776,51530
2010-02-26,6.2800,6.5500,6.0300,6.5000,36656
2010-02-19,6.2900,6.7500,5.9000,6.3000,60422
2010-02-12,6.5700,6.8000,5.7000,6.1600,152044
2010-02-05,7.0000,7.2900,6.5000,6.5000,102296
2010-01-29,7.2200,7.8300,7.0300,7.2000,122773
2010-01-22,7.7200,8.1700,7.2200,7.2300,79297
2010-01-15,7.4100,8.1700,7.2301,7.6100,106287
2010-01-08,7.4200,7.9100,7.1310,7.2700,53647
2009-12-31,7.3600,7.9950,7.2000,7.4100,83346
2009-12-24,8.0000,8.5900,7.0200,7.6980,200447
2009-12-18,7.7900,8.9200,7.0100,7.8800,83347
2009-12-11,6.9900,8.0000,6.8100,7.6900,58546
2009-12-04,7.0700,7.3500,6.3200,6.7500,137863
2009-11-27,7.2900,7.4300,6.9500,7.1000,32678
2009-11-20,7.0000,7.5800,6.9900,7.4000,43241
2009-11-13,7.4500,7.4500,6.8201,7.0600,139350
2009-11-06,7.0800,7.6600,6.8300,7.5100,31617
2009-10-30,8.3500,8.4000,7.0500,7.0800,68761
2009-10-23,8.9900,9.0900,8.0800,8.3500,62522
2009-10-16,8.1500,9.1500,7.9700,8.9300,113145
2009-10-09,7.4500,8.1500,7.4300,8.0200,83834
2009-10-02,8.1400,8.1400,7.1100,7.6900,58423
2009-09-25,7.9100,8.3399,7.6200,8.2000,96654
2009-09-18,8.1200,8.5900,7.9100,7.9100,55441
2009-09-11,7.8900,8.4800,7.7600,8.1500,58426
2009-09-04,7.9500,8.3495,7.6300,8.0400,37639
2009-08-28,7.5700,8.2500,7.5200,7.8400,75971
2009-08-21,7.7600,8.2300,7.5500,7.5500,42777
2009-08-14,7.8821,8.6470,7.5600,7.9600,91611
2009-08-07,7.7400,8.8100,7.3500,7.7500,57153
2009-07-31,7.2800,8.2100,7.0600,8.1000,63052
2009-07-24,6.8900,7.4200,6.8049,7.3700,46003
2009-07-17,6.7800,7.1400,6.6400,7.0100,41762
2009-07-10,6.6101,7.2700,6.5200,6.5200,61079
2009-07-02,6.4600,6.6500,6.3700,6.5800,26287
2009-06-26,6.5900,6.6600,6.3500,6.3600,51980
2009-06-19,6.8400,6.9000,6.4300,6.7000,24048
2009-06-12,6.5300,7.0300,6.3700,6.9300,40568
2009-06-05,6.2800,6.6400,6.2800,6.4700,125055
2009-05-29,6.1800,6.5800,6.1800,6.2800,210392
2009-05-22,6.9724,7.4000,6.0600,6.2400,106869
2009-05-15,7.4100,7.4400,6.9000,6.9500,89538
2009-05-08,6.6800,7.3100,6.5801,7.1600,37701
2009-05-01,6.7000,7.1200,6.2000,6.8200,79652
2009-04-24,6.3100,6.6700,6.2000,6.5000,23620
2009-04-17,6.0650,6.7100,5.7200,6.3200,31920
2009-04-09,5.6900,6.6100,5.6400,5.9000,39230
2009-04-03,4.9600,5.9400,4.8800,5.7900,64791
2009-03-27,4.6100,5.5000,4.2900,4.9500,61605
2009-03-20,4.4900,4.8000,3.9000,4.4300,62351
2009-03-13,4.5700,4.9000,4.3200,4.6900,74811
2009-03-06,5.1000,5.5200,4.5500,4.5936,49299
2009-02-27,5.7900,5.8200,4.9100,5.0000,91615
2009-02-20,6.9700,6.9700,5.5000,5.6000,42831
2009-02-13,7.0800,7.0800,6.5000,7.0200,26812
2009-02-06,7.9500,8.0400,5.7000,6.8500,120308
2009-01-30,8.0100,8.0600,7.7100,7.8300,33295
2009-01-23,7.7262,8.3500,7.7262,7.9900,21834
2009-01-16,8.1300,8.3500,7.7500,8.3500,40782
2009-01-09,8.3400,8.4900,7.9900,8.0500,35987
2009-01-02,7.8700,8.6400,7.7000,8.2300,68987
2008-12-26,8.3300,8.3300,7.7900,8.0400,27266
2008-12-19,9.0000,9.1100,7.5800,7.9100,72740
2008-12-12,10.6200,10.8000,8.5000,8.9400,337628
2008-12-05,9.9300,10.9700,9.9300,10.8400,47177
2008-11-28,10.0600,10.4900,9.2700,10.1400,65436
2008-11-21,10.2300,10.7500,9.7700,10.5200,282458
2008-11-14,9.7300,10.7999,9.7000,10.6800,163330
2008-11-07,11.2200,12.3500,9.1100,9.8500,66156
2008-10-31,11.3100,11.7800,11.0100,11.5500,106168
2008-10-24,12.5000,12.6800,11.0500,11.8200,46438
2008-10-17,11.2600,12.9600,10.0500,12.5000,143836
2008-10-10,12.7800,12.8700,10.5600,11.1000,138180
2008-10-03,13.4900,13.5800,12.6000,12.9600,116038
2008-09-26,14.3000,14.3100,12.8700,13.7300,64476
2008-09-19,15.5100,15.5800,13.1200,14.3100,89005
2008-09-12,15.5595,15.8500,15.4800,15.5100,27511
2008-09-05,16.8800,17.1800,15.1600,15.4100,50614
2008-08-29,16.5100,17.2200,15.5900,17.2200,33797
2008-08-22,16.2700,16.6700,15.7600,16.6100,35763
2008-08-15,15.8600,16.7100,15.2300,16.2400,48404
2008-08-08,15.9500,16.5000,14.8300,16.1200,93197
2008-08-01,16.5600,16.6300,16.0100,16.1200,43294
2008-07-25,16.6000,17.5000,16.3400,16.6500,57666
2008-07-18,16.5200,17.2500,16.2500,16.5700,35323
2008-07-11,16.4500,16.9000,15.7200,16.6000,26183
2008-07-03,17.0800,17.3500,16.4100,16.4400,29355
2008-06-27,17.5000,17.8500,16.4100,17.0000,61810
2008-06-20,18.1000,18.8900,17.2500,17.4200,66677
2008-06-13,17.6700,18.0000,17.3880,18.0000,41879
2008-06-06,17.0000,17.6500,16.5500,17.6500,62989
2008-05-30,16.5200,17.1900,16.2300,16.9500,49472
2008-05-23,16.3600,17.0900,15.5600,16.6000,55709
2008-05-16,15.9100,17.2400,15.6900,16.5500,100228
2008-05-09,17.1500,17.4500,15.6100,16.5700,85163
2008-05-02,17.0800,17.3600,16.7100,17.1400,43203
2008-04-25,17.0800,17.0800,16.5000,17.0200,45065
2008-04-18,17.3200,17.3220,16.1000,17.0600,104950
2008-04-11,16.2500,17.0000,15.8400,17.0000,124209
2008-04-04,15.2700,16.6000,15.2700,16.0600,55689
2008-03-28,15.0500,16.0900,15.0200,15.6300,42916
2008-03-20,15.5400,15.7400,14.9600,15.0800,21088
2008-03-14,15.4200,15.8500,15.2500,15.5500,65939
2008-03-07,16.2200,16.3300,15.0500,15.4000,47001
2008-02-29,15.9900,16.1800,15.4500,16.1100,40483
2008-02-22,16.1200,16.3000,15.6800,16.0900,53626
2008-02-15,16.0000,16.6700,15.5100,16.0800,55864
2008-02-08,15.1200,16.2900,14.0200,16.0000,108478
2008-02-01,14.9500,16.1100,14.3700,14.9500,87602
2008-01-25,14.0100,15.0000,13.6100,14.9500,39523
2008-01-18,14.7500,15.4500,13.9800,14.8000,113546
2008-01-11,16.3400,16.3400,14.4100,14.9000,53849
2008-01-04,16.7200,17.3200,16.2100,16.3300,160673
2007-12-28,16.9900,17.2000,16.7700,17.1100,136684
2007-12-21,15.9100,17.0000,15.2000,17.0000,78596
2007-12-14,15.7300,17.7500,15.7300,16.2700,150515
2007-12-07,14.7000,16.0700,14.3000,15.9300,62294
2007-11-30,16.6600,16.9400,13.9400,14.7000,275254
2007-11-23,17.0800,17.5000,16.6600,16.9200,45800
2007-11-16,17.5600,17.9900,16.6700,17.2900,97614
2007-11-09,18.5500,19.0600,17.0900,17.4300,62899
2007-11-02,17.8900,19.2000,17.8900,18.5500,109898
2007-10-26,17.4400,18.6980,17.4400,18.0000,49431
2007-10-19,18.8000,18.8500,17.3200,17.7500,110592
2007-10-12,17.0600,18.7200,17.0600,18.5000,116510
2007-10-05,15.4100,17.6300,15.4100,16.9600,270551
2007-09-28,15.7400,15.9600,15.0700,15.6200,56155
2007-09-21,15.0900,15.6000,14.8900,15.5600,41876
2007-09-14,15.3000,15.9000,15.0100,15.2500,57995
2007-09-07,15.6200,15.8700,15.1810,15.3000,38526
2007-08-31,15.6200,15.7600,14.8400,15.6200,106251
2007-08-24,13.6000,15.6100,13.6000,15.4400,167805
2007-08-17,13.4800,15.1300,12.9500,13.2800,156208
2007-08-10,14.9100,15.3600,13.0000,13.6000,179153
2007-08-03,14.2000,15.9900,14.2000,15.5200,165677
2007-07-27,16.2700,16.2700,12.8800,14.3000,116211
2007-07-20,15.4000,16.1400,15.4000,15.9700,47060
2007-07-13,15.0100,15.7000,14.8900,15.7000,54799
2007-07-06,15.1100,15.4600,14.4000,15.2500,114111
2007-06-29,15.0100,15.4900,14.6900,15.1100,91802
2007-06-22,15.6200,16.0400,14.5000,14.8400,138347
2007-06-15,15.7000,16.2700,15.3500,15.9600,67295
2007-06-08,16.4100,16.6900,15.4000,15.9000,218114
2007-06-01,15.4900,16.9400,14.8100,16.2900,149680
2007-05-25,15.0300,17.4200,14.9800,15.4800,295263
2007-05-18,15.2900,16.0500,14.2900,14.8000,188658
2007-05-11,12.7400,15.4500,12.4500,15.1393,213029
2007-05-04,11.3800,12.7280,11.3400,12.7280,146855
2007-04-27,11.7100,11.8300,11.3400,11.7980,71507
2007-04-20,11.8000,11.9900,11.4900,11.9900,150435
2007-04-13,11.7500,12.0000,10.6000,11.9900,80049
2007-04-05,11.5300,11.7000,11.2600,11.5000,49907
2007-03-30,10.5800,11.6560,10.5700,11.6000,140911
2007-03-23,10.2700,10.9000,9.8500,10.8200,51034
2007-03-16,10.8600,11.0900,10.3500,10.3500,82277
2007-03-09,10.4500,12.2200,10.4500,11.4000,140252
2007-03-02,10.4900,10.5500,9.5800,10.3500,125234
2007-02-23,10.3000,10.7990,10.2100,10.3900,123511
2007-02-16,10.1400,11.1100,9.9000,10.3000,192761
2007-02-09,9.2000,10.0600,9.0400,10.0600,73168
2007-02-02,9.1500,9.4900,8.9900,9.3100,51519
2007-01-26,8.8860,9.3800,8.8860,9.0800,41842
2007-01-19,8.1200,9.2950,8.0200,9.1760,101661
2007-01-12,8.3200,8.5800,8.0100,8.3200,56912
2007-01-05,7.9900,8.3900,7.9900,8.3900,44686
2006-12-29,8.2400,8.3900,7.5600,8.1100,106382
2006-12-22,7.7000,7.9400,7.5100,7.8001,45287
2006-12-15,7.4300,7.8600,7.2300,7.6900,74259
2006-12-08,7.6400,7.8300,7.2500,7.4300,52063
2006-12-01,7.3000,7.7700,7.1500,7.6999,57669
2006-11-24,7.5200,7.5600,7.1500,7.4000,44022
2006-11-17,7.5600,7.8400,7.4600,7.6800,38289
2006-11-10,7.9000,8.0600,7.5300,7.6100,60667
2006-11-03,7.0900,7.9000,6.9600,7.8900,75115
2006-10-27,7.3000,7.5200,7.1700,7.2400,68133
2006-10-20,7.3400,7.7000,7.0000,7.2500,62600
2006-10-13,7.7100,7.7800,7.4200,7.4200,47710
2006-10-06,7.4800,7.8500,7.4800,7.7100,48915
2006-09-29,7.6500,7.7500,7.4200,7.6600,24528
2006-09-22,7.7300,8.1500,7.4200,7.4300,59402
2006-09-15,7.0000,7.7300,6.9800,7.7300,51517
2006-09-08,7.0500,7.5000,7.0100,7.1600,59941
2006-09-01,6.4000,7.4500,6.3900,6.9800,47045
2006-08-25,6.7200,6.9400,6.4900,6.5300,41432
2006-08-18,6.7100,6.9400,6.0500,6.6900,62968
2006-08-11,6.5000,7.0300,6.2500,6.6500,63305
2006-08-04,7.5900,8.2400,6.5300,7.0000,151040
2006-07-28,7.9500,8.0200,7.5700,7.5700,29068
2006-07-21,8.3300,8.4500,7.7501,7.9252,50989
2006-07-14,7.9900,8.2500,7.9000,8.2200,58545
2006-07-07,7.8900,8.1700,7.8700,7.9200,36434
2006-06-30,7.9300,8.2400,7.8000,8.1900,114093
2006-06-23,8.1700,8.4000,7.9400,7.9600,69696
2006-06-16,8.0000,8.4000,8.0000,8.0900,50223
2006-06-09,8.3400,8.4100,7.9300,8.0800,119293
2006-06-02,7.6100,8.7100,7.6100,8.7100,114201
2006-05-26,7.1500,7.8000,7.0000,7.6300,101161
2006-05-19,7.8900,7.9500,7.0000,7.1300,121940
2006-05-12,8.7100,9.4500,7.5800,7.9500,278970
2006-05-05,7.8500,8.6000,7.7160,8.6000,131446
2006-04-28,8.0200,8.1100,7.6400,7.8600,98708
2006-04-21,8.0600,8.5600,7.2500,8.0180,197684
2006-04-13,9.1400,9.1540,8.0900,8.1200,197262
2006-04-07,9.2600,9.6300,8.7700,9.4300,302695
2006-03-31,8.4000,9.9750,8.0100,9.1800,447771
2006-03-24,7.4900,8.5000,7.4900,8.3800,431294
2006-03-17,6.6000,8.7000,6.6000,7.5100,746290
2006-03-10,5.9900,6.9400,5.9900,6.6200,441076
2006-03-03,5.7700,6.1700,5.5400,6.0400,198958
2006-02-24,5.3000,6.1900,5.2900,5.7700,311035
2006-02-17,7.4200,7.7500,4.7900,5.2300,862954
2006-02-10,6.4400,8.1700,6.2500,7.3500,322339
2006-02-03,6.4700,7.1400,6.4400,6.4700,150428
2006-01-27,7.0000,7.0000,6.2500,6.5400,179276
2006-01-20,6.7300,7.0000,6.2100,6.9800,314153
2006-01-13,7.4500,7.4500,6.3800,6.7300,554316
2006-01-06,7.0000,7.8000,6.8440,7.4490,473248
2005-12-30,7.0000,8.1200,6.7500,6.8900,1368010
2005-12-23,4.5900,7.9500,4.4000,6.8500,2232940
2005-12-16,4.5600,4.7400,4.4500,4.5600,63249
2005-12-09,4.4600,4.7500,4.2700,4.5600,117959
2005-12-02,4.4000,4.6300,4.0600,4.2500,215792
2005-11-25,4.9200,4.9600,4.4000,4.4400,56040
2005-11-18,4.8900,5.1900,4.7300,4.9200,27648
2005-11-11,5.2400,5.5000,4.5000,5.0200,74341
2005-11-04,5.7900,5.8500,5.2100,5.3800,35373
2005-10-28,5.9600,6.0000,5.6800,5.7200,36753
2005-10-21,5.8200,6.0000,5.6300,5.9000,38833
2005-10-14,5.9000,6.1000,5.6600,5.9000,50794
2005-10-07,5.7500,6.1000,5.7500,5.8400,35737
2005-09-30,5.8000,6.0600,5.7600,5.9160,21002
2005-09-23,6.3100,6.6400,5.8900,5.9400,28936
2005-09-16,6.1400,6.6100,6.0700,6.5900,90819
2005-09-09,6.1900,6.5000,5.8900,6.2300,30044
2005-09-02,6.7700,6.8900,5.9000,6.3200,59914
2005-08-26,7.5600,7.5600,6.5800,6.7700,39374
2005-08-19,8.1200,8.4900,7.7800,7.8000,23423
2005-08-12,8.3200,8.4900,8.0000,8.3600,26502
2005-08-05,8.0000,8.4500,7.9000,8.4500,14432
2005-07-29,8.3100,8.5400,7.9500,8.0100,59165
2005-07-22,8.7900,8.7900,8.2500,8.4800,71177
2005-07-15,7.9500,9.1200,7.9500,8.7900,112698
2005-07-08,8.0000,8.0000,7.9680,8.0000,8800
2005-07-01,7.9500,8.0600,7.8500,8.0000,14466
2005-06-24,8.1000,8.1000,7.9600,8.0000,18700
2005-06-17,7.9500,8.0500,7.9280,8.0200,103231
2005-06-10,7.9100,8.0000,7.9100,7.9500,26738
2005-06-03,8.1400,8.2000,7.9500,8.0000,41031
2005-05-27,7.6160,8.0200,7.6160,8.0200,13621
2005-05-20,7.3000,8.0000,7.3000,8.0000,11713
2005-05-13,7.5000,8.0000,7.2500,7.8200,88631
2005-05-06,7.7500,8.0000,7.5000,7.7200,109985
2005-04-29,8.4700,8.5000,7.8000,7.8000,16865
2005-04-22,7.5000,8.6100,7.1500,8.5200,83063
2005-04-15,7.0000,7.6000,7.0000,7.1220,44116
2005-04-08,7.0000,7.3500,6.8100,7.2400,101655
2005-04-01,7.0100,7.3600,7.0100,7.1900,20755
2005-03-24,7.1100,7.3100,7.0000,7.2100,26042
2005-03-18,8.3900,8.4710,7.0200,7.3390,70177
2005-03-11,8.5200,8.8000,8.0100,8.1500,37454
2005-03-04,8.9500,9.0500,8.2900,8.5000,27335
2005-02-25,8.5800,9.0000,8.3600,8.9000,37401
2005-02-18,7.7700,8.6500,7.7700,8.3400,60865
2005-02-11,7.5300,8.0800,7.4700,7.6700,36884
2005-02-04,7.3290,7.4500,7.1000,7.3000,42966
2005-01-28,7.1000,7.3500,7.0000,7.2500,29650
2005-01-21,7.0000,7.2500,7.0000,7.2000,79180
2005-01-14,7.2700,7.4600,7.0000,7.1500,97166
2005-01-07,8.2910,8.4400,7.7500,7.7500,30224
2004-12-31,8.3300,8.7000,8.2900,8.5100,44960
2004-12-23,8.6110,8.7500,8.2900,8.4500,31661
2004-12-17,8.9000,8.9000,8.3760,8.7800,25605
2004-12-10,8.4500,8.8900,8.2800,8.7600,28484
2004-12-03,8.3900,8.7500,8.2000,8.5400,101525
2004-11-26,8.0100,8.4900,8.0100,8.3900,34516
2004-11-19,7.6500,8.1600,7.4000,8.0400,40048
2004-11-12,7.4500,7.8500,7.3300,7.6500,31906
2004-11-05,7.5000,7.6300,7.2400,7.5000,13897
2004-10-29,7.3910,7.6700,7.3910,7.5440,13050
2004-10-22,7.3500,7.6700,7.1300,7.4110,43442
2004-10-15,7.5000,7.7900,7.2900,7.5000,51145
2004-10-08,7.3800,7.6500,7.3500,7.5500,25837
2004-10-01,7.4900,7.7400,7.3000,7.4510,6245
2004-09-24,7.7600,7.7600,7.3000,7.4900,20740
2004-09-17,8.0000,8.0000,7.3000,7.4900,17823
2004-09-10,8.2400,8.2400,7.3000,7.7300,17757
2004-09-03,7.7400,8.4100,7.2000,7.5400,55147
2004-08-27,7.1500,7.7500,7.0000,7.1800,61370
2004-08-20,7.7000,7.7500,7.1400,7.4500,17803
2004-08-13,7.4800,7.5800,7.1400,7.2500,14635
2004-08-06,7.6500,7.9100,7.1400,7.5800,38398
2004-07-30,7.5300,7.9000,7.4240,7.9000,28079
2004-07-23,7.5000,7.8900,7.5000,7.5400,361231
2004-07-16,7.5300,7.9000,7.5300,7.5400,27056
2004-07-09,7.8480,7.8480,7.2500,7.5200,30686
2004-07-02,7.7000,8.2200,7.4500,7.8600,23039
2004-06-25,7.3300,7.6000,7.2580,7.5300,82570
2004-06-18,7.4800,8.0400,7.2500,7.5000,31477
2004-06-10,7.1300,7.4800,7.1300,7.4700,6344
2004-06-04,7.3000,7.4100,7.1300,7.2800,14011
2004-05-28,7.8500,7.8500,7.1500,7.3000,41510
2004-05-21,7.8100,8.2400,7.4700,7.4700,28550
2004-05-14,7.4200,7.9900,7.4200,7.5200,10750
2004-05-07,7.8990,7.9100,7.4900,7.6600,27821
2004-04-30,8.2150,8.2150,7.6300,7.6300,26722
2004-04-23,7.6000,8.8400,7.6000,7.9000,26929
2004-04-16,8.0900,8.2800,7.5700,7.6000,48685
2004-04-08,7.6510,8.4100,7.5200,7.8400,44666
2004-04-02,7.8000,8.2500,7.6200,7.6300,60132
2004-03-26,8.1300,8.3200,7.8000,7.8000,16692
2004-03-19,8.0600,8.8400,8.0600,8.2800,45633
2004-03-12,8.1100,8.4200,7.6500,8.2300,35890
2004-03-05,8.0400,8.4400,7.6200,8.3500,23319
2004-02-27,8.9400,8.9900,7.7500,8.0700,33164
2004-02-20,9.1000,9.4600,8.7500,9.1100,20920
2004-02-13,9.0900,9.4500,8.5700,9.4200,51847
2004-02-06,9.5800,10.1800,7.8500,8.8400,148195
2004-01-30,10.0300,10.4890,9.7100,10.1200,66714
2004-01-23,10.7800,10.8500,9.6000,10.4900,111996
2004-01-16,10.4300,11.0900,10.1700,10.6300,640743
2004-01-09,9.6400,10.9200,9.1500,10.2500,248548
2004-01-02,9.4900,9.9000,9.3000,9.5590,71174
2003-12-26,9.7500,9.9400,9.0100,9.3900,108202
2003-12-19,9.9250,10.0700,9.2810,9.8000,66663
2003-12-12,8.9800,9.9100,8.9800,9.9100,170623
2003-12-05,9.5500,9.5600,8.6000,9.1790,190589
2003-11-28,9.4300,9.5900,9.3000,9.4500,41648
2003-11-21,9.4900,9.6900,9.3800,9.4400,105885
2003-11-14,9.7300,9.7300,9.4600,9.5000,175810
2003-11-07,9.3000,9.8900,9.2450,9.5100,60143
2003-10-31,9.2500,9.3500,9.1600,9.2900,18450
2003-10-24,9.4100,9.4900,9.1490,9.2500,30550
2003-10-17,9.0800,9.7700,9.0790,9.4610,50410
2003-10-10,8.6000,9.1000,8.5700,9.1000,59302
2003-10-03,8.4300,8.6900,8.4200,8.5600,37100
2003-09-26,8.3600,8.6000,8.1700,8.4710,30325
2003-09-19,7.7600,8.7000,7.7600,8.3600,17800
2003-09-12,8.6800,8.7200,8.1200,8.4100,25491
2003-09-05,8.1500,8.7400,8.1100,8.5500,29169
2003-08-29,8.2500,8.3700,7.6000,8.2200,26459
2003-08-22,8.2500,8.2500,8.0000,8.2290,64404
2003-08-15,8.1000,8.2700,7.6900,7.9000,7600
2003-08-08,8.3400,8.5500,7.9600,7.9600,36810
2003-08-01,8.2900,8.4900,8.2900,8.3390,23900
2003-07-25,8.2500,8.4100,8.2500,8.2900,42900
2003-07-18,7.6000,8.2400,7.6000,8.2400,40065
2003-07-11,7.2500,7.5700,7.1100,7.5700,35600
2003-07-03,6.8500,7.5000,6.8400,7.2500,61800
2003-06-27,7.0700,7.5000,6.8700,7.5000,508597
2003-06-20,7.5200,7.7100,7.0000,7.0600,70300
2003-06-13,7.6200,7.6700,7.1500,7.4900,33300
2003-06-06,7.9300,7.9300,7.3700,7.6100,68900
2003-05-30,8.6500,8.6500,7.6200,7.8100,24700
2003-05-23,8.2000,8.2600,7.1900,7.5500,100700
2003-05-16,7.3500,7.5700,6.6600,7.3000,163100
2003-05-09,7.4000,7.5000,7.2000,7.3000,174776
2003-05-02,7.2600,7.7300,7.1700,7.3900,38000
2003-04-25,7.5500,8.0000,7.3900,7.8640,44800
2003-04-17,7.8240,7.8240,7.5100,7.7000,4200
2003-04-11,7.9000,7.9000,7.7500,7.7500,2300
2003-04-04,7.8400,8.3800,7.8200,7.8200,12500
2003-03-28,8.5500,8.5500,7.4400,7.8370,11213
2003-03-21,8.0300,9.1400,7.9570,8.5940,32100
2003-03-14,7.1500,7.9500,7.0400,7.9500,38900
2003-03-07,7.3400,7.4500,6.7700,7.1500,23184
2003-02-28,7.7000,8.0000,7.4400,7.6100,49835
2003-02-21,7.7100,7.7500,7.6100,7.7000,20900
2003-02-14,7.7390,7.7500,7.5990,7.6800,17300
2003-02-07,9.4100,9.4100,7.2700,7.7500,130535
2003-01-31,9.0000,10.2500,8.7800,10.2350,73868
2003-01-24,9.1100,10.0000,9.1000,9.4120,19545
2003-01-17,9.4000,9.6000,9.1100,9.5800,18100
2003-01-10,9.4500,9.7000,9.1900,9.4900,30395
2003-01-03,9.9890,10.0500,9.3800,9.6650,55600
2002-12-27,9.0000,9.9800,8.7500,9.9800,134500
2002-12-20,8.4500,9.0490,8.3500,9.0000,150300
2002-12-13,8.9000,8.9000,8.2200,8.3000,51700
2002-12-06,8.7100,9.1000,8.6710,8.8600,22274
2002-11-29,8.4600,8.9500,8.4600,8.8800,22312
2002-11-22,7.9000,8.5000,7.7000,8.3600,56776
2002-11-15,8.1600,8.6000,7.5900,7.6900,66500
2002-11-08,8.5000,8.8000,8.1500,8.1500,12300
2002-11-01,9.1900,9.1900,8.2000,8.4500,19300
2002-10-25,9.2500,9.3500,8.8500,9.0000,39400
2002-10-18,7.5000,9.4700,6.3600,9.4700,69500
2002-10-11,8.0100,8.2400,5.5900,7.9500,139360
2002-10-04,8.1500,8.4900,7.9000,8.0000,13900
2002-09-27,8.2000,8.5000,7.8300,8.0000,20900
2002-09-20,8.5000,8.6000,8.0510,8.2000,15049
2002-09-13,8.0600,8.7490,8.0500,8.7490,8000
2002-09-06,8.4600,8.8800,8.0500,8.0500,10001
2002-08-30,8.2100,8.8800,8.1300,8.8500,26200
2002-08-23,8.7020,9.0000,8.1500,8.4280,8800
2002-08-16,8.4500,9.3000,8.3500,8.9500,30500
2002-08-09,8.7000,8.9500,8.4500,8.7200,13639
2002-08-02,8.9800,9.2000,8.3700,8.7000,47700
2002-07-26,8.9500,9.2400,8.4500,8.7000,74700
2002-07-19,8.8000,9.2600,8.7600,9.1900,17300
2002-07-12,9.6000,9.6000,8.8000,8.8000,93000
2002-07-05,9.5000,9.6800,9.1100,9.6800,39500
2002-06-28,9.3000,9.5300,9.1100,9.5000,85200
2002-06-21,10.0100,10.1500,9.1200,9.3500,115600
2002-06-14,10.1300,10.4700,9.9500,10.0300,65200
2002-06-07,10.7500,11.0000,10.0300,10.2500,73200
2002-05-31,10.8000,10.9300,10.3100,10.6980,71200
2002-05-24,10.8700,10.9790,10.4500,10.8000,69300
2002-05-17,10.3000,11.4000,9.7600,10.6000,212800
2002-05-10,9.9000,10.3000,9.6010,10.1020,46900
2002-05-03,10.1500,10.1500,9.5000,10.0000,54500
2002-04-26,9.8500,10.2000,9.8000,9.9100,120300
2002-04-19,10.0000,10.3700,9.8100,10.0000,21800
2002-04-12,9.8060,10.4000,9.8000,10.2000,44200
2002-04-05,10.0100,10.4000,9.8000,10.4000,30700
2002-03-28,10.3300,10.4000,9.6200,9.9100,80900
2002-03-22,9.2000,10.3900,9.2000,10.2500,140900
2002-03-15,9.0500,9.1100,8.9500,9.0000,61600
2002-03-08,8.6000,9.0000,8.5500,9.0000,8600
2002-03-01,8.7000,9.0980,8.5000,8.7500,581900
2002-02-22,9.0000,9.1500,8.5000,8.7000,196800
2002-02-15,9.2000,9.2500,9.0000,9.0020,19000
2002-02-08,8.7800,9.2900,8.5000,9.0000,109500
2002-02-01,8.4040,8.8800,8.3000,8.7800,17000
2002-01-25,8.7400,8.9000,8.3500,8.7500,17200
2002-01-18,8.7000,8.9800,8.2000,8.7410,73100
2002-01-11,8.2800,8.6900,8.2000,8.4530,55700
2002-01-04,8.0500,8.4000,8.0500,8.0600,17600
2001-12-28,8.1000,8.2200,8.0100,8.2000,20600
2001-12-21,8.0090,8.5000,8.0090,8.3100,66100
2001-12-14,7.7500,8.0100,6.4600,7.8700,83700
2001-12-07,7.0250,8.0000,6.9000,7.7460,120400
2001-11-30,7.0800,7.3500,6.8000,7.3500,25700
2001-11-23,7.2000,7.2000,6.6800,6.6800,3900
2001-11-16,7.1000,7.7400,6.7100,7.2000,24600
2001-11-09,6.8000,7.2000,6.8000,7.1000,7200
2001-11-02,6.8000,7.2000,6.7100,6.9100,7800
2001-10-26,7.0000,7.0000,6.6900,6.8000,32200
2001-10-19,7.5500,7.6000,6.8500,7.0000,42000
2001-10-12,7.5800,8.9400,7.5100,7.7500,40700
2001-10-05,7.2210,8.0000,6.8810,8.0000,80100
2001-09-28,6.9980,7.2500,6.9490,7.1000,47100
2001-09-21,6.6700,8.4300,6.6000,7.5000,153800
2001-09-10,6.5500,6.5500,6.4000,6.5000,5600
2001-09-07,6.6600,6.8000,6.4000,6.5220,40600
2001-08-31,6.2210,7.0000,6.2210,6.6620,10400
2001-08-24,6.1500,6.4000,6.1500,6.1700,2300
2001-08-17,6.2110,6.3910,6.0020,6.1500,50800
2001-08-10,5.3500,6.2500,5.3500,6.2500,19000
2001-08-03,5.6000,6.0000,5.5800,6.0000,7400
2001-07-27,5.6000,5.7400,5.6000,5.6090,5000
2001-07-20,6.3200,6.5510,5.2400,5.5900,94100
2001-07-13,6.7600,6.7600,6.4490,6.6890,19000
2001-07-06,6.3590,6.6990,6.3590,6.6990,34400
2001-06-29,6.3300,6.4490,6.2500,6.4490,24900
2001-06-22,6.2500,6.3500,6.2500,6.3500,17100
2001-06-15,6.2600,6.4710,6.2500,6.2790,8000
2001-06-08,6.2500,6.4000,6.2500,6.4000,48200
2001-06-01,6.1000,6.2500,6.1000,6.2500,9600
2001-05-25,6.4000,6.4800,5.8700,6.4490,12300
2001-05-18,6.1890,6.6190,6.1500,6.3590,26000
2001-05-11,5.8010,6.0510,5.5510,6.0510,98000
2001-05-04,5.0700,5.7500,5.0700,5.6990,44700
2001-04-27,5.0000,5.0290,4.8700,4.9610,11600
2001-04-20,5.0000,5.0000,4.8500,4.9000,14000
2001-04-12,5.0000,5.0700,4.9610,5.0510,10100
2001-04-06,5.0000,5.0000,4.7500,4.9380,16000
2001-03-30,4.8130,5.1250,4.8130,5.0000,3200
2001-03-23,4.7500,5.0000,4.7500,5.0000,23400
2001-03-16,4.8130,4.9380,4.6880,4.7500,48900
2001-03-09,4.8130,5.0630,4.6880,4.8130,26300
2001-03-02,5.5000,5.5000,4.8750,5.0630,43900
2001-02-23,6.0630,6.4380,5.6250,5.6880,65500
2001-02-16,5.3130,5.8750,5.3130,5.8750,41000
2001-02-09,4.7500,5.6880,4.6880,5.6880,32500
2001-02-02,5.5000,5.5000,4.0000,4.7500,109900
2001-01-26,5.7500,5.7500,5.5000,5.5000,2100
2001-01-19,5.7500,5.9840,5.6250,5.9840,29800
2001-01-12,5.6250,5.8130,5.6250,5.7500,6000
2001-01-05,5.5630,5.7500,5.5630,5.5630,4100
2000-12-29,5.7190,5.7190,5.0310,5.5000,23900
2000-12-22,5.2500,6.0000,5.0000,5.7190,67100
2000-12-15,5.0600,5.5000,4.8130,5.2500,36300
2000-12-08,4.7500,5.0940,0.0000,5.0000,19600
2000-12-01,4.8750,5.3130,4.6250,4.8750,76500
2000-11-24,5.0000,5.0000,4.8130,4.8750,13700
2000-11-17,5.2500,5.2500,0.0000,4.9380,21200
2000-11-10,5.5000,5.8130,5.2500,5.2500,6500
2000-11-03,5.6880,6.0000,0.0000,5.3750,8200
2000-10-27,6.1250,6.1250,5.5630,5.6880,11500
2000-10-20,6.0300,6.5000,5.7500,5.7500,14300
2000-10-13,0.0000,6.9380,0.0000,6.1250,8500
2000-10-06,5.8800,6.3750,5.8750,6.0000,6800
2000-09-29,5.9400,6.1880,0.0000,6.1880,16400
2000-09-22,0.0000,6.3750,0.0000,6.0000,9400
2000-09-15,0.0000,5.7500,0.0000,5.6880,46800
2000-09-08,5.4400,5.7500,5.4380,5.7500,11300
2000-09-01,6.0000,6.0000,0.0000,0.0000,27000
2000-08-25,6.0000,6.2500,5.8750,6.0000,61400
2000-08-18,0.0000,5.8750,0.0000,0.0000,400
2000-08-11,5.8750,5.8750,0.0000,0.0000,2300
2000-08-04,6.4380,6.4380,5.7500,6.1880,17000
2000-07-28,6.4380,6.4380,0.0000,6.4380,10200
2000-07-21,6.5600,6.6250,0.0000,6.4380,21900
2000-07-14,6.2500,6.6250,6.1250,6.6250,29700
2000-07-07,5.6250,6.0000,5.3750,6.0000,13700
2000-06-30,5.8130,5.8750,5.3750,5.6250,24200
2000-06-23,5.7500,6.0000,0.0000,5.6250,7500
2000-06-16,5.7500,6.0000,5.5000,6.0000,12100
2000-06-09,5.6600,5.9380,5.5000,5.7500,20000
2000-06-02,5.8800,6.3130,5.2500,5.6250,22700
2000-05-26,6.2500,6.2500,5.6250,5.7500,27900
2000-05-19,6.2810,7.1250,6.2500,6.3750,119500
2000-05-12,6.6600,6.9380,6.3750,6.3750,45600
2000-05-05,6.9400,7.0630,0.0000,6.6560,100600
2000-04-28,7.0000,7.3130,0.0000,7.0000,89600
2000-04-20,7.1880,7.1880,6.9380,6.9690,22500
2000-04-14,6.8800,7.1880,6.7500,7.0000,57100
2000-04-07,7.0000,7.2500,6.8750,7.1250,364100
2000-03-31,7.7500,7.8130,7.0000,7.0630,243600
2000-03-24,8.1900,9.0000,7.1250,7.6560,219700
2000-03-17,9.1300,9.3750,8.0000,8.6250,30600
2000-03-10,10.3800,10.6880,9.1250,9.3750,199700
2000-03-03,7.9380,9.3750,7.9380,9.2500,103500
2000-02-25,8.0000,8.2190,7.9380,7.9380,30300
2000-02-18,8.1300,8.3130,0.0000,8.3130,62600
2000-02-11,7.9700,8.5000,7.7500,8.0000,181500
2000-02-04,7.9400,8.1250,7.6250,8.0000,197600
2000-01-28,8.1880,8.1880,7.9380,7.9380,271200
2000-01-21,8.0000,8.3750,7.9380,8.0000,64100
2000-01-14,8.3800,8.6250,8.0000,8.3750,66200
