timestamp,open,high,low,close,volume
2018-02-27,14.0900,14.3000,13.7600,13.9400,595037
2018-02-23,12.9000,14.1500,12.2700,14.0600,1116584
2018-02-16,12.5500,13.5050,12.3800,12.9400,606437
2018-02-09,13.5200,13.9300,11.9400,12.4500,1369018
2018-02-02,14.7000,14.7134,13.1500,13.7000,1511156
2018-01-26,13.8500,15.0800,13.8400,14.8100,794448
2018-01-19,14.6800,15.0999,13.7000,13.8700,1382928
2018-01-12,13.4400,14.7300,13.2300,14.6800,1275455
2018-01-05,13.4300,14.0000,12.5000,13.5000,3166952
2017-12-29,11.7500,12.0800,11.5100,11.9100,711273
2017-12-22,12.0400,12.4790,11.5800,11.7900,793083
2017-12-15,11.2800,12.1500,11.2300,12.0000,1488013
2017-12-08,11.7400,11.7500,10.8000,11.2200,806415
2017-12-01,11.4000,11.7400,10.5822,11.6800,715097
2017-11-24,11.8300,12.0100,11.0200,11.4000,690790
2017-11-17,13.0500,13.1200,11.7000,11.8300,545888
2017-11-10,13.2800,13.4000,12.7900,13.0500,413099
2017-11-03,13.1800,13.4500,12.5000,13.2200,388124
2017-10-27,13.7500,13.7900,12.7750,13.1400,654916
2017-10-20,13.9300,14.0700,13.3700,13.8300,424936
2017-10-13,14.6000,14.6000,13.6000,13.7800,363020
2017-10-06,14.1900,14.6000,13.9400,14.6000,220072
2017-09-29,14.3200,14.6000,13.2486,14.2600,400051
2017-09-22,13.7100,14.3700,13.6850,14.2500,291207
2017-09-15,13.5900,13.9150,13.3000,13.6500,265866
2017-09-08,13.6500,13.9300,13.4600,13.6000,216099
2017-09-01,13.4300,13.7100,13.1710,13.5400,299321
2017-08-25,13.2300,13.7150,12.7600,13.4900,411626
2017-08-18,13.4900,13.7300,12.6900,13.2200,688007
2017-08-11,13.2100,13.6900,12.8400,13.4100,1334380
2017-08-04,14.7500,15.6400,13.1500,13.2100,1851891
2017-07-28,14.4700,15.1100,14.2000,14.7500,235339
2017-07-21,15.3600,15.4100,14.3100,14.4200,325784
2017-07-14,14.3000,15.6100,14.2700,15.2800,201393
2017-07-07,15.0000,15.1400,14.2700,14.2700,146345
2017-06-30,13.8400,14.9200,13.6400,14.9100,544164
2017-06-23,14.1300,14.1300,12.4300,13.7800,610570
2017-06-16,14.7800,15.0000,13.4100,14.1900,631978
2017-06-09,15.5000,16.1700,14.4400,14.7600,582969
2017-06-02,15.9600,16.4000,15.1300,15.6300,339770
2017-05-26,16.0700,16.5900,15.7300,16.0400,400256
2017-05-19,16.1800,16.3800,15.5500,16.0200,437318
2017-05-12,15.8400,16.3500,15.5226,16.0600,620363
2017-05-05,16.3100,16.6900,15.3500,15.9300,575452
2017-04-28,16.3500,16.4900,15.9108,16.3500,580522
2017-04-21,16.3400,16.6523,16.0100,16.1900,306941
2017-04-13,16.8200,17.0400,16.3000,16.4000,370393
2017-04-07,17.1100,17.1400,16.2700,16.8200,773575
2017-03-31,16.5000,17.2100,16.1300,17.1600,618186
2017-03-24,16.9700,17.4200,16.1900,16.5700,573830
2017-03-17,17.2500,17.4600,16.5500,16.9400,823388
2017-03-10,17.4400,18.1400,16.9200,17.4000,707388
2017-03-03,17.6000,18.3400,17.4100,17.5800,808801
2017-02-24,18.0000,18.3317,16.9500,17.4700,468065
2017-02-17,17.6100,18.2200,17.0123,17.9000,410786
2017-02-10,17.2000,18.0400,16.4100,17.5600,498755
2017-02-03,18.0800,18.0800,16.2400,17.3700,1444406
2017-01-27,17.4800,18.3950,17.1900,18.0700,527137
2017-01-20,17.5000,18.0300,16.9060,17.4700,224691
2017-01-13,17.9700,18.0100,16.8000,17.4100,522155
2017-01-06,16.1200,18.5500,15.6600,17.8800,775141
2016-12-30,15.8100,16.4800,15.5149,16.0400,629833
2016-12-23,15.5800,16.3500,15.0800,15.7500,619607
2016-12-16,15.4500,16.8600,15.2114,15.6300,767323
2016-12-09,15.7100,16.1800,14.2500,15.0500,435057
2016-12-02,16.1800,16.5100,14.9410,15.7100,380398
2016-11-25,16.8200,17.4700,15.9900,16.1000,234645
2016-11-18,15.6200,16.8100,15.3000,16.5500,539243
2016-11-11,14.6500,16.1000,14.2940,15.5000,440653
2016-11-04,14.9100,14.9600,13.4300,14.5000,747864
2016-10-28,14.7900,15.4700,14.6900,15.0200,294397
2016-10-21,14.9700,15.2900,14.5200,14.7600,417684
2016-10-14,15.5900,16.2900,14.5200,15.0000,728661
2016-10-07,14.9200,16.1800,14.7900,15.6500,398398
2016-09-30,15.0300,15.6400,14.3900,14.7200,395686
2016-09-23,13.9000,15.2500,13.9000,14.9900,319067
2016-09-16,14.2300,14.3000,13.5000,13.9200,1355760
2016-09-09,15.0500,15.0800,14.0400,14.4800,740027
2016-09-02,14.5900,15.3000,14.1710,15.0000,636632
2016-08-26,15.1000,15.2000,14.0450,14.4600,569353
2016-08-19,14.8600,15.2300,14.0201,14.9200,506831
2016-08-12,14.5300,15.4800,14.4900,14.7500,455937
2016-08-05,14.1700,14.9000,12.9200,14.5000,717047
2016-07-29,13.7800,14.1900,12.7900,14.1900,421642
2016-07-22,13.6400,14.5500,13.5000,13.9200,328848
2016-07-15,14.3700,14.7000,13.2600,13.8100,780773
2016-07-08,14.0000,14.6900,13.3000,14.2700,597731
2016-07-01,13.1900,14.4900,12.7400,14.3100,1132112
2016-06-24,12.9900,14.4200,12.3700,13.4800,1314408
2016-06-17,12.2000,13.0000,11.6405,12.7900,5030484
2016-06-10,14.7100,14.7500,12.1500,13.0500,1413717
2016-06-03,14.2500,15.4800,13.6000,14.5100,1420697
2016-05-27,14.0200,16.0000,13.7700,14.1200,1236536
2016-05-20,12.7200,15.0000,12.7200,14.4500,1038498
2016-05-13,13.3500,13.3500,11.2515,12.8500,1020688
2016-05-06,12.3000,13.6500,10.0700,13.3900,2050011
2016-04-29,12.9000,13.7500,12.6001,13.3600,901304
2016-04-22,10.6500,13.0400,10.0700,12.9300,1244125
2016-04-15,10.9400,11.4000,10.4100,10.7500,870628
2016-04-08,10.2300,11.0900,9.6100,10.9000,591697
2016-04-01,10.1200,11.2600,9.7301,10.3500,979386
2016-03-24,11.1700,11.4400,9.9200,10.1800,1098454
2016-03-18,7.9400,11.4900,7.7801,11.1700,3750539
2016-03-11,7.8500,8.4900,7.0600,7.8300,1286098
2016-03-04,6.6800,8.4399,6.4800,7.8400,2795630
2016-02-26,6.5700,7.4900,6.1770,6.6800,1706082
2016-02-19,6.1300,7.1499,6.0900,6.6000,856862
2016-02-12,7.6500,8.3116,5.3600,6.2000,1610354
2016-02-05,9.9900,9.9900,7.9205,8.0400,2093756
2016-01-29,9.1100,10.4200,8.2000,10.1000,1489319
2016-01-22,9.1000,9.5200,7.0801,9.2900,2001637
2016-01-15,10.0900,10.3673,8.9600,9.1300,1178162
2016-01-08,12.3900,13.1200,10.0800,10.1900,1078478
2015-12-31,11.6400,12.3400,11.4000,12.3100,787096
2015-12-24,11.0000,12.3400,10.5812,11.9400,858042
2015-12-18,12.0200,12.7400,10.7800,11.1500,2962817
2015-12-11,13.0800,13.8900,11.7400,12.1300,1633714
2015-12-04,15.9200,17.5000,13.3900,13.9300,1750498
2015-11-27,16.4500,17.0200,15.1926,16.1900,571458
2015-11-20,16.6100,17.2000,15.9000,16.0700,639064
2015-11-13,17.7300,18.1500,15.8200,16.8600,908896
