timestamp,open,high,low,close,volume
2018-02-27,45.0600,45.5900,44.2300,44.2300,437647
2018-02-23,44.5700,45.1500,44.0500,45.0400,621749
2018-02-16,43.2300,45.1600,42.1400,44.8400,1098008
2018-02-09,44.0400,44.5050,40.6600,43.0500,1221626
2018-02-02,45.9000,46.7199,44.3400,44.4100,1222588
2018-01-26,44.7100,46.3300,44.3300,46.0900,1732606
2018-01-19,47.1300,47.5200,44.7500,45.0000,1292019
2018-01-12,45.6200,46.9400,45.2700,46.7300,1429471
2018-01-05,45.7400,46.2400,44.8600,45.7000,1205499
2017-12-29,43.5000,45.9300,43.5000,45.7300,1276968
2017-12-22,48.7600,51.3300,41.6100,43.7400,4065734
2017-12-15,48.3800,49.5800,47.0500,48.3000,1101964
2017-12-08,49.3100,50.0400,47.8200,48.4300,567045
2017-12-01,47.9900,50.4200,46.3600,48.6600,844221
2017-11-24,47.0500,48.9300,46.9500,47.8900,616680
2017-11-17,46.4400,47.6800,45.2400,46.9600,894939
2017-11-10,48.2300,48.7700,46.5700,46.6900,682793
2017-11-03,47.5600,48.8700,46.9600,48.2100,919627
2017-10-27,47.2900,49.1300,46.8600,47.8100,932059
2017-10-20,48.2700,49.5400,45.0100,47.3500,1742281
2017-10-13,48.9300,49.3500,48.1500,48.1900,1142923
2017-10-06,48.5100,49.6500,47.9250,48.9400,1136883
2017-09-29,46.4800,48.4900,45.6400,48.2600,1649872
2017-09-22,44.9600,46.8300,43.0000,46.5100,2931196
2017-09-15,45.5500,45.5900,44.3900,44.8000,1369065
2017-09-08,43.1900,46.1400,43.0249,45.3300,1267405
2017-09-01,42.8500,43.9300,41.8500,43.3700,1319043
2017-08-25,47.2900,47.4200,40.0300,42.6100,4698971
2017-08-18,51.8900,52.3550,47.3700,47.4200,798678
2017-08-11,52.2500,53.1200,50.6100,51.4200,581664
2017-08-04,52.2800,52.6700,51.6300,52.3100,621846
2017-07-28,52.8700,53.1900,51.9900,52.2800,965428
2017-07-21,54.1800,55.1800,52.5700,52.8600,863672
2017-07-14,55.1700,55.7403,53.5800,54.1200,1187596
2017-07-07,57.1600,58.3000,54.6750,55.1600,1252495
2017-06-30,54.1100,57.2300,53.5300,56.8400,1515622
2017-06-23,56.0300,59.7600,53.6600,54.6500,2190766
2017-06-16,58.0000,58.6300,54.3900,55.5300,1241495
2017-06-09,56.2100,58.1400,54.4000,58.1300,779870
2017-06-02,53.1200,56.6000,52.0900,55.9900,952926
2017-05-26,51.5200,53.2900,51.0300,53.1500,779698
2017-05-19,53.6100,54.1300,51.2700,51.4800,895672
2017-05-12,55.1000,55.7900,53.0100,53.4000,873664
2017-05-05,54.7600,57.1300,54.2900,55.2600,1262981
2017-04-28,53.1300,54.9600,52.2701,54.5000,1271349
2017-04-21,51.1900,52.6000,50.6100,52.2000,2349683
2017-04-13,57.9200,59.4700,50.4000,50.7200,1078409
2017-04-07,59.6600,59.6600,56.2800,57.8700,1136915
2017-03-31,56.0700,59.9800,55.3300,59.6100,804295
2017-03-24,59.2200,59.4000,55.7150,56.9400,751526
2017-03-17,56.5800,59.5000,56.0300,59.4000,708599
2017-03-10,57.9300,58.0538,55.6301,56.9500,893541
2017-03-03,58.0500,61.0000,57.1400,58.1900,1357323
2017-02-24,58.0100,59.0100,56.8700,58.0300,926557
2017-02-17,58.8000,59.6889,57.5673,58.0300,1274970
2017-02-10,57.4700,58.8700,56.5200,58.4100,850687
2017-02-03,57.0300,57.8700,55.5300,57.8000,802311
2017-01-27,56.6600,58.9599,55.7500,57.4900,1130069
2017-01-20,55.8500,58.3200,55.1800,56.6300,1004739
2017-01-13,54.0100,56.2500,53.5500,56.0300,1172479
2017-01-06,54.4600,56.3970,54.0300,54.2100,1708392
2016-12-30,53.9800,54.3200,53.0600,53.5600,916825
2016-12-23,49.9300,54.0800,49.0300,53.7800,1876985
2016-12-16,50.6300,50.6300,44.8600,50.0000,3299699
2016-12-09,48.4000,51.3100,47.8700,50.8200,1051040
2016-12-02,48.3800,48.5100,46.5200,47.8700,1035708
2016-11-25,46.9300,48.4600,45.8400,48.4200,687176
2016-11-18,46.4500,47.3200,45.2700,46.9800,1172006
2016-11-11,41.5600,46.8000,41.0200,45.9300,1612704
2016-11-04,40.3700,41.3500,39.8800,40.8000,1024785
2016-10-28,41.4900,41.8500,40.0500,40.3700,1069357
2016-10-21,44.1800,44.5000,41.0300,41.1700,1183506
2016-10-14,45.6600,46.4600,43.8200,43.9000,853192
2016-10-07,44.3800,46.7400,44.0900,45.4700,1031395
2016-09-30,44.0100,44.9900,43.3000,44.6900,1330833
2016-09-23,44.7600,45.0000,43.6600,44.1400,1601608
2016-09-16,44.9200,49.3500,42.2100,44.3200,4535435
2016-09-09,48.7200,48.7400,45.1000,45.1100,675328
2016-09-02,48.1600,49.1800,46.2300,48.4900,1071081
2016-08-26,48.1100,49.2600,47.4700,47.9700,731961
2016-08-19,46.8800,48.3000,46.0000,48.1100,885502
2016-08-12,47.4200,47.7900,46.3400,46.8800,593974
2016-08-05,47.0000,47.7100,45.6367,47.4900,937317
2016-07-29,46.7500,48.3600,46.6000,46.7500,1062164
2016-07-22,47.4300,48.1800,46.7650,46.8300,1192598
2016-07-15,46.7300,48.4600,44.0300,47.3300,2252305
2016-07-08,46.1500,47.2800,45.2400,46.5100,1109585
2016-07-01,42.7900,48.1900,41.6900,46.5200,1915837
2016-06-24,44.3500,45.3700,41.4800,43.5900,2606690
2016-06-17,44.5200,44.9750,42.6600,43.7900,992590
2016-06-10,44.9200,46.4400,44.6400,44.7800,891541
2016-06-03,46.2300,46.4900,43.8600,44.8000,1102030
2016-05-27,43.9700,46.3900,43.5300,45.9400,1329251
2016-05-20,40.1200,44.0000,40.0150,44.0000,1558969
2016-05-13,40.6000,40.9200,39.5250,39.9600,882715
2016-05-06,41.5600,41.8600,39.4800,40.7000,951761
2016-04-29,43.7800,44.0500,41.1500,41.4400,1127641
2016-04-22,44.8400,45.4800,43.4200,43.7900,953400
2016-04-15,43.8800,45.3900,42.7100,45.0500,1358274
2016-04-08,43.7100,46.6000,42.6600,43.6800,2569247
2016-04-01,43.5100,44.7000,42.6500,43.6500,1036462
2016-03-24,44.0100,45.2300,42.5300,43.2400,930410
2016-03-18,41.1500,45.5400,40.0000,44.1800,1739620
2016-03-11,40.5900,42.0000,39.7700,41.3400,1057868
2016-03-04,39.6100,41.7200,37.0800,40.7300,1335337
2016-02-26,37.4500,39.9900,37.0700,39.4100,1263616
2016-02-19,37.2100,37.4500,35.3400,36.9900,859559
2016-02-12,36.0200,37.3600,33.6700,36.6300,1552362
2016-02-05,39.2400,39.8400,36.2600,36.4200,965172
2016-01-29,38.7600,39.7900,37.3500,39.7800,915374
2016-01-22,39.4200,39.6800,36.0200,39.0900,1004798
2016-01-15,39.2500,40.1300,37.9000,38.9300,1494762
2016-01-08,42.6200,44.1100,38.8100,38.9100,1448213
2015-12-31,44.5800,45.7800,43.1400,43.5100,1097876
2015-12-24,41.1200,45.9000,40.4910,44.6500,2007250
2015-12-18,45.0000,46.6000,39.4200,40.9100,5577837
2015-12-11,49.0600,49.0600,45.2700,45.5900,1517615
2015-12-04,51.0700,51.7000,47.6000,49.2700,1218781
2015-11-27,51.8000,52.4500,50.3500,51.2200,566800
2015-11-20,48.1200,54.3400,47.7900,52.2700,947913
2015-11-13,51.8300,52.7500,46.5100,48.2600,1102734
2015-11-06,49.7600,51.9260,49.3900,51.8500,737037
2015-10-30,52.1500,52.1500,48.3300,49.5300,1132374
2015-10-23,49.6300,52.4100,49.6200,52.0800,1243513
2015-10-16,49.9900,50.3050,47.7100,49.6800,972043
2015-10-09,45.9600,50.5100,45.8800,49.9100,1360819
2015-10-02,46.1400,46.5300,43.6700,45.6400,1503782
2015-09-25,49.0000,49.7800,45.3100,46.4100,2465488
2015-09-18,56.9300,58.3600,48.4150,48.9600,3938595
2015-09-11,52.4300,56.6500,52.4300,56.5300,855116
2015-09-04,50.5900,53.5300,49.9900,51.7200,1011145
2015-08-28,49.2500,51.5800,45.7000,50.8200,1277349
2015-08-21,54.0200,54.9200,50.0800,51.6000,937558
2015-08-14,53.0100,54.3200,52.0200,54.2700,1224450
2015-08-07,55.0600,55.9800,52.1600,52.8800,960992
2015-07-31,53.6700,55.9800,52.6770,55.1800,857373
2015-07-24,53.9500,57.3300,53.4500,54.2100,1629487
2015-07-17,52.2000,54.0700,51.5000,53.6500,1379563
2015-07-10,51.4900,52.5100,50.0700,51.9400,1620187
2015-07-02,52.6500,53.3000,50.9000,51.6300,2018690
2015-06-26,59.8300,60.9897,52.5700,53.0200,3770905
2015-06-19,57.3000,61.0480,56.5211,59.2100,2181571
2015-06-12,55.6200,58.0900,53.8100,57.4800,1007487
2015-06-05,54.2200,56.3400,52.7700,55.4800,669378
2015-05-29,53.5200,54.3400,52.9950,53.7300,434541
2015-05-22,54.3200,57.1800,53.3300,53.8500,1012957
2015-05-15,53.4800,54.9700,53.4800,54.2200,738941
2015-05-08,54.6000,55.3600,52.7400,53.7000,1047933
2015-05-01,53.8400,54.5400,52.2500,54.4200,1255455
2015-04-24,52.5000,53.7800,51.4700,53.4800,1082807
2015-04-17,51.6700,55.0100,51.4600,52.2500,1899204
2015-04-10,44.3100,52.7300,44.2400,52.3100,2296144
2015-04-02,43.3500,44.7800,42.5000,44.4400,864402
2015-03-27,44.9600,44.9600,42.6500,42.9900,1175706
2015-03-20,43.0600,45.0900,42.6900,44.9800,644479
2015-03-13,44.0100,45.1100,41.3900,42.8700,892330
2015-03-06,45.9000,46.8650,43.4500,44.0300,787616
2015-02-27,45.1900,48.0300,44.4100,45.8500,721652
2015-02-20,45.5200,45.7600,44.5900,45.2100,314931
2015-02-13,44.3200,46.4800,44.2200,45.5400,548076
2015-02-06,43.5200,46.4600,43.1000,44.5400,793565
2015-01-30,44.3400,45.4400,43.0500,43.2600,644254
2015-01-23,42.6200,45.0300,42.4460,44.4900,773211
2015-01-16,40.9100,42.6500,40.5400,42.5000,1294619
2015-01-09,40.8500,41.7400,37.8300,41.0000,1774468
2015-01-02,42.0500,43.0100,40.9400,41.2600,749924
2014-12-26,40.4700,42.0700,40.0000,42.0500,911956
2014-12-19,43.8900,44.6750,40.3200,40.5800,1893541
2014-12-12,45.8700,47.3835,43.3600,43.7900,933366
2014-12-05,45.1500,46.9200,44.1147,46.0700,922599
2014-11-28,46.2800,46.9500,45.0200,45.2300,536749
2014-11-21,44.6400,47.0200,44.2700,46.1100,939693
2014-11-14,44.0700,45.1600,43.5120,44.6300,757552
2014-11-07,44.0900,44.4600,43.0700,43.9800,637248
2014-10-31,41.1900,44.5290,40.3100,43.9000,1114389
2014-10-24,40.5000,42.1200,39.2700,41.3900,994859
2014-10-17,37.1500,40.7699,37.0000,40.5800,1488016
2014-10-10,39.4600,39.5700,36.5900,37.3200,725402
2014-10-03,39.7300,40.8200,38.7700,39.4300,962768
2014-09-26,40.3700,41.7500,39.9860,40.3800,1050124
2014-09-19,35.5300,42.0000,35.0700,40.6500,1808400
2014-09-12,36.0200,36.1600,35.2400,35.7000,380100
2014-09-05,36.7400,37.1900,35.9400,36.0500,306400
2014-08-29,35.3600,36.6800,35.1200,36.5100,638400
2014-08-22,34.8000,35.7000,34.4700,35.1700,524100
2014-08-15,34.4900,35.1000,33.9100,34.4700,507900
2014-08-08,32.4000,34.5300,32.1600,34.4300,548300
2014-08-01,32.9600,33.1400,32.0800,32.2000,499300
2014-07-25,33.5500,34.2900,32.9200,33.0000,585700
2014-07-18,34.0000,34.0700,32.7301,33.8100,605600
2014-07-11,34.7000,35.6900,33.3400,33.8100,745900
2014-07-03,34.7600,35.9500,34.2301,34.8100,591500
2014-06-27,31.4900,36.2400,30.8700,34.9400,1552100
2014-06-20,31.0800,31.7800,30.7150,31.3900,707100
2014-06-13,31.6200,32.1200,31.0700,31.2200,458300
2014-06-06,30.0900,31.8500,29.2050,31.7300,570300
2014-05-30,30.2800,30.7800,29.8220,30.1000,341800
2014-05-23,29.9700,30.5800,28.2750,30.0300,609300
2014-05-16,29.9600,30.4800,28.2900,29.1400,1078000
2014-05-09,31.7000,31.8400,29.0400,29.6800,854700
2014-05-02,31.7900,32.3300,30.9800,31.9900,1036500
2014-04-25,30.7100,32.4140,30.1500,31.6000,917100
2014-04-17,30.9300,31.4100,30.1100,30.7600,758200
2014-04-11,31.5800,33.9400,29.6800,30.6300,2076600
2014-04-04,32.2500,33.7200,31.6000,31.6200,890300
2014-03-28,33.0600,33.6660,30.9700,32.0000,715900
2014-03-21,34.2800,34.6200,32.7900,32.9300,786900
2014-03-14,35.0300,35.3000,33.2800,34.0900,540000
2014-03-07,33.9900,35.6400,33.0700,35.0200,872400
2014-02-28,33.7800,34.7700,32.6310,34.2300,672400
2014-02-21,33.2700,34.8700,33.2300,33.7400,1214500
2014-02-14,31.8000,33.4300,30.9700,33.1400,972800
2014-02-07,33.5400,33.9400,31.0100,31.8000,1346900
2014-01-31,36.1200,37.3350,33.6500,33.8000,1022100
2014-01-24,37.0300,37.7300,35.9000,36.0400,824500
2014-01-17,35.3300,36.9700,34.6400,36.8700,947200
2014-01-10,35.6300,36.1200,34.3200,35.3000,1116400
2014-01-03,35.6200,36.2800,34.4000,35.3500,1102600
2013-12-27,36.4100,37.1700,35.3900,35.7400,856700
2013-12-20,36.3600,37.6600,33.2300,37.3800,3643000
2013-12-13,35.9400,36.4900,34.5000,36.2500,1185300
2013-12-06,35.7300,36.3500,34.0710,35.8100,841700
2013-11-29,34.7400,36.0899,34.5000,35.8200,409900
2013-11-22,34.0200,34.8000,32.9700,34.5700,672800
2013-11-15,33.4400,34.3300,32.7400,33.9100,944200
2013-11-08,31.2200,34.2300,31.2200,33.5800,999100
2013-11-01,31.3200,31.7400,30.5900,31.0100,992900
2013-10-25,31.0000,31.9000,30.6100,31.3900,943500
2013-10-18,30.9600,31.2000,30.5400,31.0700,999700
2013-10-11,29.8600,31.2800,29.0100,31.2600,887300
2013-10-04,29.1600,32.0000,29.0800,30.2000,1035000
2013-09-27,30.1800,30.2700,28.8000,29.4900,870400
2013-09-20,28.8100,30.3700,27.2500,30.2000,2878400
2013-09-13,27.8800,28.4500,27.7400,28.2900,863600
2013-09-06,28.2900,28.3000,27.5010,27.8300,448800
2013-08-30,28.9000,29.4150,27.5700,27.9000,465000
2013-08-23,26.9500,29.2200,26.6800,28.8300,564000
2013-08-16,27.4000,27.7800,26.6400,26.9000,403000
2013-08-09,27.0400,27.9375,26.8900,27.6700,757700
2013-08-02,27.1000,27.3200,26.2700,27.0300,573200
2013-07-26,27.0800,27.5200,26.9062,27.1300,676800
2013-07-19,26.9100,27.1700,26.4800,27.1600,800800
2013-07-12,25.2800,27.0000,25.0800,26.9500,841200
2013-07-05,24.1100,25.6000,24.0400,25.2500,757800
2013-06-28,22.5900,24.8700,22.2000,24.0000,2235900
2013-06-21,25.4400,25.5600,22.5600,22.8500,3109700
2013-06-14,25.8700,26.1800,24.6000,25.5800,631700
2013-06-07,26.7200,26.7300,24.5300,25.8300,1511000
2013-05-31,27.4900,27.9600,26.3900,26.6800,600100
2013-05-24,27.6500,28.2200,26.4100,27.2300,787400
2013-05-17,26.8100,27.8800,26.6100,27.8500,824200
2013-05-10,25.8700,27.1000,25.5300,26.9100,733200
2013-05-03,25.5000,26.8000,24.5600,25.9600,2100100
2013-04-26,23.9500,25.7300,23.8300,25.4900,1714600
2013-04-19,26.1300,26.1300,23.0600,24.4300,1624587
2013-04-12,28.8500,29.5800,25.5010,26.3300,2145800
2013-04-05,28.8800,29.1000,27.1503,28.6800,1391500
2013-03-28,28.9200,29.0900,27.8800,28.9500,811900
2013-03-22,28.6900,29.2100,28.1000,28.9900,831700
2013-03-15,28.1500,30.2599,28.0100,29.1700,3137400
2013-03-08,26.2300,28.1800,26.2300,28.0900,1015900
2013-03-01,25.2100,26.6200,24.6100,26.2100,1054800
2013-02-22,25.1100,25.5699,24.6800,25.0900,1108000
2013-02-15,24.2200,25.1800,23.9500,25.0500,894700
2013-02-08,24.7700,25.0900,23.7300,24.1300,866300
2013-02-01,25.3400,25.6900,23.9500,24.8700,792700
2013-01-25,24.6500,25.4900,24.4000,25.3600,531000
2013-01-18,24.2900,24.8790,23.9000,24.5900,738100
2013-01-11,24.0400,25.3600,23.5800,24.2900,901000
2013-01-04,23.1700,24.9200,22.7700,24.1705,642800
2012-12-28,23.2100,23.8600,22.6500,23.1000,480500
2012-12-21,22.5000,24.8600,22.4680,23.2600,2057800
2012-12-14,22.7700,23.5400,22.2000,22.4305,800300
2012-12-07,23.0000,23.8900,22.3900,22.6700,793000
2012-11-30,20.4500,23.3100,20.1300,22.9200,1358500
2012-11-23,20.0900,20.4700,19.4400,20.4400,383900
2012-11-16,19.6400,20.5500,18.7900,19.7108,698700
2012-11-09,20.1300,20.4600,18.9100,19.5200,502100
2012-11-02,20.5700,20.6300,20.0600,20.0900,564700
2012-10-26,19.8900,20.6000,19.2900,20.0500,699700
2012-10-19,19.4600,20.4600,19.2700,19.9400,617500
2012-10-12,19.5400,19.7800,18.5200,19.4200,566000
2012-10-05,19.7600,20.4200,18.7000,19.6800,932400
2012-09-28,19.7000,20.4800,19.5200,19.6488,921600
2012-09-21,17.6500,20.8500,16.6210,19.8400,1748800
2012-09-14,16.6400,17.9900,16.4500,17.7000,448000
2012-09-07,15.8700,16.7425,15.8001,16.6900,549600
2012-08-31,16.1200,16.2000,15.6100,15.8000,250400
2012-08-24,16.3000,16.4300,15.5100,16.0700,342400
2012-08-17,15.6500,16.4600,15.1500,16.3600,516200
2012-08-10,15.3600,16.1800,14.8800,15.7200,451800
2012-08-03,16.4700,16.7680,14.5700,15.3600,733700
2012-07-27,16.1000,16.5500,15.9600,16.4200,907400
2012-07-20,16.7700,17.2000,16.2400,16.4600,814700
2012-07-13,16.1200,16.9700,16.1100,16.7700,937900
2012-07-06,16.1300,16.3800,16.0501,16.2500,1092300
2012-06-29,15.3400,16.2300,14.9300,16.0700,1184000
2012-06-22,14.8600,16.3300,14.7700,15.6600,1279400
2012-06-15,15.1700,15.3500,14.7700,15.0100,777500
2012-06-08,14.4800,15.0300,14.1400,14.9800,785600
2012-06-01,15.0700,15.1700,14.2400,14.3700,528000
2012-05-25,14.7500,15.1500,14.4300,14.9700,760400
2012-05-18,15.8700,16.2600,14.5900,14.7100,916700
2012-05-11,15.0000,16.4400,15.0000,16.1600,1335100
2012-05-04,15.4200,15.7500,14.8400,15.0800,989100
2012-04-27,14.1100,15.4800,13.9100,15.3800,549100
2012-04-20,13.2900,14.4900,13.0400,14.4200,673400
2012-04-13,12.9400,13.8000,12.1700,12.9900,1061600
2012-04-05,12.8700,13.5900,12.8700,13.3100,382600
2012-03-30,13.5800,13.8000,12.6400,12.9500,502400
2012-03-23,13.2400,13.6500,12.9200,13.3800,278300
2012-03-16,13.0300,13.7000,12.7640,13.2700,455100
2012-03-09,12.5100,13.4200,12.3200,13.0300,462000
2012-03-02,13.8800,14.2900,12.4300,12.6000,674600
2012-02-24,14.2400,14.3700,13.6900,14.0100,232100
2012-02-17,14.1500,14.3600,13.5100,14.1900,340400
2012-02-10,14.7600,14.7800,13.9800,13.9800,290700
2012-02-03,14.2700,14.9300,13.3300,14.8500,614600
2012-01-27,14.0500,14.6600,13.8000,14.4500,294100
2012-01-20,13.4500,15.0500,13.3300,14.1100,663500
2012-01-13,12.5100,13.4900,12.2800,13.3200,639900
2012-01-06,12.5700,12.8400,12.1000,12.4600,442200
2011-12-30,12.5700,12.7500,12.2100,12.2600,307800
2011-12-23,11.8900,13.0800,11.4000,12.6700,539900
2011-12-16,11.0900,12.4900,10.0908,11.7700,1096500
2011-12-09,11.0400,11.4200,10.6200,11.2600,468000
2011-12-02,9.5900,10.9500,9.4200,10.8100,616100
2011-11-25,10.2000,10.4600,9.2700,9.2700,296000
2011-11-18,10.7600,10.9400,10.1500,10.4700,439900
2011-11-11,10.7800,11.3500,10.4400,10.9100,491500
2011-11-04,11.3500,11.5300,10.1200,10.8400,454900
2011-10-28,10.0600,11.5400,9.6000,11.2000,812600
2011-10-21,10.0800,10.7200,9.5000,10.0100,509500
2011-10-14,9.8000,10.2400,9.6300,10.2300,503000
2011-10-07,8.4700,10.0850,8.0900,9.5900,947000
2011-09-30,8.4500,9.3500,8.2500,8.5900,754000
2011-09-23,9.0000,9.0200,7.7900,8.3500,866500
2011-09-16,8.3700,9.9000,8.2200,9.2400,780000
2011-09-09,8.1900,9.1200,8.1800,8.3600,418900
2011-09-02,9.0200,9.8100,8.4100,8.4900,492200
2011-08-26,8.5200,8.9200,8.2700,8.9100,675500
2011-08-19,9.3900,9.5579,8.2100,8.2400,1207200
2011-08-12,10.0800,10.5600,9.1500,9.3900,1744200
2011-08-05,11.6000,11.6900,9.9000,10.4300,912400
2011-07-29,12.2200,12.3700,11.3300,11.4500,639600
2011-07-22,12.3400,12.4600,12.1200,12.3400,742700
2011-07-15,12.4600,12.5700,11.9600,12.3700,775200
2011-07-08,12.9700,13.2500,12.5300,12.6300,523900
2011-07-01,12.1300,13.2200,11.8900,13.0200,705300
2011-06-24,12.1100,13.4500,11.9700,12.0700,1331300
2011-06-17,11.6500,12.3900,11.4800,12.1420,773700
2011-06-10,11.9910,12.2300,11.4000,11.5900,483000
2011-06-03,13.1400,13.3000,12.1700,12.1700,520000
2011-05-27,12.7100,13.1100,12.4200,13.0000,280800
2011-05-20,13.2000,13.5200,12.8800,13.0100,453800
2011-05-13,13.9200,14.0800,13.2400,13.2500,364000
2011-05-06,14.3700,14.6500,13.7500,13.9500,842700
2011-04-29,14.1200,14.6700,13.9700,14.2800,387500
2011-04-21,13.5400,14.8200,13.2100,14.1100,703700
2011-04-15,13.6500,13.8100,13.0900,13.7800,994900
2011-04-08,13.4200,13.8900,12.4600,13.6700,1104400
2011-04-01,13.3000,13.4000,13.0300,13.3200,609000
2011-03-25,13.4600,13.8100,12.9600,13.3000,715100
2011-03-18,13.1200,13.3999,12.4500,13.3200,697800
2011-03-11,13.6100,13.9900,12.9500,13.2600,432600
2011-03-04,14.0300,14.2000,13.3619,13.5400,459800
2011-02-25,14.4000,14.6600,13.1600,13.9200,390800
2011-02-18,14.2100,14.7200,13.7500,14.6200,650400
2011-02-11,12.9700,14.2700,12.8500,14.1800,812100
2011-02-04,13.2200,13.3099,12.6100,12.9200,1159500
2011-01-28,13.8400,13.9100,13.1500,13.1500,795700
2011-01-21,14.1900,14.1900,13.4901,13.8000,1063300
2011-01-14,13.9200,14.4000,13.7707,14.2700,946300
2011-01-07,13.5500,14.3200,13.5500,14.0500,1312600
2010-12-31,13.5500,13.9300,13.2900,13.4700,547800
2010-12-23,13.6500,13.7990,13.0600,13.6300,892800
2010-12-17,12.6800,13.7100,11.7700,13.6500,1382600
2010-12-10,11.7200,12.8400,11.6500,12.6900,654200
2010-12-03,10.9000,11.9800,10.7900,11.7700,656300
2010-11-26,11.1000,11.3600,10.6000,10.9300,518800
2010-11-19,11.1800,11.2400,10.2800,11.0300,720700
2010-11-12,11.9700,11.9700,11.0800,11.0800,542200
2010-11-05,10.5700,12.0500,10.5000,12.0500,1015000
2010-10-29,10.6300,11.1300,10.3299,10.5000,1131500
2010-10-22,9.7700,10.9700,9.2600,10.5200,1186100
2010-10-15,9.7700,10.1400,9.5200,9.7200,734600
2010-10-08,9.1100,9.8599,9.1100,9.7500,847800
2010-10-01,9.4500,9.6500,8.9900,9.2000,1148200
2010-09-24,9.1600,9.7700,9.0000,9.4200,1032300
2010-09-17,9.5500,9.7200,8.7600,9.1100,1652100
2010-09-10,9.7200,9.7400,9.0900,9.4200,544900
2010-09-03,9.4600,9.9300,8.9500,9.7900,827800
2010-08-27,9.7400,9.7850,9.0500,9.4700,1507400
2010-08-20,9.7300,10.0500,9.6000,9.6700,1339200
2010-08-13,10.6600,10.9400,9.6600,9.8100,857900
2010-08-06,11.4700,11.8590,10.3100,10.4800,995500
2010-07-30,11.6800,11.7500,10.9700,11.2600,794400
2010-07-23,10.8300,11.7400,10.4900,11.5900,935200
2010-07-16,11.1900,11.6900,10.7500,10.7900,943200
2010-07-09,11.0600,11.4400,10.4950,11.1900,993800
2010-07-02,11.7000,11.7100,10.3900,10.8700,1980100
2010-06-25,13.2900,13.5100,11.0801,11.8300,2652400
2010-06-18,13.1600,13.3500,12.6800,13.0500,1223600
2010-06-11,12.8800,13.2500,12.4005,13.0600,1079700
2010-06-04,13.3900,13.8900,12.8000,12.8600,1345100
2010-05-28,13.6400,13.8900,12.5700,13.6600,875700
2010-05-21,14.6100,14.9600,12.8200,13.7000,1446500
2010-05-14,14.1400,15.0900,13.9100,14.5900,1275100
2010-05-07,13.6900,14.6300,13.5200,13.7400,2291200
2010-04-30,13.6200,14.3100,13.2500,13.7400,2070500
2010-04-23,12.9400,13.8300,12.7300,13.6000,1798200
2010-04-16,13.8100,14.1000,12.7000,13.0500,2351000
2010-04-09,15.9200,16.8900,13.5900,13.7600,2293400
2010-04-01,15.8800,16.5499,15.6100,15.9300,559500
2010-03-26,15.4600,16.6700,15.2200,15.7900,760600
2010-03-19,15.1400,15.7500,14.7200,15.4700,847000
2010-03-12,15.4300,15.7400,15.0700,15.2100,555500
2010-03-05,14.4100,15.5500,14.2000,15.5000,728400
2010-02-26,14.4500,14.7400,13.8800,14.2900,572500
2010-02-19,13.9500,14.9500,13.7200,14.4400,425100
2010-02-12,13.4400,13.8300,12.9101,13.8200,936700
2010-02-05,13.9000,14.1600,13.0800,13.3900,954400
2010-01-29,14.7800,14.8100,13.7400,13.7600,1073600
2010-01-22,15.5300,16.3500,14.5400,14.6000,1198700
2010-01-15,14.6500,15.6500,14.1400,15.5400,1919400
2010-01-08,14.2900,14.8000,14.0000,14.5200,1376700
2009-12-31,14.5200,14.6500,13.9600,14.0000,795100
2009-12-24,14.4000,14.6600,14.0400,14.4300,802300
2009-12-18,14.3200,14.9600,13.9100,14.3800,1765000
2009-12-11,14.0000,14.3700,13.5900,14.2600,890000
2009-12-04,13.8100,14.4000,13.3200,13.9900,883900
2009-11-27,14.2800,14.7100,13.0700,13.8000,450400
2009-11-20,14.4000,14.8800,13.6700,14.0400,593700
2009-11-13,14.2000,14.9500,13.8900,14.2400,918800
2009-11-06,13.3000,14.2000,12.6050,14.0000,1482200
2009-10-30,14.5200,14.8500,13.1200,13.2400,1400900
2009-10-23,15.5700,15.5700,14.4900,14.5500,1061600
2009-10-16,15.1000,15.4900,14.6300,15.4600,960200
2009-10-09,14.4100,15.5800,14.0300,15.1100,1115600
2009-10-02,14.7700,15.6800,13.9000,14.4100,1648500
2009-09-25,15.7900,16.4800,14.7000,14.7500,1372800
2009-09-18,13.7000,16.2600,13.2100,15.9400,1769400
2009-09-11,13.1100,14.0300,12.8500,13.7500,562800
2009-09-04,13.6000,13.6900,12.5000,12.9600,1004500
2009-08-28,14.5900,14.6900,13.5400,13.7100,639100
2009-08-21,13.3100,14.9700,13.0100,14.5200,854100
2009-08-14,14.5900,14.9700,13.3600,13.5600,645000
2009-08-07,14.9300,15.1100,13.7300,14.5500,897400
2009-07-31,13.9800,15.1397,13.9600,14.5800,969200
2009-07-24,13.4500,14.3100,13.1900,13.9600,821505
2009-07-17,12.2600,13.5200,11.9400,13.4000,1053300
2009-07-10,11.8300,12.2900,11.1700,12.2400,1955000
2009-07-02,13.7100,13.8599,11.6500,11.9100,1683400
2009-06-26,12.5700,13.9799,12.0000,13.7000,2765300
2009-06-19,14.1300,14.2300,12.6800,12.7300,1125700
2009-06-12,14.0000,14.5100,13.7000,14.2300,1456100
2009-06-05,12.6800,14.4400,12.6800,14.1400,1357300
2009-05-29,11.5500,12.7900,11.5400,12.3200,1040700
2009-05-22,12.2900,13.4700,11.6100,11.6500,1177900
2009-05-15,13.9100,13.9200,11.8100,12.1700,1515500
2009-05-08,12.9900,14.2800,12.7100,14.1200,2049400
2009-05-01,13.3600,14.2100,12.8500,12.9900,1777500
2009-04-24,14.1600,14.1600,12.4000,13.6100,2611400
2009-04-17,12.9100,14.6100,12.1401,14.4000,2039500
2009-04-09,11.7000,13.1000,9.8800,13.0100,2564900
2009-04-03,11.2300,12.0400,10.3900,11.8400,2218400
2009-03-27,11.1100,13.1399,10.1300,11.4900,3663300
2009-03-20,9.3900,11.4000,9.3500,10.8000,2162400
2009-03-13,8.9500,9.4500,8.1200,9.2400,1945300
2009-03-06,9.2400,9.7400,8.5500,8.8900,1863100
2009-02-27,10.5200,11.1500,9.4501,9.4700,2236700
2009-02-20,10.5900,11.0400,10.2512,10.4600,965400
2009-02-13,11.8600,12.7700,10.5500,11.0000,1438700
2009-02-06,10.2000,11.9800,10.0200,11.9600,1168400
2009-01-30,9.6600,11.5100,9.6300,10.2500,1051000
2009-01-23,10.9800,10.9800,9.3900,9.6400,989000
2009-01-16,10.9300,11.0300,10.3900,10.9000,1489400
2009-01-09,10.7200,12.0500,10.5700,10.9600,1458800
2009-01-02,10.1300,10.8000,9.7500,10.6800,852600
2008-12-26,9.9500,10.1400,9.0000,10.1200,765400
2008-12-19,8.7300,10.8500,8.1700,9.8900,2443100
2008-12-12,7.9800,9.5200,7.8200,8.7600,1331100
2008-12-05,7.5800,7.7400,6.0800,7.6500,1268100
2008-11-28,6.0000,7.9700,5.9200,7.8000,1198800
2008-11-21,7.6800,8.0100,5.3200,5.9600,1481400
2008-11-14,9.5500,9.7900,7.4200,7.7700,1085700
2008-11-07,9.8100,10.5400,9.2000,9.4100,940800
2008-10-31,8.1200,10.1100,7.6100,9.8600,1317100
2008-10-24,9.6900,10.1100,7.4100,8.2900,1580400
2008-10-17,10.6200,11.5700,9.5400,9.5900,1762500
2008-10-10,11.9000,12.1300,8.8500,10.3200,3602200
2008-10-03,15.6600,15.8800,12.2000,12.2400,2411400
2008-09-26,17.0800,17.0800,15.5700,15.9700,3011900
2008-09-19,19.6800,20.0900,16.0000,17.2200,4162600
2008-09-12,20.1100,20.5800,18.6700,19.9400,1926900
2008-09-05,20.3600,21.4600,19.6900,19.8400,1755000
2008-08-29,20.5500,21.2900,19.6100,20.0000,1386600
2008-08-22,20.1900,20.7600,19.3900,20.6600,1263600
2008-08-15,19.2000,20.4800,19.0100,20.0700,1492669
2008-08-08,17.8300,19.3300,16.9300,19.2300,1609300
2008-08-01,16.9800,18.1700,16.2400,17.8000,2359400
2008-07-25,18.0800,18.8700,17.2200,18.1300,1615516
2008-07-18,16.3200,18.5300,15.0700,18.0700,1936300
2008-07-11,15.5500,16.9500,15.3400,16.1800,2233000
2008-07-03,17.1500,17.1500,15.1520,15.7400,2818000
2008-06-27,22.3000,22.7000,15.9600,17.0700,7329900
2008-06-20,23.4000,23.8500,22.0100,22.5200,1765800
2008-06-13,24.3900,24.8200,22.7000,23.4300,1455300
2008-06-06,23.8000,26.0000,23.4000,24.2100,2301800
2008-05-30,21.6600,24.2200,21.6600,23.7400,1475900
2008-05-23,22.6200,23.0000,21.5000,21.6600,1666900
2008-05-16,22.1000,23.5800,22.1000,22.6000,1694100
2008-05-09,22.8600,23.1400,21.7800,22.1400,1672400
2008-05-02,20.7000,23.3400,20.0300,22.8600,3167300
2008-04-25,20.0800,21.7200,19.6800,21.4300,2168000
2008-04-18,19.5800,20.2600,19.5500,20.0300,2676500
2008-04-11,16.2300,21.2500,16.2000,19.7200,5969000
2008-04-04,15.2900,16.6600,15.2500,16.0800,1369000
2008-03-28,15.2600,16.2600,15.0800,15.3000,1275400
2008-03-20,14.4100,15.5700,14.4100,15.1800,1112000
2008-03-14,14.3700,15.4500,14.2200,14.6400,1202800
2008-03-07,15.4400,15.5200,14.0800,14.3300,1351000
2008-02-29,15.8600,16.8500,15.2900,15.3900,1149600
2008-02-22,16.8400,16.9800,15.3500,15.6300,1049100
2008-02-15,16.5100,17.1300,16.1700,16.5600,1313200
2008-02-08,17.6000,18.0000,16.0800,16.5400,1851800
2008-02-01,16.1300,18.4100,15.5200,17.5600,2469700
2008-01-25,14.5500,17.8800,14.3000,16.0000,2590900
2008-01-18,15.3800,16.0700,14.7100,15.0100,2311500
2008-01-11,16.1800,16.9000,14.9600,15.2500,2459700
2008-01-04,17.3200,17.7200,15.7400,16.0500,1674500
2007-12-28,18.5400,18.8300,17.2500,17.4900,1351700
2007-12-21,19.4200,20.2500,16.9000,18.4200,5404900
2007-12-14,22.5300,22.8100,19.3000,19.3000,2164000
2007-12-07,22.1200,23.2500,21.4000,22.4800,1652800
2007-11-30,20.6100,22.4900,20.0600,22.2200,2412800
2007-11-23,21.7600,21.8900,20.0400,20.6500,1203100
2007-11-16,21.9300,23.7500,21.6000,21.9200,2534700
2007-11-09,21.5700,22.1800,20.6300,21.9100,2545000
2007-11-02,24.1500,24.6600,21.4500,22.0300,1554100
2007-10-26,25.0400,25.8400,22.7900,24.0400,2473300
2007-10-19,25.9900,26.8100,24.8000,25.3100,2475600
2007-10-12,28.2800,28.2800,25.6300,25.8700,1540700
2007-10-05,25.9100,28.9600,25.8500,28.4000,2109900
2007-09-28,27.3000,28.0000,25.7100,25.9400,2453500
2007-09-21,22.3900,28.0900,22.2056,27.0900,4447600
2007-09-14,22.9800,23.2600,21.3700,22.5400,2080800
2007-09-07,25.1300,25.4100,23.2900,23.5900,1213600
2007-08-31,26.0900,26.3000,24.6400,25.1700,1305200
2007-08-24,26.2500,26.8746,25.7400,26.2200,999800
2007-08-17,28.0000,28.7200,24.6100,26.1100,1712300
2007-08-10,25.5200,28.2000,25.5100,27.7600,3121800
2007-08-03,25.4500,27.6100,25.1500,25.5000,1629200
2007-07-27,28.2400,28.4700,25.3700,25.3700,2052700
2007-07-20,30.1900,30.1900,27.6500,28.0900,1384300
2007-07-13,28.5300,30.3000,28.1200,30.2000,1630400
2007-07-06,28.0100,29.1000,27.9600,28.6100,853600
2007-06-29,25.3600,28.6900,24.5100,27.8200,3017000
2007-06-22,26.0000,26.5000,24.8000,25.1500,1205900
2007-06-15,24.8300,26.1100,24.2400,25.9600,1130600
2007-06-08,25.5000,26.4700,24.2301,24.8000,1115000
2007-06-01,23.7900,25.7500,23.2700,25.6900,1223300
2007-05-25,24.0400,25.2200,23.3420,23.7000,762900
2007-05-18,24.5500,24.9500,23.4700,24.1400,628325
2007-05-11,24.7300,25.5100,24.1000,24.6200,872600
2007-05-04,24.2400,25.0000,23.6900,24.8300,1213400
2007-04-27,24.6700,24.9000,24.1300,24.3000,1393300
2007-04-20,23.1100,24.7500,22.9000,24.6100,1549700
2007-04-13,20.7000,24.4500,20.6500,23.4000,3041500
2007-04-05,20.1200,20.8600,19.7500,20.5500,833600
2007-03-30,19.4300,20.3200,19.4200,20.0400,1231200
2007-03-23,19.0000,19.9600,18.5200,19.4600,599500
2007-03-16,19.4000,19.8300,18.4100,18.9100,1043300
2007-03-09,19.2600,19.9800,18.8900,19.3700,790100
2007-03-02,22.0700,22.2900,19.2900,19.3900,1587900
2007-02-23,22.0300,23.3400,21.8100,22.1300,1310600
2007-02-16,20.4700,21.8899,20.4600,21.2200,1437400
2007-02-09,19.4500,20.2000,19.1800,19.6600,906400
2007-02-02,18.7900,19.7200,18.6500,19.5200,720800
2007-01-26,19.0400,19.5500,18.5400,18.9000,560900
2007-01-19,18.2600,19.2100,18.0400,19.1100,884900
2007-01-12,18.9400,19.1900,18.0500,18.1900,1160100
2007-01-05,19.5600,19.7500,18.7100,18.9000,742600
2006-12-29,19.0000,19.8200,18.8800,19.3100,831400
2006-12-22,16.7900,19.3300,15.8100,19.2000,1197700
2006-12-15,16.9800,17.0000,16.4200,16.8700,470700
2006-12-08,16.5700,17.3600,16.4900,16.9100,393000
2006-12-01,17.4400,17.5200,16.2800,16.5100,429700
2006-11-24,17.7000,17.8100,17.0200,17.5600,201400
2006-11-17,16.3500,18.2000,16.2000,17.7500,646600
2006-11-10,16.0900,16.8200,15.8700,16.4100,274700
2006-11-03,16.1100,16.3100,15.6500,16.1600,554300
2006-10-27,16.1900,16.9500,15.6600,16.1900,440400
2006-10-20,16.6000,17.0900,16.0800,16.2700,416200
2006-10-13,15.0800,16.9300,14.8900,16.6500,767200
2006-10-06,15.1500,15.5000,14.4600,15.1400,399300
2006-09-29,15.1400,16.0000,14.8800,15.2100,591900
2006-09-22,15.3400,15.4800,14.2500,15.1300,759700
2006-09-15,14.7500,15.7500,14.6500,15.4600,679300
2006-09-08,15.0800,15.2500,14.5400,14.8900,146000
2006-09-01,14.3900,15.2800,14.3700,15.0400,420100
2006-08-25,14.9200,14.9300,14.2000,14.3500,364900
2006-08-18,14.2900,15.0500,13.8900,15.0100,303400
2006-08-11,15.4900,15.4900,13.8000,14.1400,500800
2006-08-04,14.5500,15.7100,14.2100,15.5200,507900
2006-07-28,13.8800,14.9000,13.7500,14.6200,531300
2006-07-21,14.0000,14.4600,13.4200,13.8100,961700
2006-07-14,14.4600,14.5000,13.7500,14.0000,648700
2006-07-07,14.6200,14.7500,14.1000,14.3500,585300
2006-06-30,14.2900,15.8500,14.1800,14.7000,1347700
2006-06-23,14.2100,14.4500,13.6800,14.2200,777300
2006-06-16,13.3400,14.2100,12.9700,14.1000,1532500
2006-06-09,14.5400,14.6000,13.1200,13.7800,1069900
2006-06-02,14.8500,15.0500,14.4000,14.6400,792100
2006-05-26,14.9300,15.1600,14.1540,14.8800,1781600
2006-05-19,15.6300,15.7600,14.5500,14.9400,1000300
2006-05-12,16.1800,16.3900,15.3800,15.7900,766300
2006-05-05,16.2500,16.2500,15.2000,16.1900,1973600
2006-04-28,15.3100,16.4300,15.3100,16.2300,1950600
2006-04-21,15.6300,15.7400,14.9500,15.2800,1609900
2006-04-13,16.0500,16.2100,15.5300,15.5900,764100
2006-04-07,16.9600,17.7000,15.6600,16.0100,1289000
2006-03-31,17.6000,17.7400,16.4400,16.8800,743200
2006-03-24,17.6300,17.9700,17.0500,17.5600,382300
2006-03-17,17.4300,18.0400,17.0200,17.6700,857700
2006-03-10,17.1300,17.2500,16.4000,17.1800,290700
2006-03-03,17.2900,17.6500,17.0300,17.1900,389300
2006-02-24,17.8500,18.2500,17.1000,17.3000,477500
2006-02-17,17.0000,18.1600,16.7100,17.8900,756500
2006-02-10,17.6300,18.3100,16.4500,17.1500,820600
2006-02-03,17.9800,18.6400,16.9000,17.7200,936100
2006-01-27,16.6500,18.1100,16.4800,18.0600,654200
2006-01-20,16.0800,16.8700,16.0000,16.5000,527800
2006-01-13,16.2400,16.8000,16.0000,16.2000,982500
2006-01-06,16.3700,16.6600,15.7900,16.2400,857400
2005-12-30,17.1100,17.2500,15.8000,16.2200,616500
2005-12-23,16.4000,17.2000,16.2600,17.0100,541800
2005-12-16,16.6900,18.3400,16.0900,16.4300,1640400
2005-12-09,16.2000,17.3000,16.0000,16.6400,1091500
2005-12-02,16.0700,16.3900,15.1200,16.2800,591100
2005-11-25,15.6500,16.8400,15.6500,16.3100,204300
2005-11-18,15.9400,15.9500,14.9600,15.6200,346500
2005-11-11,16.0000,16.1600,15.2100,15.8600,505800
2005-11-04,16.1400,16.8700,15.8600,16.1300,491700
2005-10-28,16.4000,16.6000,15.9000,16.1000,449500
2005-10-21,16.3000,16.7900,15.7000,16.4000,540400
2005-10-14,15.8700,16.5600,15.7000,16.4000,414400
2005-10-07,16.9800,17.4300,15.4200,15.8700,514700
2005-09-30,16.4600,17.2500,16.1500,17.1000,466800
2005-09-23,16.1400,16.4500,15.1500,16.2600,482800
2005-09-16,16.7300,16.9400,15.5600,16.1800,806800
2005-09-09,17.0000,17.2500,16.6000,16.7700,595800
2005-09-02,14.8300,17.1000,14.5000,16.9000,683100
2005-08-26,14.7400,15.3400,14.5800,14.8400,323500
2005-08-19,14.6700,15.2400,14.4100,14.6000,346400
2005-08-12,14.8800,15.0000,13.9000,14.7500,734500
2005-08-05,15.6000,16.0500,14.7700,14.9900,344700
2005-07-29,15.7000,16.2300,15.3000,15.8100,493700
2005-07-22,15.9100,16.1000,15.0800,15.7100,451500
2005-07-15,16.1500,17.5900,15.6000,16.0500,1332000
2005-07-08,14.9600,16.1200,14.6200,16.0400,737500
2005-07-01,14.7700,15.7500,14.7100,15.0200,626600
2005-06-24,13.6600,16.0500,13.6500,14.9300,1180400
2005-06-17,13.7500,14.6500,13.2300,13.6300,752600
2005-06-10,13.0400,14.0000,13.0400,13.6100,283200
2005-06-03,13.8800,14.0000,13.0300,13.1100,257300
2005-05-27,13.2000,13.9800,13.0000,13.7500,305900
2005-05-20,13.1300,13.4700,12.8400,13.1300,361200
2005-05-13,13.7300,13.8100,12.9200,13.2700,626800
2005-05-06,12.7700,14.0000,12.4000,13.6600,375200
2005-04-29,13.2700,13.6900,12.1500,12.8800,456400
2005-04-22,13.5800,13.5800,13.0000,13.2800,478400
2005-04-15,14.0600,14.4000,13.3200,13.5400,304500
2005-04-08,14.4800,15.2300,14.0000,14.1100,670800
2005-04-01,13.5800,14.5800,13.5800,14.4880,482200
2005-03-24,14.2200,14.4700,13.6000,13.6100,194300
2005-03-18,13.7200,14.5000,13.5800,14.1300,510600
2005-03-11,14.7400,14.9900,13.6900,13.8400,357300
2005-03-04,13.9800,15.0000,13.8000,14.8600,449900
2005-02-25,13.2100,14.2300,12.8000,14.2000,266300
2005-02-18,13.3400,13.7800,13.0300,13.4200,285400
2005-02-11,13.6000,14.0900,12.6400,13.5000,204900
2005-02-04,13.2800,13.8200,12.8400,13.7800,375000
2005-01-28,13.0000,13.5500,12.9200,13.0100,320000
2005-01-21,13.0800,13.7500,12.8500,13.0100,229200
2005-01-14,12.5200,13.4000,12.5200,13.3300,548100
2005-01-07,13.1500,13.6200,12.2800,12.6500,652000
2004-12-31,13.8200,13.8400,13.3000,13.4100,301200
2004-12-23,13.5200,13.8300,13.3900,13.6100,323800
2004-12-17,13.8700,14.2200,13.5000,13.6900,671100
2004-12-10,14.5600,14.8700,13.5300,14.0000,634100
2004-12-03,14.5000,14.9200,14.1800,14.7900,704300
2004-11-26,14.5800,14.5800,14.0600,14.3000,417200
2004-11-19,15.1000,15.6900,14.2000,14.2300,733900
2004-11-12,14.3300,15.6000,13.9300,15.4600,829900
2004-11-05,12.6500,14.5100,12.6500,14.3200,523500
2004-10-29,12.5200,13.0800,12.5100,12.8100,797300
2004-10-22,12.2800,12.7500,12.2600,12.6700,382500
2004-10-15,12.7000,12.8200,12.0400,12.3200,262700
2004-10-08,12.8500,13.3300,12.3800,12.6600,816600
2004-10-01,12.2000,13.0000,11.9600,12.5300,677300
2004-09-24,12.3000,12.6300,12.0300,12.3600,797700
2004-09-17,12.0500,12.9300,11.9400,12.4100,575800
2004-09-10,11.4000,12.1000,11.3000,12.0300,304200
2004-09-03,11.3600,12.0000,11.0200,11.4000,250400
2004-08-27,10.8000,11.8600,10.5000,11.4700,422400
2004-08-20,10.3000,11.0000,10.0100,11.0000,222500
2004-08-13,10.1400,10.3900,9.6300,10.0800,378000
2004-08-06,10.1900,10.8400,9.9200,10.0000,358500
2004-07-30,10.7600,11.0900,10.2400,10.5200,469100
2004-07-23,10.6500,11.2500,10.5000,10.8600,861200
2004-07-16,10.5400,10.9600,10.3500,10.6500,270100
2004-07-09,11.2900,11.2900,10.3400,10.6800,358500
2004-07-02,10.7500,11.2500,10.1200,11.2000,1748900
2004-06-25,10.9300,11.4800,10.2100,10.3500,704000
2004-06-18,10.7800,11.3800,9.8400,11.3800,816400
2004-06-10,10.4700,10.8500,9.8500,10.6100,308300
2004-06-04,9.9100,10.6600,9.8000,10.1300,318200
2004-05-28,10.0000,10.4900,9.9200,9.9600,424300
2004-05-21,9.7500,10.2000,9.5200,10.1600,284000
2004-05-14,10.3800,10.9900,9.5400,9.8000,556400
2004-05-07,11.0500,11.2700,10.1900,10.3500,368100
2004-04-30,11.3500,11.9900,11.0000,11.1400,333900
2004-04-23,11.4800,11.8800,11.0000,11.6600,285700
2004-04-16,11.9000,12.0000,11.4000,11.7400,838100
2004-04-08,12.8400,13.2000,11.4000,11.7600,744800
2004-04-02,12.0000,13.2000,11.7500,13.2000,584900
2004-03-26,11.4900,12.3600,11.3500,12.1000,633200
2004-03-19,12.9100,13.2500,11.9600,11.9700,462300
2004-03-12,12.8000,13.3500,12.5000,13.3200,556700
2004-03-05,12.4000,13.3000,12.3600,12.9900,563500
2004-02-27,12.1000,12.7200,12.1000,12.5000,1428200
2004-02-20,12.0000,12.8100,12.0000,12.7600,418400
2004-02-13,11.6500,12.2600,11.2500,12.0000,415800
2004-02-06,10.9400,12.4000,10.8600,11.8000,673700
2004-01-30,11.1950,11.9500,11.1000,11.7300,672900
2004-01-23,11.4700,11.6500,11.1100,11.4000,483800
2004-01-16,11.3500,12.0300,11.3200,11.6000,300800
2004-01-09,11.0100,11.7300,11.0000,11.2400,675000
2004-01-02,11.2100,11.7400,11.0200,11.0200,849100
2003-12-26,11.0000,11.5500,10.9600,11.3200,355500
2003-12-19,11.1690,11.3000,10.5000,11.0500,773800
2003-12-12,11.3100,11.5200,10.7500,11.0900,384300
2003-12-05,11.8000,12.5000,11.1500,11.2700,366600
2003-11-28,11.5600,12.2500,11.4000,11.8300,267100
2003-11-21,11.1400,11.5000,10.8300,11.4300,414900
2003-11-14,11.0100,11.5700,10.7000,11.1400,362200
2003-11-07,10.4500,11.2290,10.4500,11.0100,543500
2003-10-31,10.5500,11.4000,10.3000,10.5400,252900
2003-10-24,10.3500,10.7600,10.2600,10.4900,266600
2003-10-17,10.3800,10.9400,10.1100,10.3000,702600
2003-10-10,10.4210,10.6800,10.1400,10.3700,431600
2003-10-03,10.4000,10.7200,9.9700,10.4700,752700
2003-09-26,12.4500,12.5100,10.4000,10.4000,828500
2003-09-19,12.1300,13.0700,10.2500,12.7000,915400
2003-09-12,11.5800,12.2000,11.1100,12.1300,899000
2003-09-05,11.4400,11.7300,11.0000,11.7300,622000
2003-08-29,11.0100,11.4890,11.0100,11.3600,285600
2003-08-22,10.2900,11.2500,10.2900,11.1100,733200
2003-08-15,10.0500,10.6000,10.0000,10.3500,157300
2003-08-08,10.0800,10.2100,9.9500,10.0500,488400
2003-08-01,9.6500,10.3400,9.5800,10.1100,760700
2003-07-25,9.5700,9.8000,8.8500,9.6500,577700
2003-07-18,9.8500,9.9400,9.3000,9.6300,612300
2003-07-11,9.4600,9.9500,9.4400,9.8500,1129800
2003-07-03,8.9500,9.7500,8.8500,9.4700,561300
2003-06-27,9.1000,9.4100,8.6500,8.9100,957300
2003-06-20,10.8100,11.0800,8.3800,9.0500,2501500
2003-06-13,11.4800,11.4800,10.9000,10.9500,619300
2003-06-06,10.5400,11.5300,10.4900,11.4700,436200
2003-05-30,9.4500,10.5000,9.2600,10.5000,234900
2003-05-23,10.3200,10.4500,9.3200,9.3800,274800
2003-05-16,10.5000,10.6400,10.1600,10.4400,291100
2003-05-09,10.5000,10.8000,10.3100,10.6300,333600
2003-05-02,9.3800,11.1900,9.3800,10.6700,474000
2003-04-25,9.0500,10.1500,9.0500,9.4600,301900
2003-04-17,9.7300,9.9600,9.3700,9.4100,176200
2003-04-11,8.9500,9.7080,8.6500,9.5100,449100
2003-04-04,8.2100,9.2300,8.1300,8.9200,349800
2003-03-28,8.8300,9.0500,8.1400,8.2700,235400
2003-03-21,8.0800,9.2000,8.0000,9.0500,267400
2003-03-14,8.0600,8.6100,7.9000,8.3800,360700
2003-03-07,8.1000,8.5000,8.0600,8.2000,230400
2003-02-28,8.7500,8.9300,8.0500,8.1700,313200
2003-02-21,9.4900,9.6100,7.6300,8.9100,497300
2003-02-14,8.9500,9.5000,8.9500,9.3300,273000
2003-02-07,9.2600,9.4400,8.8600,8.9200,615300
2003-01-31,9.4100,9.4700,9.2400,9.2800,755800
2003-01-24,9.3500,9.7500,9.2600,9.5000,841500
2003-01-17,9.5100,9.6600,9.1000,9.3900,878000
2003-01-10,9.1500,9.5800,8.7100,9.5000,722400
2003-01-03,8.5000,9.4400,8.4000,9.2000,536000
2002-12-27,8.1800,9.0700,8.1200,8.5100,196800
2002-12-20,8.8700,9.4000,7.5700,8.3400,938500
2002-12-13,9.4200,10.0800,8.8000,8.8000,358900
2002-12-06,9.5900,10.3800,9.2500,9.3900,556100
2002-11-29,9.7000,9.8800,9.2300,9.2500,428800
2002-11-22,9.3100,10.1000,8.6200,9.9400,630100
2002-11-15,8.8100,9.5900,8.6000,9.3800,664900
2002-11-08,12.2400,12.2400,8.7710,8.8500,750900
2002-11-01,11.8700,12.2000,11.4700,12.1500,342300
2002-10-25,11.6700,11.8800,10.7900,11.6600,353600
2002-10-18,10.9500,12.0900,9.9500,11.5900,527000
2002-10-11,11.4900,11.5900,9.9000,11.3900,420500
2002-10-04,11.5600,12.1700,10.6000,11.6000,724500
2002-09-27,10.7100,12.1000,10.4500,11.6800,661000
2002-09-20,11.2100,11.3000,9.0500,10.7200,1245100
2002-09-13,12.1500,12.1500,11.1600,11.2800,398200
2002-09-06,11.9900,12.3900,11.3600,12.0900,473900
2002-08-30,10.9700,12.1800,10.7600,11.9900,491800
2002-08-23,11.8500,12.5600,11.0000,11.1800,419600
2002-08-16,11.8000,12.5000,10.9200,11.9700,217800
2002-08-09,11.3000,12.5600,11.0000,11.8200,278400
2002-08-02,12.9500,13.2000,11.2500,11.4400,688100
2002-07-26,11.5000,13.2000,10.1500,13.0000,819700
2002-07-19,12.8100,12.8100,11.2000,11.5200,498000
2002-07-12,14.2900,14.3500,12.5500,12.9200,588500
2002-07-05,14.2400,14.6300,13.7500,14.2500,437800
2002-06-28,15.1200,15.3000,13.4600,14.3600,1134600
2002-06-21,12.8600,15.3300,12.5300,15.1100,1555800
2002-06-14,13.5000,13.5500,11.8900,12.6200,434700
2002-06-07,13.9000,14.1000,12.2500,13.5000,491000
2002-05-31,14.3100,14.9900,13.2500,13.9500,415400
2002-05-24,15.0000,15.6000,14.3500,14.3500,773800
2002-05-17,14.0200,15.2000,13.7800,15.1000,916300
2002-05-10,14.0600,14.5000,13.2800,14.3100,481600
2002-05-03,13.8400,14.5000,13.6000,14.4200,811700
2002-04-26,13.0500,14.1400,12.9200,13.7000,376900
2002-04-19,11.9500,13.6400,11.7500,13.4000,1465100
2002-04-12,12.1000,12.9000,12.0000,12.8300,600100
2002-04-05,12.7500,12.7500,11.5700,12.0000,840000
2002-03-28,12.4900,12.8600,11.8000,12.2000,484700
2002-03-22,12.0000,12.9100,11.7800,12.8000,540500
2002-03-15,12.5700,13.1400,11.7200,11.9500,521000
2002-03-08,11.4900,13.3500,11.4000,12.6500,640300
2002-03-01,11.9000,12.4500,11.0000,11.3000,462400
2002-02-22,10.7300,12.2300,9.9900,12.0800,786100
2002-02-15,11.2900,12.0500,10.9200,10.9200,1663900
2002-02-08,14.1200,14.3800,11.3500,11.8000,884100
2002-02-01,15.2000,15.4200,14.1600,14.2000,528000
2002-01-25,14.9500,15.3900,14.3000,15.0600,398900
2002-01-18,14.2000,15.4800,13.2700,15.0500,788500
2002-01-11,14.4300,15.3000,14.1300,14.3400,829000
2002-01-04,15.6100,16.0000,13.5500,14.8500,1140300
2001-12-28,16.0000,17.6000,15.7500,16.2000,748200
2001-12-21,17.8500,18.6500,14.7800,16.5400,1437500
2001-12-14,17.9500,17.9900,15.3100,17.0100,601400
2001-12-07,15.9300,17.8500,15.2600,17.8500,1341400
2001-11-30,15.2000,16.8500,14.0000,15.4500,1317200
2001-11-23,16.6800,16.6800,14.4000,14.9500,851200
2001-11-16,15.2500,17.0000,15.0000,16.3700,1325900
2001-11-09,14.2500,16.3500,13.6800,15.2500,1291500
2001-11-02,13.1400,14.9000,13.0900,14.5000,1304600
2001-10-26,12.6400,13.9600,11.7400,13.5800,949000
2001-10-19,13.8700,14.0200,11.5000,12.7500,530100
2001-10-12,12.6500,14.5000,11.9500,13.8400,773600
2001-10-05,12.5500,13.8000,11.7600,12.9500,1355900
2001-09-28,10.1500,13.5000,9.9900,12.9000,1118700
2001-09-21,8.3500,10.2500,6.8600,10.1200,1225000
2001-09-10,8.7400,9.0500,7.9000,8.3900,375800
2001-09-07,10.0200,11.0000,8.8900,9.3000,455000
2001-08-31,11.0600,11.5500,10.0300,10.0900,763700
2001-08-24,11.2000,11.4000,9.2500,11.2700,974300
2001-08-17,12.3100,12.5000,11.2700,11.6000,758200
2001-08-10,14.6000,15.1500,10.9900,12.2500,1184300
2001-08-03,14.4600,15.7000,14.1000,15.0000,1292600
2001-07-27,14.8900,14.9300,13.2500,14.3500,1014000
2001-07-20,14.3900,15.1500,14.1500,14.3500,1186900
2001-07-13,12.1400,14.4000,12.0300,14.1400,2733600
2001-07-06,12.7200,12.7200,11.1500,12.0600,1356100
2001-06-29,10.9500,12.7000,10.6300,12.4900,2706800
2001-06-22,11.0000,11.6100,10.6100,11.0500,1055100
2001-06-15,11.8600,12.0000,11.1200,11.2400,408400
2001-06-08,11.6700,11.9900,10.6500,11.9300,578600
2001-06-01,10.1400,11.9900,10.1400,11.4600,597000
2001-05-25,9.6650,11.0300,9.6500,10.6000,605200
2001-05-18,8.9750,9.9800,8.9100,9.8500,538000
2001-05-11,7.8800,9.0500,7.8200,8.9900,552100
2001-05-04,8.7500,8.8500,8.2700,8.4400,508400
2001-04-27,8.5200,9.1700,8.3100,8.8200,480000
2001-04-20,8.5400,9.0000,8.3800,8.8700,487600
2001-04-12,7.7600,8.9900,7.7600,8.9500,380300
2001-04-06,7.7500,8.9380,7.4060,7.7500,818600
2001-03-30,8.6880,9.0630,6.2810,7.1250,573700
2001-03-23,9.4690,9.9380,7.6250,8.3440,741400
2001-03-16,8.6880,9.5000,8.2810,9.3750,736400
2001-03-09,9.3440,10.0000,8.3130,8.8750,991300
2001-03-02,9.0940,9.4690,7.7500,9.0000,869500
2001-02-23,7.9840,9.5000,7.8440,8.9690,1341600
2001-02-16,7.3130,8.0000,7.2500,7.7500,408000
2001-02-09,7.3750,8.0000,7.2500,7.5310,731200
2001-02-02,6.5630,7.5630,6.5000,7.2500,649700
2001-01-26,6.9690,7.1250,6.4060,6.4380,508900
2001-01-19,5.4530,7.2500,5.4380,6.8100,987300
2001-01-12,5.4380,5.5000,5.0310,5.4380,447600
2001-01-05,5.3750,5.5630,5.0630,5.2810,477900
2000-12-29,5.4400,5.6560,5.2500,5.3750,371300
2000-12-22,5.3750,5.6250,4.7500,5.4840,640500
2000-12-15,5.1250,5.6250,4.9380,5.3750,282800
2000-12-08,4.9060,5.2500,4.6250,5.1880,155500
2000-12-01,5.5630,5.5630,4.7500,4.9380,225800
2000-11-24,5.5000,5.8130,5.2500,5.5000,152100
2000-11-17,5.6880,5.7500,5.2500,5.5630,125800
2000-11-10,5.6090,6.0000,5.3130,5.7190,359400
2000-11-03,5.7500,5.7500,4.9380,5.5000,382600
2000-10-27,5.0000,5.7500,5.0000,5.7500,468000
2000-10-20,5.5310,5.7500,4.8130,5.1250,281200
2000-10-13,5.7190,5.8750,5.4380,5.5630,526400
2000-10-06,5.5630,6.0630,5.5630,5.7500,519900
2000-09-29,5.0630,5.8130,5.0630,5.6880,373400
2000-09-22,5.5000,5.7500,4.8750,5.0630,844600
2000-09-15,4.8750,5.3750,4.8750,5.3440,695400
2000-09-08,4.3130,5.0000,4.3130,4.8750,599700
2000-09-01,3.9380,4.5000,3.8750,4.3440,663700
2000-08-25,4.0310,4.1250,3.9380,4.0000,757100
2000-08-18,3.9380,4.2500,3.8440,4.0630,728300
2000-08-11,4.0000,4.1250,3.8750,4.0000,673900
2000-08-04,4.3130,4.3750,3.8130,3.9690,1031000
2000-07-28,4.3440,4.5000,4.1250,4.3130,917300
2000-07-21,4.0160,4.5310,3.9380,4.4060,880700
2000-07-14,3.8130,4.0630,3.7500,4.0000,560200
2000-07-07,3.8440,4.1560,3.5630,3.6560,945200
2000-06-30,4.0630,4.0630,3.5000,3.5310,3322400
2000-06-23,3.9690,4.0630,3.6250,4.0310,820500
2000-06-16,4.0630,4.0630,3.2500,3.6250,1289000
2000-06-09,4.0000,4.1880,3.7500,4.0630,916800
2000-06-02,4.3440,4.3750,3.7810,3.9380,475600
2000-05-26,4.0630,4.4380,3.8130,4.2500,1182600
2000-05-19,3.8130,4.5000,3.6250,4.1250,1441700
2000-05-12,3.8750,3.9380,3.3750,3.7500,752300
2000-05-05,3.6250,4.0000,3.3130,3.8750,1645800
2000-04-28,4.1880,4.1880,3.5000,3.5630,1133800
2000-04-20,4.4380,4.5630,4.0000,4.1560,631900
2000-04-14,4.1560,5.5000,4.0000,4.4690,2157000
2000-04-07,4.0470,4.3130,4.0000,4.1880,833000
2000-03-31,4.0000,4.3750,3.8750,3.9690,554400
2000-03-24,4.4380,4.4380,3.8750,3.8750,998100
2000-03-17,4.4060,4.5630,4.2500,4.3750,431500
2000-03-10,4.6250,4.7500,4.3750,4.3750,348100
2000-03-03,5.0630,5.0630,4.0630,4.5000,3029400
2000-02-25,5.1880,5.6880,4.9380,5.0000,529900
2000-02-18,4.8130,5.5000,4.6880,5.2500,873200
2000-02-11,5.0000,5.0000,4.2500,4.7500,638000
2000-02-04,5.0630,5.3130,4.5000,4.9380,413400
2000-01-28,4.2810,5.9380,4.0000,5.1250,3675400
2000-01-21,4.3750,4.4380,4.1880,4.2500,1272700
2000-01-14,4.9380,5.0000,4.1560,4.2500,1344600
