timestamp,open,high,low,close,volume
2018-02-27,33.3000,34.4500,32.8000,33.0000,490502
2018-02-23,33.3500,33.8000,32.1500,33.0500,1217008
2018-02-16,32.7500,34.6750,31.8000,33.4500,1564025
2018-02-09,36.2500,36.8000,31.7500,32.4500,2061491
2018-02-02,38.5000,38.8400,33.3000,36.4750,2205708
2018-01-26,38.0500,39.7000,37.3500,38.8500,1161548
2018-01-19,37.3000,38.2500,35.8000,37.8500,822104
2018-01-12,36.1000,37.8500,35.7500,37.0000,2231061
2018-01-05,35.5500,37.6000,35.5500,36.1500,1176905
2017-12-29,37.0500,37.7500,35.7000,35.7500,677853
2017-12-22,36.4500,37.1500,35.8500,37.0500,614655
2017-12-15,38.0500,38.7500,29.4000,36.1000,1501631
2017-12-08,37.6500,38.6000,36.1000,38.0500,796147
2017-12-01,35.1500,38.0500,34.3000,36.9000,994799
2017-11-24,32.2500,35.6000,31.6500,35.0500,752330
2017-11-17,31.7000,32.8500,31.3500,32.3500,1018640
2017-11-10,33.0000,34.4500,31.3500,31.9500,1344680
2017-11-03,33.1500,33.7000,31.5500,33.0000,1190796
2017-10-27,32.4500,33.4000,31.4500,33.4000,679811
2017-10-20,29.9500,32.7500,29.5000,32.4500,1228126
2017-10-13,32.5500,33.1000,31.3500,31.4500,1192796
2017-10-06,33.7500,34.2500,31.7010,32.8500,1613854
2017-09-29,30.6500,33.8500,30.2000,33.4500,1202179
2017-09-22,28.5000,30.9500,28.5000,30.7000,937984
2017-09-15,30.5000,30.7000,27.9000,28.4000,1157512
2017-09-08,30.0500,30.6000,29.4000,30.0500,1203429
2017-09-01,26.0000,30.2500,25.8605,30.0500,1452994
2017-08-25,25.9000,26.4000,25.0250,25.9500,982687
2017-08-18,26.5000,27.3500,25.3500,26.0000,1173379
2017-08-11,26.3000,27.0500,25.7000,26.3500,1119643
2017-08-04,27.2500,28.0750,24.8500,26.3500,1455427
2017-07-28,21.6000,27.0000,21.0500,26.9500,1554486
2017-07-21,22.2500,22.4000,21.4500,21.5500,916770
2017-07-14,21.6000,22.3500,21.2750,22.3000,1209350
2017-07-07,20.7500,21.6500,20.4000,21.6000,713466
2017-06-30,19.8000,20.7500,19.5500,20.6000,660654
2017-06-23,20.0500,20.8500,19.1000,19.8000,857252
2017-06-16,20.5000,21.0000,19.4500,19.9000,1386568
2017-06-09,19.4000,20.8000,19.0000,20.4500,1072290
2017-06-02,18.7000,19.8000,18.4500,19.5000,765308
2017-05-26,18.1000,19.9500,17.7000,18.8500,1516001
2017-05-19,17.7500,18.3500,16.9500,18.0000,1961042
2017-05-12,19.6000,19.9500,17.4500,17.7000,2572524
2017-05-05,26.6000,26.9500,19.7000,19.7500,1736446
2017-04-28,26.3500,27.4000,26.3000,26.4500,741160
2017-04-21,24.7500,25.9000,24.1500,25.6500,940068
2017-04-13,25.0500,26.4000,24.1000,24.5500,740770
2017-04-07,26.0000,26.7000,25.0000,25.0500,1159965
2017-03-31,24.9000,26.5500,24.5500,26.0000,728214
2017-03-24,27.2500,27.5500,24.9500,25.3000,781417
2017-03-17,27.3500,28.2000,26.7000,27.4000,978366
2017-03-10,29.6000,29.7500,26.9000,27.4000,812653
2017-03-03,29.3500,30.9500,28.0500,29.9500,871080
2017-02-24,31.0500,31.4500,28.6500,29.5000,669571
2017-02-17,31.6500,32.0500,30.5500,31.0000,915033
2017-02-10,32.4500,32.6000,29.6500,31.5500,1399504
2017-02-03,31.6000,32.7000,30.8500,32.5500,1391008
2017-01-27,30.2000,32.5750,29.8500,32.0000,1086547
2017-01-20,31.1000,31.5000,30.1000,30.3000,1229594
2017-01-13,28.2500,31.3500,27.5500,31.3500,1887563
2017-01-06,28.2500,29.6000,27.9250,28.4000,2290368
2016-12-30,28.5500,29.2000,27.6000,27.6500,659444
2016-12-23,30.0000,30.3000,28.2500,28.5500,1521332
2016-12-16,32.2000,32.4500,29.5500,29.7500,2240090
2016-12-09,31.1000,33.9499,30.5001,32.4500,1610698
2016-12-02,30.4500,31.4500,29.3500,30.8500,1537574
2016-11-25,29.1000,30.6000,28.3000,30.2000,928323
2016-11-18,28.1500,29.9500,27.4500,28.8500,2287048
2016-11-11,22.9500,28.4000,21.9500,28.1500,1944737
2016-11-04,19.5500,23.5500,19.5000,22.4000,1421349
2016-10-28,19.4500,20.7500,19.3000,19.4500,778881
2016-10-21,19.5500,19.8000,18.6000,19.3500,617216
2016-10-14,20.6700,21.0400,19.5200,19.5800,568944
2016-10-07,19.0200,20.9700,18.8350,20.5700,1205526
2016-09-30,19.0400,19.1600,18.4100,19.0200,739869
2016-09-23,19.0900,20.0000,18.7800,19.1200,1066923
2016-09-16,18.4600,19.7700,18.2300,18.8900,1234061
2016-09-09,18.7700,19.6000,18.2900,18.6350,615316
2016-09-02,17.9100,18.8800,17.8300,18.7000,566032
2016-08-26,17.9500,18.7700,17.6700,17.8700,590591
2016-08-19,17.3800,18.1500,17.1300,18.0750,499051
2016-08-12,18.7100,18.9750,17.2500,17.3000,505665
2016-08-05,18.6600,18.8100,17.2660,18.7000,854980
2016-07-29,18.1300,18.8100,17.3400,18.7100,887723
2016-07-22,17.7600,18.3700,17.3050,18.2100,702299
2016-07-15,16.8600,18.5290,16.7900,17.9200,886728
2016-07-08,16.4500,17.0100,15.4000,16.8200,545400
2016-07-01,15.7900,16.7300,14.8500,16.6700,1430331
2016-06-24,16.8600,17.7700,15.6100,16.0700,1374029
2016-06-17,16.7500,17.3000,15.9700,16.5800,1105050
2016-06-10,17.2200,17.8000,16.4000,16.8900,959637
2016-06-03,17.1700,17.5400,16.7250,17.1900,682196
2016-05-27,16.5100,17.3500,16.1900,17.1300,842059
2016-05-20,16.4800,16.8700,15.7500,16.5100,1457892
2016-05-13,17.0300,18.1900,16.3200,16.3600,1345963
2016-05-06,18.6300,18.7900,16.5600,17.0800,1974530
2016-04-29,21.6600,22.5200,18.8600,19.0900,1663393
2016-04-22,20.9400,21.8800,20.6600,21.7100,967241
2016-04-15,20.4300,21.3100,19.8900,21.0500,1038778
2016-04-08,20.9600,21.2300,19.2800,20.3200,1675331
2016-04-01,23.0500,23.7000,20.4600,20.9600,1606610
2016-03-24,23.3000,23.9150,22.0800,22.8800,759812
2016-03-18,22.3800,23.7800,21.4200,23.4300,1501287
2016-03-11,22.1900,22.8350,20.8500,22.5300,1468318
2016-03-04,19.9900,23.1200,19.4800,22.2100,1790184
2016-02-26,20.1700,20.7400,19.0000,20.0700,1196201
2016-02-19,19.5600,20.5900,18.7100,19.4900,1200327
2016-02-12,17.9700,19.9100,17.7700,19.2700,1618787
2016-02-05,20.2500,21.1300,17.2500,18.3900,2798952
2016-01-29,18.8700,20.8000,18.0900,20.5300,1239127
2016-01-22,18.2600,20.0332,16.4300,18.9900,1154161
2016-01-15,18.6600,19.3700,17.1253,18.0200,1492183
2016-01-08,20.8500,21.1600,18.5800,18.6700,1982847
2015-12-31,21.4700,21.7500,20.8700,21.3900,815900
2015-12-24,20.6600,21.7800,20.4100,21.6200,723915
2015-12-18,20.9400,22.3600,19.9700,20.4100,2510904
2015-12-11,22.1500,22.5000,20.5100,20.9700,1876059
2015-12-04,25.4800,25.7600,21.6900,22.2800,1424337
2015-11-27,24.9500,25.5699,24.3900,25.4600,868020
2015-11-20,25.1700,25.7800,24.0600,25.0100,1179063
2015-11-13,28.0100,28.0200,24.8850,25.1400,1140492
2015-11-06,25.8000,28.1200,24.6500,28.0600,1560144
2015-10-30,28.2900,28.5400,24.5600,25.9000,2028798
2015-10-23,27.3300,28.8000,27.1400,28.3300,1274959
2015-10-16,28.3700,28.3749,26.8100,27.5100,919469
2015-10-09,25.8400,28.4200,25.5210,28.3100,1331489
2015-10-02,25.2900,26.0200,24.8000,25.7800,1349938
2015-09-25,28.2000,28.3600,25.1700,25.4800,1354823
2015-09-18,28.7200,29.7200,27.7100,27.9300,1120774
2015-09-11,28.9800,30.3300,28.6200,28.7300,820232
2015-09-04,28.7500,29.4400,27.4500,28.4800,1132327
2015-08-28,27.7300,30.0900,26.9000,29.0400,1823544
2015-08-21,32.6100,33.0100,29.2900,29.4700,1220636
2015-08-14,32.8700,34.1000,32.0200,32.6100,1332302
2015-08-07,34.0000,34.9700,32.5000,32.7700,2194052
2015-07-31,29.5900,33.5900,29.3900,33.0500,1420605
2015-07-24,30.8500,31.5900,29.7700,29.9200,1394081
2015-07-17,32.0900,32.4700,30.5100,30.6800,1278640
2015-07-10,31.6500,32.4900,30.4600,31.7400,1699624
2015-07-02,32.3200,33.5300,31.2100,32.0600,1750293
2015-06-26,34.5900,34.6300,32.1000,32.4800,1839318
2015-06-19,33.8500,34.6900,32.9200,34.2800,1165160
2015-06-12,35.3500,35.9200,33.7400,34.2100,1255955
2015-06-05,34.4200,35.5600,33.6800,35.4800,1859371
2015-05-29,35.6100,36.7280,33.7700,34.1900,1601791
2015-05-22,35.3300,36.9100,35.0440,35.7100,972006
2015-05-15,36.5700,37.4100,35.2800,35.5200,1305380
2015-05-08,36.0700,38.0900,34.2000,36.6200,1841675
2015-05-01,38.8200,39.4800,35.5000,36.7500,1543020
2015-04-24,37.2700,39.7800,37.1600,38.7500,1138703
2015-04-17,37.3400,37.7000,35.8347,37.1600,932235
2015-04-10,36.8400,37.5200,35.0300,37.1400,1877857
2015-04-02,37.8300,38.7300,36.4800,37.0700,1124697
2015-03-27,40.6600,41.3155,36.9500,37.7200,1421972
2015-03-20,40.9300,42.1500,39.8700,41.0900,1517041
2015-03-13,40.0300,40.9700,39.3200,40.8500,1328091
2015-03-06,42.1800,43.6800,39.2501,40.0500,2303743
2015-02-27,41.1200,42.6100,40.4400,41.8800,1369521
2015-02-20,39.9100,41.4000,39.2800,41.3800,995456
2015-02-13,38.0800,40.2000,37.8400,39.7600,1309793
2015-02-06,37.5600,41.4000,37.4000,38.3900,2704061
2015-01-30,40.9600,41.4800,37.2600,37.2600,1191584
2015-01-23,41.8100,42.0900,39.0200,40.8100,1386175
2015-01-16,41.6900,43.4470,39.9000,41.9900,2096375
2015-01-09,45.6100,45.6400,41.4800,41.5700,2611665
2015-01-02,47.1900,47.4400,44.6900,45.8800,1028328
2014-12-26,44.0900,47.5200,44.0900,47.3300,728270
2014-12-19,44.2000,44.8800,41.1500,44.0900,2476370
2014-12-12,44.4100,44.8500,43.0203,44.0000,1909776
2014-12-05,43.0400,44.9400,41.6700,44.4200,1423820
2014-11-28,43.3200,44.6600,42.0000,43.4200,1214961
2014-11-21,42.4800,43.4986,41.1710,43.1200,1466280
2014-11-14,42.5000,43.8210,42.0215,42.6100,1318128
2014-11-07,43.4600,44.0000,39.4500,42.4000,2413128
2014-10-31,36.1100,39.1200,35.4900,38.7000,1925034
2014-10-24,33.6400,36.3000,33.5300,35.7500,1464947
2014-10-17,32.3600,33.9100,30.1400,33.7700,2522267
2014-10-10,35.9300,36.3650,32.0900,32.1900,2456603
2014-10-03,37.4100,37.9940,35.1100,35.9300,2293144
2014-09-26,37.2900,38.9500,36.7800,37.8300,2057852
2014-09-19,33.6300,38.5400,33.1300,37.4700,3213900
2014-09-12,36.7500,37.2800,34.2200,35.6200,1924400
2014-09-05,35.9900,37.7300,35.6300,36.7400,1483700
2014-08-29,37.5100,37.5390,35.7500,35.9000,1419500
2014-08-22,35.1100,37.2700,34.7000,37.1400,2017400
2014-08-15,33.6100,34.9900,33.5300,34.6200,1625700
2014-08-08,34.3200,34.4100,31.9100,33.4800,2197900
2014-08-01,42.0600,42.3700,31.5000,33.8000,3644700
2014-07-25,41.9200,43.5800,41.1700,42.0900,922000
2014-07-18,42.1100,42.7959,41.2500,42.1900,929800
2014-07-11,43.6200,43.8400,40.7100,41.6300,1090700
2014-07-03,42.7100,45.1900,42.3100,43.6200,920300
2014-06-27,43.0500,43.3500,41.5000,42.6500,1438000
2014-06-20,42.5400,43.1900,41.7800,43.0500,986400
2014-06-13,44.9100,45.6800,42.3100,42.6500,955100
2014-06-06,43.0400,44.9700,41.0600,44.8900,1278300
2014-05-30,41.5800,44.6300,41.5800,42.7700,1062500
2014-05-23,40.3200,41.6400,39.6700,41.4400,844100
2014-05-16,39.8700,42.3450,39.3700,40.4000,1583200
2014-05-09,38.7900,40.4600,38.0200,39.8500,1441400
2014-05-02,38.2600,41.9900,36.8000,39.2500,1792600
2014-04-25,38.0500,39.7900,37.7700,38.0000,1625700
2014-04-17,36.5500,38.2400,35.0900,38.0500,897700
2014-04-11,36.4900,37.3000,35.2700,36.1300,1330000
2014-04-04,35.4300,39.7800,35.4300,36.9300,1692500
2014-03-28,37.2900,37.4300,34.4800,35.2600,1291500
2014-03-21,35.7200,37.4500,35.3700,37.1400,1765400
2014-03-14,37.2100,37.3700,34.7200,35.5400,1634800
2014-03-07,32.8400,37.6100,32.0500,37.1900,1934700
2014-02-28,32.6400,35.1200,32.5300,33.2600,1905900
2014-02-21,32.1900,32.7700,30.9600,32.6200,1892500
2014-02-14,30.8700,32.2000,29.8800,32.0800,2380900
2014-02-07,34.2200,34.2200,30.3000,30.9600,2651200
2014-01-31,32.1400,34.9000,31.5300,34.2900,2127000
2014-01-24,34.5100,35.7400,32.2900,32.4400,1156100
2014-01-17,34.2800,35.6600,33.3300,34.2100,1561900
2014-01-10,33.8800,34.7700,32.4900,34.2800,2817700
2014-01-03,34.5700,34.6400,32.7800,33.8200,1193300
2013-12-27,34.1700,34.9900,33.3600,34.6800,1020900
2013-12-20,33.7800,34.4900,32.7200,33.7900,2345700
2013-12-13,33.7100,34.0700,32.0000,33.5400,1677200
2013-12-06,32.3800,35.9600,32.3800,33.6300,2703600
2013-11-29,32.2200,33.1600,31.5400,32.5400,1435000
2013-11-22,32.5500,33.1500,31.2900,31.9700,1875900
2013-11-15,29.7500,32.5100,28.6600,32.3200,4728300
2013-11-08,27.4300,28.4200,25.2500,26.7000,2203400
2013-11-01,27.5800,29.8900,25.4300,27.3600,2754000
2013-10-25,27.4700,28.2300,25.9500,27.6800,1764000
2013-10-18,22.8100,27.5300,22.6700,27.4600,3164900
2013-10-11,25.8200,25.8200,21.3500,23.0400,3927700
2013-10-04,25.3000,26.7000,25.0500,26.1400,2165900
2013-09-27,25.6300,26.2500,24.8800,25.7300,1512400
2013-09-20,26.7300,26.7500,25.0100,25.7300,2238400
2013-09-13,26.0000,28.1000,25.8000,26.8700,2722600
2013-09-06,25.2900,26.2900,24.7100,25.8900,2088100
2013-08-30,26.1400,27.4800,24.5900,24.8800,3227100
2013-08-23,23.1400,25.2500,22.6600,25.0100,1591000
2013-08-16,23.0800,23.8200,22.6100,23.1200,2176000
2013-08-09,22.8200,23.7300,19.4000,22.9000,4438300
2013-08-02,22.3200,23.0100,21.3300,22.7600,1641800
2013-07-26,22.4500,22.8300,20.6500,22.5500,2007000
2013-07-19,22.7900,24.0000,22.3300,22.5000,2662200
2013-07-12,23.0900,23.6300,22.4600,22.8700,2113600
2013-07-05,23.1100,23.6200,21.8700,22.9500,1835600
2013-06-28,18.6600,23.4500,18.1000,22.9500,3634700
2013-06-21,19.9300,19.9500,17.6800,18.9300,2126300
2013-06-14,20.0000,20.3700,19.0100,19.7200,1550000
2013-06-07,19.1500,19.9300,18.3500,19.9000,2129900
2013-05-31,18.0000,19.5600,17.7500,19.0900,2960800
2013-05-24,17.3900,19.2100,16.5900,17.6700,3545400
2013-05-17,16.6400,17.7600,16.0600,17.4000,3370300
2013-05-10,12.8900,17.9500,12.8500,16.6200,9025300
2013-05-03,11.6300,11.8900,9.6700,10.5500,2553400
2013-04-26,10.9600,12.0000,10.6500,11.5400,1519900
2013-04-19,10.6000,10.9500,9.6200,10.9000,1755100
2013-04-12,11.3700,11.9800,10.5600,10.7800,1134500
2013-04-05,11.6700,11.6700,10.5400,11.3600,1201400
2013-03-28,11.9000,12.0800,11.4800,11.6800,744900
2013-03-22,12.2000,12.7800,11.6300,11.8600,1605700
2013-03-15,11.8000,12.4800,11.5800,12.3700,935700
2013-03-08,11.0500,12.0000,10.8700,11.8100,1265200
2013-03-01,11.5700,11.7100,10.7500,11.1100,1461100
2013-02-22,11.6800,11.7800,10.8300,11.4700,1319900
2013-02-15,11.0800,11.7500,10.8300,11.6600,1401500
2013-02-08,10.0900,11.2500,10.0000,11.0600,1541100
2013-02-01,11.1500,11.2000,9.5000,10.2300,3462800
2013-01-25,10.2600,11.2300,10.1500,11.1600,1622700
2013-01-18,10.0600,10.4900,9.9100,10.2700,1511800
2013-01-11,10.0800,10.2700,9.6100,10.0100,1422300
2013-01-04,9.2800,10.1900,9.1300,10.1500,1116500
2012-12-28,9.5100,9.5700,9.0500,9.2400,884000
2012-12-21,9.0900,9.5900,8.8500,9.5600,1674000
2012-12-14,8.6800,9.2400,8.5700,9.0600,2103800
2012-12-07,8.3400,8.6400,8.1100,8.5500,1165200
2012-11-30,7.5700,8.6800,7.5500,8.2800,2288200
2012-11-23,6.6600,7.5400,6.6500,7.5200,1058500
2012-11-16,7.3400,7.4600,6.4300,6.5600,1596700
2012-11-09,8.2500,8.6600,7.2200,7.2900,1972000
2012-11-02,7.5200,8.5400,7.5000,8.2700,1593000
2012-10-26,7.6100,7.9000,7.4200,7.4600,1067000
2012-10-19,8.1900,8.3600,7.5200,7.6000,1441400
2012-10-12,7.8400,8.5200,7.7900,8.1800,1751900
2012-10-05,7.9700,8.0700,7.4400,7.9000,1495800
2012-09-28,7.4400,8.1800,7.4400,7.9300,2562700
2012-09-21,8.4300,8.4600,7.3200,7.4200,3467300
2012-09-14,8.2200,8.6000,7.8300,8.4300,2509600
2012-09-07,9.2000,9.3900,8.1700,8.2600,1739800
2012-08-31,9.7900,9.8500,9.0200,9.1800,1256900
2012-08-24,10.4400,10.5100,9.6900,9.7500,1101400
2012-08-17,10.4100,10.5200,10.0100,10.4700,1184300
2012-08-10,9.9200,10.8300,9.7500,10.3600,1565300
2012-08-03,11.8100,14.3500,9.8700,9.9200,4315200
2012-07-27,11.4400,11.9500,11.0300,11.8000,1260100
2012-07-20,11.9600,12.4100,11.3400,11.6400,1382900
2012-07-13,12.7800,12.8300,10.7000,12.0000,2068300
2012-07-06,12.6600,13.0200,12.1200,12.8400,970200
2012-06-29,12.3000,12.9300,11.6800,12.6000,1602700
2012-06-22,12.2500,12.7500,12.1300,12.5400,2305900
2012-06-15,12.4000,12.4200,10.3800,12.2900,3133000
2012-06-08,12.7800,12.8500,11.6700,12.2600,1393800
2012-06-01,13.1000,13.2400,12.3000,12.6300,1110200
2012-05-25,12.5300,13.4600,12.3300,12.9900,1400700
2012-05-18,13.2100,13.4100,12.3800,12.4500,1902900
2012-05-11,14.6300,14.8300,13.3100,13.4300,2096600
2012-05-04,15.8500,16.1800,14.6500,14.6700,3174000
2012-04-27,17.3800,18.1800,15.5000,16.2600,2503500
2012-04-20,17.9200,18.8900,17.4100,17.7700,1237800
2012-04-13,18.8500,19.2500,17.8700,17.8900,1718000
2012-04-05,18.7800,19.3800,18.5700,19.2800,903100
2012-03-30,19.2600,19.4500,18.7500,18.8100,1296900
2012-03-23,18.9400,19.5000,18.7200,19.0300,1674500
2012-03-16,18.5900,19.1500,18.0900,18.9600,1002300
2012-03-09,17.7900,18.5900,17.1800,18.5200,1741400
2012-03-02,18.2200,18.5900,17.6500,17.8200,1430900
2012-02-24,19.2500,19.4400,18.3800,18.4800,725700
2012-02-17,19.1100,19.5000,18.0900,19.2600,1010600
2012-02-10,18.7500,19.4800,18.5000,18.8600,1279800
2012-02-03,18.8500,19.2000,17.6800,18.9300,2750800
2012-01-27,22.0700,22.7900,18.6800,19.1300,2926500
2012-01-20,21.2800,22.0500,20.7200,21.9900,994100
2012-01-13,20.5300,21.2800,20.1100,20.9200,1294300
2012-01-06,19.9000,20.3800,19.1700,20.3200,1493800
2011-12-30,18.8500,19.5000,18.6600,19.2700,1017500
2011-12-23,17.9900,19.4500,17.3300,18.9800,1562500
2011-12-16,18.9100,19.0200,16.7700,17.8000,2560400
2011-12-09,19.2400,19.6700,18.4800,19.2700,1344900
2011-12-02,17.5900,19.5000,17.5900,18.8000,2179600
2011-11-25,18.8700,18.9800,16.8500,16.9000,1243700
2011-11-18,21.2700,21.4800,18.5900,19.3400,2797000
2011-11-11,20.1500,21.4000,19.2800,21.3700,1780600
2011-11-04,20.5000,20.7900,19.0000,20.1800,2572500
2011-10-28,18.5900,21.8900,18.5300,20.6000,3930000
2011-10-21,18.0200,18.6700,17.0900,18.4700,1452700
2011-10-14,16.4700,18.3200,16.4500,18.2700,2121300
2011-10-07,15.9900,16.9300,14.2200,16.0800,2880700
2011-09-30,17.5000,18.5200,16.0900,16.1500,1598900
2011-09-23,20.7000,20.8500,16.4400,17.3200,2007800
2011-09-16,18.2000,21.3300,18.2000,21.1000,2862900
2011-09-09,18.4400,19.3900,18.0700,18.9300,1413100
2011-09-02,19.7800,21.2600,18.9700,19.0500,1138200
2011-08-26,18.9600,20.8100,18.1300,19.5700,1398700
2011-08-19,20.6900,21.5700,18.3300,18.3900,2024800
2011-08-12,21.2800,21.5600,19.0300,20.5500,2944200
2011-08-05,24.2000,25.2700,21.5200,21.9000,3989500
2011-07-29,25.5100,25.8300,23.5000,24.0600,1669200
2011-07-22,26.0800,26.6100,25.5200,25.7500,1605500
2011-07-15,26.2200,26.7800,25.6400,26.3300,1929500
2011-07-08,24.4000,27.4400,24.1700,26.4300,4440900
2011-07-01,22.8500,24.5300,22.7300,24.5000,1662900
2011-06-24,21.9300,23.1900,21.8100,22.9100,1718700
2011-06-17,21.7900,22.7000,21.4800,21.9800,1679100
2011-06-10,21.9100,22.2000,21.2600,21.7500,1554100
2011-06-03,24.6500,24.8000,21.8300,21.9700,1731000
2011-05-27,24.8400,25.1800,23.8000,24.4400,1830600
2011-05-20,23.4200,25.5500,23.3700,25.3500,2295700
2011-05-13,24.2600,24.5000,23.3000,23.5100,1157100
2011-05-06,23.1500,24.3000,22.0000,24.1600,2601600
2011-04-29,23.0200,23.8800,22.3000,23.0100,4141500
2011-04-21,25.0800,25.7200,24.9700,25.3600,1232200
2011-04-15,25.1500,25.5000,24.7000,25.4800,1052200
2011-04-08,26.0700,26.4200,25.0300,25.2000,1772100
2011-04-01,24.9200,26.3300,24.5100,25.9900,1544300
2011-03-25,24.4200,25.7400,23.8300,24.8500,2839100
2011-03-18,24.0200,24.7900,23.3100,24.0400,2876300
2011-03-11,23.9800,25.3400,23.2800,24.2600,890900
2011-03-04,23.6900,24.6800,23.1500,23.9300,792500
2011-02-25,25.0200,25.1700,23.1500,23.6000,969400
2011-02-18,24.9500,25.9100,24.8500,25.4200,734700
2011-02-11,24.0300,24.9500,23.9000,24.9500,580300
2011-02-04,25.5600,26.5400,24.0000,24.0700,1825200
2011-01-28,25.5500,26.9600,25.2800,25.3600,600900
2011-01-21,25.9800,26.6300,25.5000,25.5500,669200
2011-01-14,26.5300,26.9100,25.2600,26.1600,1144000
2011-01-07,27.9100,28.5300,26.1200,26.7900,948700
2010-12-31,26.7500,27.7500,26.7400,27.4200,573500
2010-12-23,26.3000,27.6300,26.2300,26.9700,913200
2010-12-17,28.7000,29.0800,25.7200,26.1000,2308300
2010-12-10,28.2800,28.8700,27.7200,28.6500,1025200
2010-12-03,24.5400,28.4900,24.1900,28.4600,1754000
2010-11-26,24.4800,25.2400,24.0000,24.7400,551000
2010-11-19,24.3800,25.1200,23.4700,24.6300,867700
2010-11-12,25.3300,25.6200,24.0400,24.2200,978200
2010-11-05,25.5100,26.9900,25.3900,25.5000,2475200
2010-10-29,25.6200,26.2400,24.8300,25.3300,983700
2010-10-22,24.4500,25.8900,24.0000,25.4800,1490400
2010-10-15,23.9600,25.4100,23.5000,24.5100,1675200
2010-10-08,23.6300,24.5800,23.2600,24.0500,902600
2010-10-01,24.1100,25.2300,23.6000,23.7500,1719500
2010-09-24,23.6600,25.0100,22.8000,23.8200,1443600
2010-09-17,22.5400,25.4000,22.5400,23.6000,3036800
2010-09-10,22.3100,23.2600,21.6000,22.2200,1252200
2010-09-03,21.3000,22.6400,20.4100,21.6700,1469800
2010-08-27,20.0000,21.3400,19.0100,21.2900,1321100
2010-08-20,19.5800,20.8600,19.2000,19.8700,1101200
2010-08-13,21.7000,21.9600,19.5100,19.7100,1295700
2010-08-06,22.9200,23.5800,21.2000,21.5000,1517300
2010-07-30,22.7700,23.8800,22.0300,22.5700,1392700
2010-07-23,20.8500,22.8300,20.2700,22.7700,2694000
2010-07-16,21.3900,22.6600,20.8000,20.8800,2040600
2010-07-09,19.6600,21.5900,18.8400,21.5300,1890000
2010-07-02,20.5700,21.3600,19.2800,19.3800,2750200
2010-06-25,22.0800,22.1200,19.7800,20.4800,2791000
2010-06-18,22.5000,22.6800,21.0400,21.6900,2426700
2010-06-11,22.1100,22.6600,20.5500,22.3000,2395500
2010-06-04,23.3200,23.5000,21.9600,22.0700,2815500
2010-05-28,26.0000,26.5300,20.1400,23.3900,6040100
2010-05-21,28.4700,29.0800,25.1500,26.0000,3008100
2010-05-14,28.7500,29.8200,27.7800,28.3600,2020700
2010-05-07,30.5200,31.0900,26.4400,27.1300,3523600
2010-04-30,31.9400,33.5200,29.4300,30.5400,3609300
2010-04-23,29.9400,32.7900,29.7800,32.0300,7754900
2010-04-16,29.7700,31.1700,28.9900,29.9300,3059200
2010-04-09,30.1900,30.7000,28.8600,30.0000,2752000
2010-04-01,29.4500,30.4200,29.2500,30.4200,1419400
2010-03-26,28.9800,30.4500,28.6700,29.2900,1435900
2010-03-19,28.8300,30.9400,28.3100,29.1200,2846700
2010-03-12,27.7000,29.7500,27.7000,28.7800,3237800
2010-03-05,26.4400,28.1200,26.1700,27.6200,3183000
2010-02-26,25.2100,26.8000,24.4200,26.2400,2518300
2010-02-19,23.3800,25.3400,23.2200,25.1000,2589200
2010-02-12,22.4700,23.6700,21.3900,23.1400,2841400
2010-02-05,22.5800,23.0700,21.5000,22.2900,4059900
2010-01-29,26.4900,26.8100,22.1000,22.5400,4341900
2010-01-22,27.9000,28.1200,25.8100,26.2900,2083200
2010-01-15,28.2700,29.2000,27.3100,27.9100,2816100
2010-01-08,29.4300,29.7700,27.2200,28.2000,4033300
2009-12-31,31.4500,33.5400,29.3100,29.4300,3542100
2009-12-24,31.3400,32.3800,30.3800,31.4900,1507200
2009-12-18,27.9900,32.5900,27.1000,31.2300,4041100
2009-12-11,27.2300,29.2000,26.8300,27.7400,2032700
2009-12-04,24.1600,27.9000,23.6700,27.3700,1986900
2009-11-27,25.1500,25.8200,24.0100,24.1200,914500
2009-11-20,25.3200,26.3800,24.2500,24.8700,2152400
2009-11-13,24.3000,26.3500,23.7600,25.2000,3224000
2009-11-06,25.8500,26.0300,23.3100,24.0200,2704700
2009-10-30,27.2600,27.9900,25.6000,25.8200,2144600
2009-10-23,30.0900,31.1900,27.1400,27.2500,4044300
2009-10-16,29.0000,30.4600,29.0000,29.9000,3180600
2009-10-09,27.3200,29.4300,26.7200,28.9200,2486600
2009-10-02,30.1500,30.7700,27.1400,27.3400,2455000
2009-09-25,32.5600,33.1000,29.5000,29.9600,2775100
2009-09-18,33.8600,34.5600,32.3900,32.8600,2632200
2009-09-11,32.7700,33.9700,31.4600,33.9700,2148000
2009-09-04,31.4100,33.0700,31.0500,32.6100,2162100
2009-08-28,30.9800,32.9700,30.5900,31.6100,1992000
2009-08-21,29.0000,31.0600,27.7500,30.8700,2131800
2009-08-14,28.4700,30.4300,28.0000,29.5800,2109600
2009-08-07,28.6800,28.9900,26.9900,28.7900,2612800
2009-07-31,26.2300,28.6300,25.9100,28.4800,2849700
2009-07-24,25.9000,26.6600,24.0200,26.3600,4611000
2009-07-17,28.1800,28.5000,25.6400,25.8300,3962900
2009-07-10,26.6200,28.7600,25.8000,28.1500,4856100
2009-07-02,28.1900,28.1900,25.7000,27.1200,3233000
2009-06-26,29.8400,29.8400,26.6200,28.1900,3208300
2009-06-19,28.8400,31.5600,27.8100,30.1500,4056100
2009-06-12,29.0000,30.9000,27.7800,28.5100,3224900
2009-06-05,28.4900,31.1600,28.3800,29.0100,2647800
2009-05-29,26.4000,28.6000,26.3900,28.1100,2249500
2009-05-22,24.6400,29.0000,24.4400,26.5700,4644500
2009-05-15,25.3100,25.5200,21.7100,24.4000,4885200
2009-05-08,23.7400,27.3800,23.7200,25.7700,3105500
2009-05-01,21.5800,24.0000,20.1900,23.3100,2717100
2009-04-24,24.0300,24.0300,20.0800,22.0300,3776600
2009-04-17,21.3200,24.7800,21.0100,24.4900,3110600
2009-04-09,20.3300,21.8100,17.9800,21.6600,2791400
2009-04-03,20.3300,21.3500,18.2700,20.5500,3619300
2009-03-27,19.1900,21.9000,18.9100,20.7300,4410200
2009-03-20,19.9500,20.8800,18.3900,18.6000,2880800
2009-03-13,16.9200,19.9700,16.5400,19.7400,2603000
2009-03-06,17.0800,17.9600,15.8400,17.1900,3404600
2009-02-27,20.5500,20.8500,17.0200,17.4200,3332100
2009-02-20,22.1400,22.4700,20.1200,20.3100,1904400
2009-02-13,25.9300,26.3500,22.5000,22.8600,4004000
2009-02-06,23.0000,26.9000,22.6500,26.1200,2809600
2009-01-30,22.8100,24.9300,20.6900,23.3900,5142800
2009-01-23,23.6200,24.1300,22.5100,22.8100,2101400
2009-01-16,26.5800,26.6000,22.7500,24.0300,2771200
2009-01-09,30.9500,31.2400,25.8500,26.3900,3073800
2009-01-02,28.2100,31.2400,27.2400,30.6200,2431500
2008-12-26,26.6800,28.4700,25.9100,28.2400,1857700
2008-12-19,24.0800,27.5400,22.7800,26.6400,3160900
2008-12-12,27.5900,29.1400,22.2200,23.9100,2880400
2008-12-05,25.7500,28.2300,24.2400,26.8000,3206600
2008-11-28,22.8900,26.8000,22.3200,26.5500,1806200
2008-11-21,23.7500,24.6900,19.4100,22.5800,3157000
2008-11-14,25.7900,26.2500,23.0100,23.9300,1832600
2008-11-07,29.0000,30.1500,24.3800,25.0500,2559900
2008-10-31,24.9700,29.5000,24.3700,29.1900,3559900
2008-10-24,29.3800,30.9400,24.8900,25.5300,4183600
2008-10-17,31.0900,33.9000,26.6400,29.3800,5192800
2008-10-10,27.5100,31.7300,26.2500,30.6400,6843900
2008-10-03,34.1500,34.8500,28.0200,28.1600,4094000
2008-09-26,38.5100,39.7100,34.1000,35.0700,3981800
2008-09-19,32.5800,43.2800,32.5800,40.0200,7204500
2008-09-12,32.2600,34.1200,30.1000,33.6600,5303000
2008-09-05,35.3800,36.7000,32.0400,32.4100,3303000
2008-08-29,34.9300,34.9700,31.5800,34.6200,3795100
2008-08-22,38.4300,38.4300,33.7100,35.2500,2648500
2008-08-15,39.1600,40.6900,36.3000,38.5600,3221200
2008-08-08,35.8300,39.8400,33.7700,39.3800,3130900
2008-08-01,33.3800,38.0000,33.1800,35.7800,3398400
2008-07-25,42.6200,45.1300,32.8000,33.7200,11466700
2008-07-18,35.9400,42.8900,33.9400,42.6300,6907200
2008-07-11,35.6300,37.9800,33.8500,35.5900,5725200
2008-07-03,36.6600,37.4600,35.1300,35.2800,3167600
2008-06-27,39.2700,39.8500,35.8600,36.8100,3607300
2008-06-20,35.1000,40.5700,34.7800,39.1100,5660200
2008-06-13,37.9500,38.8900,34.1600,35.3800,6094500
2008-06-06,36.9000,38.9600,35.0500,37.4700,5483000
2008-05-30,35.4100,37.3500,34.0000,37.1600,3941000
2008-05-23,39.6000,40.9600,36.5900,36.9400,3816400
2008-05-16,38.5800,41.0000,37.6200,39.8000,2256100
2008-05-09,40.5200,41.2400,36.9400,38.4400,3248800
2008-05-02,38.8000,42.4500,37.5100,40.7700,4479400
2008-04-25,32.1500,39.1900,30.3100,38.8600,6429300
2008-04-18,31.3000,33.7400,30.6000,32.3500,2751200
2008-04-11,33.4900,34.4900,31.2800,31.3700,2800000
2008-04-04,31.0900,34.5100,30.6400,33.6400,3169700
2008-03-28,33.7400,35.3200,30.9100,31.0000,4052800
2008-03-20,29.2400,33.7400,29.2400,33.4600,3176100
2008-03-14,28.5700,31.9600,27.8000,30.1500,3765600
2008-03-07,26.9700,30.7000,26.2700,28.4700,4082600
2008-02-29,27.3300,29.8200,26.5700,26.7100,2732800
2008-02-22,28.9900,29.4700,26.4400,27.3800,2741000
2008-02-15,29.9500,30.4400,27.9500,28.7200,2807600
2008-02-08,30.0000,30.4500,27.2500,29.5700,4943000
2008-02-01,26.1100,31.3400,26.0800,29.9000,7705700
2008-01-25,19.1600,28.7500,19.0600,27.4500,6901200
2008-01-18,18.4700,20.4000,18.4700,20.0000,3953900
2008-01-11,18.7400,19.8700,17.9400,18.1500,3768900
2008-01-04,21.9700,22.1700,18.0200,18.6000,3470200
2007-12-28,22.6700,23.4700,21.8100,22.1700,1257900
2007-12-21,22.1800,22.9900,21.4900,22.5300,2804900
2007-12-14,25.2200,26.2300,22.4400,22.4400,4000800
2007-12-07,22.7500,25.4400,21.6900,25.1100,3589600
2007-11-30,22.3800,23.5600,21.5400,22.8000,3962100
2007-11-23,23.2600,23.3000,21.5000,22.4000,3035200
2007-11-16,25.2100,26.3600,23.1900,23.5100,3386700
2007-11-09,25.5200,26.3000,23.9100,25.1100,4111100
2007-11-02,31.1100,31.1100,25.4000,25.8800,6110000
2007-10-26,30.2600,32.0900,29.8100,30.8200,2838600
2007-10-19,33.1300,33.4300,30.2500,30.2500,1859500
2007-10-12,34.8400,34.8400,32.8400,33.0400,1641900
2007-10-05,32.6600,35.0300,32.6600,34.7900,1728800
2007-09-28,33.4000,33.6300,31.8400,32.6600,1699700
2007-09-21,33.7300,35.7000,32.8900,33.5200,1903800
2007-09-14,34.1900,34.4200,32.8600,33.8900,1430400
2007-09-07,35.9000,36.5200,33.7200,33.9800,1865200
2007-08-31,35.4100,36.1700,34.9200,35.9000,2037400
2007-08-24,35.5900,37.1700,34.9700,35.4500,2109200
2007-08-17,36.4800,37.5000,33.5100,35.3000,2324800
2007-08-10,35.6300,37.9400,34.4600,36.3900,3934200
2007-08-03,36.6400,38.3900,35.1100,35.3200,3485800
2007-07-27,40.2200,40.2200,36.2300,36.5800,5201900
2007-07-20,41.2500,42.3600,39.6200,40.1500,2154600
2007-07-13,39.8200,40.9400,39.2500,39.9700,1390300
2007-07-06,39.1800,39.7400,38.8500,39.5000,1066200
2007-06-29,39.5700,40.8600,38.8500,38.9700,2391000
2007-06-22,39.9000,39.9000,38.7900,39.2000,2742400
2007-06-15,39.6000,40.7500,38.6800,39.8600,2471100
2007-06-08,41.0000,41.6600,38.7000,39.6700,2974300
2007-06-01,39.5800,41.8700,39.5100,41.1000,1415500
2007-05-25,39.0600,40.7100,39.0600,39.3600,1790900
2007-05-18,38.5400,39.4700,37.6500,38.9000,2108000
2007-05-11,39.8200,39.8500,38.1000,38.6400,1995700
2007-05-04,39.6900,40.5500,39.0000,39.7300,2430800
2007-04-27,39.0000,44.9700,38.5000,39.5300,5846200
2007-04-20,37.7900,39.0000,37.1600,39.0000,2278300
2007-04-13,36.5300,37.6800,35.9000,37.6700,2252100
2007-04-05,35.3800,36.5300,34.9000,36.2500,2338000
2007-03-30,37.1100,37.1600,35.1100,35.5500,2670300
2007-03-23,36.3300,37.9100,35.9200,37.1300,2710100
2007-03-16,38.0800,38.0800,35.6800,36.2300,3250200
2007-03-09,37.6000,38.6600,37.1000,38.0200,1958100
2007-03-02,42.7300,42.7300,37.5700,37.6400,3504900
2007-02-23,40.5200,42.5100,40.1500,42.4100,1492100
2007-02-16,39.1200,41.4800,38.6000,40.5600,2202900
2007-02-09,39.3200,40.2700,38.7000,39.1700,2339300
2007-02-02,36.4700,39.4900,36.1900,39.3600,3284900
2007-01-26,39.2900,39.3700,35.8500,36.4800,4547600
2007-01-19,40.0000,41.2400,38.4500,38.9200,1537700
2007-01-12,39.9200,40.0200,38.7100,39.9300,2104000
2007-01-05,36.5200,41.0600,36.4600,39.7500,3134700
2006-12-29,36.6000,37.8700,36.0000,36.0000,1141100
2006-12-22,37.2300,37.3600,36.1400,36.6000,1318100
2006-12-15,37.4300,37.5400,35.6800,37.0200,3030300
2006-12-08,36.0800,37.8100,36.0800,37.3500,2848300
2006-12-01,38.9200,38.9900,36.5100,37.2100,2991800
2006-11-24,40.2200,40.2200,38.7800,39.0500,1059000
2006-11-17,40.0000,41.0100,39.0900,40.2000,1965000
2006-11-10,39.3200,40.2000,39.1300,40.0000,2762900
2006-11-03,40.9500,42.1500,38.4700,38.5500,4055800
2006-10-27,42.0000,42.4000,39.5400,41.1500,5658200
2006-10-20,48.9500,49.6600,43.9900,45.0400,3762100
2006-10-13,46.3300,49.8100,45.5000,48.9000,2196400
2006-10-06,43.0300,47.4200,42.1600,46.5900,2760900
2006-09-29,43.0600,44.7600,42.0800,43.0300,2591000
2006-09-22,43.5000,44.7400,41.8800,42.5000,3017000
2006-09-15,42.8000,47.0800,42.8000,43.8300,2591900
2006-09-08,44.2000,44.5700,42.5000,43.2600,1569100
2006-09-01,42.2400,45.1500,42.2300,44.4100,2155300
2006-08-25,44.7000,44.8300,41.5000,42.1500,1514000
2006-08-18,42.0800,45.9600,42.0800,44.9800,1390500
2006-08-11,44.8400,46.1400,41.5300,41.7400,2386500
2006-08-04,44.6600,48.2600,43.0900,44.9400,2836000
2006-07-28,45.3100,48.3900,43.3100,44.2500,4299300
2006-07-21,45.6700,48.2100,42.5100,44.5000,2256700
2006-07-14,48.1500,48.8200,44.4100,46.0100,1936200
2006-07-07,50.2100,50.6700,47.8300,48.0800,1375400
2006-06-30,47.2200,50.3200,45.7500,50.2100,3044800
2006-06-23,42.2500,47.2100,41.2500,46.9500,3184000
2006-06-16,43.0900,43.2600,40.1600,42.0900,1763200
2006-06-09,43.6700,43.8300,40.0500,43.0500,2242100
2006-06-02,42.0900,43.8400,40.4300,43.8100,1811400
2006-05-26,43.0000,44.3900,41.3000,42.3700,2168800
2006-05-19,43.0000,44.0700,41.3000,43.0800,1958400
2006-05-12,43.4600,46.3800,43.1000,43.3700,2341700
2006-05-05,42.8900,43.6900,40.9100,43.4300,1477700
2006-04-28,39.4200,44.2000,39.3200,42.9200,2822200
2006-04-21,39.5500,43.7600,39.0100,42.7100,1926200
2006-04-13,41.0500,41.0500,38.4500,39.2800,1479200
2006-04-07,39.4000,41.6800,39.1100,40.8800,1769500
2006-03-31,40.8500,41.8600,38.9000,39.1200,2377300
2006-03-24,41.3600,42.5400,39.7000,40.9600,2314400
2006-03-17,42.0100,42.7300,40.5600,41.5300,1909900
2006-03-10,42.1000,42.3900,40.7600,41.9500,1910700
2006-03-03,42.4100,43.0500,41.5100,41.9800,1673500
2006-02-24,42.5600,43.0000,41.6000,42.4700,1532100
2006-02-17,43.4000,43.9500,42.0200,42.5000,1382400
2006-02-10,41.4000,43.4000,41.2300,43.2900,1862300
2006-02-03,42.7200,44.1100,42.0000,42.1300,2672800
2006-01-27,44.6000,46.4200,42.2700,42.7400,4253200
2006-01-20,45.1000,45.7400,43.6000,44.5800,1334400
2006-01-13,44.5500,45.8800,43.4700,45.3400,1823100
2006-01-06,43.5200,45.1700,41.9300,44.6100,1254900
2005-12-30,45.4500,45.6300,43.2900,43.6800,1080400
2005-12-23,43.6400,45.6900,41.8700,45.5000,2264900
2005-12-16,41.7500,44.1500,41.7500,43.6400,2061000
2005-12-09,41.0500,42.2900,40.7000,41.7500,1823700
2005-12-02,41.7700,42.2500,40.5000,41.2200,1620900
2005-11-25,42.0000,42.2400,41.4400,41.8300,928700
2005-11-18,42.4500,43.0700,40.7700,41.9900,1653400
2005-11-11,40.4000,42.6800,40.1900,42.6000,1569300
2005-11-04,38.0000,41.0900,37.9300,40.3200,1710100
2005-10-28,35.1100,39.6200,35.1100,38.0000,4791900
2005-10-21,33.4300,34.2100,32.7000,33.5900,1496900
2005-10-14,33.7200,34.4600,32.3600,33.5300,983200
2005-10-07,34.9500,35.2400,32.7200,33.4700,1114700
2005-09-30,33.2500,35.1400,32.9800,34.8700,1272500
2005-09-23,33.5500,33.7500,32.0900,33.0400,1291500
2005-09-16,33.5400,33.8300,32.3600,33.7100,1467200
2005-09-09,34.2500,35.1000,33.2600,33.6900,958000
2005-09-02,33.3300,35.0900,32.7500,34.4500,1103500
2005-08-26,34.4500,34.5500,33.1000,33.5000,1180100
2005-08-19,34.2800,34.7900,33.8300,34.4500,771200
2005-08-12,34.1700,35.3900,33.7300,34.4800,883500
2005-08-05,34.4900,34.9800,34.1800,34.2700,1269700
2005-07-29,35.8600,36.1000,33.7900,34.3000,2123300
2005-07-22,34.3600,37.4400,33.4000,35.9900,2340300
2005-07-15,35.2400,35.6400,33.9000,34.3100,1928800
2005-07-08,32.9000,35.2500,32.0600,34.9800,1604200
2005-07-01,30.8100,32.7800,30.7800,32.5600,1229300
2005-06-24,32.0100,32.4200,30.8900,30.9100,2595100
2005-06-17,31.5500,31.7900,30.6100,31.6200,1900300
2005-06-10,32.6900,33.5300,30.4900,31.5500,1342900
2005-06-03,33.0100,33.5000,32.5300,32.7400,708500
2005-05-27,32.4700,33.6800,32.3400,33.0600,772700
2005-05-20,31.6000,33.2000,31.0400,32.4600,1766100
2005-05-13,32.7000,33.2000,30.2500,30.5200,1437800
2005-05-06,31.5300,33.5000,31.5300,32.8700,2075300
2005-04-29,33.2900,33.2900,31.0600,31.5300,2198800
2005-04-22,32.8000,34.2700,32.6200,32.8100,2244500
2005-04-15,36.0000,36.6000,32.6800,32.9000,2674800
2005-04-08,37.7900,38.5600,35.7200,35.7900,3509300
2005-04-01,39.5400,40.1500,37.4100,38.1000,2595600
2005-03-24,41.6500,41.9500,38.8900,39.5200,2194900
2005-03-18,44.4600,44.8000,41.2200,41.4500,1750500
2005-03-11,43.6800,45.1400,43.4100,44.3100,1687300
2005-03-04,41.7500,44.2500,41.7300,43.4100,3112000
2005-02-25,40.4300,41.4000,39.0000,41.4000,1720300
2005-02-18,39.5600,41.3800,39.2000,40.4800,2093000
2005-02-11,41.7900,41.9600,39.0900,39.6200,1783400
2005-02-04,39.5200,42.1300,39.3100,41.7700,1848300
2005-01-28,38.8000,41.3800,38.6300,39.1700,2382900
2005-01-21,40.2100,41.6300,38.9300,39.0800,1626700
2005-01-14,41.6100,41.7800,38.7400,40.5800,2577400
2005-01-07,45.5200,45.7400,40.8500,41.1700,1349000
2004-12-31,45.7000,46.6800,44.7600,44.8900,564700
2004-12-23,44.2500,46.6000,43.9000,45.3200,731200
2004-12-17,42.7600,44.2000,41.9000,44.0100,764300
2004-12-10,44.1200,44.2500,42.1400,42.4000,889100
2004-12-03,42.2500,44.2000,42.1700,44.0800,941300
2004-11-26,40.5800,42.2800,40.5000,42.0300,468000
2004-11-19,41.8300,42.2800,40.1800,40.5200,823100
2004-11-12,40.6500,41.7800,40.1300,41.7000,1000900
2004-11-05,39.5300,41.4300,38.5600,40.5800,1293100
2004-10-29,36.7400,39.6900,36.5500,39.0900,1748200
2004-10-22,38.5400,40.7500,36.6900,36.7900,2997800
2004-10-15,37.5000,38.5700,36.6800,38.4100,1278900
2004-10-08,38.2000,38.9600,37.5200,37.8000,1147100
2004-10-01,36.2500,38.4200,35.3600,38.1500,1263200
2004-09-24,35.7500,36.6900,34.5800,36.1100,1135800
2004-09-17,36.5800,36.7300,35.3400,35.6900,967300
2004-09-10,36.4000,37.1400,35.9700,36.3700,1147800
2004-09-03,35.1300,36.1600,33.9000,36.0300,1555500
2004-08-27,36.2400,36.2500,34.5100,35.2700,1632900
2004-08-20,35.2000,36.9400,35.0300,36.6800,1220300
2004-08-13,34.1500,37.1200,33.9300,35.0700,1991000
2004-08-06,35.0000,36.1200,33.6700,33.7400,2081900
2004-07-30,34.0000,35.4900,33.5000,34.9700,1679600
2004-07-23,31.8200,34.9700,31.4800,33.7500,2719400
2004-07-16,30.6000,32.4000,30.0700,31.7800,1249200
2004-07-09,32.4500,32.4900,30.5000,30.6200,1180200
2004-07-02,32.0600,33.0500,31.8500,32.3600,1513700
2004-06-25,31.7600,32.1900,30.9900,32.0500,1219800
2004-06-18,31.0000,32.3500,30.3000,31.8900,1288300
2004-06-10,30.5500,31.8600,30.5500,30.8800,754000
2004-06-04,29.7500,30.6900,29.3000,30.6000,624200
2004-05-28,28.9900,30.0500,28.4000,29.8800,838000
2004-05-21,27.4700,29.8500,26.6000,28.8800,1647900
2004-05-14,25.4000,28.1400,25.1800,27.6700,1340900
2004-05-07,25.9500,27.0000,25.5700,25.6500,782500
2004-04-30,27.9000,28.6000,25.9100,25.9100,971900
2004-04-23,27.9800,29.5000,26.1000,28.0700,1232800
2004-04-16,28.3700,28.7500,27.4500,27.9900,581100
2004-04-08,27.6100,28.6100,27.4000,28.3600,1045700
2004-04-02,26.3800,27.6100,25.9100,27.5600,1185200
2004-03-26,26.2200,26.6900,25.2500,26.3300,1135500
2004-03-19,27.4200,27.6200,26.1500,26.4000,750400
2004-03-12,27.3500,27.6300,26.7700,27.5600,1139300
2004-03-05,27.5600,27.9800,27.0000,27.4200,690900
2004-02-27,27.7700,28.2200,26.4900,27.3300,1263600
2004-02-20,29.2700,29.5000,27.6000,27.9700,724400
2004-02-13,28.8900,29.4900,28.2900,29.4700,1425700
2004-02-06,28.7600,29.0300,26.6500,29.0300,810800
2004-01-30,31.1300,32.1300,28.0500,28.3800,2178800
2004-01-23,32.1100,34.1500,31.8700,34.1500,534700
2004-01-16,31.6100,33.1100,31.2500,32.1700,627300
2004-01-09,31.7800,32.3900,31.2500,31.4000,524600
2004-01-02,31.5800,32.5000,31.3400,31.7500,382300
2003-12-26,31.4200,31.6700,31.2600,31.5000,221700
2003-12-19,31.2200,32.5200,30.3700,31.6500,498800
2003-12-12,31.4000,32.2200,30.3900,31.0500,820400
2003-12-05,31.6500,32.5700,31.2000,31.4700,1159000
2003-11-28,31.2900,31.8600,31.0100,31.3800,680500
2003-11-21,33.3000,33.3000,31.2000,31.2900,847600
2003-11-14,33.7000,34.5500,33.0700,33.3400,833600
2003-11-07,33.3000,34.7300,32.5500,33.9100,1220100
2003-10-31,32.5000,34.0000,32.3000,33.1700,1111200
2003-10-24,31.3500,33.5500,31.3500,32.7800,1397100
2003-10-17,31.0700,32.4200,30.9700,31.3200,948400
2003-10-10,30.5700,32.6000,30.0500,31.2600,1713600
2003-10-03,28.2300,30.6500,27.4500,30.5600,1306300
2003-09-26,29.6200,30.5100,27.9100,28.0000,1311000
2003-09-19,27.3400,29.0500,26.9100,28.7900,1111100
2003-09-12,28.0300,28.5000,27.1000,27.2800,748800
2003-09-05,27.4500,28.1300,27.4500,28.1000,852700
2003-08-29,27.2000,27.7900,27.0000,27.4100,468000
2003-08-22,27.4000,28.4400,26.8000,27.1600,765800
2003-08-15,26.7000,27.9900,26.4100,27.6300,656600
2003-08-08,27.2500,27.2500,25.5000,26.7000,988800
2003-08-01,27.0500,27.9900,26.6400,27.2000,1080100
2003-07-25,28.4500,28.4500,26.3800,26.8000,1173000
2003-07-18,27.5500,29.0800,25.4800,28.3100,2103000
2003-07-11,24.2000,29.7900,23.8500,27.3000,5203600
2003-07-03,24.4000,24.9400,23.4900,24.2500,1054800
2003-06-27,24.7500,25.0000,22.9200,24.4000,1597000
2003-06-20,24.7700,25.1400,24.5000,24.5000,1681200
2003-06-13,25.7500,26.0600,24.5800,24.7400,2205500
2003-06-06,26.7000,27.4000,24.1500,26.1500,2862300
2003-05-30,25.2500,26.7500,25.2500,26.5000,1298600
2003-05-23,24.9800,25.6600,24.3100,25.4000,653800
2003-05-16,26.2200,26.7900,24.4600,24.8800,1332500
2003-05-09,26.2500,27.0900,25.6700,26.4300,962300
2003-05-02,25.2800,26.3300,24.9000,26.1000,1210200
2003-04-25,26.7500,27.0900,24.0000,25.4000,3691700
2003-04-17,26.7800,29.2800,26.7700,29.1800,1298000
2003-04-11,27.4100,28.2000,26.2700,26.6000,845300
2003-04-04,24.9500,27.1000,24.7000,26.9700,843400
2003-03-28,27.1700,27.1800,25.0000,25.3000,846000
2003-03-21,24.5300,27.3600,24.3200,27.3000,953500
2003-03-14,23.4400,25.1900,23.0100,24.5500,843000
2003-03-07,23.7700,24.5000,23.3000,23.5700,724100
2003-02-28,24.1000,24.2600,23.0400,23.7000,1668700
2003-02-21,24.9800,25.7000,24.3800,24.5000,515600
2003-02-14,24.5000,25.4900,24.3000,24.9000,730700
2003-02-07,24.5000,25.9000,23.6600,24.5100,1029300
2003-01-31,23.4500,25.6900,23.4500,24.2100,1379200
2003-01-24,25.0900,25.6100,22.0300,23.5200,1914300
2003-01-17,27.7500,28.1300,26.4000,26.4200,608100
2003-01-10,27.4000,28.4000,27.0600,27.7600,885100
2003-01-03,26.3000,27.7000,25.6400,27.2200,551400
2002-12-27,27.4000,27.7500,26.1500,26.1500,494600
2002-12-20,27.2500,27.9300,25.6100,27.0600,1444700
2002-12-13,29.2700,29.2700,27.2200,27.3500,801900
2002-12-06,29.3500,29.9900,28.3800,29.4800,573600
2002-11-29,28.5800,29.9000,28.2800,29.2200,604500
2002-11-22,29.9800,29.9800,27.5300,28.9800,1145800
2002-11-15,29.8900,30.3500,28.6300,29.7800,1152500
2002-11-08,30.0700,31.0000,29.3000,29.8500,1001400
2002-11-01,30.9400,30.9900,29.5700,30.0000,935700
2002-10-25,31.3100,32.1900,29.2500,30.8700,1998000
2002-10-18,29.4500,30.4400,29.1500,30.2000,2023800
2002-10-11,28.1200,30.2200,26.4100,29.6700,2357300
2002-10-04,28.6900,30.6400,28.2500,29.6100,2231800
2002-09-27,27.5400,29.9500,27.1000,28.8100,2101500
2002-09-20,28.1300,28.1600,26.6300,27.5300,1546600
2002-09-13,26.5200,28.7000,26.2200,28.2200,3149600
2002-09-06,22.8500,27.7500,22.8100,27.4600,5344800
2002-08-30,22.5900,22.8500,19.7500,20.5800,1053300
2002-08-23,21.8700,23.2500,21.8700,22.7000,682800
2002-08-16,20.9000,22.0600,20.0000,22.0600,548500
2002-08-09,18.7000,21.1800,18.5400,21.0000,508300
2002-08-02,20.8300,22.0100,18.2200,18.6400,662300
2002-07-26,21.1800,21.2500,17.8300,20.6600,940600
2002-07-19,22.8000,22.8700,20.2700,21.2000,960500
2002-07-12,23.6900,23.9000,21.8100,23.0000,965200
2002-07-05,25.2000,25.2200,22.5800,23.5800,545500
2002-06-28,25.4500,25.9300,23.8200,25.4800,1141900
2002-06-21,23.3100,25.4800,23.3100,25.4800,973600
2002-06-14,23.1500,23.7500,22.8100,23.5500,849800
2002-06-07,24.3500,24.3500,22.8900,23.0000,676900
2002-05-31,24.0500,24.7400,22.9000,24.6500,667800
2002-05-24,24.9100,24.9500,24.0500,24.0500,927600
2002-05-17,24.3700,25.8800,24.0200,24.9900,654100
2002-05-10,24.8100,25.1500,23.5000,24.1400,1149600
2002-05-03,23.7000,25.1600,22.7000,24.9500,1399900
2002-04-26,24.2200,24.7400,23.1200,23.8500,1967900
2002-04-19,27.4000,27.4000,23.5000,24.2000,1718500
2002-04-12,26.0000,27.4000,25.2600,27.3900,1171100
2002-04-05,27.7000,28.0700,25.1700,26.0200,879200
2002-03-28,26.7100,28.0000,26.0000,27.7900,785800
2002-03-22,29.2100,29.2500,24.8600,26.8300,2094800
2002-03-15,29.5400,29.7400,27.8400,29.3200,727700
2002-03-08,26.5200,29.8900,26.5000,29.3800,1224400
2002-03-01,26.5900,28.5200,26.2000,26.7500,1566600
2002-02-22,24.5000,26.6600,24.0100,26.5000,596900
2002-02-15,24.5100,25.7300,23.5400,24.2800,1684300
2002-02-08,28.0700,28.4600,23.9600,24.6000,1321100
2002-02-01,28.0400,30.4800,27.9600,27.9600,681300
2002-01-25,27.5700,29.3000,27.0300,28.3000,838300
2002-01-18,27.6500,28.8700,26.0000,27.9000,819000
2002-01-11,31.2000,31.4900,27.6600,27.8000,962000
2002-01-04,29.2700,31.4500,27.8000,31.1900,1052000
2001-12-28,29.8400,30.2500,29.0000,29.0200,467000
2001-12-21,25.4200,30.2000,25.3000,30.1200,1548900
2001-12-14,26.5500,26.8900,24.7500,25.4200,391200
2001-12-07,24.4100,27.3900,24.1600,26.7500,490900
2001-11-30,25.4000,27.1400,23.8700,24.4200,1012600
2001-11-23,25.9200,26.0000,25.0000,25.5800,361200
2001-11-16,25.5500,27.1000,25.2800,25.9800,886200
2001-11-09,24.4600,25.7100,23.8600,25.4400,916200
2001-11-02,23.2500,24.7500,22.8800,24.3700,459000
2001-10-26,22.8000,23.7100,22.7000,23.2500,817800
2001-10-19,21.9100,23.4000,21.1400,22.6500,1085500
2001-10-12,20.3000,23.5000,19.8500,21.9800,1227200
2001-10-05,20.8000,21.4500,18.9500,21.3800,781000
2001-09-28,19.3200,21.6000,18.0000,20.7100,539100
2001-09-21,22.1200,23.3100,17.7700,19.1400,1126000
2001-09-10,22.9900,23.3100,22.5500,22.5500,262000
2001-09-07,26.8000,26.9500,22.7600,23.0000,837600
2001-08-31,27.6900,27.6900,26.2100,26.5700,823400
2001-08-24,26.0000,27.8000,25.7000,27.7000,805500
2001-08-17,25.6000,26.0500,24.7600,26.0500,743600
2001-08-10,26.2500,26.5500,24.4500,25.6900,1096800
2001-08-03,27.5200,28.2500,26.3000,26.3400,4456700
2001-07-27,27.4200,28.0000,25.7400,27.6600,1554300
2001-07-20,24.4400,28.2000,23.9900,27.3400,3237500
2001-07-13,22.9000,24.5900,22.1000,24.4000,2282700
2001-07-06,22.5500,23.1000,22.1800,22.9900,844100
2001-06-29,20.6500,23.1700,19.5000,23.0500,850400
2001-06-22,21.5200,21.6900,19.4400,20.6800,490700
2001-06-15,22.7000,22.9900,21.5000,21.5000,422500
2001-06-08,20.4100,22.7500,20.4000,22.3300,627900
2001-06-01,22.1700,22.1700,20.0000,20.9500,843100
2001-05-25,22.6000,23.1200,21.9600,21.9600,886100
2001-05-18,21.3200,22.9000,21.3000,22.6900,970800
2001-05-11,19.9600,21.6500,19.7900,21.3000,718100
2001-05-04,19.0500,20.3500,19.0000,20.0500,3336900
2001-04-27,17.0500,19.8900,16.8500,19.4800,754300
2001-04-20,16.9000,17.5500,16.4800,16.9800,612400
2001-04-12,15.3000,17.1300,15.1200,17.0500,610700
2001-04-06,15.7500,16.9400,14.5000,15.3100,933500
2001-03-30,17.3800,17.3800,15.5600,15.7500,926200
2001-03-23,15.4700,18.0000,15.2500,17.2500,1035600
2001-03-16,18.8100,19.1900,15.7500,16.0000,984900
2001-03-09,19.0000,20.8800,18.5000,19.4400,623000
2001-03-02,18.4400,19.4400,16.7500,18.8800,1152100
2001-02-23,19.8100,20.6900,18.0000,18.6900,786900
2001-02-16,22.0000,22.0000,20.0000,20.5000,1267500
2001-02-09,19.5300,22.0000,19.5000,21.7200,1248500
2001-02-02,20.7500,21.7500,19.8800,20.2500,3871000
2001-01-26,23.2500,23.3800,19.5600,20.7500,2058800
2001-01-19,23.3100,25.6200,21.1200,22.1200,1802700
2001-01-12,21.7200,24.2500,21.1200,22.8800,2422300
2001-01-05,18.5000,22.0000,16.1200,21.6900,3178800
2000-12-29,16.0000,18.3800,15.6200,18.3100,1026700
2000-12-22,17.5000,18.5000,14.8800,15.6200,1154200
2000-12-15,20.2200,20.5000,16.1200,16.5000,1889600
2000-12-08,17.5000,20.6200,17.2500,19.8100,949400
2000-12-01,18.1900,18.5600,14.6200,17.4400,864200
2000-11-24,18.2200,18.3800,16.2500,18.0000,229000
2000-11-17,16.7500,18.8800,16.7000,18.4200,978500
2000-11-10,16.8800,17.2500,16.1900,16.6900,425600
2000-11-03,15.3800,17.0000,15.3800,16.5000,482100
2000-10-27,15.6200,16.1200,15.1200,15.6200,507800
2000-10-20,14.9400,15.5600,14.3800,15.5000,474100
2000-10-13,14.5000,15.3600,12.1200,15.1900,391200
2000-10-06,15.4400,15.5000,14.2500,14.5600,236900
2000-09-29,15.1900,15.7500,13.0000,15.3800,669200
2000-09-22,13.8800,15.0000,12.8800,14.8100,400900
2000-09-15,14.5600,14.7500,13.3800,13.8100,369300
2000-09-08,14.6200,15.3100,14.1900,14.6200,431800
2000-09-01,14.6200,15.1900,14.2500,15.0600,445000
2000-08-25,15.1200,16.0000,13.6200,14.3800,453800
2000-08-18,15.9100,17.0000,14.5600,14.8100,982000
2000-08-11,14.1200,16.2500,14.0000,15.8100,1319200
2000-08-04,13.9400,14.4400,13.7500,14.2500,852700
2000-07-28,12.0900,13.9400,11.7800,13.8100,1182800
2000-07-21,11.1200,12.2500,10.7500,11.8800,952000
2000-07-14,10.6200,11.2500,10.4400,11.0600,864100
2000-07-07,10.4700,11.1200,10.3800,10.8100,440400
2000-06-30,12.5000,12.8400,9.7500,9.9400,1136900
2000-06-23,12.6200,12.8100,11.7500,12.8100,953300
2000-06-16,12.0600,13.1200,11.9400,12.6200,667600
2000-06-09,11.8800,12.1200,11.7500,12.0000,329300
2000-06-02,11.5000,12.0000,11.0000,11.6900,330400
2000-05-26,11.0000,12.0000,10.9400,11.2200,523500
2000-05-19,12.1200,12.1900,10.7500,11.0600,445500
2000-05-12,13.0000,13.0000,11.6900,11.9400,370400
2000-05-05,13.0000,13.6200,12.7500,13.1200,468500
2000-04-28,13.1200,13.5000,12.5600,12.9400,358100
2000-04-20,12.6200,14.2500,12.6200,13.1200,428400
2000-04-14,12.6200,13.6200,12.0000,12.6200,749300
2000-04-07,10.8800,12.8800,10.7500,12.7500,528200
2000-03-31,11.6200,11.9400,10.3800,10.5000,262100
2000-03-24,11.2500,11.7500,11.0000,11.6200,344900
2000-03-17,10.3800,11.6200,9.8800,11.3100,458400
2000-03-10,10.1200,10.6900,9.4400,10.1200,430500
2000-03-03,9.8100,10.0600,9.2500,10.0600,757300
2000-02-25,11.8800,12.0000,9.0000,9.4400,1248500
2000-02-18,11.0000,11.7500,10.7500,11.5000,473000
2000-02-11,12.1200,12.1200,10.6200,11.0000,1007300
2000-02-04,11.8800,12.5000,11.5000,12.0900,654300
2000-01-28,13.3100,13.4100,10.0000,11.8800,709700
2000-01-21,12.7500,14.0000,12.6200,13.4100,537400
2000-01-14,13.3800,13.9400,11.8800,12.5600,515700
