timestamp,open,high,low,close,volume
2018-02-27,2.3500,2.3500,2.2300,2.2500,1916747
2018-02-23,2.3700,2.3900,2.1600,2.3500,4885776
2018-02-16,2.0600,2.4500,1.9600,2.3900,14429794
2018-02-09,1.9800,2.0900,1.8500,2.0600,6821610
2018-02-02,2.2600,2.3400,1.9200,2.0000,4583233
2018-01-26,2.2300,2.3100,2.1900,2.2600,3187802
2018-01-19,2.2900,2.3700,2.1407,2.2500,3605672
2018-01-12,2.1900,2.3000,2.1200,2.2800,4619954
2018-01-05,2.0000,2.2700,1.9899,2.2200,5051519
2017-12-29,2.0400,2.0600,1.9700,1.9900,3433781
2017-12-22,2.0100,2.0900,1.9700,2.0500,5128159
2017-12-15,1.7500,2.0900,1.7500,2.0100,6616445
2017-12-08,1.9600,1.9600,1.6800,1.7700,4596151
2017-12-01,1.8300,1.9500,1.7400,1.9400,4530737
2017-11-24,1.8400,1.8900,1.7700,1.8400,2209148
2017-11-17,1.7500,1.9200,1.7000,1.8400,4325350
2017-11-10,1.8800,1.9400,1.5800,1.8400,7882984
2017-11-03,1.9100,1.9400,1.7500,1.8800,6691705
2017-10-27,2.0700,2.3000,1.8300,1.9200,16625549
2017-10-20,2.2400,2.2900,1.9600,2.1800,22287426
2017-10-13,3.9700,4.0900,2.1600,2.3200,30942674
2017-10-06,3.3000,3.9700,3.2900,3.8900,17509256
2017-09-29,3.0000,3.3000,2.9600,3.2400,8783328
2017-09-22,2.9000,3.0200,2.8400,2.9900,4735427
2017-09-15,3.0500,3.1200,2.8600,2.8900,7828329
2017-09-08,3.0000,3.0500,2.9700,3.0400,3517157
2017-09-01,3.1600,3.2700,2.9400,3.0000,6026053
2017-08-25,3.0600,3.1700,3.0100,3.1300,2985639
2017-08-18,2.8800,3.1200,2.8300,3.0600,5422101
2017-08-11,3.1300,3.2900,2.8200,2.9300,7299013
2017-08-04,3.1300,3.1600,3.0000,3.1200,4241065
2017-07-28,3.0500,3.2200,2.9700,3.1300,3463960
2017-07-21,3.2900,3.3100,2.9500,3.0200,4619297
2017-07-14,3.2100,3.3700,3.1100,3.2900,6117378
2017-07-07,3.2100,3.2300,3.0300,3.1900,3769297
2017-06-30,3.1200,3.2900,3.0400,3.2200,7525375
2017-06-23,2.9000,3.2400,2.8600,3.2100,21702349
2017-06-16,2.8200,3.0600,2.6600,2.9000,8499604
2017-06-09,2.5400,2.8900,2.5100,2.8300,6051918
2017-06-02,2.5000,2.5700,2.3500,2.5700,3535631
2017-05-26,2.5700,2.5800,2.4200,2.5100,4405137
2017-05-19,2.6700,2.7400,2.5400,2.5800,5266719
2017-05-12,3.0100,3.0200,2.6300,2.6700,6752238
2017-05-05,3.1000,3.2100,2.9300,2.9900,6550816
2017-04-28,2.8500,3.2400,2.7900,3.1200,14536266
2017-04-21,2.8900,2.9500,2.7000,2.8200,6881697
2017-04-13,2.9300,2.9600,2.7600,2.8600,3433450
2017-04-07,2.9400,3.1000,2.8100,2.9300,7992491
2017-03-31,2.7300,2.9500,2.6900,2.8400,5903603
2017-03-24,2.8000,2.8700,2.5500,2.7600,6168164
2017-03-17,2.4300,2.9000,2.4300,2.8000,9080442
2017-03-10,2.5000,2.5500,2.3600,2.4400,4256470
2017-03-03,2.4700,2.5700,2.3700,2.5000,3625326
2017-02-24,2.5600,2.6400,2.3000,2.4100,3364340
2017-02-17,2.2800,2.6700,2.2600,2.5800,5106247
2017-02-10,2.2600,2.3400,2.1600,2.2800,3460085
2017-02-03,1.9500,2.3800,1.8701,2.2500,7205359
2017-01-27,2.1000,2.1400,1.8300,1.9400,3740004
2017-01-20,2.0600,2.1600,1.9900,2.1200,2889840
2017-01-13,2.3200,2.3200,2.0400,2.0900,6398566
2017-01-06,2.3800,2.4200,2.2500,2.3000,4497458
2016-12-30,2.4200,2.4500,2.2300,2.3300,2601761
2016-12-23,2.2300,2.4300,2.2000,2.3800,6255599
2016-12-16,2.0200,2.2950,1.9400,2.1900,5430454
2016-12-09,2.0500,2.1000,1.9300,2.0300,5002699
2016-12-02,2.0500,2.0900,1.9099,2.0300,3260869
2016-11-25,1.9400,2.0500,1.8000,2.0300,1961353
2016-11-18,1.9000,1.9800,1.8100,1.9400,2524018
2016-11-11,1.5600,1.9050,1.5000,1.8700,3450901
2016-11-04,1.7300,1.7600,1.4100,1.5300,2525532
2016-10-28,1.7100,1.7700,1.6450,1.7100,2039700
2016-10-21,1.6700,1.8000,1.6300,1.7100,2124286
2016-10-14,1.7600,1.8400,1.6700,1.6800,3150352
2016-10-07,1.6900,1.7700,1.6500,1.7500,2883047
2016-09-30,1.6500,1.8500,1.6300,1.6800,5857447
2016-09-23,1.4500,1.7900,1.4300,1.6600,6153049
2016-09-16,1.3600,1.4300,1.2700,1.4300,3010746
2016-09-09,1.2400,1.4300,1.2400,1.3500,3912269
2016-09-02,1.3700,1.3700,1.1600,1.2600,6151293
2016-08-26,1.1200,1.4900,1.1000,1.4100,10792266
2016-08-19,1.0800,1.1300,1.0300,1.1200,1659768
2016-08-12,1.1000,1.1900,1.0150,1.0800,3151326
2016-08-05,1.0000,1.1300,0.9999,1.1000,2228960
2016-07-29,1.0200,1.0500,0.9800,1.0000,919700
2016-07-22,1.0300,1.0700,0.9801,1.0100,1341663
2016-07-15,1.0300,1.1000,1.0000,1.0200,1756577
2016-07-08,1.1200,1.1300,0.9839,1.0300,1785463
2016-07-01,1.0000,1.1500,1.0000,1.1000,5875394
2016-06-24,1.0200,1.0800,0.9200,0.9532,21665207
2016-06-17,1.0400,1.0600,0.9800,1.0100,2886758
2016-06-10,1.1400,1.2000,1.0300,1.0500,3083773
2016-06-03,0.9300,1.2000,0.9000,1.1400,3831742
2016-05-27,0.8600,0.9700,0.8300,0.9182,1915968
2016-05-20,0.8500,0.8750,0.7900,0.8621,1932594
2016-05-13,0.8900,0.9473,0.8000,0.8300,2473867
2016-05-06,1.1000,1.1200,0.8700,0.9475,3909025
2016-04-29,1.0300,1.1600,0.9801,1.1000,7139759
2016-04-22,0.8700,1.0400,0.8600,1.0200,3060812
2016-04-15,0.9100,0.9392,0.8200,0.8813,2046523
2016-04-08,0.9300,0.9405,0.8320,0.8999,3163847
2016-04-01,0.7200,0.9298,0.7020,0.9093,7135866
2016-03-24,0.7500,0.8482,0.7050,0.7128,4281451
2016-03-18,0.8716,0.9066,0.6700,0.7299,10300943
2016-03-11,0.9500,1.0400,0.8500,0.8701,4143454
2016-03-04,1.0400,1.0500,0.9100,0.9503,4110509
2016-02-26,1.0000,1.0500,0.9400,1.0100,2079362
2016-02-19,0.9154,1.1200,0.9154,1.0000,2277416
2016-02-12,1.0700,1.0700,0.8700,0.9149,2991515
2016-02-05,1.2300,1.2300,1.0400,1.0800,2836584
2016-01-29,1.0200,1.2500,1.0100,1.2300,10068884
2016-01-22,0.9400,1.0400,0.8800,1.0400,3189688
2016-01-15,1.0600,1.0900,0.9053,0.9460,6166519
2016-01-08,1.2200,1.2700,1.0437,1.0500,3732199
2015-12-31,1.3000,1.3400,1.2100,1.2100,4955002
2015-12-24,1.2800,1.3400,1.2600,1.3300,2895177
2015-12-18,1.4000,1.4000,1.2401,1.2600,7042115
2015-12-11,1.3600,1.4000,1.2400,1.2600,5026088
2015-12-04,1.3200,1.4000,1.2800,1.3700,8685353
2015-11-27,1.3000,1.3700,1.2300,1.3400,4612919
2015-11-20,1.3500,1.4000,1.2800,1.3000,2656956
2015-11-13,1.4300,1.5100,1.3400,1.3400,2196828
2015-11-06,1.3800,1.4500,1.2300,1.4300,2949995
2015-10-30,1.4400,1.5100,1.3700,1.3800,3296570
2015-10-23,1.5400,1.5500,1.3100,1.4400,5105210
2015-10-16,1.5800,1.6600,1.5400,1.5450,3016104
2015-10-09,1.6600,1.7100,1.5500,1.5900,2663700
2015-10-02,1.8300,1.8600,1.5800,1.6500,6937396
2015-09-25,1.9700,2.0300,1.7800,1.8200,3354929
2015-09-18,1.9100,1.9800,1.8500,1.9500,2267311
2015-09-11,1.8400,1.9250,1.7300,1.9100,2392992
2015-09-04,1.7900,1.9400,1.7500,1.8100,3712097
2015-08-28,1.6700,1.8600,1.5000,1.7900,4077760
2015-08-21,1.9000,1.9700,1.7300,1.8100,2939883
2015-08-14,2.0400,2.2500,1.8600,1.8900,3570384
2015-08-07,2.1000,2.1500,1.9700,1.9900,1646001
2015-07-31,2.0400,2.1500,1.9300,2.1100,3142241
2015-07-24,2.1900,2.2700,2.0400,2.0400,2238525
2015-07-17,2.2600,2.3500,2.1800,2.1900,2227978
2015-07-10,2.1000,2.2600,2.0450,2.2600,4285426
2015-07-02,2.2000,2.2500,2.0600,2.1300,3045729
2015-06-26,2.4000,2.4250,2.2200,2.2300,4674425
2015-06-19,2.3700,2.5700,2.3100,2.4000,3554920
2015-06-12,2.3800,2.6000,2.3200,2.4000,4466188
2015-06-05,2.1900,2.4000,2.1000,2.4000,4181570
2015-05-29,2.1500,2.3000,2.0500,2.1200,6235314
2015-05-22,2.1500,2.1700,2.0700,2.1400,4495207
2015-05-15,2.1000,2.2200,2.0800,2.0800,3516248
2015-05-08,2.4000,2.5000,2.0500,2.1000,7546138
2015-05-01,2.7200,2.7800,2.3600,2.4100,3439187
2015-04-24,2.7600,2.9100,2.7100,2.7200,2415356
2015-04-17,2.9400,3.0400,2.7300,2.7700,3184171
2015-04-10,2.6400,2.9800,2.6200,2.9200,2299076
2015-04-02,2.5800,2.7500,2.5000,2.6500,2096682
2015-03-27,2.6800,2.7000,2.5200,2.5800,2165954
2015-03-20,2.6600,2.7400,2.6050,2.6700,1436690
2015-03-13,2.7000,2.7600,2.5200,2.6500,3922566
2015-03-06,2.6200,2.8200,2.6000,2.6900,3794994
2015-02-27,2.5800,2.7600,2.4800,2.6100,3602454
2015-02-20,2.4500,2.6250,2.3600,2.5900,1813806
2015-02-13,2.4000,2.4700,2.3100,2.4500,2453218
2015-02-06,2.3500,2.4900,2.2800,2.4200,3822025
2015-01-30,2.3500,2.3800,2.2500,2.3400,3339448
2015-01-23,2.4000,2.4100,2.2400,2.3500,3341768
2015-01-16,2.6800,2.6900,2.2200,2.4100,5260626
2015-01-09,2.5900,2.7800,2.5600,2.6700,4935324
2015-01-02,2.7000,2.7000,2.5000,2.5900,4459637
2014-12-26,2.6400,2.7500,2.5800,2.7000,3066129
2014-12-19,2.4200,2.6550,2.3300,2.6300,8042290
2014-12-12,2.5200,2.5900,2.3400,2.4000,7122109
2014-12-05,2.3000,2.5500,2.2810,2.5200,5007641
2014-11-28,2.2300,2.4100,2.2150,2.3000,3494515
2014-11-21,2.3000,2.3400,2.0700,2.2400,4509723
2014-11-14,2.1800,2.3600,2.1200,2.3000,4984061
2014-11-07,2.0600,2.1900,2.0400,2.1700,3880639
2014-10-31,2.0300,2.1900,1.9700,2.0700,2873739
2014-10-24,2.0000,2.0800,1.9200,2.0300,3706569
2014-10-17,1.9200,2.2000,1.8900,2.0000,5317585
2014-10-10,2.0700,2.0795,1.8500,1.9100,3788754
2014-10-03,1.9200,2.0400,1.8200,2.0200,6579739
2014-09-26,2.0800,2.0900,1.9100,1.9550,4689743
2014-09-19,2.2800,2.2800,2.0100,2.0800,5479300
2014-09-12,2.1600,2.3000,2.1200,2.2800,3423300
2014-09-05,2.3700,2.3700,2.0800,2.1500,3390800
2014-08-29,2.0500,2.3700,2.0000,2.3500,6010300
2014-08-22,2.1700,2.1700,2.0100,2.0400,4037600
2014-08-15,2.0400,2.2000,1.9500,2.1400,5163700
2014-08-08,1.9400,2.1300,1.8900,1.9900,6365900
2014-08-01,2.0700,2.1200,1.8700,1.9400,7428863
2014-07-25,2.3000,2.3000,2.0000,2.0500,7427300
2014-07-18,2.5500,2.5800,2.0400,2.2900,10539000
2014-07-11,2.8500,2.8700,2.5100,2.5400,6832200
2014-07-03,2.7200,2.8700,2.5900,2.8400,6215200
2014-06-27,3.0500,3.0600,2.6900,2.7200,9532200
2014-06-20,3.0400,3.2000,3.0100,3.0400,3538400
2014-06-13,3.0500,3.1800,3.0000,3.0700,4676600
2014-06-06,2.9400,3.1000,2.7500,3.0700,4599300
2014-05-30,3.0100,3.2000,2.9000,2.9500,3757500
2014-05-23,2.9200,3.0300,2.8300,3.0000,4592500
2014-05-16,3.0700,3.1700,2.8000,2.9300,6322400
2014-05-09,2.6900,3.0700,2.4300,3.0600,10934000
2014-05-02,2.8700,2.9400,2.7200,2.7400,6868400
2014-04-25,3.1000,3.1500,2.7800,2.8600,6133600
2014-04-17,3.0800,3.1500,2.7000,3.0700,8815700
2014-04-11,3.4700,3.4800,3.0200,3.0300,11826700
2014-04-04,3.5500,3.7300,3.3700,3.4800,12383700
2014-03-28,3.9800,3.9800,3.5300,3.5500,9350200
2014-03-21,4.0700,4.1000,3.8000,3.9300,7202200
2014-03-14,4.4400,4.4494,3.9100,4.0400,10356800
2014-03-07,4.4000,4.6800,4.3500,4.4000,5793800
2014-02-28,4.7500,4.7900,4.4300,4.4500,6460800
2014-02-21,4.4400,4.9600,4.4300,4.7600,5546700
2014-02-14,4.4100,4.5400,4.3600,4.4400,4866200
2014-02-07,4.8300,4.8500,4.3400,4.4100,4630187
2014-01-31,4.5800,4.8600,4.2950,4.7800,7405900
2014-01-24,4.8300,4.9700,4.5400,4.5700,7370100
2014-01-17,4.9500,5.0100,4.6400,4.8300,7616400
2014-01-10,4.5800,5.0000,4.5200,4.9500,12183100
2014-01-03,4.0900,4.6300,4.0400,4.5600,7363300
2013-12-27,4.2500,4.2950,4.0200,4.1200,3410300
2013-12-20,3.9500,4.3600,3.9400,4.2400,6629000
2013-12-13,3.9800,4.0200,3.8800,3.9500,4772100
2013-12-06,3.9300,4.0300,3.7800,3.9700,5065200
2013-11-29,3.8500,3.9500,3.6700,3.9400,3277400
2013-11-22,3.9200,3.9400,3.7300,3.8700,4416100
2013-11-15,3.7600,4.0000,3.6000,3.9200,6068400
2013-11-08,3.9100,3.9800,3.5400,3.7700,8873000
2013-11-01,4.1300,4.1890,3.9000,3.9100,7354900
2013-10-25,4.3400,4.3900,4.0850,4.1500,8260500
2013-10-18,5.1100,5.1500,4.1300,4.3550,28195600
2013-10-11,4.6500,4.6600,4.0750,4.5300,12047000
2013-10-04,4.1500,4.7200,4.0500,4.5900,12039300
2013-09-27,4.0600,4.2200,3.9500,4.1500,8190400
2013-09-20,4.4100,4.4300,3.8700,4.0500,9400600
2013-09-13,4.3000,4.4500,4.1800,4.3800,3374100
2013-09-06,4.4500,4.4700,4.2300,4.2800,2756400
2013-08-30,4.4800,4.5000,4.3700,4.4000,3173200
2013-08-23,4.4100,4.5300,4.4100,4.4800,2188800
2013-08-16,4.5000,4.6000,4.3800,4.4100,3057000
2013-08-09,4.3100,4.6700,4.3100,4.5400,5490400
2013-08-02,4.3800,4.4600,4.2500,4.3500,2631100
2013-07-26,4.3100,4.4800,4.0800,4.3600,4463200
2013-07-19,4.5400,4.5800,4.3000,4.3300,3966100
2013-07-12,4.4700,4.5600,4.4100,4.5400,4203600
2013-07-05,4.1600,4.4500,4.1300,4.4500,4174700
2013-06-28,4.0600,4.2500,4.0210,4.1600,6514300
2013-06-21,4.1500,4.1500,4.0200,4.0800,4221000
2013-06-14,4.1000,4.2000,4.0000,4.0900,4103200
2013-06-07,4.0800,4.2300,3.9800,4.0800,5764000
2013-05-31,4.1600,4.2000,4.0200,4.0600,3048900
2013-05-24,4.0800,4.1600,3.8700,4.1100,5346500
2013-05-17,3.7700,4.0700,3.7300,4.0600,5808200
2013-05-10,4.0000,4.1000,3.6500,3.7800,4562700
2013-05-03,3.9000,3.9700,3.6500,3.9600,5161900
2013-04-26,3.5900,3.9500,3.4900,3.8800,5617000
2013-04-19,3.6300,3.6300,3.4350,3.5700,4474900
2013-04-12,3.4900,3.6300,3.4100,3.6300,4366100
2013-04-05,3.5700,3.6000,3.4000,3.5000,3949800
2013-03-28,3.6700,3.7099,3.4700,3.5800,4480600
2013-03-22,3.4300,3.6400,3.3700,3.6200,4186200
2013-03-15,3.6200,3.7300,3.4000,3.4800,4082300
2013-03-08,3.4800,3.8000,3.4501,3.6400,3932500
2013-03-01,3.4400,3.6100,3.3500,3.5000,4112800
2013-02-22,3.4900,3.5300,3.3500,3.4600,4757600
2013-02-15,3.7600,3.8600,3.4500,3.5000,4687500
2013-02-08,3.7700,4.0000,3.7100,3.7600,3905800
2013-02-01,3.8600,3.9000,3.7500,3.7700,3893200
2013-01-25,4.0400,4.0900,3.7500,3.8500,3771700
2013-01-18,4.2300,4.2500,4.0100,4.0500,3255100
2013-01-11,3.9000,4.3800,3.8600,4.2500,5974400
2013-01-04,3.7300,3.9600,3.7100,3.9000,3133900
2012-12-28,3.7400,3.8500,3.7000,3.7300,2590200
2012-12-21,3.7800,3.9250,3.7100,3.7800,3789000
2012-12-14,3.8000,3.9500,3.7100,3.7500,3306900
2012-12-07,4.0000,4.0700,3.7000,3.7700,3479200
2012-11-30,3.9400,4.0900,3.9000,4.0000,5001700
2012-11-23,3.6900,3.9300,3.5800,3.9000,2318900
2012-11-16,3.7700,3.9500,3.3500,3.6500,7557700
2012-11-09,3.9000,3.9000,3.5100,3.7700,6043400
2012-11-02,3.8100,3.9500,3.7000,3.7200,3715400
2012-10-26,3.8500,3.9400,3.7000,3.8200,4986300
2012-10-19,3.9800,4.0200,3.8200,3.8600,3376100
2012-10-12,3.9900,4.0400,3.8500,3.9800,6025200
2012-10-05,4.3800,4.5000,3.9900,4.0100,15081600
2012-09-28,4.3100,4.7300,4.0800,4.3600,6004600
2012-09-21,3.9100,4.4000,3.9000,4.3250,6091000
2012-09-14,3.8800,4.0000,3.8500,3.9600,3555900
2012-09-07,3.8000,4.0000,3.7500,3.8800,3450900
2012-08-31,4.0700,4.0900,3.8100,3.8800,3659000
2012-08-24,3.9700,4.1000,3.8500,4.0000,4435200
2012-08-17,3.7500,4.0900,3.7000,3.9700,6628000
2012-08-10,4.6400,4.8600,3.6000,3.6700,14666500
2012-08-03,5.0600,5.1300,4.1600,4.6300,10004100
2012-07-27,5.1500,5.3600,4.8600,5.0800,6710300
2012-07-20,4.9700,5.5800,4.7800,5.3200,15929500
2012-07-13,4.6600,5.2499,4.3800,4.9100,21738200
2012-07-06,3.6500,4.2800,3.6489,4.2600,7854500
2012-06-29,3.5000,3.9400,3.4400,3.6300,6909100
2012-06-22,3.3300,3.7500,3.3300,3.5400,7042400
2012-06-15,3.2200,3.4100,3.1700,3.3000,4419700
2012-06-08,2.8900,3.2000,2.7110,3.1900,5680300
2012-06-01,2.9200,2.9400,2.6000,2.7600,4168400
2012-05-25,2.9100,3.0700,2.8500,2.8900,3607800
2012-05-18,3.1100,3.1800,2.8500,2.9000,4425300
2012-05-11,2.9600,3.2500,2.9500,3.0900,4442900
2012-05-04,3.2400,3.2500,2.9500,2.9500,5625400
2012-04-27,2.9300,3.3400,2.8900,3.2100,6147800
2012-04-20,2.9900,3.1000,2.8000,2.9900,5151400
2012-04-13,3.1900,3.1900,2.9700,2.9900,4402400
2012-04-05,3.2600,3.2800,3.1600,3.1800,3608900
2012-03-30,3.4000,3.4500,3.1500,3.2300,6931400
2012-03-23,2.8600,3.2800,2.8200,3.2700,9404600
2012-03-16,2.7200,2.9501,2.5300,2.8200,7466500
2012-03-09,2.6400,3.0000,2.5900,2.9400,8454400
2012-03-02,2.7200,2.7200,2.5100,2.5900,3807300
2012-02-24,2.5400,2.7400,2.5400,2.6800,4084800
2012-02-17,2.6400,2.6500,2.4300,2.5800,4876400
2012-02-10,2.7200,2.8000,2.5800,2.5900,6657300
2012-02-03,2.5100,2.7100,2.4500,2.6800,10430100
2012-01-27,2.2100,2.4800,2.1600,2.4600,4603600
2012-01-20,2.2900,2.2900,2.1900,2.2100,2459600
2012-01-13,2.0500,2.3000,2.0500,2.1900,3514700
2012-01-06,2.2150,2.2500,2.0000,2.0800,2612500
2011-12-30,1.9500,2.3100,1.8700,2.2000,5596300
2011-12-23,1.7900,1.9800,1.6500,1.9700,7834300
2011-12-16,2.6200,2.7800,1.5100,1.8100,18784100
2011-12-09,2.8100,2.8800,2.5000,2.6800,14458113
2011-12-02,2.6000,2.7400,2.5300,2.7400,12151353
2011-11-25,2.6500,2.6900,2.4800,2.5400,7891500
2011-11-18,2.3400,2.8500,2.3000,2.6100,10784000
2011-11-11,2.3000,2.4000,2.2500,2.3200,2592400
2011-11-04,2.2800,2.3100,2.2000,2.3000,2407800
2011-10-28,2.2400,2.3500,2.2000,2.2900,3470500
2011-10-21,2.3100,2.3200,2.1700,2.2200,2980300
2011-10-14,2.1800,2.3300,2.1400,2.3200,2670700
2011-10-07,2.2700,2.3200,2.0900,2.1100,3995300
2011-09-30,2.2600,2.4800,2.1900,2.3200,3450300
2011-09-23,2.3100,2.4200,2.1600,2.2300,3495200
2011-09-16,2.2600,2.3900,2.2000,2.3400,3265900
2011-09-09,2.2200,2.3600,2.2200,2.2400,2986400
2011-09-02,2.3700,2.5200,2.2700,2.3100,3401300
2011-08-26,2.2300,2.4300,2.1700,2.3400,3891500
2011-08-19,2.0600,2.2900,2.0600,2.1600,4317700
2011-08-12,1.9200,2.1600,1.8000,2.1000,7162000
2011-08-05,2.3800,2.4800,1.9100,2.0800,8160400
2011-07-29,2.5900,2.5900,2.2200,2.3200,6041300
2011-07-22,2.3400,2.6500,2.1900,2.5700,8593500
2011-07-15,2.4500,2.5000,2.2300,2.3400,6626800
2011-07-08,2.3100,2.4400,2.2100,2.3900,5085700
2011-07-01,2.1100,2.3200,2.0350,2.3200,5948900
2011-06-24,1.9700,2.1700,1.9100,2.1700,5378400
2011-06-17,2.1100,2.1300,1.8800,1.9500,6841300
2011-06-10,1.8500,2.1700,1.8300,2.0700,9562300
2011-06-03,1.8500,1.9200,1.7500,1.8100,4103200
2011-05-27,1.7400,1.8400,1.6700,1.8200,3674800
2011-05-20,1.7000,1.7500,1.6500,1.7300,2679600
2011-05-13,1.7400,1.8500,1.6500,1.7100,4230500
2011-05-06,1.9400,1.9400,1.6700,1.6900,3125600
2011-04-29,1.6300,1.9200,1.6100,1.8600,3681700
2011-04-21,1.6900,1.6900,1.5900,1.6100,1345300
2011-04-15,1.7000,1.7000,1.5700,1.6300,1256334
2011-04-08,1.7800,1.7800,1.6000,1.6800,2544400
2011-04-01,1.6500,1.8400,1.6200,1.7600,2896600
2011-03-25,1.6300,1.6608,1.6000,1.6500,1071000
2011-03-18,1.6500,1.6600,1.5400,1.6200,2009600
2011-03-11,1.6000,1.7200,1.5400,1.6500,2078100
2011-03-04,1.6100,1.6100,1.5000,1.5800,1959000
2011-02-25,1.6400,1.6700,1.5400,1.5800,1805200
2011-02-18,1.8600,1.8700,1.6000,1.6400,3806300
2011-02-11,1.6200,1.8800,1.6200,1.8000,5139000
2011-02-04,1.6600,1.6600,1.5500,1.6200,1524194
2011-01-28,1.5900,1.6400,1.5600,1.5600,1355000
2011-01-21,1.6800,1.7200,1.5300,1.5700,1937500
2011-01-14,1.7100,1.7700,1.6600,1.7000,1745300
2011-01-07,1.7200,1.8000,1.7000,1.7400,1927400
2010-12-31,1.6400,1.7500,1.6400,1.7000,1789683
2010-12-23,1.6300,1.7900,1.6000,1.6400,3879100
2010-12-17,1.5500,1.6500,1.4000,1.6500,4372200
2010-12-10,1.4600,1.5900,1.4400,1.5500,1740300
2010-12-03,1.3900,1.4600,1.3700,1.4600,975200
2010-11-26,1.4200,1.4900,1.3900,1.3900,770700
2010-11-19,1.4700,1.5250,1.3900,1.4500,1186300
2010-11-12,1.5500,1.5900,1.4700,1.4900,2374800
2010-11-05,1.4600,1.5600,1.3600,1.4800,2668328
2010-10-29,1.4300,1.5000,1.3800,1.4600,1554851
2010-10-22,1.5300,1.5900,1.4100,1.4200,1299100
2010-10-15,1.5000,1.6400,1.5000,1.5600,1532300
2010-10-08,1.4500,1.5050,1.4200,1.5000,1394800
2010-10-01,1.4300,1.4650,1.3300,1.4500,1558000
2010-09-24,1.4800,1.4900,1.3200,1.4300,3378800
2010-09-17,1.5400,1.5750,1.4700,1.4900,1753800
2010-09-10,1.5300,1.6100,1.4800,1.5400,1762300
2010-09-03,1.4700,1.5400,1.4200,1.5300,1451490
2010-08-27,1.6000,1.6000,1.4700,1.4700,1147600
2010-08-20,1.6200,1.6700,1.5100,1.6000,2540300
2010-08-13,1.7400,1.7400,1.5500,1.6200,3659800
2010-08-06,1.5500,1.7300,1.5500,1.6900,3667000
2010-07-30,1.5300,1.8000,1.4400,1.5200,4523100
2010-07-23,1.5800,1.5900,1.4500,1.5100,1518452
2010-07-16,1.7401,1.7500,1.5700,1.5800,1845100
2010-07-09,1.6600,1.8500,1.5400,1.7400,2599600
2010-07-02,1.9100,1.9100,1.6300,1.6700,4056300
2010-06-25,1.9700,2.0000,1.7200,1.9500,10407500
2010-06-18,1.7600,1.9500,1.7400,1.9500,5100800
2010-06-11,1.6700,1.8500,1.6100,1.7400,4463400
2010-06-04,1.6800,1.7200,1.5900,1.6700,2314000
2010-05-28,1.5300,1.6700,1.4200,1.6600,2264700
2010-05-21,1.6900,1.7000,1.4400,1.5200,3059900
2010-05-14,1.6000,1.7000,1.5700,1.6600,2617800
2010-05-07,1.5900,1.6900,1.5000,1.5300,4334500
2010-04-30,1.5400,1.6300,1.5200,1.5600,1963500
2010-04-23,1.5000,1.6200,1.5000,1.5800,1413300
2010-04-16,1.7000,1.7000,1.5000,1.5400,3562800
2010-04-09,1.6000,1.7400,1.5600,1.6600,5726569
2010-04-01,1.4700,1.5500,1.3400,1.5300,3623100
2010-03-26,1.4500,1.5500,1.4100,1.4400,1422200
2010-03-19,1.4800,1.5000,1.4100,1.4700,1425700
2010-03-12,1.3000,1.4800,1.3000,1.4800,1887100
2010-03-05,1.3500,1.3500,1.2400,1.3300,1276567
2010-02-26,1.2500,1.3500,1.2200,1.3300,2147367
2010-02-19,1.1800,1.2500,1.1200,1.2400,1196600
2010-02-12,1.1100,1.2000,1.0800,1.2000,1010665
2010-02-05,1.1800,1.2500,1.1000,1.1200,1741100
2010-01-29,1.2200,1.2200,1.1200,1.1500,794200
2010-01-22,1.2500,1.2500,1.1100,1.1700,1398800
2010-01-15,1.3300,1.3500,1.1801,1.2300,2828600
2010-01-08,1.1300,1.2800,1.0700,1.2200,3836100
2009-12-31,1.0900,1.1400,1.0600,1.1400,891600
2009-12-24,1.0800,1.1100,1.0600,1.1000,543300
2009-12-18,1.0500,1.1200,1.0300,1.0800,1521000
2009-12-11,1.1500,1.1500,1.0500,1.0700,1117700
2009-12-04,1.1200,1.2100,1.1000,1.1600,2131200
2009-11-27,1.1400,1.1500,1.0900,1.1000,937700
2009-11-20,1.1000,1.1500,1.0700,1.1399,1011200
2009-11-13,1.1700,1.1800,1.0100,1.0800,1570200
2009-11-06,1.1500,1.1700,1.0100,1.1374,2131400
2009-10-30,1.2100,1.2200,1.0700,1.1300,2656600
2009-10-23,1.3000,1.3000,1.1200,1.1800,4170000
2009-10-16,1.1500,1.3100,1.0800,1.2400,6300971
2009-10-09,1.1000,1.1700,1.0800,1.1200,1950200
2009-10-02,1.1100,1.1400,1.0600,1.1000,1749700
2009-09-25,1.0900,1.2400,1.0900,1.1000,2128500
2009-09-18,1.1600,1.1600,1.0500,1.1300,2555100
2009-09-11,1.1400,1.2500,1.0800,1.1300,7351700
2009-09-04,0.9100,1.1400,0.8900,1.0500,5984300
2009-08-28,0.9600,1.0000,0.8700,0.9400,1130000
2009-08-21,0.9400,1.0000,0.9000,0.9600,1063700
2009-08-14,1.0300,1.0600,0.8810,0.9580,1943200
2009-08-07,0.8800,1.0700,0.8500,1.0200,2776900
2009-07-31,0.9100,0.9500,0.8500,0.8600,1955800
2009-07-24,0.7500,0.9100,0.7500,0.8800,1781800
2009-07-17,0.7600,0.8400,0.7500,0.7600,1028000
2009-07-10,0.8800,0.9400,0.7500,0.7788,2381300
2009-07-02,1.0500,1.2100,0.8560,0.8800,14752600
2009-06-26,0.7200,0.7300,0.6490,0.7200,468800
2009-06-19,0.7748,0.7748,0.6300,0.7200,671700
2009-06-12,0.7700,0.8000,0.6101,0.7400,794900
2009-06-05,0.5600,0.8400,0.5404,0.7700,1906700
2009-05-29,0.5800,0.5800,0.4300,0.5750,271600
2009-05-22,0.5889,0.6114,0.5000,0.5400,406700
2009-05-15,0.5700,0.6000,0.4900,0.5600,533200
2009-05-08,0.4200,0.5700,0.4057,0.5699,652400
2009-05-01,0.4000,0.4400,0.3900,0.4300,384201
2009-04-24,0.4500,0.4501,0.4000,0.4100,110100
2009-04-17,0.4500,0.4700,0.4200,0.4500,348400
2009-04-09,0.4100,0.4400,0.3800,0.4300,384600
2009-04-03,0.4300,0.4610,0.3700,0.4300,537100
2009-03-27,0.4700,0.4700,0.3900,0.4300,586800
2009-03-20,0.3700,0.4000,0.3700,0.4000,336000
2009-03-13,0.3600,0.4100,0.3600,0.3900,423400
2009-03-06,0.3700,0.4300,0.3400,0.3600,377400
2009-02-27,0.3800,0.4300,0.3000,0.4200,647200
2009-02-20,0.4100,0.4100,0.3496,0.3900,234400
2009-02-13,0.4800,0.4800,0.3800,0.4100,177500
2009-02-06,0.4600,0.4800,0.3697,0.4400,3178000
2009-01-30,0.4800,0.5200,0.4500,0.4800,181500
2009-01-23,0.4600,0.4800,0.4400,0.4800,92200
2009-01-16,0.4700,0.4800,0.4299,0.4800,437700
2009-01-09,0.3900,0.5300,0.3700,0.4400,497600
2009-01-02,0.3100,0.4200,0.2900,0.4100,1100000
2008-12-26,0.3200,0.3400,0.3000,0.3300,376800
2008-12-19,0.3700,0.3800,0.3100,0.3200,551900
2008-12-12,0.3700,0.4000,0.3400,0.3700,307600
2008-12-05,0.3500,0.3900,0.3400,0.3700,320400
2008-11-28,0.3200,0.4000,0.3200,0.3800,589400
2008-11-21,0.4500,0.5000,0.3100,0.3500,1327900
2008-11-14,0.4900,0.5200,0.4300,0.4800,228550
2008-11-07,0.4800,0.5700,0.4500,0.5200,142900
2008-10-31,0.4500,0.5200,0.4300,0.4800,318900
2008-10-24,0.4700,0.5200,0.4000,0.4800,112100
2008-10-17,0.4900,0.5500,0.4000,0.5200,267700
2008-10-10,0.6200,0.7000,0.4100,0.5000,698900
2008-10-03,0.7100,0.7400,0.6000,0.6900,307300
2008-09-26,0.5600,0.7400,0.5600,0.7300,197600
2008-09-19,0.5800,0.7700,0.5200,0.7500,601800
2008-09-12,0.7300,0.7700,0.6900,0.7300,232800
2008-09-05,0.7700,0.7800,0.7205,0.7500,152700
2008-08-29,0.7401,0.7600,0.7200,0.7500,101200
2008-08-22,0.7700,0.7900,0.7202,0.7600,249800
2008-08-15,0.8100,0.9000,0.7600,0.8100,1154900
2008-08-08,0.8000,0.8500,0.7600,0.8100,291700
2008-08-01,0.7000,0.8400,0.6200,0.8400,724500
2008-07-25,0.6800,0.7200,0.6200,0.6800,202500
2008-07-18,0.7100,0.7400,0.6400,0.7000,517817
2008-07-11,0.6500,0.7300,0.6500,0.7200,1915500
2008-07-03,0.6500,0.7600,0.6400,0.6800,363000
2008-06-27,0.7300,0.7500,0.5000,0.5000,1554700
2008-06-20,0.8100,0.8100,0.7001,0.7400,329300
2008-06-13,0.7900,0.8300,0.7100,0.8000,476500
2008-06-06,0.8001,0.8400,0.7800,0.8000,276600
2008-05-30,0.8200,0.8500,0.7600,0.8500,366800
2008-05-23,0.8400,0.8500,0.7700,0.8300,276200
2008-05-16,0.8601,0.9000,0.7700,0.8200,520300
2008-05-09,0.8500,0.9400,0.8100,0.8900,246400
2008-05-02,0.8600,0.9000,0.8000,0.8500,370200
2008-04-25,0.9200,0.9200,0.8700,0.8800,312900
2008-04-18,0.8600,0.9400,0.8600,0.9200,221800
2008-04-11,0.9800,0.9800,0.8900,0.9000,312800
2008-04-04,0.9118,1.0700,0.9100,0.9400,367900
2008-03-28,0.8600,0.9800,0.8600,0.9499,416000
2008-03-20,0.9800,1.0200,0.8701,0.9100,414300
2008-03-14,1.0500,1.0500,0.9300,0.9900,637300
2008-03-07,1.0200,1.0400,0.8700,1.0200,1976500
2008-02-29,1.0200,1.0800,1.0000,1.0400,422300
2008-02-22,0.9500,1.0400,0.9500,1.0100,409000
2008-02-15,0.9800,1.0300,0.9200,0.9900,293400
2008-02-08,1.0900,1.1000,0.9500,1.0000,642000
2008-02-01,0.9400,1.0800,0.8800,1.0800,948100
2008-01-25,0.9400,0.9600,0.8200,0.9400,811200
2008-01-18,0.9900,1.0100,0.9400,0.9800,243700
2008-01-11,0.9900,1.0300,0.9500,1.0000,496100
2008-01-04,0.9700,1.0100,0.9000,0.9600,947300
2007-12-28,1.0000,1.0800,0.9500,0.9800,632600
2007-12-21,1.0100,1.0600,0.9300,0.9700,1155400
2007-12-14,1.1400,1.1600,1.0100,1.0300,455700
2007-12-07,1.0600,1.1500,1.0000,1.1300,1622500
2007-11-30,1.0100,1.2000,1.0100,1.1100,645700
2007-11-23,1.1000,1.1400,1.0200,1.0400,363800
2007-11-16,1.1400,1.1700,1.0500,1.1000,1753100
2007-11-09,1.2000,1.2200,1.0700,1.1200,2153400
2007-11-02,1.2300,1.2500,1.1700,1.1700,752100
2007-10-26,1.2900,1.3199,1.1500,1.2300,954500
2007-10-19,1.4100,1.4400,1.3000,1.3100,692400
2007-10-12,1.3700,1.4100,1.2600,1.4000,1812000
2007-10-05,1.4100,1.4100,1.3300,1.3600,961500
2007-09-28,1.4200,1.4400,1.3800,1.4200,468400
2007-09-21,1.3900,1.4600,1.3895,1.4200,450500
2007-09-14,1.3800,1.4400,1.3400,1.3900,444400
2007-09-07,1.4700,1.5100,1.3800,1.3800,515400
2007-08-31,1.4300,1.5000,1.4000,1.4600,817300
2007-08-24,1.3400,1.4500,1.2500,1.4300,1067400
2007-08-17,1.3200,1.4100,1.2500,1.2900,3332700
2007-08-10,1.5000,1.5700,1.3100,1.3600,1685000
2007-08-03,1.6100,1.6200,1.5000,1.5500,965200
2007-07-27,1.8000,1.8099,1.5700,1.6000,959600
2007-07-20,1.7300,1.8300,1.6500,1.7800,1621900
2007-07-13,1.6800,1.7500,1.6200,1.6900,1304800
2007-07-06,1.5800,1.6900,1.5600,1.6400,1344500
2007-06-29,1.8300,1.8500,1.5500,1.5800,3942000
2007-06-22,2.0500,2.0500,1.7500,1.8000,1306800
2007-06-15,1.9800,2.0400,1.8500,2.0400,1643600
2007-06-08,2.0500,2.1500,1.9000,1.9500,2857700
2007-06-01,1.8100,2.0400,1.7500,2.0200,2068700
2007-05-25,1.8200,1.8500,1.6400,1.8100,1662100
2007-05-18,1.7400,1.9500,1.7200,1.8100,2867500
2007-05-11,1.5300,1.7400,1.5200,1.7400,2145300
2007-05-04,1.5300,1.5700,1.4600,1.5400,1039100
2007-04-27,1.5200,1.6100,1.4600,1.5300,1195000
2007-04-20,1.4400,1.5300,1.4200,1.5100,1394700
2007-04-13,1.5000,1.6300,1.3800,1.4200,2333900
2007-04-05,1.3000,1.6200,1.2500,1.5000,3635800
2007-03-30,1.2000,1.3400,1.1600,1.2900,1200100
2007-03-23,1.1300,1.2500,1.1300,1.2000,305800
2007-03-16,1.2400,1.2500,1.1300,1.1700,431700
2007-03-09,1.1508,1.2800,1.0900,1.2500,1240200
2007-03-02,1.2399,1.2600,1.1300,1.1500,604800
2007-02-23,1.1700,1.2500,1.1700,1.2500,471700
2007-02-16,1.2300,1.2468,1.1900,1.2200,416300
2007-02-09,1.2200,1.2800,1.1900,1.2400,699100
2007-02-02,1.1900,1.2700,1.1400,1.2700,1155000
2007-01-26,1.1500,1.2000,1.1000,1.1800,1216000
2007-01-19,1.2200,1.2900,1.1500,1.2000,428800
2007-01-12,1.2200,1.3000,1.1300,1.2500,1168800
2007-01-05,1.2200,1.2400,1.1800,1.2000,349200
2006-12-29,1.1600,1.2400,1.1500,1.2000,1635000
2006-12-22,1.1300,1.2800,1.1300,1.1800,2721900
2006-12-15,1.1800,1.2200,1.0782,1.1500,1143900
2006-12-08,1.3100,1.3100,1.0500,1.1900,3040500
2006-12-01,1.2000,1.3216,1.1799,1.3100,1083500
2006-11-24,1.2500,1.2500,1.0000,1.2000,520700
2006-11-17,1.2100,1.3000,1.2100,1.2600,378800
2006-11-10,1.1800,1.3500,1.1800,1.2500,1011700
2006-11-03,1.1800,1.2800,1.1800,1.2300,515400
2006-10-27,1.3600,1.3600,1.1500,1.2300,1019800
2006-10-20,1.3000,1.3800,1.1400,1.3400,1228600
2006-10-13,1.1300,1.3100,1.1000,1.2900,931500
2006-10-06,1.1000,1.1800,1.0400,1.1100,1002500
2006-09-29,1.1500,1.1500,1.0100,1.1000,597200
2006-09-22,1.0500,1.2100,1.0500,1.1300,1046800
2006-09-15,1.0500,1.1200,0.9700,1.0700,981500
2006-09-08,1.1800,1.1900,1.0300,1.0500,524000
2006-09-01,1.0600,1.3500,0.9900,1.1900,1150100
2006-08-25,0.9200,1.1100,0.8800,1.0600,1664600
2006-08-18,0.9500,0.9800,0.8599,0.9000,682100
2006-08-11,1.0900,1.0900,0.9399,0.9500,918800
2006-08-04,1.1100,1.1200,1.0500,1.0999,188700
2006-07-28,1.1600,1.1600,1.0300,1.1199,302400
2006-07-21,1.0500,1.2800,1.0200,1.1100,1474500
2006-07-14,1.1500,1.3700,1.0200,1.1000,599200
2006-07-07,1.1100,1.1900,1.1000,1.1600,443900
2006-06-30,1.2500,1.2500,1.0900,1.1500,664100
2006-06-23,1.2300,1.2300,1.1200,1.1999,450300
2006-06-16,1.2400,1.3000,1.0900,1.1900,1163600
2006-06-09,1.3400,1.3600,1.2200,1.3000,1002400
2006-06-02,1.3700,1.4000,1.2600,1.3200,1672700
2006-05-26,1.2600,1.3600,1.1400,1.3600,1928500
2006-05-19,1.4200,1.4800,1.2200,1.3200,1549800
2006-05-12,1.4600,1.5800,1.4100,1.4900,1214200
2006-05-05,1.6600,1.7200,1.4400,1.4899,1380000
2006-04-28,1.6300,1.7400,1.5500,1.7199,1408200
2006-04-21,1.5100,1.7500,1.5100,1.6700,1565500
2006-04-13,1.5500,1.6100,1.4400,1.5900,1285300
2006-04-07,1.6100,1.6500,1.4400,1.5500,1961100
2006-03-31,1.7000,1.7500,1.5900,1.6200,1712600
2006-03-24,1.8900,1.8900,1.5900,1.7300,3347300
2006-03-17,1.3900,1.8000,1.3500,1.8000,3233200
2006-03-10,1.3800,1.4300,1.3200,1.3999,1535900
2006-03-03,1.4100,1.4600,1.3000,1.3600,1993400
2006-02-24,1.4100,1.5000,1.3300,1.4100,1415900
2006-02-17,1.4000,1.4500,1.1000,1.4300,1180000
2006-02-10,1.3800,1.4800,1.3600,1.3900,498300
2006-02-03,1.4600,1.4900,1.3500,1.3800,1044900
2006-01-27,1.4500,1.5900,1.4400,1.4600,1168500
2006-01-20,1.4000,1.5000,1.3600,1.4200,2497900
2006-01-13,1.5000,1.5100,1.3800,1.4100,1088300
2006-01-06,1.5900,1.6800,1.4500,1.5000,987300
2005-12-30,1.4300,1.6100,1.3800,1.5500,1218700
2005-12-23,1.3400,1.4500,1.3100,1.4100,626100
2005-12-16,1.4500,1.5200,1.3400,1.3600,993100
2005-12-09,1.2000,1.5000,1.1800,1.4200,1945700
2005-12-02,1.2500,1.4200,1.1700,1.2300,2959300
2005-11-25,1.1900,1.2600,1.1400,1.2300,361900
2005-11-18,1.2000,1.2500,1.1300,1.1900,439200
2005-11-11,1.1900,1.2900,1.1600,1.2700,1107200
2005-11-04,1.2400,1.2500,1.0900,1.1900,738600
2005-10-28,1.1400,1.2800,1.0900,1.2200,1271400
2005-10-21,1.0000,1.2000,0.9500,1.1100,1942400
2005-10-14,0.9700,1.0400,0.9100,1.0000,395500
2005-10-07,1.0000,1.0900,0.8600,0.9500,1095600
2005-09-30,0.9300,1.0000,0.8600,1.0000,1147500
2005-09-23,0.8400,0.9300,0.8100,0.9200,563700
2005-09-16,0.8300,0.9200,0.8300,0.8600,380500
2005-09-09,0.9200,0.9400,0.8300,0.8800,395000
2005-09-02,0.9100,0.9400,0.8000,0.9100,938900
2005-08-26,0.8600,0.9500,0.7800,0.9100,971000
2005-08-19,0.9300,0.9785,0.8600,0.8800,542700
2005-08-12,1.0100,1.0500,0.9100,0.9500,450000
2005-08-05,1.0615,1.1000,0.8900,1.0400,587400
2005-07-29,1.0600,1.1500,1.0500,1.0600,411000
2005-07-22,1.1500,1.1500,0.9900,1.0600,424500
2005-07-15,1.1900,1.2200,1.0880,1.1400,405500
2005-07-08,1.0900,1.2000,1.0200,1.2000,1061700
2005-07-01,1.0900,1.0900,0.9700,1.0300,627500
2005-06-24,1.0900,1.1500,0.9400,1.0500,1134200
2005-06-17,0.8500,1.1000,0.8400,1.0600,835300
2005-06-10,0.7900,0.8500,0.7300,0.8000,384400
2005-06-03,0.7900,0.8500,0.7500,0.8000,243800
2005-05-27,0.7500,0.8300,0.7000,0.7800,471800
2005-05-20,0.7700,0.8400,0.7100,0.7400,371800
2005-05-13,0.9000,0.9000,0.7400,0.7700,293200
2005-05-06,0.8800,0.9500,0.7700,0.9000,482800
2005-04-29,0.8600,0.9200,0.7800,0.8800,619000
2005-04-22,0.8800,0.9600,0.8500,0.8800,669200
2005-04-15,0.9600,1.0200,0.8200,0.8900,410000
2005-04-08,1.0200,1.0300,0.8500,0.9500,602700
2005-04-01,1.0500,1.0700,0.8800,1.0200,681300
2005-03-24,1.0800,1.0900,0.9800,1.0400,269600
2005-03-18,1.1500,1.2000,0.9900,1.0000,670400
2005-03-11,1.1500,1.2400,1.1500,1.1700,309800
2005-03-04,1.2500,1.3300,1.1100,1.1900,807000
2005-02-25,1.3500,1.4100,1.2000,1.2600,710400
2005-02-18,1.3300,1.3900,1.2200,1.3600,700900
2005-02-11,1.3700,1.4600,1.2700,1.3600,1229200
2005-02-04,1.1200,1.3800,1.1100,1.3800,1672200
2005-01-28,1.2500,1.2900,1.0500,1.1100,1542000
2005-01-21,1.2500,1.3200,1.2000,1.2600,358700
2005-01-14,1.3600,1.4000,1.1100,1.2300,555200
2005-01-07,1.3500,1.4300,1.3100,1.3600,789900
2004-12-31,1.4100,1.6100,1.2500,1.3500,2208300
2004-12-23,1.2500,1.4300,1.1400,1.4100,1487700
2004-12-17,1.0800,1.2500,1.0800,1.2400,1066400
2004-12-10,1.2000,1.2400,1.0700,1.1100,1417300
2004-12-03,1.3900,1.4500,0.9200,1.2000,2719800
2004-11-26,1.5000,1.5000,1.3000,1.3900,757700
2004-11-19,1.1800,1.5300,1.0200,1.4900,1992600
2004-11-12,1.3700,1.3900,1.1500,1.1700,1940000
2004-11-05,1.3500,1.4000,1.1700,1.3400,1549600
2004-10-29,1.3900,1.4385,1.2800,1.3800,1024800
2004-10-22,1.2500,1.4600,1.2300,1.4000,1064100
2004-10-15,1.3200,1.3200,1.1200,1.2500,886100
2004-10-08,1.3600,1.4900,1.2300,1.3700,1062500
2004-10-01,1.4900,1.5900,1.2800,1.3600,1583100
2004-09-24,1.5100,1.8400,1.4500,1.5100,3984100
2004-09-17,1.3400,1.5600,1.3000,1.5000,1910700
2004-09-10,1.2900,1.3800,1.2100,1.3400,887900
2004-09-03,1.2300,1.3400,1.1100,1.3000,2780800
2004-08-27,1.0700,1.1900,0.9500,1.1725,4278000
2004-08-20,0.7700,1.0900,0.7500,1.0800,2656200
2004-08-13,0.7800,0.8200,0.6200,0.7800,363700
2004-08-06,0.7300,0.8900,0.7000,0.7700,820700
2004-07-30,0.6500,0.8100,0.6000,0.8000,1716600
2004-07-23,0.7200,1.0500,0.6800,0.7000,404100
2004-07-16,0.8700,0.8700,0.6000,0.7500,753200
2004-07-09,0.9000,0.9100,0.8350,0.8700,119300
2004-07-02,0.8200,0.9300,0.7900,0.9000,1038200
2004-06-25,0.9300,0.9300,0.8000,0.8400,807200
2004-06-18,0.9000,0.9400,0.8400,0.9000,200600
2004-06-10,0.9600,0.9800,0.8400,0.8600,401800
2004-06-04,1.0700,1.0900,0.9000,0.9600,474000
2004-05-28,1.0000,1.1000,0.9500,1.0700,3011800
2004-05-21,1.0100,1.0100,0.7800,1.0000,846500
2004-05-14,1.1100,1.1300,0.9000,0.9600,2370600
2004-05-07,1.1400,1.1900,1.0900,1.1100,272800
2004-04-30,1.2800,1.4000,1.1100,1.1900,466800
2004-04-23,1.2900,1.4400,1.2700,1.2900,1317400
2004-04-16,1.4000,1.5000,1.2900,1.3200,1080200
2004-04-08,1.4900,1.4900,1.3500,1.4000,219000
2004-04-02,1.4800,1.5400,1.3800,1.4900,303000
2004-03-26,1.5000,1.5000,1.2900,1.4500,273100
2004-03-19,1.3700,1.6100,1.2900,1.5000,671600
2004-03-12,1.6300,1.6300,1.1100,1.3700,552200
2004-03-05,1.2100,1.6100,1.1600,1.6100,1109500
2004-02-27,1.1500,1.2700,1.0100,1.2700,1152300
2004-02-20,1.2900,1.2900,1.1300,1.2000,434500
2004-02-13,1.3900,1.4400,1.1500,1.2500,1254000
2004-02-06,1.2600,1.4500,1.0500,1.3500,577100
2004-01-30,1.0200,1.4700,1.0100,1.2800,1012100
2004-01-23,1.0700,1.0800,1.0100,1.0500,270300
2004-01-16,1.1000,1.1700,1.0200,1.0300,386800
2004-01-09,1.0800,1.1300,1.0000,1.1100,264800
2004-01-02,1.0900,1.0900,1.0200,1.0600,187000
2003-12-26,1.1300,1.1500,1.0300,1.0900,100800
2003-12-19,1.2000,1.2700,1.0700,1.1300,141300
2003-12-12,1.3500,1.3900,1.1500,1.2600,230400
2003-12-05,1.3500,1.3600,1.2500,1.3500,107800
2003-11-28,1.3700,1.3700,1.1200,1.3500,365400
2003-11-21,1.5100,1.5700,1.3000,1.3700,524300
2003-11-14,1.4000,1.5100,1.3300,1.5000,136800
2003-11-07,1.2990,1.5313,1.2500,1.5000,242700
2003-10-31,1.4700,1.4700,1.0100,1.3008,437600
2003-10-24,1.5500,1.7000,1.4100,1.4700,410600
2003-10-17,1.5750,1.9000,1.5000,1.6000,174700
2003-10-10,1.6800,1.9500,1.5500,1.6200,151600
2003-10-03,1.8984,1.8984,1.4500,1.7500,380300
2003-09-26,2.3906,2.4102,1.7500,1.9000,569100
2003-09-19,3.0100,3.7500,2.0000,2.2700,2444500
2003-09-12,1.8500,3.0900,1.8000,3.0300,1125200
2003-09-05,1.8000,1.9000,1.6500,1.8500,124800
2003-08-29,1.8200,1.8200,1.5600,1.8000,154500
2003-08-22,1.4800,1.9414,1.4800,1.8500,79000
2003-08-15,1.9500,1.9500,1.4800,1.5800,378700
2003-08-08,2.0300,2.1500,1.8000,1.9050,257900
2003-08-01,1.5500,2.0400,1.4800,2.0200,518200
2003-07-25,1.4805,1.5500,1.4000,1.5300,329500
2003-07-18,1.5000,1.5500,1.1500,1.5070,457800
2003-07-11,1.0100,1.7500,0.9200,1.5508,805000
2003-07-03,1.3200,1.5300,0.8000,1.0000,781200
2003-06-27,1.5700,1.6400,1.3000,1.4860,434800
2003-06-20,1.6000,1.8500,1.3800,1.6600,749400
2003-06-13,1.0000,2.3800,0.9200,1.7770,1402200
2003-06-06,0.7500,1.1000,0.6500,0.9200,775400
2003-05-30,0.6500,0.8200,0.5900,0.6800,398700
2003-05-23,0.6300,0.8300,0.6300,0.6700,489700
2003-05-16,0.4800,0.7600,0.3955,0.7000,479200
2003-05-09,0.3700,0.4900,0.3700,0.4700,122200
2003-05-02,0.3600,0.5000,0.3600,0.4000,141300
2003-04-25,0.4500,0.4500,0.3600,0.3800,157000
2003-04-17,0.4500,0.4500,0.3700,0.4400,67900
2003-04-11,0.4200,0.4500,0.4000,0.4500,64500
2003-04-04,0.4800,0.4800,0.4100,0.4500,89600
2003-03-28,0.5500,0.5500,0.3900,0.4100,150200
2003-03-21,0.4900,0.5400,0.3900,0.5400,153100
2003-03-14,0.5000,0.5000,0.4200,0.4800,104800
2003-03-07,0.4900,0.5500,0.4100,0.5100,165400
2003-02-28,0.5000,0.5400,0.4800,0.4800,103500
2003-02-21,0.5500,0.5800,0.4300,0.4800,713200
2003-02-14,0.8400,0.8400,0.4900,0.5200,553900
2003-02-07,0.4800,0.8900,0.4800,0.8200,689800
2003-01-31,0.5300,0.6300,0.4200,0.4500,76200
2003-01-24,0.4800,0.6300,0.3700,0.5300,193400
2003-01-17,0.3900,0.6000,0.3600,0.5100,428500
2003-01-10,0.3900,0.4800,0.3400,0.3800,329800
2003-01-03,0.4000,0.4200,0.3000,0.3900,118500
2002-12-27,0.3700,0.4100,0.3300,0.4100,64200
2002-12-20,0.5500,0.6200,0.2900,0.3300,356700
2002-12-13,0.8600,0.8800,0.4900,0.5100,414500
2002-12-06,1.0450,1.2500,0.7500,0.8600,225600
2002-11-29,0.4600,1.2200,0.4200,1.0100,193000
2002-11-22,0.5100,0.5400,0.4000,0.4200,267700
2002-11-15,0.7000,0.7000,0.4800,0.5000,199400
2002-11-08,0.7200,0.8300,0.6500,0.6500,143200
2002-11-01,0.8600,0.8600,0.4600,0.5800,71400
2002-10-25,0.8800,0.9900,0.8000,0.8600,57300
2002-10-18,1.1200,1.2000,0.6400,0.8800,63900
2002-10-11,1.5900,1.5900,1.1000,1.2500,34600
2002-10-04,1.8000,1.8300,1.6000,1.6000,4000
2002-09-27,1.7400,1.8600,1.4200,1.8000,27700
2002-09-20,1.3500,1.7800,1.2500,1.7800,86700
2002-09-13,1.6800,1.7100,1.1000,1.3500,31200
2002-09-06,1.7700,1.8000,1.2400,1.7300,8600
2002-08-30,1.9500,2.0200,1.6100,1.8100,30600
2002-08-23,2.8800,2.8800,1.7000,1.9500,91700
2002-08-16,2.5400,2.6900,2.2500,2.3200,37700
2002-08-09,2.6000,2.7000,2.0000,2.6800,35500
2002-08-02,3.0000,3.2700,2.1500,2.9400,81100
2002-07-26,3.6500,3.6500,2.1700,2.9000,41800
2002-07-19,4.4900,4.4900,3.6500,3.7500,25400
2002-07-12,4.1600,4.7500,4.1600,4.6500,33800
2002-07-05,4.2100,4.4500,4.1600,4.1600,1100
2002-06-28,4.3500,5.0000,4.2100,4.2100,22600
2002-06-21,4.5000,4.7000,3.2600,4.6000,50000
2002-06-14,3.9000,4.6700,3.8000,4.6000,45500
2002-06-07,3.2000,4.4400,3.1000,3.9800,59600
2002-05-31,3.1000,3.4000,3.0000,3.4000,4400
2002-05-24,3.3000,3.3900,3.0000,3.3900,8300
2002-05-17,2.9100,3.4500,2.6600,3.3000,14900
2002-05-10,2.9800,3.0000,2.9000,2.9000,4300
2002-05-03,3.1000,3.5000,2.7500,2.9800,8400
2002-04-26,3.1190,3.2000,2.6500,2.7000,9600
2002-04-19,3.7000,3.8500,3.1500,3.1500,28900
2002-04-12,3.5500,3.7500,3.4500,3.6500,1500
2002-04-05,3.5500,3.5500,3.4000,3.5500,2000
2002-03-28,3.5100,4.0000,3.1200,3.9000,5600
2002-03-22,3.7500,3.7500,2.7800,3.5100,3600
2002-03-15,3.4700,4.2500,3.4700,4.0500,34700
2002-03-08,3.6500,3.7500,3.4500,3.4700,4100
2002-03-01,3.9000,4.0000,3.5600,3.8900,19100
2002-02-22,3.8200,3.9500,3.0000,3.9000,2700
2002-02-15,4.3000,4.3000,3.5100,4.0000,8200
2002-02-08,3.6000,4.9200,3.6000,4.2900,22800
2002-02-01,4.3200,4.6000,4.1000,4.5000,9300
2002-01-25,4.3400,4.5000,4.3000,4.3200,9800
2002-01-18,3.9000,5.0000,3.9000,4.2800,16900
2002-01-11,3.5000,4.0000,3.5000,3.8500,18300
2002-01-04,3.2550,4.0000,3.2550,3.4000,12300
2001-12-28,2.5100,4.0500,2.5100,3.7000,15200
2001-12-21,2.9900,3.1500,2.4000,2.8500,32600
2001-12-14,2.7500,2.9900,2.3000,2.9900,12800
2001-12-07,2.9900,2.9900,2.6500,2.6500,3600
2001-11-30,2.7000,3.1200,1.9000,3.0000,19200
2001-11-23,2.9900,2.9900,2.2000,2.9900,18000
2001-11-16,2.7500,2.9900,2.0000,2.9900,2500
2001-11-09,2.9900,2.9900,2.7500,2.7500,4800
2001-11-02,2.5200,2.9500,2.5000,2.9500,6700
2001-10-26,2.4000,2.7500,2.2000,2.6500,6800
2001-10-19,2.7500,2.7500,2.4000,2.4000,100
2001-10-12,2.5000,2.7500,2.5000,2.7500,2700
2001-10-05,2.6000,2.6000,2.5000,2.5000,4200
2001-09-28,2.6600,3.0000,2.4500,2.5500,2300
2001-09-21,3.4800,3.4800,1.5900,2.6600,10700
2001-09-10,3.2500,3.2500,3.2500,3.2500,100
2001-09-07,3.3000,3.3900,3.0200,3.2500,15900
2001-08-31,3.0000,3.3000,2.8000,3.2000,13000
2001-08-24,3.1500,3.8000,3.0000,3.0000,15200
2001-08-17,4.0000,4.0000,2.0000,3.1000,25200
2001-08-10,4.2300,4.2400,3.0100,4.0000,4500
2001-08-03,3.2500,3.5000,3.2100,3.3500,8100
2001-07-27,3.2200,3.4000,3.2000,3.4000,4100
2001-07-20,3.2200,3.6900,3.2200,3.2200,800
2001-07-13,4.2500,4.2500,2.6700,3.7200,9100
2001-07-06,4.3000,4.3000,4.2500,4.2500,8300
2001-06-29,4.0000,4.4000,4.0000,4.2500,22300
2001-06-22,4.0500,4.7500,3.8000,4.0000,7400
2001-06-15,4.1000,4.5000,4.0000,4.3000,4200
2001-06-08,4.0500,4.1000,3.7100,4.1000,25500
2001-06-01,3.8100,4.4000,3.8000,4.0500,13500
2001-05-25,3.3500,3.7500,3.3500,3.7500,2200
2001-05-18,3.0500,3.6500,3.0500,3.6400,7900
2001-05-11,5.6500,5.6500,2.9100,3.4000,55100
2001-05-04,3.1700,4.8400,3.0500,4.8400,7900
2001-04-27,3.1700,3.2600,3.1700,3.1700,4500
2001-04-20,3.2200,3.2300,3.1500,3.1700,16500
2001-04-12,3.0100,3.2200,3.0100,3.2200,3500
2001-04-06,2.8750,3.1250,2.8750,2.9690,1900
2001-03-30,2.7190,3.1880,2.3130,3.1880,49500
2001-03-23,3.5310,3.5310,2.2500,2.5000,34900
2001-03-16,4.1250,4.1250,3.4690,3.4690,11100
2001-03-09,3.8750,4.3750,3.8750,4.2500,12300
2001-03-02,4.1250,4.1250,3.6250,3.8750,13100
2001-02-23,4.5000,4.5000,4.1880,4.1880,8000
2001-02-16,4.3750,4.8440,4.3750,4.5000,12800
2001-02-09,4.8100,4.9700,4.3750,4.5630,10500
2001-02-02,4.6900,5.0000,4.3800,4.6900,20400
2001-01-26,4.5600,4.9400,4.4100,4.6900,15200
2001-01-19,4.9700,5.0000,4.3100,4.5600,40400
2001-01-12,4.4400,4.9700,4.4400,4.6900,21100
2001-01-05,4.3400,4.5000,4.3400,4.3800,9800
2000-12-29,4.5000,4.6200,4.2800,4.3400,29800
2000-12-22,4.5900,4.7500,4.5000,4.5000,35000
2000-12-15,4.2500,4.7500,4.2500,4.7500,36900
2000-12-08,4.2500,4.2700,4.2500,4.2500,4900
2000-12-01,4.7500,4.8600,4.1200,4.2500,27400
2000-11-24,4.9400,5.2200,4.6200,4.6200,19500
2000-11-17,5.2000,5.4400,4.8800,4.9400,50700
2000-11-10,5.0000,5.2500,5.0000,5.2500,18900
2000-11-03,5.2200,5.5600,5.0000,5.0000,55400
2000-10-27,5.2500,6.1200,5.0600,5.1200,55400
2000-10-20,4.5000,5.3100,4.3800,5.2500,43100
2000-10-13,3.9100,5.0000,3.8800,4.5000,70400
2000-10-06,4.2500,4.4700,3.6600,3.8800,19300
2000-09-29,4.7500,4.9400,4.1600,4.1600,31700
2000-09-22,4.8800,5.0000,4.6600,4.8400,30400
2000-09-15,4.6200,5.0000,4.6200,4.7800,30100
2000-09-08,5.1900,5.4400,4.5900,4.6200,32400
2000-09-01,4.8100,5.1200,4.8100,5.0600,10800
2000-08-25,4.9400,5.0000,4.7800,4.8100,15000
2000-08-18,4.8800,5.2500,4.8100,5.2200,93100
2000-08-11,4.9400,5.2500,4.3100,5.2500,112000
2000-08-04,3.3100,4.8800,3.2500,4.8800,80900
2000-07-28,4.2500,4.2500,3.3100,3.3100,14000
2000-07-21,4.3100,4.7500,4.2200,4.2500,46600
2000-07-14,4.0300,4.3400,4.0000,4.2500,12500
2000-07-07,4.2500,4.2500,4.0300,4.0300,3100
2000-06-30,4.0600,4.4400,3.5000,4.1900,90300
2000-06-23,4.3100,4.5000,3.9400,4.0000,33100
2000-06-16,4.3100,4.5000,4.2500,4.2500,8100
2000-06-09,4.4400,4.4400,4.1900,4.3100,28900
2000-06-02,4.4400,4.5000,3.6200,4.1200,32300
2000-05-26,4.0000,4.0600,3.8800,4.0000,17600
2000-05-19,4.3800,4.5000,3.6200,4.0600,73400
2000-05-12,5.4700,5.9700,4.1200,4.1200,99700
2000-05-05,4.3100,5.4700,4.3100,5.3800,58100
2000-04-28,4.4700,4.5000,3.7500,4.3800,40400
2000-04-20,4.3100,4.8800,4.3100,4.3800,13800
2000-04-14,4.7200,5.0000,4.5000,4.5000,68300
2000-04-07,4.6200,4.9700,4.5000,4.5600,59400
2000-03-31,5.6200,7.0000,4.5600,4.6900,112900
2000-03-24,5.1200,5.8800,5.1200,5.8100,37400
2000-03-17,5.1600,7.8800,4.7500,5.0600,123400
2000-03-10,6.2500,6.3800,4.5000,5.2500,133200
2000-03-03,3.5900,6.3800,3.2500,6.0600,481000
2000-02-25,2.8100,3.7500,2.8100,3.5600,92700
2000-02-18,2.9400,4.5600,2.7500,2.8800,147800
2000-02-11,2.5000,3.1200,2.3800,3.0000,148500
2000-02-04,2.5000,3.0000,2.3100,2.5000,76600
2000-01-28,2.3800,2.8800,2.3100,2.3100,91300
2000-01-21,2.3100,2.5600,2.3100,2.5000,79600
2000-01-14,1.7800,2.6200,1.7800,2.3100,140500
