timestamp,open,high,low,close,volume
2015-11-06,0.0000,0.0000,0.0000,20.2300,0
2014-11-06,20.2300,20.2500,20.2300,20.2300,264798
2014-10-31,20.2200,20.2600,20.2100,20.2500,580223
2014-10-24,20.2000,20.2400,20.1800,20.2200,779173
2014-10-17,20.1800,20.2300,20.1500,20.1800,1458814
2014-10-10,20.2200,20.2500,20.1600,20.1800,940416
2014-10-03,20.1000,20.6500,19.9500,20.2300,8622159
2014-09-26,13.2900,13.4700,12.9800,13.3900,397692
2014-09-19,13.9600,14.1700,13.2500,13.2500,477844
2014-09-12,14.0000,14.3000,13.9033,14.0000,344967
2014-09-05,14.2400,14.3300,13.9500,14.0300,160207
2014-08-29,14.2000,14.4400,14.0300,14.2300,230690
2014-08-22,14.4500,14.6300,14.1300,14.2000,195793
2014-08-15,14.7800,14.8500,14.0800,14.3100,371039
2014-08-08,14.7500,15.0600,14.5000,14.6700,409695
2014-08-01,15.2100,15.5040,14.6100,14.6500,339092
2014-07-25,15.2500,15.5800,15.0800,15.1500,149741
2014-07-18,15.5900,15.6000,15.1900,15.3100,194836
2014-07-11,16.0150,16.2200,15.4080,15.4500,230684
2014-07-03,15.8900,16.3500,15.7480,16.0400,223851
2014-06-27,16.1500,16.3800,15.6700,15.8800,845719
2014-06-20,15.5600,16.2300,15.4700,16.1000,523005
2014-06-13,15.3500,15.6600,14.8600,15.6000,298615
2014-06-06,15.4900,15.6000,14.3000,15.2900,990916
2014-05-30,15.5000,15.8400,15.2300,15.4100,193281
2014-05-23,15.3500,15.4800,15.1400,15.3800,160385
2014-05-16,15.3500,15.7200,15.0800,15.4000,231901
2014-05-08,15.7500,15.7700,14.9900,15.0100,247476
2014-05-02,15.1000,15.9900,14.6300,15.8100,383615
2014-04-25,15.5200,15.6800,15.0200,15.0200,312114
2014-04-17,15.6200,15.6700,15.0600,15.4300,108708
2014-04-11,15.9000,16.2600,15.1500,15.4900,326000
2014-04-04,16.5800,16.6500,16.0100,16.0600,280400
2014-03-28,16.7200,16.7500,16.2500,16.5000,515700
2014-03-21,16.4800,16.7200,16.3400,16.6400,426800
2014-03-14,16.5900,16.7600,16.3800,16.4500,359400
2014-03-07,14.9100,16.9500,14.8300,16.6500,659600
2014-02-28,15.8100,15.8600,14.3000,14.9200,413400
2014-02-21,15.9000,16.1100,15.5700,15.7800,221800
2014-02-14,14.3400,15.9000,14.1400,15.8900,276300
2014-02-07,15.2000,15.2500,14.0900,14.3900,214200
2014-01-31,15.4900,15.7400,15.1100,15.2600,220900
2014-01-24,15.8400,16.0100,15.5500,15.7200,220400
2014-01-17,15.3700,15.9700,15.0000,15.7900,292900
2014-01-10,15.3000,15.6600,15.1200,15.4300,254300
2014-01-03,15.0000,15.4000,14.4600,15.3000,486900
2013-12-27,15.4300,15.8100,15.0000,15.0600,206000
2013-12-20,15.0200,15.4400,14.9800,15.4400,522400
2013-12-13,15.7500,15.7900,14.8900,15.0900,434500
2013-12-06,16.0400,16.0400,15.5300,15.6900,452500
2013-11-29,16.3400,16.3900,15.9500,15.9900,432700
2013-11-22,16.4600,16.4800,15.5000,16.2700,725400
2013-11-15,18.0000,18.1800,15.7500,16.4400,2436600
2013-11-08,17.4100,18.1900,17.4000,18.0200,105500
2013-11-01,18.1300,18.1700,17.1700,17.4000,218500
2013-10-25,17.9100,18.3000,17.7800,18.0700,151500
2013-10-18,17.5500,18.1300,17.2700,17.9500,246700
2013-10-11,17.6200,17.9800,17.2000,17.6800,169200
2013-10-04,17.0400,17.7800,17.0400,17.6900,247700
2013-09-27,17.1600,17.5600,16.9100,17.2000,260400
2013-09-20,17.0500,17.7700,16.7700,17.3600,257600
2013-09-13,16.3000,17.1000,16.1100,16.9300,178700
2013-09-06,16.0800,16.7500,15.8000,16.3100,185000
2013-08-30,17.0300,17.3900,15.6600,16.0100,410700
2013-08-23,16.3500,17.1700,15.9600,17.0600,313800
2013-08-16,15.9300,16.7300,15.9300,16.2700,377100
2013-08-09,16.5000,16.6000,15.5200,16.0400,673900
2013-08-02,16.2900,16.5700,15.3000,16.5100,250100
2013-07-26,17.0500,17.1100,16.1400,16.3500,290700
2013-07-19,16.0500,17.2300,16.0000,17.1200,404000
2013-07-12,15.4000,16.1000,15.4000,16.0800,189200
2013-07-05,14.2000,15.5000,14.0900,15.3300,217000
2013-06-28,13.8500,14.2400,13.7300,14.2000,171200
2013-06-21,14.2600,14.6800,13.6600,13.9300,297300
2013-06-14,14.2000,14.4500,13.9200,14.1400,242200
2013-06-07,14.0000,14.4000,13.7600,14.2300,274600
2013-05-31,13.9900,14.2600,13.9200,14.0000,99900
2013-05-24,13.9600,14.1900,13.6900,14.0200,144500
2013-05-17,13.8500,14.2800,13.4800,14.0300,230900
2013-05-10,13.6900,13.8500,13.0800,13.7000,271300
2013-05-03,14.7500,14.8300,13.5000,13.5900,317300
2013-04-26,14.7700,15.1600,14.4800,14.8200,132700
2013-04-19,14.4900,14.9600,14.0000,14.7300,239400
2013-04-12,14.4500,14.8600,14.2400,14.6000,223700
2013-04-05,14.8900,14.8900,14.0300,14.3700,388900
2013-03-28,14.7800,15.2000,14.4600,14.8300,222500
2013-03-22,14.4100,15.2400,14.2100,14.8100,415800
2013-03-15,14.9900,15.1000,14.2400,14.5400,369000
2013-03-08,14.2800,15.2500,14.1100,14.9800,543300
2013-03-01,13.3600,14.2100,13.0200,14.1500,514800
2013-02-22,13.2500,13.5300,13.0000,13.3200,418900
2013-02-15,13.0200,13.3300,12.9500,13.1200,311300
2013-02-08,13.0400,13.0400,12.6100,13.0000,217200
2013-02-01,12.8000,13.1900,12.5500,13.0600,330400
2013-01-25,12.7000,13.1400,12.6500,12.7800,383300
2013-01-18,13.0500,13.1100,12.4000,12.7100,545800
2013-01-11,12.8200,13.4700,12.7500,13.1400,389600
2013-01-04,12.2400,13.0400,11.8700,12.9400,744000
2012-12-28,15.7600,16.0400,11.4500,12.1800,704900
2012-12-21,15.7500,16.2500,15.6500,15.7600,566600
2012-12-14,16.3600,16.3600,15.5400,15.6500,1134700
2012-12-07,16.0500,16.9000,15.6400,15.7700,522100
2012-11-30,15.4100,16.0800,15.3600,16.0100,616000
2012-11-23,15.8100,16.0000,15.1100,15.4100,190900
2012-11-16,14.7800,15.9700,14.0000,15.7800,350100
2012-11-09,15.2300,15.5700,14.4500,14.8000,181900
2012-11-02,15.2900,15.8100,15.0100,15.2100,113300
2012-10-26,15.2700,15.5600,14.2800,15.3400,193000
2012-10-19,17.9000,18.1800,15.1200,15.3300,226900
2012-10-12,18.1000,18.3000,17.2100,17.8700,76900
2012-10-05,17.7100,18.5800,17.6200,18.1400,76700
2012-09-28,17.7400,17.8600,16.9700,17.6900,210500
2012-09-21,17.9200,18.5800,17.4600,17.7000,128900
2012-09-14,17.8800,18.4000,17.5100,18.0000,91400
2012-09-07,17.2300,18.1300,17.1500,17.9000,106500
2012-08-31,17.3600,17.6600,16.9100,17.2800,147300
2012-08-24,17.5100,17.6600,17.1400,17.3500,106300
2012-08-17,16.9800,17.5900,16.0600,17.5900,101000
2012-08-10,17.0000,17.2900,16.6000,17.1500,88800
2012-08-03,17.1200,17.4300,13.9400,16.9600,203600
2012-07-27,16.8900,17.0700,16.5000,17.0000,110500
2012-07-20,17.5200,17.7300,16.6300,17.1100,183100
2012-07-13,17.4800,17.7900,16.5600,17.6300,180000
2012-07-06,17.5000,17.7000,17.0000,17.4100,92300
2012-06-29,16.6200,17.5800,16.3200,17.5600,222400
2012-06-22,17.0000,17.1900,16.7200,16.7700,275800
2012-06-15,17.7500,17.7500,16.7800,16.9900,309700
2012-06-08,16.9800,17.7500,16.6100,17.6600,268500
2012-06-01,16.7000,17.3200,16.5000,16.9600,284600
2012-05-25,15.5100,16.9000,15.3800,16.6300,344600
2012-05-18,15.3300,16.6800,15.1100,15.5400,470600
2012-05-11,16.5100,17.1100,15.1500,15.2600,435600
2012-05-04,14.5300,17.5900,13.6300,16.7100,598700
2012-04-27,14.0500,14.6700,13.8800,14.5900,139300
2012-04-20,14.7900,14.8500,14.0500,14.0500,107000
2012-04-13,14.7400,14.9900,14.5200,14.7600,243300
2012-04-05,14.9100,15.1500,14.8000,14.8300,177500
2012-03-30,15.3600,15.3600,14.9000,14.9200,157300
2012-03-23,15.1600,15.4400,15.0000,15.2400,131200
2012-03-16,15.3100,15.4300,14.9800,15.1700,237400
2012-03-09,14.8100,15.3900,14.6000,15.2100,262500
2012-03-02,14.6200,15.4000,13.9000,14.9700,211100
2012-02-24,14.4500,14.9900,14.4500,14.7200,77800
2012-02-17,14.2500,14.9200,13.7500,14.4100,134200
2012-02-10,15.1600,15.1900,14.0500,14.0500,102200
2012-02-03,14.9400,15.2200,14.5500,15.0400,157100
2012-01-27,14.9600,15.1100,14.5800,15.0800,179200
2012-01-20,14.8500,15.1600,14.2600,14.9700,108700
2012-01-13,14.9600,15.1000,14.2200,14.7000,115900
2012-01-06,15.8500,15.8500,14.4100,14.8000,100200
2011-12-30,14.6600,15.9400,14.0500,15.8200,150000
2011-12-23,14.3000,14.8000,13.3400,14.6900,287900
2011-12-16,14.0000,14.5400,13.7600,14.1100,280800
2011-12-09,13.8200,14.6000,13.3000,14.3400,109000
2011-12-02,12.9800,13.7600,12.7700,13.6500,96600
2011-11-25,14.0200,14.0200,12.5000,12.5400,59500
2011-11-18,14.9700,15.1300,14.0800,14.2300,87200
2011-11-11,15.6400,15.6500,13.8100,14.9700,109100
2011-11-04,14.7600,15.7500,14.1000,15.6400,137300
2011-10-28,12.8300,15.1100,12.7700,14.7700,242000
2011-10-21,13.4900,13.5000,11.9300,12.7400,115000
2011-10-14,12.8600,13.8100,12.6500,13.3800,166300
2011-10-07,12.7000,13.0500,11.4800,12.5500,128000
2011-09-30,12.6000,14.3700,12.3100,12.8300,103500
2011-09-23,13.1800,13.6300,12.3700,12.4900,138000
2011-09-16,13.0800,13.6800,12.7800,13.3400,90200
2011-09-09,13.7400,14.6400,13.0700,13.2500,119800
2011-09-02,14.0600,15.0600,13.7300,13.8700,229600
2011-08-26,13.6600,13.9600,12.3300,13.9300,187500
2011-08-19,13.8400,14.4900,12.8500,13.3000,340200
2011-08-12,13.5200,14.0800,12.3800,13.7400,311900
2011-08-05,15.8200,15.8200,13.5200,13.6300,253900
2011-07-29,15.5300,15.9900,15.0100,15.6800,163600
2011-07-22,15.0000,15.7500,14.7200,15.5800,148000
2011-07-15,14.5300,15.0600,14.5100,15.0000,214000
2011-07-08,14.9500,15.0900,14.3800,14.7800,151200
2011-07-01,15.1300,15.1700,14.8000,14.9400,199700
2011-06-24,14.7600,15.3300,14.2400,15.1200,286100
2011-06-17,13.8200,15.0000,13.7300,14.7500,153200
2011-06-10,13.6100,14.2700,13.5700,13.7200,110400
2011-06-03,14.7900,15.0000,13.5400,13.5800,94700
2011-05-27,14.7300,15.1600,14.0000,14.6700,180700
2011-05-20,14.8500,15.3600,14.5800,15.2900,101900
2011-05-13,15.3500,15.8500,14.7100,14.8600,323900
2011-05-06,16.2600,16.2600,15.1700,15.5000,121300
2011-04-29,15.5900,16.2800,15.0600,16.1600,89900
2011-04-21,15.4900,15.7500,15.1500,15.6500,47600
2011-04-15,15.7600,15.9800,15.0500,15.5500,132300
2011-04-08,16.3600,16.4000,15.7900,15.8200,115700
2011-04-01,15.9300,16.4200,15.6100,16.2500,190400
2011-03-25,15.5400,16.0500,15.3400,16.0000,82700
2011-03-18,15.5300,15.5600,14.8000,15.4100,202500
2011-03-11,15.6900,16.2200,15.5500,15.6600,132700
2011-03-04,16.1200,16.1800,15.0100,15.6600,145000
2011-02-25,16.3300,16.8900,15.6000,16.1200,188500
2011-02-18,16.7500,17.1800,16.3300,16.5100,287100
2011-02-11,15.4700,16.7500,15.4000,16.7400,325300
2011-02-04,15.7300,15.7300,15.0300,15.5200,262200
2011-01-28,14.9500,16.1700,14.9500,15.5700,525200
2011-01-21,14.4500,15.1000,14.2200,14.8800,406600
2011-01-14,14.3100,14.9100,14.1400,14.2500,161900
2011-01-07,14.2600,14.6900,13.9500,14.3100,130900
2010-12-31,13.7400,14.1000,13.4100,14.0500,94500
2010-12-23,12.7200,13.9000,12.6500,13.7100,148400
2010-12-17,13.1700,13.1700,12.5500,12.6000,187600
2010-12-10,13.0400,13.3300,12.7500,13.1000,203400
2010-12-03,12.8500,13.1800,12.7000,13.1100,221000
2010-11-26,12.5900,13.0400,12.4700,12.9500,203200
2010-11-19,12.5000,12.8000,12.1100,12.7700,178600
2010-11-12,11.7900,12.5000,11.7800,12.4600,253100
2010-11-05,11.0700,11.7900,10.8300,11.7700,176000
2010-10-29,11.2400,11.4600,10.8000,11.0600,61900
2010-10-22,11.3600,11.4200,11.0000,11.1700,77600
2010-10-15,11.3200,11.5000,11.0800,11.3100,164300
2010-10-08,10.7600,11.5100,10.5900,11.3500,161000
2010-10-01,10.6600,10.7500,10.3500,10.6700,120200
2010-09-24,10.2200,10.6600,10.1200,10.6500,125800
2010-09-17,10.1500,10.3600,10.0600,10.1700,193700
2010-09-10,10.2500,10.2500,10.0400,10.1600,43500
2010-09-03,10.1000,10.2800,9.7000,10.2700,107900
2010-08-27,10.2400,10.3100,9.7200,10.1700,160100
2010-08-20,9.8000,10.1700,9.5100,10.1400,282000
2010-08-13,10.9900,11.0900,9.8100,9.8300,124000
2010-08-06,11.7400,12.0400,10.8600,10.9900,144400
2010-07-30,11.6500,11.8100,11.3300,11.6200,80200
2010-07-23,11.0000,11.7400,10.8700,11.5900,91900
2010-07-16,11.2500,11.3100,10.9100,10.9300,156200
2010-07-09,10.8200,11.2800,10.4400,11.2500,172200
2010-07-02,11.2400,11.4200,10.6200,10.6500,172200
2010-06-25,12.1500,12.1800,11.0900,11.3500,257100
2010-06-18,12.0000,12.2900,11.6200,11.9800,202100
2010-06-11,12.3800,12.4500,11.4500,11.9000,160600
2010-06-04,12.8200,12.9000,12.3000,12.3100,278000
2010-05-28,13.0300,13.2700,12.5800,12.9300,318900
2010-05-21,13.2000,13.2000,12.8400,13.0400,311200
2010-05-14,12.8900,13.4100,12.8900,13.1200,323300
2010-05-07,13.0700,13.1900,12.6400,12.8000,833100
2010-04-30,13.1400,13.4700,12.8100,12.9900,515400
2010-04-23,12.4400,13.1800,12.4400,13.1400,237100
2010-04-16,12.4300,13.1700,12.4200,12.5600,125300
2010-04-09,12.0600,12.5600,11.0800,12.2600,547900
2010-04-01,12.0000,12.5000,11.7400,12.0600,150900
2010-03-26,12.0000,12.2500,11.7200,12.0000,105200
2010-03-19,12.2900,12.7500,11.8500,12.0000,121500
2010-03-12,12.2500,12.8500,12.0000,12.3100,144500
2010-03-05,11.0000,12.3400,10.6900,12.2100,167700
2010-02-26,11.8700,12.0000,10.8300,10.9600,247800
2010-02-19,11.8400,12.5300,11.5800,11.8800,178400
2010-02-12,11.0100,11.9000,10.2600,11.6700,473600
2010-02-05,11.7700,11.7900,10.5300,10.6500,221800
2010-01-29,11.6300,11.9000,11.5000,11.7700,170100
2010-01-22,11.4000,11.9700,11.2600,11.5200,217900
2010-01-15,9.7900,11.7400,9.7500,11.3700,281700
2010-01-08,9.8400,9.9500,9.6800,9.8000,173600
2009-12-31,9.6500,9.9000,9.6500,9.8300,134800
2009-12-24,9.0600,9.6800,9.0000,9.6500,153300
2009-12-18,8.8300,9.0300,8.5700,8.9900,306300
2009-12-11,9.8200,9.8500,8.6300,8.8000,218300
2009-12-04,10.0200,10.2500,9.6700,9.7900,212400
2009-11-27,10.4700,10.7300,10.0000,10.0400,78500
2009-11-20,10.4700,10.9400,10.2300,10.3000,156300
2009-11-13,12.2400,12.6600,10.0000,10.3200,358500
2009-11-06,13.0200,13.4200,12.0000,12.2400,275900
2009-10-30,13.0500,13.4400,12.8000,13.0200,152200
2009-10-23,12.2500,13.5100,12.2500,13.0500,154200
2009-10-16,12.4500,12.7700,11.7400,12.3100,187800
2009-10-09,11.5300,12.4000,11.5300,12.3200,244300
2009-10-02,12.4500,12.6000,11.4100,11.5400,269100
2009-09-25,13.3300,13.5600,12.4300,12.4500,256500
2009-09-18,13.8100,14.3400,13.3400,13.3600,171400
2009-09-11,13.3400,14.4400,12.9500,13.9600,207700
2009-09-04,13.4000,13.4300,12.3900,13.2800,151000
2009-08-28,13.9200,14.3000,13.2500,13.5600,280600
2009-08-21,12.8500,14.0000,12.6300,13.8000,395400
2009-08-14,11.3000,14.0600,11.2000,12.9100,752500
2009-08-07,10.6600,11.3100,9.7200,11.2000,463200
2009-07-31,10.2000,10.7900,9.8700,10.6200,121600
2009-07-24,10.3300,10.3600,9.4300,10.2500,182500
2009-07-17,9.9700,10.9500,9.7400,10.2800,478400
2009-07-10,9.4500,9.9200,9.3100,9.9100,314300
2009-07-02,8.2600,9.5500,7.9700,9.4400,318900
2009-06-26,8.1100,8.3800,7.7100,8.2300,290300
2009-06-19,8.7600,8.9100,8.0200,8.1500,267000
2009-06-12,9.2600,9.3600,8.4100,8.7900,286700
2009-06-05,7.9000,9.7500,7.8900,9.3300,297600
2009-05-29,7.9500,8.3400,7.5000,7.8900,288900
2009-05-22,7.9300,8.9000,7.8600,7.9600,247500
2009-05-15,9.3800,9.3800,7.7100,7.7800,745900
2009-05-08,11.2000,11.5700,9.3800,9.6400,682500
2009-05-01,9.9000,11.4600,9.6400,11.1500,461500
2009-04-24,7.3300,10.2200,6.8200,10.0500,673400
2009-04-17,6.5300,7.5700,5.4800,7.5200,645600
2009-04-09,6.1100,6.7200,5.3500,6.5100,201300
2009-04-03,5.8100,6.2800,5.3700,6.2800,165000
2009-03-27,6.0500,6.4600,5.4900,5.7600,436400
2009-03-20,6.1300,6.3900,5.7100,6.0400,194500
2009-03-13,5.6800,6.1000,5.1200,6.0600,176400
2009-03-06,4.4600,5.8500,4.1500,5.7700,246900
2009-02-27,5.7100,5.7100,4.4500,4.5300,182900
2009-02-20,6.4100,6.4300,5.5000,5.5700,75700
2009-02-13,7.1700,7.5400,5.9100,6.5100,117800
2009-02-06,6.7300,7.4500,6.6500,7.2700,180000
2009-01-30,6.3800,7.7400,6.0000,6.9200,336700
2009-01-23,6.0000,6.3500,5.2800,6.3400,281300
2009-01-16,5.9200,6.2900,5.1500,6.1300,378200
2009-01-09,5.7700,6.4300,5.7300,5.8800,282200
2009-01-02,5.5500,6.0000,5.1300,5.7000,245300
2008-12-26,5.1900,5.4800,5.0000,5.4500,150300
2008-12-19,6.3100,6.3500,4.6900,4.9800,492200
2008-12-12,5.3300,6.7000,5.2300,6.2400,348800
2008-12-05,4.9500,5.5900,3.5900,5.1300,466300
2008-11-28,3.2500,4.9900,3.2500,4.9800,207300
2008-11-21,4.2100,4.5500,2.5000,3.1500,336300
2008-11-14,6.2600,6.4300,4.0000,4.2200,303700
2008-11-07,7.9000,8.0100,5.9400,6.1900,265700
2008-10-31,6.4200,8.3000,5.9700,8.0200,224200
2008-10-24,7.3700,7.5200,6.1000,6.4500,198100
2008-10-17,7.3000,8.6800,6.4300,7.1900,334500
2008-10-10,8.8100,9.2700,6.0100,7.0300,540700
2008-10-03,10.9800,11.2400,9.0500,9.0500,425800
2008-09-26,12.3600,13.3200,10.6000,11.0700,466900
2008-09-19,13.7900,13.7900,10.6200,12.2500,937700
2008-09-12,13.9800,15.0400,13.7100,14.1500,481900
2008-09-05,11.8600,14.2700,11.8600,13.7200,525200
2008-08-29,12.2100,12.3700,11.4500,11.7900,421500
2008-08-22,13.1000,13.7500,11.6800,12.2300,295100
2008-08-15,12.2500,13.9800,12.0000,13.0000,636300
2008-08-08,11.3400,12.5000,10.1700,12.2200,777700
2008-08-01,10.8500,11.7500,10.1400,11.3400,321400
2008-07-25,10.7800,11.6500,10.4500,10.9000,250900
2008-07-18,9.9500,10.8100,9.0700,10.6700,466800
2008-07-11,11.2800,11.4900,9.5000,9.8600,378100
2008-07-03,10.9400,11.5800,10.3000,11.1500,370600
2008-06-27,12.2100,12.3800,10.7300,10.8800,775500
2008-06-20,12.4500,13.0000,11.9100,12.0900,264900
2008-06-13,13.4400,13.4400,12.2000,12.4600,466900
2008-06-06,13.9900,14.2900,12.8200,13.3400,498600
2008-05-30,13.8600,14.3200,13.2500,14.0400,251100
2008-05-23,14.9700,15.0100,13.7600,13.8700,323800
2008-05-16,13.5400,15.4600,13.4300,15.0100,500600
2008-05-09,11.8000,14.0000,10.9400,13.4800,657900
2008-05-02,10.5000,12.1100,10.3100,11.8000,476100
2008-04-25,9.5600,10.7400,9.3200,10.6200,270600
2008-04-18,9.6400,10.5800,9.3000,9.5000,158100
2008-04-11,9.7600,10.0700,9.3100,9.7000,313600
2008-04-04,8.9600,10.4100,8.3500,9.7600,1250500
2008-03-28,9.4500,9.8000,8.7600,9.0000,194300
2008-03-20,10.5000,10.5000,8.5500,9.4500,349800
2008-03-14,11.7700,11.8000,10.3000,10.6400,530400
2008-03-07,15.3400,15.3400,11.5500,11.7500,319900
2008-02-29,15.1000,16.7100,15.1000,15.4100,266400
2008-02-22,14.5400,15.7600,13.0000,15.3500,227500
2008-02-15,17.4500,17.9700,14.3700,14.5600,204700
2008-02-08,18.9600,19.1700,17.2300,17.4100,270200
2008-02-01,17.9800,19.0500,17.7600,19.0500,214100
2008-01-25,16.7200,18.4200,16.7200,18.0200,154000
2008-01-18,17.2700,18.2900,17.2700,17.8000,464300
2008-01-11,17.2500,18.7800,16.7700,17.1400,245800
2008-01-04,17.5400,18.4100,16.9700,17.2500,219900
2007-12-28,17.2000,18.3400,17.1400,17.4800,474800
2007-12-21,19.0000,19.0000,15.7400,17.0500,450000
2007-12-14,20.1500,20.7700,18.5700,19.1200,180300
2007-12-07,18.2100,20.2200,18.2100,20.1600,355400
2007-11-30,20.9100,21.5300,16.8900,17.8500,268700
2007-11-23,21.4600,22.4300,20.5800,20.9600,75700
2007-11-16,20.9000,22.3800,20.4600,21.6000,304000
2007-11-09,23.9400,24.2500,19.2400,20.8400,338600
2007-11-02,22.4900,24.9000,22.4900,23.7900,205000
2007-10-26,23.2400,23.3000,20.4400,22.1700,165400
2007-10-19,23.4800,24.5500,21.1300,23.4800,379100
2007-10-12,19.4000,23.9400,19.2600,23.3900,226900
2007-10-05,18.6900,19.7100,18.4500,19.3600,120900
2007-09-28,17.9300,19.0000,17.4800,18.7400,98000
2007-09-21,17.1100,17.9400,15.3900,17.9400,200300
2007-09-14,16.4300,17.7900,16.3000,17.2900,148200
2007-09-07,16.5500,17.0000,16.1600,16.4700,129800
2007-08-31,16.9000,17.0000,16.1500,16.6200,295000
2007-08-24,17.3000,18.4600,16.7100,17.0100,209600
2007-08-17,16.7800,17.9400,15.9300,17.1800,390200
2007-08-10,16.7700,17.1900,14.0800,16.5500,256900
2007-08-03,16.9100,18.7400,16.1100,16.6100,185400
2007-07-27,19.4400,19.7200,16.7500,17.0000,208000
2007-07-20,17.9900,19.7700,17.5700,19.3600,295600
2007-07-13,18.1600,18.5000,17.5000,17.9900,78500
2007-07-06,16.9900,18.2500,16.9100,18.0100,173000
2007-06-29,16.8500,17.1000,15.5700,16.8900,543600
2007-06-22,17.2300,17.3000,15.7400,16.9100,697800
2007-06-15,18.0800,18.5000,16.4000,17.0000,711700
