timestamp,open,high,low,close,volume
2018-02-27,12.6200,12.6700,12.3100,12.3500,7744900
2018-02-23,0.0000,0.0000,0.0000,0.0000,0
2018-02-16,0.0000,0.0000,0.0000,0.0000,0
2018-02-09,0.0000,0.0000,0.0000,0.0000,0
2018-02-02,0.0000,0.0000,0.0000,0.0000,0
2018-01-26,0.0000,0.0000,0.0000,0.0000,0
2018-01-19,0.0000,0.0000,0.0000,0.0000,0
2018-01-12,0.0000,0.0000,0.0000,0.0000,0
2018-01-05,0.0000,0.0000,0.0000,0.0000,0
2017-12-29,0.0000,0.0000,0.0000,0.0000,0
2017-12-22,0.0000,0.0000,0.0000,0.0000,0
2017-12-15,0.0000,0.0000,0.0000,0.0000,0
2017-12-08,0.0000,0.0000,0.0000,0.0000,0
2017-12-01,0.0000,0.0000,0.0000,0.0000,0
2017-11-24,0.0000,0.0000,0.0000,0.0000,0
2017-11-17,0.0000,0.0000,0.0000,0.0000,0
2017-11-10,0.0000,0.0000,0.0000,0.0000,0
2017-11-03,0.0000,0.0000,0.0000,0.0000,0
2017-10-27,0.0000,0.0000,0.0000,0.0000,0
2017-10-20,0.0000,0.0000,0.0000,0.0000,0
2017-10-13,0.0000,0.0000,0.0000,0.0000,0
2017-10-06,0.0000,0.0000,0.0000,0.0000,0
2017-09-29,0.0000,0.0000,0.0000,0.0000,0
