timestamp,open,high,low,close,volume
2018-02-27,0.0000,0.0000,0.0000,6.6500,0
2017-08-11,7.1500,7.1500,6.4000,6.6500,651402
2017-08-04,6.5500,7.1500,6.3500,7.1000,551050
2017-07-28,6.7000,6.8000,6.4500,6.5000,309220
2017-07-21,6.7500,6.9000,6.6000,6.7500,286247
2017-07-14,6.6500,6.9000,6.1500,6.8000,626027
2017-07-07,6.6000,6.8000,6.4500,6.6500,472516
2017-06-30,6.6500,7.1000,6.4500,6.6500,1218549
2017-06-23,6.6000,6.6000,6.4000,6.5500,1932665
2017-06-16,6.8000,6.8000,6.3000,6.5000,467636
2017-06-09,6.5000,6.8000,6.2000,6.8000,450332
2017-06-02,5.8500,6.4500,5.8500,6.4500,349348
2017-05-26,6.0000,6.0000,5.8500,5.9000,254787
2017-05-19,6.0000,6.0000,5.7500,6.0000,270296
2017-05-12,5.3500,6.0000,5.3500,5.9000,350237
2017-05-05,5.3000,5.6000,5.2000,5.4000,276177
2017-04-28,5.2500,5.4000,5.1500,5.2500,170579
2017-04-21,5.4000,5.5000,5.1000,5.2000,331081
2017-04-13,5.2500,5.5500,5.2500,5.4000,232270
2017-04-07,5.4000,5.6000,5.2000,5.3500,413803
2017-03-31,5.4500,5.6500,5.3000,5.4500,293113
2017-03-24,5.4000,5.6500,5.2500,5.4500,492079
2017-03-17,5.3500,5.6000,5.2500,5.4500,313476
2017-03-10,5.6000,5.7300,5.0000,5.3000,601579
2017-03-03,5.7000,5.9000,5.5000,5.6000,216752
2017-02-24,5.7000,5.9500,5.5500,5.8500,208341
2017-02-17,5.5000,5.7400,5.0000,5.5000,458498
2017-02-10,6.0000,6.1000,5.4500,5.5000,308523
2017-02-03,5.5500,6.1000,5.3000,5.9500,362109
2017-01-27,5.8500,6.0000,5.5000,5.6500,267304
2017-01-20,5.9000,6.0000,5.7000,5.9000,160800
2017-01-13,5.9500,6.2250,5.5500,5.9000,475514
2017-01-06,5.3000,6.1000,5.3000,5.9500,486584
2016-12-30,5.5000,5.5500,5.2500,5.3500,259643
2016-12-23,5.8000,6.2950,5.3000,5.4000,337122
2016-12-16,6.6000,6.6100,5.6500,5.7500,372333
2016-12-09,6.3000,6.8500,6.2750,6.6500,339072
2016-12-02,6.1000,6.4250,5.9550,6.2000,809757
2016-11-25,6.0000,6.2500,5.8000,6.1500,360501
2016-11-18,6.2000,6.3500,5.9000,5.9500,771254
2016-11-11,5.6500,6.2000,5.4650,6.2000,1635475
2016-11-04,4.8500,5.7000,4.8500,5.5500,1030860
2016-10-28,5.0500,5.0500,4.7500,4.9000,383844
2016-10-21,5.0000,5.0500,4.9000,5.0000,431832
2016-10-14,4.9500,5.0500,4.8500,5.0000,179756
2016-10-07,5.1400,5.2100,4.8401,4.9300,349283
2016-09-30,4.7900,5.2100,4.7900,5.1400,437698
2016-09-23,4.8300,4.9700,4.7700,4.8400,192050
2016-09-16,4.8000,4.8700,4.6500,4.8600,240280
2016-09-09,4.7000,5.0000,4.6800,4.8200,315278
2016-09-02,4.5000,4.7000,4.4500,4.6800,263076
2016-08-26,4.5200,4.5900,4.4100,4.4500,179220
2016-08-19,4.6500,4.7200,4.4800,4.5500,187617
2016-08-12,4.4900,4.9600,4.4900,4.6500,522838
2016-08-05,4.2300,4.5000,4.1500,4.3500,713159
2016-07-29,4.2000,4.3600,4.1800,4.2100,270662
2016-07-22,4.4700,4.5300,4.2000,4.2300,261858
2016-07-15,4.4000,4.5800,4.4000,4.5000,712669
2016-07-08,4.3700,4.4735,4.1600,4.3800,462217
2016-07-01,4.1900,4.4100,3.9330,4.3800,761687
2016-06-24,4.4500,4.4800,4.0700,4.2100,2652756
2016-06-17,4.3100,4.4400,4.2100,4.4400,510175
2016-06-10,4.2200,4.3900,4.1800,4.3300,345381
2016-06-03,4.2000,4.3900,4.1200,4.1800,601609
2016-05-27,4.1900,4.3900,4.1100,4.2000,420078
2016-05-20,4.3300,4.4000,4.0200,4.1900,446645
2016-05-13,3.9900,4.4300,3.9900,4.3000,787736
2016-05-06,4.2500,4.3100,3.9500,4.0000,546977
2016-04-29,4.4400,4.4800,4.2200,4.2500,328360
2016-04-22,4.4700,4.4900,4.3800,4.4600,643036
2016-04-15,4.5100,4.5800,4.4500,4.5100,422081
2016-04-08,4.5500,4.6100,4.4500,4.4900,420037
2016-04-01,4.4400,4.6100,4.1500,4.5200,937281
2016-03-24,4.7200,4.8500,4.3900,4.4400,329846
2016-03-18,4.8700,5.1900,4.6000,4.7600,778596
2016-03-11,4.6200,4.9600,4.6100,4.8900,385484
2016-03-04,4.2200,4.6995,4.1500,4.6300,652009
2016-02-26,4.2500,4.4000,4.1100,4.2200,531160
2016-02-19,4.1400,4.2389,4.0700,4.1700,426112
2016-02-12,4.0800,4.2100,3.9500,4.1100,403252
2016-02-05,4.5000,4.5600,4.0600,4.1000,441418
2016-01-29,4.5500,4.7000,4.2800,4.5400,585838
2016-01-22,4.0200,4.6100,3.8500,4.5500,819234
2016-01-15,4.1700,4.2190,3.9500,3.9600,1288626
2016-01-08,4.3800,4.4000,4.1300,4.1700,668228
2015-12-31,4.5700,4.6300,4.4100,4.4200,629198
2015-12-24,4.5200,4.6800,4.3900,4.6000,648439
2015-12-18,4.3600,4.7000,4.2600,4.4700,1029577
2015-12-11,4.6100,4.7400,4.3400,4.4100,1286749
2015-12-04,4.9000,4.9600,4.6200,4.6500,1181975
2015-11-27,4.5600,5.0400,4.5600,4.8900,1355843
2015-11-20,4.0600,4.6350,3.9900,4.5950,2194850
2015-11-13,5.2500,5.3850,3.8000,4.1200,5076809
2015-11-06,5.5400,5.6300,5.2700,5.3800,737619
2015-10-30,5.2600,5.6440,5.1600,5.5400,1040674
2015-10-23,5.3300,5.4800,5.0100,5.2350,966799
2015-10-16,5.5500,5.6950,5.3100,5.3700,1163565
2015-10-09,6.0200,6.9380,5.3000,5.5250,2117335
2015-10-02,6.4400,6.4600,5.6200,5.9900,1301306
2015-09-25,7.0600,7.1300,6.4400,6.5000,1943499
2015-09-18,7.0400,7.2400,6.8801,7.0400,1271190
2015-09-11,7.4600,7.5100,6.8700,7.0500,614078
2015-09-04,7.4600,7.5700,7.0500,7.3700,865562
2015-08-28,7.1700,7.5200,7.0100,7.5000,1502446
2015-08-21,7.4500,7.7500,7.3000,7.5000,1188944
2015-08-14,9.3900,9.5100,7.2000,7.4300,2908266
2015-08-07,9.4700,9.5400,8.8600,9.3600,1153413
2015-07-31,10.0100,10.1300,9.3500,9.4950,1415203
2015-07-24,10.0000,10.2000,9.8300,10.0800,881140
2015-07-17,9.7800,10.0500,9.5700,9.9700,1206645
2015-07-10,9.2100,9.8900,8.7100,9.7900,1234985
2015-07-02,9.5100,9.5400,9.1600,9.2900,916719
2015-06-26,9.6600,9.8400,9.4800,9.6000,652635
2015-06-19,9.3300,9.7900,9.2100,9.6300,778906
2015-06-12,10.0500,10.0900,9.3700,9.3800,615062
2015-06-05,9.3200,10.1900,9.0900,10.0900,1559684
2015-05-29,9.4800,9.5300,9.1900,9.2600,867437
2015-05-22,9.7500,9.9100,9.3700,9.5000,1129087
2015-05-15,8.9400,9.9900,8.9200,9.7800,1186104
2015-05-08,9.0400,9.1740,8.8100,8.9700,788689
2015-05-01,9.0300,9.2000,8.8200,9.0200,1036032
2015-04-24,9.2400,9.6400,8.9800,9.0500,1189461
2015-04-17,9.7600,9.8600,9.0700,9.2100,1456135
2015-04-10,9.4300,9.9300,9.4000,9.7450,1187825
2015-04-02,9.6500,9.8440,9.3600,9.4500,937258
2015-03-27,9.9600,10.2000,9.5400,9.6200,1449096
2015-03-20,7.3800,10.7500,7.0300,9.9900,10611793
2015-03-13,7.4000,7.6899,7.0500,7.3100,947542
2015-03-06,7.2600,7.4400,7.0300,7.3400,991962
2015-02-27,6.6200,7.3500,6.5150,7.2500,1260819
2015-02-20,6.9700,7.0240,6.6100,6.6700,387808
2015-02-13,6.8700,6.9960,6.5300,6.9200,505838
2015-02-06,6.3600,6.9500,6.2500,6.8700,1859410
2015-01-30,7.0500,7.0500,6.3200,6.3600,1571803
2015-01-23,7.0300,7.1000,6.6500,6.9900,1019217
2015-01-16,7.2500,7.4880,6.9600,6.9900,1006198
2015-01-09,8.3400,8.5800,7.1700,7.2300,1131428
2015-01-02,8.4000,8.8700,8.2000,8.3600,512628
2014-12-26,7.9800,8.6600,7.9000,8.4200,367171
2014-12-19,8.5900,8.6900,7.8500,7.9900,1010068
2014-12-12,8.9200,9.2300,8.5700,8.5700,670486
2014-12-05,9.1300,9.1600,8.5700,8.9000,689686
2014-11-28,8.8000,9.5000,8.8000,9.0900,792064
2014-11-21,8.8700,9.2000,8.4300,8.6900,1165624
2014-11-14,8.4500,9.3000,8.2800,8.8100,1117500
2014-11-07,7.7900,8.6080,7.4900,8.4500,1863263
2014-10-31,7.8400,8.1900,7.2740,7.7600,1083465
2014-10-24,7.5500,8.3500,7.5500,7.9300,1301753
2014-10-17,7.3400,7.9700,7.1100,7.6200,1274055
2014-10-10,7.7800,8.0700,7.2100,7.2500,985358
2014-10-03,7.6000,7.8600,7.2507,7.7500,775739
2014-09-26,7.6900,8.0500,7.5100,7.6800,448264
2014-09-19,8.1100,8.1300,7.6700,7.7000,843600
2014-09-12,8.5000,8.6600,7.9000,8.1100,1108700
2014-09-05,8.5500,8.7300,8.2400,8.5000,461100
2014-08-29,8.5200,8.7500,8.3400,8.4800,735600
2014-08-22,7.9800,8.5600,7.5000,8.4700,1215000
2014-08-15,8.7500,9.1400,7.7300,7.9000,2261200
2014-08-08,8.6800,9.0276,8.3851,8.6800,838300
2014-08-01,10.2100,10.4000,8.5700,8.6100,873900
2014-07-25,10.5300,10.8700,10.2000,10.2300,332500
2014-07-18,10.7700,11.0200,10.2800,10.6300,291200
2014-07-11,11.1600,11.3000,10.4100,10.6400,405600
2014-07-03,11.3800,11.5200,10.9900,11.2300,406700
2014-06-27,11.8500,12.0700,11.2600,11.3700,518700
2014-06-20,11.0000,12.5998,10.9500,11.9300,745800
2014-06-13,11.0800,11.5000,10.9900,11.0400,311000
2014-06-06,10.7900,11.1800,10.4300,11.1000,532500
2014-05-30,10.9400,11.1600,10.5800,10.7800,352000
2014-05-23,10.6500,10.9000,10.4000,10.8300,590800
2014-05-16,11.2900,11.4900,10.3000,10.7200,733000
2014-05-09,11.0200,11.3700,10.5000,11.1900,610300
2014-05-02,11.1400,11.7000,10.9000,11.0900,538400
2014-04-25,11.0500,11.6900,10.9800,11.1400,340100
2014-04-17,11.1400,11.2196,10.6900,10.9900,309100
2014-04-11,11.2500,11.4500,10.8300,11.0000,485600
2014-04-04,12.1100,12.3850,11.2500,11.3200,588500
2014-03-28,12.1600,12.3600,11.5500,12.0800,462300
2014-03-21,11.7600,12.5000,11.5900,12.1200,413700
2014-03-14,12.1200,12.4450,11.5900,11.6500,484800
2014-03-07,10.5300,12.1200,10.5000,12.0900,953000
2014-02-28,10.1500,10.8100,10.1500,10.5800,576700
2014-02-21,9.6900,10.3200,9.6200,10.1000,674100
2014-02-14,10.3500,10.5300,9.1400,9.7100,2043300
2014-02-07,10.5056,10.9499,10.0800,10.3600,925900
2014-01-31,11.9100,11.9300,10.3300,10.6500,2263600
2014-01-24,13.8400,14.2000,11.6600,11.8200,1948100
2014-01-17,14.0900,14.5500,13.7000,13.7600,608500
2014-01-10,13.3300,14.1879,13.0000,14.0800,574300
2014-01-03,13.1000,13.9700,13.1000,13.2700,470800
2013-12-27,12.9500,13.1800,12.5700,13.0800,692400
2013-12-20,12.7500,13.1400,12.3610,12.9100,822600
2013-12-13,12.8400,13.0400,12.5000,12.6700,513500
2013-12-06,13.3100,13.4600,12.1900,12.8500,598400
2013-11-29,13.4800,13.6900,13.3100,13.3500,711900
2013-11-22,12.7500,13.5800,12.5800,13.3900,1039100
2013-11-15,12.5000,12.9400,12.3500,12.6900,575800
2013-11-08,14.8900,14.9650,12.1500,12.4500,2963700
2013-11-01,14.3300,15.1500,14.0250,14.9000,1294500
2013-10-25,14.5000,14.7800,14.0600,14.2800,645700
2013-10-18,14.4600,14.9000,14.1200,14.4500,1150200
2013-10-11,13.2200,14.6800,12.6700,14.5000,2020600
2013-10-04,12.1000,13.2100,11.9300,12.9800,826600
2013-09-27,12.2500,12.4600,11.9500,12.1600,511400
2013-09-20,12.2000,12.6800,11.5600,12.2300,576600
2013-09-13,10.7100,12.1600,10.5500,12.0700,948400
2013-09-06,10.7200,10.9400,10.3800,10.5800,846700
2013-08-30,10.9200,10.9700,10.2004,10.4000,772200
2013-08-23,10.4200,11.0000,10.3500,10.8900,813700
2013-08-16,10.3100,10.5500,10.2700,10.3800,599000
2013-08-09,10.4600,10.7000,9.5000,10.3600,1525200
2013-08-02,10.2600,10.6700,10.0300,10.4400,563600
2013-07-26,10.1000,10.4000,10.0000,10.2600,701600
2013-07-19,9.8000,10.1600,9.6600,10.1600,696800
2013-07-12,9.5300,9.9200,9.3500,9.8200,905800
2013-07-05,9.4000,9.5600,9.1600,9.5400,533000
2013-06-28,9.0900,9.6400,9.0900,9.3900,1322000
2013-06-21,9.0800,9.2600,8.9950,9.1800,943800
2013-06-14,8.8000,9.0300,8.6400,9.0000,655400
2013-06-07,8.9600,9.0600,8.6800,8.7600,555600
2013-05-31,8.9500,9.1050,8.6900,8.9700,548700
2013-05-24,8.8500,9.1580,8.6300,8.8800,1146900
2013-05-17,8.8600,9.2000,8.6900,8.9500,622200
2013-05-10,9.9000,9.9900,8.7000,8.9000,1456500
2013-05-03,9.9700,10.0000,9.2900,9.8500,815500
2013-04-26,9.4500,10.1128,9.2500,9.9400,419100
2013-04-19,9.4500,9.5000,8.8800,9.3900,391400
2013-04-12,9.1800,9.5500,8.7600,9.5200,378600
2013-04-05,9.1200,9.2100,8.5900,9.1300,540500
2013-03-28,8.8400,9.2000,8.6491,9.1100,448500
2013-03-22,8.7200,8.9400,8.0600,8.7300,439000
2013-03-15,7.8600,8.9300,7.8100,8.8100,1002900
2013-03-08,7.9100,8.2650,7.8000,7.8500,431100
2013-03-01,8.3600,8.3700,7.8800,7.9000,369700
2013-02-22,8.0000,8.4100,7.9500,8.3600,293100
2013-02-15,8.4700,8.6400,7.5500,8.0400,1070000
2013-02-08,8.0000,8.6600,7.7100,8.4900,898800
2013-02-01,8.5600,8.9060,7.6300,8.0200,912900
2013-01-25,8.5500,8.9400,8.4000,8.5500,394100
2013-01-18,8.0700,8.5300,7.6500,8.5200,502500
2013-01-11,8.0200,8.3200,7.8500,8.0700,291100
2013-01-04,7.9900,8.4100,7.8600,8.0800,366600
2012-12-28,7.7300,8.1700,7.6800,8.0100,255900
2012-12-21,8.1000,8.3500,7.6400,7.7500,1011800
2012-12-14,8.1100,8.2400,8.0100,8.0900,454400
2012-12-07,8.2500,8.2900,8.0000,8.0700,315000
2012-11-30,8.5500,8.7300,8.2200,8.2400,691900
2012-11-23,8.7100,8.7500,8.4400,8.5700,239200
2012-11-16,8.5900,9.0100,8.2000,8.6100,539800
2012-11-09,9.3500,9.5900,8.4100,8.5700,435500
2012-11-02,9.5400,9.8100,9.3500,9.3800,244900
2012-10-26,9.3499,9.6100,9.2016,9.5000,186700
2012-10-19,9.6000,10.0200,9.2500,9.2700,374400
2012-10-12,9.4500,9.6500,9.1900,9.6000,210300
2012-10-05,8.8000,9.6400,8.7200,9.4900,398800
2012-09-28,9.0000,9.3650,8.5300,8.7700,426000
2012-09-21,9.1600,9.2000,8.2600,9.0100,960200
2012-09-14,9.9392,9.9392,9.1900,9.2000,404400
2012-09-07,9.7000,10.0000,9.5200,9.8600,462600
2012-08-31,9.4500,9.7900,9.4010,9.6600,186300
2012-08-24,9.0800,9.6700,9.0800,9.4000,283000
2012-08-17,9.2200,9.2300,9.0400,9.0800,281800
2012-08-10,9.9900,10.3600,9.0500,9.2050,830400
2012-08-03,9.9300,10.0700,9.6700,10.0100,358500
2012-07-27,10.0100,10.3000,9.6200,9.8800,373100
2012-07-20,10.0400,10.6300,9.8900,10.2700,327600
2012-07-13,9.6800,10.2000,9.6700,10.0900,392400
2012-07-06,9.4000,10.2100,9.3900,9.6600,425700
2012-06-29,9.2400,9.7100,9.0000,9.4500,652000
2012-06-22,9.9500,10.0500,9.1400,9.3000,1061700
2012-06-15,9.9600,10.0500,9.6000,10.0000,463100
2012-06-08,9.1200,9.9700,8.8600,9.8900,355100
2012-06-01,9.2200,9.3520,8.6300,9.0400,280800
2012-05-25,9.0000,9.4300,8.8800,9.1400,245700
2012-05-18,9.5300,9.6400,8.9300,9.0100,453600
2012-05-11,9.1000,9.8700,8.8700,9.6100,540500
2012-05-04,9.9100,10.1000,8.7830,9.1100,483300
2012-04-27,9.3900,10.0900,9.2700,9.9500,428700
2012-04-20,9.5300,9.8896,9.3000,9.5600,372900
2012-04-13,9.0800,9.6600,8.9000,9.4750,451200
2012-04-05,9.2300,9.5000,9.1200,9.2300,660100
2012-03-30,9.6100,9.9000,9.1200,9.2600,376300
2012-03-23,9.7900,10.0300,9.4000,9.5300,284900
2012-03-16,9.5200,10.0500,9.4000,9.8000,621500
2012-03-09,8.6000,9.5710,8.5020,9.4700,1073700
2012-03-02,8.2200,8.7700,8.1700,8.6100,1197100
2012-02-24,8.4400,8.4400,8.0000,8.1700,649600
2012-02-17,8.2300,8.4500,7.9500,8.4400,1623900
2012-02-10,8.1600,8.3600,7.9900,8.1500,161900
2012-02-03,7.9500,8.1800,7.6800,8.1800,525200
2012-01-27,7.9900,8.1100,7.8100,8.0200,252600
2012-01-20,8.0600,8.1000,7.6800,7.9900,185100
2012-01-13,7.5700,8.0300,7.4400,8.0100,263100
2012-01-06,7.6600,7.6600,7.2300,7.5200,140400
2011-12-30,7.1500,7.6100,7.1400,7.4700,169700
2011-12-23,7.4700,7.5300,7.0100,7.2500,250300
2011-12-16,7.7400,7.7900,7.0300,7.4500,234900
2011-12-09,7.5000,7.9400,7.3200,7.8200,278500
2011-12-02,7.2500,7.7600,7.0200,7.3200,311500
2011-11-25,7.2100,7.3100,6.9200,6.9600,140700
2011-11-18,7.6500,7.7100,7.0600,7.3200,211400
2011-11-11,8.6800,8.8100,7.5500,7.7300,266800
2011-11-04,8.8000,8.9000,8.2500,8.6000,183500
2011-10-28,8.0100,9.0494,7.7500,8.8900,323800
2011-10-21,8.2000,8.3200,7.6800,8.0200,201700
2011-10-14,6.8600,8.4100,6.6700,8.3100,253900
2011-10-07,6.5000,7.0850,6.0000,6.7500,482600
2011-09-30,6.9700,7.5100,6.5000,6.5200,218400
2011-09-23,7.6400,7.6400,6.7500,6.9200,159500
2011-09-16,7.3600,7.9500,6.9500,7.7700,215800
2011-09-09,6.9900,7.7500,6.7600,6.9800,190500
2011-09-02,7.8000,8.1300,7.0000,7.0100,173900
2011-08-26,7.3400,8.0620,7.1100,7.7200,145100
2011-08-19,7.5300,7.8800,6.9000,7.2000,263900
2011-08-12,8.5100,8.6900,7.2000,7.5100,440900
2011-08-05,8.4300,9.0100,8.0000,8.7400,236300
2011-07-29,9.0600,9.3400,8.2500,8.4100,224500
2011-07-22,9.0300,9.2300,8.8100,9.1600,192300
2011-07-15,8.3500,9.1100,8.2500,9.0100,381900
2011-07-08,8.0100,8.5900,7.9200,8.4300,222100
2011-07-01,7.4600,8.1800,7.4000,8.0100,363600
2011-06-24,7.4800,7.7400,7.1500,7.4600,1865600
2011-06-17,7.8400,7.9700,7.3800,7.5100,319200
2011-06-10,7.7800,8.1000,7.6800,7.8800,301300
2011-06-03,8.1600,8.5000,7.9000,7.9500,205400
2011-05-27,7.9000,8.4100,7.8300,8.1500,191600
2011-05-20,7.7200,7.9850,7.5500,7.9172,166600
2011-05-13,6.9200,7.7950,6.9000,7.7700,300900
2011-05-06,6.8700,7.0100,6.7100,6.9500,433800
2011-04-29,6.9500,6.9800,6.6200,6.8400,156300
2011-04-21,6.8800,7.0500,6.8700,7.0000,63700
2011-04-15,7.0300,7.0800,6.5600,6.9500,195100
2011-04-08,7.0100,7.3200,6.8800,7.0600,253200
2011-04-01,6.2300,7.1400,6.1200,7.0800,414600
2011-03-25,6.2700,6.3200,6.1600,6.2200,82400
2011-03-18,6.3800,6.5500,6.0900,6.2000,371200
2011-03-11,6.5521,6.5800,6.3440,6.4200,136100
2011-03-04,6.7900,7.1500,6.2610,6.4500,190000
2011-02-25,6.9600,7.0200,6.7210,6.8200,170400
2011-02-18,7.1000,7.2800,6.8800,7.0000,437000
2011-02-11,7.2000,7.3600,6.8000,7.0500,487700
2011-02-04,7.0800,7.3300,6.9001,7.1500,220900
2011-01-28,7.2000,7.3500,6.9400,7.0100,968300
2011-01-21,7.3700,7.3700,6.9990,7.1490,229300
2011-01-14,7.4400,7.5000,7.2000,7.3400,305900
2011-01-07,7.9800,7.9800,7.0300,7.4100,299600
2010-12-31,8.0500,8.2900,7.8500,7.9100,91400
2010-12-23,7.8600,8.2300,7.8000,8.0000,82500
2010-12-17,7.6200,8.0960,7.5000,7.8000,135000
2010-12-10,7.4100,8.2000,7.4000,7.6300,413900
2010-12-03,7.1500,7.4400,6.9400,7.3700,268000
2010-11-26,7.0300,7.1400,6.8000,7.1300,73800
2010-11-19,6.9400,7.1800,6.8000,7.0000,113400
2010-11-12,7.0200,7.2500,6.7500,7.0000,958900
2010-11-05,7.2000,7.2499,6.8000,7.0900,188400
2010-10-29,7.1100,7.1500,6.7500,7.1200,95300
2010-10-22,7.0100,7.4300,6.7810,6.9600,122900
2010-10-15,6.6100,7.0800,6.3800,6.9900,161100
2010-10-08,6.8800,7.3000,6.3800,6.6600,195300
2010-10-01,6.0101,6.8100,6.0000,6.7700,319600
2010-09-24,6.0300,6.2500,5.9900,6.2000,99600
2010-09-17,6.2100,6.3500,5.9800,5.9800,123400
2010-09-10,6.4500,6.4800,6.1600,6.1600,63500
2010-09-03,6.2400,6.5100,6.0000,6.4100,171100
2010-08-27,6.2600,6.4000,5.9000,6.3000,92800
2010-08-20,6.4000,6.9400,6.2700,6.3100,68900
2010-08-13,6.8300,6.8300,6.2300,6.3000,108700
2010-08-06,6.1900,7.0000,6.1900,6.6500,235400
2010-07-30,6.6500,6.9000,6.6000,6.7900,164700
2010-07-23,6.5000,6.7300,6.4850,6.7000,113700
2010-07-16,6.6000,6.6700,6.3000,6.4900,163700
2010-07-09,6.6400,6.6900,6.0700,6.6400,604100
2010-07-02,6.6400,6.9700,6.5000,6.5800,334400
2010-06-25,6.2200,6.6400,6.1900,6.6200,260000
2010-06-18,6.4000,6.5500,6.0000,6.2200,378100
2010-06-11,7.4000,7.4000,6.3700,6.4500,440800
2010-06-04,6.9300,7.8000,6.9300,7.5000,751900
2010-05-28,6.6500,7.1000,6.3500,6.8500,244100
2010-05-21,6.2500,7.1000,6.1000,6.6500,782000
2010-05-14,5.1000,6.2000,5.1000,6.2000,2158300
2010-05-07,5.3500,5.3500,4.8500,5.0000,44500
2010-04-30,5.1900,5.5500,5.0500,5.3500,36200
2010-04-23,4.9000,5.1700,4.8000,5.0900,97200
2010-04-16,4.8500,5.0500,4.8000,5.0000,36500
2010-04-09,5.0300,5.1000,4.8000,5.0000,72100
2010-04-01,4.8000,5.0100,4.4100,5.0100,349900
2010-03-26,4.6500,4.8000,4.3700,4.8000,111800
2010-03-19,4.6000,4.6500,4.4000,4.6500,48900
2010-03-12,4.4000,4.7000,4.4000,4.6000,425300
2010-03-05,4.6000,4.6000,4.3500,4.4000,30400
2010-02-26,4.3600,4.5000,4.3000,4.4000,84700
2010-02-19,4.3600,4.4500,4.3600,4.3600,1900
2010-02-12,4.4500,4.4500,4.3500,4.3600,10500
2010-02-05,4.3500,4.6000,4.3500,4.5000,46100
2010-01-29,4.4000,4.4000,4.3500,4.3500,31300
2010-01-22,4.4400,4.6000,4.3600,4.5000,133600
2010-01-15,4.4700,4.5000,4.1700,4.4200,170800
2010-01-08,4.2500,4.5000,4.2000,4.5000,82400
2009-12-31,4.3500,4.3500,4.2500,4.2500,79600
2009-12-24,4.4000,4.5000,4.3500,4.4500,39100
2009-12-18,4.3700,4.6000,4.3600,4.4000,38400
2009-12-11,4.5900,4.6000,4.3600,4.6000,1600
2009-12-04,4.5000,4.5900,4.3700,4.5000,37100
2009-11-27,4.4900,4.6000,4.3000,4.5000,39900
2009-11-20,4.2500,4.5000,4.1200,4.5000,578800
2009-11-13,4.6000,4.6000,4.3000,4.3000,183900
2009-11-06,4.5500,4.6500,4.4000,4.5000,47400
2009-10-30,4.5200,4.6000,4.3900,4.4000,65000
2009-10-23,4.5000,5.0000,4.5000,4.6000,138400
2009-10-16,4.3600,4.5800,4.3600,4.5000,29300
2009-10-09,4.3700,4.4500,4.3600,4.4500,33200
2009-10-02,4.1700,4.5000,4.1700,4.3800,300100
2009-09-25,4.2200,4.2200,4.1700,4.1700,17800
2009-09-18,4.2000,4.3000,4.2000,4.2000,136900
2009-09-11,4.3000,4.3000,4.2100,4.3000,21100
2009-09-04,4.3000,4.3500,4.1500,4.3500,26000
2009-08-28,4.1000,4.3000,4.1000,4.3000,28300
2009-08-21,4.2300,4.2300,4.0200,4.1000,128500
2009-08-14,4.2500,4.2500,4.2000,4.2300,38800
2009-08-07,4.0000,4.2900,4.0000,4.2500,134100
2009-07-31,3.9900,4.2000,3.9100,4.1700,378900
2009-07-24,3.9200,4.0200,3.9200,3.9900,151400
2009-07-17,3.9000,4.0000,3.9000,3.9500,20700
2009-07-10,3.9200,3.9500,3.8700,3.9000,182400
2009-07-02,3.9800,4.0000,3.7900,3.9500,99800
2009-06-26,3.9700,4.2000,3.9600,3.9600,162700
2009-06-19,4.0000,4.0000,3.9600,4.0000,85100
2009-06-12,4.0100,4.0500,3.9600,4.0000,47400
2009-06-05,4.1000,4.1000,3.9600,4.0100,9100
2009-05-29,4.1000,4.1200,3.9700,4.0600,73700
2009-05-22,4.1200,4.1500,4.0500,4.1200,36500
2009-05-15,4.2900,4.2900,4.1700,4.1700,25900
2009-05-08,4.1500,4.2900,4.1200,4.2900,24100
2009-05-01,4.1000,4.2500,4.0100,4.2100,139800
2009-04-24,4.1500,4.1700,4.0000,4.1000,113200
2009-04-17,3.9500,4.1000,3.9500,4.1000,58500
2009-04-09,4.0000,4.0500,3.9500,4.0000,66000
2009-04-03,3.9200,4.0500,3.8500,4.0000,194100
2009-03-27,3.9100,4.0000,3.8600,3.9000,82300
2009-03-20,4.0000,4.0000,3.9000,3.9500,38400
2009-03-13,4.0000,4.0500,3.9500,4.0000,34400
2009-03-06,4.0600,4.1000,3.9500,4.0000,123300
2009-02-27,4.0300,4.2000,4.0100,4.1000,110400
2009-02-20,4.1500,4.1500,4.0300,4.0300,41100
2009-02-13,4.1200,4.3000,4.0300,4.1500,47900
2009-02-06,4.2000,4.2900,4.1000,4.1500,14500
2009-01-30,4.1500,4.2000,4.1000,4.2000,84300
2009-01-23,4.1000,4.1500,4.1000,4.1500,33700
2009-01-16,4.1200,4.3000,4.0100,4.0300,118200
2009-01-09,4.3300,4.3600,4.1200,4.1200,119100
2009-01-02,4.0700,4.3000,3.7500,4.3000,443500
2008-12-26,4.1800,4.2000,4.0600,4.1000,230700
2008-12-19,4.6000,4.6100,4.1600,4.2000,956900
2008-12-12,4.6000,4.6500,4.6000,4.6000,11100
2008-12-05,4.9500,5.0000,4.6000,4.6000,9900
2008-11-28,4.4500,4.9500,4.2000,4.9500,167400
2008-11-21,4.9500,4.9500,4.1800,4.5000,462500
2008-11-14,5.0000,5.0000,4.4000,4.9500,15900
2008-11-07,5.1000,5.1000,4.5000,4.9900,11700
2008-10-31,4.7500,5.1000,4.0500,5.0000,153000
2008-10-24,5.0000,5.0000,4.5500,5.0000,28100
2008-10-17,5.0000,5.1000,4.6500,4.9500,11600
2008-10-10,5.0000,5.2000,4.6000,5.2000,402300
2008-10-03,5.0700,5.1500,4.8500,5.1000,264400
2008-09-26,5.0500,5.1500,5.0000,5.1500,42800
2008-09-19,5.1000,5.1100,5.0100,5.1000,70500
2008-09-12,5.1000,5.2500,5.1000,5.2000,15600
2008-09-05,5.3500,5.3500,5.1000,5.2000,115800
2008-08-29,5.5500,5.5500,5.3000,5.4500,76800
2008-08-22,5.8500,5.8500,5.4500,5.5500,58900
2008-08-15,5.1200,5.9000,5.0000,5.8500,3233900
2008-08-08,5.1700,5.1800,5.1000,5.1500,234300
2008-08-01,5.2500,5.2500,5.1200,5.1500,247700
2008-07-25,5.2500,5.2500,5.1400,5.2200,438300
2008-07-18,5.1600,5.2500,4.7700,5.1500,503600
2008-07-11,5.6500,5.6500,5.4000,5.4100,43700
2008-07-03,5.4000,5.7400,5.4000,5.7400,46200
2008-06-27,5.8000,5.8250,5.3500,5.5500,312600
2008-06-20,5.7100,6.0000,5.6600,5.9000,459400
2008-06-13,5.8200,6.0000,5.6500,5.8000,20500
2008-06-06,6.0000,6.0000,5.8000,5.9900,108000
2008-05-30,5.9900,6.0000,5.8000,6.0000,37300
2008-05-23,6.0000,6.0000,5.8000,5.9900,37500
2008-05-16,6.0000,6.0000,5.8500,6.0000,5500
2008-05-09,5.9700,6.1000,5.8600,6.0000,48800
2008-05-02,6.0000,6.1000,5.9000,6.0500,107600
2008-04-25,6.1500,6.1500,6.0000,6.1000,30500
2008-04-18,6.3200,6.3200,6.0500,6.1500,75600
2008-04-11,6.3900,6.4000,6.2000,6.3500,52100
2008-04-04,6.3500,6.5000,6.2000,6.4200,83800
2008-03-28,6.4500,6.4500,6.0500,6.3500,37100
2008-03-20,6.3000,6.4700,6.2000,6.4500,5900
2008-03-14,6.2500,6.4500,6.2500,6.4000,14800
2008-03-07,6.3000,6.5000,6.2500,6.4500,32400
2008-02-29,5.6700,6.5500,5.6700,6.3000,62500
2008-02-22,5.8200,5.8500,5.6700,5.8000,13200
2008-02-15,5.8200,5.9400,5.7800,5.9000,11600
2008-02-08,5.9700,6.0500,5.7000,5.9400,31800
2008-02-01,5.8500,6.0500,5.7000,6.0500,50500
2008-01-25,5.9000,5.9000,5.6000,5.9000,28600
2008-01-18,5.9000,5.9000,5.5500,5.8500,194500
2008-01-11,5.8500,5.9500,5.7200,5.9000,32000
2008-01-04,5.7500,6.0000,5.7100,5.9000,70100
2007-12-28,5.9000,5.9000,5.7300,5.8000,100200
2007-12-21,5.8800,6.0500,5.7000,5.8500,214300
2007-12-14,6.4000,6.4600,5.8500,5.8800,161000
2007-12-07,6.2600,6.2600,5.7500,6.0500,226000
2007-11-30,6.6000,6.6000,6.2200,6.3000,87900
2007-11-23,6.6000,6.6300,5.9500,6.6300,720200
2007-11-16,6.8500,6.9000,6.5000,6.6700,180800
2007-11-09,6.8500,7.0000,6.8300,6.9000,49800
2007-11-02,7.1000,7.1400,6.7000,6.8000,245600
2007-10-26,7.1500,7.3000,7.1000,7.1000,37500
2007-10-19,7.1500,7.2500,7.1000,7.2000,21600
2007-10-12,6.8500,7.2500,6.8000,7.1500,175200
2007-10-05,6.7500,6.9000,6.6500,6.8500,63200
2007-09-28,6.8700,7.0000,6.7000,6.7500,120700
2007-09-21,7.0400,7.0400,6.8600,7.0000,79000
2007-09-14,7.0000,7.3500,7.0000,7.0500,140600
2007-09-07,7.0000,7.0700,6.9000,7.0400,68800
2007-08-31,7.0200,7.2900,6.9000,7.1000,64600
2007-08-24,7.0000,7.1000,6.9500,7.0000,168900
2007-08-17,7.6500,7.9000,6.7500,7.1000,209900
2007-08-10,8.6500,8.9000,7.0000,7.9000,453500
2007-08-03,8.6000,9.0500,8.6000,8.7500,118700
2007-07-27,9.5500,9.5500,8.6500,8.6500,51100
2007-07-20,9.5000,9.8000,9.4000,9.5000,51900
2007-07-13,9.6500,9.9000,9.6500,9.7500,101400
2007-07-06,9.1000,9.6500,9.0000,9.6500,76200
2007-06-29,8.9000,9.1000,8.8000,9.1000,41300
2007-06-22,9.0000,9.1400,8.7500,9.0000,44100
2007-06-15,9.5500,9.5500,8.4500,9.1500,91600
2007-06-08,9.6500,9.8000,9.5500,9.5500,59500
2007-06-01,9.5000,9.9000,9.4600,9.8000,27300
2007-05-25,9.4000,9.6500,9.3800,9.5000,72100
2007-05-18,9.3000,9.5000,9.3000,9.4200,130400
2007-05-11,9.5000,9.9500,9.2000,9.4500,163200
2007-05-04,8.8000,9.6500,8.8000,9.5000,233500
2007-04-27,9.0000,9.0000,8.7500,8.9000,44300
2007-04-20,8.4500,9.1000,8.4500,9.0000,86600
2007-04-13,8.2500,8.4500,8.1500,8.4500,87000
2007-04-05,8.0500,8.3500,8.0000,8.3500,71700
2007-03-30,8.1100,8.3000,8.0000,8.1000,207300
2007-03-23,7.7600,8.2500,7.7500,8.2000,205800
2007-03-16,7.7400,7.8000,7.5100,7.8000,54000
2007-03-09,7.6000,7.8000,7.5500,7.8000,202900
2007-03-02,7.4500,8.0000,7.2500,7.6000,418100
2007-02-23,7.1000,7.3500,7.0500,7.3500,47400
2007-02-16,7.1000,7.2000,7.0500,7.1600,80800
2007-02-09,7.5500,7.6000,7.2500,7.3000,110000
2007-02-02,7.4000,7.6500,7.4000,7.6000,236800
2007-01-26,7.2500,7.6500,7.2500,7.5000,210200
2007-01-19,7.3000,7.4500,7.2500,7.3200,39400
2007-01-12,7.0500,7.4500,7.0500,7.3500,95500
2007-01-05,7.0000,7.0500,7.0000,7.0500,10100
2006-12-29,6.7500,7.0500,6.5500,7.0500,235700
2006-12-22,7.0000,7.0300,6.7000,6.8000,156700
2006-12-15,7.0200,7.0500,6.9500,7.0300,147700
2006-12-08,7.1000,7.2000,7.0100,7.0800,76500
2006-12-01,7.2000,7.2000,7.1000,7.1500,31800
2006-11-24,7.2500,7.3000,7.1000,7.2000,174700
2006-11-17,7.2000,7.3000,7.1500,7.3000,28200
2006-11-10,7.4000,7.5000,7.2000,7.3000,136200
2006-11-03,7.2500,7.5500,7.2000,7.4800,126400
2006-10-27,7.0500,7.3000,7.0500,7.3000,142300
2006-10-20,7.2000,7.2500,7.0500,7.1000,51000
2006-10-13,7.4000,7.4000,7.1000,7.2000,60300
2006-10-06,7.3500,7.5500,7.0400,7.3500,112600
2006-09-29,6.6000,7.4500,6.6000,7.3400,561500
2006-09-22,6.7500,6.9000,6.6000,6.7500,12800
2006-09-15,6.7500,7.0300,6.7500,6.9000,41600
2006-09-08,6.9500,7.0000,6.6800,6.8000,23100
2006-09-01,6.7500,7.2000,6.6000,6.9900,106200
2006-08-25,6.6000,6.8000,6.6000,6.7500,10600
2006-08-18,6.5500,6.8000,6.5000,6.6000,86100
2006-08-11,6.5000,6.7000,6.5000,6.7000,21300
2006-08-04,6.5000,6.7000,6.5000,6.6000,16100
2006-07-28,6.7200,6.7200,6.5000,6.6000,35800
2006-07-21,6.5000,6.7000,6.2000,6.7000,79900
2006-07-14,6.3500,6.6000,6.3500,6.4000,89900
2006-07-07,6.4300,6.4500,6.3500,6.4500,5500
2006-06-30,6.4300,6.4500,6.1500,6.4500,321800
2006-06-23,6.4300,6.4300,6.2500,6.4200,9900
2006-06-16,6.4500,6.5000,6.0000,6.4300,192400
2006-06-09,6.5600,6.7000,6.4500,6.5000,272500
2006-06-02,6.6200,6.7500,6.5500,6.7200,408800
2006-05-26,6.5000,6.6700,6.2500,6.5500,245400
2006-05-19,6.8600,6.9200,6.2500,6.6500,112300
2006-05-12,6.9200,7.0900,6.9000,6.9000,58500
2006-05-05,6.9000,7.0000,6.9000,7.0000,23400
2006-04-28,6.8500,6.9800,6.8000,6.9500,21600
2006-04-21,6.9500,6.9800,6.8500,6.9800,23100
2006-04-13,6.9500,7.0300,6.9500,6.9800,27300
2006-04-07,7.1500,7.1900,6.8500,7.0000,89300
2006-03-31,7.1500,7.2000,7.1300,7.1500,45800
2006-03-24,6.9600,7.2000,6.9600,7.2000,24100
2006-03-17,7.2000,7.2500,6.9500,7.1000,60400
2006-03-10,7.2000,7.4200,7.0700,7.3000,109200
2006-03-03,7.0000,7.5000,7.0000,7.1700,558000
2006-02-24,7.0000,7.1000,7.0000,7.0500,220100
2006-02-17,7.0500,7.1000,6.9000,7.0000,321400
2006-02-10,7.1500,7.2500,6.7500,7.1500,151100
2006-02-03,7.7000,7.7500,6.9500,7.3000,429400
2006-01-27,7.9000,8.0500,7.5200,7.7000,209300
2006-01-20,8.0000,8.2000,7.8000,8.0500,111900
2006-01-13,8.4000,8.4500,8.0500,8.2000,53300
2006-01-06,8.2700,8.5000,8.1000,8.4500,381500
2005-12-30,8.7400,8.7400,8.3000,8.3500,566300
2005-12-23,8.8000,8.8000,8.1500,8.5000,433200
2005-12-16,8.5500,8.7500,8.2000,8.7500,197600
2005-12-09,8.4000,9.0500,8.3500,8.5000,94600
2005-12-02,8.0500,8.7500,7.9000,8.4000,300100
2005-11-25,7.9500,8.0000,7.7000,7.9000,239200
2005-11-18,7.7500,7.8000,7.6500,7.7800,125900
2005-11-11,7.7500,7.7800,7.6500,7.7500,14400
2005-11-04,7.7000,8.2000,7.5500,7.7500,268400
2005-10-28,7.6000,8.0000,7.5500,7.7000,149400
2005-10-21,7.7500,7.9000,7.5000,7.9000,119100
2005-10-14,8.0000,8.1000,7.7500,7.7500,127000
2005-10-07,8.2500,8.3000,7.9500,8.0000,150100
2005-09-30,8.4000,8.6000,8.1000,8.3000,85000
2005-09-23,8.1000,8.5000,8.1000,8.5000,9200
2005-09-16,7.8000,8.5000,7.8000,8.1500,105800
2005-09-09,7.8500,8.1500,7.7000,8.1000,92300
2005-09-02,7.7000,8.0000,7.6500,7.8500,67300
2005-08-26,8.3000,8.3000,7.7000,7.7500,83900
2005-08-19,7.4000,8.3700,7.3000,8.3000,860200
2005-08-12,7.4500,7.5500,7.2700,7.5000,48000
2005-08-05,7.5000,7.5000,7.3600,7.4200,60200
2005-07-29,7.5500,7.5500,7.3500,7.4500,99600
2005-07-22,7.5500,7.6000,7.4000,7.6000,343600
2005-07-15,7.7000,7.7500,7.4000,7.5000,558700
2005-07-08,8.1000,8.1000,7.5500,7.7500,175800
2005-07-01,7.9000,8.2500,7.6500,8.2000,22000
2005-06-24,7.7000,8.0500,7.5400,8.0000,34500
2005-06-17,7.4000,7.8500,7.4000,7.7000,99400
2005-06-10,7.4500,7.5500,7.2500,7.5000,244400
2005-06-03,7.5800,7.8000,7.2500,7.5000,423600
2005-05-27,7.2500,8.0000,7.2000,7.6300,267000
2005-05-20,7.5000,7.6000,7.1000,7.2000,441700
2005-05-13,7.7100,7.7100,7.3400,7.5000,231200
2005-05-06,7.9000,7.9000,7.5500,7.7200,95800
2005-04-29,8.0500,8.1000,7.5000,8.1000,24300
2005-04-22,7.7300,9.5000,7.6500,8.3000,139700
2005-04-15,7.9200,8.0700,7.5000,7.7300,104400
2005-04-08,7.5500,7.9200,7.5000,7.8500,93900
2005-04-01,7.9500,7.9700,7.1500,7.6500,217300
2005-03-24,8.1500,8.1500,7.9500,8.0000,53200
2005-03-18,8.5500,8.6000,7.8000,8.2500,95400
2005-03-11,8.5000,8.7000,8.5000,8.5500,89200
2005-03-04,8.5500,8.9000,8.4500,8.5000,103100
2005-02-25,8.5500,8.8000,8.5000,8.5500,44400
2005-02-18,9.1500,9.1500,8.5000,8.6000,96300
2005-02-11,9.2000,9.5000,9.1200,9.1500,100700
2005-02-04,9.0500,9.5000,9.0500,9.5000,281700
2005-01-28,9.1500,9.3700,9.0200,9.1000,75300
2005-01-21,9.2500,9.4000,9.1500,9.1500,27700
2005-01-14,9.1000,9.5000,9.1000,9.3200,191400
2005-01-07,8.9900,9.1300,8.7500,9.1000,394200
2004-12-31,8.6000,9.0500,8.5000,9.0000,201800
2004-12-23,8.7500,8.8300,8.5600,8.7000,146500
2004-12-17,8.8500,9.0100,8.6600,8.6600,225700
2004-12-10,8.9500,9.0500,8.8000,8.8500,81500
2004-12-03,8.8500,9.0000,8.6500,8.9500,113400
2004-11-26,8.9000,9.0700,8.6500,8.8500,358700
2004-11-19,9.2000,9.3500,8.5000,8.8500,227400
2004-11-12,8.6300,9.7500,8.6300,9.3000,275500
2004-11-05,8.1400,8.8000,7.9000,8.6300,549200
2004-10-29,7.4500,8.0500,7.4500,7.9000,164500
2004-10-22,7.4500,7.5300,7.3500,7.4700,571800
2004-10-15,7.8000,7.8000,7.4500,7.4500,680100
2004-10-08,7.4500,8.8000,7.0600,7.8000,2688600
2004-10-01,9.1800,9.1800,6.5200,7.8600,3261900
2004-09-24,9.1900,9.6800,8.8900,9.2100,132100
2004-09-17,8.9800,9.5000,8.8300,9.1850,273300
2004-09-10,8.8800,9.0900,8.0200,8.9300,482100
2004-09-03,9.3500,10.1100,8.9400,9.0400,260300
2004-08-27,9.1300,9.7000,8.6200,9.4300,182600
2004-08-20,9.6600,9.9400,9.0000,9.1300,210400
2004-08-13,9.1000,9.8900,8.9100,9.5000,263600
2004-08-06,10.0000,10.4000,8.9600,9.0500,496700
2004-07-30,9.1100,10.5700,8.6400,10.0700,818000
2004-07-23,11.1400,11.1400,9.2500,9.4000,648300
2004-07-16,10.9000,11.5000,10.9000,11.1900,410200
2004-07-09,11.7300,11.9100,10.8500,11.0500,509300
2004-07-02,12.0100,12.2900,10.1700,11.7300,1309400
2004-06-25,12.4000,12.5000,8.2600,12.2600,1226300
2004-06-18,10.9600,12.3700,10.9000,12.3300,214100
2004-06-10,11.5500,11.6200,10.8100,11.0600,328500
2004-06-04,11.9100,11.9100,11.1100,11.5800,229500
2004-05-28,11.9900,12.0000,11.6300,11.9100,437100
2004-05-21,11.7500,12.0300,11.3500,11.9800,298700
2004-05-14,11.4300,12.2400,11.2000,11.8900,587000
2004-05-07,11.0700,11.5400,10.2300,11.4500,554400
2004-04-30,11.4700,11.6600,10.4400,11.0400,402400
2004-04-23,11.4200,11.6600,11.2000,11.4900,309200
2004-04-16,10.7150,11.5700,10.3100,11.4100,513300
2004-04-08,10.0000,10.7500,9.9000,10.7500,322700
2004-04-02,9.6200,10.0500,9.6000,10.0000,405000
2004-03-26,8.9000,9.8800,8.5500,9.6500,518400
2004-03-19,8.7600,9.1000,8.2500,8.9400,411000
2004-03-12,8.7700,8.7800,8.5500,8.7500,281500
2004-03-05,8.3800,8.9300,8.3000,8.7300,453300
2004-02-27,8.3300,8.4000,7.8600,8.3900,272800
2004-02-20,8.3100,8.3800,8.2100,8.3200,127800
2004-02-13,8.2500,8.4900,7.9600,8.3000,233200
2004-02-06,8.3900,8.5000,7.9500,8.2800,269600
2004-01-30,8.4300,8.4800,8.1100,8.4000,298900
2004-01-23,8.3800,8.5000,8.2600,8.5000,279500
2004-01-16,7.8800,8.4900,7.8400,8.3600,697900
2004-01-09,7.4100,7.8800,7.2800,7.8000,799800
2004-01-02,7.2900,7.4000,7.0200,7.3400,186000
2003-12-26,7.0700,7.2500,6.7500,7.1000,192800
2003-12-19,7.0400,7.1000,6.9100,7.0900,191000
2003-12-12,7.1400,7.1900,6.8200,7.0500,210700
2003-12-05,6.9900,7.2800,6.9900,7.1400,174800
2003-11-28,7.1300,7.2500,6.8500,6.9900,441900
2003-11-21,7.4500,7.5100,6.9490,7.1700,482600
2003-11-14,7.6800,7.7800,7.4000,7.4600,204100
2003-11-07,7.5500,8.1000,7.3500,7.7100,214700
2003-10-31,7.5800,7.8800,7.3800,7.5700,164900
2003-10-24,7.7600,7.8700,7.4300,7.6500,283100
2003-10-17,7.3450,7.8000,7.2100,7.7600,271400
2003-10-10,7.2500,7.4500,6.9900,7.4000,175000
2003-10-03,7.0000,7.2000,6.7000,7.1600,1060000
2003-09-26,7.1500,7.2400,6.9300,6.9800,160600
2003-09-19,7.1500,7.4200,7.0000,7.2100,334400
2003-09-12,7.2100,7.3100,6.8900,7.1500,192300
2003-09-05,6.9000,7.3800,6.8400,7.2400,548400
2003-08-29,6.8600,6.9800,6.7000,6.8900,310700
2003-08-22,7.0700,7.0900,6.8300,6.8800,266400
2003-08-15,7.3000,7.3000,6.8300,7.0900,193300
2003-08-08,7.3100,7.4600,7.0600,7.2500,544700
2003-08-01,7.3500,7.7100,7.1200,7.2900,1091700
2003-07-25,5.9500,7.4100,5.8800,7.3200,1814000
2003-07-18,6.0200,6.1200,5.8800,5.9700,93900
2003-07-11,6.0800,6.2500,5.8500,5.9700,442800
2003-07-03,6.1000,6.3400,6.0500,6.0700,148800
2003-06-27,5.9900,6.2000,5.7600,6.2000,173100
2003-06-20,6.1400,6.3500,5.8500,5.9900,388200
2003-06-13,6.0000,6.3500,5.7500,6.1400,283800
2003-06-06,6.1900,6.2500,5.9000,6.0900,319900
2003-05-30,6.2600,6.4000,6.1000,6.1900,374900
2003-05-23,5.8300,6.4900,5.7500,6.2600,746200
2003-05-16,5.5000,5.8900,5.2000,5.8300,929600
2003-05-09,5.4000,5.5690,5.3100,5.4800,264500
2003-05-02,5.2610,5.4500,4.7100,5.4500,186500
2003-04-25,5.0400,5.4310,5.0400,5.2900,174000
2003-04-17,5.2700,5.4200,4.8400,5.0500,221200
2003-04-11,5.1400,5.4500,5.1200,5.3600,508600
2003-04-04,4.9400,5.2000,4.9400,5.0800,110300
2003-03-28,5.0100,5.1000,4.7700,4.9500,69500
2003-03-21,5.0300,5.4900,4.9900,5.0200,161200
2003-03-14,5.1500,5.4000,5.0000,5.1110,133300
2003-03-07,5.2200,5.3000,5.0900,5.1900,93100
2003-02-28,5.2500,5.3500,5.1900,5.2200,522900
2003-02-21,5.4300,5.4500,5.2800,5.2900,153000
2003-02-14,5.5600,5.5890,5.3500,5.4200,297000
2003-02-07,5.6800,5.7000,5.5500,5.5800,155600
2003-01-31,5.7000,5.8500,5.6000,5.7700,574600
2003-01-24,5.8000,5.8400,5.5500,5.6900,471300
2003-01-17,5.5100,5.9500,5.5100,5.8500,293400
2003-01-10,5.5610,5.6480,5.5000,5.5900,263600
2003-01-03,5.5010,5.6500,5.5000,5.5900,123900
2002-12-27,5.3500,5.6000,5.3000,5.5510,81500
2002-12-20,5.5900,5.6800,5.5000,5.5500,233900
2002-12-13,5.4500,5.7000,5.3500,5.5850,312700
2002-12-06,5.7000,5.7500,5.2700,5.4500,760500
2002-11-29,5.3000,5.7500,5.2500,5.6200,1374600
2002-11-22,5.5600,5.7000,5.2500,5.4100,550200
2002-11-15,5.8000,5.8900,5.4100,5.5100,338300
2002-11-08,5.3500,6.0000,5.0100,5.8000,1031600
2002-11-01,4.8200,5.4500,4.3000,5.4500,844000
2002-10-25,4.9000,5.0000,4.6500,4.7800,418600
2002-10-18,4.5700,5.0200,4.3500,5.0000,400200
2002-10-11,5.0000,5.0300,4.4920,4.7000,214400
2002-10-04,5.1000,5.2000,4.9500,5.0300,215500
2002-09-27,5.0000,5.1800,4.8000,5.1400,282300
2002-09-20,5.2700,5.3500,4.9000,5.0500,305800
2002-09-13,5.0500,5.1700,4.6400,5.1500,246400
2002-09-06,5.0800,5.1000,4.8300,5.0500,235300
2002-08-30,4.4100,5.0900,4.4100,5.0900,511200
2002-08-23,4.3610,4.5400,4.3610,4.4100,88200
2002-08-16,4.4010,4.6000,4.3600,4.6000,169900
2002-08-09,4.5100,4.6400,4.3400,4.4600,178200
2002-08-02,4.2200,4.7400,4.1600,4.5190,133800
2002-07-26,4.5400,4.6300,4.1600,4.1620,171600
2002-07-19,4.7100,4.9100,4.4000,4.6400,179900
2002-07-12,5.0000,5.0000,4.6200,4.8000,134900
2002-07-05,5.0000,5.1500,4.8500,4.9600,76300
2002-06-28,5.2400,5.2500,4.7500,5.0010,284200
2002-06-21,5.3100,5.3100,5.0500,5.0700,533300
2002-06-14,5.5100,5.5500,5.0700,5.3000,456300
2002-06-07,5.8500,5.9900,5.3100,5.5000,479600
2002-05-31,5.9900,6.1490,5.5500,6.0000,358300
2002-05-24,5.3500,6.2300,5.2500,5.9900,777400
2002-05-17,5.8500,6.0500,5.2500,5.4300,333500
2002-05-10,4.8000,5.8500,4.6500,5.8200,612800
2002-05-03,4.7100,4.9500,4.5100,4.9200,171000
2002-04-26,4.7700,4.9200,4.3000,4.8000,344900
2002-04-19,4.4900,4.7800,4.2500,4.7800,363300
2002-04-12,4.0700,4.5000,3.9100,4.5000,336900
2002-04-05,3.7690,4.3000,3.4500,4.0700,398700
2002-03-28,4.0000,4.0900,3.7000,3.8100,435000
2002-03-22,4.2000,4.5100,3.9500,4.0400,286500
2002-03-15,4.1500,4.3100,3.9100,4.1700,290300
2002-03-08,3.8000,4.4000,3.7000,4.2400,300400
2002-03-01,3.3200,3.8200,3.3200,3.8000,2337700
2002-02-22,3.9600,3.9600,3.2600,3.4500,740600
2002-02-15,4.1000,4.1900,3.6500,3.9600,404100
2002-02-08,4.9400,4.9400,3.8200,4.1000,316400
2002-02-01,5.3700,5.4000,4.3600,4.9300,511300
2002-01-25,5.6400,5.7100,5.2400,5.4000,435200
2002-01-18,5.5700,5.7500,5.0400,5.6000,477000
2002-01-11,6.2000,6.2600,5.3200,5.7800,639300
2002-01-04,6.2200,6.4500,5.5500,6.2500,1212100
2001-12-28,5.2500,6.3200,5.2500,6.2700,1877600
2001-12-21,5.6900,5.8000,4.7500,5.2500,2092400
2001-12-14,4.3900,5.7000,4.3100,5.6500,2751100
2001-12-07,4.1000,4.8500,3.9500,4.3100,1246100
2001-11-30,4.1300,4.1700,3.8000,4.0000,543400
2001-11-23,4.0500,4.5500,3.9500,4.0900,274000
2001-11-16,3.5300,4.2500,3.4400,4.0500,681200
2001-11-09,3.5000,3.7300,3.3500,3.5700,846500
2001-11-02,3.4600,3.5200,3.1000,3.5200,476900
2001-10-26,3.7500,3.8000,3.3000,3.4300,515900
2001-10-19,3.9000,4.1600,3.4500,3.7000,368500
2001-10-12,3.5500,4.2500,3.4100,3.9000,871500
2001-10-05,4.0400,4.0500,3.4300,3.5000,581800
2001-09-28,5.0000,5.4700,3.2200,3.9200,691500
2001-09-21,5.8900,6.3900,3.9700,5.0000,1015800
2001-09-10,6.5000,6.6000,6.4200,6.5000,83600
2001-09-07,7.2500,7.4600,6.5000,6.5000,590300
2001-08-31,7.5000,7.6500,6.5500,7.2400,687200
2001-08-24,7.3800,7.5000,7.0000,7.5000,219700
2001-08-17,6.9300,7.8600,6.8800,7.3800,236500
2001-08-10,6.5400,7.4300,6.5400,6.8300,331400
2001-08-03,7.0700,7.1000,6.4900,7.1000,573700
2001-07-27,8.3200,8.7800,6.8000,7.0000,992200
2001-07-20,7.0950,8.9100,7.0950,8.2000,953400
2001-07-13,6.2500,7.3500,6.2500,7.1800,1328500
2001-07-06,6.2400,6.7200,6.1500,6.3800,435600
2001-06-29,6.2000,6.4000,5.7700,6.1500,1077800
2001-06-22,5.6300,6.3500,5.3600,5.9600,640700
2001-06-15,5.7500,6.2700,5.2000,5.6500,1773500
2001-06-08,5.0400,5.9800,5.0100,5.7400,521400
2001-06-01,5.8400,5.8900,5.0000,5.1900,793400
2001-05-25,5.4800,6.2500,5.4200,5.9300,605900
2001-05-18,5.8100,6.1100,5.3100,5.4700,708800
2001-05-11,6.5300,6.7200,5.6100,5.9400,629100
2001-05-04,6.4500,6.9000,6.2000,6.4500,710500
2001-04-27,7.1500,7.3000,5.8900,6.3500,774400
2001-04-20,6.0600,7.8000,5.5000,7.1000,1618100
2001-04-12,5.4900,6.9000,5.3000,6.0900,670600
2001-04-06,6.3910,6.4380,3.6250,5.5630,2480100
2001-03-30,6.5160,7.0630,6.0310,6.3750,1312100
2001-03-23,6.4060,6.8130,6.0000,6.5000,743200
2001-03-16,6.8130,7.0630,6.3750,6.3750,997900
2001-03-09,7.5630,7.8750,6.9380,7.1250,595200
2001-03-02,6.8750,7.6250,6.6250,7.3130,1364400
2001-02-23,7.8130,8.1880,6.3130,6.8130,1067900
2001-02-16,7.9380,8.4690,7.4060,7.8750,1458900
2001-02-09,8.4060,8.7810,7.5000,8.0940,998300
2001-02-02,8.4380,9.9380,8.3130,8.3130,1515700
2001-01-26,7.9380,9.5000,7.6250,8.6250,3897200
2001-01-19,5.6250,7.3750,5.6250,7.0310,5502600
2001-01-12,5.7500,6.4060,4.7500,5.5630,7042400
2001-01-05,6.8440,7.1250,5.6250,5.6250,2459500
2000-12-29,6.3130,7.2810,5.7500,7.0000,2537200
2000-12-22,7.0000,7.8750,5.5000,6.3130,3235900
2000-12-15,7.9690,9.2500,6.4380,7.4380,1954800
2000-12-08,7.9530,9.3750,7.0000,7.8440,2702100
2000-12-01,11.0600,11.1900,7.5310,8.1880,2926400
2000-11-24,10.2500,10.7500,8.7500,10.5000,1843200
2000-11-17,11.5000,13.3800,10.2500,10.5600,2748100
2000-11-10,13.5300,15.8800,11.5600,11.8800,4388900
2000-11-03,10.4400,14.2500,9.5000,13.2500,6701300
2000-10-27,21.2500,23.9400,9.5000,10.6300,6150600
2000-10-20,20.0200,24.7500,18.9400,20.8800,2922300
2000-10-13,20.3800,23.3800,16.1300,20.1900,2664900
2000-10-06,23.5000,23.8800,17.6300,21.0000,5212300
2000-09-29,35.0000,36.0000,22.3100,22.8100,4789300
2000-09-22,49.6300,50.0000,27.5000,35.3100,9349100
2000-09-15,59.0000,59.0600,48.8800,50.0600,1679300
2000-09-08,63.6900,66.2500,58.2500,59.6300,1685200
2000-09-01,49.1600,63.5000,47.2500,62.2500,3722300
2000-08-25,37.8100,52.0000,36.6300,49.1300,4118800
2000-08-18,40.0600,41.0000,37.2500,38.1300,833400
2000-08-11,40.4100,43.0000,37.3800,40.1300,1006200
2000-08-04,37.7500,42.0000,35.3800,40.0600,1089400
2000-07-28,42.2500,44.6300,33.7500,36.9400,2023600
2000-07-21,44.2500,52.5000,40.5000,41.8100,2860100
2000-07-14,36.0000,49.8800,33.1900,43.5000,3020700
2000-07-07,38.5000,38.5000,35.7500,37.1300,1254100
2000-06-30,36.1300,40.5000,36.0000,38.8800,2829500
2000-06-23,32.6900,39.0000,30.1900,36.0000,2579100
2000-06-16,37.5000,38.6900,31.2500,33.0000,1248600
2000-06-09,32.1300,43.6300,30.6900,39.1300,3949900
2000-06-02,26.3800,35.0000,23.1300,32.7500,1762300
2000-05-26,30.0000,30.3100,21.2000,23.5000,2296200
2000-05-19,30.7500,38.1900,29.2500,29.5000,1429000
2000-05-12,36.7500,38.7300,28.1300,30.5000,1396000
2000-05-05,41.0000,44.8800,34.2500,38.2500,2417400
2000-04-28,32.3100,44.2500,28.2500,40.1900,3726400
2000-04-20,27.0600,42.2500,23.3800,32.9400,3662200
2000-04-14,68.0600,70.1300,30.0000,30.9400,4233400
2000-04-07,71.7500,75.4400,38.0000,68.3800,5298800
2000-03-31,106.5000,109.0000,65.8800,70.6300,5070700
2000-03-24,126.1000,127.8000,101.0000,106.6000,2289300
2000-03-17,128.0000,140.0000,105.0000,124.8000,3411800
2000-03-10,126.4000,144.0000,114.0000,136.0000,6542600
2000-03-03,94.5600,138.9000,94.5000,128.1000,4042200
2000-02-25,85.0000,96.8800,83.5000,96.0000,2075000
2000-02-18,87.9400,97.3800,75.7500,82.8800,5794600
2000-02-11,54.6900,83.0000,54.6300,82.5600,5343100
2000-02-04,69.0600,73.0000,52.8800,54.5000,2233100
2000-01-28,76.0600,77.0000,67.8100,69.8800,1496200
2000-01-21,69.0600,78.6900,66.0000,75.1300,1302400
2000-01-14,81.9400,83.3800,63.1300,69.0000,2807700
