timestamp,open,high,low,close,volume
2012-10-22,20.8400,20.8400,20.8400,20.8400,0
2012-10-19,20.9300,21.0900,20.7700,20.8400,18148
2012-10-12,21.0300,21.2300,20.8600,20.9700,78505
2012-10-05,20.5000,21.1000,20.4600,21.0400,66305
2012-09-28,20.4000,20.8200,20.3000,20.5600,28770
2012-09-21,20.8500,20.8500,20.2100,20.5300,61175
2012-09-14,20.7200,20.8800,20.3900,20.7600,139964
2012-09-07,19.9200,20.8000,19.9200,20.6100,114885
2012-08-31,20.3300,20.4500,19.9200,19.9200,95654
2012-08-24,20.1900,20.3500,20.0700,20.2100,90059
2012-08-17,19.9700,20.2400,19.7000,20.1100,71210
2012-08-10,20.2200,20.2500,19.9300,19.9900,115477
2012-08-03,20.0100,20.2500,19.8600,20.1900,87270
2012-07-27,19.7000,20.1500,19.5000,20.1300,32291
2012-07-20,20.0900,20.1400,19.6800,19.6800,92035
2012-07-13,19.9300,20.1300,19.8100,20.1200,82351
2012-07-06,19.9000,20.0000,19.5400,19.9300,70381
2012-06-29,19.5800,19.9000,19.2800,19.8300,111737
2012-06-22,19.3300,19.7000,19.3000,19.6200,191088
2012-06-15,19.4900,19.5400,18.9400,19.4200,153420
2012-06-08,19.0900,19.5200,19.0900,19.5200,1006454
2012-06-01,13.7500,19.5000,13.1188,19.2300,1091763
2012-05-25,13.5900,14.0000,13.1000,13.7500,47589
2012-05-18,13.1100,13.6000,13.1000,13.6000,10554
2012-05-11,13.1500,13.4500,13.0000,13.4500,4000
2012-05-04,13.0900,13.2500,12.9000,13.1500,164310
2012-04-27,13.1000,13.4700,12.6682,13.1200,5361
2012-04-20,12.9000,13.2200,12.7000,12.7500,39045
2012-04-13,13.5000,13.5700,12.9000,12.9500,138480
2012-04-05,14.2500,14.2500,13.3500,13.5000,89524
2012-03-30,14.2900,14.3000,14.1000,14.2100,34483
2012-03-23,13.9800,14.2500,13.9500,14.2500,37143
2012-03-16,13.9000,14.1600,13.5400,13.7600,109715
2012-03-09,13.6100,13.9000,13.5500,13.9000,4527
2012-03-02,13.5000,13.7500,13.5000,13.6200,14024
2012-02-24,13.9000,14.1000,13.5000,13.5000,10705
2012-02-17,14.0000,14.1900,13.8800,13.9000,22259
2012-02-10,14.0000,14.1100,14.0000,14.0000,6406
2012-02-03,14.2500,14.2500,13.9001,14.1000,11587
2012-01-27,13.9000,14.1500,13.8600,14.0600,14031
2012-01-20,14.0000,14.1500,13.8001,13.8100,2509
2012-01-13,13.8200,14.2000,13.8200,14.0000,27861
2012-01-06,13.8700,13.9000,13.6170,13.7100,4270
2011-12-30,13.7000,13.8700,13.5500,13.8700,26399
2011-12-23,13.5100,13.7600,13.5000,13.7000,20665
2011-12-16,13.6500,13.7260,13.5000,13.5400,16059
2011-12-09,13.7900,13.9900,13.5500,13.6500,31693
2011-12-02,13.9000,13.9900,13.4100,13.7500,24600
2011-11-25,13.7900,14.0900,13.7900,13.9000,5148
2011-11-18,0.0000,14.0400,0.0000,13.9900,12071
2011-11-11,13.7500,14.2500,0.0000,13.8400,124286
2011-11-04,13.7700,14.0000,0.0000,13.7500,13063
2011-10-28,13.1900,14.0100,13.1500,13.9400,46726
2011-10-21,13.1200,13.7300,13.1200,13.2500,21035
2011-10-14,13.1000,13.5100,13.0700,13.1801,22146
2011-10-07,13.3000,13.9899,13.0100,13.1000,31336
2011-09-30,13.2500,13.4900,13.2500,13.3000,15165
2011-09-23,13.5000,13.5760,13.1000,13.2500,10559
2011-09-16,13.2600,13.5000,13.2500,13.4800,12994
2011-09-09,13.5000,13.6000,13.5000,13.5000,53911
2011-09-02,0.0000,13.6500,0.0000,13.5000,21183
2011-08-26,13.5400,13.7300,13.4000,13.4700,21875
2011-08-19,13.5100,13.7700,13.4300,13.4600,3866
2011-08-12,13.0100,14.0000,12.9000,13.4600,143139
2011-08-05,14.0600,14.2500,0.0000,13.5100,11319
2011-07-29,13.2900,14.5000,13.2500,13.9500,29682
2011-07-22,13.4800,13.8500,0.0000,0.0000,8043
2011-07-15,13.3000,13.9000,13.3000,13.8700,10103
2011-07-08,0.0000,0.0000,0.0000,0.0000,0
2011-07-01,13.3600,14.0000,13.3000,13.9200,4661
2011-06-24,13.7950,14.0000,0.0000,13.3300,10211
2011-06-17,13.8200,14.0000,0.0000,14.0000,3276
2011-06-10,13.7500,13.8500,13.4500,13.6600,22924
2011-06-03,13.6100,13.7400,13.3000,13.6500,25154
2011-05-27,13.5100,13.9995,13.2000,13.5976,25378
2011-05-20,13.7500,14.2500,13.5000,13.5001,17967
2011-05-13,14.3000,14.3000,13.5100,13.5100,11931
2011-05-06,14.0900,14.3200,14.0900,14.2952,25748
2011-04-29,13.9400,14.1700,13.6649,14.1400,29691
2011-04-21,13.7700,14.1400,13.5200,13.9378,19774
2011-04-15,13.6900,13.6900,0.0000,13.6700,8778
2011-04-08,14.1400,14.8900,13.6100,13.6200,33853
2011-04-01,14.2400,14.8000,14.0300,14.3000,88091
2011-03-25,14.9900,14.9900,13.6100,14.2920,37294
2011-03-18,14.1000,14.9700,13.9600,14.6100,31773
2011-03-11,13.9900,14.3800,13.9100,14.0985,39754
2011-03-04,14.3000,14.3900,13.7500,14.1899,34685
2011-02-25,14.1100,14.5900,14.1100,14.2600,59608
2011-02-18,13.7200,14.2000,13.5900,14.1600,76897
2011-02-11,13.1400,13.8100,13.0100,13.7200,150726
2011-02-04,12.7200,13.0500,12.5200,13.0000,199036
2011-01-28,12.0000,12.6000,12.0000,12.6000,47236
2011-01-21,12.1000,12.2500,11.9000,12.2500,36696
2011-01-14,12.0100,12.1000,0.0000,12.0500,42769
2011-01-07,11.6300,12.1800,11.4000,12.0500,18816
2010-12-31,11.7100,11.8700,11.2900,11.8000,51510
2010-12-23,11.1400,11.5000,11.1400,11.5000,38393
2010-12-17,11.3000,11.4550,11.2500,11.2500,15103
2010-12-10,11.0300,11.3600,10.8000,11.3599,56568
2010-12-03,10.8300,11.2700,10.6200,11.0010,9003
2010-11-26,0.0000,11.3800,0.0000,0.0000,13804
2010-11-19,11.3400,11.3400,11.0500,11.3000,5367
2010-11-12,10.6900,11.5000,10.6900,11.3700,24893
2010-11-05,11.2400,11.5000,10.6401,11.2700,37800
2010-10-29,10.3400,11.3200,10.0000,11.3200,133439
2010-10-22,0.0000,10.4000,0.0000,10.4000,7035
2010-10-15,10.0800,10.3500,0.0000,10.0200,16463
2010-10-08,10.3700,10.5800,0.0000,10.2000,5161
2010-10-01,10.0700,10.5700,10.0000,10.4000,32961
2010-09-24,10.5100,10.6000,0.0000,10.1491,5201
2010-09-17,10.5880,10.6300,10.4500,10.6300,12256
2010-09-10,10.5200,10.6300,10.1400,10.5500,8362
2010-09-03,10.0400,10.5000,0.0000,10.5000,43096
2010-08-27,0.0000,10.0051,0.0000,10.0000,89465
2010-08-20,9.6000,10.2500,9.4000,9.8000,56479
2010-08-13,9.1300,9.6000,9.1299,9.5500,55279
2010-08-06,9.1500,9.4800,9.1100,9.1300,25762
2010-07-30,9.1600,9.1600,8.7001,9.1000,21178
2010-07-23,0.0000,9.0000,0.0000,8.9700,4418
2010-07-16,8.7500,9.2800,0.0000,9.2200,8793
2010-07-09,8.7200,8.8100,0.0000,8.8020,6197
2010-07-02,8.9200,9.0500,0.0000,8.9300,46265
2010-06-25,8.8400,9.0600,8.7000,8.8000,27916
2010-06-18,8.6100,8.8500,0.0000,8.8500,16930
2010-06-11,8.9300,8.9300,0.0000,8.7000,6123
2010-06-04,8.7600,9.0000,8.7000,8.9200,17367
2010-05-28,8.9000,9.2200,0.0000,0.0000,15561
2010-05-21,9.3900,9.4700,8.8200,9.0499,30090
2010-05-14,9.1200,9.5000,0.0000,0.0000,36500
2010-05-07,8.7500,9.4800,0.0000,9.3200,74513
2010-04-30,8.5500,8.8010,8.4400,8.8000,32492
2010-04-23,8.7000,8.8200,8.4700,8.5000,46724
2010-04-16,8.9900,9.1300,8.5615,8.9000,15769
2010-04-09,8.7000,9.2500,8.6615,8.7999,10763
2010-04-01,8.7000,9.2300,8.6300,8.7950,2381
2010-03-26,8.6300,8.9900,0.0000,8.7000,21684
2010-03-19,8.5700,8.9300,8.2500,8.9300,65292
2010-03-12,8.8000,9.0000,8.5600,8.5600,14299
2010-03-05,8.9500,9.0000,0.0000,0.0000,15796
2010-02-26,8.5000,9.0000,8.0500,8.6700,46606
2010-02-19,0.0000,9.0000,0.0000,8.6200,8612
2010-02-12,0.0000,8.9700,0.0000,0.0000,405
2010-02-05,0.0000,8.8800,0.0000,0.0000,1200
2010-01-29,9.1980,9.1980,0.0000,0.0000,834
2010-01-22,0.0000,8.7800,0.0000,8.5920,6070
2010-01-15,7.5400,9.2500,0.0000,8.8600,3958
2010-01-08,9.2100,9.5999,0.0000,8.9900,19604
2009-12-31,8.7900,9.5980,8.7900,9.4000,7103
2009-12-24,9.0300,9.3200,0.0000,8.8600,29511
2009-12-18,9.3600,9.7000,0.0000,9.6900,2304
2009-12-11,9.2500,9.8900,8.9700,9.6000,34411
2009-12-04,9.0200,9.5000,9.0000,9.1000,93359
2009-11-27,9.5000,9.5000,0.0000,0.0000,15468
2009-11-20,0.0000,9.4000,0.0000,9.2500,139475
2009-11-13,8.8600,9.2500,0.0000,9.1250,24665
2009-11-06,8.8200,9.1800,0.0000,0.0000,10974
2009-10-30,8.8500,8.8601,8.7500,8.8000,11437
2009-10-23,8.8600,8.9200,0.0000,0.0000,6981
2009-10-16,9.0100,9.1600,0.0000,0.0000,3369
2009-10-09,0.0000,9.2500,0.0000,9.2499,2377
2009-10-02,8.9000,9.1200,0.0000,0.0000,61902
2009-09-25,9.3000,9.4000,8.9000,8.9101,35734
2009-09-18,0.0000,9.5000,0.0000,9.4000,12116
2009-09-11,9.2500,9.3500,9.2500,9.2500,13472
2009-09-04,9.2700,9.2700,9.1500,9.1500,13663
2009-08-28,9.1700,9.3499,9.1500,9.2100,2240
2009-08-21,9.2000,9.3500,9.1500,9.3500,119066
2009-08-14,9.1132,9.3200,9.0101,9.0270,93268
2009-08-07,9.2800,9.2899,9.0000,9.0500,26572
2009-07-31,8.9700,9.0300,8.9700,9.0000,6421
2009-07-24,9.2899,9.2899,8.9600,8.9700,10332
2009-07-17,8.9601,9.3000,8.9100,9.2899,3223
2009-07-10,9.2700,9.3000,0.0000,9.2500,2785
2009-07-02,8.9600,9.2900,8.9500,9.0814,3603
2009-06-26,0.0000,9.3000,0.0000,9.2400,3257
2009-06-19,8.9600,9.3000,8.9500,9.3000,2050
2009-06-12,0.0000,9.1600,0.0000,9.1600,10102
2009-06-05,0.0000,9.3000,0.0000,9.3000,6159
2009-05-29,9.0000,9.3800,8.9820,9.3000,181101
2009-05-22,9.1600,9.2400,8.9200,9.0000,167582
2009-05-15,9.0000,9.5000,9.0000,9.1600,86438
2009-05-08,8.8500,9.0200,8.5200,9.0000,76399
2009-05-01,8.4500,8.7700,8.2500,8.7700,55813
2009-04-24,0.0000,8.5000,0.0000,8.5000,181681
2009-04-17,8.2700,8.6000,0.0000,8.5000,11940
2009-04-09,8.1900,8.2300,7.9600,8.2050,18794
2009-04-03,7.7300,8.7000,7.7300,8.0901,420677
2009-03-27,7.2500,7.8100,7.1545,7.5000,12383
2009-03-20,7.6900,7.8600,0.0000,7.8100,10862
2009-03-13,7.5000,7.8800,7.0600,7.8300,56782
2009-03-06,7.9500,8.0000,7.2500,7.7500,298499
2009-02-27,7.9500,8.0000,7.2400,7.8800,153900
2009-02-20,7.2600,8.0000,0.0000,7.8000,82782
2009-02-13,8.1000,8.1000,0.0000,7.7500,27400
2009-02-06,7.5300,8.0800,7.3999,8.0000,75602
2009-01-30,0.0000,7.9900,0.0000,7.9900,9250
2009-01-23,7.0500,7.3900,6.7100,6.7100,41118
2009-01-16,7.8726,7.8850,7.0500,7.1201,34223
2009-01-09,8.0300,8.2400,0.0000,0.0000,11554
2009-01-02,8.0000,8.2500,7.8000,8.1699,112291
2008-12-26,7.7500,8.4400,7.7500,8.2500,55087
2008-12-19,7.9900,8.0000,0.0000,7.7300,23661
2008-12-12,0.0000,8.0500,0.0000,0.0000,28900
2008-12-05,8.4100,8.4100,7.7500,8.4000,5370
2008-11-28,7.9900,8.7000,0.0000,8.7000,5593
2008-11-21,8.7900,8.7900,7.3000,8.0700,48150
2008-11-14,7.5300,9.1200,7.5000,9.0000,66046
2008-11-07,8.1000,8.5000,7.6200,8.5000,34210
2008-10-31,8.0560,8.0560,7.6580,8.0500,5679
2008-10-24,8.2200,8.4600,7.5950,8.0560,10762
2008-10-17,8.5000,8.5200,8.1900,8.2900,22441
2008-10-10,8.6000,8.6000,7.5000,8.4600,37607
2008-10-03,9.0700,9.1600,8.6100,8.6100,17012
2008-09-26,9.0100,9.3900,8.9500,9.0700,12531
2008-09-19,8.9300,9.5000,8.8700,9.2700,26613
2008-09-12,9.7800,9.7800,8.6000,9.2400,116256
2008-09-05,9.9700,10.1101,9.6500,9.7500,35447
2008-08-29,9.9552,10.0500,9.9000,10.0000,31800
2008-08-22,10.0400,10.0400,9.9100,9.9700,11458
2008-08-15,10.1000,10.1300,9.9700,9.9700,28890
2008-08-08,9.9900,10.3500,9.9500,10.2400,28306
2008-08-01,9.9000,10.0000,9.6700,9.9748,6750
2008-07-25,9.8500,10.0000,9.6500,9.9800,6780
2008-07-18,9.7600,9.7600,9.2000,9.7240,21965
2008-07-11,9.8300,9.9600,9.7900,9.8500,4856
2008-07-03,10.3000,10.3540,9.8900,9.9000,17767
2008-06-27,10.3600,10.5900,10.1500,10.4020,2664
2008-06-20,10.6800,10.8500,10.3600,10.3600,36080
2008-06-13,10.7200,10.9500,10.6200,10.8300,58121
2008-06-06,10.8400,10.8500,10.6862,10.8500,15963
2008-05-30,10.6400,10.8500,10.5101,10.8400,388897
2008-05-23,10.6900,10.8000,10.1900,10.8000,30542
2008-05-16,10.5000,10.7900,10.5000,10.5800,10100
2008-05-09,10.5800,10.7000,10.5000,10.5500,15673
2008-05-02,10.4000,10.7400,10.2300,10.7400,76602
2008-04-25,10.4500,10.4500,10.1200,10.3050,3223
2008-04-18,10.2100,10.4900,10.2000,10.4500,32801
2008-04-11,10.6000,10.6000,10.4000,10.4000,7446
2008-04-04,10.2400,10.6000,10.2320,10.5101,11608
2008-03-28,10.2400,10.2500,10.1300,10.1300,4600
2008-03-20,10.2500,10.7000,10.1500,10.2310,30512
2008-03-14,10.4500,10.6500,10.3000,10.4000,45850
2008-03-07,10.7000,10.7100,10.4500,10.4500,19642
2008-02-29,10.7400,10.8500,10.5000,10.8000,25565
2008-02-22,10.7000,10.8400,10.5800,10.7900,2197
2008-02-15,10.8300,10.8500,10.5500,10.8400,6889
2008-02-08,10.9700,10.9700,10.8100,10.8100,6772
2008-02-01,10.0500,11.1400,10.0000,10.8600,135247
2008-01-25,9.9100,10.1500,9.8500,10.0600,24576
2008-01-18,10.0600,10.1400,9.8500,9.9500,114848
2008-01-11,10.0000,10.1000,9.9800,10.1000,97666
2008-01-04,10.0000,10.1000,9.8500,10.0500,67657
2007-12-28,10.0600,10.2100,10.0000,10.1500,69957
2007-12-21,10.0000,10.0600,9.9500,10.0100,78329
2007-12-14,10.2000,10.4000,9.8700,10.0000,61621
2007-12-07,10.0300,10.1500,9.8000,10.1000,80574
2007-11-30,10.1500,10.1500,9.5700,9.9500,120221
2007-11-23,10.3100,10.4000,10.1000,10.1700,20030
2007-11-16,10.2000,10.5000,10.2000,10.4500,54220
2007-11-09,10.6400,10.6400,10.0500,10.1100,229248
2007-11-02,11.0100,11.0100,10.2200,10.6000,135856
2007-10-26,11.2500,11.2500,10.9400,10.9800,166503
2007-10-19,11.5500,11.6500,11.0000,11.1000,313760
2007-10-12,12.0000,12.0500,11.5200,11.6500,451623
