timestamp,open,high,low,close,volume
2018-02-27,13.1400,13.2600,13.0000,13.0300,3343571
2018-02-23,13.5900,13.6800,13.1800,13.3000,9301524
2018-02-16,13.1600,14.2000,13.0600,13.7000,12845518
2018-02-09,13.9300,14.0800,12.8200,13.0100,13322128
2018-02-02,14.6300,14.7200,14.0300,14.0400,6881232
2018-01-26,14.8400,14.9200,14.6400,14.6900,6222158
2018-01-19,14.8900,14.9600,14.6200,14.7900,9034110
2018-01-12,15.0500,15.1000,14.5400,14.7800,10841730
2018-01-05,15.1200,15.2600,14.9000,15.0200,5667454
2017-12-29,15.1100,15.2900,15.0200,15.1100,4969030
2017-12-22,15.4700,15.8200,15.0650,15.1700,9981561
2017-12-15,16.7600,16.9700,14.9700,15.4300,15143958
2017-12-08,16.6200,16.9000,16.3000,16.6800,8885822
2017-12-01,15.9800,16.5000,15.8100,16.3500,7301438
2017-11-24,15.7400,16.1400,15.6576,15.9300,3854515
2017-11-17,14.8400,15.7700,14.7700,15.6800,5402432
2017-11-10,15.2500,15.5900,14.8750,15.0600,6294630
2017-11-03,15.0900,15.3700,14.9400,15.1600,7474548
2017-10-27,15.7900,16.3000,14.9400,15.1000,9096104
2017-10-20,16.0100,16.3100,15.7000,15.8900,10583194
2017-10-13,16.0100,16.5100,15.8550,16.0100,9381200
2017-10-06,14.5100,16.0300,14.5000,15.9400,13587523
2017-09-29,13.4700,14.5000,13.4050,14.4700,9339020
2017-09-22,13.1900,13.6350,13.1900,13.5200,5285265
2017-09-15,13.0500,13.2900,13.0000,13.1400,5061334
2017-09-08,12.9300,13.0100,12.7250,12.9300,4848233
2017-09-01,13.0000,13.3200,12.8000,12.9800,6819131
2017-08-25,12.5100,13.0000,12.4550,12.9400,4123559
2017-08-18,12.5500,12.9100,12.5000,12.5100,5126890
2017-08-11,12.7200,12.9900,12.3450,12.4700,6054815
2017-08-04,12.7100,12.7500,12.3800,12.7200,6174321
2017-07-28,13.3600,13.4350,12.3600,12.7100,9975901
2017-07-21,12.9400,13.4000,12.8750,13.3400,7162427
2017-07-14,12.5600,13.0200,12.4600,12.9400,6805361
2017-07-07,12.7200,12.8650,12.5300,12.5900,8213543
2017-06-30,11.9800,12.6900,11.9600,12.6400,12754854
2017-06-23,12.3800,12.4800,11.7900,11.8900,20232498
2017-06-16,12.6200,12.6800,12.0900,12.3500,8601506
2017-06-09,12.1000,12.6900,11.9800,12.6200,6218006
2017-06-02,11.7200,12.1900,11.5500,12.0900,6256545
2017-05-26,11.3100,11.8300,11.3100,11.7600,5854635
2017-05-19,11.4500,11.6427,11.0250,11.2800,7063622
2017-05-12,11.5800,11.6000,11.3400,11.4200,4015864
2017-05-05,11.4000,11.7000,11.2600,11.5900,5543963
2017-04-28,11.3100,11.5500,11.2400,11.3800,6004438
2017-04-21,10.7300,11.2200,10.6000,11.1600,5036583
2017-04-13,11.0500,11.1100,10.7200,10.7200,4474841
2017-04-07,11.3500,11.3800,10.9200,11.0200,6641790
2017-03-31,10.6400,11.5000,10.3908,11.3600,7192103
2017-03-24,11.4700,11.5200,10.6200,10.8400,5704010
2017-03-17,11.2700,11.5200,11.2400,11.4700,4887790
2017-03-10,11.2700,11.4700,11.2546,11.3100,4094981
2017-03-03,11.5300,11.6050,11.2250,11.3500,7079664
2017-02-24,11.6700,11.8500,11.4500,11.5700,3895222
2017-02-17,11.3800,11.8500,11.3800,11.6900,6892714
2017-02-10,11.1500,11.5800,10.8700,11.3000,9710328
2017-02-03,11.2000,11.2800,10.9700,11.2100,5532404
2017-01-27,10.8100,11.2650,10.7500,11.2200,5398765
2017-01-20,10.8400,10.9400,10.7150,10.8400,4066383
2017-01-13,10.5300,10.9600,10.4800,10.9100,6062803
2017-01-06,10.4000,10.6950,10.2900,10.6100,5423085
2016-12-30,10.6300,10.6300,10.1100,10.2300,4247856
2016-12-23,9.9200,10.2869,9.9100,10.2800,4606079
2016-12-16,10.2200,10.3300,9.9100,9.9200,9707222
2016-12-09,9.9000,10.2700,9.8600,10.2400,8604302
2016-12-02,9.9100,9.9500,9.6900,9.8000,5413778
2016-11-25,9.7000,9.9400,9.6600,9.8900,3497283
2016-11-18,9.5000,10.0900,9.3600,9.8500,7357460
2016-11-11,8.5400,9.5500,8.4650,9.4500,9271988
2016-11-04,8.6700,9.3600,8.3600,8.4100,5805842
2016-10-28,8.9900,9.2100,8.5900,8.6300,4927432
2016-10-21,8.8900,8.9800,8.7150,8.9100,4252754
2016-10-14,8.9800,9.0750,8.6400,8.8800,5841729
2016-10-07,8.7500,8.9100,8.5000,8.9000,7423384
2016-09-30,9.1200,9.1200,8.5300,8.7500,5565190
2016-09-23,9.0600,9.1300,8.8400,9.0500,4202142
2016-09-16,8.9900,9.2100,8.8400,8.9400,9080097
2016-09-09,8.8300,9.1400,8.8250,9.0300,5399109
2016-09-02,8.6500,8.8400,8.6300,8.8400,5329379
2016-08-26,8.6000,8.7700,8.5300,8.6800,4502521
2016-08-19,9.0400,9.0600,8.5800,8.6000,5795589
2016-08-12,9.2500,9.3000,8.9600,8.9900,4602749
2016-08-05,8.9100,9.3100,8.9100,9.2300,6303472
2016-07-29,9.0400,9.1699,8.7200,8.8700,5649950
2016-07-22,8.9000,9.0900,8.8700,9.0300,3629977
2016-07-15,8.5000,8.9500,8.5000,8.9200,4011074
2016-07-08,8.5600,8.5600,8.1800,8.4900,5386547
2016-07-01,8.6300,8.7200,8.3400,8.5800,7011966
2016-06-24,8.9900,9.1700,8.7200,8.7200,10451883
2016-06-17,8.9400,9.0600,8.8000,8.8600,6177061
2016-06-10,9.0300,9.2300,8.9500,8.9700,4667288
2016-06-03,9.1900,9.3300,9.0000,9.0100,4481161
2016-05-27,8.9000,9.1600,8.8150,9.1600,3632891
2016-05-20,8.8300,8.9100,8.6700,8.9000,4702041
2016-05-13,9.0800,9.2200,8.7900,8.7900,4919909
2016-05-06,9.0900,9.2200,8.9200,9.0600,5497581
2016-04-29,9.3500,9.5000,9.0500,9.0800,6792777
2016-04-22,9.2300,9.4550,9.1833,9.3900,3913199
2016-04-15,8.8100,9.2800,8.7400,9.2300,5604743
2016-04-08,9.0500,9.2200,8.7100,8.7200,6000135
2016-04-01,8.9600,9.2500,8.7825,9.0600,6600670
2016-03-24,9.2900,9.3400,8.8500,8.9600,4119939
2016-03-18,9.0800,9.3800,8.9300,9.3400,4810198
2016-03-11,9.0400,9.2200,8.8200,9.1400,4780648
2016-03-04,8.5000,9.1900,8.5000,9.0900,6212262
2016-02-26,8.8300,8.9700,8.5200,8.8700,5061884
2016-02-19,8.6900,8.9600,8.5900,8.8200,4521620
2016-02-12,8.5400,9.0000,8.2650,8.6000,8107929
2016-02-05,9.0800,9.1450,8.6500,8.6700,6397940
2016-01-29,8.8700,9.1700,8.7200,9.1500,6526180
2016-01-22,8.8300,9.0100,8.4350,8.9300,5653120
2016-01-15,8.8600,9.0900,8.6400,8.8200,9481194
2016-01-08,9.5900,9.6300,8.8000,8.8200,9684527
2015-12-31,9.7400,9.8979,9.5800,9.8100,4284677
2015-12-24,9.5000,9.8250,9.3000,9.7700,3832734
2015-12-18,9.2500,9.6089,9.1300,9.4500,8459814
2015-12-11,9.6700,9.8100,9.1650,9.2500,9908329
2015-12-04,9.0300,9.7400,8.8000,9.7100,14638523
2015-11-27,9.1700,9.2400,8.5300,9.0300,9545265
2015-11-20,9.1500,9.2200,8.6600,9.2150,8231521
2015-11-13,8.9900,9.1600,8.5600,8.5900,5749136
2015-11-06,8.6200,9.0000,8.6000,9.0000,4699682
2015-10-30,8.5300,9.1300,8.3000,8.6500,7727457
2015-10-23,8.4900,8.5300,8.2500,8.5150,4181535
2015-10-16,8.2500,8.6400,8.1550,8.5600,5235946
2015-10-09,8.1400,8.3299,8.1200,8.2300,6234805
2015-10-02,8.5600,8.6100,7.8036,8.0500,8646313
2015-09-25,8.7400,8.9950,8.5400,8.5900,5653445
2015-09-18,8.9500,9.1400,8.6700,8.7000,6832042
2015-09-11,8.9800,9.1700,8.7900,8.9400,3954313
2015-09-04,8.6900,9.0100,8.6093,8.8300,5475049
2015-08-28,8.3100,8.8600,7.9100,8.7350,7953313
2015-08-21,9.5100,9.7300,8.7400,8.8000,7234141
2015-08-14,9.8200,9.8900,9.0100,9.5900,4768064
2015-08-07,9.8300,10.0500,9.5900,9.7300,5354315
2015-07-31,8.7500,9.9600,8.6550,9.8500,8584631
2015-07-24,9.2500,9.2800,8.8500,8.8700,4382357
2015-07-17,9.0000,9.3000,8.6200,9.2800,9129922
2015-07-10,8.7800,9.0400,8.4400,8.9700,8924664
2015-07-02,8.7500,8.8400,8.3800,8.6100,7628146
2015-06-26,9.2700,9.3700,8.7900,8.8100,7891523
2015-06-19,8.8000,9.3400,8.7800,9.2500,6150992
2015-06-12,9.2300,9.2800,8.8400,8.9200,4749575
2015-06-05,9.5000,9.5000,9.0700,9.2800,5413217
2015-05-29,9.2900,9.4900,9.0200,9.4500,4362956
2015-05-22,9.3700,9.4640,9.1000,9.3000,4602049
2015-05-15,9.6200,9.7300,9.2900,9.3700,3708181
2015-05-08,10.0500,10.0800,9.3700,9.6000,5000388
2015-05-01,9.5700,10.2650,9.5000,10.0250,6137394
2015-04-24,9.5900,9.7700,9.5100,9.6200,2131340
2015-04-17,9.6100,9.7450,9.4900,9.5500,3290903
2015-04-10,9.7100,9.8400,9.4000,9.6300,4200520
2015-04-02,9.3200,9.8300,9.1900,9.8100,4986834
2015-03-27,9.4300,9.6400,9.0500,9.2700,5052637
2015-03-20,8.9500,9.7200,8.7259,9.4800,6188170
2015-03-13,8.8200,8.9800,8.5200,8.9200,4296568
2015-03-06,9.0500,9.3100,8.8200,8.8300,4300782
2015-02-27,9.4200,9.4900,8.8000,9.0800,5845647
2015-02-20,9.2900,9.5000,9.2000,9.4400,3798276
2015-02-13,8.6300,9.3600,7.9400,9.3400,5602988
2015-02-06,7.9100,8.8700,7.7800,8.7000,4935204
2015-01-30,8.3100,8.4900,7.8300,7.8300,3147797
2015-01-23,8.2300,8.4600,7.9700,8.3400,2962759
2015-01-16,8.6800,9.0200,8.0500,8.2700,6003103
2015-01-09,9.0800,9.0900,8.5900,8.7100,5169149
2015-01-02,9.4400,9.5500,9.0850,9.1400,3360386
2014-12-26,8.7400,9.5700,8.6900,9.4100,3190954
2014-12-19,8.5900,8.9800,8.3500,8.7400,5685557
2014-12-12,8.8200,9.1200,8.5000,8.5100,4745996
2014-12-05,8.7600,9.0300,8.6100,8.8800,5045615
2014-11-28,8.6100,8.7700,8.5800,8.7100,2020871
2014-11-21,8.5200,8.9600,8.4800,8.6300,4892007
2014-11-14,8.4700,8.6900,8.4500,8.5600,3261512
2014-11-07,8.4700,8.7000,8.3100,8.4800,5387061
2014-10-31,7.8100,8.4900,7.7000,8.4800,6872511
2014-10-24,7.3100,7.8400,7.2500,7.8300,3312104
2014-10-17,7.2200,7.6500,6.8700,7.3700,6396277
2014-10-10,7.5000,7.6080,7.1300,7.2000,5182391
2014-10-03,7.2600,7.5800,7.1000,7.4900,5344514
2014-09-26,7.5600,7.7100,7.1700,7.3300,4686548
2014-09-19,7.7300,7.8700,7.5400,7.5700,4737900
2014-09-12,7.5000,7.8100,7.3700,7.7300,5851100
2014-09-05,7.6200,7.6770,7.4400,7.5300,3522000
2014-08-29,7.6700,7.7400,7.4700,7.5700,3476300
2014-08-22,7.7500,7.9500,7.5100,7.6300,4671800
2014-08-15,7.6900,7.8400,7.6000,7.6900,3912500
2014-08-08,7.7400,7.8900,7.5610,7.6800,5179900
2014-08-01,7.8500,8.0081,7.5600,7.7000,5910700
2014-07-25,7.6800,8.0000,7.6612,7.8100,4257500
2014-07-18,7.5700,7.7200,7.2200,7.7200,7724800
2014-07-11,7.5100,7.5700,7.1500,7.5300,5981000
2014-07-03,7.4700,7.6000,7.4015,7.5600,3392200
2014-06-27,7.4600,7.6500,7.4100,7.5000,12925000
2014-06-20,7.3500,7.5200,7.3000,7.4700,6125300
2014-06-13,7.2600,7.3500,7.1900,7.3300,4292800
2014-06-06,7.0400,7.2800,6.8500,7.2700,5316600
2014-05-30,7.1200,7.2200,6.9450,7.0000,3440600
2014-05-23,6.9200,7.0800,6.7500,7.0650,4739600
2014-05-16,7.3400,7.4500,6.7800,6.9300,7170200
2014-05-09,7.2200,7.3400,7.0000,7.3100,4184100
2014-05-02,7.0600,7.3000,6.9100,7.2700,5556300
2014-04-25,7.0700,7.2700,6.9900,7.0600,3869000
2014-04-17,6.9000,7.1200,6.7390,7.0700,4290300
2014-04-11,6.6500,7.0000,6.5000,6.8100,6019500
2014-04-04,6.4300,7.0900,6.4000,6.7000,5153500
2014-03-28,6.7200,6.7500,6.2850,6.3600,4705900
2014-03-21,6.7500,6.9900,6.6250,6.6800,5487100
2014-03-14,7.1800,7.3000,6.5601,6.6900,5969400
2014-03-07,6.7500,7.2200,6.6800,7.1800,5189600
2014-02-28,7.0200,7.1600,6.7400,6.8000,6291100
2014-02-21,6.9800,7.0700,6.8500,7.0100,3197700
2014-02-14,6.4900,7.0900,6.4200,6.9400,7355000
2014-02-07,6.4400,6.5000,6.1036,6.4700,5211900
2014-01-31,6.5400,6.5500,6.2150,6.4300,4691200
2014-01-24,6.1800,6.6700,6.1599,6.3800,7374100
2014-01-17,6.1100,6.2900,6.0800,6.1000,4952000
2014-01-10,6.1400,6.2800,6.0000,6.1400,7293000
2014-01-03,5.9700,6.1800,5.9100,6.1000,3345100
2013-12-27,5.9000,6.1800,5.8500,5.9900,3346700
2013-12-20,6.0100,6.0700,5.7000,5.9200,8681500
2013-12-13,5.9200,6.0300,5.7700,5.9900,6137900
2013-12-06,5.8800,5.9350,5.6800,5.9000,4420200
2013-11-29,6.0000,6.0200,5.6500,5.9000,3563000
2013-11-22,5.5900,6.0000,5.5300,6.0000,5813700
2013-11-15,5.5900,5.7400,5.4200,5.5500,4983500
2013-11-08,5.2700,5.6800,5.2300,5.5800,6227800
2013-11-01,5.4400,5.5000,5.2000,5.2900,5500600
2013-10-25,5.5700,5.6200,5.3700,5.4500,4582200
2013-10-18,5.4100,5.6400,5.3200,5.5700,4384900
2013-10-11,5.3600,5.4700,5.0950,5.4500,5887800
2013-10-04,5.5900,5.7000,5.3800,5.4100,4816700
2013-09-27,5.8000,5.8600,5.6400,5.6700,2882000
2013-09-20,5.8200,5.8900,5.7200,5.8200,3529500
2013-09-13,5.7000,5.9000,5.6300,5.7300,3283800
2013-09-06,5.6700,5.7400,5.4399,5.6600,3478800
2013-08-30,5.7000,5.7650,5.5100,5.5900,4952600
2013-08-23,6.0000,6.0700,5.6400,5.7000,4755300
2013-08-16,6.0200,6.1200,5.8900,5.9400,4232400
2013-08-09,5.9900,6.1000,5.8900,6.0300,4277400
2013-08-02,6.2200,6.4500,5.7000,6.0100,7014900
2013-07-26,6.4700,6.5300,6.2001,6.2500,4941200
2013-07-19,6.3000,6.5000,6.1200,6.4400,5342700
2013-07-12,6.1200,6.3800,6.0900,6.2800,5541100
2013-07-05,5.9000,6.1699,5.9000,6.1200,5210400
2013-06-28,5.5000,5.9450,5.3500,5.8900,10660500
2013-06-21,5.8500,5.9100,5.4000,5.5600,9564000
2013-06-14,5.9000,5.9000,5.6550,5.7800,7011100
2013-06-07,5.5200,5.9600,5.3200,5.8500,10413600
2013-05-31,5.7400,5.8900,5.5100,5.5150,6667500
2013-05-24,5.7000,5.8600,5.5500,5.7200,4915900
2013-05-17,5.7500,5.8400,5.6000,5.6700,6330900
2013-05-10,5.7200,5.8500,5.6600,5.7800,6975100
2013-05-03,5.6600,5.9200,5.5800,5.7800,8701400
2013-04-26,5.4900,5.7900,5.4700,5.6200,4933800
2013-04-19,5.5100,5.7900,5.4299,5.5100,7916500
2013-04-12,5.5500,5.8200,5.2700,5.5800,10955400
2013-04-05,4.1900,5.7500,3.8400,5.6200,46011100
2013-03-28,4.3100,4.3700,4.1500,4.1600,3569500
2013-03-22,4.4700,4.4900,4.2500,4.2700,5184300
2013-03-15,4.3600,4.6520,4.2690,4.4900,8743800
2013-03-08,4.1600,4.3800,4.0600,4.3600,4985900
2013-03-01,4.3400,4.4000,4.1500,4.1700,7947500
2013-02-22,4.7000,4.7000,4.1700,4.2700,8437700
2013-02-15,4.1800,4.8100,4.1100,4.6900,10968700
2013-02-08,4.0100,4.3900,3.9500,4.1800,8536500
2013-02-01,3.6900,4.0700,3.6000,3.9950,10005600
2013-01-25,3.7700,3.8360,3.5700,3.6700,5020400
2013-01-18,3.4800,3.7600,3.4500,3.7400,6389400
2013-01-11,3.7500,3.8750,3.4300,3.4700,7149300
2013-01-04,3.3300,3.8300,3.3300,3.7200,6676700
2012-12-28,3.2800,3.4800,3.1800,3.3740,6052000
2012-12-21,3.3500,3.3800,3.2400,3.2900,6534200
2012-12-14,3.4000,3.5100,3.2700,3.2900,4344200
2012-12-07,3.6300,3.7000,3.3400,3.3950,4905800
2012-11-30,3.5000,3.6700,3.3800,3.6000,6042700
2012-11-23,3.7900,3.8900,3.3000,3.5000,7320100
2012-11-16,4.0000,4.0500,3.1100,3.3300,10929000
2012-11-09,4.6100,4.6800,3.9700,4.0000,7062900
2012-11-02,4.6900,4.8600,4.6100,4.6100,2900400
2012-10-26,4.6600,4.7800,4.5200,4.6900,3273100
2012-10-19,4.7700,4.9500,4.5900,4.6601,4157600
2012-10-12,5.0600,5.1150,4.7400,4.7600,4317200
2012-10-05,4.9600,5.2180,4.8600,5.0700,4873600
2012-09-28,5.0200,5.0300,4.6700,4.9000,5040200
2012-09-21,5.0500,5.0900,4.7700,5.0500,5446400
2012-09-14,4.7100,5.1000,4.7000,5.0900,4717600
2012-09-07,4.5200,4.8100,4.4000,4.7800,4123100
2012-08-31,4.6300,4.6650,4.3800,4.5100,5330700
2012-08-24,4.7600,4.8900,4.5500,4.6200,5371600
2012-08-17,4.8900,4.9100,4.6600,4.7600,4164100
2012-08-10,4.9800,5.1200,4.7800,4.8900,5529700
2012-08-03,5.0200,5.0500,4.8200,4.9700,7632000
2012-07-27,5.7500,5.8800,4.9200,5.0200,8266000
2012-07-20,6.0000,6.0700,5.8000,5.8000,3125200
2012-07-13,5.9700,6.0700,5.8100,6.0200,3114300
2012-07-06,5.8700,6.2300,5.8500,6.0000,3513700
2012-06-29,6.2000,6.2500,5.7400,5.8700,5638000
2012-06-22,6.2300,6.5300,6.2000,6.2700,6630300
2012-06-15,6.2100,6.3200,6.0500,6.2700,4848800
2012-06-08,5.8500,6.2700,5.7300,6.1600,3815900
2012-06-01,6.2400,6.2700,5.7500,5.7800,4049500
2012-05-25,6.0600,6.3093,5.9500,6.2100,3412900
2012-05-18,6.6300,6.6400,5.9900,6.0100,4610900
2012-05-11,6.6600,6.8100,6.6100,6.6700,3184700
2012-05-04,6.9900,7.0700,6.7000,6.7000,3602000
2012-04-27,6.6000,7.0200,6.6000,6.9800,4646700
2012-04-20,6.7700,6.8800,6.6500,6.7000,2985300
2012-04-13,7.0200,7.0500,6.6900,6.7400,4213400
2012-04-05,7.4100,7.5600,7.0600,7.1000,4258800
2012-03-30,7.3300,7.5600,7.1700,7.4050,6165700
2012-03-23,7.3500,7.6000,7.2100,7.2700,7243000
2012-03-16,7.8500,7.9000,7.3800,7.4100,7221500
2012-03-09,7.7600,8.0350,7.5500,7.9700,10334800
2012-03-02,6.7900,7.7200,6.7500,7.5700,10731100
2012-02-24,6.8000,6.9600,6.6000,6.8200,3693800
2012-02-17,6.8800,6.9600,6.4200,6.7400,4559300
2012-02-10,6.7000,6.9000,6.4100,6.8000,3648500
2012-02-03,6.3600,6.7600,6.2100,6.7400,3740500
2012-01-27,6.4000,6.6100,6.3200,6.3900,4109000
2012-01-20,6.3300,6.4000,6.1600,6.3900,3690100
2012-01-13,6.0800,6.3500,6.0000,6.3000,4104400
2012-01-06,6.0500,6.2000,5.8800,6.0500,2679700
2011-12-30,5.8500,5.9500,5.6550,5.9400,2687800
2011-12-23,5.6000,5.9100,5.5500,5.8500,4335100
2011-12-16,6.0500,6.1200,5.4000,5.6200,6033500
2011-12-09,6.3500,6.3900,5.9700,6.1300,4056200
2011-12-02,5.9700,6.3700,5.9200,6.2500,3944300
2011-11-25,6.0500,6.1300,5.7000,5.7100,2701600
2011-11-18,6.8400,6.8800,6.1100,6.1200,4751400
2011-11-11,6.5600,7.0900,6.5200,6.8600,5469100
2011-11-04,6.9900,7.0300,6.3500,6.5600,4832700
2011-10-28,6.7300,7.4700,6.5550,6.9500,6075400
2011-10-21,6.8600,7.0000,6.4800,6.6900,4389700
2011-10-14,6.5800,7.0300,6.5700,6.9600,4224400
2011-10-07,6.0200,6.6800,5.6200,6.4400,5545400
2011-09-30,6.3100,6.7800,6.0000,6.0300,4032900
2011-09-23,6.7300,6.7900,6.0500,6.2500,4484900
2011-09-16,6.3300,6.9400,6.2500,6.9100,5709500
2011-09-09,5.9500,6.5350,5.9100,6.4200,5273800
2011-09-02,6.2700,6.8400,6.0300,6.0700,5605300
2011-08-26,6.1500,6.4493,5.8800,6.1800,5457400
2011-08-19,6.7200,6.9100,5.9400,5.9600,5529700
2011-08-12,6.9100,7.1100,6.0000,6.6200,9712000
2011-08-05,8.3100,8.3530,7.0700,7.1900,6188100
2011-07-29,8.3300,8.5800,7.9000,8.1900,10507900
2011-07-22,8.0000,8.4900,7.7900,8.4300,2604400
2011-07-15,7.9100,8.2890,7.8400,8.0200,4757600
2011-07-08,7.8200,8.1400,7.7600,8.0300,2872400
2011-07-01,7.4800,7.8600,7.3501,7.8200,4072500
2011-06-24,7.7500,8.0900,7.2700,7.5100,6536100
2011-06-17,7.9000,8.1500,7.7500,7.8100,2975200
2011-06-10,7.6700,8.1300,7.3300,7.8500,4227400
2011-06-03,8.2800,8.4200,7.5800,7.7100,3247100
2011-05-27,7.9000,8.3800,7.8000,8.2300,3601100
2011-05-20,8.4400,8.6500,7.8000,7.8500,3910300
2011-05-13,8.7800,9.0100,8.4100,8.5250,3390400
2011-05-06,9.7000,9.7500,8.7500,8.8100,3810800
2011-04-29,9.0400,9.7100,9.0200,9.6600,2751100
2011-04-21,8.9900,9.1000,8.7500,9.0000,1917500
2011-04-15,9.3300,9.5400,8.7900,9.1200,2134600
2011-04-08,9.4700,9.6000,9.1200,9.3500,3042800
2011-04-01,9.2200,9.4800,9.0000,9.4800,3228800
2011-03-25,9.2800,9.5000,9.1400,9.1600,3506000
2011-03-18,8.8200,9.2000,8.5600,9.1400,4109200
2011-03-11,9.6800,9.8500,8.7500,8.9900,4196200
2011-03-04,9.6700,10.0700,9.0000,9.6000,4536700
2011-02-25,9.1000,9.5900,8.6300,9.5800,3379700
2011-02-18,8.7800,9.2050,8.6599,9.2000,3587600
2011-02-11,8.3200,8.7500,8.1300,8.7350,2645700
2011-02-04,7.8300,8.3200,7.7600,8.1500,2425600
2011-01-28,8.0400,8.3000,7.7200,7.8300,3080700
2011-01-21,9.0100,9.0400,8.0200,8.1000,2724500
2011-01-14,8.2900,9.1700,8.2100,9.0000,3182800
2011-01-07,8.3700,8.6500,8.1900,8.3700,1821200
2010-12-31,8.5000,8.6700,8.2800,8.3100,2059700
2010-12-23,8.6600,8.7600,8.4500,8.4900,2196500
2010-12-17,8.6700,8.6800,8.4100,8.5800,3357900
2010-12-10,7.9300,8.7200,7.8400,8.5400,3949400
2010-12-03,7.7500,8.0300,7.5600,7.9300,2586800
2010-11-26,7.7300,7.8500,7.3500,7.7700,1792700
2010-11-19,7.8500,7.9000,7.1400,7.7300,3702300
2010-11-12,7.7200,8.0500,7.5900,7.6600,4557800
2010-11-05,7.0100,7.7100,6.8000,7.6100,3914000
2010-10-29,7.0600,7.2499,6.9400,6.9600,2335300
2010-10-22,6.6900,7.0900,6.5200,6.9700,3135700
2010-10-15,6.5400,6.9500,6.5100,6.6300,2162200
2010-10-08,6.0300,6.6700,6.0000,6.6400,2421000
2010-10-01,5.7200,6.0600,5.6000,6.0200,2017500
2010-09-24,5.5400,5.8000,5.5000,5.7200,1828400
2010-09-17,5.6300,5.7200,5.5000,5.5400,1388100
2010-09-10,5.7000,5.7000,5.3500,5.5500,1547200
2010-09-03,5.4500,5.7700,5.1500,5.7600,2187800
2010-08-27,5.1800,5.4600,4.9100,5.4600,2713900
2010-08-20,5.1200,5.3500,5.1100,5.1300,2397700
2010-08-13,5.5100,5.7000,5.1300,5.1300,3097000
2010-08-06,5.5100,5.5700,5.3400,5.4500,3177700
2010-07-30,5.2000,5.7200,5.1700,5.4200,2163900
2010-07-23,5.0800,5.2100,4.7000,5.1600,2230100
2010-07-16,5.1500,5.3000,5.0100,5.0800,2122100
2010-07-09,5.0800,5.2000,4.6900,5.1600,2550300
2010-07-02,5.3500,5.5000,4.9000,4.9800,2191900
2010-06-25,5.7500,5.8500,5.3150,5.3500,5129500
2010-06-18,5.6500,5.8500,5.5150,5.5800,2764000
2010-06-11,5.9600,6.0700,5.3700,5.5600,2073500
2010-06-04,6.1500,6.4000,5.9000,5.9100,2323200
2010-05-28,5.8500,6.5000,5.5900,6.2300,1951300
2010-05-21,6.3900,6.4800,5.5800,5.8600,2216300
2010-05-14,6.2300,6.7700,6.0900,6.3700,2063300
2010-05-07,6.5500,6.9700,5.7800,5.8100,2889900
2010-04-30,6.6000,6.8900,6.5000,6.5100,1407600
2010-04-23,6.3500,6.6500,6.1900,6.5800,2122300
2010-04-16,6.1700,6.7100,6.1300,6.4100,1399100
2010-04-09,6.0600,6.4700,6.0300,6.1900,1223500
2010-04-01,6.3700,6.3700,6.0000,6.0600,1119900
2010-03-26,5.7000,6.4700,5.6800,6.3600,2274500
2010-03-19,5.9900,6.1700,5.6600,5.7000,2198400
2010-03-12,5.6600,6.0100,5.5000,5.9800,2341300
2010-03-05,5.0000,5.6500,4.8500,5.6300,2533800
2010-02-26,4.2700,5.1000,4.0500,4.9600,2227300
2010-02-19,4.1900,4.2400,3.9400,4.2200,761700
2010-02-12,3.8300,4.1800,3.8000,4.1500,787600
2010-02-05,4.1000,4.2500,3.7200,3.8200,1665900
2010-01-29,4.3000,4.4400,4.0500,4.0700,1012100
2010-01-22,4.4900,4.6800,3.7600,4.2700,1440000
2010-01-15,4.8200,4.9100,4.4200,4.4900,871400
2010-01-08,4.6900,5.0000,4.5600,4.8100,986000
2009-12-31,4.4200,4.7900,4.2900,4.6200,962000
2009-12-24,4.3500,4.4400,4.1500,4.4100,536400
2009-12-18,4.4000,4.4000,4.0500,4.3300,1887200
2009-12-11,4.2700,4.4200,4.1400,4.3800,1206900
2009-12-04,4.2100,4.3000,4.1200,4.2500,1226000
2009-11-27,4.5200,4.6000,4.1700,4.2000,703100
2009-11-20,4.5500,4.6400,4.3000,4.4200,1278600
2009-11-13,4.7800,4.9500,4.3600,4.5000,1935100
2009-11-06,4.8600,5.1900,4.5000,4.7500,1702500
2009-10-30,5.2900,5.5700,4.7700,4.8300,2179400
2009-10-23,5.5700,5.6800,5.2400,5.2700,1674800
2009-10-16,5.5200,5.6620,5.2100,5.5200,1482800
2009-10-09,4.6500,5.4500,4.5500,5.4500,2166900
2009-10-02,4.2100,4.5800,4.1800,4.5500,1685300
2009-09-25,4.3500,4.6300,4.0500,4.1900,1314500
2009-09-18,4.2100,4.6300,4.1800,4.3800,1333600
2009-09-11,4.4000,4.5000,4.2000,4.2800,925000
2009-09-04,4.4000,4.5600,4.2700,4.4200,1521700
2009-08-28,4.5100,4.6500,4.4000,4.4800,909400
2009-08-21,4.3000,4.6000,4.1900,4.4800,994700
2009-08-14,4.5700,4.7300,4.3600,4.4200,1098200
2009-08-07,4.7000,4.8400,4.2500,4.6200,1738800
2009-07-31,4.5900,4.7900,4.4000,4.5700,1968500
2009-07-24,4.2500,4.5500,4.1701,4.5300,1516700
2009-07-17,3.9000,4.2800,3.8700,4.2000,1633700
2009-07-10,3.8000,3.9900,3.5204,3.8800,1574900
2009-07-02,4.0500,4.0500,3.6400,3.7800,1375500
2009-06-26,3.5500,4.0800,3.0900,4.0500,4708300
2009-06-19,3.7200,3.7200,3.2500,3.5600,1004800
2009-06-12,3.4300,3.7300,3.1500,3.7000,1790300
2009-06-05,3.4500,3.5000,3.2800,3.4200,1223100
2009-05-29,2.9400,3.3800,2.8200,3.3700,1233800
2009-05-22,2.7900,3.3900,2.7700,2.9750,1513400
2009-05-15,3.2000,3.2800,2.2501,2.7500,2397800
2009-05-08,2.8900,3.7900,2.8800,3.2500,1955200
2009-05-01,2.5900,3.8000,2.5700,2.8100,772300
2009-04-24,2.7700,2.9300,2.5100,2.6500,638000
2009-04-17,2.8200,2.9700,2.5100,2.8500,578100
2009-04-09,2.5200,2.9500,2.4600,2.8500,700200
2009-04-03,2.5500,2.5600,2.1300,2.5500,977800
2009-03-27,2.5800,3.0500,2.5700,2.6300,742400
2009-03-20,2.0600,2.8400,1.8802,2.5100,825800
2009-03-13,1.6500,2.1000,1.5000,2.0300,2322300
2009-03-06,1.6700,1.7900,1.3700,1.6600,2915200
2009-02-27,2.1300,2.4200,1.7000,1.7100,1274200
2009-02-20,2.3400,2.4400,1.9900,2.1000,418900
2009-02-13,2.3900,2.7000,2.3800,2.4600,531800
2009-02-06,2.3800,2.5900,2.1200,2.3900,1440900
2009-01-30,2.5100,2.9400,2.2700,2.4100,629900
2009-01-23,2.7500,2.9600,2.4350,2.5000,794500
2009-01-16,3.1400,3.2900,2.5100,2.7600,2718500
2009-01-09,2.8200,3.2900,2.7900,3.1500,1362300
2009-01-02,2.7500,2.8900,2.3000,2.8100,1004100
2008-12-26,3.0900,3.1800,2.5500,2.7000,486100
2008-12-19,3.3000,3.3900,2.8400,3.1000,1486300
2008-12-12,3.6400,3.7900,2.1500,3.2800,3356200
2008-12-05,3.6900,3.8800,3.0300,3.5700,1288400
2008-11-28,2.8400,4.0000,2.5700,3.8000,940600
2008-11-21,2.9600,2.9900,2.3400,2.6900,1135200
2008-11-14,3.6800,3.7900,2.8200,2.9900,2055500
2008-11-07,4.0600,4.0600,3.2900,3.6100,1062300
2008-10-31,3.2500,4.0900,2.9800,4.0900,1130200
2008-10-24,4.0600,4.5300,3.2600,3.2900,1619900
2008-10-17,4.1500,4.5900,2.9400,3.9900,1805900
2008-10-10,3.4700,3.8400,2.4300,3.4600,2792600
2008-10-03,3.9500,4.5000,3.6200,3.6500,2135000
2008-09-26,4.0100,4.6000,3.3500,4.0200,2052500
2008-09-19,5.0500,5.0700,3.5500,3.9400,8272100
2008-09-12,6.2000,6.3300,5.0400,5.1800,4278300
2008-09-05,6.6900,7.0000,5.8700,5.9300,1204300
2008-08-29,6.4900,6.6700,6.1000,6.5900,1404900
2008-08-22,6.6100,6.8400,6.3200,6.5500,1693300
2008-08-15,6.6500,7.0100,6.2500,6.6400,1939600
2008-08-08,6.9500,7.2600,5.8200,6.6600,3345800
2008-08-01,6.9000,7.1500,6.3000,7.0000,4033600
2008-07-25,6.3600,7.2300,6.0000,6.7700,1810700
2008-07-18,5.8700,6.4700,5.4600,6.3000,1576100
2008-07-11,7.2300,7.4500,5.5500,5.9000,2690800
2008-07-03,7.4900,7.7300,7.0000,7.1300,1657700
2008-06-27,8.1800,8.1800,6.9000,7.3700,5105100
2008-06-20,8.1700,8.2400,7.9400,8.1100,3417200
2008-06-13,8.0200,8.2400,7.8900,8.0200,3358200
2008-06-06,8.9400,9.2400,7.9000,8.0000,12064200
2008-05-30,9.2500,9.5600,8.6600,8.9200,1453200
2008-05-23,9.5600,9.8000,8.9800,9.0800,1174900
2008-05-16,9.8000,10.1900,9.1300,9.5800,1329900
2008-05-09,9.4900,10.2800,9.1500,9.8000,1207100
2008-05-02,10.3300,10.6000,8.9600,9.5500,1314600
2008-04-25,11.7100,11.7800,9.0800,10.3200,984600
2008-04-18,11.5100,12.1100,11.4000,11.7700,734600
2008-04-11,11.6700,12.1100,11.0000,11.5400,779600
2008-04-04,11.0700,12.0800,10.9100,12.0800,936500
2008-03-28,11.6800,12.1000,10.9000,11.2900,886600
2008-03-20,11.2900,12.0000,10.6200,11.6900,1373400
2008-03-14,11.3700,12.0700,11.2600,11.7500,1154500
2008-03-07,11.2300,12.2500,11.2300,11.3100,1161600
2008-02-29,11.8200,12.5000,11.2200,11.6100,1518600
2008-02-22,12.1600,12.6100,11.7200,12.0600,526800
2008-02-15,12.0500,12.5100,11.5000,11.9500,592500
2008-02-08,11.9300,12.7300,11.0100,12.0700,964700
2008-02-01,11.3900,12.0100,11.1000,11.9400,950700
2008-01-25,11.5600,11.9100,10.9000,11.4000,1503200
2008-01-18,11.4800,12.9700,11.4800,11.7000,2336900
2008-01-11,11.9400,12.1800,11.3600,11.4000,1270500
2008-01-04,10.7800,12.1600,10.6800,11.8600,1713100
2007-12-28,10.4300,11.6400,10.4300,10.8200,688000
2007-12-21,10.1200,10.5700,10.1200,10.2500,644000
2007-12-14,10.2300,10.6400,9.9700,10.2000,434900
2007-12-07,10.1200,10.4900,9.6200,10.2300,1267800
2007-11-30,9.9800,10.2100,9.4600,10.1000,800100
2007-11-23,9.9000,10.2400,9.7500,9.9400,443200
2007-11-16,10.0200,10.5000,9.7900,9.9900,425700
2007-11-09,9.9500,10.9900,9.5300,10.2600,1012600
2007-11-02,9.9100,10.3300,9.7600,10.1100,648700
2007-10-26,9.8200,10.0400,9.4700,9.9000,543600
2007-10-19,10.4400,10.4700,9.8300,9.9300,503100
2007-10-12,9.2800,10.4700,9.1100,10.4400,1100900
2007-10-05,8.5100,9.5000,8.5100,9.2800,852300
2007-09-28,7.9900,8.7500,7.9000,8.5300,1198400
2007-09-21,8.2400,8.3000,7.9100,7.9800,646500
2007-09-14,8.2300,8.3200,7.9500,8.2500,666600
2007-09-07,8.3800,8.6500,7.9600,8.2100,517800
2007-08-31,8.2900,8.7000,8.0500,8.4000,1214600
2007-08-24,7.4900,8.2500,7.2300,8.2500,3396100
2007-08-17,7.5300,7.8000,7.4000,7.4700,1299200
2007-08-10,7.6000,7.6700,7.0200,7.4200,2781200
2007-08-03,8.3700,8.5800,7.5100,7.5800,923500
2007-07-27,8.6300,8.8800,8.3400,8.3700,852900
2007-07-20,8.8400,9.0000,8.6000,8.6100,643700
2007-07-13,8.8300,9.0000,8.7000,8.8800,497400
2007-07-06,8.7100,8.8500,8.5500,8.8100,394000
2007-06-29,8.7500,8.9400,8.5000,8.6400,929900
2007-06-22,9.1500,9.2100,8.7300,8.7300,1328300
2007-06-15,8.8200,9.1700,8.6400,9.1300,1166500
2007-06-08,9.0400,9.0600,8.5400,8.8600,2169000
2007-06-01,9.1700,9.4900,8.8700,9.1100,2150600
2007-05-25,9.1600,9.4600,8.8700,9.1500,817200
2007-05-18,9.5200,9.6500,8.9800,9.1600,735000
2007-05-11,9.6600,9.7500,9.2700,9.5500,1060500
2007-05-04,9.1700,9.7500,9.1100,9.7400,1428300
2007-04-27,9.3200,9.4600,8.7900,9.2400,3110400
2007-04-20,9.5900,11.2800,9.2200,9.3200,6291600
2007-04-13,9.6700,9.7900,9.4500,9.5500,725700
2007-04-05,9.5000,9.7400,9.3900,9.6800,498200
2007-03-30,9.4700,9.8000,9.0400,9.5000,678300
2007-03-23,9.3000,9.7000,8.9600,9.4900,1331500
2007-03-16,8.7100,9.4500,8.5500,9.2200,2352300
2007-03-09,8.2300,8.7000,8.2200,8.6900,2486600
2007-03-02,8.4600,8.8100,8.2100,8.2800,958700
2007-02-23,8.2000,8.5000,8.1200,8.4600,785100
2007-02-16,8.0600,8.3500,7.9500,8.2500,929700
2007-02-09,8.1000,8.2700,8.0000,8.0600,563100
2007-02-02,8.1700,8.3200,7.9800,8.1300,619300
2007-01-26,8.2500,8.2600,7.8900,8.1600,493800
2007-01-19,8.5600,8.6000,7.9500,8.2200,610700
2007-01-12,8.2700,8.5300,8.0600,8.4900,464300
2007-01-05,8.8000,8.9300,7.2200,8.3000,871800
2006-12-29,8.8600,9.0700,8.6900,8.7300,462700
2006-12-22,8.8400,9.1300,8.4500,8.8900,755200
2006-12-15,8.9500,9.2300,8.6800,8.8000,636600
2006-12-08,9.2000,9.5000,8.9700,8.9700,573800
2006-12-01,9.7400,9.8100,8.7500,9.1700,1651100
2006-11-24,9.9800,10.4300,9.7200,9.8500,500000
2006-11-17,9.6900,10.4500,9.4500,10.0000,1598200
2006-11-10,9.5200,9.9700,9.3000,9.7600,892000
2006-11-03,9.4600,9.9600,9.2900,9.5800,833300
2006-10-27,9.5900,9.7400,9.0600,9.5400,641400
2006-10-20,9.6900,9.8400,9.3700,9.6500,711900
2006-10-13,9.4400,9.8100,9.2600,9.6500,815700
2006-10-06,9.1100,9.6800,8.7600,9.4200,1121400
2006-09-29,8.6500,9.2300,8.4400,9.2000,2728400
2006-09-22,9.1200,9.2300,8.5200,8.6000,509300
2006-09-15,8.3800,9.2000,8.2000,9.1800,686800
2006-09-08,8.3300,8.4700,8.0000,8.4500,375000
2006-09-01,8.3200,8.5100,7.9000,8.3500,1131500
2006-08-25,8.4700,8.5100,8.2500,8.3400,205100
2006-08-18,8.3700,8.5900,8.2400,8.5300,448700
2006-08-11,8.5300,8.5700,8.1600,8.3300,517700
2006-08-04,8.5200,8.7800,8.1500,8.6000,522700
2006-07-28,8.0700,8.8000,8.0700,8.7600,443700
2006-07-21,7.7400,8.3200,7.4700,8.0300,360500
2006-07-14,7.5000,7.9900,7.5000,7.7500,401200
2006-07-07,8.3600,8.3600,7.4700,7.4700,331000
2006-06-30,8.0600,8.3700,7.9700,8.3300,623700
2006-06-23,8.0700,8.2400,7.7900,7.9800,341400
2006-06-16,8.2200,8.3300,8.0000,8.0800,796500
2006-06-09,8.3000,8.5500,8.0000,8.2400,773600
2006-06-02,7.5700,8.3900,7.4100,8.3200,793400
2006-05-26,7.3300,7.7900,7.2600,7.6300,826700
2006-05-19,7.6800,7.7100,7.1500,7.3600,1152900
2006-05-12,7.9100,8.3000,7.5700,7.7400,1325200
2006-05-05,8.1300,8.1900,7.8100,7.9700,487000
2006-04-28,8.1300,8.2700,7.7600,8.0700,476400
2006-04-21,7.7500,8.2000,7.5900,8.1600,686000
2006-04-13,7.6200,7.8400,7.5900,7.7800,461400
2006-04-07,7.9700,7.9900,7.5700,7.6500,479800
2006-03-31,7.7300,7.9900,7.4700,7.9700,598000
2006-03-24,7.8500,7.9000,7.5400,7.7600,311500
2006-03-17,7.8700,7.9500,7.5500,7.8800,607200
2006-03-10,8.2700,8.2700,7.5600,7.8700,595100
2006-03-03,7.9700,8.4300,7.9600,8.2400,773000
2006-02-24,8.0000,8.3700,7.8300,7.9900,738100
2006-02-17,9.2900,9.4500,7.9100,7.9800,1209100
2006-02-10,9.0400,9.5700,9.0200,9.3600,656200
2006-02-03,9.3200,9.4400,8.9700,9.0500,806100
2006-01-27,7.9400,9.4400,7.8600,9.3700,1225000
2006-01-20,8.1900,8.1900,7.8500,7.8800,352400
2006-01-13,8.0800,8.2900,7.9500,8.2700,432600
2006-01-06,7.7000,8.2300,7.5100,8.2000,590300
2005-12-30,8.0300,8.0800,7.5800,7.7100,512300
2005-12-23,7.7400,8.1400,7.7100,8.0500,546400
2005-12-16,7.9100,8.0700,7.6000,7.7800,653800
2005-12-09,8.4400,8.5000,7.8500,7.9300,854300
2005-12-02,8.3300,8.6800,8.3000,8.5000,740600
2005-11-25,8.5000,8.7100,8.1700,8.3400,387000
2005-11-18,8.4500,8.6400,8.0500,8.5600,551400
2005-11-11,7.4300,8.4400,7.3400,8.4200,1433400
2005-11-04,7.3800,7.7300,7.1000,7.2600,1133300
2005-10-28,6.8500,7.4100,6.7800,7.3100,694700
2005-10-21,7.0100,7.0600,6.7300,6.8400,887300
2005-10-14,7.5800,7.5800,6.8500,7.0600,1194400
2005-10-07,7.5900,7.7400,7.2700,7.4900,563900
2005-09-30,7.7300,7.8400,7.5300,7.5800,677300
2005-09-23,7.8200,7.8400,7.6100,7.6900,517700
2005-09-16,8.0600,8.2000,7.6600,7.8500,671200
2005-09-09,7.7000,8.2200,7.7000,8.0900,577700
2005-09-02,7.7500,7.8600,7.5100,7.7100,431500
2005-08-26,7.5600,7.9100,7.5100,7.7800,517300
2005-08-19,7.7600,7.7900,7.5000,7.5900,626300
2005-08-12,8.0000,8.0500,7.7000,7.7100,841700
2005-08-05,8.7700,8.7700,7.9700,7.9700,1395800
2005-07-29,8.8500,9.0600,8.0800,8.5000,1404700
2005-07-22,8.6500,9.0000,8.6100,8.8000,574800
2005-07-15,8.8800,9.1100,8.6400,8.6900,860400
2005-07-08,8.9200,9.0500,8.4200,8.8900,724200
2005-07-01,8.6000,9.2500,8.5100,8.9600,1753600
2005-06-24,8.8200,8.9800,8.5000,8.6600,922200
2005-06-17,8.9800,9.2500,8.7500,8.8600,1194500
2005-06-10,8.5300,8.9700,8.4400,8.9700,1174500
2005-06-03,8.0700,8.7500,8.0600,8.5600,1165600
2005-05-27,8.0000,8.2000,7.7500,8.1100,1434200
2005-05-20,8.0200,8.2600,7.6500,7.9600,1741500
2005-05-13,8.3800,8.5700,7.9700,8.0200,2507100
2005-05-06,8.6000,8.9700,8.2700,8.4100,1822900
2005-04-29,8.4300,9.1000,8.2900,8.6400,1692500
2005-04-22,8.8400,9.0600,8.3500,8.4300,1721300
2005-04-15,8.7300,9.0200,8.6000,8.9300,1753000
2005-04-08,8.9600,9.0200,8.7100,8.7500,1582200
2005-04-01,8.2400,9.2300,8.2400,9.0200,2893800
2005-03-24,8.6400,8.7000,8.2600,8.3900,2235900
2005-03-18,8.6600,8.9300,8.5800,8.5900,1695900
2005-03-11,8.4800,8.9800,8.4600,8.6800,2660900
2005-03-04,8.3400,9.2000,8.1300,8.6000,9123700
2005-02-25,9.4100,9.7800,8.5000,8.5800,2822300
2005-02-18,10.2500,10.4000,9.0600,9.4200,4704200
2005-02-11,11.8400,12.1400,9.8500,10.2000,4720600
2005-02-04,10.1300,12.0000,10.1300,11.9100,4147200
2005-01-28,10.0000,10.2000,9.8100,10.1400,1455100
2005-01-21,10.0100,10.1700,9.8100,10.0100,1663000
2005-01-14,10.0200,10.2100,9.7100,9.9300,3454200
2005-01-07,12.4900,12.5800,9.5800,10.0200,7417800
2004-12-31,12.5900,12.8900,12.0900,12.3700,1399400
2004-12-23,11.5000,13.1000,11.2800,12.6000,2190600
2004-12-17,11.3500,12.1000,11.1000,11.6100,2912100
2004-12-10,11.1500,11.3400,10.7700,11.3400,2498300
2004-12-03,11.4800,11.5900,10.4300,11.0800,3712000
2004-11-26,10.9000,11.5000,10.7500,11.3900,3322200
2004-11-19,9.2600,11.2400,9.2200,10.6400,4768100
2004-11-12,9.4500,9.8800,9.1200,9.3900,3554800
2004-11-05,9.8100,10.4700,9.1800,9.5500,5215300
2004-10-29,9.7900,10.0200,9.5000,9.8500,2027900
2004-10-22,10.0700,10.1000,9.4700,9.7200,1313300
2004-10-15,9.6900,10.2000,9.6900,9.8000,1971900
2004-10-08,10.1700,10.3800,9.5800,9.5800,1805400
2004-10-01,9.2500,10.1500,9.0000,10.0600,2345800
2004-09-24,9.7600,9.7600,9.1000,9.1100,1398600
2004-09-17,9.7900,10.3000,9.5800,9.7000,1466500
2004-09-10,9.8900,10.0000,9.4000,9.7300,1422400
2004-09-03,10.5300,10.6300,9.7100,9.7700,1287400
2004-08-27,10.8400,10.9900,10.2100,10.5500,896900
2004-08-20,9.9800,10.7500,9.9400,10.7500,1427500
2004-08-13,9.6600,10.4800,9.5200,9.9200,2154200
2004-08-06,10.8200,10.8500,8.5500,9.7300,6001600
2004-07-30,11.5100,11.7900,10.5500,10.7700,2905200
2004-07-23,11.7900,12.2500,11.4100,11.7000,1602000
2004-07-16,11.9100,12.3000,11.6200,11.9600,2942900
2004-07-09,13.0000,13.1400,10.6100,11.8400,6641300
2004-07-02,17.6600,17.8000,12.5100,13.0100,7780600
2004-06-25,17.2500,17.6300,16.5900,17.6100,1439600
2004-06-18,18.0200,18.1000,17.1400,17.2800,1067900
2004-06-10,18.2500,18.8800,18.0000,18.0800,967700
2004-06-04,18.8000,18.9000,18.3000,18.4900,793000
2004-05-28,18.5500,19.1900,18.4500,18.9700,1208100
2004-05-21,18.1500,18.8200,17.6500,18.4800,1112800
2004-05-14,17.3400,18.8500,17.1500,18.2300,1542900
2004-05-07,17.6800,18.7400,17.0400,17.5300,1723900
2004-04-30,18.0400,18.3600,16.9200,17.6000,1882000
2004-04-23,18.6300,18.8000,17.7800,18.0400,1601300
2004-04-16,19.0600,19.5000,18.0000,18.5000,1506100
2004-04-08,20.8600,20.9000,18.7700,19.0000,2913100
2004-04-02,20.7200,22.0900,20.5500,21.1400,1436800
2004-03-26,20.1200,20.7500,19.7000,20.6300,1539300
2004-03-19,20.2100,20.3900,19.6600,20.3200,1717100
2004-03-12,19.7600,20.2000,18.2800,20.0000,2037300
2004-03-05,19.8600,20.4600,19.4500,19.7000,1644500
2004-02-27,20.0000,21.0700,18.8000,20.1900,3643600
2004-02-20,20.8700,21.1200,19.5500,20.0400,2092600
2004-02-13,23.5100,25.0800,19.8900,20.7600,7818900
2004-02-06,22.5900,24.1200,22.1500,23.4900,2874500
2004-01-30,22.6600,22.7900,20.8300,22.5000,1364200
2004-01-23,22.7800,23.0000,22.0600,22.7800,730100
2004-01-16,22.9000,23.1400,21.1900,22.7800,2328500
2004-01-09,23.9200,25.1700,23.0800,23.1400,1294500
2004-01-02,23.2300,24.0000,23.0600,23.8700,929600
2003-12-26,22.8800,23.2000,22.1500,23.1000,713700
2003-12-19,23.9900,24.5900,21.7600,22.6100,3799300
2003-12-12,22.4800,23.7000,21.2900,23.6000,1528400
2003-12-05,23.4400,24.3500,22.1300,22.4900,1413200
2003-11-28,22.8500,23.8900,22.7100,23.5800,1144000
2003-11-21,23.0400,23.1100,21.7500,22.8200,1506300
2003-11-14,26.8500,27.0300,22.5400,23.2600,3165100
2003-11-07,27.2300,28.2400,26.6200,26.8000,709600
2003-10-31,26.0300,27.4500,26.0300,27.2500,936400
2003-10-24,26.1400,27.5700,25.8000,26.1800,1177400
2003-10-17,24.3100,26.5000,24.3000,26.1300,1171700
2003-10-10,24.0500,25.5400,23.8500,24.3800,963700
2003-10-03,23.2000,25.5500,20.8000,24.1600,2855900
2003-09-26,26.0100,26.5500,22.5500,23.1900,1403100
2003-09-19,24.8100,26.4900,24.4000,26.0900,936300
2003-09-12,25.0800,25.6300,22.8500,24.8200,1350600
2003-09-05,22.8100,25.9900,22.4700,24.8500,2245100
2003-08-29,23.0600,24.1000,22.4000,22.8000,2476900
2003-08-22,22.8900,23.5900,22.6400,23.0000,1240600
2003-08-15,19.1500,23.4500,19.1200,22.7900,4524300
2003-08-08,18.8000,19.1500,16.5400,18.8800,2259700
2003-08-01,19.0100,19.2500,18.0500,18.8000,1055600
2003-07-25,18.6200,19.3100,17.7100,18.6100,1055200
2003-07-18,19.1600,19.6300,17.9000,18.4900,1728700
2003-07-11,19.3000,20.5000,19.1000,19.7500,1717200
2003-07-03,19.3000,20.0000,19.0000,19.1700,1886000
2003-06-27,18.0000,19.4900,17.2500,19.4000,2481600
2003-06-20,15.3700,17.8000,15.2200,17.7500,1560000
2003-06-13,15.7400,16.1800,15.0600,15.3600,1143000
2003-06-06,15.3500,16.7900,14.0000,15.8300,1717200
2003-05-30,13.3500,15.7300,13.2600,15.3000,1693400
2003-05-23,13.5900,13.6000,12.9300,13.3900,918300
2003-05-16,14.7000,14.9900,13.2600,13.6200,3230300
2003-05-09,14.0500,14.7800,13.9700,14.6300,688800
2003-05-02,12.9400,14.0400,12.9000,14.0000,792100
2003-04-25,13.3900,13.7600,12.9900,13.1200,612500
2003-04-17,12.2900,14.0000,12.1000,13.5100,692200
2003-04-11,12.1500,12.7500,12.0300,12.3300,870300
2003-04-04,11.2000,12.1500,11.1600,11.8200,996900
2003-03-28,12.1000,12.1300,11.3500,11.7100,936200
2003-03-21,10.2900,12.6000,10.1900,12.2900,1937400
2003-03-14,9.6500,10.7200,9.2600,10.2800,1231800
2003-03-07,10.4900,10.7500,9.1500,9.8800,1975700
2003-02-28,11.6500,11.8800,10.2500,10.3200,1748800
2003-02-21,12.1500,13.0100,11.6100,11.8500,1263100
2003-02-14,14.9000,16.1500,11.1400,12.0800,8298200
2003-02-07,16.8000,16.8000,15.0000,15.0000,926100
2003-01-31,16.0000,17.1000,16.0000,16.5700,1290000
2003-01-24,17.6500,18.0100,15.0000,16.5000,1827200
2003-01-17,18.8500,19.2000,17.7000,17.7500,1048400
2003-01-10,18.3700,18.7900,17.5500,18.3000,1812700
2003-01-03,16.7500,18.5000,16.3200,18.0800,1251500
2002-12-27,17.4000,17.9200,16.7500,16.9000,1158600
2002-12-20,16.9600,19.9000,16.5500,17.7500,3707100
2002-12-13,14.3900,17.7500,14.1800,17.0000,3735100
2002-12-06,15.2000,16.4500,13.5500,14.6400,2614400
2002-11-29,14.4900,15.9800,14.1900,15.0500,2942300
2002-11-22,14.4900,14.7500,13.0600,14.3200,2690700
2002-11-15,13.7000,14.4500,12.5900,14.2300,3650200
2002-11-08,14.5500,14.8500,13.4200,13.7000,2280100
2002-11-01,14.4200,14.9500,13.5900,14.4400,2638600
2002-10-25,12.8000,14.2800,11.8300,14.1500,1886100
2002-10-18,10.7500,12.8700,10.0800,12.8500,1669600
2002-10-11,10.2900,11.2800,9.6300,10.7300,880400
2002-10-04,11.0400,11.6700,9.8500,10.3800,1251500
2002-09-27,9.1700,11.0600,8.7900,11.0100,1208300
2002-09-20,10.0900,10.2400,9.0500,9.3700,788200
2002-09-13,9.3900,10.2600,9.3400,10.2500,812500
2002-09-06,10.0100,10.1000,9.1900,9.3600,574300
2002-08-30,9.5000,10.7500,9.1900,9.9700,1092500
2002-08-23,8.8300,9.5600,8.3800,9.4600,668000
2002-08-16,7.9800,8.9500,7.7800,8.8300,583900
2002-08-09,7.9200,8.5300,7.4200,8.1000,495400
2002-08-02,8.3300,8.3800,7.6300,7.7700,869700
2002-07-26,8.4700,8.7500,7.6600,8.3300,858600
2002-07-19,8.7700,9.1700,8.3000,8.3000,799000
2002-07-12,9.6600,10.0500,7.9500,8.8500,1288900
2002-07-05,10.8800,10.9000,8.3500,9.7800,609400
2002-06-28,8.9300,11.2500,8.2700,10.9100,1044900
2002-06-21,10.0000,10.0600,8.9400,9.1800,1004500
2002-06-14,10.7100,11.0000,8.6100,10.0000,684500
2002-06-07,11.3400,11.4100,10.0000,10.7700,639400
2002-05-31,11.5300,11.8000,10.9000,11.3600,380500
2002-05-24,12.0400,12.3300,10.8000,11.5100,1352400
2002-05-17,12.8200,14.1000,11.6200,12.1000,2317300
2002-05-10,12.0400,12.9500,11.4700,12.7200,791600
2002-05-03,12.9400,12.9400,11.6000,12.0500,1254600
2002-04-26,12.8400,13.9800,12.5200,12.9200,1004400
2002-04-19,11.6000,13.1200,11.2500,12.9200,1068800
2002-04-12,11.2100,11.9000,10.7500,11.5900,826400
2002-04-05,10.6000,11.9400,10.4700,11.1100,1045600
2002-03-28,11.5300,11.8000,10.1400,10.5800,973700
2002-03-22,11.8000,12.0700,10.9600,11.4600,1183000
2002-03-15,10.2200,12.2100,9.9600,11.5500,2345300
2002-03-08,8.9700,10.4900,8.8800,10.2200,1737700
2002-03-01,8.9500,9.2000,8.6400,8.9800,1384900
2002-02-22,9.7100,9.8000,7.9100,8.9000,2017400
2002-02-15,9.0900,10.9800,8.7000,9.8000,5407200
2002-02-08,8.9100,9.7700,8.5500,9.0800,1150400
2002-02-01,8.9300,9.0200,8.0400,9.0000,921200
2002-01-25,9.2800,9.4900,8.3300,8.9200,569800
2002-01-18,9.5000,9.6400,8.2200,9.1000,879900
2002-01-11,9.4800,9.9700,9.1900,9.6000,1502500
2002-01-04,8.1400,9.4400,8.1400,9.1900,1895600
2001-12-28,7.5400,8.4800,7.4900,8.2800,687100
2001-12-21,8.1300,8.5600,6.9500,7.4200,1404100
2001-12-14,8.0400,8.8500,7.9700,8.2400,1462300
2001-12-07,8.5100,8.8500,7.5900,8.4500,2679700
2001-11-30,7.6600,9.0000,6.9800,8.2200,3241200
2001-11-23,6.1200,8.2000,5.8000,7.4000,5403100
2001-11-16,6.0200,6.3900,5.6000,6.1000,1159700
2001-11-09,5.5400,6.1000,5.2500,6.0000,513300
2001-11-02,5.7000,5.9700,5.0300,5.5500,1007600
2001-10-26,5.5600,5.7900,4.6000,5.4800,2128200
2001-10-19,5.8000,5.9900,5.0400,5.1600,1123400
2001-10-12,5.9100,6.5100,5.0100,5.8800,3899400
2001-10-05,8.6900,8.6900,5.4500,5.9100,4255900
2001-09-28,8.6900,8.6900,8.6900,8.6900,0
2001-09-21,8.6900,8.6900,8.6900,8.6900,0
2001-09-10,7.5400,9.4100,7.4400,8.6900,240300
2001-09-07,9.0600,9.2400,7.4800,7.9500,1677800
2001-08-31,12.2900,12.3000,8.6000,9.0300,2449300
2001-08-24,12.3600,13.2600,11.1100,12.1100,378500
2001-08-17,12.1400,13.5900,12.0400,12.2500,676500
2001-08-10,13.6800,14.2400,11.4600,12.0500,1359100
2001-08-03,14.9000,16.8800,12.0500,13.9000,2775600
2001-07-27,16.2000,16.6000,14.4600,14.7900,696400
2001-07-20,18.5000,18.5000,16.0900,16.2500,323400
2001-07-13,19.0400,19.0500,17.9100,18.2600,998700
2001-07-06,19.9300,19.9400,18.4600,18.9900,790500
2001-06-29,18.0000,22.9000,18.0000,22.0000,1551300
2001-06-22,17.5100,18.6700,16.9700,18.1700,1083000
2001-06-15,19.5900,19.6700,17.4600,17.7000,932400
2001-06-08,19.8400,20.4400,19.1500,19.4000,314900
2001-06-01,21.7800,22.1000,18.1000,19.7400,907000
2001-05-25,20.1300,23.5200,20.1100,21.9500,1122200
2001-05-18,21.2600,21.2600,18.2800,20.0200,2114600
2001-05-11,26.1700,26.2400,20.5000,20.9900,1333000
2001-05-04,25.3800,28.2300,24.0900,26.1700,2227900
2001-04-27,24.9100,26.3900,22.3000,25.2600,2259500
2001-04-20,22.4100,25.5000,21.3000,25.1500,1329300
2001-04-12,18.8300,23.3300,18.8100,22.4400,1207400
2001-04-06,20.3900,20.6200,16.2500,18.9400,3418400
2001-03-30,20.3800,22.3800,20.0000,20.4400,1068000
2001-03-23,22.3100,22.3800,19.7500,20.5000,1846400
2001-03-16,20.0600,22.8100,19.0000,22.6900,2807500
2001-03-09,23.5000,23.6900,19.6200,20.0600,5963300
2001-03-02,25.4800,26.8800,22.5000,23.5000,679500
2001-02-23,28.8800,29.5000,22.3100,25.1200,1054100
2001-02-16,28.1900,34.7500,28.1200,28.8800,1693500
2001-02-09,29.3800,29.6200,26.8800,28.6200,1050500
2001-02-02,25.3100,33.3100,25.2500,29.8100,1985300
2001-01-26,21.3800,26.0000,20.9400,25.3100,648300
2001-01-19,17.3800,24.5000,17.3800,20.9400,849200
2001-01-12,16.5200,18.8800,15.5000,17.3800,871300
2001-01-05,15.8300,18.3800,13.6200,16.5000,599800
2000-12-29,14.8100,18.0600,14.5600,15.6900,676000
2000-12-22,17.0000,18.3800,13.2500,15.0000,1110400
2000-12-15,20.6200,22.2500,16.1200,16.9400,724300
2000-12-08,14.2700,20.6200,13.3800,20.5000,695200
2000-12-01,17.0000,17.8800,13.2500,13.8800,488500
2000-11-24,18.9400,19.1700,14.8800,16.5000,397900
2000-11-17,19.3800,21.7500,17.5000,19.1200,448200
2000-11-10,23.0000,24.8800,19.0000,19.5000,1069800
2000-11-03,15.8900,23.5000,15.5000,23.0000,1248800
2000-10-27,22.1200,23.2500,14.8800,16.0600,2380600
2000-10-20,22.8600,24.9400,17.7500,23.1900,977000
2000-10-13,25.8000,26.5000,21.5600,22.8800,912400
2000-10-06,28.6900,30.0000,24.7500,25.7500,757200
2000-09-29,28.5600,31.3800,27.3800,28.4400,1062500
2000-09-22,26.7500,28.5000,23.8800,28.1200,771900
2000-09-15,27.2200,31.0000,25.0000,26.5000,783500
2000-09-08,31.0000,34.0000,27.3800,27.5000,945400
2000-09-01,23.3800,32.6200,23.1200,31.1900,1411800
2000-08-25,22.0600,24.2500,20.0000,23.1200,1492500
2000-08-18,24.8100,25.2500,21.3100,21.6200,1362100
2000-08-11,26.3800,27.0000,23.3800,24.8600,1438800
2000-08-04,29.4700,32.3800,25.5000,26.0600,1642200
2000-07-28,44.9400,46.5000,28.0000,29.0000,1347500
2000-07-21,43.4400,49.2500,43.4400,45.3800,857900
2000-07-14,42.2200,45.8800,40.6900,43.7500,951200
2000-07-07,44.3100,44.3400,39.0000,42.0000,400200
2000-06-30,32.7500,46.5000,32.7500,43.4400,1351400
2000-06-23,32.2500,38.7500,29.3800,33.0000,1240900
2000-06-16,34.1900,38.7500,30.9400,31.6200,1932400
2000-06-09,27.6200,36.5600,26.0000,34.5600,2011000
2000-06-02,27.8100,28.2500,25.3100,27.2500,1777300
2000-05-26,37.1200,37.8800,22.0000,23.8800,1719800
2000-05-19,40.0000,45.5000,36.9400,36.9400,891500
2000-05-12,44.6200,45.0600,35.5000,40.0200,1387000
2000-05-05,47.1900,53.5000,40.3800,45.5600,1341400
2000-04-28,43.1900,47.7500,29.8800,47.2500,2561000
2000-04-20,34.0000,45.3800,29.6900,42.6200,1387900
2000-04-14,57.7500,61.4800,35.0000,35.0000,1176000
2000-04-07,52.5000,58.1200,33.2500,55.5000,1369400
2000-03-31,71.7500,75.5000,48.0000,52.3800,1263400
2000-03-24,67.5000,73.4400,55.0000,69.7500,1002200
2000-03-17,73.7500,89.8800,62.5000,66.5000,1102600
2000-03-10,54.5600,81.0000,51.2500,74.7500,2695200
2000-03-03,57.5000,64.0000,57.2500,59.2500,980700
2000-02-25,58.8800,60.5000,52.6900,59.7500,785700
2000-02-18,72.0000,72.0000,57.8800,60.0000,717800
2000-02-11,66.0000,75.8100,65.2500,71.7500,533800
2000-02-04,58.8800,75.0000,57.2500,68.2500,1851900
2000-01-28,56.9100,57.2500,50.3800,56.6200,938200
2000-01-21,44.5000,55.0000,40.4400,54.7500,1493600
2000-01-14,38.3800,47.0000,36.7500,43.6200,1558600
