timestamp,open,high,low,close,volume
2018-02-27,10.5300,10.5300,0.0000,10.5300,0
2018-02-23,10.5300,10.5300,10.5300,10.5300,0
2018-02-16,10.5300,10.5300,10.5300,10.5300,0
2018-02-09,10.5300,10.5300,10.5300,10.5300,0
2018-02-02,10.5300,10.5300,10.5300,10.5300,0
2018-01-26,10.5000,10.5300,10.4300,10.5300,1260
2018-01-19,10.5000,10.5000,10.5000,10.5000,0
2018-01-12,10.4500,10.5000,10.4500,10.5000,2500
2018-01-05,10.4413,10.4500,10.4413,10.4500,400
2017-12-29,10.4413,10.4413,10.4413,10.4413,0
2017-12-22,10.9900,10.9900,10.4413,10.4413,216
2017-12-15,10.9900,10.9900,10.9900,10.9900,4
2017-12-08,10.9900,10.9900,10.9900,10.9900,103
2017-12-01,10.9900,10.9900,10.9900,10.9900,183
2017-11-24,10.9900,10.9900,10.9900,10.9900,57
2017-11-17,10.4599,10.9900,10.4599,10.9900,363
2017-11-10,10.4700,10.4700,10.4500,10.4600,1436
2017-11-03,10.3200,10.4700,10.3130,10.4700,1740
2017-10-27,10.3000,10.3000,10.3000,10.3000,21
2017-10-20,10.3000,10.3000,10.3000,10.3000,1
2017-10-13,10.3000,10.3000,10.3000,10.3000,1
2017-10-06,10.4190,10.4190,10.3000,10.3000,300
2017-09-29,10.4400,10.4400,10.4190,10.4190,413
2017-09-22,10.4480,10.4480,10.4400,10.4400,257
2017-09-15,10.4860,10.4860,10.4860,10.4860,1
2017-09-08,10.4857,10.4860,10.4857,10.4860,4
2017-08-31,10.4860,10.4860,10.4857,10.4860,0
2017-08-25,10.4860,10.4860,10.4860,10.4860,76
2017-08-18,10.2800,10.4860,10.2800,10.4860,1425
2017-08-11,10.3200,10.4000,10.2000,10.2800,1333
2017-08-03,10.3200,10.3300,10.3200,10.3200,1655
2017-07-28,10.2500,10.2500,10.2400,10.2400,601
2017-07-21,10.2200,10.2501,10.2200,10.2501,1414
2017-07-14,10.2000,10.2200,10.2000,10.2200,690
2017-07-07,10.3100,10.4000,10.2000,10.2000,1604
2017-06-30,10.3000,10.3800,10.3000,10.3100,3793
2017-06-23,10.5000,10.5000,10.2600,10.2600,3699
2017-06-16,10.4500,12.3400,10.2400,10.5000,16533
2017-06-09,10.2600,12.3500,10.2300,12.3500,5001
2017-06-02,10.2600,10.2700,10.2300,10.2300,8300
2017-05-26,10.2400,10.2420,10.2400,10.2400,4700
2017-05-19,10.2100,10.2700,10.2100,10.2400,277402
2017-05-12,10.2200,10.2500,10.2000,10.2120,32802
2017-05-05,10.2200,10.2200,10.2200,10.2200,0
2017-04-28,10.2200,10.2200,10.2200,10.2200,0
2017-04-21,10.2100,10.2500,10.2100,10.2200,1600
2017-04-13,10.2300,10.2300,10.2100,10.2100,300
2017-04-07,10.2200,10.3500,10.2200,10.2300,2400
2017-03-31,10.2500,10.3500,10.2100,10.2200,29198
2017-03-24,10.2500,10.2500,10.2500,10.2500,0
2017-03-17,10.2500,10.2500,10.2200,10.2500,4687
2017-03-10,10.2500,10.2500,10.2500,10.2500,0
2017-03-03,10.2500,10.2500,10.2500,10.2500,210006
2017-02-24,10.2500,10.2500,10.2000,10.2000,1906
2017-02-17,10.3200,10.3200,10.2500,10.2500,103
2017-02-10,10.2300,10.3900,10.2300,10.3200,8216
2017-02-03,10.2300,10.2300,10.2300,10.2300,872740
2017-01-27,10.1500,10.2300,10.1500,10.2300,15100
2017-01-20,10.1500,10.1500,10.1500,10.1500,0
2017-01-13,10.1558,10.1877,10.1500,10.1500,3400
2017-01-06,10.1100,10.2200,10.1100,10.1558,1100
2016-12-30,10.1300,10.1600,10.1300,10.1600,3300
2016-12-23,10.1563,10.2400,10.1200,10.2400,15568
2016-12-16,10.3499,10.3499,10.3499,10.3499,15
2016-12-09,10.0300,10.3500,10.0300,10.3499,10522
2016-12-02,10.1000,10.1600,9.9700,10.1600,7600
2016-11-25,10.1000,10.1000,10.1000,10.1000,1000
2016-11-18,10.1000,10.1000,10.1000,10.1000,0
2016-11-11,10.0701,10.1400,10.0700,10.1000,700
2016-11-04,10.1700,10.1700,10.0700,10.1400,32000
2016-10-28,10.0701,10.1700,10.0600,10.1700,1100
2016-10-21,10.1000,10.1000,10.0701,10.0701,800
2016-10-14,10.1000,10.1000,10.1000,10.1000,1000
2016-10-07,10.1000,10.1000,10.1000,10.1000,2
2016-09-30,10.1000,10.1000,10.1000,10.1000,0
2016-09-23,10.1000,10.1000,10.1000,10.1000,0
2016-09-16,10.1000,10.1000,10.1000,10.1000,0
2016-09-09,10.1000,10.1000,10.1000,10.1000,0
2016-09-02,10.0700,10.1400,10.0500,10.1000,2400
2016-08-26,10.0700,10.0700,10.0700,10.0700,0
2016-08-19,10.1499,10.1500,9.6901,10.0700,8931
2016-08-12,10.1400,10.1600,9.9000,10.1499,4941
2016-08-05,10.0500,10.8000,10.0500,10.0600,456036
2016-07-29,10.0400,10.0500,10.0400,10.0499,18600
2016-07-22,9.9699,10.0500,9.9650,10.0400,181881
2016-07-15,10.0300,10.0300,9.9600,9.9900,31100
2016-07-08,10.0300,10.0300,10.0300,10.0300,10100
2016-07-01,9.9500,10.0300,9.9500,10.0300,17800
2016-06-24,10.0099,10.0099,10.0099,10.0099,0
2016-06-17,9.9900,10.0099,9.9500,10.0099,5710
2016-06-10,9.9800,9.9900,9.9500,9.9900,14176
2016-06-03,9.9800,9.9800,9.9800,9.9800,0
2016-05-27,9.9600,9.9900,9.9600,9.9800,64003
2016-05-20,9.9200,10.0000,9.9200,9.9500,4096
2016-05-13,9.9200,9.9200,9.9200,9.9200,0
2016-05-06,9.9200,9.9200,9.9200,9.9200,0
2016-04-29,9.9001,9.9300,9.9000,9.9200,3039
2016-04-22,9.9000,9.9200,9.9000,9.9200,500
2016-04-15,9.9000,9.9000,9.9000,9.9000,0
2016-04-08,9.9600,9.9900,9.9000,9.9000,47200
2016-04-01,9.9100,9.9600,9.9100,9.9600,1100
2016-03-24,9.9510,9.9600,9.9100,9.9100,1800
2016-03-18,9.9500,9.9500,9.8800,9.8800,2203
2016-03-11,9.8600,9.9500,9.8600,9.9500,1323
2016-03-04,9.9300,10.0000,9.8600,9.8600,6516
2016-02-26,10.1200,10.6800,9.8600,9.8601,558341
2016-02-19,9.8000,9.9200,9.8000,9.8900,97237
2016-02-12,9.8600,9.8800,9.8200,9.8500,288445
2016-02-05,9.7900,9.8600,9.7900,9.7900,4250
2016-01-29,9.8600,9.8600,9.7900,9.7900,200
2016-01-22,9.8000,9.8000,9.7500,9.7500,2610
2016-01-15,9.8001,9.8219,9.7900,9.8000,7613
2016-01-08,9.8300,9.8300,9.7900,9.8000,1700
2015-12-31,9.8000,9.8400,9.8000,9.8300,10374
2015-12-24,9.7500,9.8600,9.7500,9.8100,5958
2015-12-18,9.8000,9.8500,9.6500,9.7500,31920
2015-12-11,9.8500,9.8500,9.8200,9.8300,2110
2015-12-04,9.8500,9.8500,9.8100,9.8300,7190
2015-11-27,9.8689,9.8689,9.8100,9.8100,5787
2015-11-20,9.8500,9.8700,9.8100,9.8689,2600
2015-11-13,9.8000,9.8000,9.8000,9.8000,450
2015-11-06,9.8000,9.8000,9.8000,9.8000,0
2015-10-30,9.8000,9.8000,9.8000,9.8000,298
2015-10-23,9.8000,9.8000,9.8000,9.8000,210
2015-10-16,9.8000,9.8000,9.8000,9.8000,952
2015-10-09,9.8100,9.8400,9.8100,9.8400,700
2015-10-02,9.8400,9.8400,9.8100,9.8100,2000
2015-09-25,9.8400,9.8400,9.7600,9.8400,808
2015-09-18,9.8400,9.8400,9.8400,9.8400,0
2015-09-11,9.8200,9.8400,9.8200,9.8400,140
2015-09-04,9.8100,9.8300,9.8100,9.8200,860
2015-08-28,9.7800,9.8300,9.7800,9.8100,3400
2015-08-21,9.7800,9.7800,9.7800,9.7800,0
2015-08-14,9.7900,9.7900,9.7800,9.7800,200
2015-08-07,9.7900,9.7900,9.7900,9.7900,100
2015-07-30,9.8000,9.8500,9.8000,9.8250,2500
2015-07-24,9.7500,9.8000,9.7500,9.8000,3490
2015-07-17,9.8360,9.8500,9.7700,9.8400,2960
2015-07-10,9.7900,9.9700,9.7500,9.7500,114450
2015-07-02,9.8400,9.8400,9.7600,9.7600,4960
2015-06-26,9.7900,9.7900,9.7500,9.7500,671
2015-06-19,9.7400,9.8000,9.7400,9.7900,200001
2015-06-12,9.7400,9.7400,9.7400,9.7400,0
2015-06-05,9.7000,9.7500,9.7000,9.7400,5142
2015-05-29,9.7000,9.7000,9.7000,9.7000,1460
2015-05-22,9.6800,9.7000,9.6800,9.7000,3178
2015-05-15,9.6800,9.6800,9.6800,9.6800,5000
2015-05-08,9.7000,9.7001,9.6500,9.6800,32837
2015-05-01,9.7000,9.7000,9.6800,9.6800,8004
2015-04-24,9.6800,9.6900,9.6600,9.6800,65881
2015-04-17,9.6800,9.6800,9.6800,9.6800,100
2015-04-10,9.6999,9.7000,9.6800,9.6800,2100
2015-04-02,9.5500,9.7800,9.5500,9.7800,2000
2015-03-27,9.5500,9.5500,9.5500,9.5500,0
