timestamp,open,high,low,close,volume
2018-02-27,294.0000,296.1000,288.8000,290.1000,3114556
2018-02-23,292.0000,294.8800,283.9700,292.7800,8769962
2018-02-16,319.2500,323.1800,288.0000,291.8700,13137501
2018-02-09,344.5800,348.3400,302.2800,316.7800,7118361
2018-02-02,365.1500,367.9000,342.3100,343.8300,6096237
2018-01-26,343.5900,370.5700,341.2100,367.9100,7628465
2018-01-19,337.6300,347.7800,336.5561,342.4100,5041056
2018-01-12,341.4500,341.9400,327.2600,335.9500,5463049
2018-01-05,321.1500,344.1200,318.3300,342.4900,4859095
2017-12-29,319.4500,322.7500,316.2533,318.5700,2315550
2017-12-22,329.6700,335.8000,318.7652,319.5000,6030102
2017-12-15,327.0900,332.8450,321.1100,327.9400,5569491
2017-12-08,319.2000,327.5500,311.7500,325.7700,4666699
2017-12-01,310.0700,323.6900,307.0100,319.3500,6093838
2017-11-24,313.6000,315.7600,306.1100,308.9700,3067182
2017-11-17,310.4700,316.0700,307.5000,313.9700,4797345
2017-11-10,314.3900,319.4000,306.3900,310.4400,4759363
2017-11-03,307.7400,319.9500,307.2000,314.1400,6178458
2017-10-27,335.2500,335.5100,301.8100,307.7400,12980360
2017-10-20,337.7300,348.8400,333.1700,338.1000,7100325
2017-10-13,327.4600,338.9400,326.3300,337.6400,5220659
2017-10-06,315.1900,330.9800,306.0000,327.4800,6516685
2017-09-29,318.2800,321.5000,303.0000,313.1200,5825762
2017-09-22,321.5000,321.8100,311.3000,318.4600,4342531
2017-09-15,329.6000,330.0000,319.5900,321.2600,6738413
2017-09-08,318.6300,329.8400,312.5400,326.3300,6121931
2017-09-01,288.1200,322.1200,287.0000,321.0100,8776172
2017-08-25,280.9500,289.8500,280.6000,285.0600,4173336
2017-08-18,285.0800,296.9100,281.6500,281.7700,5592716
2017-08-11,289.1800,291.7000,280.8800,283.6800,4589605
2017-08-04,287.6000,291.8600,284.4500,288.2700,5304187
2017-07-28,283.0000,296.9500,280.0100,287.4400,9981806
2017-07-21,280.1000,285.8400,279.5100,282.9200,5670946
2017-07-14,273.5000,281.3400,269.5000,280.8100,5453548
2017-07-07,272.6200,278.3700,270.8000,273.9300,4003308
2017-06-30,281.7400,282.8900,268.9100,271.3600,6438030
2017-06-23,253.2300,284.4600,252.9400,280.3200,12057808
2017-06-16,260.2300,265.4800,250.8800,251.7400,9568637
2017-06-09,257.3700,262.3700,254.5200,259.8900,6345487
2017-06-02,250.4000,258.2600,244.2800,256.6500,6451817
2017-05-26,250.6900,254.4500,246.1200,250.8000,6914025
2017-05-19,253.9700,260.6200,249.7100,250.0900,7265490
2017-05-12,262.5200,263.6600,252.6900,254.8400,7507461
2017-05-05,271.3500,273.8100,261.0000,262.1500,6466484
2017-04-28,274.9300,291.9000,271.0600,271.2100,11245319
2017-04-21,271.5000,275.1800,269.7200,272.9400,5704400
2017-04-13,268.6800,273.1400,267.1000,271.8800,4340037
2017-04-07,274.0800,274.7900,267.3200,268.7300,7314111
2017-03-31,272.5500,276.7100,267.7400,273.4200,9111519
2017-03-24,276.8600,284.7100,272.8700,274.8200,9815259
2017-03-17,291.5500,294.5600,274.6100,276.0900,10476855
2017-03-10,297.0900,297.9000,288.7200,292.2400,6531879
2017-03-03,285.3900,298.0000,284.2700,297.8500,6319354
2017-02-24,289.1600,289.9100,266.0000,285.1300,5704579
2017-02-17,276.2800,293.9800,275.1600,288.9400,10659062
2017-02-10,264.4600,276.4100,263.1800,274.7600,8137077
2017-02-03,278.2700,282.0700,260.5000,264.6700,9127608
2017-01-27,280.3500,285.7800,271.4300,278.2100,10394061
2017-01-20,284.2800,286.3500,279.2300,280.6600,6451414
2017-01-13,295.3900,301.4200,284.2500,284.7500,8355596
2017-01-06,285.8200,296.8300,284.8600,295.0000,5437997
2016-12-30,295.1700,296.3800,282.6400,283.5800,4937302
2016-12-23,286.5900,290.5100,272.9600,287.5300,8330854
2016-12-16,289.2000,290.9500,284.0700,286.4000,8651379
2016-12-09,298.9400,306.9800,278.5800,287.7700,16439705
2016-12-02,304.3600,307.4200,293.0400,297.1900,7916418
2016-11-25,318.3600,321.0000,293.8000,305.2000,8973090
2016-11-18,319.7300,325.3000,313.3100,317.0000,7228966
2016-11-11,290.6400,329.8300,289.2300,319.1800,11778073
2016-11-04,284.9100,285.1800,268.0000,277.0000,6617813
2016-10-28,292.3000,301.3400,280.3400,283.6400,9025437
2016-10-21,289.8900,300.3195,288.2500,290.6500,6242182
2016-10-14,308.0000,308.7000,288.9110,290.5000,7026978
2016-10-07,313.0000,313.9999,302.2150,305.5900,5283578
2016-09-30,311.7000,315.9900,304.0400,313.0300,6307582
2016-09-23,304.8300,317.3200,303.1700,312.5800,5995766
2016-09-16,294.1400,306.2900,293.8350,304.5100,8330083
2016-09-09,310.4300,316.4700,296.0700,296.1000,6319503
2016-09-02,307.8700,318.8800,304.2200,313.5900,6462789
2016-08-26,316.1500,322.9900,301.0200,308.1700,7187511
2016-08-19,313.4000,319.8900,310.0100,316.8100,5000988
2016-08-12,316.0200,316.3500,307.1400,313.9400,7270249
2016-08-05,300.0000,333.6500,297.6600,315.9600,20767252
2016-07-29,287.8400,290.5800,285.0200,289.9300,8215931
2016-07-22,260.0400,290.9200,257.4700,287.7800,14000334
2016-07-15,253.2500,260.4500,250.0200,260.3000,7907290
2016-07-08,244.6200,251.7800,240.0700,251.3000,5427035
2016-07-01,227.0000,246.5450,223.0211,245.0600,11485516
2016-06-24,241.0000,242.5000,229.0000,229.0200,10067385
2016-06-17,245.7600,248.4000,236.5400,238.2100,9641779
2016-06-10,290.0000,290.7400,244.0200,246.1300,19420964
2016-06-03,285.0000,292.6900,283.7900,290.2300,6166537
2016-05-27,263.7700,284.2800,263.1500,282.7900,7298158
2016-05-20,263.0300,267.8900,256.4200,263.6600,6129435
2016-05-13,264.7200,273.6100,259.5900,262.0300,5726133
2016-05-06,274.7400,276.6100,260.8900,263.6100,7059291
2016-04-29,281.5700,286.3200,271.3950,274.9900,7581448
2016-04-22,267.8500,283.5400,263.3100,282.7000,10969882
2016-04-15,271.5700,272.9799,262.2700,268.5000,7337764
2016-04-08,260.5600,280.6990,260.0410,270.8300,11276111
2016-04-01,255.0500,261.9600,246.7400,260.5400,7164377
2016-03-24,249.5200,261.3799,247.0100,254.6900,5638856
2016-03-18,258.9100,259.8896,242.2500,250.7800,10184828
2016-03-11,262.1400,272.4400,251.0000,259.7400,8786720
2016-03-04,262.6800,274.5700,259.1800,263.9400,8454236
2016-02-26,265.2600,266.4700,249.0100,264.4900,7315097
2016-02-19,249.0000,266.9600,249.0000,261.4000,6991991
2016-02-12,260.4500,260.4500,242.0700,247.2200,11199259
2016-02-05,270.3400,279.3750,258.4600,263.8600,10798575
2016-01-29,269.4600,285.2800,257.7800,273.0600,15197044
2016-01-22,276.9800,276.9900,257.6600,268.9200,9220701
2016-01-15,280.5900,285.5600,265.3700,273.3300,11046033
2016-01-08,300.3400,301.0250,280.0000,280.5900,8909077
2015-12-31,302.0300,311.6500,301.5000,306.3500,3937876
2015-12-24,294.8400,303.8700,293.5000,302.2900,3879937
2015-12-18,283.7700,300.8700,276.4300,293.3700,9878989
2015-12-11,283.3100,291.2200,278.0000,283.4600,8469718
2015-12-04,293.1600,294.2600,274.2300,284.4500,8552382
2015-11-27,290.4000,297.8800,288.0100,293.2100,4323668
2015-11-20,285.9300,292.6800,278.2800,290.1600,9908171
2015-11-13,294.0000,303.3000,283.8300,284.8400,9057768
2015-11-06,294.5200,304.3700,287.7300,295.3500,12035901
2015-10-30,279.8200,299.4100,273.3700,290.5100,18999656
2015-10-23,270.8700,291.0100,262.4500,276.9900,23285967
2015-10-16,270.9200,272.9900,254.0000,272.3700,17550734
2015-10-09,291.4300,292.4800,267.2700,269.1600,17092765
2015-10-02,282.5400,292.8899,267.0000,290.3500,17404899
2015-09-25,315.2900,315.4300,280.3200,284.7900,16225722
2015-09-18,316.8900,330.5400,311.9400,314.6700,13066084
2015-09-11,306.9100,317.8250,302.1076,315.3700,7582947
2015-09-04,302.1600,309.7200,291.2600,302.2600,9896945
2015-08-28,269.0500,308.5000,265.0000,303.6900,17315720
2015-08-21,313.4900,319.3500,295.4600,295.6400,10225658
2015-08-14,312.2000,319.4800,307.5000,312.6100,9591963
2015-08-07,320.3300,338.5100,305.6600,309.0000,17002110
2015-07-31,305.4000,325.0000,303.7600,318.7800,21365373
2015-07-24,407.5300,412.2400,299.7600,300.0300,26875441
2015-07-17,391.2100,407.8300,388.6400,404.6600,7722666
2015-07-10,399.8600,412.0000,381.8600,388.2300,9204216
2015-07-02,404.5000,409.9800,395.9000,404.2800,4978029
2015-06-26,415.0000,420.9900,405.7900,408.7300,5119656
2015-06-19,386.6400,414.0000,382.0200,411.0500,7529620
2015-06-12,387.6600,395.8000,378.0000,388.7700,6012752
2015-06-05,398.8700,399.5800,381.5700,387.8600,6948629
2015-05-29,397.1700,403.8500,391.5200,396.9900,4109079
2015-05-22,389.3800,403.4800,389.2200,398.6800,5510684
2015-05-15,403.2000,404.0000,387.3650,391.2400,6944100
2015-05-08,389.4500,399.5000,380.4100,398.4300,7667428
2015-05-01,401.7500,403.4500,368.8800,386.2200,17035774
2015-04-24,424.6600,431.8408,395.0000,401.7100,11728652
2015-04-17,426.7000,432.8800,416.8400,419.4400,7613085
2015-04-10,408.7500,431.7800,408.2100,425.6500,7390541
2015-04-02,433.6800,437.0000,407.5500,412.4400,7822250
2015-03-27,466.0700,474.0000,420.4100,429.8700,15151180
2015-03-20,415.4600,480.1800,414.2201,475.9800,18678870
2015-03-13,417.2300,420.4400,406.0200,413.3500,7642466
2015-03-06,410.6700,425.7000,406.1000,417.6300,7598360
2015-02-27,408.2500,412.0200,400.5700,409.5900,5159080
2015-02-20,389.1100,409.0300,388.6700,408.0500,4194164
2015-02-13,398.0500,402.8399,386.1400,391.6600,7953993
2015-02-06,389.0300,407.9400,381.3600,402.0000,8996888
2015-01-30,357.6300,397.0000,345.7600,389.1600,10000520
2015-01-23,354.5000,366.1700,349.4900,357.5300,6813852
2015-01-16,345.5000,361.9100,339.3501,352.7500,9159314
2015-01-09,339.2700,360.0000,334.4000,342.3400,12470904
2015-01-02,341.9300,348.5000,339.2900,342.0100,4015040
2014-12-26,352.0000,356.6500,328.6800,342.4000,6910624
2014-12-19,346.5000,361.9300,322.3500,360.6700,10986753
2014-12-12,341.9500,351.3800,337.5700,344.4900,7184228
2014-12-05,306.4300,350.8943,306.1100,340.8700,16028360
2014-11-28,305.6100,310.2050,301.3900,307.6900,5270398
2014-11-21,305.0000,308.6500,297.8300,303.5500,8590675
2014-11-14,320.1900,330.3700,300.3500,305.4300,6508478
2014-11-07,320.7800,325.0000,318.5000,320.7500,5823021
2014-10-31,321.8900,330.5000,312.5600,321.0800,7050690
2014-10-24,305.2400,326.9000,290.8500,321.6700,13830266
2014-10-17,314.7900,315.7500,295.2700,306.7100,9439969
2014-10-10,331.0500,331.0500,312.0000,315.1400,5664190
2014-10-03,329.7000,333.5000,317.5300,327.0900,5269155
2014-09-26,327.3600,347.7500,325.0100,333.5400,6264753
2014-09-19,323.4000,334.8200,315.7100,329.2400,5522300
2014-09-12,329.2800,333.0000,321.1107,323.3900,4306900
2014-09-05,345.4700,347.7892,321.0000,330.4800,4189600
2014-08-29,342.5400,345.7500,338.5400,343.0400,3872100
2014-08-22,347.5900,348.4900,337.0000,339.9700,4080400
2014-08-15,327.3000,343.0300,317.0000,342.4700,6519400
2014-08-08,330.0800,330.9400,319.3200,324.0500,5124800
2014-08-01,334.6800,349.0000,325.8500,329.8300,6072700
2014-07-25,303.0400,343.5860,300.4000,335.4500,9039400
2014-07-18,325.1200,325.1200,298.3100,304.1000,7273400
2014-07-11,329.4000,332.9700,313.6120,322.2200,4837300
2014-07-03,317.1600,332.9300,315.0100,331.1500,4002100
2014-06-27,318.0100,321.8857,312.5800,318.1300,5042900
2014-06-20,309.6000,319.8900,302.0100,319.5900,5921300
2014-06-13,320.0000,321.4800,306.4000,309.9800,4276700
2014-06-06,318.9300,322.0460,310.6100,317.5500,4271200
2014-05-30,303.2400,322.2500,299.5001,319.3700,5532800
2014-05-23,289.1500,303.1700,287.5600,299.7100,4816500
2014-05-16,289.7800,301.2100,285.0100,291.3200,6162000
2014-05-09,280.6100,291.3100,278.1000,286.6500,6108900
2014-05-02,289.1600,294.3600,275.3925,282.0100,7486400
2014-04-25,290.6000,311.1000,285.5800,285.8100,9468800
2014-04-17,277.9100,296.0000,272.0200,290.5400,6802800
2014-04-11,286.3600,301.4499,273.7300,274.0000,12297400
2014-04-04,296.1100,317.0000,286.3000,288.2699,10447700
2014-03-28,320.2000,322.0000,292.6700,294.1200,12448900
2014-03-21,334.8300,358.8900,313.0800,318.5300,11531000
2014-03-14,327.6500,342.5900,327.0075,332.4900,5771200
2014-03-07,340.6800,353.0000,323.7200,328.7500,8470000
2014-02-28,348.1500,353.4700,335.0200,340.6800,7222700
2014-02-21,327.9000,349.7700,323.3100,347.1100,4924500
2014-02-14,315.5400,331.7400,311.6650,328.2900,6641300
2014-02-07,314.8400,316.9900,294.0200,315.5400,9123600
2014-01-31,303.6100,321.2500,292.5300,312.6400,9137700
2014-01-24,300.4500,315.3800,299.5400,303.6000,6423700
2014-01-17,299.3500,302.9500,280.3100,297.4800,7460400
2014-01-10,278.0300,299.8500,270.6200,299.3100,6459900
2014-01-03,278.3900,282.5150,273.7700,277.4000,2804000
2013-12-27,284.2800,285.0000,276.3100,277.1700,2769400
2013-12-20,277.2200,285.5400,270.2700,283.3400,8285100
2013-12-13,292.9900,293.2000,271.5900,275.3200,5558600
2013-12-06,291.7100,298.8200,282.1200,290.9000,5821700
2013-11-29,286.5400,297.9800,284.5100,290.9700,5766600
2013-11-22,244.9800,289.9700,239.8100,285.6160,9539600
2013-11-15,236.2300,245.8100,231.0000,245.0900,5028100
2013-11-08,243.7900,245.9800,230.2500,236.6900,5525000
2013-11-01,250.4650,262.0000,239.6100,243.1000,7158000
2013-10-25,245.1900,252.9900,241.5200,252.2600,5395600
2013-10-18,232.6500,247.4600,231.0200,244.9040,4672000
2013-10-11,237.4700,240.9100,221.0700,234.8000,5977700
2013-10-04,242.0000,248.3200,233.5000,240.3000,5697600
2013-09-27,248.4000,248.4000,238.4700,244.8200,4889400
2013-09-20,238.0300,248.9500,236.2300,248.1300,6515700
2013-09-13,226.0900,238.5000,224.7900,234.7100,4807200
2013-09-06,216.0000,231.7200,213.0500,225.1800,5459900
2013-08-30,212.0200,217.0700,206.6000,213.0200,4200600
2013-08-23,207.1500,212.7700,203.5500,211.3800,3596800
2013-08-16,210.7900,214.1600,203.5500,206.8900,6856500
2013-08-09,228.0000,229.0000,212.0100,212.3500,4692200
2013-08-02,221.8600,227.8000,214.2101,227.7600,7079200
2013-07-26,234.6900,234.7400,218.1600,223.2300,9461200
2013-07-19,228.0100,230.6200,220.0310,230.2700,5305400
2013-07-12,223.3800,226.5400,215.8100,226.3400,5251900
2013-07-05,220.2500,223.9400,214.5300,221.6500,3863900
2013-06-28,197.8000,224.6300,195.1000,215.2000,9008300
2013-06-21,214.0100,216.0000,194.6600,199.0740,9759700
2013-06-14,225.8100,226.6000,204.1200,211.9900,8712300
2013-06-07,234.1500,234.7000,209.8700,225.0200,10649500
2013-05-31,237.2300,242.6400,233.1200,237.4900,5201000
2013-05-24,226.0500,238.8300,224.3300,235.2400,6108200
2013-05-17,216.5000,231.9900,215.9400,226.8500,7335900
2013-05-10,221.7200,222.0000,208.5001,213.2200,5339400
2013-05-03,219.7100,226.1800,213.2600,218.8500,6971300
2013-04-26,204.8600,218.4550,204.3600,213.5900,9303100
2013-04-19,206.8800,207.5000,197.5000,203.2700,5948600
2013-04-12,193.6000,209.0000,192.2000,207.0100,5061500
2013-04-05,193.6600,199.5399,191.8000,193.3100,8448100
2013-03-28,178.4800,192.9200,175.6300,192.6180,8822500
2013-03-22,174.8100,178.9000,174.5300,178.0000,4915300
2013-03-15,171.8500,178.1800,171.4200,176.7800,7319700
2013-03-08,167.6400,173.7200,165.9800,172.3800,5809800
2013-03-01,164.0900,171.1100,160.4201,168.7000,6554600
2013-02-22,168.6700,168.9000,161.9700,164.4000,4577400
2013-02-15,164.5100,169.0700,163.0550,168.7400,6631800
2013-02-08,156.1500,167.3500,155.1000,164.4400,7250600
2013-02-01,149.6400,158.3900,147.7700,157.3000,9414500
2013-01-25,144.0000,147.4900,143.1800,146.2000,5805100
2013-01-18,144.1100,144.6800,139.7200,144.2800,7034200
2013-01-11,145.2900,146.8800,141.0340,143.7900,8893700
2013-01-04,145.8400,150.9800,141.7300,145.9300,9858600
2012-12-28,149.1400,149.9000,146.0500,146.0500,2654800
2012-12-21,151.8600,154.0000,148.5600,149.9100,5631000
2012-12-14,151.6000,155.3000,150.1875,151.2500,4259800
2012-12-07,150.0400,152.6600,149.6750,151.2850,4200500
2012-11-30,148.7000,151.4990,145.5790,149.0900,3838300
2012-11-23,141.8500,149.9700,139.8400,149.8700,4969600
2012-11-16,138.5000,142.0000,135.5800,141.2359,7062700
2012-11-09,138.0200,141.6200,134.0000,138.0500,5672100
2012-11-02,143.1500,143.3300,136.2800,138.4100,4320300
2012-10-26,145.2300,146.4500,141.1400,142.9300,6134100
2012-10-19,147.5000,154.9100,144.8400,145.6500,6949400
2012-10-12,152.8100,153.7000,146.9700,147.2000,4402700
2012-10-05,149.1600,154.5550,149.1300,152.5300,4881300
2012-09-28,155.0800,157.1800,147.9000,149.2100,6640600
2012-09-21,154.0300,156.5650,153.4400,154.5750,6607700
2012-09-14,150.3600,154.2400,150.0000,154.2400,3968700
2012-09-07,145.9000,153.2000,144.9000,152.5000,3263000
2012-08-31,146.7800,147.6928,145.0000,146.5900,3206800
2012-08-24,145.1900,147.7900,143.2800,147.0300,3544400
2012-08-17,145.0600,147.7500,143.1800,145.0900,2991800
2012-08-10,145.2900,147.5700,142.7200,145.5050,4171500
2012-08-03,149.7200,150.2900,141.8800,145.0600,4865700
2012-07-27,142.1200,150.2300,137.8800,149.4700,6734200
2012-07-20,144.1700,147.4900,142.1100,142.2100,4252500
2012-07-13,142.9400,145.7300,139.7180,144.6100,5425000
2012-07-06,143.5000,145.6700,141.8500,142.4600,3363200
2012-06-29,140.3800,144.3800,138.2600,144.3800,5181400
2012-06-22,140.4700,143.4800,138.9900,141.7400,6990000
2012-06-15,134.5200,140.6800,132.0100,140.0100,7358200
2012-06-08,126.4500,135.3800,126.3900,133.5200,6333400
2012-06-01,132.5400,133.7100,126.6800,126.7300,5403000
2012-05-25,132.2000,134.4300,130.8300,131.5600,6150400
2012-05-18,135.8700,138.4950,130.4600,131.5800,6938200
2012-05-11,130.5100,137.5000,130.1300,136.7100,5868100
2012-05-04,132.8600,135.8400,129.9200,130.9700,7957400
2012-04-27,126.9300,133.5400,124.8800,133.1600,5436600
2012-04-20,126.0800,128.9900,124.2300,127.2300,5578200
2012-04-13,126.8200,127.6178,124.3800,125.3400,5313200
2012-04-05,126.1100,130.0000,125.0000,128.6200,4148400
2012-03-30,122.0100,127.8500,121.8400,126.0000,7192600
2012-03-23,120.0000,121.3700,118.5200,120.9600,4176500
2012-03-16,120.8300,122.2200,119.1100,120.0400,6593100
2012-03-09,118.1600,121.1700,116.3000,120.6100,5832900
2012-03-02,115.4300,119.2100,114.5300,118.8900,5968600
2012-02-24,116.4500,117.9000,115.2500,116.3900,4314100
2012-02-17,118.0100,120.4300,116.2200,116.4500,6641400
2012-02-10,121.0300,122.2800,116.4400,118.1400,7323900
2012-02-03,116.9400,123.2300,115.0200,121.8800,10641900
2012-01-27,118.1100,119.5000,115.8200,118.5600,8641300
2012-01-20,117.6600,119.5600,116.2000,118.1400,8570800
2012-01-13,115.6500,117.9800,114.3200,116.0300,8797900
2012-01-06,111.4400,116.7400,111.4400,115.5000,7484200
2011-12-30,110.4100,112.3600,109.2200,110.0500,3655800
2011-12-23,110.8800,112.9290,109.8000,110.7900,7412700
2011-12-16,111.7200,112.0400,109.0500,110.2900,6924900
2011-12-09,114.8600,114.9900,109.5200,112.9500,5698300
2011-12-02,111.1500,117.5500,110.0406,113.2400,8282700
2011-11-25,107.1800,113.7100,106.3050,109.2000,7111700
2011-11-18,112.5700,114.1500,107.4000,107.6500,7654700
2011-11-11,113.2600,114.9300,110.7100,113.3800,6885800
2011-11-04,118.7200,119.3400,112.0900,113.4900,12790700
2011-10-28,108.6300,120.6620,106.6000,118.7200,15188000
2011-10-21,102.4800,108.9600,99.0800,108.8400,10233100
2011-10-14,101.0300,103.1000,98.1100,103.0800,9075300
2011-10-07,92.5500,100.7700,87.7200,100.0100,13422100
2011-09-30,94.3500,99.3400,91.8400,93.1500,7647200
2011-09-23,99.6400,101.7600,92.7800,93.9000,8177700
2011-09-16,89.6900,102.0140,89.3700,100.8900,13137600
2011-09-09,89.1700,93.3800,89.0400,90.2400,7806300
2011-09-02,93.1600,95.4700,91.3500,91.5800,6530900
2011-08-26,91.5100,93.6300,87.3500,92.2900,9246400
2011-08-19,91.3400,92.7000,86.8600,90.0500,11241400
2011-08-12,91.2900,93.8700,83.8300,90.9800,14983700
2011-08-05,105.9100,105.9800,90.2400,93.1800,13851800
2011-07-29,105.3500,106.8200,99.5400,101.8700,10908300
2011-07-22,103.6500,107.3300,102.3600,105.5600,6743000
2011-07-15,106.3500,107.6400,102.5500,104.0000,7286100
2011-07-08,108.6200,109.1400,105.8200,107.3900,6446800
2011-07-01,102.8600,109.6300,102.6000,108.5000,13817900
2011-06-24,99.5700,103.5300,97.8000,103.4200,25970400
2011-06-17,91.2300,96.1300,91.0800,94.7550,9933900
2011-06-10,94.2800,94.7000,91.2000,91.2100,6278600
2011-06-03,93.9600,96.0844,93.0100,94.4000,7797500
2011-05-27,96.0600,96.2200,92.2950,93.2100,7390900
2011-05-20,96.0400,98.4700,95.5300,97.1100,10409400
2011-05-13,96.3100,98.9350,95.2900,96.6100,8416500
2011-05-06,97.4400,99.1900,95.0800,96.1200,11242500
2011-04-29,99.7100,106.1900,97.1400,97.6500,22636000
2011-04-21,82.2100,106.9900,81.2600,99.7000,23352100
2011-04-15,76.7100,83.1000,76.4000,82.9600,18895100
2011-04-08,73.2500,74.2000,72.7000,73.2900,6936700
2011-04-01,71.1700,73.6600,70.3800,72.9600,9235800
2011-03-25,70.0000,71.9300,69.1300,71.2000,7590500
2011-03-18,70.4600,71.5000,68.3100,69.5300,9253400
2011-03-11,71.4100,72.0000,70.1000,71.0000,7672900
2011-03-04,67.8000,71.9500,67.7400,71.1500,11009400
2011-02-25,67.2900,68.2500,66.7500,67.7800,7677300
2011-02-18,65.6600,67.9500,65.6600,67.6400,8471300
2011-02-11,65.8800,66.3500,64.7703,65.8300,8340900
2011-02-04,65.5700,68.0000,64.2800,65.9300,10835500
2011-01-28,66.6600,68.2500,64.8500,65.0800,9016900
2011-01-21,66.5500,68.9900,65.9100,66.7700,10323800
2011-01-14,66.9200,68.3300,66.4600,66.5700,7025700
2011-01-07,67.6800,68.1400,65.8000,67.3800,8865300
2010-12-31,67.1900,67.2900,66.3600,67.0500,4756200
2010-12-23,68.2400,68.4800,67.0200,67.2200,5014600
2010-12-17,66.1900,68.6000,65.2900,68.1400,13033000
2010-12-10,66.8400,67.6300,65.0000,66.3000,9009900
2010-12-03,64.8000,67.3100,63.7700,67.0000,10492300
2010-11-26,64.8500,65.6800,63.5800,65.3300,5224600
2010-11-19,64.8500,66.4300,63.5600,64.9100,9768700
2010-11-12,62.4500,65.4300,62.1200,64.5000,13504900
2010-11-05,62.8900,63.5000,61.8200,62.7800,13207600
2010-10-29,59.1300,64.9200,58.3010,62.7100,19611300
2010-10-22,57.3800,59.2100,57.2600,58.7500,8776400
2010-10-15,57.4900,57.6700,55.9800,57.6600,8259800
2010-10-08,56.7500,58.2000,56.2000,57.5900,10308000
2010-10-01,56.2500,56.5500,54.3800,56.5300,13153300
2010-09-24,58.0000,58.2800,54.1300,56.4200,18911300
2010-09-17,57.8500,58.6400,57.3300,57.9200,9860400
2010-09-10,55.9800,57.8600,55.6700,57.6800,8057900
2010-09-03,54.3200,56.2500,53.2400,56.2400,7748100
2010-08-27,55.4700,56.0900,53.1400,54.6000,10273300
2010-08-20,55.7900,57.3800,54.5200,55.3800,10003200
2010-08-13,57.8800,58.1600,55.1400,55.9400,10448400
2010-08-06,56.5900,57.9000,56.0300,57.6600,12732200
2010-07-30,53.9100,58.1600,53.9100,55.8800,29066700
2010-07-23,52.0600,56.4900,51.7400,53.4700,25140800
2010-07-16,51.0900,53.7800,51.0500,51.8600,11491700
2010-07-09,49.6800,51.7700,48.0900,51.7100,12499300
2010-07-02,49.5800,50.9100,46.1500,49.4200,21571800
2010-06-25,50.0200,50.5500,49.0700,49.5700,17446800
2010-06-18,46.4300,50.1500,46.3800,49.8600,16701800
2010-06-11,48.0500,48.2700,45.9600,46.2200,18677100
2010-06-04,47.2500,49.3400,46.9800,47.8400,13735500
2010-05-28,48.7700,48.9700,47.1000,47.4300,18494800
2010-05-21,49.8000,51.2500,48.7300,48.9800,16147000
2010-05-14,51.2850,52.0600,49.6400,50.1300,14186900
2010-05-07,53.5000,53.9200,49.3600,50.3900,15985300
2010-04-30,52.3500,54.0400,51.8000,53.2900,15378500
2010-04-23,53.6400,55.0500,51.6200,52.5900,17778200
2010-04-16,56.5200,56.5200,53.1200,53.6400,17884000
2010-04-09,57.5600,57.9600,56.1900,56.5200,9545300
2010-04-01,57.9200,58.7000,57.0300,57.5200,7016000
2010-03-26,59.7800,60.2800,57.8200,58.1500,8952000
2010-03-19,58.8600,60.1700,58.3150,59.6300,14165100
2010-03-12,56.9900,58.9600,56.9100,58.7600,10843200
2010-03-05,55.4800,57.5900,55.3400,57.2100,9993600
2010-02-26,56.5300,56.6600,54.0300,55.0100,16042200
2010-02-19,55.5500,56.9900,54.9200,56.6100,11425300
2010-02-12,53.5400,55.9200,52.4700,55.2100,14158600
2010-02-05,53.4100,54.9500,52.2300,53.5300,13254200
2010-01-29,53.2200,54.5100,52.1600,53.7400,14017800
2010-01-22,54.2900,55.3700,52.6000,53.0600,13474600
2010-01-15,54.1000,54.8500,52.9400,54.1800,11953900
2010-01-08,53.9700,55.0000,52.4600,54.0800,19581100
2009-12-31,52.1600,54.0000,52.1600,53.5000,7743300
2009-12-24,50.2100,52.7700,50.2100,52.2400,11787900
2009-12-18,48.7500,50.4700,48.3400,50.0700,20963000
2009-12-11,47.9600,48.9349,47.4600,48.6500,13009900
2009-12-04,47.4000,48.3200,46.9300,48.1800,13696800
2009-11-27,46.6700,47.7100,46.1100,46.9200,8510300
2009-11-20,46.7700,46.9500,45.5400,46.3800,18087100
2009-11-13,45.6400,47.0600,44.9100,46.7200,20077600
2009-11-06,42.8600,46.4700,42.3100,45.7600,29594000
2009-10-30,43.8300,45.1100,41.7500,42.1300,21807400
2009-10-23,49.3600,50.0100,43.5800,43.8100,28894800
2009-10-16,49.1000,50.2800,48.3600,49.2000,12992800
2009-10-09,48.9000,49.5900,48.3400,49.0100,8879800
2009-10-02,50.1200,52.1200,48.6900,48.8900,15035800
2009-09-25,49.8200,51.3600,49.3000,50.1100,9455900
2009-09-18,50.3500,51.7200,49.8400,50.0000,13820300
2009-09-11,51.0600,51.7000,50.0800,50.8400,10218400
2009-09-04,49.2800,51.0900,48.6400,51.0100,14542100
2009-08-28,49.5900,50.4100,49.1900,49.9300,10004100
2009-08-21,48.3400,50.4300,47.8500,49.9700,10252200
2009-08-14,47.2900,49.4500,47.0400,48.7800,12140600
2009-08-07,47.4700,48.7200,46.3900,47.2800,10815100
2009-07-31,48.6000,49.7600,47.2900,47.5500,13926700
2009-07-24,46.1300,49.0100,45.9500,48.9800,15191200
2009-07-17,45.0100,48.3000,44.9000,46.0700,19720700
2009-07-10,44.8800,45.8000,44.4100,44.7500,14483800
2009-07-02,47.8300,48.3000,44.5600,45.0000,26739000
2009-06-26,50.6400,51.0400,48.2500,50.0700,14125400
2009-06-19,50.4400,52.8800,49.6100,51.6700,13774000
2009-06-12,52.3700,52.8300,50.8000,51.3800,10279600
2009-06-05,52.2500,54.5000,50.2900,52.1200,15669000
2009-05-29,49.6300,51.8400,49.2500,51.7900,9628400
2009-05-22,49.4900,52.3600,49.0450,50.3900,11637700
2009-05-15,48.0000,49.8700,47.4000,49.0700,12798300
2009-05-08,46.4800,49.0500,45.5000,48.6000,16337000
2009-05-01,45.8500,48.8000,45.8500,46.2600,17505300
2009-04-24,49.2500,49.5000,45.7000,46.0800,17333200
2009-04-17,52.5000,53.4900,49.9700,50.0900,15592500
2009-04-09,50.0100,55.3400,48.6800,52.9600,22924500
2009-04-03,52.4900,53.3200,49.8600,50.3200,16024400
2009-03-27,50.6000,53.5000,50.0300,52.2800,17261500
2009-03-20,49.3100,51.6900,47.2500,49.9700,17280200
2009-03-13,43.5300,49.1800,43.2000,48.5000,16679700
2009-03-06,45.2100,46.9200,42.9200,44.2300,18595000
2009-02-27,50.8100,51.6600,45.5500,46.0400,24471600
2009-02-20,51.4100,52.1300,49.7100,50.7800,11840700
2009-02-13,51.2800,53.0000,50.3400,52.4200,12756300
2009-02-06,48.1500,53.6600,48.0500,52.4800,25850400
2009-01-30,47.9900,51.7400,47.4000,48.6500,19373800
2009-01-23,51.0400,52.3500,46.3100,47.4200,20944400
2009-01-16,46.8000,51.3600,46.8000,51.0500,20194400
2009-01-09,47.4700,49.0900,45.4300,48.2500,18266000
2009-01-02,47.2700,48.5600,46.2000,48.4900,7648600
2008-12-26,46.6300,48.7400,46.2100,47.3100,5693200
2008-12-19,46.2000,49.2800,45.6200,46.7500,21788700
2008-12-12,45.5800,49.5800,44.0000,47.0000,23376900
2008-12-05,41.4300,44.4500,39.0130,44.2500,18180300
2008-11-28,40.3000,42.5500,39.3400,42.3100,11832100
2008-11-21,43.4000,45.0700,37.2100,39.6400,22322300
2008-11-14,47.2100,47.9200,42.5900,43.5200,14956300
2008-11-07,44.2600,47.9800,43.8300,46.3500,20662700
2008-10-31,41.2100,44.1500,39.1700,42.5500,30977300
2008-10-24,45.6400,47.9400,38.0400,41.4200,23459400
2008-10-17,43.9800,48.9900,40.8000,45.4500,25629300
2008-10-10,50.1600,51.6100,40.3900,42.7800,31880300
2008-10-03,49.4600,52.3600,48.0600,50.5000,23639700
2008-09-26,50.1300,50.3400,46.2900,49.7700,16626500
2008-09-19,47.9900,50.0700,45.3700,49.9800,26198500
2008-09-12,47.8600,49.3700,46.5500,48.7000,23423500
2008-09-05,51.8900,52.3700,47.2500,48.5900,15785900
2008-08-29,52.3400,54.6700,50.3800,50.9300,21278100
2008-08-22,54.9000,55.4500,52.3600,52.3800,13863500
2008-08-15,50.3500,55.2400,49.9000,54.6500,20648700
2008-08-08,50.9700,51.7000,49.6400,49.9000,32629600
2008-08-01,69.7000,73.5900,49.8400,50.0100,55519400
2008-07-25,66.9600,72.3400,66.4600,69.5000,27419400
2008-07-18,62.3100,65.2000,60.8900,64.6500,20584400
2008-07-11,58.0000,63.3800,57.9600,62.2000,19686500
2008-07-03,56.6400,59.9100,55.3600,58.2000,14832200
2008-06-27,57.8900,58.9600,55.8700,57.0400,18494000
2008-06-20,59.3400,60.4200,57.2800,58.0100,13611400
2008-06-13,62.4100,62.5200,58.4800,59.9000,14745400
2008-06-06,62.8500,66.4100,60.4700,62.4200,16856500
2008-05-30,61.0600,64.3600,60.9100,62.7500,10448300
2008-05-23,63.2300,63.9700,60.7200,61.0200,9100000
2008-05-16,62.2900,63.7500,61.4600,63.5000,8880100
2008-05-09,62.0100,63.6800,61.6700,62.0700,8911500
2008-05-02,64.9700,65.5900,60.5900,62.3100,18455000
2008-04-25,64.6000,66.1200,62.7800,65.1200,15109000
2008-04-18,64.0900,66.9500,63.3500,65.0000,15837300
2008-04-11,64.0000,67.4500,63.4100,64.2200,16452600
2008-04-04,60.8000,64.9800,60.8000,64.0100,13457900
2008-03-28,58.9800,63.7500,58.9600,60.7300,15199400
2008-03-20,59.2400,61.5200,57.9600,59.0000,17601700
2008-03-14,56.1600,61.0800,54.5000,60.3300,19658900
2008-03-07,58.0200,60.2500,56.0600,56.2000,17714800
2008-02-29,60.3000,62.3900,57.9500,58.3600,15210400
2008-02-22,62.9800,63.6000,59.3000,60.3400,11447700
2008-02-15,61.2900,64.4900,59.9700,62.2000,15909400
2008-02-08,62.0600,63.6900,59.5300,61.5000,16374800
2008-02-01,59.0000,62.8500,57.4700,61.7600,12895900
2008-01-25,56.9200,59.4400,54.9000,58.9200,18338100
2008-01-18,59.9600,62.6800,58.6700,59.9100,24665100
2008-01-11,56.5100,61.9800,55.7900,59.0200,22833700
2008-01-04,57.2400,57.5800,55.0100,55.2200,11349600
2007-12-28,57.3100,59.4000,57.3100,57.8400,8323500
2007-12-21,58.7200,58.7200,55.1900,57.6700,26548300
2007-12-14,74.7900,78.5700,53.6500,58.7900,60420700
2007-12-07,73.6300,75.2500,72.2100,74.9400,12632700
2007-11-30,69.1000,74.3600,67.5300,74.1200,15779800
2007-11-23,69.8800,70.9500,68.5800,69.5100,9586300
2007-11-16,71.8700,73.0000,69.0400,70.0400,25119400
2007-11-09,73.4400,77.4500,70.9700,72.2900,24923800
2007-11-02,76.2200,76.2200,72.7900,73.9800,16980900
2007-10-26,79.2400,80.3200,75.4500,76.7200,28178000
2007-10-19,83.3500,84.7500,77.8000,80.2200,64242300
2007-10-12,67.2200,69.4300,65.9300,69.4300,12968300
2007-10-05,66.6900,68.1800,65.0700,67.6299,14094800
2007-09-28,66.6000,69.0000,65.6100,66.3300,14777900
2007-09-21,65.1800,68.1100,63.8300,67.3900,17166500
2007-09-14,65.8700,66.4400,63.3500,65.4200,19116100
2007-09-07,63.7700,67.8500,62.7600,65.7800,20710000
2007-08-31,62.7500,64.8000,61.2800,63.8200,17158200
2007-08-24,59.7600,62.8900,58.9600,62.8900,22098000
2007-08-17,57.3100,60.5200,57.1000,60.2000,21830600
2007-08-10,56.6500,59.1800,56.0500,57.8500,22457600
2007-08-03,55.5800,57.7100,54.2600,56.6500,39138900
2007-07-27,54.6100,59.7800,54.0200,57.0100,36116300
2007-07-20,55.7700,55.7700,54.1000,54.9400,24633500
2007-07-13,54.1100,55.9200,53.9100,55.9200,21536300
2007-07-06,53.5000,54.6800,53.2400,54.5000,12213400
2007-06-29,51.5000,53.9600,51.4400,53.5000,49085400
2007-06-22,51.2700,52.1200,51.1000,51.5800,21279900
2007-06-15,51.5000,51.9000,50.6600,51.3300,19456900
2007-06-08,51.7500,52.2700,50.6300,51.5300,24037200
2007-06-01,49.3000,52.4900,48.6800,52.2900,29512100
2007-05-25,46.3000,49.7500,46.3000,49.4700,20125200
2007-05-18,46.4400,47.2700,46.0900,46.3800,16190700
2007-05-11,46.8600,47.5900,45.7700,46.6400,15834900
2007-05-04,47.9400,48.4800,46.6100,46.9100,25193100
2007-04-27,47.2600,49.0000,47.2600,47.9900,26948800
2007-04-20,45.5700,46.6700,45.1700,46.6400,15245600
2007-04-13,44.8600,45.6400,43.4300,45.5700,13560200
2007-04-05,44.5500,45.0200,44.0000,45.0200,9085900
2007-03-30,45.8000,45.9200,43.9200,44.3800,12416500
2007-03-23,43.6000,46.1000,43.5900,45.9000,14310000
2007-03-16,43.3100,44.7800,42.9310,43.5500,19382400
2007-03-09,43.3200,44.5800,42.8600,43.3000,18888500
2007-03-02,46.9000,47.6500,43.2700,43.6600,21433500
2007-02-23,48.0000,48.1400,46.3200,46.9000,13533700
2007-02-16,49.3600,50.5100,47.3100,48.2500,22483100
2007-02-09,49.2200,50.1700,47.8600,49.5000,11134200
2007-02-02,47.4300,49.7100,47.2300,49.3000,15086700
2007-01-26,51.7000,51.7500,47.0400,47.5200,18935400
2007-01-19,51.2000,52.4500,50.5000,51.8400,11084100
2007-01-12,50.0000,51.3700,48.8200,50.9700,15134000
2007-01-05,49.2800,50.3300,48.2000,49.7600,8948200
2006-12-29,48.9000,49.6700,48.6500,49.1900,6442600
2006-12-22,51.3700,51.4600,48.0000,49.0300,18848700
2006-12-15,50.1000,52.3600,49.7500,51.3600,19233700
2006-12-08,52.3600,52.5200,50.5600,50.6700,13375100
2006-12-01,51.1400,52.7200,50.4700,52.1600,16159100
2006-11-24,51.1800,52.1400,50.8100,51.5100,10544400
2006-11-17,47.7700,50.9000,47.3700,50.7900,18526500
2006-11-10,47.6100,48.9500,46.7400,47.5000,14011600
2006-11-03,44.3900,48.5000,43.9000,47.5200,24595800
2006-10-27,44.7400,45.5300,43.8300,44.0200,14126300
2006-10-20,45.6500,46.2200,44.7600,45.0100,13015200
2006-10-13,45.5700,45.9200,44.4600,45.8400,10063900
2006-10-06,44.8100,46.4500,43.4900,45.6600,14851700
2006-09-29,44.4400,45.0200,43.7500,44.6800,12855700
2006-09-22,43.6300,44.5600,42.5100,44.2300,16177600
2006-09-15,43.6700,44.2000,43.0140,43.9000,15003400
2006-09-08,44.0900,44.9900,43.1500,43.9800,9825300
2006-09-01,44.1800,45.0100,43.8700,44.2500,11855100
2006-08-25,42.7100,44.5100,42.4800,44.2800,12235000
2006-08-18,41.7200,43.8100,41.3500,42.9100,15917000
2006-08-11,42.3300,42.8800,41.0200,41.4500,15505100
2006-08-04,41.6500,43.2200,40.8100,42.3900,13870400
2006-07-28,40.7600,42.3800,40.2400,41.8400,17214600
2006-07-21,42.7900,42.9800,40.4100,40.7300,18974100
2006-07-14,45.8400,46.8700,42.8500,43.2400,16811100
2006-07-07,46.5200,47.4600,45.5400,45.6600,8249300
2006-06-30,44.9900,47.4700,43.6600,46.3200,14576200
2006-06-23,46.3000,46.4200,44.6000,44.9900,9979800
2006-06-16,46.1100,47.5000,44.9800,46.2700,16702900
2006-06-09,47.4950,48.9700,45.0900,46.3800,21002100
2006-06-02,46.6200,48.7800,45.0200,47.7100,14368700
2006-05-26,45.3550,47.3700,43.7200,47.0000,16064200
2006-05-19,45.6400,47.3800,44.6700,45.6900,18673300
2006-05-12,47.1000,47.7400,45.3700,45.9600,15752100
2006-05-05,45.0000,47.4800,44.6900,46.9200,16171000
2006-04-28,44.2000,45.8400,42.5200,44.8500,19030000
2006-04-21,44.8400,46.0000,44.1900,44.2800,14413000
2006-04-13,44.4400,45.7000,43.8400,45.0400,13042700
2006-04-07,47.1100,47.7500,44.2000,44.3700,15995700
2006-03-31,46.3500,48.2000,45.4500,47.1000,14165500
2006-03-24,49.2000,49.4800,46.1000,46.4600,16871000
2006-03-17,47.7600,49.6900,47.3700,49.1900,16049600
2006-03-10,45.7500,49.0800,44.9300,47.7800,26843300
2006-03-03,49.7400,50.7200,45.0600,45.5000,33596500
2006-02-24,47.0200,50.0000,45.7500,49.5800,14387800
2006-02-17,44.1400,48.0200,43.0500,47.0600,19305200
2006-02-10,44.6400,45.0700,43.0300,44.2700,12333700
2006-02-03,45.4500,45.7500,43.9000,44.9200,11438200
2006-01-27,44.9300,45.4500,43.3900,45.2300,15080000
2006-01-20,46.1000,46.6900,44.3200,44.9300,11342000
2006-01-13,46.7750,48.5000,45.7100,46.2100,14685100
2006-01-06,45.6200,48.2500,44.6600,47.1800,15230100
2005-12-30,45.7600,46.7200,44.1000,45.2800,9104000
2005-12-23,45.3000,45.9200,43.4100,45.5200,13007900
2005-12-16,44.8500,45.8700,44.3700,45.3100,15792100
2005-12-09,43.3100,45.7500,42.3300,44.6700,17502000
2005-12-02,44.1800,44.2000,42.5000,43.4500,12855200
2005-11-25,45.3700,45.6500,43.9100,44.4900,9710900
2005-11-18,44.7700,46.0000,43.2600,45.3300,16223700
2005-11-11,42.1800,44.9800,41.6400,44.9100,15094300
2005-11-04,38.9300,42.2500,38.9300,41.9800,16846000
2005-10-28,39.1500,40.6000,38.0200,38.4900,17282700
2005-10-21,38.2800,39.4500,38.0000,39.0900,17999700
2005-10-14,37.8400,38.1900,35.6600,38.0200,16652900
2005-10-07,39.5800,40.7300,37.0000,37.7100,18421000
2005-09-30,38.8000,39.6100,37.6100,39.4800,17269900
2005-09-23,41.2200,41.7400,38.3600,38.5600,15692000
2005-09-16,41.6100,42.3600,39.9400,41.2400,12406200
2005-09-09,42.2000,42.9400,41.5700,41.8600,16441600
2005-09-02,40.6800,43.4100,40.5200,42.4200,16486100
2005-08-26,40.2800,41.4200,39.6200,41.0500,14167500
2005-08-19,41.4100,42.1400,40.1200,40.2400,13974200
2005-08-12,38.0800,42.6500,37.6900,41.5800,34724800
2005-08-05,39.4100,40.9600,38.0600,38.1200,20153900
2005-07-29,38.6000,39.9500,38.0200,39.2900,24829400
2005-07-22,37.9300,39.5600,37.8000,38.4600,19843100
2005-07-15,35.7400,38.1400,35.6600,37.8200,18980000
2005-07-08,33.9700,35.4900,33.8800,35.4300,13911500
2005-07-01,34.1100,35.1500,33.8200,34.0800,15062600
2005-06-24,35.8100,36.3100,33.7700,34.0800,19355500
2005-06-17,34.8000,36.2500,34.2500,35.9400,25034700
2005-06-10,36.4500,36.6600,33.1800,35.0100,44665600
2005-06-03,39.5250,40.0200,36.1400,36.4000,25828400
2005-05-27,38.5400,39.6500,37.6900,39.6400,17543300
2005-05-20,38.9000,39.9800,38.2100,39.0600,16871800
2005-05-13,38.6100,39.6200,38.0100,38.9000,21512300
2005-05-06,36.3800,39.1100,36.3800,38.4500,21535600
2005-04-29,35.7000,37.3100,35.0000,36.2400,20702000
2005-04-22,35.8000,36.3600,34.7500,35.3800,16101200
2005-04-15,35.9000,37.0900,35.4600,35.7900,23952900
2005-04-08,34.6250,36.8000,34.2100,36.0800,27459800
2005-04-01,39.0000,39.2600,33.8500,34.7400,65135900
2005-03-24,37.9900,39.3400,37.9300,38.8000,19257400
2005-03-18,38.3200,39.9000,34.3000,38.2600,60190400
2005-03-11,38.0500,39.8600,37.1800,38.0300,53611200
2005-03-04,37.6500,42.2500,35.8600,37.5300,240222800
2005-02-25,67.0600,67.5000,64.1300,67.2800,10623500
2005-02-18,66.6600,70.0000,66.2600,66.9700,16509100
2005-02-11,67.0050,67.7000,64.9900,66.7000,16910400
2005-02-04,63.5000,66.9900,63.3400,66.9500,14967400
2005-01-28,64.9500,64.9500,61.2700,62.2000,20334000
2005-01-21,65.9700,68.3900,64.1700,64.8300,18180900
2005-01-14,65.7000,67.5400,64.6200,66.5800,17449800
2005-01-07,66.9200,67.8000,63.8200,66.0900,17203400
2004-12-31,66.5900,68.1300,65.0000,66.6100,11981700
2004-12-23,65.1100,66.7700,64.8500,66.3100,9255700
2004-12-17,66.0300,66.8800,64.6700,64.8000,18677300
2004-12-10,61.0500,66.3000,60.6500,65.5300,24697100
2004-12-03,59.0400,62.0800,57.8400,61.5600,20627900
2004-11-26,55.8200,59.9500,54.3000,58.4300,23786100
2004-11-19,58.8200,59.4700,55.0100,55.3400,18184000
2004-11-12,61.9200,62.3300,58.7000,59.0400,20168400
2004-11-05,57.9400,61.9500,56.8900,60.8600,22665500
2004-10-29,56.5200,60.1800,55.2500,58.1600,20983900
2004-10-22,57.8000,58.5000,56.5800,56.7800,12490500
2004-10-15,60.0200,60.8000,56.4100,58.0200,18770200
2004-10-08,62.5500,63.1000,57.7000,58.9500,17869600
2004-10-01,59.6500,62.8700,58.9300,62.8700,12590100
2004-09-24,61.5500,62.5600,59.0900,59.6700,13859200
2004-09-17,62.0400,62.9500,60.8800,61.7200,11074900
2004-09-10,60.7300,62.4800,59.8000,62.0900,9282600
2004-09-03,60.2400,61.9700,58.2300,60.4700,12189400
2004-08-27,59.9300,60.9900,58.0700,60.4600,10827200
2004-08-20,57.7200,60.1700,57.0000,59.7700,17797600
2004-08-13,56.0200,58.9600,55.0000,57.4500,13619600
2004-08-06,59.9000,60.0000,55.9600,55.9700,18026900
2004-07-30,55.3500,60.7000,53.0600,60.0000,20856900
2004-07-23,57.9600,58.3500,54.0000,55.3900,18196100
2004-07-16,61.2300,62.0900,57.3200,57.3400,16746100
2004-07-09,62.2800,63.4900,61.4100,61.5100,10391800
2004-07-02,63.0000,63.5700,61.1800,62.0100,16924800
2004-06-25,58.4300,62.3700,56.5000,62.3700,18305700
2004-06-18,58.9900,60.3000,58.0400,58.0400,16791000
2004-06-10,61.9100,63.1800,58.9000,59.5500,14479300
2004-06-04,62.0200,64.0000,61.0700,61.4500,10700800
2004-05-28,60.7700,63.9400,60.6100,62.1500,20104800
2004-05-21,58.0000,61.7300,57.4000,61.4000,21492000
2004-05-14,56.3800,59.7400,55.1500,58.5000,21051100
2004-05-07,59.0900,60.6000,56.7100,56.8400,19469100
2004-04-30,60.9910,62.2500,56.7000,59.0000,26384700
2004-04-23,59.6600,61.1600,57.1600,60.6800,17719600
2004-04-16,55.7400,60.1000,55.4000,59.4600,15577400
2004-04-08,57.7000,58.0000,54.5600,55.0300,12995100
2004-04-02,53.4400,58.1300,53.3000,57.9700,16240000
2004-03-26,52.4700,54.9700,51.0000,53.1800,19809000
2004-03-19,54.3900,54.4000,50.8700,52.8800,24301300
2004-03-12,59.0700,59.6200,53.0600,54.7000,25205300
2004-03-05,56.0500,59.6300,54.1000,59.2100,29815900
2004-02-27,56.1700,56.7200,54.0100,55.4500,30764600
2004-02-20,43.6300,59.2800,43.5600,56.8700,71766400
2004-02-13,44.0200,44.9500,43.0500,43.5300,13927500
2004-02-06,42.5100,45.0000,41.7500,43.5000,17788900
2004-01-30,44.4000,45.7500,42.1200,42.9800,21541600
2004-01-23,43.0900,45.5000,42.9500,44.3200,25127600
2004-01-16,42.4900,43.2300,39.9100,43.1900,25033700
2004-01-09,36.8900,42.8800,36.8900,42.3800,29703500
2004-01-02,36.9900,37.6500,36.5000,36.9400,9439200
2003-12-26,37.4900,37.6100,36.4700,37.0000,6223100
2003-12-19,37.2100,37.9800,36.2200,37.4800,14087500
2003-12-12,38.1000,38.2000,35.3900,36.9400,16603300
2003-12-05,38.3700,39.4100,37.5030,38.2700,17468800
2003-11-28,36.4600,38.4900,36.4600,38.1800,24769100
2003-11-21,35.5400,36.3600,34.2900,36.2500,23184800
2003-11-14,34.2400,36.6800,32.3400,35.7500,42390500
2003-11-07,35.0200,35.6000,33.0000,34.0500,23334800
2003-10-31,33.1700,35.7200,32.0200,35.1400,17364400
2003-10-24,32.5500,33.8100,31.6300,32.7300,15117100
2003-10-17,33.3700,34.7300,32.5000,32.6000,14810600
2003-10-10,34.7200,35.0000,32.8800,33.1700,21816900
2003-10-03,33.2500,35.4600,32.7500,34.7800,22516500
2003-09-26,37.2100,37.4800,34.0900,34.2500,13971600
2003-09-19,35.9600,37.9300,35.0600,37.7700,16331300
2003-09-12,34.3900,36.4600,34.3200,35.9900,19304100
2003-09-05,34.7100,35.6000,34.0600,34.4100,11011000
2003-08-29,32.9400,34.9700,32.7900,34.7200,10160700
2003-08-22,33.5400,34.2000,32.6900,32.8400,11609200
2003-08-15,32.2000,34.2100,31.7300,33.1600,11990300
2003-08-08,33.4400,33.8100,31.8500,32.2200,13534700
2003-08-01,34.5600,34.8000,32.8600,33.2500,16702100
2003-07-25,35.5500,36.3000,33.7500,34.5900,23706800
2003-07-18,38.0000,38.2000,34.7300,35.0000,27248500
2003-07-11,36.0500,38.9500,35.9200,37.8200,27743000
2003-07-03,35.3000,36.3200,33.4900,35.8300,28153100
2003-06-27,40.4000,40.4500,34.8400,35.2900,67579200
2003-06-20,40.5400,42.1500,37.9700,38.9700,17550200
2003-06-13,39.8700,41.5000,37.8300,40.1400,17219600
2003-06-06,40.3500,42.0600,37.9500,39.5000,27648400
2003-05-30,36.9000,41.2200,36.3200,38.2200,20498700
2003-05-23,34.4600,38.5700,32.5200,37.7600,22697500
2003-05-16,33.1100,34.7900,32.5000,34.1800,11196200
2003-05-09,34.4500,35.8800,32.1400,33.0300,19909300
2003-05-02,32.5100,34.2800,31.8700,34.1800,13869000
2003-04-25,32.4200,34.3800,31.2200,32.2200,18094500
2003-04-17,31.6400,32.2600,30.0100,31.8800,16871900
2003-04-11,37.9100,38.1000,30.8000,31.6300,31331900
2003-04-04,34.9800,38.1600,33.7800,36.9500,20266600
2003-03-28,33.9800,36.0400,32.7400,35.3600,15309800
2003-03-21,30.3000,35.1900,30.1700,34.3700,26095800
2003-03-14,28.4000,30.8700,27.8000,30.3400,19645100
2003-03-07,28.5900,30.1100,28.1600,28.6000,16240700
2003-02-28,29.8400,29.8500,28.2600,28.7500,15996100
2003-02-21,30.0200,30.9300,28.9400,29.9900,10560100
2003-02-14,30.9000,31.3500,28.3800,29.9000,13474700
2003-02-07,32.0800,32.6900,30.0200,30.8600,16520600
2003-01-31,31.7500,32.9200,31.2900,32.0800,18241300
2003-01-24,35.1700,36.1400,31.8400,32.4800,18739300
2003-01-17,34.5000,37.1400,33.3000,35.0500,28159100
2003-01-10,33.9800,35.5000,32.6100,33.8700,15532000
2003-01-03,33.5500,34.8300,32.5600,33.6900,9573600
2002-12-27,34.4300,35.9200,33.5200,33.6200,8222000
2002-12-20,32.6000,35.2500,32.0000,34.3500,19616100
2002-12-13,32.5500,35.2500,32.3000,33.4300,20078000
2002-12-06,33.3100,34.6500,31.1700,32.6100,29087800
2002-11-29,39.5100,39.5100,32.0400,32.8100,35371600
2002-11-22,40.6500,41.3200,37.7400,39.3700,24199900
2002-11-15,43.1900,43.7200,39.8700,40.3600,18165200
2002-11-08,47.0000,47.4100,42.0200,42.1900,19302700
2002-11-01,43.9900,46.6700,42.5000,46.5700,18036600
2002-10-25,43.3500,46.1300,42.3500,44.2600,19486200
2002-10-18,38.6200,44.5400,38.5200,43.4200,26285000
2002-10-11,36.2100,39.9000,35.3700,38.6700,28640000
2002-10-04,41.5500,42.7400,36.2000,36.4000,36402800
2002-09-27,39.8300,44.3400,37.5000,42.2200,30633600
2002-09-20,43.1600,44.9400,37.7900,40.0300,31319400
2002-09-13,40.4400,44.9800,40.0300,43.6300,18270800
2002-09-06,40.0400,41.7200,38.4800,40.7100,18257700
2002-08-30,43.1700,43.1800,40.0700,40.1800,20887500
2002-08-23,45.1000,47.6700,43.2500,43.2700,18697200
2002-08-16,45.4300,47.0100,42.5100,45.3000,20221500
2002-08-09,41.7000,47.4000,40.0100,45.8700,24187800
2002-08-02,40.2800,45.3500,40.2300,41.7500,25532600
2002-07-26,38.7600,42.3000,35.7500,39.5000,29831500
2002-07-19,35.9500,42.5000,34.7400,38.7800,35309000
2002-07-12,34.9400,37.2500,29.9100,36.2600,29433700
2002-07-05,34.0100,35.2200,20.7600,34.9700,25226000
2002-06-28,32.5200,37.2500,32.4100,35.4500,25785200
2002-06-21,35.8500,38.2200,32.6000,32.6100,25358700
2002-06-14,38.4400,38.9300,30.7500,35.1300,49283700
2002-06-07,42.8500,42.8500,35.0900,38.2400,32382300
2002-05-31,44.6500,45.9900,42.5800,42.8900,13833400
2002-05-24,47.7600,48.0600,42.0600,44.4400,24356300
2002-05-17,46.5000,49.1000,41.2000,47.9300,38845800
2002-05-10,50.8000,52.6900,45.0200,45.9900,29457300
2002-05-03,54.5600,55.2700,48.2000,50.8700,29550500
2002-04-26,62.5100,63.1600,54.5000,54.6500,28715400
2002-04-19,60.4400,64.7100,59.0600,62.7300,14466400
2002-04-12,59.4000,62.4800,57.6700,60.1800,25884600
2002-04-05,64.3700,66.8400,58.1900,60.0400,26161400
2002-03-28,69.2000,69.4300,64.0900,64.3000,14208800
2002-03-22,69.6900,71.4000,66.7500,69.2000,14178800
2002-03-15,67.6000,70.0000,65.0600,69.9300,15460500
2002-03-08,66.0500,69.5500,65.6500,67.5900,15092400
2002-03-01,62.1200,65.5800,60.2900,65.2400,17223100
2002-02-22,58.4600,63.6000,56.0100,62.0600,18800900
2002-02-15,57.0900,62.1300,55.8000,58.9900,19311300
2002-02-08,58.3000,58.3000,50.0800,57.3900,22608200
2002-02-01,63.8000,64.2500,55.2000,58.9400,23174100
2002-01-25,61.2900,65.4500,60.6800,63.4900,14687600
2002-01-18,66.0000,66.7000,59.2000,60.6300,17689600
2002-01-11,65.0900,66.6800,62.1000,65.8900,22125700
2002-01-04,72.2100,72.2100,61.2500,64.7700,23100300
2001-12-28,68.6600,72.5100,68.2800,72.2300,5051600
2001-12-21,67.5200,72.6000,67.2500,68.2800,15276000
2001-12-14,68.5900,68.9300,63.6700,67.7000,23772400
2001-12-07,69.7500,73.3200,66.5500,68.7500,15847500
2001-11-30,67.1900,70.6800,66.1500,70.3000,16524300
2001-11-23,67.8600,70.8200,66.0700,67.0000,9895000
2001-11-16,62.7000,68.8300,60.0400,67.6100,11369100
2001-11-09,62.3300,67.2700,60.9900,62.7100,15863400
2001-11-02,60.3700,63.2300,55.4000,61.2000,15041700
2001-10-26,54.9500,61.5800,54.9500,60.5500,13031600
2001-10-19,52.7000,55.5000,50.7000,55.0000,11491600
2001-10-12,50.2400,56.5100,48.1500,52.9300,25609200
2001-10-05,48.5000,55.4100,47.0700,50.6200,18074200
2001-09-28,47.9500,52.9700,44.7800,49.5700,19325700
2001-09-21,54.0000,58.0400,45.8900,46.5800,25768000
2001-09-10,57.8000,60.2000,54.6700,56.1500,8436600
2001-09-07,59.6300,62.4900,55.0200,57.6100,14285600
2001-08-31,60.8200,62.3300,58.5800,59.2700,13877800
2001-08-24,50.3900,60.9500,48.8000,60.9200,21354600
2001-08-17,48.6800,53.0000,47.6900,50.3100,11702600
2001-08-10,50.8000,51.3300,46.0500,48.6200,16892900
2001-08-03,56.5100,57.4000,48.6800,50.4100,15971500
2001-07-27,56.1200,58.2500,52.9000,56.9000,15335400
2001-07-20,54.6000,54.7100,49.6000,52.9800,15933800
2001-07-13,61.9200,64.5700,49.5000,54.7700,33352900
2001-07-06,67.9600,69.6000,59.8000,61.7700,13543500
2001-06-29,67.0600,69.0000,61.2000,67.6900,22045600
2001-06-22,73.5100,74.9100,65.0000,66.7300,19001800
2001-06-15,71.6700,73.1000,65.0500,73.0000,19621800
2001-06-08,66.5200,75.0000,65.4400,71.6600,22107200
2001-06-01,60.9000,65.4400,58.3000,65.3900,11615900
2001-05-25,58.0500,62.7000,56.5100,60.5300,15671000
2001-05-18,53.3500,58.4600,48.6500,57.0500,17203700
2001-05-11,52.0500,55.9600,50.7000,52.0000,15759300
2001-05-04,49.4500,53.2500,42.9000,51.9400,23178800
2001-04-27,47.5900,48.4400,42.6800,48.0300,14075400
2001-04-20,49.7600,57.0600,45.5200,48.2700,28490400
2001-04-12,42.6000,49.2500,42.1300,49.2300,12449100
2001-04-06,39.2500,45.3800,33.5000,41.3800,23981100
2001-03-30,40.6900,42.6900,35.7500,40.0000,20825600
2001-03-23,49.0000,54.0000,32.6200,39.6900,29550600
2001-03-16,49.4400,54.7500,44.6200,48.1200,18834000
2001-03-09,54.3100,59.3800,51.0600,51.1200,13592000
2001-03-02,55.2000,59.1900,51.6200,54.3100,12624800
2001-02-23,56.1200,57.5000,50.0600,54.0000,11380300
2001-02-16,59.3100,63.2500,55.0000,55.0000,13089700
2001-02-09,55.9400,60.6900,55.0200,59.3100,10524800
2001-02-02,64.1900,67.5600,56.3800,57.2300,16176700
2001-01-26,59.6200,65.6900,57.2500,63.3100,15405000
2001-01-19,167.4400,176.0000,53.1200,56.8900,8230467
2001-01-12,152.4400,177.2500,136.0000,168.6200,15257900
2001-01-05,189.2500,191.0000,151.7500,155.0600,11475200
2000-12-29,193.8800,207.0000,187.7500,189.5600,5408200
2000-12-22,214.1200,232.9400,173.8700,195.9400,12136400
2000-12-15,217.8100,225.7500,194.4400,209.4400,11586000
2000-12-08,184.0000,218.2500,168.9400,213.3100,8584000
2000-12-01,181.2500,196.0000,172.0000,179.0000,9332600
2000-11-24,165.3800,177.6200,151.1200,169.5000,7371200
2000-11-17,192.5000,194.5000,163.5000,170.5000,12859100
2000-11-10,212.0000,222.0000,196.0000,199.6900,5867100
2000-11-03,185.6200,221.5000,176.8700,213.7500,6481700
2000-10-27,194.2500,202.1900,178.0000,184.8800,7644700
2000-10-20,162.1900,196.1200,161.2500,190.2500,8461400
2000-10-13,160.9400,175.5000,153.6200,162.5000,6384000
2000-10-06,176.2500,176.3100,152.2500,161.1200,4593800
2000-09-29,169.8800,180.1300,164.0000,175.3600,4896400
2000-09-22,144.9400,170.7500,137.3100,170.4400,4918000
2000-09-15,146.5600,148.0000,135.0000,146.3800,3575900
2000-09-08,150.0000,150.0600,131.2500,146.9400,3063600
2000-09-01,139.2500,151.0000,134.1200,150.9400,3713500
2000-08-25,132.0000,141.4400,126.5000,139.3700,3053700
2000-08-18,137.0600,138.7500,124.0000,131.9400,2933000
2000-08-11,137.8700,142.9400,129.0000,136.0000,3180600
2000-08-04,117.9400,141.4400,114.0000,137.0000,5140900
2000-07-28,121.0600,128.4400,110.2500,116.0000,5360900
2000-07-21,122.6900,131.3800,117.1300,119.3100,4690000
2000-07-14,130.0000,134.6200,112.1900,118.0000,5139600
2000-07-07,117.1900,133.2500,115.5000,130.1200,4235200
2000-06-30,113.8100,128.6200,107.7500,117.3100,8427200
2000-06-23,106.8800,126.6900,104.0000,113.5000,8501400
2000-06-16,99.9400,106.1900,92.8700,104.5600,8966200
2000-06-09,84.3800,101.8700,83.8700,100.2500,5215000
2000-06-02,63.5300,87.0000,61.0600,86.4400,4620800
2000-05-26,69.6200,69.8100,57.0000,63.1300,4625100
2000-05-19,78.5300,78.5600,68.0000,69.8800,3775000
2000-05-12,75.3800,80.0000,69.0000,78.5000,3001600
2000-05-05,65.5600,79.2500,61.1200,75.1900,5722500
2000-04-28,62.1900,66.5000,55.6300,64.0000,7382600
2000-04-20,67.1200,84.5000,59.5000,63.1300,9650300
2000-04-14,102.2500,102.2500,68.0000,72.0000,9512300
2000-04-07,99.3800,119.0000,84.0000,101.3100,6489100
2000-03-31,118.5000,122.5000,81.7500,98.2500,7962900
2000-03-24,119.3800,136.3100,89.5600,119.0000,8230800
2000-03-17,126.0000,128.8100,95.0000,118.9400,12091700
2000-03-10,148.0000,173.0000,127.0000,129.3100,4772800
2000-03-03,140.0000,150.0000,130.2500,150.0000,4372400
2000-02-25,131.5000,142.5000,122.3100,137.4400,2915600
2000-02-18,119.0000,149.0000,113.0000,131.8700,5828500
2000-02-11,113.5000,130.5000,110.0000,118.8100,5486400
2000-02-04,127.8800,133.2500,102.5000,109.5000,10556900
2000-01-28,144.0000,151.6300,122.1900,128.2500,5398100
2000-01-21,114.1300,149.0000,98.0000,147.7500,10274000
2000-01-14,115.0000,120.8800,97.5000,115.5000,6487700
