timestamp,open,high,low,close,volume
2018-02-27,104.7400,104.8000,104.6100,104.6900,2606772
2018-02-23,103.5100,104.7500,103.5100,104.7400,4767618
2018-02-16,103.2500,103.9200,103.0500,103.6100,7428553
2018-02-09,103.7300,104.1000,102.5100,103.0500,17744261
2018-02-02,102.9300,103.9900,102.7900,103.9900,13134288
2018-01-26,104.2100,104.3000,102.8500,103.0300,50834043
2018-01-19,63.9000,65.0900,62.1900,64.1100,3469882
2018-01-12,55.7000,64.6750,55.0700,63.7500,6938009
2018-01-05,54.0600,56.9900,53.5300,55.8000,2592202
2017-12-29,54.2000,54.8200,53.6900,53.9200,2847300
2017-12-22,53.1500,54.1700,52.9100,54.0400,4376455
2017-12-15,51.4000,54.2500,51.2500,53.2100,10053595
2017-12-08,49.4700,51.8000,49.1800,51.4700,5055039
2017-12-01,50.6000,51.0000,48.2800,49.3600,5249417
2017-11-24,51.8000,54.7400,50.0500,50.5700,7657781
2017-11-17,53.2100,58.1900,53.0100,56.1100,7075835
2017-11-10,54.1100,54.4000,51.7100,53.6600,7347533
2017-11-03,55.6600,56.8800,52.6400,54.0100,7175367
2017-10-27,60.5600,60.5600,50.5000,55.8400,6897429
2017-10-20,58.5900,60.7400,58.3450,60.2200,4052953
2017-10-13,58.7200,60.1700,58.0650,58.6600,4320835
2017-10-06,57.1300,59.2900,57.0200,58.9300,4945577
2017-09-29,56.6700,57.4300,56.0100,57.0700,5721991
2017-09-22,55.2900,57.3800,55.1300,56.6100,5472829
2017-09-15,57.7100,57.8200,54.8450,55.1800,4546763
2017-09-08,56.2400,57.6700,55.4000,57.0800,3987782
2017-09-01,55.9600,57.0000,55.1500,55.9600,4235874
2017-08-25,54.9600,56.5800,54.1200,55.6100,4488580
2017-08-18,56.5100,58.5000,54.5100,55.0500,3932008
2017-08-11,59.7000,61.7400,55.7100,58.0800,5770908
2017-08-04,62.8300,63.1100,56.7600,58.7500,7234673
2017-07-28,63.3300,64.4100,60.0100,62.5300,6100903
2017-07-21,60.5000,63.4800,59.8701,63.2200,10766521
2017-07-14,61.2500,62.7000,60.3700,60.6100,6043784
2017-07-07,60.1200,62.4700,59.1600,60.3100,3719873
2017-06-30,63.1500,63.1700,58.1700,60.1700,6136162
2017-06-23,58.5500,63.2300,58.5500,62.5700,9857262
2017-06-16,56.8200,58.7100,55.0400,58.2300,6462467
2017-06-09,57.9000,58.8788,56.4900,56.9800,4793283
2017-06-02,56.9400,58.4100,54.1000,58.1200,5598309
2017-05-26,55.0400,57.9300,51.8900,56.7300,6327925
2017-05-19,55.2100,56.3700,51.0600,54.8600,7742961
2017-05-12,56.0000,56.7600,54.2540,55.0800,4363598
2017-05-05,59.0000,59.5000,53.6100,56.2200,6942904
2017-04-28,57.1800,58.9900,55.3100,58.8100,4004879
2017-04-21,56.8000,58.2900,55.4300,57.1800,4877624
2017-04-13,56.9500,58.0000,55.1000,56.8300,4487238
2017-04-07,54.7700,56.9800,53.1700,56.8800,6997379
2017-03-31,49.7600,55.1600,49.3200,54.4600,6826521
2017-03-24,49.0000,51.6700,48.1400,50.3000,6202275
2017-03-17,52.2200,52.8900,48.8300,49.3700,12954603
2017-03-10,51.9900,53.9900,50.3000,52.9900,6303082
2017-03-03,50.7900,54.2000,49.0900,52.5100,10280747
2017-02-24,47.3700,51.4100,46.7500,50.9600,10506255
2017-02-17,43.4500,47.8000,43.1900,47.4500,19040050
2017-02-10,43.7600,44.8000,41.8800,43.4200,32881292
2017-02-03,44.9200,48.9990,42.5700,44.3800,37765071
2017-01-27,43.0000,48.6400,40.9900,44.6800,5199250
2017-01-20,46.0000,46.0000,42.3450,42.8300,3652702
