timestamp,open,high,low,close,volume
2018-02-27,103.6700,105.2000,101.9700,103.2500,451651
2018-02-23,98.2700,104.0800,97.2550,103.2500,1069800
2018-02-16,94.0000,100.8800,92.4700,100.0500,1727422
2018-02-09,91.5100,101.9900,87.7500,93.5800,2978613
2018-02-02,96.3600,97.3300,92.1300,92.1600,1396445
2018-01-26,95.5700,96.9900,94.7100,96.7300,1310155
2018-01-19,95.5400,96.7200,93.9100,95.8000,1026349
2018-01-12,94.1500,96.6100,91.9500,95.5500,831171
2018-01-05,95.1200,95.8300,93.1100,94.4900,768845
2017-12-29,95.8300,96.9800,94.4900,94.4900,526730
2017-12-22,97.3500,98.4700,95.6950,96.1800,1022446
2017-12-15,95.4400,97.5500,94.6700,96.9000,1013595
2017-12-08,98.3800,98.3800,94.3700,95.4300,921048
2017-12-01,102.7700,104.1300,94.9600,97.5000,1388121
2017-11-24,102.1100,104.5500,101.2850,103.1200,490252
2017-11-17,98.7400,102.1200,98.1400,102.0400,1111768
2017-11-10,100.0300,100.8200,97.3000,99.4300,1087099
2017-11-03,102.4600,103.4100,97.8700,100.4700,1828293
2017-10-27,93.4500,102.9300,90.6700,102.3900,2494100
2017-10-20,91.2000,93.2300,90.6500,93.0000,1303219
2017-10-13,88.9800,92.1300,88.5600,90.7100,923741
2017-10-06,87.9500,88.9100,86.8000,88.7700,998054
2017-09-29,84.7700,88.2500,83.0700,87.8000,1104598
2017-09-22,83.6500,85.2400,82.9000,84.9700,1211566
2017-09-15,85.6000,86.9700,82.9600,83.6200,1400757
2017-09-08,83.9000,85.1900,82.6800,84.9400,659776
2017-09-01,84.0000,84.8600,81.6400,83.9900,980196
2017-08-25,83.2400,85.1800,82.5950,83.9500,806071
2017-08-18,85.2300,86.3000,82.9000,83.4400,1099204
2017-08-11,87.6700,89.1100,84.2300,84.6100,832477
2017-08-04,92.3900,93.8050,85.9300,87.6600,1640255
2017-07-28,89.5600,93.2700,89.5000,91.8400,929667
2017-07-21,88.8000,90.0800,87.1100,89.5600,897805
2017-07-14,87.1600,90.9000,86.3900,88.7700,1128076
2017-07-07,85.9200,87.2900,84.2900,87.1300,1075493
2017-06-30,90.3200,92.7300,85.2950,85.7500,7399215
2017-06-23,87.5100,89.8300,86.3700,89.5000,1104744
2017-06-16,85.1300,87.0100,82.4400,86.6100,1113661
2017-06-09,86.3400,89.6600,84.6100,85.5600,1582405
2017-06-02,83.4100,86.9600,82.1700,86.6200,1030855
2017-05-26,80.5300,84.0800,79.8300,83.6900,1051155
2017-05-19,80.0000,81.2000,78.3000,80.3400,1305558
2017-05-12,79.3900,80.8300,78.0700,79.8200,1343796
2017-05-05,80.5700,81.6800,75.9337,79.3800,2371946
2017-04-28,79.9700,81.0000,78.2700,80.4100,1459102
2017-04-21,77.2600,79.2800,75.8000,78.9100,1066596
2017-04-13,76.6800,77.7300,76.5200,77.0000,936122
2017-04-07,76.7200,78.2300,75.4500,76.8100,1225259
2017-03-31,75.0600,77.3600,74.4600,76.6700,1079350
2017-03-24,76.6000,77.8500,74.7200,76.1400,1270776
2017-03-17,74.4800,77.1600,74.4800,76.6100,1699119
2017-03-10,73.3000,74.7500,73.1000,74.4900,944688
2017-03-03,73.1100,74.2800,71.4800,73.8700,1210797
2017-02-24,73.4800,73.9700,71.8100,72.9700,1198375
2017-02-17,70.6400,73.9200,68.6100,73.4300,2372334
2017-02-10,65.1900,71.7500,61.9800,70.7400,2276024
2017-02-03,66.8100,66.8100,62.8500,65.4500,1494787
2017-01-27,66.6700,68.7500,65.8900,67.1400,1218511
2017-01-20,68.3000,68.3000,66.2900,66.7200,786045
2017-01-13,66.2300,69.3900,65.7700,68.7200,1162568
2017-01-06,64.8900,67.3900,64.4300,66.1700,873959
2016-12-30,64.6700,65.7000,63.5200,64.0000,672850
2016-12-23,65.1100,66.6300,63.5300,64.6600,882429
2016-12-16,65.6900,66.1900,63.7600,64.7400,1655851
2016-12-09,61.0300,67.2200,60.1600,65.9400,1512432
2016-12-02,63.0000,64.7800,59.5400,60.6400,1928628
2016-11-25,65.5600,67.4900,62.7900,63.4600,1384779
2016-11-18,66.0600,66.5400,63.4300,65.3400,2306689
2016-11-11,59.3700,66.7600,59.2900,66.1100,1946648
2016-11-04,60.0100,61.7800,55.8800,58.8300,2674310
2016-10-28,64.5900,66.2500,59.9000,60.2000,1661418
2016-10-21,63.7400,64.2200,62.6800,64.0700,946477
2016-10-14,65.0100,65.7900,63.0200,63.7600,978810
2016-10-07,65.9200,66.7300,63.8800,64.6900,1299728
2016-09-30,66.0400,66.5900,64.7450,66.3400,1584544
2016-09-23,64.8200,66.5400,64.5800,66.2800,1336217
2016-09-16,66.0700,66.7800,63.2700,64.3200,1586203
2016-09-09,69.3400,70.2100,66.3050,66.3400,1048821
2016-09-02,67.8600,69.3900,66.5800,69.3400,934643
2016-08-26,66.4600,68.9750,65.8800,67.6700,1116228
2016-08-19,68.3200,69.4100,64.8700,66.6900,1252608
2016-08-12,67.3300,68.7700,65.9950,68.1300,746456
2016-08-05,67.0000,70.1500,65.1300,67.5400,1793635
2016-07-29,70.2900,71.2200,65.9000,66.8500,1770374
2016-07-22,70.3100,71.5590,69.0300,70.4800,590144
2016-07-15,68.8800,71.7600,68.4500,70.2100,1031574
2016-07-08,67.0500,68.6800,66.4250,68.3300,664635
2016-07-01,65.2600,68.3800,63.2200,67.3000,1327969
2016-06-24,66.8300,68.4000,65.1400,66.3700,1200616
2016-06-17,65.6600,67.0600,65.3800,65.9900,873226
2016-06-10,63.2500,66.7800,63.2500,65.9600,1107915
2016-06-03,62.0900,64.3500,61.7000,63.2500,867076
2016-05-27,59.3400,62.1800,58.7600,62.1200,759286
2016-05-20,59.9200,60.9100,58.0900,59.4200,858116
2016-05-13,59.6900,61.9800,58.5901,59.6800,820139
2016-05-06,62.2200,62.6500,57.8214,59.6100,1348838
2016-04-29,64.2300,64.5900,60.0320,61.7700,1208435
2016-04-22,64.1300,65.2600,62.4400,64.3300,1167723
2016-04-15,62.7500,65.2100,61.1400,64.3600,841210
2016-04-08,62.8300,63.1900,60.7500,62.3800,755798
2016-04-01,60.6400,63.2000,59.4100,62.9100,806091
2016-03-24,62.0000,62.1600,58.7801,60.2200,666303
2016-03-18,57.3900,62.4600,57.1000,62.3000,1222172
2016-03-11,57.0700,59.4100,56.6100,57.6000,918503
2016-03-04,57.2600,59.0200,56.3800,57.2800,954420
2016-02-26,57.4600,57.7600,52.3500,57.2100,752182
2016-02-19,53.5500,57.3500,52.4510,56.2300,1065691
2016-02-12,52.9100,59.6300,49.8900,52.7000,2584529
2016-02-05,61.1100,62.6500,53.5900,53.6800,1034035
2016-01-29,60.0100,61.5600,58.1000,61.4800,872173
2016-01-22,58.5600,60.4000,55.1200,60.3900,786626
2016-01-15,60.5900,61.0500,56.4600,57.9000,1097260
2016-01-08,64.8300,65.5495,60.1200,60.3000,1197741
2015-12-31,66.2900,68.5099,65.6300,65.8600,693198
2015-12-24,65.8700,67.2100,64.8800,66.6700,578546
2015-12-18,62.9900,67.9799,61.8100,65.3400,1383023
2015-12-11,64.6900,64.8950,62.0000,62.9600,698152
2015-12-04,63.4200,64.9000,61.5100,64.8500,1107656
2015-11-27,60.9700,63.3700,60.1400,63.0600,413196
2015-11-20,58.3400,62.4000,58.3400,60.9900,842730
2015-11-13,63.1900,63.6000,58.4750,58.7200,999238
2015-11-06,62.8400,63.9000,61.0000,63.1100,765824
2015-10-30,63.8700,65.6670,57.8500,62.6900,1173112
2015-10-23,61.8100,63.8900,61.1600,63.8300,773443
2015-10-16,60.7500,62.4400,59.1400,62.2500,997141
2015-10-09,57.4200,60.8800,57.3640,60.6700,972620
2015-10-02,56.1800,57.1100,54.9600,57.1000,1212753
2015-09-25,54.7800,57.0700,54.4800,56.3700,1103740
2015-09-18,58.5800,59.1099,53.5000,54.2000,2767087
2015-09-11,57.7800,59.2800,56.9701,58.5000,561195
2015-09-04,57.6400,58.0150,55.1400,56.9700,755396
2015-08-28,56.0100,59.4900,55.2700,57.8600,1286199
2015-08-21,62.8500,63.9700,56.6600,58.9100,1126887
2015-08-14,59.6100,63.4700,59.4700,62.9800,1139582
2015-08-07,61.0400,61.9500,58.6800,59.3300,778652
2015-07-31,59.0200,61.4300,53.4700,61.1600,1129715
2015-07-24,61.0300,61.3500,58.6400,59.2300,855135
2015-07-17,59.1100,61.0300,58.7000,60.9900,695318
2015-07-10,56.5900,58.9600,56.0900,58.8700,1032512
2015-07-02,57.1900,58.0000,56.1300,57.0900,662528
2015-06-26,59.9500,60.0500,56.9000,57.4500,821571
2015-06-19,51.9900,60.0700,51.0700,59.6700,2800339
2015-06-12,52.1300,53.1900,50.8900,52.2700,804078
2015-06-05,51.6300,52.6600,50.5800,52.3600,897479
2015-05-29,51.7500,52.2500,50.4500,51.2600,889050
2015-05-22,52.7900,53.7300,51.6300,52.0800,842084
2015-05-15,52.8200,53.6200,51.7500,52.8500,1122036
2015-05-08,52.2400,53.7000,51.0200,52.8400,1004171
2015-05-01,50.3600,51.5300,48.1400,51.3400,1564189
2015-04-24,49.0900,50.7500,48.9000,50.3000,580773
2015-04-17,49.2700,50.0500,48.4600,48.9000,887738
2015-04-10,47.3000,49.9400,46.9650,49.2100,1048444
2015-04-02,46.9500,47.9500,46.5700,47.7500,596710
2015-03-27,47.2500,47.4600,44.6400,46.7900,676718
2015-03-20,45.0000,47.4100,44.8600,47.3500,649492
2015-03-13,45.2000,45.3600,43.3050,44.8000,680966
2015-03-06,45.2900,46.0600,44.5800,45.0700,969079
2015-02-27,46.0900,46.3900,45.3100,45.4000,1097706
2015-02-20,44.3600,46.3500,44.1000,46.2700,638626
2015-02-13,45.2900,45.2900,41.8800,44.4500,1524779
2015-02-06,43.9300,45.7100,43.1400,45.2800,907630
2015-01-30,46.0900,46.2100,43.6512,43.7100,745477
2015-01-23,44.5500,46.4600,43.4550,45.9900,560908
2015-01-16,43.0200,45.1400,42.4210,44.4900,578014
2015-01-09,41.7400,43.7100,40.5100,43.1600,1158289
2015-01-02,44.9200,45.0100,41.5300,42.0700,603088
2014-12-26,43.4700,45.0000,43.3600,44.9400,421047
2014-12-19,43.1700,44.8500,42.3300,43.4500,1204937
2014-12-12,43.7400,44.9400,43.0100,43.1000,1036733
2014-12-05,42.5300,44.0900,42.2140,43.9000,1456370
2014-11-28,41.9400,43.0300,41.6100,42.4400,864802
2014-11-21,43.4000,43.6200,41.1600,41.7800,1231590
2014-11-14,44.5000,44.7500,43.0400,43.5800,1172062
2014-11-07,44.3500,45.8600,44.0500,44.8200,1193258
2014-10-31,40.3000,44.6800,40.0400,44.5000,1876992
2014-10-24,39.4700,41.0600,39.1801,40.5900,578695
2014-10-17,37.5100,40.1700,37.3900,39.6600,1111951
2014-10-10,39.3700,39.5600,37.3800,37.4800,921095
2014-10-03,38.0100,40.0600,37.6660,39.3300,1241940
2014-09-26,39.2700,39.5500,38.0000,38.4300,661234
2014-09-19,39.8800,40.3300,38.6400,39.4500,879600
2014-09-12,40.2000,40.9900,39.5300,39.7200,643300
2014-09-05,39.1100,40.6400,38.5600,40.1500,726400
2014-08-29,37.4400,39.2700,36.9000,38.8900,906300
2014-08-22,36.8400,37.5800,36.5400,37.3000,689000
2014-08-15,36.8900,37.3000,36.1500,36.4600,590400
2014-08-08,36.8200,37.2100,36.0500,36.6800,958700
2014-08-01,34.0500,37.9000,33.6401,36.7000,1291700
2014-07-25,34.4300,34.9900,33.8900,34.0300,787500
2014-07-18,35.5500,35.7000,33.6200,34.6600,641300
2014-07-11,36.2900,36.6300,34.5000,35.1700,918500
2014-07-03,36.0000,37.0900,35.5200,36.4400,464000
2014-06-27,35.3500,36.2200,35.1200,36.1600,721400
2014-06-20,35.0700,36.3325,34.8300,35.3000,818200
2014-06-13,35.6900,36.2000,33.7700,34.9900,459200
2014-06-06,34.2500,35.7400,33.7600,35.7300,874800
2014-05-30,34.4300,35.3600,34.2000,34.2500,597200
2014-05-23,33.1800,34.2900,32.9500,34.1900,764500
2014-05-16,32.5000,33.6400,31.6300,33.2900,930700
2014-05-09,32.4600,32.8400,31.6700,32.4100,1106600
2014-05-02,30.2600,33.1000,29.4200,32.7800,1504100
2014-04-25,31.6500,31.9300,30.0600,30.1100,1239900
2014-04-17,30.8200,31.8400,30.3900,31.6000,845500
2014-04-11,31.6800,32.1500,30.2200,30.4500,1155700
2014-04-04,30.7600,33.0000,30.4000,31.7900,1433600
2014-03-28,31.7300,31.9900,30.4900,30.6400,784100
2014-03-21,30.6200,32.2500,30.4100,31.5900,1024600
2014-03-14,31.3900,31.5689,29.9900,30.4900,660600
2014-03-07,31.0300,32.3000,30.4600,31.4100,883200
2014-02-28,32.8400,33.0600,31.1000,31.3200,850500
2014-02-21,32.4400,33.1400,32.2100,32.7500,757900
2014-02-14,32.8100,34.4282,31.0900,32.4600,1531600
2014-02-07,34.4200,34.6900,32.5400,32.9300,943600
2014-01-31,36.6100,36.9268,33.7100,34.4600,922100
2014-01-24,37.4800,37.7800,36.0500,36.5100,617000
2014-01-17,38.6900,38.6900,36.8100,37.2700,858600
2014-01-10,38.0300,38.8400,37.3700,38.7200,985900
2014-01-03,37.6300,37.9900,37.0500,37.8800,605200
2013-12-27,36.9300,37.8500,36.7100,37.6300,671200
2013-12-20,34.1700,36.8500,33.9500,36.7600,1819200
2013-12-13,36.1400,36.1810,34.0000,34.0700,979100
2013-12-06,36.1200,36.4000,34.8700,36.0700,860900
2013-11-29,36.0400,36.3600,35.5500,36.1700,658000
2013-11-22,35.9700,36.2700,35.3900,36.1500,851900
2013-11-15,35.2600,36.2900,34.8900,36.0000,957200
2013-11-08,35.7000,36.1300,33.8800,35.4800,955700
2013-11-01,41.4200,42.2300,34.7000,35.6000,1922300
2013-10-25,40.1200,41.7500,39.4110,41.4000,537200
2013-10-18,40.1300,41.7000,38.9000,40.1000,874100
2013-10-11,39.4000,40.3200,38.1400,40.2900,568300
2013-10-04,38.4400,39.9050,37.8610,39.6500,788000
2013-09-27,38.4100,40.0000,38.1400,38.7400,829600
2013-09-20,38.7800,39.3900,37.7100,38.4900,947100
2013-09-13,37.0300,38.8400,36.6900,38.3700,695900
2013-09-06,36.4600,37.0200,33.4800,36.8400,823100
2013-08-30,35.0000,37.4700,34.8800,36.0200,1083400
2013-08-23,34.7500,35.2500,33.8900,35.0800,519000
2013-08-16,34.5000,35.5800,34.5000,34.8600,643300
2013-08-09,34.8000,34.9299,34.2600,34.7700,1208600
2013-08-02,34.2700,36.7300,33.5250,34.9100,1406400
2013-07-26,34.4100,35.0300,33.6400,34.2900,431600
2013-07-19,32.9800,35.8000,32.9800,34.3900,967500
2013-07-12,33.0200,33.3300,32.8100,32.9800,1020600
2013-07-05,32.9100,33.5700,32.5400,33.0400,392800
2013-06-28,32.3600,33.1200,32.1700,32.5700,865200
2013-06-21,32.2500,34.4368,32.2500,32.6800,1117700
2013-06-14,30.8500,32.6400,30.2000,32.3400,809800
2013-06-07,30.4200,31.0000,29.9800,30.7700,622900
2013-05-31,29.4600,30.8700,29.3100,30.3400,696800
2013-05-24,30.5100,30.8800,28.8200,29.2200,1560900
2013-05-17,30.3900,30.9200,30.2100,30.6400,582000
2013-05-10,30.8000,31.1100,30.3300,30.5100,432400
2013-05-03,29.1400,31.3100,29.0200,30.7200,1273800
2013-04-26,29.0100,29.9400,28.4600,29.0200,647200
2013-04-19,28.3800,29.0100,27.6800,28.9000,855700
2013-04-12,28.8500,29.0800,28.1600,28.5200,728600
2013-04-05,29.6600,29.9600,28.6200,28.7500,645600
2013-03-28,29.3900,29.9400,28.8700,29.6300,664900
2013-03-22,30.4300,30.7600,29.0400,29.3900,941300
2013-03-15,29.3700,30.8400,29.0500,30.7500,865600
2013-03-08,28.1200,29.5300,27.4500,29.5100,586000
2013-03-01,28.3200,28.6000,26.3800,28.2500,623600
2013-02-22,27.2500,28.4300,27.1700,28.2200,873500
2013-02-15,25.4500,27.4000,25.1400,27.3300,620200
2013-02-08,25.3100,25.6100,24.9600,25.5100,496900
2013-02-01,25.2400,25.6500,24.6900,25.5100,897300
2013-01-25,24.0700,25.4700,23.9001,25.2700,658100
2013-01-18,23.4100,24.1800,23.2600,24.1200,686300
2013-01-11,23.4100,23.7900,22.8500,23.4400,546700
2013-01-04,23.2100,24.0700,22.3900,23.5500,792900
2012-12-28,22.8200,24.2700,22.0200,23.2500,795800
2012-12-21,21.5000,23.2200,21.3800,22.8700,1329600
2012-12-14,21.5000,21.6700,20.9900,21.4600,1171800
2012-12-07,22.5100,22.6800,21.3500,21.4700,963400
2012-11-30,21.9200,22.7900,21.7301,22.3400,942400
2012-11-23,21.8500,22.2100,21.0200,22.1300,656900
2012-11-16,22.2100,22.3400,21.0600,21.6500,1505800
2012-11-09,21.9500,22.5300,21.3600,22.2000,1369300
2012-11-02,23.5400,23.9300,21.8500,21.9300,1069700
2012-10-26,23.9600,24.5700,23.2500,23.5800,912600
2012-10-19,24.1600,24.7800,23.3700,24.0000,808900
2012-10-12,24.1100,24.4400,23.7500,24.1100,645600
2012-10-05,24.0900,24.8800,23.6900,24.2000,1301500
2012-09-28,24.2800,24.8800,23.8900,23.9200,1135300
2012-09-21,24.2200,25.0700,23.8100,24.4200,2111700
2012-09-14,24.3800,24.6950,23.3200,24.3300,1495200
2012-09-07,24.3200,24.5200,23.4101,24.3800,1170100
2012-08-31,24.6600,24.7700,23.2000,24.3800,1104900
2012-08-24,26.2700,26.2700,24.2800,24.4800,1989100
2012-08-17,25.3600,26.4600,24.9800,26.2900,882400
2012-08-10,27.5000,28.3400,22.9800,25.5000,2797600
2012-08-03,27.2600,27.7100,25.8300,27.5000,1186300
2012-07-27,26.0800,27.6300,25.9200,27.2800,866000
2012-07-20,26.9500,28.1900,26.4900,26.6400,839300
2012-07-13,26.0500,27.1000,25.9800,26.9600,907600
2012-07-06,25.8000,26.5600,25.3400,26.1800,748200
2012-06-29,25.4600,25.9300,24.7800,25.6700,660900
2012-06-22,25.0700,26.3200,24.9900,25.9100,891300
2012-06-15,25.5900,25.6700,24.0200,25.2600,1333300
2012-06-08,25.0100,26.0000,24.6900,25.2400,1362400
2012-06-01,26.5900,26.8675,24.9100,24.9100,643100
2012-05-25,26.2600,27.0000,25.9300,26.3000,725800
2012-05-18,27.1900,27.2550,25.4700,26.2200,1188200
2012-05-11,28.8200,29.0800,27.2300,27.5500,1556500
2012-05-04,31.6000,31.6000,27.3800,28.9600,1761800
2012-04-27,31.6100,31.8800,30.6710,31.6700,816500
2012-04-20,32.0700,33.2800,31.5900,32.1700,872100
2012-04-13,32.1400,32.5100,31.4000,31.9700,672000
2012-04-05,33.1000,33.9300,32.2800,32.9000,451400
2012-03-30,33.5000,34.0000,33.0400,33.2300,902400
2012-03-23,32.3100,33.0800,32.0200,33.0800,699300
2012-03-16,32.1200,32.7800,31.7500,32.3800,935200
2012-03-09,30.6100,32.1800,30.3300,32.1300,725800
2012-03-02,32.2100,33.0000,30.5700,30.8000,1121100
2012-02-24,31.6600,33.3600,22.6300,32.9400,1719200
2012-02-17,32.1700,32.2300,31.1480,31.6200,967700
2012-02-10,32.3600,32.7100,31.5700,31.6900,712200
2012-02-03,30.0200,32.6500,30.0200,32.6000,1088400
2012-01-27,30.2600,31.0338,29.6200,30.8000,1145100
2012-01-20,29.6500,30.4000,29.2400,30.2700,746300
2012-01-13,28.1600,29.9200,27.7600,29.2100,618600
2012-01-06,28.5400,29.1000,27.8700,28.1900,569200
2011-12-30,28.1600,28.6500,26.4010,27.7000,641600
2011-12-23,28.4300,29.0000,27.1900,28.2700,767500
2011-12-16,29.6800,29.7800,27.9300,28.1700,1170400
2011-12-09,30.0700,30.3600,28.8000,30.1500,960700
2011-12-02,26.5400,30.3200,26.5000,29.6300,1170400
2011-11-25,27.7300,27.9200,25.5400,25.5400,505300
2011-11-18,29.1200,29.4300,28.0100,28.3700,597600
2011-11-11,28.9500,29.8200,27.6200,29.4100,886800
2011-11-04,28.2200,29.4900,25.9100,29.1000,884400
2011-10-28,25.9800,29.3000,25.4400,28.7700,901800
2011-10-21,25.7000,26.5000,24.5400,25.9800,666800
2011-10-14,23.7300,26.0200,23.5800,26.0000,723100
2011-10-07,22.0200,23.9100,20.8100,23.3600,950100
2011-09-30,23.1100,24.6700,22.2500,22.2700,771000
2011-09-23,24.4600,24.9100,22.1000,22.9400,1062100
2011-09-16,23.0000,24.9600,22.6100,24.9600,997900
2011-09-09,22.7600,24.5900,22.7100,23.0400,613500
2011-09-02,24.2400,25.4841,23.5100,23.6600,1130900
2011-08-26,22.9800,24.0200,21.8400,23.9200,1030500
2011-08-19,24.5200,24.9741,22.2400,22.3100,961500
2011-08-12,26.0300,27.1800,22.6700,24.2600,1541500
2011-08-05,25.7400,28.9900,23.5500,26.7800,1337900
2011-07-29,26.2900,26.7932,25.0200,25.4000,898500
2011-07-22,27.1600,27.4200,26.3900,26.6700,736600
2011-07-15,28.0900,28.4700,26.4900,27.2400,615700
2011-07-08,28.0100,29.1000,28.0100,28.6400,479500
2011-07-01,26.5100,28.0700,26.3500,28.0100,649200
2011-06-24,25.4900,27.3300,25.4900,26.5800,898800
2011-06-17,26.3300,26.6600,24.9100,25.6200,890500
2011-06-10,26.7404,27.1100,26.0900,26.3000,897400
2011-06-03,27.7300,28.1600,26.8900,26.9000,908300
2011-05-27,27.4700,27.7800,26.5900,27.5100,593800
2011-05-20,28.6100,28.8800,27.1600,28.0300,686300
2011-05-13,26.2000,30.3900,25.8809,28.9000,1169400
2011-05-06,27.8200,27.8200,26.1700,26.3100,515500
2011-04-29,26.5300,27.9100,26.4100,27.6600,576300
2011-04-21,26.1100,26.6700,25.5200,26.6600,467400
2011-04-15,27.1200,27.3600,25.9300,26.5700,639700
2011-04-08,27.7100,27.8600,26.9800,27.1600,555100
2011-04-01,25.8700,27.7400,25.8200,27.5500,970200
2011-03-25,25.6100,26.9300,25.0400,25.9000,684300
2011-03-18,25.1300,25.4700,24.5600,25.3100,891900
2011-03-11,27.2200,27.2900,25.4300,25.4700,693500
2011-03-04,26.8000,27.4400,25.8900,27.0900,925300
2011-02-25,26.2700,26.6400,25.3000,26.6400,650900
2011-02-18,26.4200,26.9100,26.1100,26.6400,881600
2011-02-11,26.3700,26.7200,24.4200,26.5100,917200
2011-02-04,26.0800,27.2697,25.6601,26.3900,801000
2011-01-28,26.0500,27.0700,25.7400,26.0000,623100
2011-01-21,26.2500,27.0200,25.8300,26.0800,538500
2011-01-14,26.0400,26.7500,25.8380,26.7400,453000
2011-01-07,26.0100,26.9000,25.7100,26.2000,585900
2010-12-31,26.7100,27.0900,25.9000,25.9000,673900
2010-12-23,27.2700,27.2700,26.7701,26.8100,441200
2010-12-17,28.3300,28.7300,26.2600,27.1450,1331300
2010-12-10,26.9700,28.3900,26.6100,28.3100,1061800
2010-12-03,25.7100,27.0000,24.8900,26.9900,1138700
2010-11-26,25.6500,26.1000,25.0000,25.9500,460700
2010-11-19,26.2700,26.2800,25.1400,25.8100,716900
2010-11-12,26.5700,27.0100,26.1300,26.3200,968600
2010-11-05,25.5000,27.0000,24.8900,26.5200,847400
2010-10-29,25.4200,25.7200,24.9500,25.3900,625400
2010-10-22,25.2600,25.6200,24.5100,25.3400,843900
2010-10-15,24.3700,25.3400,23.9700,25.2600,683800
2010-10-08,24.1000,24.5700,23.5600,24.4700,1003600
2010-10-01,23.6500,24.5000,23.2500,24.2200,731600
2010-09-24,22.7800,23.7000,22.6200,23.5800,635900
2010-09-17,22.3800,23.0600,22.2700,22.8000,829900
2010-09-10,21.6500,22.4900,21.5900,22.1500,594500
2010-09-03,21.4000,21.7300,20.6400,21.6700,912300
2010-08-27,21.7700,21.9300,20.8000,21.5500,936100
2010-08-20,22.0900,22.5900,21.3000,21.7000,1034900
2010-08-13,24.2700,24.6700,22.0800,22.3100,796700
2010-08-06,23.9300,25.0400,23.5000,24.0600,931000
2010-07-30,23.3300,24.2300,21.5000,23.6900,883700
2010-07-23,22.1900,23.2600,21.6100,23.2200,728300
2010-07-16,22.1500,23.3300,22.0000,22.2000,789800
2010-07-09,22.1900,22.4800,21.5600,22.2900,555800
2010-07-02,22.0300,22.6400,21.2100,21.9200,1041100
2010-06-25,22.3600,22.7400,21.5500,21.9500,1001700
2010-06-18,22.4400,23.1400,21.9400,22.1500,1037600
2010-06-11,22.0500,22.2300,20.7900,22.2200,795800
2010-06-04,22.3100,23.0900,21.8300,21.8800,951200
2010-05-28,22.2300,22.9400,21.3800,22.5500,1120100
2010-05-21,23.4900,24.0400,21.7000,22.1900,1121400
2010-05-14,22.2600,24.0500,22.0000,23.3400,1053700
2010-05-07,23.2300,23.9700,20.8000,21.4700,1414900
2010-04-30,25.8900,26.2900,22.4000,23.0500,1718600
2010-04-23,25.9600,26.9300,25.5900,26.0000,800700
2010-04-16,24.7900,26.4999,24.5000,26.0000,661400
2010-04-09,25.0500,25.6500,24.3150,24.7200,722000
2010-04-01,25.5600,25.9400,24.7500,25.0400,639300
2010-03-26,25.5300,26.4300,25.2900,25.4500,406400
2010-03-19,25.1200,26.1300,25.0900,25.7300,831000
2010-03-12,24.9300,25.3500,24.7700,25.1200,712800
2010-03-05,23.3100,24.9400,23.3000,24.9400,1064000
2010-02-26,23.3400,23.9200,23.0600,23.2800,669900
2010-02-19,22.3500,23.5050,22.2400,23.3500,831000
2010-02-12,21.3900,22.1900,20.5600,22.1700,966000
2010-02-05,22.3300,23.0000,20.6900,21.5000,1671100
2010-01-29,22.1300,22.6501,21.5900,22.3000,1172800
2010-01-22,23.3900,23.4500,21.9400,22.0100,973500
2010-01-15,23.9700,23.9700,22.9400,23.4100,736300
2010-01-08,23.8400,24.3000,23.5500,23.8800,701000
2009-12-31,24.4500,24.4500,23.5800,23.6300,406300
2009-12-24,22.7000,24.6375,22.2200,24.4200,920000
2009-12-18,22.2900,22.9599,22.1100,22.6400,1334500
2009-12-11,22.1000,22.4996,21.7900,22.0900,712800
2009-12-04,21.6600,22.3500,21.3400,22.1700,1138100
2009-11-27,21.8900,22.3000,21.2800,21.5900,474600
2009-11-20,21.8700,22.3200,21.4700,21.6000,797900
2009-11-13,22.2600,22.5300,21.2000,21.8100,741600
2009-11-06,22.3900,22.5900,21.6800,22.1300,1040000
2009-10-30,22.8500,23.6000,21.0000,22.1900,1471300
2009-10-23,23.9100,24.0900,22.7100,22.9000,952800
2009-10-16,24.3300,24.8900,23.4000,23.7600,991600
2009-10-09,23.0100,24.3600,23.0000,24.2900,1163700
2009-10-02,23.4500,23.7300,21.8900,22.9700,1753100
2009-09-25,23.3400,24.5990,22.7000,23.2600,2477800
2009-09-18,20.0900,23.4800,19.5700,23.4800,1676100
2009-09-11,19.6900,20.3700,19.3100,20.1400,637800
2009-09-04,19.1900,19.7500,18.5100,19.4900,668100
2009-08-28,19.7100,20.2300,19.2700,19.4700,804900
2009-08-21,18.4400,19.7000,18.0500,19.6500,955500
2009-08-14,19.3900,19.5300,18.0900,18.7100,725100
2009-08-07,18.8000,20.0700,18.6200,19.5700,1301600
2009-07-31,16.6100,18.8500,16.1540,18.7000,1178400
2009-07-24,15.5100,17.0000,15.3600,16.6900,925800
2009-07-17,13.7000,15.4700,13.3800,15.3800,787500
2009-07-10,14.7200,15.1200,13.1400,13.6300,1322400
2009-07-02,15.6900,17.0000,15.2000,16.0000,806600
2009-06-26,15.5800,15.9500,14.5600,15.7700,1119700
2009-06-19,15.0700,16.2200,14.5400,15.6500,868300
2009-06-12,15.2400,15.7400,14.9200,15.3700,540000
2009-06-05,14.0500,15.5700,14.0100,15.4100,908900
2009-05-29,13.6000,14.6700,13.5400,13.8700,852100
2009-05-22,14.1700,14.6200,13.5100,13.7800,837100
2009-05-15,15.1300,15.3650,13.8100,14.0500,1068700
2009-05-08,15.4200,15.8400,14.7912,15.4100,1280000
2009-05-01,14.6600,16.1700,14.5000,15.3500,1342700
2009-04-24,13.9000,15.0900,13.6100,14.9000,1158000
2009-04-17,13.9400,14.4800,13.4900,14.2600,933800
2009-04-09,13.2800,14.1800,12.7700,14.1600,957200
2009-04-03,10.6500,13.5000,10.4000,13.5000,1607500
2009-03-27,10.2700,11.2700,10.2500,10.7900,975800
2009-03-20,10.2700,10.8500,9.9000,10.0200,1193600
2009-03-13,9.3900,10.3500,9.0700,10.2000,1504700
2009-03-06,10.1000,10.2700,9.0445,9.4900,1878500
2009-02-27,11.0200,11.1800,10.1500,10.2400,1564300
2009-02-20,11.0400,11.3200,10.6400,10.9600,816700
2009-02-13,12.1600,12.3500,10.9500,11.4700,1718300
2009-02-06,11.0100,12.7200,10.7500,12.2000,1957300
2009-01-30,11.5700,12.4600,11.0200,11.1300,1274500
2009-01-23,11.8200,12.2600,11.3500,11.5900,728100
2009-01-16,12.8600,13.0800,11.5700,12.0100,1233600
2009-01-09,13.4000,13.6400,12.7600,12.8500,1304800
2009-01-02,12.9000,13.8100,12.5600,13.4300,875200
2008-12-26,13.2500,13.2900,12.5500,12.9000,903600
2008-12-19,13.2400,13.7600,11.9900,13.3000,2019700
2008-12-12,12.8700,13.8500,12.3600,13.0900,1534500
2008-12-05,12.1800,12.6300,11.0800,12.5700,1515200
2008-11-28,12.0700,12.8600,11.6500,12.5000,970000
2008-11-21,11.2400,12.6800,10.1900,11.8300,2077100
2008-11-14,12.6900,13.3400,11.2700,11.3100,1464300
2008-11-07,14.9700,15.9700,12.0400,12.4000,1716000
2008-10-31,12.9400,15.4000,12.2648,15.2000,1342400
2008-10-24,15.5000,15.8800,12.6000,13.0800,1471300
2008-10-17,16.3500,17.6600,13.4600,15.2900,1760700
2008-10-10,15.1800,16.4800,12.9400,15.6700,2964700
2008-10-03,19.4200,19.4900,16.9800,17.0100,2207200
2008-09-26,21.8400,21.8400,19.3100,19.6700,1647800
2008-09-19,19.1300,22.8800,19.0300,21.9000,2980700
2008-09-12,19.8100,20.6200,19.1400,19.3900,1314400
2008-09-05,20.4900,21.1800,19.6200,19.6900,954400
2008-08-29,21.6900,22.6000,19.9000,20.1900,1658600
2008-08-22,22.7700,23.0000,21.3200,21.8300,1213400
2008-08-15,21.3300,22.8700,21.3300,22.6900,2087700
2008-08-08,18.5200,21.6400,17.8000,21.4000,4436000
2008-08-01,19.8900,20.2900,17.0500,18.5300,3925200
2008-07-25,19.7800,20.6300,19.3200,19.9800,1644100
2008-07-18,20.2500,20.4600,18.5500,19.7400,2647400
2008-07-11,21.1300,21.9200,19.8400,20.1500,2657800
2008-07-03,21.4700,21.9100,20.8900,20.9400,2067100
2008-06-27,21.4300,22.4400,21.3300,21.5300,2934300
2008-06-20,21.4500,21.5100,20.5100,21.3400,1843700
2008-06-13,22.6100,22.6300,21.2400,21.5500,1958200
2008-06-06,23.2400,23.8400,22.5400,22.5600,1594400
2008-05-30,23.7500,25.0900,22.6300,23.6600,1426700
2008-05-23,24.3400,25.0200,23.4800,23.6800,1163600
2008-05-16,23.2000,25.3000,23.2000,24.3400,1789700
2008-05-09,23.6100,25.2900,22.0300,23.1100,3272800
2008-05-02,23.6100,24.7100,23.2600,23.5500,1427100
2008-04-25,23.2200,24.3100,22.1400,23.6900,1235900
2008-04-18,21.7500,23.6100,21.7300,23.4300,1189100
2008-04-11,22.9400,23.2300,21.6700,21.7600,1235200
2008-04-04,23.9600,25.7400,21.1700,22.7600,3840100
2008-03-28,25.1300,25.7900,23.9000,23.9500,1323000
2008-03-20,23.0900,25.1600,22.6200,24.9000,1877300
2008-03-14,25.0100,25.9300,22.5800,23.2300,3261800
2008-03-07,25.6300,25.7800,24.3400,24.8700,1418100
2008-02-29,23.6800,26.4200,23.6200,26.1400,2325000
2008-02-22,25.8000,26.0800,23.0500,23.6300,1618000
2008-02-15,25.9000,27.0500,25.0300,25.4100,1405700
2008-02-08,27.6600,28.5700,25.8300,25.9300,1676900
2008-02-01,25.5800,28.4700,25.2500,27.6800,1377700
2008-01-25,25.8000,28.1900,24.8900,25.6900,1645800
2008-01-18,25.4100,27.3500,25.0300,26.8200,1434900
2008-01-11,26.4400,27.7700,25.1000,25.1900,1166900
2008-01-04,28.3000,28.3200,26.2100,26.3700,861200
2007-12-28,29.7100,30.0400,28.3400,28.5000,849700
2007-12-21,27.0900,30.2300,27.0200,29.5900,2062900
2007-12-14,28.4600,29.0200,27.0900,27.3000,1151300
2007-12-07,28.3200,29.3700,27.3100,28.4800,1258700
2007-11-30,27.1100,28.8000,26.5200,28.4600,1440000
2007-11-23,27.5600,27.8400,26.4500,27.1800,916700
2007-11-16,26.5400,28.1700,26.5400,27.9500,1672600
2007-11-09,25.7500,27.4400,25.5600,26.6800,1528000
2007-11-02,26.8800,27.9900,24.8600,26.1600,1764500
2007-10-26,24.9800,26.8700,24.4600,26.8700,752100
2007-10-19,25.9500,26.5500,25.0100,25.1100,915300
2007-10-12,26.3600,27.0800,25.7500,25.9900,905200
2007-10-05,25.1600,27.1700,25.1600,26.4500,1214000
2007-09-28,25.8400,26.2000,25.1000,25.2400,1437300
2007-09-21,25.9100,27.0000,25.2300,25.7900,2387500
2007-09-14,25.8100,27.2700,24.7900,25.9800,1831800
2007-09-07,25.2100,26.2800,25.1800,25.7000,960400
2007-08-31,25.0400,27.9600,24.5600,25.2700,993600
2007-08-24,26.9200,27.2000,24.1000,25.1700,1584000
2007-08-17,25.1300,27.0000,24.4000,26.8400,2653000
2007-08-10,20.9400,27.1700,20.7800,24.7200,4711100
2007-08-03,21.6900,21.8200,20.8100,20.9500,1584600
2007-07-27,23.2900,23.4900,21.6900,21.7200,2150800
2007-07-20,22.8300,23.6300,22.2900,23.2600,2137500
2007-07-13,22.3000,23.4000,22.0500,22.8700,1868900
2007-07-06,22.2300,22.8500,22.0500,22.2300,1081700
2007-06-29,22.4400,22.9300,22.0200,22.0800,2509400
2007-06-22,22.4100,22.7600,22.1600,22.5100,2129200
2007-06-15,22.0900,22.3499,21.5900,22.3100,1878200
2007-06-08,24.0000,24.1500,21.8100,22.2700,1614800
2007-06-01,22.5800,24.0900,22.5100,24.0900,1977700
2007-05-25,23.7200,24.1700,22.3900,22.5000,2135300
2007-05-18,24.9400,24.9400,23.3580,23.5500,2025500
2007-05-11,25.2600,25.4800,23.9000,24.9100,2574100
2007-05-04,22.5000,26.3000,21.3400,25.2900,3795700
2007-04-27,22.8700,23.0500,22.3800,22.4200,1811100
2007-04-20,22.7200,23.6120,22.6900,22.9200,1669000
2007-04-13,23.1300,23.4000,22.6600,22.6900,2061500
2007-04-05,23.2600,24.1300,22.4600,23.2100,2597500
2007-03-30,22.9500,24.6700,22.3200,24.4200,7902200
2007-03-23,22.2100,23.6500,22.0099,22.9800,1170000
2007-03-16,22.7300,22.9400,22.1500,22.2000,1420200
2007-03-09,22.4300,23.0000,22.1700,22.7200,1195000
2007-03-02,23.0700,23.3600,22.3000,22.5000,1999900
2007-02-23,23.3400,24.3300,23.0500,23.1700,900300
2007-02-16,23.2100,24.4700,23.0900,23.4000,1158400
2007-02-09,23.5500,23.9800,22.2700,23.1900,2119300
2007-02-02,22.8600,24.5300,22.8600,23.4300,1591500
2007-01-26,23.1500,24.0590,22.8900,22.9900,2032900
2007-01-19,25.0500,25.4000,20.3000,23.2400,5960200
2007-01-12,25.7600,26.2000,24.2500,25.0000,1560000
2007-01-05,26.0600,27.0400,25.5500,25.7700,904500
2006-12-29,26.3000,27.0900,25.9700,26.0000,567600
2006-12-22,27.0900,27.1600,25.8600,26.3300,1247500
2006-12-15,26.1000,27.0100,25.8600,26.9500,2094900
2006-12-08,25.5300,26.6200,25.0800,25.9900,1682200
2006-12-01,26.4400,26.6100,25.1100,25.4100,1893600
2006-11-24,27.1600,27.6000,25.9900,26.5000,1163400
2006-11-17,26.9000,27.9600,26.6700,27.1600,2269600
2006-11-10,25.1800,27.3100,25.0600,26.7400,2992600
2006-11-03,24.0900,26.1600,22.7100,25.0200,2768800
2006-10-27,24.9400,25.5000,24.0900,24.2000,1078900
2006-10-20,25.4900,25.6700,24.6100,24.9500,1406900
2006-10-13,23.5800,25.5000,23.1500,25.4200,2135600
2006-10-06,22.0300,24.1600,21.9500,23.5400,2134500
2006-09-29,22.4900,23.5000,21.9799,21.9900,1428300
2006-09-22,22.9600,23.3500,21.6200,22.4100,1034800
2006-09-15,22.9800,23.0300,22.3600,22.7400,970500
2006-09-08,23.4500,23.7900,22.0200,23.1100,1587400
2006-09-01,22.5000,23.5000,21.9200,23.3800,1626400
2006-08-25,21.3100,22.7400,21.1400,22.6100,1122700
2006-08-18,20.1400,22.2900,20.0300,21.4500,1392300
2006-08-11,20.1900,22.4200,19.5200,19.9000,1550000
2006-08-04,21.0100,21.6400,19.4600,20.1900,770500
2006-07-28,18.5700,21.3100,18.5700,21.0300,1429200
2006-07-21,19.3700,19.8900,18.2520,18.4800,1507600
2006-07-14,21.6700,21.9100,19.2000,19.4100,1652300
2006-07-07,22.7400,23.0000,21.4400,21.5900,1386100
2006-06-30,20.3100,24.1300,20.3000,22.7000,5530900
2006-06-23,18.6000,20.8400,17.8400,20.3000,1346000
2006-06-16,19.8000,20.0300,18.2500,18.6000,2958800
2006-06-09,20.5600,20.8700,19.6400,20.0400,997100
2006-06-02,19.5500,21.0700,18.9800,20.5100,1134300
2006-05-26,20.3900,20.7300,18.2300,19.9700,1422100
2006-05-19,19.8800,20.7500,19.2700,20.6800,1605100
2006-05-12,21.3000,22.1400,17.6100,20.0700,2822200
2006-05-05,21.0700,21.3800,20.4800,21.2900,1373300
2006-04-28,20.1500,21.2100,19.7700,21.0100,1404700
2006-04-21,20.4400,20.7900,18.5000,20.1500,2057800
2006-04-13,20.7600,20.9100,19.5100,20.2700,1127000
2006-04-07,21.3100,21.5700,20.4000,20.6900,1822500
2006-03-31,20.0800,21.6800,19.8500,21.1900,4123300
2006-03-24,19.5600,20.1100,19.1390,19.9400,2323400
2006-03-17,20.0000,20.4200,19.2700,19.9300,2692900
2006-03-10,19.1200,19.8300,18.9100,19.6100,2356800
2006-03-03,17.9100,19.2700,17.9100,18.9800,5081300
2006-02-24,18.9400,18.9400,16.9400,17.9100,4061700
2006-02-17,17.9000,18.9100,17.8800,18.8200,1629300
2006-02-10,17.5500,18.5600,17.3400,17.9000,1660300
2006-02-03,16.8600,17.6000,16.8000,17.4900,1738200
2006-01-27,17.0000,17.0200,16.0900,16.4200,1949600
2006-01-20,17.5400,17.5500,16.8000,16.9600,1479600
2006-01-13,17.9500,17.9500,17.2500,17.5000,1350500
2006-01-06,17.0400,18.4400,16.9500,17.8300,1819600
2005-12-30,17.3300,17.6500,17.0500,17.0800,685700
2005-12-23,17.3000,17.5200,17.1000,17.3200,862000
2005-12-16,17.1000,17.4500,16.8300,17.2500,1670800
2005-12-09,17.1300,17.2700,17.0500,17.1000,2228300
2005-12-02,16.8100,17.2500,15.5600,17.0900,4790200
2005-11-25,17.7200,18.1900,16.5200,16.8100,2197800
2005-11-18,17.0200,18.2100,16.7300,17.7000,1703000
2005-11-11,16.2000,17.1000,16.2000,16.9400,1097000
2005-11-04,14.2100,16.7600,14.2100,16.7200,4188300
2005-10-28,14.0300,14.5500,13.8300,14.2500,509000
2005-10-21,13.4000,14.3000,13.4000,14.1900,590700
2005-10-14,13.4700,13.9200,13.1300,13.4300,527000
2005-10-07,14.1600,14.5655,13.4500,13.5400,1292000
2005-09-30,13.9200,14.2100,13.6120,14.1700,1084400
2005-09-23,13.7000,14.0000,13.6000,13.8900,1251500
2005-09-16,13.5600,13.7100,13.4300,13.6700,790100
2005-09-09,13.2500,13.6700,13.2300,13.5900,1270900
2005-09-02,13.1500,13.3400,13.0100,13.1800,1202500
2005-08-26,13.1500,13.3000,13.0300,13.1500,750600
2005-08-19,13.0100,13.3000,12.8600,13.1700,1265600
2005-08-12,13.8000,13.8100,12.2000,13.0200,1635200
2005-08-05,14.3200,14.4000,13.6300,13.6500,689700
2005-07-29,13.9200,14.3000,13.4300,14.3000,1153200
2005-07-22,13.8300,13.9700,13.4900,13.9300,552700
2005-07-15,13.8600,14.1300,13.6600,13.8600,992600
2005-07-08,13.5200,14.0500,13.4100,13.8200,740600
2005-07-01,12.1000,13.7500,12.0500,13.5500,1103400
2005-06-24,11.9900,12.1000,11.7700,12.1000,776200
2005-06-17,12.0000,12.1500,11.7700,11.9900,443900
2005-06-10,12.7000,13.1900,11.7500,12.0000,798900
2005-06-03,13.9700,14.0600,12.6100,12.7000,915800
2005-05-27,13.4000,14.0500,13.2000,14.0500,559100
2005-05-20,12.8000,13.4500,12.8000,13.4000,397700
2005-05-13,13.0200,13.0900,12.4600,12.9800,351200
2005-05-06,12.9400,13.1300,12.6900,13.0100,811900
2005-04-29,11.8500,13.1000,11.8500,13.0500,417300
2005-04-22,12.6100,13.0300,11.8400,11.8700,379900
2005-04-15,12.3500,13.0300,12.2500,12.5900,298900
2005-04-08,12.4200,13.0200,12.1400,12.4400,416200
2005-04-01,12.2600,12.7000,12.2300,12.5700,504900
2005-03-24,12.2200,12.3500,11.9300,12.2600,216700
2005-03-18,12.0500,12.5400,11.6100,12.2200,523400
2005-03-11,11.1500,12.0300,11.0500,12.0100,504100
2005-03-04,11.5400,11.7200,10.7320,11.2600,679100
2005-02-25,11.8700,11.9900,11.6000,11.8000,400600
2005-02-18,12.1000,12.4600,11.6900,11.9500,774300
2005-02-11,13.1000,13.1000,11.3300,11.8700,669400
2005-02-04,12.9900,13.8100,11.5000,13.0600,692900
2005-01-28,13.4900,13.5000,12.5500,12.9000,721900
2005-01-21,13.4100,13.8000,12.7000,13.5600,1393600
2005-01-14,13.6000,15.0100,13.5700,13.7500,764100
2005-01-07,14.6500,14.9300,12.6000,13.5800,689700
2004-12-31,13.8400,15.2200,13.5300,14.6400,710100
2004-12-23,13.1700,14.5100,13.0300,13.7500,432800
2004-12-17,13.2400,13.4400,12.7700,13.0300,331100
2004-12-10,13.3050,13.6400,12.3300,13.0500,223300
2004-12-03,12.6000,13.8500,11.8800,13.2600,477900
2004-11-26,14.0400,14.0400,12.4900,12.6000,299700
2004-11-19,14.0000,14.3700,13.4800,13.5600,656600
2004-11-12,12.8000,14.6400,12.6700,14.0500,806800
2004-11-05,12.4400,12.9400,11.1500,12.7800,302700
2004-10-29,11.0000,13.2000,10.8000,12.4400,313400
2004-10-22,10.4600,11.9300,10.0300,11.0900,425000
2004-10-15,10.4000,11.4500,9.9200,10.3000,206400
2004-10-08,10.2600,11.3590,9.4600,10.5500,246100
2004-10-01,10.2500,10.7200,9.5100,10.2400,774900
2004-09-24,11.1200,11.5600,9.9000,10.2500,294200
2004-09-17,12.4900,12.5500,10.7500,11.1300,613200
2004-09-10,11.2000,12.6500,11.0400,12.0690,576000
2004-09-03,10.3500,11.5190,10.0500,11.0000,896900
2004-08-27,9.5900,10.6300,8.7200,10.3300,419300
2004-08-20,9.1000,9.8200,8.8500,9.2300,220300
2004-08-13,9.1300,9.4200,8.6000,9.1500,88800
2004-08-06,9.2000,10.2500,8.3000,9.1000,1098900
