timestamp,open,high,low,close,volume
2018-02-27,30.8950,30.8950,30.0000,30.2500,11271
2018-02-23,29.7000,31.0000,29.7000,30.3500,58453
2018-02-16,29.2500,29.9000,28.7500,29.9000,51365
2018-02-09,29.7500,30.4500,28.6500,29.3000,66943
2018-02-02,30.4500,30.8500,29.8500,29.9500,34995
2018-01-26,31.0000,31.0000,30.2000,30.6000,26930
2018-01-19,30.4070,31.1000,30.1500,31.0000,76962
2018-01-12,28.8500,30.3500,28.6253,30.3500,30223
2018-01-05,29.2500,29.3500,28.2750,28.9000,52153
2017-12-29,30.0000,30.1500,29.1000,29.2500,36020
2017-12-22,30.3000,30.5000,29.1250,29.8000,72693
2017-12-15,30.3000,30.3000,27.7500,29.7000,86510
2017-12-08,31.7000,31.7500,30.0000,30.1500,33908
2017-12-01,30.7000,32.1500,30.4000,31.4000,59605
2017-11-24,30.4000,31.4500,30.3200,30.9000,29982
2017-11-17,28.9500,31.1500,28.9000,30.8500,19214
2017-11-10,30.8500,30.9000,28.9000,28.9500,24596
2017-11-03,31.1000,31.1000,29.8000,30.7000,44947
2017-10-27,30.7500,31.5000,30.4000,31.0000,67157
2017-10-20,31.1000,31.4000,30.5500,30.9000,56446
2017-10-13,29.7500,31.1000,29.7500,31.0000,56888
2017-10-06,30.0000,30.6500,29.1000,30.3500,78075
2017-09-29,29.1000,30.2000,28.8900,29.9500,101961
2017-09-22,28.4500,29.8000,28.3500,29.6500,48752
2017-09-15,28.5500,28.8500,27.8500,28.4500,121698
2017-09-08,27.9000,28.1000,27.2500,27.9000,29006
2017-09-01,28.3500,28.6000,27.9000,28.2500,21830
2017-08-25,28.0000,28.2000,27.5500,28.0000,18862
2017-08-18,27.9500,28.8000,27.6500,28.2000,55220
2017-08-11,29.3000,29.5000,27.6500,27.8000,34713
2017-08-04,29.9700,30.1000,28.9000,29.2500,82198
2017-07-28,30.0000,30.0500,29.1000,29.8500,190834
2017-07-21,28.6000,30.3500,28.5500,30.0000,68066
2017-07-14,29.1500,29.2500,28.6000,28.7000,68324
2017-07-07,29.0600,29.5000,28.4000,29.2500,45445
2017-06-30,29.0500,29.5500,29.0000,29.2500,106460
2017-06-23,30.2000,30.4000,28.8500,29.1000,104819
2017-06-16,30.6000,30.6000,29.7500,30.2000,151375
2017-06-09,30.0000,30.7500,29.2500,30.6000,131883
2017-06-02,29.0500,30.2500,28.8000,30.0000,108590
2017-05-26,29.1000,29.2000,28.8000,29.0500,36992
2017-05-19,28.6500,29.1500,28.6000,28.9000,89893
2017-05-12,29.2500,29.4500,28.2500,28.6000,45932
2017-05-05,29.1500,29.7500,29.0000,29.0500,57707
2017-04-28,29.0000,29.8000,28.4000,29.1500,62703
2017-04-21,28.5000,28.8500,28.3000,28.7500,73569
2017-04-13,28.5000,28.6500,27.8500,28.4000,64866
2017-04-07,28.2000,28.7000,27.8000,28.4000,166157
2017-03-31,27.4500,28.6000,26.7000,28.2500,451870
2017-03-24,27.9500,28.3500,26.6500,27.6000,75895
2017-03-17,27.5000,28.3000,26.8000,28.0000,91116
2017-03-10,27.8000,28.1000,27.5000,27.6000,42524
2017-03-03,28.0000,28.1000,27.5500,27.9500,141507
2017-02-24,27.9000,27.9600,27.7500,27.8500,24784
2017-02-17,28.6000,28.6000,27.4000,27.9500,107415
2017-02-10,27.9000,28.8500,27.3000,28.3500,40609
2017-02-03,28.0000,28.7500,27.4000,27.9500,50913
2017-01-27,27.5000,29.0000,27.5000,28.2000,37319
2017-01-20,27.7500,28.2000,27.2500,27.5500,29041
2017-01-13,28.3500,28.7000,27.6550,28.2000,85593
2017-01-06,29.4000,29.4000,28.1000,28.4000,45867
2016-12-30,29.1500,30.0500,28.6000,28.9500,24862
2016-12-23,28.4834,29.5000,28.3500,28.9500,78045
2016-12-16,28.5000,28.8000,27.8000,28.3000,167548
2016-12-09,26.9000,29.0000,26.9000,28.6500,191451
2016-12-02,26.4500,27.3500,26.1500,27.1000,188480
2016-11-25,25.6000,26.8750,25.3500,26.7000,122596
2016-11-18,26.4000,26.4000,24.9000,25.7500,75310
2016-11-11,24.4000,26.7500,24.4000,26.0000,139577
2016-11-04,24.4500,24.6500,24.2000,24.4000,56011
2016-10-28,24.1500,24.8500,24.0000,24.5000,41494
2016-10-21,24.0500,24.3000,23.9000,24.1000,22585
2016-10-14,24.6000,24.9500,24.0300,24.0500,25170
2016-10-07,23.1400,24.9599,23.0850,24.4100,48587
2016-09-30,23.3100,23.8400,23.0350,23.4300,44449
2016-09-23,22.9900,24.0000,22.9900,23.4900,52457
2016-09-16,23.2500,23.8100,22.5100,23.0000,72013
2016-09-09,24.1400,24.5200,23.2500,23.2500,22172
2016-09-02,24.5700,24.5700,23.3300,24.4800,40280
2016-08-26,23.5000,25.1800,23.3200,24.4300,43419
2016-08-19,23.0900,23.6400,22.8100,23.3800,29239
2016-08-12,22.9000,23.1300,22.8901,22.9500,12323
2016-08-05,23.0500,23.2900,22.9100,23.0800,36660
2016-07-29,23.1100,23.5800,22.8840,23.0000,46429
2016-07-22,23.7400,23.7475,22.9500,23.3400,23253
2016-07-15,23.1400,23.7000,22.9400,23.7000,48448
2016-07-08,22.6600,23.6900,22.5600,23.3900,31955
2016-07-01,22.4800,22.9700,22.1000,22.7600,57027
2016-06-24,22.8000,23.0000,22.2800,22.5200,78755
2016-06-17,22.6800,23.0000,22.6200,22.6500,51027
2016-06-10,22.5200,23.3100,22.2900,22.8900,41983
2016-06-03,22.7000,23.2250,21.7600,22.6700,97927
2016-05-27,22.1100,23.2300,21.9201,22.9400,30609
2016-05-20,22.1600,22.4500,21.6600,21.9400,34127
2016-05-13,22.6000,23.1100,21.9400,22.1700,21991
2016-05-06,23.6600,23.7500,21.8500,22.7400,61500
2016-04-29,23.5600,23.9300,23.4500,23.7700,43910
2016-04-22,22.6600,23.9800,22.6400,23.4700,68829
2016-04-15,22.0500,22.8700,21.6700,22.3800,28869
2016-04-08,22.2600,22.6390,21.5100,22.0000,58680
2016-04-01,22.2600,22.5703,21.5700,22.3400,54634
2016-03-24,22.2300,22.4700,22.1500,22.2700,41094
2016-03-18,21.9300,22.5000,21.5600,22.3100,85278
2016-03-11,22.3900,22.8000,21.5400,22.1100,96842
2016-03-04,21.8700,22.8400,21.4950,22.3900,81821
2016-02-26,21.9900,22.3000,21.3800,22.0100,81632
2016-02-19,20.8700,22.0500,20.8700,21.9800,101627
2016-02-12,21.3800,22.0800,20.7225,20.8700,70599
2016-02-05,22.0700,22.8500,21.3800,21.3800,73335
2016-01-29,22.1000,22.5000,21.6200,22.1000,73409
2016-01-22,22.3800,22.5700,21.5900,22.1000,51623
2016-01-15,22.4000,23.2400,22.0100,22.1700,80606
2016-01-08,23.0600,23.2400,22.4000,22.4000,65657
2015-12-31,22.9000,23.6400,22.8700,23.3900,87900
2015-12-24,22.7400,23.0300,22.5700,22.9700,83600
2015-12-18,22.4000,22.9500,22.0200,22.6800,47500
2015-12-11,22.8400,22.8900,22.1600,22.4600,39200
2015-12-04,22.6300,22.8900,22.4400,22.8200,29200
2015-11-27,22.4300,22.6500,21.2000,22.6200,21200
2015-11-20,21.8900,22.6450,21.1000,22.6000,45400
2015-11-13,22.9500,23.1500,21.7200,21.8900,43600
2015-11-06,22.1200,22.9800,22.0300,22.9800,46800
2015-10-30,21.9000,22.2400,21.4700,21.9900,59700
2015-10-23,21.4100,21.9500,20.9700,21.9500,61300
2015-10-16,21.2100,21.6200,21.0000,21.5200,34100
2015-10-09,21.0500,21.5200,20.8880,21.1800,76000
2015-10-02,20.8800,21.3800,20.3400,21.0000,72900
2015-09-25,21.1900,21.6900,20.8700,20.8700,57500
2015-09-18,21.3600,21.6000,20.8500,21.2800,56800
2015-09-11,21.1900,21.3500,20.7200,21.3500,56700
2015-09-04,20.5200,21.0500,20.4200,21.0300,66600
2015-08-28,20.5600,21.1300,19.5900,20.6000,87600
2015-08-21,21.1600,21.4890,20.7300,20.8000,64200
2015-08-14,21.1800,21.3000,20.8500,21.2200,57300
2015-08-07,21.0000,21.2090,20.8500,20.9600,63500
2015-07-31,20.8000,21.1000,20.7000,20.9400,53800
2015-07-24,21.6900,21.8800,20.8700,20.9800,106100
2015-07-17,22.0800,22.0900,21.3300,21.6500,147800
2015-07-10,21.7700,22.2300,21.5200,21.9900,97500
2015-07-02,22.0300,22.3700,21.6400,21.8500,87200
2015-06-26,22.2300,22.5000,21.4000,21.8400,1018800
2015-06-19,23.4600,23.4795,21.9260,22.4000,191300
2015-06-12,23.1900,23.5000,22.8700,23.3000,107900
2015-06-05,22.7900,23.2500,22.3100,23.1000,134500
2015-05-29,22.7000,23.0500,22.3100,22.5700,107000
2015-05-22,22.2500,23.2400,22.0200,22.7000,173100
2015-05-15,20.9700,22.1900,20.8850,22.1900,50600
2015-05-08,20.5700,21.3300,20.5240,20.9700,33200
2015-05-01,20.6100,21.3500,20.5500,20.5800,38500
2015-04-24,20.4400,20.8900,20.0500,20.7300,51300
2015-04-17,19.9900,20.4100,19.4300,20.3499,45400
2015-04-10,19.9400,20.1500,19.6000,20.0600,32100
2015-04-02,19.2100,19.9000,19.1400,19.8200,50400
2015-03-27,19.2000,19.2300,19.0500,19.1800,46900
2015-03-20,19.1500,19.2300,19.0900,19.1500,51900
2015-03-13,19.0170,19.3755,18.9500,19.1500,22700
2015-03-06,18.9500,19.0200,18.9000,18.9850,23100
2015-02-27,18.9800,19.0400,18.6922,19.0000,44100
2015-02-20,18.8770,19.0500,18.6235,18.9800,53500
2015-02-13,18.7500,18.8800,17.6700,18.8800,16600
2015-02-06,18.7200,19.0900,18.5500,18.7900,20800
2015-01-30,18.5700,18.7500,18.4300,18.7200,29400
2015-01-23,18.4800,18.6900,18.3100,18.6000,11000
2015-01-16,18.5700,19.0000,18.3100,18.5800,32800
2015-01-09,18.2500,19.0000,18.1100,18.9000,38700
2015-01-02,18.9700,18.9700,18.1953,18.5150,21200
2014-12-26,18.6300,19.0900,18.0900,18.9300,22624
2014-12-19,18.7500,18.8100,18.4100,18.5500,14200
2014-12-12,18.7200,18.9100,18.4100,18.6500,27300
2014-12-05,18.9000,18.9700,18.4600,18.7500,47900
2014-11-28,18.9500,18.9800,18.4600,18.9000,39300
2014-11-21,19.1500,19.3500,18.7100,18.9300,45700
2014-11-14,18.8500,19.1900,18.7400,19.1900,36800
2014-11-07,19.1000,19.1600,18.5700,18.6700,59100
2014-10-31,18.3800,19.3500,18.2600,19.0900,74800
2014-10-24,18.3600,18.5700,18.1250,18.4825,42900
2014-10-17,18.3800,18.6800,18.0200,18.2300,73500
2014-10-10,18.6000,18.6700,18.2200,18.4500,38300
2014-10-03,18.2000,18.7100,18.2000,18.6900,38400
2014-09-26,18.3900,18.5500,18.1300,18.3400,108400
2014-09-19,18.2600,18.5700,18.0000,18.5400,45400
2014-09-12,18.4400,18.5300,17.9900,18.3800,66900
2014-09-05,18.5000,18.5900,18.2700,18.4400,47300
2014-08-29,18.0000,18.5890,18.0000,18.4900,29900
2014-08-22,17.4000,18.0499,17.3000,18.0100,32700
2014-08-15,17.2000,17.3500,17.0400,17.2900,27600
2014-08-08,17.1300,17.3000,16.8500,17.2000,54400
2014-08-01,17.2400,17.3000,17.0100,17.0600,63500
2014-07-25,16.9500,17.0400,16.4900,16.8900,47800
2014-07-18,16.9500,17.1200,16.7600,16.7600,59800
2014-07-11,17.1000,17.2000,16.9500,17.0000,217500
2014-07-03,17.1000,17.3400,17.0600,17.2000,22700
2014-06-27,17.4500,17.6790,17.0500,17.0500,54900
2014-06-20,17.6300,17.7500,17.0000,17.7000,68100
2014-06-13,17.8000,17.9900,17.6300,17.8300,49700
2014-06-06,17.7300,17.9500,17.5000,17.7300,71200
2014-05-30,17.8600,17.9500,17.6800,17.7400,20800
2014-05-23,18.0000,18.0000,17.6704,17.9500,29700
2014-05-16,17.8700,18.3400,17.7101,17.9200,64500
2014-05-09,17.2700,17.8100,17.2500,17.8000,74900
2014-05-02,17.2200,17.4800,17.2200,17.3100,33300
2014-04-25,17.0500,17.2399,17.0500,17.1100,19000
2014-04-17,17.1000,17.2200,17.0500,17.1600,18600
2014-04-11,17.0501,17.2000,17.0500,17.1900,20000
2014-04-04,17.1800,17.2200,17.0500,17.1500,57600
2014-03-28,17.5100,17.5100,17.0270,17.2000,46200
2014-03-21,18.2000,18.2000,17.0420,17.6000,65100
2014-03-14,17.1000,18.6500,17.0500,17.6900,86800
2014-03-07,16.9300,17.1800,16.5600,17.1800,43000
2014-02-28,16.9900,17.1800,16.6500,16.8600,55800
2014-02-21,15.9400,17.4100,15.9000,16.9700,75900
2014-02-14,15.4600,15.9200,15.2000,15.8200,8300
2014-02-07,15.4600,15.8600,15.3400,15.4500,17300
2014-01-31,15.2500,15.6100,14.9300,15.6000,56500
2014-01-24,15.3000,15.4800,15.1500,15.4800,28900
2014-01-17,15.6600,15.6600,15.1100,15.3900,19900
2014-01-10,15.2900,15.6100,15.0400,15.3100,60200
2014-01-03,15.1700,15.3600,14.9600,15.2700,18400
2013-12-27,14.9800,15.8000,14.7400,15.2400,17200
2013-12-20,14.4600,15.3900,14.3100,15.0600,40000
2013-12-13,14.4100,14.6250,14.2600,14.4200,72400
2013-12-06,14.4000,14.5000,14.2500,14.5000,59600
2013-11-29,14.3000,14.4400,14.2100,14.4000,84400
2013-11-22,14.3400,14.3400,14.2100,14.3000,69300
2013-11-15,14.2700,14.4000,14.2000,14.2700,8500
2013-11-08,14.3325,14.3500,14.1600,14.2600,13700
2013-11-01,14.1500,14.9000,14.0500,14.2900,48000
2013-10-25,14.0700,14.1510,14.0000,14.0500,28600
2013-10-18,14.0700,14.2200,13.8700,14.0500,34400
2013-10-11,14.0500,14.1500,13.8900,14.1100,70000
2013-10-04,14.1100,14.2300,14.0000,14.0100,30800
2013-09-27,14.0400,14.2300,13.9400,14.1800,86500
2013-09-20,14.2300,14.2500,13.9800,14.0400,26300
2013-09-13,14.0300,14.2400,14.0000,14.2400,38200
2013-09-06,14.1000,14.1000,13.8300,14.0400,38300
2013-08-30,14.1500,14.1700,13.8800,14.0000,90400
2013-08-23,14.1000,14.2400,14.0000,14.1100,37900
2013-08-16,14.0400,14.2400,14.0000,14.1200,71900
2013-08-09,14.0300,14.2500,14.0000,14.1000,61100
2013-08-02,13.7600,14.0000,13.6800,13.9900,97200
2013-07-26,13.7100,13.9700,13.6500,13.7600,57300
2013-07-19,13.3600,14.0000,13.3100,13.8100,155800
2013-07-12,13.7200,13.7750,13.2900,13.3500,73100
2013-07-05,13.1800,13.8200,13.1100,13.6600,145000
2013-06-28,12.8100,13.5500,12.6000,13.1500,1237000
2013-06-21,13.1100,13.2100,12.7500,12.8800,139400
2013-06-14,13.2700,13.6200,13.0100,13.0200,82500
2013-06-07,13.6400,13.7300,13.1500,13.2600,209000
2013-05-31,13.6100,13.7500,13.5350,13.6400,111600
2013-05-24,13.6300,13.7500,13.2700,13.5000,115400
2013-05-17,13.6000,13.7400,13.5000,13.6400,49000
2013-05-10,13.7500,13.7900,13.4800,13.6200,140800
2013-05-03,13.6600,13.8500,13.2700,13.7100,80700
2013-04-26,13.6100,13.8000,13.2700,13.5800,91000
2013-04-19,13.7500,13.7800,13.3100,13.5800,56600
2013-04-12,13.8500,13.8500,13.5900,13.6600,95200
2013-04-05,13.8000,13.8800,13.7400,13.7800,94700
2013-03-28,13.9200,13.9200,13.7500,13.8100,44800
2013-03-22,13.6800,13.9200,13.5200,13.9100,148900
2013-03-15,13.5200,13.8300,13.3001,13.7800,74600
2013-03-08,13.1800,13.6200,13.1500,13.5200,222300
2013-03-01,13.1000,13.2500,13.0000,13.1900,726500
2013-02-22,13.0400,13.1260,13.0000,13.1000,41400
2013-02-15,13.0000,13.2000,12.9500,13.0300,107100
2013-02-08,12.8700,13.0000,12.8101,12.9900,61900
2013-02-01,12.9900,12.9900,12.7500,12.9500,78600
2013-01-25,12.9599,12.9600,12.7700,12.9500,21700
2013-01-18,12.8900,13.0000,12.7400,12.9500,26800
2013-01-11,12.7000,13.0000,12.7000,12.9300,55400
2013-01-04,12.3500,12.9500,12.1800,12.7800,112100
2012-12-28,12.2600,12.4000,12.0400,12.1000,37600
2012-12-21,12.1100,12.4200,12.0100,12.3800,132100
2012-12-14,12.0500,12.2300,11.9500,12.0900,51800
2012-12-07,12.0800,12.2300,11.9400,12.1300,41300
2012-11-30,11.8700,12.2500,11.8500,11.9800,37500
2012-11-23,11.3700,11.9400,11.3548,11.8100,40700
2012-11-16,12.1500,12.2600,11.2001,11.3600,96700
2012-11-09,12.7700,12.8900,12.0101,12.1300,78400
2012-11-02,12.8500,12.9000,12.7100,12.7700,39400
2012-10-26,12.8600,12.9800,12.5300,12.8100,48800
2012-10-19,12.9400,13.0500,12.8500,12.8700,64800
2012-10-12,13.4400,13.4700,12.9000,12.9200,97400
2012-10-05,12.7700,13.4100,12.7700,13.3900,255800
2012-09-28,12.7400,13.0000,12.6000,12.9000,62800
2012-09-21,12.6900,12.8300,12.5000,12.8000,75100
2012-09-14,12.7800,12.8000,12.5900,12.7800,85800
2012-09-07,12.5700,12.8000,12.5300,12.7600,175700
2012-08-31,12.6500,12.7900,12.5300,12.6700,28700
2012-08-24,12.7500,12.8000,12.2000,12.7000,220300
2012-08-17,12.9100,12.9700,12.6300,12.8000,55600
2012-08-10,12.9829,12.9900,12.6300,12.9200,49700
2012-08-03,12.5100,13.0000,12.1500,12.9600,83600
2012-07-27,12.5000,12.7900,12.2400,12.6000,84900
2012-07-20,12.9900,12.9900,12.6000,12.6000,30600
2012-07-13,12.7000,12.9900,12.5200,12.9900,234800
2012-07-06,12.8200,12.9399,12.6200,12.6700,78700
2012-06-29,12.7700,12.9400,12.4400,12.7500,138900
2012-06-22,12.6600,13.0200,12.3900,12.8900,1167300
2012-06-15,12.5000,12.7500,12.1500,12.7400,77000
2012-06-08,12.0700,12.5000,11.9900,12.3900,110500
2012-06-01,12.4000,12.4000,11.9500,12.1300,96800
2012-05-25,12.6100,12.6900,12.1400,12.3400,56200
2012-05-18,12.8600,12.9800,12.4500,12.6800,72100
2012-05-11,12.2400,13.3700,12.0000,12.8100,174000
2012-05-04,12.2500,12.3100,11.8700,12.2400,169500
2012-04-27,11.6200,12.4600,11.6000,12.2300,140300
2012-04-20,11.2400,11.7500,11.2000,11.7000,271600
2012-04-13,11.0900,11.3400,11.0900,11.2700,30500
2012-04-05,11.2500,11.3200,11.2000,11.2100,48400
2012-03-30,11.1900,11.3300,10.9700,11.2100,47700
2012-03-23,11.0700,11.2500,10.9700,11.1000,201800
2012-03-16,10.9000,11.2300,10.8600,11.0000,121200
2012-03-09,11.1000,11.2000,10.8000,10.9700,121700
2012-03-02,11.3499,11.6000,10.9900,11.1300,342600
2012-02-24,11.7200,11.7500,11.0400,11.3900,34000
2012-02-17,11.2800,11.7000,11.0100,11.6500,66300
2012-02-10,11.0200,11.2700,11.0000,11.2500,132400
2012-02-03,10.8300,11.0000,10.8100,11.0000,91700
2012-01-27,10.6100,10.8300,10.6100,10.8100,48300
2012-01-20,10.5700,10.7300,10.5300,10.6500,85200
2012-01-13,10.5000,10.6500,10.4100,10.5100,52700
2012-01-06,10.6000,10.6500,10.4600,10.5300,26600
2011-12-30,10.5000,10.6200,10.5000,10.5400,46400
2011-12-23,10.2500,10.6000,10.2500,10.5008,185100
2011-12-16,10.2000,10.4400,10.2000,10.2500,164700
2011-12-09,10.2000,10.2700,10.1000,10.2699,156300
2011-12-02,10.2800,10.2800,10.1500,10.1999,106800
2011-11-25,10.1000,10.2200,10.0800,10.1400,125200
2011-11-18,10.2800,10.3000,10.1400,10.1900,129000
2011-11-11,10.2700,10.3800,10.1700,10.2600,152900
2011-11-04,10.3800,10.4100,10.2600,10.3200,118300
2011-10-28,10.3500,10.4800,10.3000,10.4500,304400
2011-10-21,10.3000,10.4000,10.1700,10.4000,421500
2011-10-14,10.1000,10.3800,9.7600,10.3200,986400
