timestamp,open,high,low,close,volume
2018-02-27,2.0600,2.1700,2.0099,2.0198,79433
2018-02-23,2.1600,2.4200,2.0000,2.1600,426582
2018-02-16,2.0100,2.1400,1.9350,2.1300,97153
2018-02-09,2.2500,2.3400,1.9100,1.9500,142525
2018-02-02,2.3000,2.3000,2.1200,2.1500,111637
2018-01-26,2.2500,2.3000,2.1600,2.2400,69875
2018-01-19,2.2300,2.3500,2.1500,2.2700,351839
2018-01-12,2.2409,2.5400,2.0900,2.2999,631146
2018-01-05,2.2000,2.3500,2.1700,2.2700,141927
2017-12-29,2.2700,2.2814,2.1040,2.1899,230963
2017-12-22,2.2400,2.6700,2.1700,2.2200,991874
2017-12-15,2.1955,2.4200,2.1800,2.2300,352630
2017-12-08,2.2500,2.4100,2.1500,2.2350,216039
2017-12-01,2.1700,2.9700,2.1414,2.2600,2380044
2017-11-24,2.0500,2.7301,2.0100,2.1300,1804052
2017-11-17,1.9000,2.5500,1.7800,2.0000,1302779
2017-11-10,1.9000,2.2200,1.7700,1.9100,359478
2017-11-03,1.8600,1.9500,1.8200,1.9000,174770
2017-10-27,1.9400,1.9400,1.7100,1.8400,94595
2017-10-20,1.9200,1.9900,1.7200,1.9000,224182
2017-10-13,1.8500,1.9400,1.7800,1.9400,46384
2017-10-06,1.7800,1.9100,1.7400,1.8500,73053
2017-09-29,1.6500,1.8800,1.6400,1.8300,182017
2017-09-22,1.7400,1.7400,1.6300,1.7000,61888
2017-09-15,1.6500,1.7200,1.6500,1.7100,26916
2017-09-08,1.7200,1.7300,1.6400,1.6700,25676
2017-09-01,1.6800,1.7500,1.5500,1.7200,89562
2017-08-25,1.8500,1.9700,1.5300,1.7000,192389
2017-08-18,1.9000,1.9900,1.8000,1.8300,115371
2017-08-11,1.9800,2.0300,1.8100,1.8600,57375
2017-08-04,1.9700,2.0500,1.8600,1.8700,20451
2017-07-28,1.9200,2.0600,1.8800,2.0000,8809
2017-07-21,2.0000,2.0800,1.9100,1.9900,31299
2017-07-14,1.7700,2.1000,1.7700,2.0600,64704
2017-07-07,1.7700,1.8900,1.7600,1.8700,14571
2017-06-30,1.8000,1.9100,1.6900,1.7800,107285
2017-06-23,1.8500,1.9000,1.7200,1.8400,108217
2017-06-16,1.9500,1.9500,1.7200,1.8200,118264
2017-06-09,2.0300,2.0600,1.8300,1.9000,56477
2017-06-02,2.0000,2.0300,1.8600,2.0100,83504
2017-05-26,2.1300,2.2500,2.0100,2.0200,83581
2017-05-19,2.1300,2.1400,2.0400,2.0800,35099
2017-05-12,2.0500,2.2900,2.0300,2.0900,227621
2017-05-05,2.0700,2.1900,2.0200,2.0500,37595
2017-04-28,2.0200,2.2000,1.9500,2.0700,83839
2017-04-21,2.0400,2.1700,1.9900,2.0200,41206
2017-04-13,2.0000,2.1800,1.9800,2.0500,114499
2017-04-07,2.1700,2.2200,1.9700,1.9800,116328
2017-03-31,2.1400,2.2200,2.0500,2.1500,103639
2017-03-24,2.4000,2.7300,2.0000,2.1200,141103
2017-03-17,2.1900,2.4800,2.1800,2.3800,105916
2017-03-10,2.2200,2.3300,2.1600,2.2300,50363
2017-03-03,2.3300,2.3800,2.2000,2.2600,63984
2017-02-24,2.3000,2.4800,2.3000,2.3200,41119
2017-02-17,2.4600,2.4900,2.3500,2.3800,104353
2017-02-10,2.2700,2.5200,2.2700,2.4000,201800
2017-02-03,2.3600,2.3799,2.2500,2.2600,48806
2017-01-27,2.2222,2.3944,2.2000,2.3300,158288
2017-01-20,2.2000,2.2500,2.1400,2.1700,53309
2017-01-13,2.1300,2.2800,2.1100,2.1800,260412
2017-01-06,2.2400,2.2899,2.1000,2.1100,96305
2016-12-30,2.2000,2.3300,2.1200,2.1200,185072
2016-12-23,2.3500,2.3500,2.1100,2.2300,257196
2016-12-16,1.9500,2.9400,1.9300,2.0700,2421785
2016-12-09,1.9600,2.0400,1.9290,1.9600,84778
2016-12-02,1.9700,2.1400,1.8219,1.9599,576849
2016-11-25,2.5700,2.5700,2.1718,2.3300,89320
2016-11-18,2.1600,2.6200,2.0400,2.4000,530011
2016-11-11,2.0900,2.2090,2.0000,2.1200,130339
2016-11-04,2.0700,2.2167,2.0700,2.0800,173191
2016-10-28,2.0600,2.2600,2.0200,2.0500,174871
2016-10-21,2.1100,2.1500,2.0500,2.0700,149895
2016-10-14,2.0900,2.4400,2.0000,2.1200,866138
2016-10-07,2.2600,2.2900,2.0200,2.0600,111348
2016-09-30,2.3900,2.4400,2.1600,2.2500,376135
2016-09-23,2.3400,2.5900,2.1400,2.3900,526587
2016-09-16,2.3100,2.4800,2.2200,2.2900,306299
2016-09-09,2.4800,2.6700,2.3100,2.3500,305528
2016-09-02,3.2000,3.3400,2.5700,2.6100,1006101
2016-08-26,3.7900,3.8300,3.2500,3.4900,593956
2016-08-19,3.2700,4.0200,3.2000,3.7000,1739393
2016-08-12,3.2500,3.6999,3.0800,3.2700,578395
2016-08-05,3.0864,3.2600,2.9500,3.1700,247041
2016-07-29,3.1400,3.2300,3.0100,3.0900,128328
2016-07-22,2.9800,3.3000,2.9300,3.1100,185181
2016-07-15,3.1100,3.3400,2.9000,3.0000,272027
2016-07-08,3.2700,3.5800,2.9500,3.1200,559560
2016-07-01,3.0100,3.4000,2.8000,3.1200,872210
2016-06-24,2.7700,3.2294,2.7700,3.0300,724687
2016-06-17,2.9000,3.1000,2.6200,2.8000,821196
2016-06-10,3.6500,3.6500,2.9000,2.9500,1311440
2016-06-03,2.3300,4.8500,2.3300,3.6200,26859871
2016-05-27,2.0600,2.2700,2.0300,2.1700,58687
2016-05-20,2.0700,2.1300,1.9900,2.0200,42603
2016-05-13,2.1400,2.1423,1.9800,2.0300,28458
2016-05-06,2.1500,2.1510,2.0500,2.1001,28285
2016-04-29,2.1300,2.1900,2.0600,2.1600,36241
2016-04-22,2.1400,2.1800,1.9770,2.1500,113791
2016-04-15,2.0300,2.2200,1.9292,2.0300,149108
2016-04-08,2.1800,2.2200,2.0200,2.0300,75931
2016-04-01,1.9300,2.1500,1.8300,2.1300,214707
2016-03-24,1.7110,2.4000,1.6800,1.9300,384362
2016-03-18,1.7400,1.8200,1.6799,1.7799,13250
2016-03-11,1.6700,1.7900,1.6600,1.7900,15640
2016-03-04,1.7400,1.8600,1.6900,1.7300,5724
2016-02-26,1.7501,1.7720,1.6300,1.7300,26002
2016-02-19,1.7000,1.8399,1.6300,1.7501,26307
2016-02-12,1.7200,1.8500,1.6000,1.6500,30553
2016-02-05,1.8500,1.8500,1.6800,1.7200,33502
2016-01-29,1.8099,1.8399,1.7200,1.8290,11808
2016-01-22,1.8016,1.9100,1.6500,1.7000,46538
2016-01-15,1.8300,1.9800,1.7000,1.7600,67385
2016-01-08,2.0000,2.0500,1.8200,1.9300,22938
2015-12-31,1.9300,2.1700,1.9000,1.9500,150188
2015-12-24,1.8200,2.1699,1.7900,1.9400,139122
2015-12-18,2.0301,2.1900,1.8000,1.8100,104714
2015-12-11,2.1200,2.1595,2.0200,2.1100,31320
2015-12-04,2.2700,2.9600,2.1000,2.1200,138156
2015-11-27,2.1500,2.2800,2.1100,2.2800,14603
2015-11-20,2.0805,2.2700,1.9300,2.0600,32459
2015-11-13,2.1645,2.3100,2.0435,2.1700,70085
2015-11-06,2.0700,2.2000,2.0500,2.1800,25679
2015-10-30,2.0800,2.1900,2.0200,2.0600,18638
2015-10-23,2.3100,2.3100,2.0518,2.0801,31566
2015-10-16,2.2300,2.3000,2.1208,2.3000,24432
2015-10-09,2.3400,2.3900,2.1400,2.2000,19846
2015-10-02,2.4100,2.4193,2.2500,2.2600,28560
2015-09-25,2.2599,2.5700,2.2599,2.4200,7618
2015-09-18,2.2800,2.3100,2.2000,2.2400,4245
2015-09-11,2.2000,2.4500,2.1800,2.2800,65642
2015-09-04,2.1700,2.2599,2.0700,2.1400,14039
2015-08-28,2.3500,2.6800,2.1000,2.1700,39036
2015-08-21,2.2900,2.4899,2.1500,2.3700,21011
2015-08-14,2.1900,2.2790,2.1000,2.2300,21881
2015-08-07,2.1510,2.3100,2.1000,2.1900,29154
2015-07-31,2.1900,2.3599,2.1400,2.2413,26320
2015-07-24,2.3600,2.3600,2.0800,2.0800,30796
2015-07-17,2.5100,2.7000,2.1000,2.3500,117191
2015-07-10,2.1700,2.3599,2.1200,2.3099,13459
2015-07-02,2.4300,2.5899,2.2000,2.4099,19166
2015-06-26,2.7000,2.7000,2.5200,2.5600,10476
2015-06-19,2.5690,2.7500,2.4400,2.7000,12298
2015-06-12,2.5900,2.7899,2.5200,2.5690,15441
2015-06-05,2.7054,2.9999,2.5500,2.6500,38354
2015-05-29,3.1000,3.5700,2.7080,2.7500,87261
2015-05-22,2.6850,3.3000,2.6000,3.0892,91223
2015-05-15,2.6499,2.8199,2.5000,2.6500,45471
2015-05-08,3.0500,3.2700,2.4500,2.5200,216723
2015-05-01,2.3199,4.0000,2.1400,3.0500,917659
2015-04-24,2.4899,2.4899,2.1400,2.2200,36600
2015-04-17,2.2600,2.5000,2.1800,2.3300,49317
2015-04-10,2.0899,2.3700,2.0500,2.2708,20662
2015-04-02,2.1999,2.3601,1.8100,1.9999,85200
2015-03-27,2.5999,2.5999,2.1000,2.1590,45613
2015-03-20,2.9000,2.9599,2.4000,2.4100,64212
2015-03-13,3.0099,3.0099,2.8000,2.8800,9942
2015-03-06,3.0500,3.1199,2.7900,3.0699,17531
2015-02-27,3.0600,3.1900,2.9100,2.9800,11563
2015-02-20,3.2200,3.2200,2.9999,3.1000,29864
2015-02-13,3.2100,3.2300,3.1000,3.1200,2961
2015-02-06,3.1700,3.3000,3.0100,3.1500,23738
2015-01-30,3.0800,3.3699,3.0000,3.1000,33081
2015-01-23,3.4200,3.4200,3.1000,3.1000,48324
2015-01-16,3.4400,3.4400,3.1100,3.3800,54031
2015-01-09,3.2700,3.4700,3.1200,3.2500,17552
2015-01-02,3.4700,3.4900,3.0200,3.2800,81178
2014-12-26,3.3900,3.5099,3.2000,3.3800,13952
2014-12-19,3.6800,3.8300,3.3000,3.4500,14697
2014-12-12,3.7599,4.1500,3.6200,3.6500,66984
2014-12-05,4.0000,4.1799,3.6272,3.7599,18887
2014-11-28,3.8000,3.9999,3.6100,3.9800,20485
2014-11-21,4.2300,4.3000,3.4101,3.8100,69470
2014-11-14,3.8400,4.2999,3.8400,4.2014,13342
2014-11-07,3.7900,4.3000,3.7628,4.0600,29747
2014-10-31,3.4500,4.2000,3.4100,3.9000,36840
2014-10-24,3.4700,4.4000,3.4300,3.5000,68553
2014-10-17,4.0600,4.3999,3.1400,3.4600,41262
2014-10-10,4.1999,4.3900,4.0000,4.1900,18283
2014-10-03,4.4099,4.4099,3.9551,4.1100,28502
2014-09-26,4.2399,4.3600,3.9020,4.0700,57655
2014-09-19,4.2800,4.7390,3.9000,4.1400,219829
2014-09-12,3.7000,4.3000,3.5300,4.2000,227449
2014-09-05,3.3499,4.1300,3.2000,3.6900,214619
2014-08-29,3.3300,3.5799,3.1000,3.2501,32798
2014-08-22,3.6200,3.7800,3.2100,3.3400,72732
2014-08-15,3.6000,3.8000,3.3600,3.7400,106566
2014-08-08,3.6990,3.7800,3.3800,3.6400,189657
2014-08-01,3.6881,3.7900,3.2800,3.6495,131538
2014-07-25,3.6700,3.9200,3.4600,3.6900,109236
2014-07-18,3.8000,3.9900,3.6000,3.6700,146617
2014-07-11,3.9700,4.2800,3.5500,3.8300,349918
2014-07-03,3.9699,4.0600,3.7500,3.9700,55563
2014-06-27,3.9700,4.1700,3.7200,3.8100,149313
2014-06-20,3.7700,4.7001,3.7000,4.0300,242114
2014-06-13,4.2000,4.2000,3.7800,3.8000,100807
2014-06-06,4.2200,4.5599,3.8800,4.2200,89502
2014-05-30,4.3199,4.9500,4.1200,4.1800,107205
2014-05-23,3.9899,4.5000,3.8601,4.3200,69483
2014-05-16,3.8100,4.0001,3.8000,3.9400,36188
2014-05-09,4.0200,4.0595,3.6500,3.8100,36268
2014-05-02,4.1800,4.2097,3.7100,4.0700,45254
2014-04-25,4.4000,4.5000,4.1200,4.1800,59416
2014-04-17,5.0000,5.6199,4.1100,4.3200,285950
2014-04-11,6.6185,6.9799,5.9400,6.1000,109064
2014-04-04,6.6400,6.7300,6.1400,6.5700,45192
2014-03-28,6.5500,6.7999,6.3900,6.5400,58452
2014-03-21,6.3183,7.2300,6.3183,6.4588,177145
2014-03-14,6.8099,6.8099,6.1500,6.2700,68551
2014-03-07,6.5500,6.8000,6.4000,6.6100,110484
2014-02-28,6.6300,6.8899,6.5600,6.5600,44618
2014-02-21,6.7700,6.9600,6.5300,6.6600,38429
2014-02-14,6.7700,7.2800,6.6000,6.8000,102650
2014-02-07,7.0700,7.2099,6.6200,6.6900,142487
2014-01-31,6.8100,7.8000,6.8000,7.0200,302310
2014-01-24,7.1700,8.4900,6.8501,6.8600,400716
2014-01-17,7.0900,7.5790,6.7800,7.2400,167771
2014-01-10,7.2500,7.7300,6.7500,7.0900,253106
2014-01-03,6.7800,8.0000,6.5500,7.3051,386690
2013-12-27,7.0700,7.3500,6.6500,6.6700,195928
2013-12-20,7.7500,8.0000,7.0200,7.0600,485551
2013-12-13,8.4200,8.9700,7.6500,7.8446,1194309
2013-12-06,4.4100,9.6500,4.4100,8.4000,10177569
2013-11-29,4.2700,5.0300,4.2700,4.4100,321203
2013-11-22,3.7600,4.3000,3.5900,4.3000,37108
2013-11-15,4.1000,4.2000,3.8200,3.8500,20716
2013-11-08,4.7300,4.7300,4.1000,4.1000,29574
2013-11-01,4.1600,4.7500,4.0600,4.6900,47368
2013-10-25,4.4000,4.4000,3.8300,4.2586,25380
2013-10-18,4.1500,4.9500,3.7310,3.9900,130795
2013-10-11,3.6987,4.4900,3.6987,4.0200,72149
2013-10-04,3.5400,3.6990,3.5000,3.6500,13387
2013-09-27,3.9000,3.9200,3.4800,3.7100,28193
2013-09-20,4.1600,4.2000,3.8600,3.9100,56030
2013-09-13,4.0300,4.2800,3.8300,4.0600,34705
2013-09-06,4.1900,4.1900,3.7801,3.9400,33286
2013-08-30,4.1000,4.3899,3.8800,4.0700,133514
2013-08-23,3.4700,5.1000,3.4001,4.0210,673144
2013-08-16,3.8900,3.9199,3.4700,3.5100,193050
2013-08-09,2.7200,3.9700,2.7200,2.9800,1797975
2013-08-02,2.7400,2.7800,2.6400,2.7700,32101
2013-07-26,2.7300,2.8000,2.7300,2.7700,5526
2013-07-19,2.8540,2.8891,2.7000,2.7400,13654
2013-07-12,2.6900,2.9100,2.6800,2.8101,10447
2013-07-05,2.7600,2.9900,2.7401,2.7900,23001
2013-06-28,2.9293,2.9300,2.7600,2.7600,16099
2013-06-21,2.6600,2.9900,2.6500,2.8800,19320
2013-06-14,2.8900,2.8900,2.6000,2.7400,17707
2013-06-07,2.6200,2.9400,2.5600,2.8401,44751
2013-05-31,3.1800,3.1800,2.7100,2.7100,62784
2013-05-24,3.7300,4.1900,3.1100,3.2300,373166
2013-05-17,3.3299,3.7899,3.1510,3.6100,85803
2013-05-10,3.3000,3.3800,3.1210,3.2090,35950
2013-05-03,3.3961,3.4494,3.2500,3.2740,29668
2013-04-26,3.2899,3.5800,3.1400,3.3000,274279
2013-04-19,3.1800,3.3800,3.0500,3.3000,94178
2013-04-12,3.5600,3.7892,3.1110,3.1700,284781
2013-04-05,3.2000,5.4500,3.1200,3.4997,1910377
2013-03-28,3.2300,3.4800,3.0656,3.2000,39521
2013-03-22,3.4999,3.7400,3.0700,3.2300,69291
2013-03-15,2.8600,5.6900,2.8200,3.4400,691662
2013-03-08,3.0700,3.0700,2.5500,2.6600,22460
2013-03-01,3.3100,3.4600,2.8500,3.1200,41109
2013-02-22,3.3900,3.6199,3.2450,3.2500,29796
2013-02-15,4.7500,4.8400,3.4100,3.4500,139427
2013-02-08,4.1000,4.8786,4.1000,4.7197,45616
2013-02-01,4.2299,4.3599,4.1000,4.2500,24417
2013-01-25,4.9000,4.9000,4.1700,4.1700,77608
2013-01-18,4.5000,6.4800,4.3744,4.8700,429808
2013-01-11,4.1300,4.6500,4.0300,4.4700,91320
2013-01-04,4.4000,4.8500,4.1000,4.2100,93000
2012-12-28,5.8700,6.5600,4.1001,4.3212,340193
2012-12-21,4.6000,8.2000,3.4500,5.7000,2056581
2012-12-14,0.6400,4.1800,0.6400,3.9900,48529
2012-12-07,0.7400,0.7400,0.5602,0.6400,2000
2012-11-30,0.5500,0.7499,0.5100,0.6000,5758
2012-11-23,0.5101,0.5500,0.3711,0.5500,6647
2012-11-16,0.6000,0.6000,0.5101,0.5101,3140
2012-11-09,0.6000,0.6000,0.6000,0.6000,553
2012-11-02,0.6000,0.6000,0.6000,0.6000,0
2012-10-26,0.5000,0.6999,0.4998,0.6000,19134
2012-10-19,0.5500,0.5700,0.5197,0.5301,4494
2012-10-12,0.5399,0.5599,0.4101,0.5599,2900
2012-10-05,0.5399,0.5399,0.5399,0.5399,0
2012-09-28,0.5399,0.5399,0.5399,0.5399,0
2012-09-21,0.4700,0.5399,0.4101,0.5399,4064
2012-09-14,0.4320,0.5300,0.4301,0.5000,1300
2012-09-07,0.5000,0.5000,0.4900,0.4900,4794
2012-08-31,0.5000,0.5000,0.5000,0.5000,0
2012-08-24,0.5000,0.5000,0.5000,0.5000,0
2012-08-17,0.5000,0.5000,0.5000,0.5000,5284
2012-08-10,0.5901,0.5901,0.5000,0.5000,50472
2012-08-03,0.6200,0.6280,0.5551,0.5901,6184
2012-07-27,0.7061,0.7490,0.5506,0.6200,62884
2012-07-20,0.7603,0.7999,0.6721,0.7500,16629
2012-07-13,0.9000,0.9000,0.7603,0.7603,1496
2012-07-06,0.8000,0.9998,0.6421,0.9000,6550
2012-06-29,0.8650,0.8650,0.6910,0.8000,1671
2012-06-22,0.8650,0.8650,0.8650,0.8650,0
2012-06-15,0.6900,0.8800,0.6700,0.8650,7897
2012-06-08,0.6401,0.7699,0.6000,0.6800,1025
2012-06-01,0.7101,0.7783,0.6091,0.6401,2199
2012-05-25,0.7100,0.8299,0.7100,0.7601,3679
2012-05-18,0.7600,0.7600,0.7101,0.7101,935
2012-05-11,0.8600,0.8600,0.7200,0.7600,4160
2012-05-04,0.8001,0.9400,0.7511,0.8700,3637
2012-04-27,0.8001,0.8001,0.8001,0.8001,0
2012-04-20,0.9013,0.9201,0.8001,0.8001,3500
2012-04-13,1.0101,1.0101,0.9013,0.9013,1150
2012-04-05,1.0000,1.0500,1.0000,1.0399,3348
2012-03-30,1.0800,1.1500,0.9801,1.0000,42401
2012-03-23,1.1200,1.1700,0.9801,1.0500,18242
2012-03-16,0.8895,1.2100,0.8895,1.1899,41975
2012-03-09,0.9500,0.9588,0.8500,0.8505,32898
2012-03-02,0.7601,0.9600,0.7448,0.8900,11065
2012-02-24,0.8700,0.9300,0.7400,0.7400,23224
2012-02-17,0.7600,0.8000,0.7380,0.8000,7475
2012-02-10,0.7502,0.8000,0.7111,0.7600,2020
2012-02-03,0.8600,0.8700,0.7101,0.8700,2909
2012-01-27,0.7501,0.8300,0.7101,0.8300,4695
2012-01-20,0.7201,0.8579,0.7201,0.7501,21700
2012-01-13,0.7401,0.8200,0.7101,0.7600,18709
2012-01-06,0.9899,0.9899,0.7801,0.8000,6385
2011-12-30,0.6600,1.0500,0.6001,0.9998,89181
2011-12-23,0.6500,0.7193,0.6500,0.6999,8654
2011-12-16,0.7599,0.7600,0.6020,0.7198,12798
2011-12-09,0.7797,0.7998,0.6600,0.7599,7810
2011-12-02,1.0800,1.1200,0.5800,0.7799,58958
2011-11-25,1.1199,1.1200,1.1199,1.1200,650
2011-11-18,1.1199,1.1199,1.0800,1.0800,335
2011-11-11,1.1200,1.1500,1.1000,1.1199,2367
2011-11-04,1.2700,1.2700,1.1100,1.1200,1900
2011-10-28,1.1600,1.1800,1.0800,1.1800,10490
2011-10-21,1.2700,1.2700,1.2599,1.2699,2000
2011-10-14,1.2700,1.2700,1.2700,1.2700,0
2011-10-07,1.1100,1.2700,1.1000,1.2700,4795
2011-09-30,1.2800,1.3800,1.1100,1.1100,6000
2011-09-23,1.2500,1.3900,1.2000,1.3900,8847
2011-09-16,1.3300,1.4000,1.2400,1.3000,16778
2011-09-09,1.3600,1.5000,1.2600,1.4500,7919
2011-09-02,1.7700,1.9200,1.3600,1.3600,141256
2011-08-26,1.7900,1.9599,1.7200,1.9100,9629
2011-08-19,2.1300,2.1300,1.7100,1.9599,26277
2011-08-12,2.0600,2.2900,1.7700,2.0700,25337
2011-08-05,2.5100,2.5300,2.0600,2.0700,6993
2011-07-29,2.7900,2.7900,2.3700,2.4900,23198
2011-07-22,2.3020,2.9000,2.3020,2.7300,23925
2011-07-15,2.3000,2.5000,2.2500,2.3900,20578
2011-07-08,2.3400,2.6800,2.2200,2.2700,27445
2011-07-01,1.9000,2.6900,1.9000,2.3448,130779
2011-06-24,1.9100,2.0700,1.8900,2.0000,23864
2011-06-17,1.9900,2.3900,1.9100,1.9200,75613
2011-06-10,2.3501,2.4600,1.8100,1.9900,41658
2011-06-03,2.9400,2.9900,2.3100,2.3900,40684
2011-05-27,2.9600,3.0000,2.7260,2.9500,41235
2011-05-20,2.8600,3.0500,2.7944,2.9500,23278
2011-05-13,3.1400,3.1800,2.8200,3.0000,27533
2011-05-06,3.3100,3.3100,2.6100,3.1500,89756
2011-04-29,3.2000,3.5610,3.1601,3.2600,99520
2011-04-21,3.1999,3.2900,3.0800,3.2000,21168
2011-04-15,3.1000,3.2500,2.6110,3.2399,99371
2011-04-08,2.8500,3.6700,2.7200,3.0999,243355
2011-04-01,2.3600,2.9300,2.1200,2.8501,195134
2011-03-25,1.7700,2.5400,1.7500,2.2600,248376
2011-03-18,1.7500,1.8200,1.6200,1.7500,15880
2011-03-11,1.7100,1.8199,1.7100,1.7400,17215
2011-03-04,1.6600,1.7599,1.5600,1.7200,34127
2011-02-25,1.6500,1.8200,1.6500,1.7500,18867
2011-02-18,1.7400,1.9900,1.6600,1.6600,98761
2011-02-11,1.5100,1.7400,1.3841,1.7400,57326
2011-02-04,1.5000,1.6200,1.3600,1.5299,67752
2011-01-28,1.4700,1.5600,1.4000,1.4707,34150
2011-01-21,1.7400,1.7400,1.4300,1.5000,27629
2011-01-14,1.6300,1.7050,1.5700,1.6700,15978
2011-01-07,1.6400,1.7900,1.5600,1.6999,12071
2010-12-31,1.4100,1.7700,1.3500,1.6500,35319
2010-12-23,1.4800,1.4800,1.2700,1.4700,46944
2010-12-17,1.5700,1.6200,1.4000,1.4399,32991
2010-12-10,1.6700,1.8300,1.5700,1.7400,7962
2010-12-03,1.4100,1.6700,1.4100,1.6700,50171
2010-11-26,1.5600,1.6400,1.5200,1.5588,21257
2010-11-19,1.8500,1.9399,1.4600,1.5600,67074
2010-11-12,1.8400,2.2600,1.8300,1.8400,206115
2010-11-05,2.2800,2.2900,1.7100,1.8300,128057
2010-10-29,1.8300,2.2900,1.7200,2.0200,179372
2010-10-22,2.3000,2.3000,1.6900,1.8500,395475
2010-10-15,3.1400,3.1500,2.2100,2.3300,296877
2010-10-08,3.0700,3.1000,2.8100,3.1000,143007
2010-10-01,3.0300,3.0899,2.4400,3.0699,264136
2010-09-24,2.3000,3.3800,2.2900,3.0800,334456
2010-09-17,2.1000,2.4000,2.0900,2.3000,127101
2010-09-10,1.8900,2.1100,1.8100,2.0820,89583
2010-09-03,1.4700,1.9300,1.4100,1.8900,129861
2010-08-27,1.4200,1.4700,1.2400,1.4700,43198
2010-08-20,1.2300,1.4800,1.2300,1.3800,68728
2010-08-13,1.0700,1.6900,1.0200,1.3000,252955
2010-08-06,0.8700,1.1300,0.8700,1.0700,14994
2010-07-30,1.0700,1.0800,0.9600,1.0199,27800
2010-07-23,0.9199,1.0700,0.9000,1.0700,76851
2010-07-16,0.8300,0.8896,0.8300,0.8700,25337
2010-07-09,0.9000,0.9300,0.5160,0.8300,56750
2010-07-02,0.9800,0.9800,0.8100,0.9299,17209
2010-06-25,0.9225,0.9800,0.9100,0.9800,1773
2010-06-18,1.0700,1.2100,0.9000,0.9400,150906
2010-06-11,1.1900,1.1900,1.1100,1.1300,11420
2010-06-04,1.2100,1.2300,1.1600,1.2300,400
2010-05-28,1.2000,1.2400,1.1295,1.2300,26767
2010-05-21,1.2600,1.2600,1.1800,1.2299,8262
2010-05-14,1.2500,1.2700,1.1800,1.2600,25487
2010-05-07,1.3300,1.3400,1.2300,1.2600,38450
2010-04-30,1.3400,1.4100,1.2600,1.3300,41165
2010-04-23,1.3200,1.4100,1.2900,1.4000,19943
2010-04-16,1.3500,1.4600,1.3000,1.3400,19031
2010-04-09,1.3750,1.6700,1.3310,1.4100,32892
2010-04-01,1.3300,1.3800,1.3000,1.3800,3100
2010-03-26,1.3900,1.3900,1.2600,1.3300,36162
2010-03-19,1.4900,1.4900,1.3450,1.4000,14605
2010-03-12,1.3300,1.4300,1.3000,1.4300,5091
2010-03-05,1.4400,1.4500,1.2700,1.3600,29952
2010-02-26,1.2301,1.4300,1.2100,1.4100,56625
2010-02-19,1.4000,1.4000,1.1300,1.2300,56517
2010-02-12,1.2000,1.7500,1.2000,1.3799,149399
2010-02-05,1.2500,1.3100,1.2000,1.2900,74773
2010-01-29,1.2500,1.4000,1.2000,1.2500,57042
2010-01-22,1.2700,1.2700,1.0900,1.2500,76245
2010-01-15,0.2700,1.6900,0.2621,1.2800,322896
2010-01-08,0.2900,0.2999,0.2501,0.2700,173763
2009-12-31,0.2800,0.2997,0.2700,0.2821,62433
2009-12-24,0.3600,0.3600,0.2800,0.2890,229720
2009-12-18,0.2101,0.3899,0.2101,0.3595,1232493
2009-12-11,0.2900,0.2900,0.2300,0.2500,31426
2009-12-04,0.3004,0.3200,0.2801,0.3000,37427
2009-11-27,0.3100,0.3497,0.2999,0.3200,49149
2009-11-20,0.3890,0.3890,0.2995,0.3300,218884
2009-11-13,0.3617,0.3899,0.3601,0.3700,23078
2009-11-06,0.3701,0.3900,0.3601,0.3900,62450
2009-10-30,0.3713,0.4099,0.3601,0.3898,49453
2009-10-23,0.3901,0.5199,0.3520,0.3705,405401
2009-10-16,0.4000,0.4399,0.3500,0.4100,116376
2009-10-09,0.4300,0.4879,0.3800,0.4400,410554
2009-10-02,0.4300,0.4400,0.3802,0.4000,104079
2009-09-25,0.4000,0.4790,0.3801,0.4199,126436
2009-09-18,0.3800,0.4000,0.3800,0.4000,27076
2009-09-11,0.3600,0.3999,0.3600,0.3999,22700
2009-09-04,0.4270,0.4299,0.3703,0.3998,89819
2009-08-28,0.3500,0.6001,0.3500,0.4270,634955
2009-08-21,0.3700,0.4099,0.3599,0.4000,102503
2009-08-14,0.3800,0.3899,0.3500,0.3899,44644
2009-08-07,0.3500,0.3700,0.3350,0.3700,50888
2009-07-31,0.3800,0.4100,0.3299,0.3797,304722
2009-07-24,0.3799,0.3800,0.3322,0.3799,55194
2009-07-17,0.3700,0.4400,0.3310,0.4199,88805
2009-07-10,0.4600,0.4900,0.3300,0.3700,193323
2009-07-02,0.4100,0.4800,0.3701,0.4400,262385
2009-06-26,0.4500,0.4500,0.3700,0.4100,38451
2009-06-19,0.4097,0.4200,0.3999,0.4200,3700
2009-06-12,0.4100,0.4400,0.3500,0.4097,51999
2009-06-05,0.4400,0.4600,0.4020,0.4183,77228
2009-05-29,0.4020,0.4500,0.4020,0.4400,55173
2009-05-22,0.4000,0.4800,0.4000,0.4002,109274
2009-05-15,0.5100,0.5201,0.4000,0.4200,224855
2009-05-08,0.5500,0.6700,0.4100,0.5298,1331432
2009-05-01,0.4788,0.6600,0.4600,0.5800,225600
2009-04-24,0.5388,0.5499,0.4201,0.5000,18717
2009-04-17,0.3800,0.5400,0.3800,0.5388,10026
2009-04-09,0.3312,0.5500,0.3312,0.5400,3291
2009-04-03,0.4000,0.5500,0.3512,0.5500,36414
2009-03-27,0.5300,0.5300,0.4400,0.4400,300
2009-03-20,0.4300,0.5900,0.2500,0.5300,20066
2009-03-13,0.4412,0.4900,0.4000,0.4000,2707
2009-03-06,0.6400,0.6400,0.4100,0.4100,9350
2009-02-27,0.5512,0.6600,0.5512,0.6400,3500
2009-02-20,0.5600,0.6400,0.5500,0.6200,40901
2009-02-13,0.5200,0.6012,0.4600,0.5200,182463
2009-02-06,0.4400,0.5500,0.4400,0.5100,41729
2009-01-30,0.4500,0.5400,0.4200,0.4888,105780
2009-01-23,0.3800,0.4900,0.3600,0.4499,89256
2009-01-16,0.3012,0.3798,0.3000,0.3600,33026
2009-01-09,0.2400,0.3499,0.2400,0.2992,136905
2009-01-02,0.3200,0.3200,0.1800,0.2200,528310
2008-12-26,0.3100,0.3900,0.3001,0.3500,3637
2008-12-19,0.3700,0.4200,0.3200,0.3800,23552
2008-12-12,0.4000,0.4500,0.3000,0.4000,19722
2008-12-05,0.4112,0.5188,0.4112,0.4800,3798
2008-11-28,0.6400,0.6400,0.3990,0.5488,16090
2008-11-21,0.5488,0.6900,0.4000,0.6799,50586
2008-11-14,0.6800,0.7199,0.5000,0.5700,6798
2008-11-07,0.6400,0.7599,0.5500,0.6800,7476
2008-10-31,0.7900,0.7900,0.4200,0.7599,36186
2008-10-24,0.7300,0.7900,0.5301,0.7900,4212
2008-10-17,0.7800,0.7800,0.4500,0.6900,3421
2008-10-10,0.6500,0.7800,0.6012,0.7800,14299
2008-10-03,0.6200,0.8000,0.6200,0.7900,6150
2008-09-26,0.8998,0.8998,0.7000,0.7888,4799
2008-09-19,0.9000,0.9300,0.7213,0.8998,11924
2008-09-12,1.0101,1.1500,0.8600,0.9899,8513
2008-09-05,1.1400,1.1600,1.0300,1.1600,2871
2008-08-29,1.1600,1.1800,1.0600,1.1500,675
2008-08-22,1.1900,1.1900,1.0100,1.1600,1300
2008-08-15,1.2200,1.2300,1.1400,1.1900,3050
2008-08-08,1.2300,1.2300,1.1500,1.2200,13209
2008-08-01,1.2300,1.2300,1.1800,1.2300,3574
2008-07-25,1.2800,1.2900,1.1700,1.2300,7741
2008-07-18,1.3600,1.3600,1.1000,1.2800,19323
2008-07-11,1.3400,1.3800,1.3100,1.3600,3102
2008-07-03,1.3600,1.4000,1.2800,1.3400,10549
2008-06-27,1.4000,1.4800,1.3500,1.4700,900
2008-06-20,1.4000,1.5200,1.3700,1.4000,7158
2008-06-13,1.5700,1.5700,1.4100,1.5300,18264
2008-06-06,1.5800,1.6200,1.5500,1.5700,2550
2008-05-30,1.5500,1.7500,1.5500,1.6300,21215
2008-05-23,1.3300,1.5800,1.3300,1.5600,3900
2008-05-16,1.4900,1.4900,1.3300,1.4800,21328
2008-05-09,1.5499,1.5700,1.4100,1.4100,1150
2008-05-02,1.4700,1.5499,1.4400,1.5499,11081
2008-04-25,1.5400,1.5800,1.5000,1.5800,4775
2008-04-18,1.4800,1.5400,1.4000,1.5400,9236
2008-04-11,1.5500,1.5800,1.3900,1.4800,44625
2008-04-04,1.5800,1.7000,1.5500,1.5800,10823
2008-03-28,1.5000,1.6300,1.4800,1.4800,21411
2008-03-20,1.6000,1.7700,1.6000,1.6900,5421
2008-03-14,1.6201,1.7800,1.6201,1.7700,325
2008-03-07,1.9000,1.9200,1.6700,1.8400,11752
2008-02-29,1.8500,1.8900,1.7000,1.8800,955
2008-02-22,1.6300,1.7800,1.6300,1.7800,23199
2008-02-15,1.8860,1.8900,1.8000,1.8900,1650
2008-02-08,1.7000,1.9200,1.7000,1.8500,2168
2008-02-01,1.7100,1.9100,1.6999,1.8700,13095
2008-01-25,1.7100,1.9900,1.6500,1.8900,19214
2008-01-18,1.8100,2.0000,1.8000,1.9900,14500
2008-01-11,1.9000,2.0500,1.7500,2.0500,13096
2008-01-04,1.8500,1.9200,1.8000,1.9000,17225
2007-12-28,2.0400,2.2500,1.9000,1.9900,46281
2007-12-21,2.2500,2.2700,2.0000,2.0500,11377
2007-12-14,2.1900,2.3900,2.1100,2.2300,27007
2007-12-07,2.2256,2.2256,2.1100,2.2000,2600
2007-11-30,2.2700,2.2800,2.0300,2.2256,5125
2007-11-23,2.2200,2.2900,2.0100,2.2800,2686
2007-11-16,2.2500,2.3100,2.0000,2.2400,27543
2007-11-09,2.2800,2.4000,2.2500,2.3800,57511
2007-11-02,2.3200,2.5100,2.2500,2.4400,29319
2007-10-26,2.4000,2.4000,2.2800,2.3500,9532
2007-10-19,2.4000,2.4000,2.3300,2.4000,19636
2007-10-12,2.4000,2.4800,2.3900,2.4200,9269
2007-10-05,2.4000,2.4000,2.2900,2.3900,8380
2007-09-28,2.3400,2.4090,2.2900,2.3400,19014
2007-09-21,2.4100,2.4300,2.3100,2.3800,21274
2007-09-14,2.4900,2.5600,2.4100,2.4700,3280
2007-09-07,2.5900,2.6600,2.4800,2.4800,6483
2007-08-31,2.5100,2.5500,2.4000,2.5400,13719
2007-08-24,2.3700,2.4400,2.3600,2.4200,9337
2007-08-17,2.5000,2.5000,2.3500,2.3900,24552
2007-08-10,2.4400,2.7000,2.4000,2.5100,30562
2007-08-03,2.5300,2.6440,2.4000,2.4900,47965
2007-07-27,2.5300,2.7000,2.4100,2.6100,55604
2007-07-20,2.6200,2.6800,2.4000,2.5400,48456
2007-07-13,2.7300,2.7900,2.4300,2.6300,107284
2007-07-06,2.7300,2.7700,2.5800,2.6200,29435
2007-06-29,2.6500,2.8000,2.6500,2.7900,34408
2007-06-22,2.6500,2.7700,2.5500,2.7000,130388
2007-06-15,2.6000,2.7000,2.5100,2.6300,357983
2007-06-08,2.6900,2.7700,2.5300,2.6700,26281
2007-06-01,2.6386,2.8900,2.5100,2.7500,18720
2007-05-25,2.6300,2.7700,2.6145,2.7500,39814
2007-05-18,2.5200,2.6800,2.5200,2.6300,11924
2007-05-11,2.7600,2.7600,2.5100,2.6600,123901
2007-05-04,2.7400,2.8000,2.7100,2.7600,17221
2007-04-27,2.8700,2.8900,2.7400,2.8000,13255
2007-04-20,2.7100,2.9500,2.6200,2.8300,40484
2007-04-13,2.5500,2.9500,2.5300,2.7200,116117
2007-04-05,2.5200,2.6000,2.5200,2.5700,13497
2007-03-30,2.5416,2.6229,2.5416,2.5600,6254
2007-03-23,2.5500,2.5900,2.5157,2.5700,19524
2007-03-16,2.5500,2.6300,2.5000,2.6300,10344
2007-03-09,2.5200,2.5900,2.5000,2.5000,90216
2007-03-02,2.5200,2.6000,2.5000,2.5900,4970
2007-02-23,2.5000,2.5200,2.5000,2.5100,36011
2007-02-16,2.4500,2.5300,2.4500,2.5200,9797
2007-02-09,2.5200,2.5400,2.5000,2.5200,21016
2007-02-02,2.5100,2.8800,2.4800,2.5200,173026
2007-01-26,2.5000,2.5900,2.5000,2.5000,13600
2007-01-19,2.5300,2.5800,2.5000,2.5000,48233
2007-01-12,2.5800,2.5800,2.5000,2.5200,8400
2007-01-05,2.5100,2.5800,2.5000,2.5600,21920
2006-12-29,2.6100,2.6100,2.4900,2.5600,16358
2006-12-22,2.5900,2.6200,2.5000,2.6200,20826
2006-12-15,2.6700,2.6700,2.4300,2.5900,19895
2006-12-08,2.5000,2.6700,2.5000,2.6700,45438
2006-12-01,2.5000,2.5900,2.4600,2.5300,29500
2006-11-24,2.5100,2.5400,2.4400,2.5000,132347
2006-11-17,2.5000,2.5300,2.4500,2.5000,47012
2006-11-10,2.5100,2.5600,2.5000,2.5000,50831
2006-11-03,2.4500,2.6000,2.4000,2.5100,25292
2006-10-27,2.4100,2.6700,2.4100,2.5500,22080
2006-10-20,2.4900,2.8000,2.4900,2.6800,112995
2006-10-13,2.4900,2.6400,2.4900,2.6100,87320
2006-10-06,2.4100,2.5100,2.3200,2.5000,66930
2006-09-29,2.2300,2.4900,2.1100,2.4800,67146
2006-09-22,2.1500,2.2600,2.1300,2.2299,38994
2006-09-15,2.3600,2.3800,2.1200,2.2100,135895
2006-09-08,2.3600,2.4700,2.3000,2.4100,34624
2006-09-01,2.3300,2.4600,2.2600,2.4500,36196
2006-08-25,2.6800,2.6900,2.0800,2.4200,120902
2006-08-18,2.6300,2.6900,2.6000,2.6700,39929
2006-08-11,2.6100,2.7200,2.5600,2.6500,26829
2006-08-04,2.6900,2.7800,2.5500,2.6800,26390
2006-07-28,2.6854,2.7900,2.5000,2.7700,13570
2006-07-21,2.8400,2.8400,2.6600,2.7800,7320
2006-07-14,2.8300,3.1500,2.7500,2.8000,146004
2006-07-07,2.6900,2.8600,2.6900,2.8100,133918
2006-06-30,2.6800,2.6900,2.5900,2.6800,50754
2006-06-23,2.6700,2.6900,2.5000,2.6800,19711
2006-06-16,2.6900,2.7200,2.5800,2.6700,30720
2006-06-09,2.7700,2.7800,2.4300,2.6700,108506
2006-06-02,2.8000,2.8000,2.6700,2.7900,49279
2006-05-26,2.8000,2.8400,2.6000,2.7900,131065
2006-05-19,2.6100,2.8700,2.6000,2.8400,138053
2006-05-12,2.7700,2.7900,2.6000,2.6000,159200
2006-05-05,2.7100,2.8000,2.6200,2.7700,56898
2006-04-28,2.6800,2.7400,2.5300,2.7000,113554
2006-04-21,2.6900,2.6900,2.5200,2.6500,122498
2006-04-13,2.6100,2.7000,2.5800,2.6900,47420
2006-04-07,2.6200,2.6500,2.5200,2.6200,83220
2006-03-31,2.9500,3.2900,2.6100,2.6600,601006
2006-03-24,2.8300,2.9700,2.7200,2.9100,165586
2006-03-17,2.6400,3.0500,2.5500,2.8600,394542
2006-03-10,2.5400,2.5900,2.5100,2.5800,132642
2006-03-03,2.7000,2.7000,2.5000,2.5900,64154
2006-02-24,2.7400,2.7400,2.5600,2.6600,106848
2006-02-17,2.6100,2.7300,2.6100,2.6600,34226
2006-02-10,2.5100,2.7500,2.5100,2.6700,157945
2006-02-03,2.6200,2.6500,2.5300,2.6000,59529
2006-01-27,2.6900,2.8900,2.5200,2.6100,253327
2006-01-20,2.5800,2.7500,2.4900,2.6700,256600
2006-01-13,2.4000,2.7800,2.4000,2.5700,204900
2006-01-06,2.4000,2.4700,2.3100,2.4500,87800
2005-12-30,2.3600,2.3600,2.1300,2.2900,82700
2005-12-23,2.2500,2.4000,2.2500,2.3600,58900
2005-12-16,2.2800,2.4900,2.2500,2.2800,128700
2005-12-09,2.4000,2.4800,2.2100,2.2800,221000
2005-12-02,2.9500,2.9500,2.3500,2.3800,481900
2005-11-25,2.6100,2.8700,2.5300,2.8700,193900
2005-11-18,2.3900,2.7000,2.3600,2.6500,267600
2005-11-11,2.4100,2.5600,2.3600,2.4600,58600
2005-11-04,2.3500,2.5400,2.3500,2.5100,67100
2005-10-28,2.6400,2.6400,2.3600,2.4000,103600
2005-10-21,2.3900,2.8400,2.3900,2.5500,156100
2005-10-14,2.4000,2.6100,2.3600,2.3901,146800
2005-10-07,2.5100,2.5400,2.3300,2.3500,56800
2005-09-30,2.3800,2.6600,2.3300,2.4800,171000
2005-09-23,2.3800,2.4100,2.3100,2.3900,80200
2005-09-16,2.5400,2.7600,2.3400,2.4200,323100
2005-09-09,2.2800,2.5500,2.2500,2.5400,230700
2005-09-02,2.2900,2.3600,2.2100,2.2500,219200
2005-08-26,2.5500,2.6000,2.3000,2.3400,326900
2005-08-19,2.7500,2.7500,2.5200,2.5400,299200
2005-08-12,2.7600,2.9200,2.6200,2.6700,526900
2005-08-05,2.6200,2.8800,2.5000,2.7300,742400
2005-07-29,2.7000,2.8700,2.4800,2.5700,1009900
2005-07-22,3.4400,3.8300,2.5200,2.6200,4419700
2005-07-15,2.1100,4.9900,2.0800,3.0000,14507300
2005-07-08,2.1800,2.2000,2.0500,2.1700,74100
2005-07-01,2.2700,2.4700,2.1100,2.1700,55000
2005-06-24,2.0900,2.5000,2.0900,2.3800,167000
2005-06-17,2.2100,2.2100,2.0800,2.1500,46200
2005-06-10,2.2300,2.2300,2.1600,2.2100,34000
2005-06-03,2.1200,2.2900,2.1200,2.2700,40100
2005-05-27,2.3000,2.3700,2.1100,2.3200,102100
2005-05-20,2.5000,2.5200,2.3300,2.3600,40500
2005-05-13,2.4900,2.6000,2.3900,2.5110,73200
2005-05-06,2.4400,2.5000,2.3100,2.4800,63600
2005-04-29,2.3400,2.5000,2.2200,2.4400,140300
2005-04-22,2.2600,2.3800,2.2000,2.2690,131000
2005-04-15,2.4600,2.5710,2.2600,2.3200,249400
2005-04-08,2.3800,3.6800,2.1710,2.5000,2043000
2005-04-01,2.8400,2.9800,2.3600,2.4300,297800
2005-03-24,2.7500,4.1900,2.7500,2.8800,1598700
2005-03-18,3.3000,3.3000,2.5700,2.6000,74400
2005-03-11,3.0300,3.2400,2.9700,3.1000,44400
2005-03-04,3.0900,3.1700,2.8500,2.9300,42100
2005-02-25,2.8900,3.3700,2.8900,3.1000,21200
2005-02-18,3.2400,3.4500,2.8700,3.2500,77400
2005-02-11,3.1800,3.5000,2.8800,3.2500,209900
2005-02-04,2.3600,3.2500,2.1600,3.1500,230300
2005-01-28,2.5000,2.5400,2.3200,2.3600,79100
2005-01-21,2.5500,2.6300,2.2500,2.3500,113500
2005-01-14,2.7800,2.7900,2.3500,2.4500,239100
2005-01-07,3.6700,3.7900,2.7000,2.7410,564600
2004-12-31,2.4500,5.3970,2.3100,3.9600,2107900
2004-12-23,2.9100,2.9100,2.1800,2.4600,100900
2004-12-17,2.2600,2.8600,2.1400,2.8000,85400
2004-12-10,2.3390,2.6100,2.2500,2.2990,107600
2004-12-03,2.5000,2.5800,2.2900,2.4600,45400
2004-11-26,2.5100,2.8000,2.2500,2.5300,79400
2004-11-19,2.7000,3.1700,2.4900,2.6200,112600
2004-11-12,2.3400,3.2400,2.0300,2.8510,228100
2004-11-05,2.5300,2.5300,2.3310,2.3700,9600
2004-10-29,2.2500,2.7300,2.1900,2.5300,92900
2004-10-22,1.9000,2.2600,1.8200,2.2500,52400
2004-10-15,1.8600,1.9100,1.8000,1.8400,21300
2004-10-08,1.8300,2.1400,1.8300,1.9100,54300
2004-10-01,1.7800,2.3900,1.5100,1.8700,40700
2004-09-24,1.7100,1.8300,1.6300,1.8300,26200
2004-09-17,1.8900,1.8900,1.6200,1.7100,10700
2004-09-10,1.8400,1.8400,1.6600,1.7900,8200
2004-09-03,1.7500,1.8300,1.6500,1.8300,12600
2004-08-27,1.7400,1.8300,1.6800,1.7500,9300
2004-08-20,1.6000,1.7900,1.6000,1.7800,13800
2004-08-13,1.7100,1.8100,1.6200,1.6800,16000
2004-08-06,1.7900,1.9000,1.6000,1.8300,21500
2004-07-30,1.7600,2.2300,1.6000,1.8100,50400
2004-07-23,2.2500,2.2500,1.6100,1.9400,38400
2004-07-16,1.9800,2.0500,1.9400,2.0000,17100
2004-07-09,2.0300,2.1600,1.9400,2.0100,15200
2004-07-02,1.9500,2.1300,1.9000,2.0400,15100
2004-06-25,2.0100,2.1700,1.8100,2.1600,26000
2004-06-18,2.0000,2.0800,1.8100,2.0690,36100
2004-06-10,1.9000,1.9900,1.7300,1.9800,34600
2004-06-04,1.9300,1.9300,1.7700,1.8800,7400
2004-05-28,2.5200,2.5200,1.6300,1.8600,45400
2004-05-21,2.0000,2.1600,1.7700,1.7700,42000
2004-05-14,2.7500,2.7500,2.0000,2.2000,28100
2004-05-07,2.7400,2.7950,2.5000,2.6100,19000
2004-04-30,2.8000,3.1000,2.5300,2.5300,25300
2004-04-23,3.1600,3.2500,2.8200,2.9900,39300
2004-04-16,2.7500,3.2500,2.7000,3.1900,75600
2004-04-08,3.1000,3.1000,2.5100,2.7500,33700
2004-04-02,2.5100,3.2900,2.5100,2.8200,42600
2004-03-26,3.3000,3.3000,2.3500,2.6000,53900
2004-03-19,2.8000,3.2800,2.8000,3.0500,59200
2004-03-12,3.2600,3.4300,2.8000,2.8900,177500
2004-03-05,2.5000,5.7500,2.5000,3.3700,1129600
2004-02-27,2.6500,2.6800,2.2100,2.4900,40800
2004-02-20,2.6800,2.8000,2.6500,2.6500,10800
2004-02-13,2.7700,2.8600,2.6500,2.8400,40500
2004-02-06,2.8510,2.9300,2.6000,2.8600,11800
2004-01-30,2.9100,2.9400,2.7700,2.9200,13700
2004-01-23,2.9500,3.0500,2.7900,2.9100,38600
2004-01-16,3.1000,3.1100,2.9200,2.9900,50200
2004-01-09,2.9100,3.2000,2.8000,3.0000,37300
2004-01-02,3.0000,3.1100,2.8100,2.9100,16900
2003-12-26,2.9000,3.0400,2.7800,2.9400,18700
2003-12-19,3.4000,3.4800,2.9000,2.9300,44000
2003-12-12,2.9300,3.2300,2.6400,3.1010,102200
2003-12-05,3.9500,3.9500,2.9000,3.0000,179100
2003-11-28,3.2400,4.0600,2.6700,3.9700,86500
2003-11-21,3.2100,3.4990,2.6200,2.8600,66000
2003-11-14,3.1990,3.2100,2.8600,2.8600,15700
2003-11-07,2.6000,3.2100,2.6000,3.0590,15700
2003-10-31,2.7000,2.7900,2.5800,2.6000,7400
2003-10-24,2.5100,2.8400,2.4900,2.7100,31300
2003-10-17,1.8900,2.6000,1.8410,2.5100,46300
2003-10-10,1.9000,2.0100,1.8700,1.8900,9600
2003-10-03,1.6700,1.9400,1.6600,1.8810,18500
2003-09-26,1.9000,1.9500,1.6510,1.7280,10800
2003-09-19,1.8600,1.9600,1.8000,1.9600,11800
2003-09-12,1.8600,1.9000,1.8400,1.8600,13900
2003-09-05,1.6900,1.9190,1.6500,1.8500,14600
2003-08-29,1.7270,1.7270,1.7270,1.7270,100
2003-08-22,1.7100,1.7200,1.6100,1.6800,13900
2003-08-15,1.8100,1.8100,1.6900,1.7500,11700
2003-08-08,1.8900,1.9000,1.8200,1.8200,11000
2003-08-01,1.9100,1.9500,1.8400,1.9000,6900
2003-07-25,1.9200,1.9600,1.7500,1.9000,15100
2003-07-18,1.7500,2.4300,1.7500,1.9300,100000
2003-07-11,1.8200,2.0800,1.7200,1.9900,35800
2003-07-03,1.9900,1.9900,1.8200,1.8200,1900
2003-06-27,0.5000,1.8900,0.5000,1.8900,15200
2003-06-20,1.9000,2.0900,0.5000,0.5000,4000
2003-06-13,2.1300,2.2400,1.9300,1.9300,2000
2003-06-06,2.0900,2.2700,1.9300,2.2500,6000
2003-05-30,0.5000,2.0000,0.4800,2.0000,71800
2003-05-23,0.5500,0.5700,0.4900,0.5200,42900
2003-05-16,0.5100,0.6900,0.5100,0.5600,181600
2003-05-09,0.5500,0.5700,0.5000,0.5500,188000
2003-05-02,0.6600,0.6600,0.5300,0.5600,88800
2003-04-25,0.5700,0.6900,0.5600,0.6600,31600
2003-04-17,0.5800,0.6500,0.5600,0.5900,14600
2003-04-11,0.4500,0.6500,0.4100,0.6500,133900
2003-04-04,0.4700,0.5600,0.4400,0.4800,1173800
2003-03-28,0.3800,0.5000,0.3800,0.4900,73400
2003-03-21,0.4700,0.4700,0.3900,0.4400,14000
2003-03-14,0.4300,0.4800,0.4200,0.4590,9400
2003-03-07,0.4600,0.4900,0.4500,0.4800,33500
2003-02-28,0.4600,0.4900,0.4400,0.4800,14800
2003-02-21,0.4200,0.4700,0.4100,0.4600,9700
2003-02-14,0.4700,0.4700,0.4000,0.4700,10700
2003-02-07,0.4800,0.5100,0.4500,0.4700,30100
2003-01-31,0.5400,0.5600,0.4800,0.4900,30100
2003-01-24,0.5400,0.5800,0.4700,0.5400,6500
2003-01-17,0.5600,0.6100,0.5200,0.6100,65100
2003-01-10,0.6600,0.6600,0.5000,0.6000,12000
2003-01-03,0.7000,0.7200,0.5500,0.6690,163400
2002-12-27,0.6500,0.7200,0.6010,0.6810,50900
2002-12-20,0.6700,0.7000,0.6000,0.7000,30400
2002-12-13,0.6700,0.7100,0.6500,0.6700,55600
2002-12-06,0.6600,0.7400,0.6300,0.7100,8800
2002-11-29,0.6300,0.7200,0.5900,0.7100,37400
2002-11-22,0.6300,0.7000,0.6300,0.7000,14500
2002-11-15,0.7200,0.7200,0.5300,0.6400,126300
2002-11-08,0.7200,0.7500,0.6400,0.7200,65900
2002-11-01,0.7000,0.7500,0.6000,0.7200,72800
2002-10-25,0.7600,0.8000,0.6300,0.7790,146300
2002-10-18,0.6300,0.9400,0.6000,0.8800,23600
2002-10-11,0.6100,0.8600,0.6000,0.7800,55300
2002-10-04,0.7200,0.8300,0.6000,0.6300,119300
2002-09-27,0.9600,0.9690,0.7300,0.8600,3200
2002-09-20,0.9000,0.9790,0.7500,0.9690,17800
2002-09-13,0.7800,1.0000,0.7800,0.9790,16400
2002-09-06,0.9000,0.9200,0.7600,0.8790,11100
2002-08-30,0.8800,0.9500,0.8200,0.9500,18600
2002-08-23,0.8700,0.9400,0.7800,0.9400,13100
2002-08-16,0.9000,1.0400,0.8900,0.9500,56000
2002-08-09,0.9610,1.0400,0.9100,0.9100,5900
2002-08-02,0.9500,1.2000,0.9400,1.0800,55700
2002-07-26,0.9100,1.0800,0.9100,1.0000,66700
2002-07-19,0.9000,1.0500,0.9000,1.0500,3500
2002-07-12,1.0000,1.1600,0.7900,1.0100,78100
2002-07-05,0.9500,1.0900,0.8100,1.0400,74300
2002-06-28,0.9200,1.0800,0.7500,1.0000,199300
2002-06-21,1.1000,1.1000,0.9300,1.0200,62700
2002-06-14,1.1200,1.1900,0.9700,1.1200,200600
2002-06-07,0.8500,1.2400,0.8500,1.1900,181100
2002-05-31,0.8500,0.9300,0.8000,0.9300,202900
2002-05-24,1.0000,1.0000,0.7400,0.8900,311700
2002-05-17,1.0000,1.0500,0.7900,0.8600,119000
2002-05-10,1.1400,1.2800,0.9400,1.1000,82500
2002-05-03,1.3900,1.4700,1.1000,1.2900,78800
2002-04-26,1.5300,1.6000,1.3700,1.4790,167600
2002-04-19,1.4200,1.5800,1.4200,1.5500,4000
2002-04-12,1.4000,1.5900,1.4000,1.5900,16200
2002-04-05,1.6800,1.6800,1.5000,1.5900,24600
2002-03-28,1.6700,1.6700,1.3900,1.6400,14800
2002-03-22,1.6000,1.6700,1.5500,1.6500,23400
2002-03-15,1.7400,1.7400,1.5000,1.6500,55900
2002-03-08,1.6000,1.7500,1.6000,1.7400,15800
2002-03-01,1.6500,1.7900,1.5500,1.7700,55200
2002-02-22,1.7200,1.8000,1.4500,1.7300,16400
2002-02-15,1.8200,1.8700,1.7000,1.7900,37800
2002-02-08,1.9500,2.0800,1.7900,1.8800,556100
2002-02-01,1.7500,2.0000,1.5300,1.9800,668900
2002-01-25,1.6200,1.8000,1.6100,1.7500,7300
2002-01-18,1.8890,1.9900,1.6000,1.8300,29500
2002-01-11,1.9000,2.0000,1.7600,1.9400,41400
2002-01-04,1.8000,2.0800,1.8000,1.9500,86000
2001-12-28,1.5700,2.0000,1.5400,1.9900,171400
2001-12-21,1.5300,1.7400,1.4700,1.6600,98300
2001-12-14,1.5800,1.7500,1.5400,1.6200,53100
2001-12-07,1.7500,1.7500,1.3400,1.6800,39200
2001-11-30,1.7300,1.8100,1.5100,1.7300,39900
2001-11-23,1.6500,1.7400,1.5400,1.7400,39200
2001-11-16,1.5000,1.7000,1.4500,1.6500,81400
2001-11-09,1.4000,1.5900,1.3900,1.4900,99000
2001-11-02,1.6800,1.6800,1.3800,1.6600,35600
2001-10-26,1.3010,1.6800,1.0500,1.6800,72300
2001-10-19,1.3300,1.7000,0.9100,1.4300,64900
2001-10-12,1.7400,2.3700,1.2300,1.4300,50100
2001-10-05,1.6600,1.8700,1.1800,1.8700,56700
2001-09-28,1.3500,1.8400,1.3500,1.7100,92500
2001-09-21,1.5700,1.6900,1.3500,1.4600,49300
2001-09-10,1.6500,1.7500,1.5500,1.6500,41700
2001-09-07,2.0000,2.0900,1.6500,1.8800,49900
2001-08-31,2.1600,2.2600,1.8100,2.1000,130900
2001-08-24,2.3000,2.3000,2.1100,2.2600,36300
2001-08-17,2.3050,2.4000,2.1100,2.3000,48000
2001-08-10,2.3500,2.4500,2.2810,2.4500,21200
2001-08-03,2.1800,2.5900,2.1500,2.4500,141200
2001-07-27,2.3000,2.4800,2.1600,2.2900,158200
2001-07-20,1.7900,2.3100,1.7900,2.3100,463300
2001-07-13,1.8000,2.0000,1.7000,1.8900,50600
2001-07-06,2.0500,2.1600,1.8000,2.0400,35700
2001-06-29,2.0000,2.3700,2.0000,2.2000,17900
2001-06-22,2.2500,2.4800,2.0000,2.1900,84600
2001-06-15,2.1900,2.5400,2.1900,2.5100,69300
2001-06-08,2.3600,2.4200,2.1400,2.3500,56700
2001-06-01,2.6000,2.6000,2.2000,2.4400,29000
2001-05-25,2.5000,2.5600,2.2600,2.5600,53800
2001-05-18,2.4000,2.7500,2.1500,2.5000,53800
2001-05-11,2.5000,2.8000,2.2600,2.3300,170800
2001-05-04,1.9500,3.0700,1.9500,2.5000,226900
2001-04-27,2.1400,2.2500,1.9400,2.0300,79800
2001-04-20,1.9700,2.1500,1.6000,2.1000,185300
2001-04-12,2.0600,2.2000,1.7100,2.0000,81600
2001-04-06,2.0500,2.1400,1.6700,2.0600,115000
2001-03-30,2.5000,2.5000,2.0000,2.1500,69100
2001-03-23,2.5000,2.7500,2.0940,2.4380,70300
2001-03-16,2.7500,3.0000,2.5000,2.5630,85200
2001-03-09,3.1880,3.3440,2.6560,3.0000,143900
2001-03-02,3.1880,3.5000,3.0000,3.2500,112400
2001-02-23,3.5630,3.7500,3.1250,3.3130,126600
2001-02-16,3.4380,3.8750,3.0940,3.6250,339000
2001-02-09,3.5000,3.5630,3.1250,3.4690,220100
2001-02-02,3.4690,4.1720,3.3440,3.5310,222900
2001-01-26,3.6250,3.9380,3.0000,3.6250,293900
2001-01-19,3.0000,4.0000,2.8750,3.8750,358800
2001-01-12,2.2500,3.0000,2.0310,3.0000,427500
2001-01-05,2.5630,2.6880,2.0630,2.2500,234800
2000-12-29,2.7500,3.3100,2.5900,2.8800,624000
2000-12-22,3.5600,3.5600,2.5000,3.2500,584000
2000-12-15,3.5900,4.4400,3.4100,3.5000,616000
2000-12-08,3.5300,3.9400,3.0300,3.5000,408000
2000-12-01,4.7500,4.8100,3.2500,3.9100,432000
2000-11-24,5.5600,5.5600,4.6900,5.0000,96000
2000-11-17,5.1900,6.0600,5.1300,5.5600,280000
2000-11-10,5.3800,5.6900,4.9400,5.4400,312000
2000-11-03,4.6900,5.6300,4.6300,5.3100,312000
2000-10-27,4.8800,5.0000,4.5000,4.7500,192000
2000-10-20,5.5000,5.6900,4.3100,5.1300,136000
2000-10-13,5.5900,5.8100,4.0600,5.6300,728000
2000-10-06,6.6900,7.0000,5.3800,6.0000,512000
2000-09-29,6.7500,7.0000,6.1300,6.8800,232000
2000-09-22,7.0600,7.2500,6.3100,6.8800,168000
2000-09-15,7.1900,7.5000,6.8400,7.3100,296000
2000-09-08,7.4700,7.6700,6.9400,7.1900,168000
2000-09-01,7.7200,8.2500,7.5000,7.6300,176000
2000-08-25,7.2800,7.8400,7.0000,7.7200,320000
2000-08-18,7.8100,7.9700,6.9100,7.3800,200000
2000-08-11,7.6400,8.2800,7.6300,7.9700,136000
2000-08-04,8.0000,8.3100,7.0000,7.5600,128000
2000-07-28,10.5600,10.6900,7.7800,8.1300,464000
2000-07-21,8.5000,10.9400,8.0000,10.6300,1200000
2000-07-14,7.8800,9.1900,7.7500,9.0000,240000
2000-07-07,8.0000,8.6900,8.0000,8.4400,56000
2000-06-30,8.1900,8.9400,7.8800,8.2500,104000
2000-06-23,8.6300,8.8800,7.8100,8.1900,176000
2000-06-16,8.8800,9.2500,8.5600,8.8800,160000
2000-06-09,8.3800,9.1300,8.2500,8.7500,400000
2000-06-02,7.2500,8.5000,6.8800,8.3800,456000
2000-05-26,8.3800,8.3800,6.3800,7.0000,528000
2000-05-19,8.3800,9.0000,8.0000,8.7500,208000
2000-05-12,9.0600,9.0600,8.0600,8.3400,144000
2000-05-05,9.0000,9.3100,8.2500,9.0000,248000
2000-04-28,8.6300,9.3800,8.0000,8.9400,152000
2000-04-20,7.1900,9.5000,7.0000,9.1300,360000
2000-04-14,11.8800,11.8800,7.1300,7.5600,736000
2000-04-07,10.0000,11.6300,6.6900,11.2500,1752000
2000-03-31,13.0000,13.5600,9.8100,10.0000,1272000
2000-03-24,15.3800,15.3800,12.0600,12.8100,816000
2000-03-17,16.0600,16.0600,13.7500,15.0000,576000
2000-03-10,17.5000,18.4400,13.6300,16.8800,1264000
2000-03-03,14.5000,18.6300,14.1300,17.8100,1760000
2000-02-25,12.8800,15.4400,12.8800,14.3800,1440000
2000-02-18,12.0000,14.0000,11.7500,12.5000,2152000
2000-02-11,8.0000,12.2500,7.8800,11.5000,1816000
2000-02-04,7.7500,8.2500,7.2500,8.0000,192000
2000-01-28,8.4400,9.0600,7.1300,7.5000,928000
2000-01-21,6.6300,8.7500,6.5000,8.5000,712000
2000-01-14,7.4400,7.8100,6.6900,6.7500,448000
