timestamp,open,high,low,close,volume
2018-02-27,34.2500,34.8000,32.5500,32.9000,60871
2018-02-23,33.9000,34.9500,33.0000,34.0500,193640
2018-02-16,32.0000,34.4000,31.3000,33.9000,228626
2018-02-09,33.2500,33.7000,31.5000,31.7000,201663
2018-02-02,35.7500,35.8500,33.2500,33.3500,258458
2018-01-26,37.2500,37.2500,35.2800,35.8000,198712
2018-01-19,37.0500,37.4250,33.1765,37.2000,283651
2018-01-12,35.5000,38.0000,35.5000,37.2500,210377
2018-01-05,37.7000,38.2000,35.4000,35.4000,166184
2017-12-29,38.9000,40.3000,37.5500,37.6000,91623
2017-12-22,37.5500,39.5500,36.9500,38.8500,135757
2017-12-15,36.1500,37.8000,34.6500,37.3500,236296
2017-12-08,37.6500,38.8000,36.0550,36.1500,154345
2017-12-01,38.8500,39.2500,37.0000,37.6500,147966
2017-11-24,39.6500,39.7250,37.8000,39.1500,95827
2017-11-17,38.2000,39.8000,37.7000,39.8000,89869
2017-11-10,38.4500,40.0000,36.3500,38.2500,85867
2017-11-03,39.3000,39.9500,37.5000,38.3000,115439
2017-10-27,39.5000,40.7000,39.0000,39.5500,99693
2017-10-20,38.9000,40.9500,38.3500,39.4500,120810
2017-10-13,39.2500,39.6000,38.0000,38.7500,114500
2017-10-06,37.9500,39.9500,37.9000,39.3500,155547
2017-09-29,36.9000,41.3000,35.1301,37.7000,226727
2017-09-22,36.2000,37.5500,35.3500,37.0000,117915
2017-09-15,36.1000,37.0000,34.6500,36.3000,145733
2017-09-08,35.5500,36.3500,35.0000,36.0000,90680
2017-09-01,34.5000,36.0000,34.0500,35.7000,151668
2017-08-25,35.3000,37.1500,34.4000,34.5000,101580
2017-08-18,36.2000,36.8500,34.8500,35.3500,152383
2017-08-11,37.0500,37.3500,35.5000,35.8500,127909
2017-08-04,37.5500,39.5000,37.0000,37.1500,178403
2017-07-28,38.2000,38.4500,37.0000,37.7500,186219
2017-07-21,38.5500,39.0250,37.2000,38.2500,177051
2017-07-14,39.7500,39.9500,37.1200,38.3000,291111
2017-07-07,38.2500,40.5500,38.2500,39.8500,212622
2017-06-30,31.2500,38.8500,30.4905,37.9500,238817
2017-06-23,32.0000,32.0000,30.2500,31.0500,102466
2017-06-16,32.4500,32.5000,29.5500,31.9500,99757
2017-06-09,30.9000,32.5000,29.4500,32.1500,85339
2017-06-02,28.9000,31.9000,28.8750,31.0500,79936
2017-05-26,27.8000,29.1000,27.7500,28.9000,105681
2017-05-19,30.8500,30.8500,27.7000,27.8500,93903
2017-05-12,30.5500,31.6000,29.6000,30.6500,121656
2017-05-05,30.4000,31.4031,29.8000,30.5000,76137
2017-04-28,29.9500,32.4000,28.7500,30.0500,178863
2017-04-21,27.6500,29.5500,27.4318,29.3000,94514
2017-04-13,27.6500,28.4500,27.3000,27.6500,81035
2017-04-07,26.7000,27.4500,25.6750,27.3000,163082
2017-03-31,25.0000,27.1000,24.9500,26.9000,115148
2017-03-24,26.8000,26.8000,24.9000,24.9500,126781
2017-03-17,26.9500,27.3000,26.4500,26.8500,115445
2017-03-10,27.2000,27.7500,26.6500,26.7500,74605
2017-03-03,26.8000,29.1000,26.2500,27.4500,133823
2017-02-24,26.4000,27.5000,26.4000,26.9000,86215
2017-02-17,26.5500,26.9000,25.8000,26.3000,125115
2017-02-10,27.5500,27.7000,25.4000,26.4000,99213
2017-02-03,28.5000,29.3124,27.4500,27.7500,113611
2017-01-27,28.2000,30.7000,28.1000,28.6500,166659
2017-01-20,27.7000,28.4250,26.9500,28.2000,108478
2017-01-13,29.7500,30.3500,27.8500,28.0000,79093
2017-01-06,30.4500,30.8000,29.8000,29.9000,62701
2016-12-30,30.5000,31.1500,29.7000,30.4000,80811
2016-12-23,30.1000,31.0500,29.6000,30.5500,121228
2016-12-16,31.5500,31.7000,29.5750,30.1000,188365
2016-12-09,27.5500,31.7450,27.5500,31.6500,120032
2016-12-02,29.4500,29.9500,27.7000,27.7500,77860
2016-11-25,29.9500,30.0000,27.4800,29.5500,80455
2016-11-18,28.7500,29.9000,27.3000,29.8500,117798
2016-11-11,23.8500,28.5500,23.5000,28.5500,139137
2016-11-04,23.5000,23.7000,22.5500,23.2000,125304
2016-10-28,23.5000,24.1000,22.5500,23.5000,151996
2016-10-21,24.2000,24.3700,23.0200,23.2700,172251
2016-10-14,25.2300,25.4300,24.1150,24.2300,122749
2016-10-07,23.1900,25.5000,22.9200,25.1600,339705
2016-09-30,24.8100,25.1900,22.4164,23.2500,296843
2016-09-23,24.8300,25.2700,23.8500,25.1400,179035
2016-09-16,24.7940,25.1100,24.1601,24.6600,182633
2016-09-09,25.1000,25.6300,24.5900,24.5900,127211
2016-09-02,24.7200,25.4850,24.4800,25.1400,153807
2016-08-26,25.1800,26.0200,24.6000,24.6500,152410
2016-08-19,25.4900,25.8200,24.8700,25.1700,199931
2016-08-12,25.3200,26.1600,25.3200,25.5300,125830
2016-08-05,25.9300,26.1150,24.8950,25.2500,190390
2016-07-29,26.2400,26.6100,24.9300,25.8300,248781
2016-07-22,25.9899,26.7400,24.7310,26.2400,290162
2016-07-15,25.7100,26.5600,25.2900,26.1100,305177
2016-07-08,24.4300,25.9463,23.8500,25.4900,361836
2016-07-01,26.9800,27.8000,23.2601,24.5000,660847
2016-06-24,28.5700,29.3600,26.8600,27.4100,247823
2016-06-17,28.7700,29.0400,27.6900,28.2800,191910
2016-06-10,28.8100,29.9200,28.1800,28.9100,185791
2016-06-03,28.1000,28.6700,27.6700,28.3200,254051
2016-05-27,27.0500,28.6000,26.7500,27.9800,203072
2016-05-20,27.0200,28.4500,26.2800,27.1600,218984
2016-05-13,29.2500,29.2500,26.7763,26.9600,346899
2016-05-06,29.5900,30.1100,28.8450,29.2200,188273
2016-04-29,29.6100,30.8000,28.4500,29.5100,203413
2016-04-22,30.9700,31.0600,29.5001,29.8100,313327
2016-04-15,31.5600,32.3400,31.1450,31.2000,293152
2016-04-08,30.9500,33.2500,30.8700,31.4600,448606
2016-04-01,32.0100,33.3500,30.8705,30.9500,437726
2016-03-24,33.1900,33.2800,30.4900,31.7900,281619
2016-03-18,32.2100,33.6800,31.5000,33.2000,333156
2016-03-11,32.2700,33.0025,31.4700,32.3400,270986
2016-03-04,30.1600,33.1000,29.4631,32.2700,417696
2016-02-26,30.0100,30.7800,28.5250,30.2700,230377
2016-02-19,28.1300,30.2800,27.9500,29.8400,244318
2016-02-12,27.4000,28.2700,26.9800,27.7100,241943
2016-02-05,29.5400,30.9200,27.4400,27.5400,450655
2016-01-29,30.9000,33.1200,28.7300,29.9100,666862
2016-01-22,25.1100,32.6200,22.9700,31.3600,820424
2016-01-15,25.0900,26.1500,23.5500,24.7000,495966
2016-01-08,24.3700,25.6500,23.8000,25.0000,462951
2015-12-31,23.6100,25.9200,23.4900,25.0800,389093
2015-12-24,27.1500,27.7180,23.4405,23.6500,359746
2015-12-18,25.9100,28.6600,25.9100,26.9700,374932
2015-12-11,29.7200,29.7200,26.0700,26.0900,310765
2015-12-04,31.7600,31.7600,27.7700,29.7700,314221
2015-11-27,29.4100,31.9900,29.4100,31.7600,148122
2015-11-20,28.5600,30.1100,27.9200,29.6900,207749
2015-11-13,31.7900,31.7900,28.7100,28.8100,316895
2015-11-06,32.0800,33.2800,30.5000,31.8400,308969
2015-10-30,30.9100,33.3400,30.4000,31.9600,447083
2015-10-23,31.5800,32.4000,30.4400,31.2200,210263
2015-10-16,31.9700,33.0500,29.9000,31.8700,320719
2015-10-09,31.7100,32.7200,30.3800,32.4500,585480
2015-10-02,29.1000,33.4000,27.3500,31.4100,871612
2015-09-25,30.7500,31.4900,29.1000,29.1900,467735
2015-09-18,31.8900,32.8500,30.1200,30.3800,564952
2015-09-11,29.6300,32.3860,29.3600,31.9700,413205
2015-09-04,28.8600,29.6300,27.7500,29.1400,491429
2015-08-28,27.6900,30.0060,27.0600,28.9700,483513
2015-08-21,31.2400,32.4200,28.8200,29.1000,465462
2015-08-14,31.6900,32.5000,30.0000,31.4500,516379
2015-08-07,32.8000,34.0928,31.0400,31.6600,504639
2015-07-31,34.5000,34.5000,32.3000,32.7900,410596
2015-07-24,36.9000,37.7100,34.5000,34.7800,401252
2015-07-17,36.7700,38.6500,35.7800,36.9000,707369
2015-07-10,33.7600,37.3500,33.6600,36.3800,789258
2015-07-02,27.9000,35.0800,27.8601,33.8800,820605
2015-06-26,28.5000,28.7400,27.0501,27.9000,1682488
2015-06-19,28.1700,28.9750,27.1800,28.3300,368199
2015-06-12,27.5000,28.9500,26.5500,28.2100,337604
2015-06-05,28.6100,29.7300,26.9500,27.4400,356931
2015-05-29,28.0400,29.0200,27.9101,28.3600,241646
2015-05-22,27.6800,28.6700,27.0000,28.3500,274370
2015-05-15,26.5600,28.2500,25.0330,27.8700,273762
2015-05-08,27.6600,28.5000,25.5100,26.8100,239834
2015-05-01,29.5200,29.8199,27.8200,27.9300,359156
2015-04-24,30.2900,30.3700,28.5000,30.0000,412042
2015-04-17,31.4100,33.3500,30.0600,30.3700,584237
2015-04-10,28.7400,32.4000,28.3800,31.4000,434962
2015-04-02,28.0000,29.4000,27.9200,28.7200,203533
2015-03-27,27.3700,28.5365,26.9100,27.8700,252427
2015-03-20,25.0100,27.6600,24.1100,27.1900,415814
2015-03-13,25.8000,26.2200,24.0400,25.1500,142611
2015-03-06,25.5000,26.1300,24.7600,25.9900,285912
2015-02-27,25.2400,25.9500,24.3000,25.7100,219220
2015-02-20,25.6500,26.9700,24.7826,25.2400,241408
2015-02-13,23.9500,26.0000,23.7300,25.6000,405310
2015-02-06,22.7300,24.2500,22.5700,23.6800,417975
2015-01-30,21.8800,23.5800,21.7600,22.2200,262613
2015-01-23,20.0300,21.7300,19.7501,21.6100,235341
2015-01-16,19.6800,20.5200,19.4494,19.7900,101697
2015-01-09,19.5200,19.9800,19.3100,19.5700,129727
2015-01-02,19.3270,19.8500,19.1600,19.3000,71870
2014-12-26,18.2700,19.3800,18.2400,19.3200,57874
2014-12-19,19.2300,19.3900,18.2200,18.2200,131626
2014-12-12,18.9800,19.5130,18.5501,19.1500,217455
2014-12-05,19.4300,19.4300,18.2400,18.9800,101973
2014-11-28,19.0800,19.7700,19.0200,19.6000,82374
2014-11-21,18.9600,19.1700,18.4800,18.9900,116462
2014-11-14,18.2000,19.2600,17.6900,18.9600,157376
2014-11-07,17.5000,18.4100,17.4650,18.1800,170722
2014-10-31,17.1800,17.7300,17.0240,17.3800,213415
2014-10-24,15.8500,17.4000,15.6900,17.1200,291585
2014-10-17,15.7600,15.8500,15.3100,15.8400,125178
2014-10-10,15.7600,15.9340,15.1600,15.7500,131589
2014-10-03,13.8392,15.8400,13.1600,15.8100,190849
2014-09-26,14.4600,14.4700,13.6100,13.8400,115887
2014-09-19,14.5201,14.8000,14.2200,14.5800,71800
2014-09-12,15.0300,15.1000,14.5100,14.5200,53400
2014-09-05,15.2400,15.4700,15.0300,15.1300,80200
2014-08-29,14.4600,15.2300,14.4600,15.1600,106700
2014-08-22,14.7100,14.7100,14.0900,14.6200,90900
2014-08-15,15.0000,15.4188,14.3600,14.5700,138000
2014-08-08,14.1000,15.0000,13.7500,14.9600,220900
2014-08-01,14.7000,15.0700,14.1000,14.1600,225300
2014-07-25,15.3400,15.4200,14.4200,14.7000,248400
2014-07-18,15.7900,15.7900,15.1700,15.5300,244100
2014-07-11,15.5000,15.8500,15.2600,15.7100,408800
2014-07-03,12.2500,15.9000,12.2500,15.4500,380300
2014-06-27,12.2600,12.7800,11.8800,12.3000,1779800
2014-06-20,12.8500,13.5900,12.1600,12.2400,299300
2014-06-13,13.9400,14.1900,12.7500,12.8300,166300
2014-06-06,13.8000,13.9800,13.0000,13.9400,165700
2014-05-30,14.0800,14.1700,13.3800,13.5700,101600
2014-05-23,13.5200,13.9700,13.1100,13.9500,138000
2014-05-16,13.8500,14.5750,13.0600,13.6800,227300
2014-05-09,13.3200,13.8500,12.8200,13.7000,186500
2014-05-02,13.6000,14.0500,13.3000,13.4200,227100
2014-04-25,13.8300,14.0700,13.3000,13.6000,174700
2014-04-17,14.0100,14.3000,13.5200,13.8100,203900
2014-04-11,14.2400,14.6760,13.6700,13.8400,208500
2014-04-04,15.1100,15.2600,14.2500,14.2700,246900
2014-03-28,15.8500,15.8500,14.8000,15.0300,87200
2014-03-21,15.9000,16.0950,15.6800,15.7900,204300
2014-03-14,15.7500,16.0200,15.5800,15.7600,146000
2014-03-07,14.8100,16.0900,14.6000,15.7800,289800
2014-02-28,13.4000,15.2400,13.4000,14.9800,301300
2014-02-21,13.7000,13.9800,13.1400,13.3200,110200
2014-02-14,13.7700,14.2690,13.3500,13.7400,100500
2014-02-07,14.1100,14.2200,13.1000,13.7500,142100
2014-01-31,13.8800,14.7400,13.8800,14.1000,121200
2014-01-24,14.3300,15.0000,14.0010,14.0800,80500
2014-01-17,14.2100,14.4900,13.6400,14.3300,76000
2014-01-10,15.3000,15.5400,14.1300,14.2200,92000
2014-01-03,15.9400,15.9900,14.7810,15.1800,72700
2013-12-27,16.1000,16.3090,15.8800,16.0100,72900
2013-12-20,14.9300,16.1400,14.8100,16.0600,163500
2013-12-13,15.1800,15.3000,13.9900,14.8000,164100
2013-12-06,15.8100,15.8400,14.5600,15.1800,124300
2013-11-29,14.7300,16.0400,14.7300,15.7700,155600
2013-11-22,13.2100,14.9900,13.1600,14.7300,307000
2013-11-15,13.6800,13.7700,13.1400,13.2100,111200
2013-11-08,13.5100,14.2300,12.9840,13.6800,188200
2013-11-01,15.3000,15.3700,13.4100,13.7400,219200
2013-10-25,14.7200,15.3800,14.5200,15.3100,197900
2013-10-18,14.6300,14.9100,14.2700,14.6800,134300
2013-10-11,14.4600,14.9500,14.1200,14.7300,169300
2013-10-04,16.0500,16.4500,14.2800,14.5100,249100
2013-09-27,15.9600,16.3800,15.7700,16.0400,108300
2013-09-20,15.8000,16.1500,15.3700,16.0000,122500
2013-09-13,14.3000,15.7700,14.2500,15.5000,105800
2013-09-06,13.9200,14.7200,13.8500,14.3500,58600
2013-08-30,15.3100,15.4200,13.8000,13.8200,144500
2013-08-23,15.2800,16.0400,15.0200,15.3000,142800
2013-08-16,16.1000,16.3300,14.9500,15.2200,89100
2013-08-09,16.5200,17.3600,15.9000,16.2300,110300
2013-08-02,16.1600,16.6100,15.7810,16.5100,192100
2013-07-26,16.3900,16.5400,15.4010,16.2700,148000
2013-07-19,17.5000,17.6790,16.0700,16.5300,192700
2013-07-12,16.4800,17.6500,16.2200,17.4900,272000
2013-07-05,15.6600,16.8100,15.4010,16.4800,155600
2013-06-28,14.1500,16.0200,14.1500,15.5300,251600
2013-06-21,14.5200,15.6600,14.0200,14.5000,167100
2013-06-14,13.6000,14.6800,13.4000,14.3600,84600
2013-06-07,13.5000,14.1400,13.2000,13.5100,126300
2013-05-31,13.7300,14.3430,13.6500,13.7600,114900
2013-05-24,13.8900,14.3800,13.3540,13.5000,143900
2013-05-17,13.7700,14.1400,13.6300,13.9300,126500
2013-05-10,13.7100,14.3500,13.5900,14.0300,117100
2013-05-03,13.6900,14.5100,13.5000,13.8200,119100
2013-04-26,13.3100,14.0000,12.6700,13.6800,149100
2013-04-19,15.2600,15.4600,12.3541,13.3300,193400
2013-04-12,15.2300,15.7000,14.9300,15.3900,126300
2013-04-05,15.9600,16.2400,14.7300,15.2200,177800
2013-03-28,15.3500,16.0600,15.2000,15.9600,95800
2013-03-22,14.9400,15.6000,14.7300,15.3500,86900
2013-03-15,14.8500,15.4100,14.4500,15.2600,206000
2013-03-08,14.6900,14.8500,14.2100,14.7000,166800
2013-03-01,14.4300,14.7400,13.8800,14.6000,109600
2013-02-22,14.2800,14.9000,13.9510,14.3700,188200
2013-02-15,14.0500,14.2800,13.8800,14.2500,117100
2013-02-08,13.7800,14.3500,13.7500,13.9900,108300
2013-02-01,13.9100,14.2600,13.7700,13.9900,141700
2013-01-25,13.3000,14.1000,13.3000,13.8400,118600
2013-01-18,13.0400,13.3978,12.3700,13.2600,201700
2013-01-11,12.6200,13.5400,12.2600,12.9500,125400
2013-01-04,12.2100,12.7500,12.0000,12.5900,149100
2012-12-28,12.4800,12.4800,11.7100,12.2400,89500
2012-12-21,11.6000,12.5100,11.2200,12.5000,315300
2012-12-14,11.8200,12.0400,11.3200,11.5700,111600
2012-12-07,11.1300,11.9600,11.0300,11.8400,96200
2012-11-30,11.2400,11.4200,10.7300,11.1100,130100
2012-11-23,10.6800,11.6200,10.6800,11.2500,81100
2012-11-16,11.6800,11.7100,10.5100,10.6000,145000
2012-11-09,11.4600,12.0000,11.3000,11.6900,210600
2012-11-02,11.6300,11.6700,11.0200,11.4200,152600
2012-10-26,10.6000,11.7400,10.5100,11.5400,324100
2012-10-19,9.4200,11.3400,9.4200,10.6500,587400
2012-10-12,12.6000,13.2200,10.7200,10.9100,751300
2012-10-05,12.5000,12.9000,12.2800,12.5800,434900
2012-09-28,12.4100,12.6000,11.8900,12.4500,289100
2012-09-21,12.4200,12.4800,12.2700,12.4100,169800
2012-09-14,12.2200,12.3900,12.1000,12.3400,147100
2012-09-07,12.1800,12.4025,12.0500,12.2100,170100
2012-08-31,10.8700,12.2200,10.5410,12.0900,139600
2012-08-24,11.7900,11.7900,10.3800,10.9100,148800
2012-08-17,11.9000,11.9000,11.3100,11.8600,192600
2012-08-10,12.1900,12.3100,11.8800,11.9000,101300
2012-08-03,12.2000,12.3100,12.0020,12.2300,208400
2012-07-27,12.1300,12.2700,11.9100,12.2300,236000
2012-07-20,11.6200,12.2400,11.5300,12.2400,335100
2012-07-13,10.7900,11.6900,10.7400,11.6900,352200
2012-07-06,10.1400,10.7900,10.1001,10.7400,147500
2012-06-29,10.2000,10.4200,9.9100,10.3100,177700
2012-06-22,10.3100,10.4900,9.6600,10.3000,1729200
2012-06-15,9.4600,10.4700,9.0200,10.3500,267800
2012-06-08,9.1884,9.8000,9.0000,9.2800,152900
2012-06-01,9.3700,9.7400,9.1501,9.1900,92700
2012-05-25,9.2900,9.8300,8.6210,9.4800,154000
2012-05-18,10.6600,10.6900,9.3300,9.4900,166200
2012-05-11,10.6700,10.8100,10.2860,10.7400,219000
2012-05-04,10.7000,10.9200,10.4700,10.7000,206800
2012-04-27,10.7500,10.9000,10.1300,10.6600,189200
2012-04-20,10.2900,10.9000,9.8600,10.8400,652100
2012-04-13,9.3900,10.2900,9.3900,10.2900,445500
2012-04-05,9.2800,9.4500,9.2400,9.3900,128900
2012-03-30,8.8700,9.3000,8.8100,9.2000,192100
2012-03-23,8.6100,8.9100,8.5200,8.8300,109900
2012-03-16,8.4200,8.6000,8.3700,8.6000,153500
2012-03-09,8.3100,8.4400,8.2001,8.4100,120200
2012-03-02,8.1900,8.3500,7.9700,8.3400,126800
2012-02-24,8.1800,8.2200,8.1100,8.1620,31700
2012-02-17,8.1800,8.1800,8.0200,8.1500,70500
2012-02-10,8.0700,8.1700,8.0000,8.1700,49200
2012-02-03,7.9400,8.0999,7.9400,8.0200,38100
2012-01-27,8.0100,8.0800,7.5500,8.0800,87500
2012-01-20,7.9400,8.0100,7.7306,8.0100,44200
2012-01-13,7.8100,7.9100,7.6570,7.8900,47600
2012-01-06,7.5600,7.8200,7.4600,7.8000,60600
2011-12-30,7.6200,7.7600,7.3100,7.4900,95000
2011-12-23,8.0500,8.1800,7.0500,7.6700,114000
2011-12-16,8.0100,8.1400,7.7501,8.0500,54800
2011-12-09,8.0700,8.1800,7.8900,8.0400,53700
2011-12-02,8.1180,8.1200,7.8300,8.0700,48300
2011-11-25,7.9300,8.1100,7.6300,7.9300,83200
2011-11-18,7.7700,8.0500,7.7500,8.0500,73100
2011-11-11,7.8000,8.0000,7.5300,7.8000,102400
2011-11-04,7.7000,7.8400,7.3200,7.7100,174200
2011-10-28,7.6500,7.8900,7.2500,7.6600,80900
2011-10-21,7.8700,7.8700,7.3000,7.7000,46200
2011-10-14,7.1400,7.8200,7.1000,7.7200,88000
2011-10-07,7.1100,7.2000,6.3200,7.0300,51900
2011-09-30,6.8301,7.1800,6.8300,7.0500,21100
2011-09-23,7.2400,7.2900,6.8600,6.9500,34600
2011-09-16,7.2600,7.3000,7.1300,7.2500,34400
2011-09-09,7.2800,7.5100,7.1700,7.2800,36200
2011-09-02,7.7200,7.7200,7.1000,7.3600,61300
2011-08-26,7.6100,7.9300,7.0200,7.7000,112600
2011-08-19,7.7400,8.2700,7.3440,7.5000,121600
2011-08-12,7.4300,7.9000,6.8000,7.8300,262300
2011-08-05,7.9700,8.2800,7.3600,7.5900,123200
2011-07-29,8.4900,8.4900,7.4300,7.9000,313400
2011-07-22,8.2200,8.5000,8.1100,8.4800,64800
2011-07-15,8.2500,8.2500,7.8500,8.1800,67800
2011-07-08,8.1400,8.2500,7.6500,8.1800,78200
2011-07-01,7.5500,8.2000,7.3000,8.2000,246800
2011-06-24,7.9700,8.2200,7.7400,7.7900,61500
2011-06-17,8.2500,8.2500,7.5200,8.0450,107500
2011-06-10,8.0400,8.6200,7.9300,8.2400,58700
2011-06-03,8.6200,8.9200,8.1200,8.3600,95900
2011-05-27,8.6600,8.7900,8.5527,8.7000,89300
2011-05-20,8.7100,8.9700,8.2100,8.6600,105600
2011-05-13,8.7300,8.8200,8.2400,8.6610,69200
2011-05-06,8.9400,9.0100,8.1700,8.5800,152100
2011-04-29,8.6900,9.1000,8.3500,8.9300,519000
2011-04-21,8.2500,8.2800,7.9800,8.2500,38600
2011-04-15,7.8700,8.1900,7.5200,8.1801,129700
2011-04-08,7.7600,8.0900,7.5100,7.8600,41000
2011-04-01,8.0000,8.3000,7.6300,7.7900,107900
2011-03-25,8.1800,8.1900,7.7800,7.8900,36300
2011-03-18,8.2100,8.3800,7.8000,8.0800,94200
2011-03-11,7.7200,8.3900,7.7200,8.2900,228200
2011-03-04,6.7600,7.9700,6.7500,7.8800,402900
2011-02-25,7.2200,7.4400,6.5300,6.7500,45100
2011-02-18,7.4200,7.7300,6.8300,7.2900,124200
2011-02-11,7.7600,7.8200,7.2700,7.3100,98300
2011-02-04,6.6100,7.8800,6.5000,7.6730,399800
2011-01-28,4.2500,6.7300,4.2500,6.6200,562700
2011-01-21,4.3400,4.5000,4.2400,4.2501,50900
2011-01-14,4.2300,4.4200,4.2000,4.3000,371000
2011-01-07,4.4100,4.4300,4.2300,4.2500,96400
2010-12-31,4.0200,4.4300,4.0100,4.2000,192400
2010-12-23,4.1500,4.2036,4.0800,4.1200,16000
2010-12-17,4.1400,4.2600,4.1000,4.2300,53000
2010-12-10,3.9300,4.3200,3.9300,4.1400,46500
2010-12-03,4.1299,4.3500,3.9100,3.9900,76300
2010-11-26,4.0400,4.2699,3.6850,4.0900,56200
2010-11-19,4.4100,4.4200,4.0400,4.0800,71800
2010-11-12,4.6200,4.7100,4.3400,4.4300,93900
2010-11-05,4.6600,4.7290,4.4800,4.6301,68500
2010-10-29,4.8900,4.8900,4.4200,4.7400,126000
2010-10-22,4.8900,5.0000,4.8200,4.8200,61500
2010-10-15,5.0600,5.0600,4.7900,4.9100,76700
2010-10-08,4.8500,5.1000,4.8500,5.1000,192500
2010-10-01,4.8500,5.0398,4.8300,4.9490,49500
2010-09-24,4.8500,4.9700,4.5700,4.8500,38200
2010-09-17,4.8200,4.9700,4.7100,4.8900,58300
2010-09-10,4.7700,4.9500,4.6100,4.8600,66000
2010-09-03,4.6500,4.9400,4.5000,4.8200,112200
2010-08-27,4.8800,4.8800,4.6500,4.6700,47600
2010-08-20,4.9600,4.9800,4.7500,4.8800,68200
2010-08-13,4.9000,5.0000,4.8800,4.9600,25700
2010-08-06,4.8600,4.9700,4.7200,4.9300,74900
2010-07-30,4.3500,4.8500,4.3500,4.8100,65600
2010-07-23,4.4800,4.6500,4.1500,4.5200,73700
2010-07-16,4.5900,4.7700,3.9800,4.4600,86400
2010-07-09,4.0700,4.7400,3.7700,4.5400,139000
2010-07-02,4.6700,4.7000,3.8300,4.0000,132400
2010-06-25,5.1000,5.2500,4.6400,4.6500,143500
2010-06-18,5.3100,5.5800,5.0700,5.2300,119700
2010-06-11,5.4700,5.4700,5.0900,5.3300,36600
2010-06-04,5.3600,5.9100,5.0000,5.4700,62500
2010-05-28,5.1900,5.9500,5.0500,5.3300,70600
2010-05-21,5.6100,5.7400,4.9000,5.0800,149200
2010-05-14,5.1000,5.9200,5.0700,5.5900,135300
2010-05-07,5.9900,6.0600,4.6900,5.0300,123900
2010-04-30,5.8500,6.1100,5.8100,5.9900,89900
2010-04-23,6.0400,6.1200,5.6100,5.8600,113200
2010-04-16,6.0300,6.2000,5.9400,6.1400,91600
2010-04-09,5.9800,6.2500,5.8500,6.1000,111800
2010-04-01,5.7500,5.9800,5.6000,5.9800,60800
2010-03-26,5.0400,5.8400,4.9000,5.6000,190400
2010-03-19,5.4000,6.3000,4.5900,5.0000,620900
2010-03-12,4.8100,5.4000,4.8100,5.4000,118100
2010-03-05,4.2300,4.8775,4.2300,4.8000,125500
2010-02-26,4.4400,4.5500,4.1000,4.1000,98900
2010-02-19,4.4900,4.5400,4.2695,4.4000,53100
2010-02-12,4.3100,4.5500,3.8900,4.5200,160600
2010-02-05,4.3600,4.4200,4.1500,4.2300,39100
2010-01-29,4.2000,4.5000,3.7500,4.3600,117500
2010-01-22,4.1300,4.1300,3.4400,4.0800,84400
2010-01-15,3.4200,4.2000,3.3000,4.2000,92900
2010-01-08,3.4600,3.6500,3.3500,3.4000,48400
2009-12-31,3.4800,3.6000,3.2700,3.4800,45900
2009-12-24,3.3800,3.6400,3.2500,3.5000,66900
2009-12-18,3.5400,3.9500,3.3600,3.3700,239600
2009-12-11,3.7000,3.8900,3.3600,3.5299,63000
2009-12-04,3.4900,3.7899,3.4100,3.6900,44600
2009-11-27,3.5000,3.7600,3.4200,3.4720,69500
2009-11-20,3.6800,4.0000,3.3700,3.4100,122800
2009-11-13,3.6000,3.8700,3.5800,3.5900,88300
2009-11-06,3.8400,3.9200,3.5500,3.5900,204600
2009-10-30,4.4100,4.4385,3.5800,3.8600,139200
2009-10-23,4.5000,4.8000,4.3480,4.4800,76200
2009-10-16,4.1000,4.8400,4.0600,4.4900,174200
2009-10-09,4.4600,4.6300,3.8200,4.0500,127871
2009-10-02,4.9000,4.9000,3.4000,4.6000,127100
2009-09-25,4.4200,4.7750,3.8200,4.4550,76500
2009-09-18,4.3800,4.5500,4.2500,4.2500,102800
2009-09-11,4.5900,5.1000,3.9000,4.3500,146700
2009-09-04,4.7500,5.1000,4.4400,4.4700,315600
2009-08-28,3.5200,4.9700,3.5200,4.7500,522300
2009-08-21,3.0600,3.6700,2.7000,3.3700,109800
2009-08-14,3.0500,3.3100,2.9700,2.9700,53800
2009-08-07,2.4400,3.2400,2.4400,3.1300,70300
2009-07-31,2.3900,2.5500,2.1650,2.5000,66100
2009-07-24,2.5700,2.6200,1.7600,2.4000,56800
2009-07-17,2.4100,2.6500,2.4001,2.4800,62800
2009-07-10,2.5900,2.7800,2.5600,2.6300,76800
2009-07-02,2.5500,2.7600,2.5500,2.7500,34400
2009-06-26,2.3000,2.7400,1.9440,2.5600,135100
2009-06-19,2.6300,2.8000,2.3400,2.3400,50750
2009-06-12,2.2600,3.0000,2.1901,2.7500,70400
2009-06-05,2.2400,2.4000,2.1500,2.2700,48800
2009-05-29,2.0700,2.6100,1.8600,2.1200,83200
2009-05-22,2.2299,2.3000,1.8700,2.0200,83700
2009-05-15,2.3500,2.3500,1.8600,1.9400,70900
2009-05-08,2.3500,2.7500,2.2800,2.3700,172400
2009-05-01,1.9400,2.5800,1.8000,2.3500,163700
2009-04-24,2.0300,2.0300,1.7900,1.9100,111700
2009-04-17,1.9600,2.1000,1.7800,2.0700,123000
2009-04-09,1.5600,2.0600,1.5600,1.9600,70000
2009-04-03,1.8400,2.1100,1.5700,1.6600,171900
2009-03-27,1.0400,1.9700,1.0000,1.9700,168200
2009-03-20,0.9000,1.0400,0.8800,1.0400,173000
2009-03-13,0.8500,0.9500,0.7800,0.8500,126607
2009-03-06,1.0000,1.0700,0.6200,0.8180,183900
2009-02-27,1.2500,1.4000,0.9600,0.9600,571200
2009-02-20,1.5500,1.7500,0.9600,1.0000,1343700
2009-02-13,2.0600,2.1100,1.8400,1.9700,90600
2009-02-06,3.1400,3.1700,1.9900,2.0600,240200
2009-01-30,2.9900,3.2900,2.6200,3.2900,82100
2009-01-23,2.8800,3.0800,2.5100,2.6600,70100
2009-01-16,3.2800,3.4300,2.7516,2.9000,181500
2009-01-09,3.2900,3.8800,3.0600,3.1500,132900
2009-01-02,3.2900,3.4200,3.0201,3.4000,281800
2008-12-26,3.6900,3.6900,3.0400,3.3100,70400
2008-12-19,3.3000,3.7700,3.0100,3.6900,256800
2008-12-12,3.9800,3.9900,3.1100,3.4100,109900
2008-12-05,4.2700,4.3500,3.3800,3.7400,88300
2008-11-28,3.5300,4.4900,3.1901,4.2500,198200
2008-11-21,3.9400,3.9800,3.1000,3.5700,118800
2008-11-14,4.5400,6.1270,3.3300,3.8500,134500
2008-11-07,4.5000,5.6500,4.5000,4.6100,248400
2008-10-31,4.1000,4.5100,3.9000,4.4100,183500
2008-10-24,5.7700,5.9600,3.5000,4.0500,429500
2008-10-17,6.6500,6.7500,5.7700,5.8900,440200
2008-10-10,8.4100,8.4100,6.4900,6.5200,322600
2008-10-03,9.1100,9.1100,8.2500,8.6100,323300
2008-09-26,10.4400,10.4400,9.0000,9.4100,172600
2008-09-19,10.1400,10.6900,9.0200,10.2300,191400
2008-09-12,10.3000,10.7100,9.6000,10.1500,315900
2008-09-05,10.4100,11.0000,9.8200,10.2600,99900
2008-08-29,10.5600,10.7399,9.7320,10.2800,227400
2008-08-22,11.7700,11.9000,10.4400,10.5100,94500
2008-08-15,12.0000,12.0600,11.6000,11.9200,106100
2008-08-08,11.6100,12.0000,11.2000,12.0000,137400
2008-08-01,11.6000,12.0000,11.3100,11.8000,106600
2008-07-25,11.8100,11.9600,11.0400,11.7800,174400
2008-07-18,11.7400,11.9200,10.7900,11.7900,216300
2008-07-11,11.8800,12.0800,11.5100,12.0700,258700
2008-07-03,11.9500,12.2100,11.7200,11.8500,134500
2008-06-27,12.0600,12.1500,11.7100,11.9100,135600
2008-06-20,11.9200,12.1700,11.7000,12.0600,198100
2008-06-13,11.9300,11.9400,11.7000,11.8300,111500
2008-06-06,12.0100,12.0500,11.8300,11.8300,147700
2008-05-30,12.2200,12.2200,11.9500,11.9900,157900
2008-05-23,12.0000,12.2800,11.9500,12.1700,179400
2008-05-16,12.7000,12.8400,11.9000,11.9700,283100
2008-05-09,12.1900,13.0600,11.9000,12.5700,1004600
2008-05-02,11.9400,12.4300,11.8105,12.1600,248200
2008-04-25,11.9500,12.3800,11.6400,11.8600,241900
2008-04-18,11.8200,12.4300,11.3100,11.9000,258200
2008-04-11,13.3100,13.4099,11.6400,11.8400,270700
2008-04-04,12.4700,13.2400,12.2200,13.1200,220600
2008-03-28,12.2500,13.2300,11.8500,12.4900,373000
2008-03-20,11.3600,12.1500,11.2400,12.1400,168400
2008-03-14,11.4300,11.9200,10.7100,11.4700,161300
2008-03-07,11.7400,11.9700,10.0000,11.4200,192000
2008-02-29,12.0600,12.6000,11.5200,11.7400,135700
2008-02-22,12.0100,12.2800,11.3100,12.0300,189400
2008-02-15,12.0600,12.6000,11.7600,11.9300,277600
2008-02-08,13.1900,13.1900,11.6000,12.0100,428000
2008-02-01,11.1000,13.1700,10.3600,12.8700,415200
2008-01-25,10.7200,12.0000,10.5800,11.0800,310600
2008-01-18,10.4600,11.9400,10.0500,10.8800,604200
2008-01-11,9.8500,10.5300,9.6800,10.4000,418300
2008-01-04,9.1000,10.1600,8.9200,10.0000,315100
2007-12-28,8.6400,9.1500,8.5700,9.1000,387500
2007-12-21,9.0700,9.3300,8.5500,8.7000,369240
2007-12-14,9.2700,9.8099,9.0300,9.0300,216900
2007-12-07,9.0000,9.1000,8.6500,9.0500,241100
2007-11-30,10.0000,10.0000,8.7000,8.9000,629500
2007-11-23,10.4300,10.4301,9.4100,9.6900,216100
2007-11-16,9.9500,10.3600,9.7500,10.3300,416800
2007-11-09,10.2300,10.5500,9.5800,9.9800,349700
2007-11-02,10.5400,10.6400,10.1600,10.4200,344800
2007-10-26,10.5100,10.7400,10.5000,10.5500,377400
2007-10-19,10.6000,10.7100,10.2800,10.5200,347900
2007-10-12,10.5600,10.7200,10.3700,10.5300,197200
2007-10-05,10.3600,10.7500,10.0000,10.6600,398300
2007-09-28,11.1200,11.2000,10.3200,10.3800,280100
2007-09-21,11.4700,11.4800,11.0300,11.1600,85900
2007-09-14,11.5500,11.5500,11.1200,11.2800,146500
2007-09-07,11.5900,11.6600,11.3400,11.6000,134600
2007-08-31,11.2700,11.8900,11.1300,11.5400,94000
2007-08-24,11.7700,12.3700,11.0500,11.3800,260600
2007-08-17,13.2000,13.8000,11.0500,11.6300,146000
2007-08-10,12.6000,13.3200,12.3000,13.1100,141200
2007-08-03,13.3900,13.4500,12.5300,12.5700,103800
2007-07-27,13.1500,14.0800,13.1500,13.3800,119900
2007-07-20,13.8800,14.1700,13.6000,14.0400,133900
2007-07-13,13.4600,13.9800,13.3300,13.8800,96800
2007-07-06,13.6900,13.9400,13.3100,13.4000,63900
2007-06-29,13.9800,14.1800,13.5500,13.6500,116900
2007-06-22,13.7100,14.1000,13.4800,14.0000,74600
2007-06-15,13.4500,13.7200,13.4300,13.6900,143800
2007-06-08,14.2000,14.3500,13.4000,13.5100,107600
2007-06-01,14.2000,14.5300,13.8800,14.2500,104200
2007-05-25,13.5000,14.7500,13.4500,14.0800,304933
2007-05-18,13.5000,13.8800,13.2500,13.5000,564600
2007-05-11,14.0300,14.0300,13.5000,13.5700,76188
2007-05-04,14.7900,14.8400,13.7900,13.9800,145000
2007-04-27,14.9000,14.9000,14.6100,14.7300,105300
2007-04-20,14.9000,15.1700,14.4900,14.8200,338500
2007-04-13,14.9550,14.9900,14.2300,14.8000,122400
2007-04-05,14.6700,15.2600,14.4300,14.9600,79000
2007-03-30,15.3900,15.4900,14.6600,14.7200,67400
2007-03-23,15.5200,15.7400,15.0100,15.4900,84600
2007-03-16,15.7500,15.7900,15.4000,15.5300,81400
2007-03-09,15.2300,16.4700,14.9000,15.5300,269900
2007-03-02,16.3500,16.7050,15.0100,15.2100,106000
2007-02-23,15.8000,16.2800,15.5860,16.2600,80900
2007-02-16,15.8000,16.0400,15.4400,15.7100,73500
2007-02-09,15.6800,15.9900,15.6000,15.7900,114400
2007-02-02,15.9800,15.9800,15.4000,15.5500,87900
2007-01-26,15.9900,16.1400,15.0000,15.9500,185600
2007-01-19,15.9500,16.5000,15.9500,16.3900,66100
2007-01-12,16.0000,16.3410,15.9300,16.0000,106100
2007-01-05,16.4900,16.9400,16.0500,16.0600,75100
2006-12-29,17.5900,17.6000,15.8500,16.3400,234000
2006-12-22,18.6550,18.7500,17.6700,17.6900,110000
2006-12-15,18.3400,18.8000,18.2600,18.7400,113500
2006-12-08,17.8700,18.4200,17.7300,18.2900,92700
2006-12-01,17.2900,17.8500,17.0200,17.8500,124300
2006-11-24,16.8300,17.5700,16.8300,17.3800,85300
2006-11-17,16.3100,16.8500,16.0800,16.7900,172300
2006-11-10,16.1900,16.5000,16.1700,16.3400,76100
2006-11-03,16.3600,16.5200,16.0000,16.1400,83400
2006-10-27,16.3900,16.4800,15.6800,16.3200,134800
2006-10-20,15.9800,16.5900,15.9800,16.3600,160200
2006-10-13,15.5300,16.2900,15.4000,16.0300,146100
2006-10-06,16.2700,16.2900,15.2200,15.5000,139000
2006-09-29,16.7200,17.0200,15.6000,16.2400,201500
2006-09-22,17.0000,17.0300,16.6700,16.8900,230100
2006-09-15,17.0200,17.2200,16.8900,17.0300,140200
2006-09-08,16.8900,17.0900,16.7700,17.0700,118500
2006-09-01,16.9400,17.6700,16.8400,16.9200,84900
2006-08-25,17.5600,17.7400,16.7600,16.9000,132300
2006-08-18,16.8000,17.7200,16.2500,17.6300,117400
2006-08-11,17.7000,17.8300,16.7500,16.8500,89300
2006-08-04,17.6700,18.0900,17.1300,17.7400,201400
2006-07-28,17.0400,18.1600,16.9800,17.6000,158200
2006-07-21,16.8100,17.1400,16.6500,17.1000,181300
2006-07-14,17.0000,17.2900,16.6200,16.8600,229500
2006-07-07,18.2600,18.2600,17.0000,17.0100,124300
2006-06-30,16.7100,18.5100,16.5625,18.5100,1244800
2006-06-23,16.8900,17.0900,16.5200,16.7400,174500
2006-06-16,16.7600,17.7900,16.5100,17.0300,316900
2006-06-09,16.8400,17.0000,16.4100,16.4600,230200
2006-06-02,17.1600,17.7400,16.6800,17.0100,136000
2006-05-26,16.7500,17.9400,16.5200,17.3600,151400
2006-05-19,17.3200,17.5600,16.5000,16.7900,238000
2006-05-12,18.8100,18.9300,17.2500,17.3200,125500
2006-05-05,18.2900,18.9900,18.2900,18.9800,120000
2006-04-28,19.3800,19.3800,18.2400,18.4400,77600
2006-04-21,18.4700,19.3700,18.0100,19.2600,107900
2006-04-13,18.7400,19.4100,18.0000,18.3100,83100
2006-04-07,19.8900,19.9500,18.7600,18.9000,98400
2006-03-31,19.0100,19.9700,19.0000,19.9500,76600
2006-03-24,19.3900,19.9400,19.1100,19.2600,116000
2006-03-17,18.9900,19.5000,18.9500,19.4500,196200
2006-03-10,19.2700,19.3600,18.7000,19.2700,109900
2006-03-03,19.5000,19.6700,19.1000,19.1900,119700
2006-02-24,19.5900,19.6000,19.0700,19.6000,82000
2006-02-17,18.9500,19.6800,18.7000,19.3700,82200
2006-02-10,18.8800,19.0900,18.6300,18.9900,54300
2006-02-03,19.5200,19.6500,18.5300,18.9100,127400
2006-01-27,19.0200,19.5100,18.6000,19.5100,188800
2006-01-20,18.9000,19.4700,18.4700,19.0900,172300
2006-01-13,18.2900,19.2500,18.2900,18.7600,94400
2006-01-06,18.4700,18.6800,18.0400,18.3900,96800
2005-12-30,18.0400,18.5000,17.9101,18.5000,105500
2005-12-23,18.1600,18.8000,17.9700,18.0700,115400
2005-12-16,18.1300,18.4000,17.9200,17.9900,150200
2005-12-09,18.6000,18.6000,18.0300,18.3000,73500
2005-12-02,18.1510,18.9600,18.0000,18.7700,94600
2005-11-25,18.0900,18.5100,17.7800,18.3900,64300
2005-11-18,19.0200,19.0200,17.7100,18.2200,70700
2005-11-11,19.6800,19.7000,18.8700,18.9900,68900
2005-11-04,18.3000,19.6800,18.3000,19.4700,93900
2005-10-28,18.1800,18.8700,17.8000,18.3900,97500
2005-10-21,18.4400,18.7900,17.5200,17.8600,151600
2005-10-14,18.2000,18.6200,17.9100,18.4400,111100
2005-10-07,18.7200,19.4600,18.0000,18.3000,106300
2005-09-30,18.2100,18.9800,17.7700,18.6200,117100
2005-09-23,18.3000,18.4100,18.0200,18.1200,92200
2005-09-16,18.8300,19.1900,18.3200,18.4000,228600
2005-09-09,19.0000,19.1900,18.5700,18.7100,49400
2005-09-02,19.0300,19.5100,18.5100,18.8900,132700
2005-08-26,19.2500,19.6600,19.1700,19.2000,87900
2005-08-19,19.4100,19.8200,19.2000,19.4300,126700
2005-08-12,19.5100,19.9700,19.2800,19.4100,282100
2005-08-05,18.9200,19.9700,18.7800,19.4300,183100
2005-07-29,19.5200,19.9400,19.1900,19.5500,272800
2005-07-22,19.7700,19.8100,19.0700,19.6850,125200
2005-07-15,20.0000,20.2900,19.0700,19.8700,133400
2005-07-08,18.7800,20.0000,18.7200,20.0000,86300
2005-07-01,18.5300,19.5000,18.1000,18.9600,227800
2005-06-24,18.9100,19.0800,18.5500,18.5600,128100
2005-06-17,18.8900,19.3800,18.6600,18.9900,263600
2005-06-10,19.2900,19.3200,18.7300,18.9400,228600
2005-06-03,19.6000,19.9300,19.0600,19.2500,169200
2005-05-27,19.3990,19.7800,18.9500,19.5000,152300
2005-05-20,18.0100,19.1700,18.0100,18.8500,86400
2005-05-13,19.2900,19.2900,18.1800,18.1800,153700
2005-05-06,19.6000,19.7500,18.8400,19.2100,323100
2005-04-29,19.7100,20.3000,19.3900,19.6400,148100
2005-04-22,19.6100,20.3500,19.3300,19.4400,205400
2005-04-15,20.3000,20.3000,19.6000,19.8300,123100
2005-04-08,19.6500,21.1700,19.4000,19.9500,239100
2005-04-01,18.4300,19.8500,18.4300,19.3700,192000
2005-03-24,19.3300,19.4200,18.4500,18.4600,77900
2005-03-18,19.5900,19.7700,18.6700,19.3300,183500
2005-03-11,19.6900,19.8300,18.4500,19.2900,93100
2005-03-04,18.8200,19.9000,18.3500,19.5100,137800
2005-02-25,18.7500,19.2000,18.1800,19.1800,241800
2005-02-18,18.4000,19.1700,18.1200,19.1200,136800
2005-02-11,18.0900,18.5900,17.8100,18.4500,143900
2005-02-04,18.7500,19.0000,18.1300,18.2800,122800
2005-01-28,18.5700,18.9010,18.0000,18.3100,112400
2005-01-21,18.4500,19.2400,18.1100,18.1300,134500
2005-01-14,18.8300,19.6000,18.3100,18.7200,132200
2005-01-07,19.5000,19.8000,18.6000,18.9000,180100
2004-12-31,19.9000,19.9000,19.1800,19.6250,50200
2004-12-23,18.9100,20.0000,18.9100,19.4800,81800
2004-12-17,18.8000,19.5900,18.8000,19.3200,98900
2004-12-10,19.5400,19.8100,18.5100,18.7000,164100
2004-12-03,20.0000,20.4900,19.0100,20.0000,165100
2004-11-26,18.7600,19.9400,18.7600,19.7400,61600
2004-11-19,19.1000,19.1000,18.5000,18.5000,77400
2004-11-12,18.8400,19.1000,18.3000,19.1000,130900
2004-11-05,18.4700,19.1400,18.3000,18.8200,105700
2004-10-29,18.3500,19.2500,18.0500,18.5000,170600
2004-10-22,19.4300,19.4300,18.1400,18.2500,134000
2004-10-15,17.9400,19.4400,17.8000,18.7600,148700
2004-10-08,18.2800,18.6200,17.8000,18.0400,257700
2004-10-01,19.3900,20.3390,18.0500,18.5160,211600
2004-09-24,20.1200,20.3500,19.3100,19.5300,79200
2004-09-17,19.8000,21.1200,19.3000,20.1600,131400
2004-09-10,18.4900,20.2500,18.4900,20.0600,84700
2004-09-03,18.5400,20.1300,18.3400,19.2500,114800
2004-08-27,19.4300,19.9700,18.5200,18.8500,78300
2004-08-20,18.6900,19.3900,18.2000,19.3900,183500
2004-08-13,18.8500,19.0300,18.0000,18.5000,162300
2004-08-06,19.0300,19.5600,18.4700,18.4900,113300
2004-07-30,18.9000,20.4200,18.6000,19.1000,189000
2004-07-23,20.2600,21.0600,18.7900,18.9600,159700
2004-07-16,20.0700,21.5200,20.0000,20.2600,174300
2004-07-09,21.3800,21.3800,19.2500,20.0000,160800
2004-07-02,19.1500,22.5100,18.9300,21.3200,326800
2004-06-25,16.7900,19.1750,16.7400,18.5300,294500
2004-06-18,17.8600,17.8600,16.8500,17.1900,224700
2004-06-10,17.1200,17.6700,17.0100,17.4400,104400
2004-06-04,18.8300,19.4400,17.0800,17.1200,116500
2004-05-28,18.6100,19.3500,17.7200,19.0400,133700
2004-05-21,16.9600,18.5800,16.2500,18.5600,148600
2004-05-14,16.9410,17.4300,16.4000,17.0100,230600
2004-05-07,18.1350,18.6600,16.5200,17.0000,213200
2004-04-30,19.6300,19.9200,17.9400,17.9400,203900
2004-04-23,19.1000,20.1200,19.1000,20.1200,98500
2004-04-16,18.8500,20.0000,18.8500,19.2500,150300
2004-04-08,21.0000,21.0000,18.8300,19.1500,335400
2004-04-02,20.8500,21.0000,19.3000,20.9200,240600
2004-03-26,19.2510,20.6800,18.9600,19.3000,189400
2004-03-19,19.9300,20.1500,18.5700,19.2400,138800
2004-03-12,21.8200,21.9500,19.2100,20.1100,182900
2004-03-05,19.5700,22.8390,19.5500,21.8700,183400
2004-02-27,21.5000,22.7500,19.8500,20.6900,146000
2004-02-20,21.5300,22.7300,20.7000,22.6800,122400
2004-02-13,21.5200,23.7500,21.2300,21.5300,271800
2004-02-06,21.4000,22.4600,21.4000,22.0000,221300
2004-01-30,22.0000,22.0200,20.8500,21.6200,194600
2004-01-23,21.7500,22.0500,19.6500,21.8700,212200
2004-01-16,18.3500,23.0500,18.0000,20.9500,565700
2004-01-09,16.5700,18.2400,16.5700,18.0000,207200
2004-01-02,16.4600,17.5000,16.3200,16.3200,83700
2003-12-26,15.6000,16.5000,15.4500,16.4200,79100
2003-12-19,16.2000,16.2500,15.3100,15.8300,157700
2003-12-12,16.5400,17.0000,15.4500,15.8900,221700
2003-12-05,16.8600,17.2000,15.9300,16.2200,184800
2003-11-28,15.4300,16.7400,15.4300,16.3710,133100
2003-11-21,15.2200,15.7300,15.0000,15.4300,87900
2003-11-14,17.1400,17.1400,15.4600,15.5500,133600
2003-11-07,16.0600,17.3200,15.4800,17.3200,132400
2003-10-31,15.5300,16.1900,15.2300,15.7300,129100
2003-10-24,15.6900,16.1600,15.1500,15.2300,126300
2003-10-17,14.3400,16.0000,14.3400,15.6990,101200
2003-10-10,14.6200,15.4200,14.3400,14.3400,149900
2003-10-03,13.5700,15.0000,13.4400,14.8400,169200
2003-09-26,14.3510,15.0000,13.5100,13.5500,96200
2003-09-19,15.2000,15.5000,14.3500,14.3600,94100
2003-09-12,14.5000,15.1400,13.8310,14.5400,121400
2003-09-05,14.1000,15.0000,13.7800,14.3400,97700
2003-08-29,13.7800,14.3400,13.4800,13.8600,132900
2003-08-22,13.5000,14.2000,13.5000,13.7900,162800
2003-08-15,13.6000,13.8700,13.5100,13.7100,46200
2003-08-08,13.5000,13.8900,13.1200,13.7200,89300
2003-08-01,13.5000,13.9800,13.5000,13.6000,93700
2003-07-25,13.9300,14.4100,13.1100,13.6400,183400
2003-07-18,14.3100,14.6550,13.8900,14.0300,88900
2003-07-11,13.8500,14.8500,13.7900,14.6100,111500
2003-07-03,13.5900,14.2300,13.0400,13.6000,129500
2003-06-27,14.2200,14.5500,13.0900,13.4500,162100
2003-06-20,14.4390,15.1500,14.0000,14.4900,92600
2003-06-13,14.3500,15.4000,14.0200,14.3500,120400
2003-06-06,13.5900,15.1000,13.5000,14.6900,186200
2003-05-30,12.0000,13.7500,12.0000,13.7490,157600
2003-05-23,12.0800,12.2800,11.7500,12.0710,98300
2003-05-16,11.8900,12.3100,11.4000,11.8500,222300
2003-05-09,12.5100,12.6500,11.5000,11.8900,155400
2003-05-02,11.7500,12.5500,11.6400,12.4200,107700
2003-04-25,11.2100,11.7200,11.0000,11.6000,116800
2003-04-17,10.5500,11.3000,10.5500,11.1600,70700
2003-04-11,11.1900,11.1900,10.5200,10.6200,168900
2003-04-04,10.5100,11.0900,10.3500,11.0000,88000
2003-03-28,11.8400,11.8500,9.8600,10.5300,253800
2003-03-21,11.0000,11.9900,10.7500,11.3000,163600
2003-03-14,11.4100,11.4100,10.5300,11.0500,241400
2003-03-07,11.7400,12.9200,11.1700,11.2000,117700
2003-02-28,11.9700,12.2000,11.2400,11.6800,128000
2003-02-21,12.8500,13.1600,12.0000,12.1000,66700
2003-02-14,13.1100,13.1100,11.7000,12.7300,132700
2003-02-07,14.0100,14.2400,13.0000,13.0000,102400
2003-01-31,13.9300,14.4200,13.5200,14.2400,106300
2003-01-24,13.6800,13.9700,13.6000,13.6300,83500
2003-01-17,13.6700,13.9800,13.2700,13.6000,223700
2003-01-10,14.0500,14.5000,13.1400,13.5300,177900
2003-01-03,13.8200,14.6300,13.8200,14.0500,122800
2002-12-27,13.9700,14.8900,13.7100,14.0500,46000
2002-12-20,14.5000,14.5000,13.3600,13.4100,123800
2002-12-13,14.0400,14.5500,13.6000,14.1000,178600
2002-12-06,14.0100,14.1100,13.6000,13.8900,56200
2002-11-29,13.8000,14.3200,13.4100,13.5100,75600
2002-11-22,13.2400,14.3500,13.0200,14.1300,92200
2002-11-15,14.3400,14.3500,13.0100,13.4500,53000
2002-11-08,13.9900,14.9400,13.6900,14.0000,80300
2002-11-01,13.8700,14.1400,12.3000,13.8900,232100
2002-10-25,14.8600,15.0000,13.4700,13.8600,69400
2002-10-18,13.2700,14.9200,13.0000,14.8400,54400
2002-10-11,13.7200,14.4900,12.3800,13.0900,181800
2002-10-04,13.7600,14.1500,13.6500,13.7500,182900
2002-09-27,14.3000,14.9400,12.5000,13.6500,96000
2002-09-20,14.5100,15.0000,13.7200,14.1200,128300
2002-09-13,14.0700,15.0000,14.0700,14.9900,79500
2002-09-06,14.3500,14.6800,13.9200,14.5400,75300
2002-08-30,13.6000,15.1500,13.6000,14.5100,167700
2002-08-23,14.5000,15.0000,14.3500,14.7400,84400
2002-08-16,14.7500,15.0000,13.7600,14.4000,98400
2002-08-09,14.2200,15.0500,14.2000,14.7500,64400
2002-08-02,14.0500,15.4000,14.0500,14.2000,65500
2002-07-26,14.2500,14.6900,13.6500,14.4000,104200
2002-07-19,15.5900,15.6000,13.6000,14.2900,334400
2002-07-12,16.3000,16.7500,15.4100,15.4200,170700
2002-07-05,18.7600,19.3400,16.1000,16.4700,135800
2002-06-28,19.7700,19.7700,16.8800,19.5000,228600
2002-06-21,17.8400,19.7500,17.5500,19.7400,152600
2002-06-14,17.5600,17.9000,16.1000,17.5100,104500
2002-06-07,18.1000,19.0300,16.0000,17.1700,292100
2002-05-31,18.9500,19.2000,17.0600,18.3600,276800
2002-05-24,19.5000,19.5300,18.4000,18.6200,109400
2002-05-17,19.4700,19.9900,19.1300,19.5100,129100
2002-05-10,20.7800,21.7300,19.2500,19.2500,243000
2002-05-03,21.7300,21.7500,18.7500,20.8900,185200
2002-04-26,21.0700,21.9600,20.5000,20.9500,138100
2002-04-19,21.1500,21.7600,20.3000,21.4100,113900
2002-04-12,20.1500,21.8000,20.0000,21.0900,116900
2002-04-05,20.7200,21.2500,20.0000,21.0000,79000
2002-03-28,19.5800,21.4000,19.4900,20.5000,207400
2002-03-22,20.3000,20.3000,18.9800,19.5000,221900
2002-03-15,18.7600,20.9000,18.5000,19.9500,332400
2002-03-08,16.8100,19.3000,16.8100,19.1000,209300
2002-03-01,17.5000,17.5000,15.8400,17.3900,113600
2002-02-22,17.1500,18.0500,16.5000,17.0800,191100
2002-02-15,15.6000,17.2300,15.2000,16.9600,135200
2002-02-08,15.4300,15.8000,15.0000,15.6000,62100
2002-02-01,14.2000,15.6700,13.8800,15.5500,190300
2002-01-25,14.2300,14.9000,14.2100,14.8700,48600
2002-01-18,14.8600,15.3000,14.1200,14.2500,84700
2002-01-11,14.9900,15.3900,14.6500,14.9000,104900
2002-01-04,14.0000,14.9900,13.6000,14.7700,144300
2001-12-28,14.5000,14.7700,13.9600,13.9900,53700
2001-12-21,15.5000,15.8100,14.2500,14.4500,283100
2001-12-14,14.9100,15.8000,14.6600,15.5000,47600
2001-12-07,15.8000,15.8000,14.2000,15.0300,109300
2001-11-30,14.0900,14.9000,14.0900,14.6400,86700
2001-11-23,14.4400,14.9400,13.1400,14.7400,39300
2001-11-16,14.1400,14.6900,14.0800,14.4000,60200
2001-11-09,13.3600,14.4700,13.3600,14.0200,64200
2001-11-02,14.2900,15.2500,13.8000,13.9100,111300
2001-10-26,14.3300,15.2000,13.9000,14.9300,60200
2001-10-19,13.1000,14.6500,12.6900,14.0100,90200
2001-10-12,13.4500,13.7500,13.0000,13.7500,130300
2001-10-05,14.0000,14.0000,12.7000,13.3500,48200
2001-09-28,12.3500,14.1000,12.3000,13.9700,160600
2001-09-21,14.5100,14.9500,12.0400,12.6000,149800
2001-09-10,14.7500,14.8600,14.5100,14.8000,15700
2001-09-07,15.4300,15.6800,13.9500,14.8600,128900
2001-08-31,15.3700,15.8200,14.9500,15.3500,89000
2001-08-24,15.3100,15.5000,14.8000,15.2400,95900
2001-08-17,15.0700,15.5000,14.6700,15.3100,149000
2001-08-10,14.7300,15.4200,14.0000,15.2500,76700
2001-08-03,14.2000,15.3000,13.8600,14.3400,151500
2001-07-27,13.8500,14.6000,13.8500,14.5500,114800
2001-07-20,13.5500,14.1500,13.4800,14.1200,155900
2001-07-13,13.0700,13.7400,12.9200,13.5300,96900
2001-07-06,13.3900,13.6300,13.0000,13.0700,86500
2001-06-29,13.5600,14.9500,12.5800,12.5800,254100
2001-06-22,13.6400,13.9900,12.7500,13.5300,118200
2001-06-15,13.5500,14.5000,13.5000,13.9400,44000
2001-06-08,14.1500,14.7500,13.5000,14.5300,114500
2001-06-01,14.2000,15.8200,13.5000,14.1700,189000
2001-05-25,14.4900,15.0200,14.0000,14.9000,155400
2001-05-18,14.1100,14.5300,14.1000,14.4600,250600
2001-05-11,14.0000,14.3800,13.7500,14.3200,186700
2001-05-04,13.9900,14.3800,12.1000,13.6500,126800
2001-04-27,13.5500,14.1200,13.5000,13.9900,162700
2001-04-20,13.9000,14.1000,13.4500,13.9000,215700
2001-04-12,13.1400,14.1200,13.0000,13.9600,123500
2001-04-06,12.4400,13.1300,12.1900,13.0000,55100
2001-03-30,11.8100,12.8100,11.8100,12.7500,72800
2001-03-23,12.0000,12.8100,11.1300,11.9400,89000
2001-03-16,14.0800,14.5000,11.6300,12.1300,215600
2001-03-09,14.2200,14.9400,14.0000,14.1900,80800
2001-03-02,13.7200,14.7500,13.5600,14.5000,131100
2001-02-23,14.3100,14.6300,13.1300,13.7500,91900
2001-02-16,14.3800,15.0600,14.1900,14.8100,161100
2001-02-09,13.0600,15.5000,12.7500,15.0000,149800
2001-02-02,12.7500,13.8800,12.1900,12.8100,152500
2001-01-26,11.6700,13.0000,11.0600,12.5600,171100
2001-01-19,11.0600,11.6900,10.7500,11.5000,136300
2001-01-12,10.8800,11.4400,10.6300,11.0000,161800
2001-01-05,11.6300,11.7500,10.8800,10.8800,113400
2000-12-29,9.7500,11.2500,9.7500,11.2500,228800
2000-12-22,10.7500,10.7500,9.7500,9.8130,374300
2000-12-15,11.5000,11.6300,10.2500,10.7500,131400
2000-12-08,11.2500,11.9400,10.6300,11.8100,651900
2000-12-01,11.6300,13.2500,11.2500,11.2500,265000
2000-11-24,11.5000,11.7500,11.4400,11.7500,59300
2000-11-17,11.7500,12.3800,11.5600,12.0000,306900
2000-11-10,11.8600,12.6300,11.7500,11.8800,43500
2000-11-03,11.6600,12.6300,11.5600,11.7500,131600
2000-10-27,12.2800,12.2800,11.4400,11.5000,156700
2000-10-20,14.1300,14.1300,11.8800,11.8800,65200
2000-10-13,14.0000,14.1300,13.8800,13.8800,58800
2000-10-06,13.9100,14.7500,13.6900,14.0600,43500
2000-09-29,14.0000,14.3100,13.6300,14.1900,77100
2000-09-22,14.0000,15.9400,13.9400,14.0000,106600
2000-09-15,15.0600,15.0600,13.8800,14.2500,44100
2000-09-08,13.6300,15.7500,13.6300,15.0000,210500
2000-09-01,13.3100,14.0000,13.2500,13.6300,95300
2000-08-25,13.3100,13.6300,13.1900,13.2500,160700
2000-08-18,14.0000,14.0000,13.3800,13.4400,227300
2000-08-11,13.4400,13.8800,13.3800,13.7500,78100
2000-08-04,13.1900,13.6300,13.1300,13.3800,113300
2000-07-28,13.9400,14.2500,13.0000,13.3800,119100
2000-07-21,13.1300,14.2500,13.1300,14.0000,155400
2000-07-14,13.1300,13.8800,13.0000,13.2300,240500
2000-07-07,12.5600,14.0000,12.3800,13.2000,225700
2000-06-30,12.0600,12.6300,11.1300,12.6300,968100
2000-06-23,12.5000,12.5600,11.9400,12.0300,321300
2000-06-16,12.3800,12.7500,12.0600,12.2500,219700
2000-06-09,12.1300,12.8800,12.0000,12.3100,234800
2000-06-02,12.8800,12.8800,12.1300,12.7500,101900
2000-05-26,12.8800,13.2500,12.0600,12.7500,171300
2000-05-19,13.0600,13.7500,12.5000,12.8800,125000
2000-05-12,12.3800,13.9400,12.3800,13.7500,244900
2000-05-05,13.5600,13.7500,12.3100,12.8100,447000
2000-04-28,14.7500,15.0000,13.2500,13.3100,155300
2000-04-20,12.7500,15.2500,12.1300,15.2500,137900
2000-04-14,13.0600,13.7500,12.1300,12.7500,329200
2000-04-07,14.0600,14.0600,12.9400,13.0000,188100
2000-03-31,16.1300,16.3100,13.0600,14.0000,295200
2000-03-24,14.7500,17.1900,13.5000,15.8100,116800
2000-03-17,13.6900,14.6900,13.5000,14.6900,126400
2000-03-10,14.6300,14.6300,13.5600,14.3800,77600
2000-03-03,13.3800,14.7500,13.2500,13.7500,276200
2000-02-25,13.6300,13.9400,13.0000,13.5000,159900
2000-02-18,13.2500,14.3800,13.2500,14.1300,274600
2000-02-11,13.6300,14.8800,13.1300,13.2500,164900
2000-02-04,14.0000,14.3800,12.7500,14.0600,240900
2000-01-28,14.8800,14.8800,13.7500,14.0000,118800
2000-01-21,15.0000,15.3800,14.5000,14.7500,140400
2000-01-14,15.0000,15.5000,14.7500,15.2500,221500
