timestamp,open,high,low,close,volume
2018-02-27,10.2600,10.2800,10.2500,10.2800,41340
2018-02-23,10.2600,10.2800,10.2500,10.2700,63287
2018-02-16,10.2500,10.2800,10.2400,10.2700,167384
2018-02-09,10.2200,10.2800,10.2200,10.2500,343324
2018-02-02,10.2900,10.3000,10.2400,10.2500,157199
2018-01-26,10.2800,10.3100,10.2400,10.3000,155744
2018-01-19,10.2400,10.2900,10.2300,10.2800,162405
2018-01-12,10.2400,10.2600,10.2220,10.2450,139739
2018-01-05,10.2300,10.2700,10.2200,10.2500,105097
2017-12-29,10.2400,10.2700,10.2300,10.2300,139037
2017-12-22,10.2600,10.2700,10.2400,10.2500,92348
2017-12-15,10.2400,10.2700,10.2000,10.2300,252433
2017-12-08,10.2800,10.2800,10.2200,10.2300,125397
2017-12-01,10.2700,10.2900,10.2190,10.2600,206073
2017-11-24,10.2500,10.2800,10.2500,10.2600,160881
2017-11-17,10.2600,10.2800,10.1900,10.2500,191625
2017-11-10,10.2700,10.3100,10.2000,10.2800,321713
2017-11-03,10.2300,10.2700,10.2200,10.2600,155179
2017-10-27,10.2800,10.3700,10.2200,10.2700,158587
2017-10-20,10.2500,10.3700,10.2000,10.2700,112608
2017-10-13,10.2600,10.3100,10.2400,10.2800,417088
2017-10-06,10.2500,10.3000,10.2300,10.2700,107137
2017-09-29,10.2600,10.2800,10.1900,10.2600,239543
2017-09-22,10.2500,10.2800,10.2300,10.2600,222761
2017-09-15,10.2800,10.2800,10.2500,10.2500,393784
2017-09-08,10.2700,10.2800,10.2600,10.2700,305526
2017-09-01,10.2700,10.3200,10.2500,10.2800,424433
2017-08-25,9.0200,10.3200,9.0200,10.2700,1522308
2017-08-18,9.2800,9.4300,8.8400,9.0800,136938
2017-08-11,9.0800,9.2800,8.9600,9.2500,118154
2017-08-04,9.2562,9.5550,9.0000,9.0900,64976
2017-07-28,9.1200,9.3500,9.0000,9.2000,116789
2017-07-21,9.3300,9.4200,9.0700,9.1300,100069
2017-07-14,9.5300,9.5400,9.2650,9.3700,48201
2017-07-07,9.5100,9.6200,9.2700,9.6000,72578
2017-06-30,9.7200,9.8600,9.4500,9.4600,120268
2017-06-23,9.4000,9.9800,9.4000,9.8900,420077
2017-06-16,9.5300,9.9400,9.1900,9.3900,232392
2017-06-09,9.1900,9.8600,8.8500,9.4900,128858
2017-06-02,8.8300,9.3400,8.7000,9.1900,79562
2017-05-26,8.6630,8.9500,8.6630,8.8800,78512
2017-05-19,8.9400,9.1399,8.7000,8.7400,97612
2017-05-12,9.3700,9.4000,8.8600,8.8800,37967
2017-05-05,9.4300,9.5200,9.2000,9.3100,44675
2017-04-28,9.5800,9.6400,9.3100,9.3800,107606
2017-04-21,9.1900,9.6400,8.9500,9.4400,146067
2017-04-13,9.5000,9.5000,9.0797,9.1300,53452
2017-04-07,9.4600,9.6700,9.0401,9.3500,98460
2017-03-31,9.1100,9.5900,8.9800,9.4000,81033
2017-03-24,9.4000,9.5000,8.8000,9.2000,111039
2017-03-17,9.5100,9.7500,9.2400,9.3800,186689
2017-03-10,9.5000,9.8500,9.4800,9.5300,139880
2017-03-03,9.9000,10.1800,9.3100,9.5300,130749
2017-02-24,9.7100,9.9800,9.4600,9.9000,44846
2017-02-17,9.8900,9.9400,9.5300,9.6500,59289
2017-02-10,9.8500,9.8800,8.8500,9.8200,91966
2017-02-03,10.0800,10.1600,9.6400,9.8200,105241
2017-01-27,10.1911,10.2586,9.9500,10.1100,147199
2017-01-20,10.2600,10.3500,10.0000,10.2500,97351
2017-01-13,10.1500,10.3600,9.9350,10.2400,121842
2017-01-06,10.1700,10.4500,9.9900,10.2100,151802
2016-12-30,10.3700,10.4400,9.9500,10.1500,74949
2016-12-23,10.9100,10.9390,9.9650,10.3000,119429
2016-12-16,10.3300,10.9500,10.2900,10.8600,205336
2016-12-09,10.0000,10.3000,9.9500,10.2900,196186
2016-12-02,9.9516,10.0000,9.8800,9.9800,108785
2016-11-25,9.9800,10.0000,9.8500,10.0000,102711
2016-11-18,9.9000,9.9900,9.8075,9.9500,169347
2016-11-11,8.8000,9.9900,8.6701,9.9900,173820
2016-11-04,8.8300,8.9800,8.6800,8.6900,50651
2016-10-28,8.8300,9.0200,8.6500,8.8300,48663
2016-10-21,9.1700,9.1900,8.6600,8.7900,53371
2016-10-14,9.0600,9.2000,8.9300,9.1400,46185
2016-10-07,9.1200,9.1650,8.9331,9.0200,33956
2016-09-30,9.0700,9.1900,8.9800,9.1900,70567
2016-09-23,8.9900,9.1400,8.8100,9.1000,42930
2016-09-16,9.2300,9.4000,8.8500,8.9400,140790
2016-09-09,9.4400,9.4400,9.2200,9.2200,77754
2016-09-02,9.3800,9.5750,9.1600,9.3700,75368
2016-08-26,9.5200,9.5600,9.2500,9.3500,48900
2016-08-19,9.2100,9.5400,9.1000,9.3400,77977
2016-08-12,9.3400,9.4600,9.1500,9.2400,54147
2016-08-05,9.7200,9.7200,8.9228,9.3300,74342
2016-07-29,9.8200,9.9900,9.4700,9.5400,76322
2016-07-22,9.6425,10.0250,9.6425,9.9300,87786
2016-07-15,9.6100,10.2200,9.6000,9.8900,105332
2016-07-08,9.1800,9.6500,8.9300,9.4400,51562
2016-07-01,9.2800,9.8400,8.8100,9.2500,122777
2016-06-24,9.8800,10.3500,9.1600,9.3900,517519
2016-06-17,9.1300,9.7900,8.9200,9.7900,165138
2016-06-10,9.2700,9.6900,8.9100,9.2600,75499
2016-06-03,9.4000,9.7200,9.2000,9.3600,48618
2016-05-27,8.8600,9.8200,8.8430,9.3600,54206
2016-05-20,9.0100,9.1100,8.6900,9.0100,68122
2016-05-13,9.2400,9.2400,8.7900,8.9100,54125
2016-05-06,9.7800,9.8500,9.0900,9.2100,117851
2016-04-29,9.9100,10.0000,9.5200,9.8400,78609
2016-04-22,9.6900,9.9900,9.2000,9.8700,58642
2016-04-15,9.0600,10.9000,8.9900,9.4200,117963
2016-04-08,8.9300,9.1000,8.6700,8.9800,46524
2016-04-01,8.7800,9.5600,8.6700,9.0300,64314
2016-03-24,9.2900,9.9300,8.7700,8.8000,50294
2016-03-18,9.0100,9.3000,8.6200,9.2900,69018
2016-03-11,9.0800,9.3800,8.8800,9.0600,42240
2016-03-04,8.9600,9.5000,8.8800,9.1500,116111
2016-02-26,8.9000,9.0200,8.2500,9.0200,87390
2016-02-19,8.9900,9.4700,8.5500,8.7800,107559
2016-02-12,8.0700,9.1800,7.9005,8.8700,161526
2016-02-05,8.7400,8.7799,7.9500,8.1900,1009490
2016-01-29,9.0300,9.1700,8.0500,8.8500,215678
2016-01-22,9.7000,9.7000,7.6100,9.1700,825529
2016-01-15,10.2800,10.3700,9.5600,9.6700,145932
2016-01-08,10.6700,10.7500,10.1500,10.2000,129559
2015-12-31,10.7100,10.9900,10.4800,10.8300,83013
2015-12-24,10.3400,10.8000,10.3300,10.7400,40973
2015-12-18,10.1700,10.5500,9.8950,10.5300,226584
2015-12-11,10.3600,10.9900,10.0600,10.1500,102073
2015-12-04,10.5000,10.9000,10.1800,10.4800,70114
2015-11-27,10.4200,10.7000,10.1100,10.6900,42187
2015-11-20,9.7500,10.8000,9.7500,10.4200,73480
2015-11-13,10.3300,10.3700,9.7100,9.7500,55905
2015-11-06,11.0200,11.0200,9.8200,10.0600,139850
2015-10-30,9.5700,11.3900,9.5700,10.9500,123288
2015-10-23,9.5500,10.0000,9.2150,9.6100,135251
2015-10-16,9.8300,9.8900,9.2500,9.6000,60403
2015-10-09,9.4300,9.9400,8.9200,9.8900,74062
2015-10-02,8.8300,9.0750,8.5400,8.9000,76499
2015-09-25,9.1700,9.8700,8.6300,8.7900,68398
2015-09-18,9.2000,9.6200,8.9900,9.0500,99197
2015-09-11,8.6500,9.2400,8.6400,9.2000,48626
2015-09-04,8.5200,8.7000,8.0800,8.5400,64707
2015-08-28,8.4500,8.8499,8.1000,8.5600,92336
2015-08-21,9.0100,9.3400,8.6200,8.6200,72407
2015-08-14,9.2200,9.3800,8.8000,9.1100,86194
2015-08-07,9.2600,9.9000,8.8000,9.2000,114890
2015-07-31,9.1500,9.3600,8.9101,9.1500,52115
2015-07-24,9.1100,9.2500,8.7900,9.1600,59581
2015-07-17,9.1400,9.2100,8.9900,9.1300,67934
2015-07-10,9.0400,9.6400,8.9500,9.1500,140438
2015-07-02,9.1000,9.6500,9.0101,9.1100,151292
2015-06-26,8.7000,9.3300,8.6140,9.0800,1646175
2015-06-19,8.8900,9.3200,8.1100,8.5600,279244
2015-06-12,8.9000,9.3300,8.6200,8.8700,75032
2015-06-05,9.4500,9.4575,8.8600,8.9400,178999
2015-05-29,9.9800,9.9800,9.4100,9.4500,192038
2015-05-22,9.9500,9.9600,9.8200,9.8500,111214
2015-05-15,9.9000,9.9700,9.8300,9.9500,82786
2015-05-08,9.9900,10.0000,9.8100,9.9400,33456
2015-05-01,9.9000,10.0000,9.8303,9.9500,49552
2015-04-24,9.8101,10.0000,9.8100,10.0000,59967
2015-04-17,10.0000,10.0200,9.8000,9.8700,84541
2015-04-10,9.9700,10.0000,9.8000,10.0000,74734
2015-04-02,9.9500,10.0000,9.8100,9.9800,31608
2015-03-27,10.0400,10.4500,9.7600,9.9600,50797
2015-03-20,10.2400,10.3619,9.7500,10.2000,142294
2015-03-13,10.5050,10.7278,9.8500,10.1500,79868
2015-03-06,10.8500,10.9000,10.4401,10.6600,38619
2015-02-27,10.5100,10.8500,10.2943,10.8500,60913
2015-02-20,10.5200,10.8400,10.3000,10.5452,20466
2015-02-13,10.5700,10.8400,10.2600,10.6100,54794
2015-02-06,10.8500,10.8500,10.5310,10.7500,38040
2015-01-30,10.8100,11.0299,10.6100,10.8200,75881
2015-01-23,10.7400,10.9900,10.5001,10.9900,31448
2015-01-16,10.9500,11.0000,10.5200,10.7900,39158
2015-01-09,10.8300,11.0000,10.6000,10.9700,39032
2015-01-02,11.1000,11.1000,10.5110,10.8000,35373
2014-12-26,10.8400,11.0000,10.7800,10.9900,42634
2014-12-19,11.0500,11.2400,10.7108,11.0000,64468
2014-12-12,10.9500,11.4600,10.7850,10.9900,91121
2014-12-05,10.5000,11.4800,10.1600,11.0000,91275
2014-11-28,10.1900,11.0000,10.1640,10.4700,82043
2014-11-21,9.3100,10.3225,9.3100,10.1501,79717
2014-11-14,9.0000,9.4500,8.8400,9.3700,72765
2014-11-07,8.8000,9.2400,8.8000,9.0506,24666
2014-10-31,8.8200,9.0609,8.8000,8.8000,18240
2014-10-24,8.9900,9.0800,8.6100,8.9164,14836
2014-10-17,9.0000,9.0607,8.5500,8.9900,52137
2014-10-10,8.9100,9.4199,8.7400,9.0000,19709
2014-10-03,8.9125,9.1000,8.6900,8.9050,25262
2014-09-26,9.0900,9.2800,8.6400,8.8356,24797
2014-09-19,8.5200,9.5000,8.5000,8.9200,73862
2014-09-12,8.3900,9.1400,8.3900,9.0000,67289
2014-09-05,8.2900,8.4900,8.2500,8.2600,16389
2014-08-29,8.3300,8.5000,8.2500,8.3000,21371
2014-08-22,8.1601,8.6700,8.1601,8.6200,28291
2014-08-15,8.7200,8.7500,8.0200,8.2910,33469
2014-08-08,8.4900,8.7400,8.3500,8.7300,14519
2014-08-01,8.5900,8.7000,8.0000,8.5000,33171
2014-07-25,8.5000,8.7000,8.1500,8.3100,31158
2014-07-18,8.7300,8.9000,8.5000,8.5094,10976
2014-07-11,9.0900,9.6301,8.5000,8.7700,35656
2014-07-03,8.5400,9.5000,8.1750,9.0100,59726
2014-06-27,8.7100,9.0500,8.2400,8.6500,430330
2014-06-20,8.0500,9.0000,7.9000,8.7200,94324
2014-06-13,9.2000,9.2000,8.0000,8.0600,63455
2014-06-06,7.9900,9.3500,7.0000,9.2800,61491
2014-05-30,8.1700,8.4200,8.0500,8.0900,19275
2014-05-23,8.3400,8.4400,8.0900,8.3600,20349
2014-05-16,8.3500,8.5000,8.2500,8.4000,19811
2014-05-09,8.6600,8.7800,8.2500,8.4600,25188
2014-05-02,8.8000,9.0000,8.6600,8.6900,25722
2014-04-25,8.9800,9.0000,8.7800,8.7800,20114
2014-04-17,8.8800,9.2000,8.7822,8.9000,14418
2014-04-11,9.1600,9.1600,8.7210,8.8600,30837
2014-04-04,8.9100,9.3200,8.6500,9.2100,74824
2014-03-28,8.6700,9.3927,8.6250,8.9000,82390
2014-03-21,8.4500,8.7500,8.2800,8.6000,33590
2014-03-14,8.4699,8.4699,8.2500,8.3501,17335
2014-03-07,8.5000,8.7300,8.2400,8.3400,36156
2014-02-28,8.7000,9.1100,8.5000,8.6800,32937
2014-02-21,8.2200,8.6988,8.0100,8.6800,55071
2014-02-14,8.3560,8.6199,8.0100,8.1700,31793
2014-02-07,8.2400,8.2400,7.6000,8.2000,81636
2014-01-31,8.2399,8.7000,8.1000,8.2900,57274
2014-01-24,8.2400,8.2400,8.1500,8.1700,25786
2014-01-17,8.5000,8.6890,8.1100,8.2100,48239
2014-01-10,8.9500,8.9900,8.4900,8.5900,24283
2014-01-03,8.6200,9.0000,8.6000,8.8000,23812
2013-12-27,8.7700,8.9200,8.5300,8.6600,25029
2013-12-20,9.0900,9.1300,8.6452,8.6500,68576
2013-12-13,9.2200,9.3900,8.7500,9.0500,57555
2013-12-06,9.2000,9.4000,8.7100,9.1700,133199
2013-11-29,8.8300,9.4500,8.7500,9.2400,44386
2013-11-22,8.8700,9.0000,8.7500,8.8600,34660
2013-11-15,8.9800,9.0000,8.7500,8.8600,21755
2013-11-08,8.8500,9.1800,8.7500,8.9800,20315
2013-11-01,9.0001,9.2400,8.7500,8.8200,26133
2013-10-25,9.3200,9.4000,8.9500,9.0200,16736
2013-10-18,9.3110,9.4500,9.3000,9.3800,19872
2013-10-11,9.4200,9.5800,9.3000,9.4400,19111
2013-10-04,9.3200,9.6100,9.3000,9.4200,13177
2013-09-27,9.5100,9.5100,9.3000,9.3700,11129
2013-09-20,9.5900,9.7000,9.2500,9.4700,22414
2013-09-13,9.5400,9.6500,9.4900,9.5000,15785
2013-09-06,9.6100,9.6700,9.4600,9.6400,8903
2013-08-30,9.7500,10.0000,9.4000,9.5100,42123
2013-08-23,9.5000,9.7500,9.5000,9.7300,12223
2013-08-16,9.5859,9.7900,9.4900,9.5300,15582
2013-08-09,9.7600,9.8200,9.6500,9.7100,21119
2013-08-02,9.9184,9.9184,9.5200,9.7000,20974
2013-07-26,9.5100,9.9900,9.5100,9.8900,39217
2013-07-19,9.7100,9.8500,9.5300,9.5400,29593
2013-07-12,9.6200,9.8500,9.4500,9.7000,80846
2013-07-05,8.0000,9.8290,7.9100,9.7900,83525
2013-06-28,8.2600,8.4800,7.5500,7.9000,122280
2013-06-21,9.6200,9.6499,8.0600,8.1900,86049
2013-06-14,9.7900,9.7900,9.5500,9.5500,11523
2013-06-07,9.6100,9.8000,9.2500,9.7900,21762
2013-05-31,9.7500,9.8500,9.6500,9.7500,9204
2013-05-24,9.8600,9.8600,9.6000,9.7000,49118
2013-05-17,9.6500,9.8600,9.6500,9.8400,10816
2013-05-10,9.6646,9.7000,9.6400,9.6800,20225
2013-05-03,9.6900,9.7000,9.6100,9.6900,21504
2013-04-26,9.7100,9.9000,9.6500,9.6500,17620
2013-04-19,9.6900,9.9000,9.6000,9.7600,29720
2013-04-12,9.6500,10.0500,9.6500,9.7200,26805
2013-04-05,9.9400,9.9400,9.5900,9.6700,12136
2013-03-28,9.7900,10.0000,9.6500,10.0000,50667
2013-03-22,9.7500,9.7900,9.6500,9.7600,13422
2013-03-15,9.7100,9.9500,9.6400,9.7300,291436
2013-03-08,9.6700,9.8500,9.6000,9.7200,13564
2013-03-01,9.6900,9.7500,9.3200,9.7100,25227
2013-02-22,9.9400,9.9400,9.5500,9.6300,38654
2013-02-15,9.7600,9.9700,9.7500,9.9300,19364
2013-02-08,9.7520,9.9500,9.6000,9.8100,13473
2013-02-01,9.7900,9.9000,9.6200,9.8800,30682
2013-01-25,9.8000,9.9100,9.4216,9.7500,26418
2013-01-18,9.6500,9.8999,9.6200,9.7700,21740
2013-01-11,9.6900,9.9099,9.3619,9.6600,19870
2013-01-04,9.5200,9.7500,9.0100,9.7500,39062
2012-12-28,9.6600,9.7500,9.2900,9.3400,18432
2012-12-21,8.8600,9.7500,8.7500,9.7500,58569
2012-12-14,8.8600,9.1000,8.7601,9.0000,22834
2012-12-07,8.8000,8.9000,8.7100,8.9000,11440
2012-11-30,8.8000,9.0000,8.5500,8.8000,19291
2012-11-23,8.3700,8.9900,8.3700,8.9500,18190
2012-11-16,9.2900,9.2900,8.1100,8.4000,25448
2012-11-09,9.7500,9.9000,8.7500,9.3600,92479
2012-11-02,9.8800,10.1500,9.6700,9.7000,21083
2012-10-26,9.9300,10.2500,9.5700,9.9400,38827
2012-10-19,10.1400,10.3000,9.3900,10.0900,20152
2012-10-12,9.7700,10.4890,9.7700,10.0600,20127
2012-10-05,9.7100,10.7200,9.2500,9.9100,28477
2012-09-28,10.2700,10.2700,9.7600,9.7700,31481
2012-09-21,9.6800,10.7400,9.0100,10.7400,29254
2012-09-14,9.8000,10.0000,9.7400,9.7400,49279
2012-09-07,9.6700,9.9800,9.6700,9.8600,68809
2012-08-31,9.3700,9.9600,9.2100,9.7700,47351
2012-08-24,8.7600,9.3500,8.7501,9.3500,32192
2012-08-17,8.3300,8.9000,8.1805,8.9000,25485
2012-08-10,8.4800,8.7500,8.2410,8.4300,25232
2012-08-03,8.1000,8.5000,8.0000,8.4800,46062
2012-07-27,8.1300,8.4500,8.0000,8.2600,22010
2012-07-20,8.3000,8.5000,7.7000,8.1500,45530
2012-07-13,8.2200,8.6450,7.5000,8.4000,87750
2012-07-06,8.1500,8.5200,8.1400,8.2800,43287
2012-06-29,7.7500,8.9500,7.5600,8.1000,116276
2012-06-22,7.7500,7.9800,7.5300,7.8800,463927
2012-06-15,7.7700,7.8500,7.1100,7.7300,48212
2012-06-08,7.5800,7.9000,7.5100,7.8600,32870
2012-06-01,7.7500,7.7900,7.5000,7.5900,33984
2012-05-25,8.1800,8.2500,7.5101,7.6500,43136
2012-05-18,8.3000,8.4500,8.0500,8.2400,40261
2012-05-11,8.4300,8.7000,8.2600,8.4900,97815
2012-05-04,9.3200,9.5500,8.2300,8.6100,128473
2012-04-27,7.1000,9.9700,6.9900,9.9700,179629
2012-04-20,6.4500,7.0500,6.4500,6.9500,17856
2012-04-13,6.1600,6.6500,6.0000,6.4700,31307
2012-04-05,6.8000,6.9000,6.0000,6.1600,21443
2012-03-30,6.7900,6.8500,6.6000,6.8200,6337
2012-03-23,6.6900,6.9100,6.5800,6.7800,22028
2012-03-16,6.7500,6.9000,6.5100,6.7100,14499
2012-03-09,6.6900,7.0000,6.5000,6.8100,12342
2012-03-02,6.7880,7.1000,6.6000,6.7500,15054
2012-02-24,6.7800,7.2500,6.2501,7.0000,60602
2012-02-17,5.5999,7.0600,5.5000,6.7300,49594
2012-02-10,5.4500,5.6092,5.4000,5.5500,17694
2012-02-03,5.5000,5.6999,5.3600,5.4900,11851
2012-01-27,5.4700,6.0000,5.4400,5.5150,24620
2012-01-20,4.8400,5.3700,4.7900,5.2500,17267
2012-01-13,4.3000,4.8500,4.3000,4.8499,26492
2012-01-06,4.4100,4.6200,4.3300,4.3600,13409
2011-12-30,4.9000,4.9000,4.3000,4.3200,47755
2011-12-23,4.9500,5.1055,4.9000,4.9000,26723
2011-12-16,4.9800,5.1400,4.8800,5.0000,17978
2011-12-09,4.9000,5.4600,4.7000,4.9300,17991
2011-12-02,5.0500,5.0800,4.6500,4.8000,25534
2011-11-25,4.8800,5.1600,4.8500,4.9700,14623
2011-11-18,5.2800,5.4875,4.9700,4.9800,20881
2011-11-11,5.5000,5.9900,5.2600,5.2700,13916
2011-11-04,5.6100,6.0000,5.5500,5.8900,4911
2011-10-28,5.3000,5.9000,5.2800,5.7000,14170
2011-10-21,5.2600,5.4800,5.2500,5.4500,11807
2011-10-14,5.2900,5.4300,5.1600,5.2500,26299
2011-10-07,5.5557,5.8000,5.1000,5.2500,33935
2011-09-30,5.7900,5.8700,5.5000,5.5500,26150
2011-09-23,5.6800,5.9000,5.6000,5.7580,23953
2011-09-16,5.8600,5.9900,5.5900,5.5900,32876
2011-09-09,5.8700,6.0000,5.8400,5.9200,24623
2011-09-02,6.0000,6.0000,5.7600,6.0000,43458
2011-08-26,6.1300,6.1400,5.8600,5.9800,42905
2011-08-19,6.2000,6.4400,5.9800,5.9900,82531
2011-08-12,6.0100,6.2100,5.7500,6.0400,224202
2011-08-05,6.4640,6.4640,5.9000,5.9900,59120
2011-07-29,6.0700,6.4400,5.7500,6.0600,82384
2011-07-22,6.2800,6.5000,5.8600,6.0200,118330
2011-07-15,5.6800,6.7800,5.5500,6.4100,185538
2011-07-08,5.5000,6.0000,5.4000,5.8100,96027
2011-07-01,6.0000,7.2600,5.0000,5.5000,221685
2011-06-24,8.5100,8.6800,5.7500,5.7500,83916
2011-06-17,8.9700,9.0000,8.0101,8.7300,11126
2011-06-10,9.0000,9.1000,8.4900,8.7000,19654
2011-06-03,9.4200,9.5000,8.5101,9.1000,34447
2011-05-27,9.8600,10.4500,9.0000,9.5400,39292
2011-05-20,7.3700,10.5900,7.0400,9.1200,53287
2011-05-13,10.4900,11.1400,6.7500,7.5700,74642
2011-05-06,2.9000,12.7499,2.5900,10.4800,67612
2011-04-29,2.2700,3.4300,2.1100,2.9000,157488
2011-04-21,2.6000,2.7100,2.2200,2.3900,78072
2011-04-15,2.9000,2.9500,2.5300,2.5600,171360
2011-04-08,2.8500,3.1500,2.7000,2.9000,95161
2011-04-01,2.8700,2.9800,2.7000,2.8500,107998
2011-03-25,3.0400,3.0685,2.5000,2.8700,113598
2011-03-18,2.2600,3.3000,2.0300,3.1499,106008
2011-03-11,2.7700,2.8200,2.2940,2.3200,79133
2011-03-04,2.8400,3.3000,2.6500,2.8000,90545
2011-02-25,3.3300,3.3499,2.6500,2.8400,123427
2011-02-18,2.8400,3.8800,2.7600,3.3300,396544
2011-02-11,2.1600,2.8800,2.1600,2.7400,184747
2011-02-04,2.5000,2.5000,1.9497,2.1700,278372
2011-01-28,2.2500,3.9000,1.9200,2.4500,370522
2011-01-21,2.0000,2.4550,1.3900,2.2710,40139
2011-01-14,1.7800,2.0000,1.7800,1.9840,19400
2011-01-07,1.4100,1.9000,1.4100,1.7800,34643
2010-12-31,1.5000,1.6000,1.2500,1.4970,62430
2010-12-23,1.1000,1.5000,1.0500,1.5000,44620
2010-12-17,1.1400,1.2000,1.0800,1.0800,52814
2010-12-10,1.2100,1.2100,1.0200,1.1244,55030
2010-12-03,1.1400,1.7500,0.9900,1.2260,122875
2010-11-26,1.1600,1.3200,0.9400,1.0500,79682
2010-11-19,1.7000,1.7450,1.0700,1.1500,99103
2010-11-12,1.9000,1.9900,1.6500,1.6500,29078
2010-11-05,1.7400,1.9900,1.6500,1.9300,25161
2010-10-29,1.8000,1.9900,1.7100,1.8801,37149
2010-10-22,1.9000,1.9500,1.8000,1.8000,25855
2010-10-15,1.9000,1.9500,1.7700,1.9200,9331
2010-10-08,1.8500,1.9900,1.7600,1.9200,23854
2010-10-01,1.8500,1.9500,1.7600,1.8500,29841
2010-09-24,1.9499,1.9900,1.6900,1.8501,14213
2010-09-17,1.8000,1.9400,1.8000,1.8900,8202
2010-09-10,1.7600,1.9900,1.7200,1.8400,34239
2010-09-03,1.6600,1.8900,1.6600,1.8500,16481
2010-08-27,1.6700,1.9000,1.6000,1.7000,23661
2010-08-20,1.7000,1.9000,1.5000,1.6700,67388
2010-08-13,1.7800,1.7800,1.5100,1.7000,57699
2010-08-06,2.0000,2.0000,1.7500,1.7800,146520
2010-07-30,1.9000,2.1000,1.7000,1.9650,108433
2010-07-23,1.9600,2.0999,1.8050,1.9200,9200
2010-07-16,2.0500,2.3000,2.0000,2.0000,26546
2010-07-09,2.1100,2.2099,1.9000,2.0499,36828
2010-07-02,2.9000,2.9000,2.0801,2.2000,45300
2010-06-25,3.1500,3.1500,2.6730,2.9000,23896
2010-06-18,3.3100,3.3700,3.0280,3.1500,15343
2010-06-11,3.2400,3.5000,3.0500,3.2100,18069
2010-06-04,3.6300,3.8150,2.9900,3.3550,30391
2010-05-28,3.3150,3.3150,3.0500,3.0900,5436
2010-05-21,3.5800,3.6000,3.0900,3.3150,13554
2010-05-14,3.4800,3.5400,3.3000,3.4145,18305
2010-05-07,3.3900,3.9500,3.0300,3.1300,49112
2010-04-30,3.2801,3.4000,3.2500,3.3900,18636
2010-04-23,3.1600,3.4500,3.1600,3.2900,43408
2010-04-16,3.6400,3.9700,3.0000,3.1600,71201
2010-04-09,3.5000,4.0000,3.3500,3.5500,35324
2010-04-01,3.8600,3.9500,3.5000,3.5000,34698
2010-03-26,3.5200,3.8900,3.2500,3.8900,23394
2010-03-19,3.2101,3.7600,3.2100,3.7600,7907
2010-03-12,3.5900,3.7820,3.2800,3.6000,17033
2010-03-05,3.4500,3.6000,3.3500,3.4499,4298
2010-02-26,3.6500,3.9800,3.2200,3.2700,29205
2010-02-19,3.1200,3.8800,3.0400,3.8800,15305
2010-02-12,3.8500,3.8500,3.1100,3.1100,26999
2010-02-05,3.1300,3.9995,2.9000,3.8500,46366
2010-01-29,2.7900,3.1400,2.7100,3.0000,30486
2010-01-22,2.6600,2.9500,2.6000,2.6200,16106
2010-01-15,2.6000,2.8800,2.6000,2.6000,14920
2010-01-08,2.4000,2.7500,2.2800,2.5000,35806
2009-12-31,2.6000,2.6000,2.0200,2.2900,48387
2009-12-24,2.7000,2.7500,2.3700,2.5800,15033
2009-12-18,2.5100,2.7000,2.2600,2.7000,43891
2009-12-11,2.9000,2.9324,2.2950,2.5000,46855
2009-12-04,2.9000,3.0000,2.7500,2.8899,24001
2009-11-27,3.1400,3.1400,2.6600,2.9940,15171
2009-11-20,3.1500,3.1500,2.9000,2.9999,32399
2009-11-13,3.2500,3.3500,3.0680,3.1300,13416
2009-11-06,3.6900,3.6900,3.0000,3.4800,8725
2009-10-30,3.7600,3.9100,3.5100,3.5100,19351
2009-10-23,3.8400,3.9800,3.5700,3.8100,14037
2009-10-16,4.0000,4.0000,3.8500,3.9599,8475
2009-10-09,4.0000,4.1000,3.8500,4.0000,15467
2009-10-02,4.2500,4.2500,3.8500,3.8900,9996
2009-09-25,4.4999,4.4999,3.9600,4.0600,20837
2009-09-18,4.2900,4.5000,4.2600,4.5000,8061
2009-09-11,4.0375,4.6900,4.0375,4.6900,16005
2009-09-04,4.4620,4.4620,4.1600,4.3000,11116
2009-08-28,4.1800,4.4899,4.0540,4.3799,3827
2009-08-21,4.4900,4.4900,4.0000,4.1800,18710
2009-08-14,4.0000,4.5000,4.0000,4.0900,13018
2009-08-07,3.9700,4.5000,3.9150,4.0100,8620
2009-07-31,3.8600,4.5000,3.8000,3.8500,4667
2009-07-24,3.5500,4.0000,3.5500,3.8600,5298
2009-07-17,3.7900,4.1400,3.4500,3.5800,4544
2009-07-10,4.0200,4.1000,3.1600,3.1600,14085
2009-07-02,4.2000,4.3500,3.8200,4.0000,18698
2009-06-26,4.2000,4.3000,3.7700,3.7700,8418
2009-06-19,4.5000,4.5000,3.9600,4.2000,7563
2009-06-12,4.5000,4.5000,4.1000,4.5000,9266
2009-06-05,4.5000,4.7900,4.2900,4.3700,37092
2009-05-29,4.8304,4.9000,4.4000,4.7300,13605
2009-05-22,4.7800,4.9900,4.3900,4.8399,23188
2009-05-15,4.6699,4.9500,4.4100,4.8800,7103
2009-05-08,4.9900,4.9900,4.3600,4.5269,13087
2009-05-01,4.2800,4.9900,4.2601,4.5099,13230
2009-04-24,4.8900,4.9800,4.0800,4.3700,5300
2009-04-17,4.9800,4.9900,4.2400,4.8700,13520
2009-04-09,4.8300,4.8300,4.0100,4.6900,3410
2009-04-03,5.1500,5.2500,4.4950,4.5700,11781
2009-03-27,5.8100,5.8100,4.7100,5.2500,19845
2009-03-20,4.9600,5.7500,4.9600,5.7500,24712
2009-03-13,3.8600,5.4500,2.2500,4.9500,72878
2009-03-06,6.0900,6.0900,3.8000,3.8600,48439
2009-02-27,6.1501,6.4400,5.6900,6.4000,20540
2009-02-20,7.0000,7.4600,6.1656,6.2999,30796
2009-02-13,7.2000,7.5000,6.7499,7.0000,18220
2009-02-06,7.2500,7.3950,6.8900,7.0000,36172
2009-01-30,7.2901,7.7500,7.2100,7.2500,5263
2009-01-23,7.6800,7.8500,7.2200,7.4600,14447
2009-01-16,8.0000,8.4900,7.5100,7.6100,5084
2009-01-09,7.7500,8.2500,7.7500,8.0000,12380
2009-01-02,8.1000,8.4300,7.2100,8.2500,21350
2008-12-26,8.2399,8.2399,7.9700,8.1000,5224
2008-12-19,8.7000,9.0000,7.6400,7.7400,33978
2008-12-12,7.1450,9.4700,7.1450,7.6350,2402
2008-12-05,7.7499,8.7500,7.0300,7.1200,2805
2008-11-28,7.4400,8.7500,7.3100,7.7499,19134
2008-11-21,8.4500,8.5300,7.0500,7.1101,9392
2008-11-14,8.5000,8.5900,8.0000,8.4650,15983
2008-11-07,8.4100,9.0000,8.0000,8.6000,3925
2008-10-31,8.6300,9.0000,8.6299,8.8000,2458
2008-10-24,8.5000,8.8500,8.4657,8.4657,2026
2008-10-17,8.1880,8.9500,7.5400,8.5000,15502
2008-10-10,9.2800,9.9699,7.0000,7.4200,14764
2008-10-03,9.9700,9.9700,8.9500,9.8650,13856
2008-09-26,8.2400,10.0000,7.2850,9.8000,51678
2008-09-19,7.6200,8.2399,7.0000,7.5100,21446
2008-09-12,7.8700,8.0000,7.5300,7.9500,4387
2008-09-05,7.9000,7.9200,7.5400,7.8558,9872
2008-08-29,8.0000,8.0000,7.5500,7.6900,4240
2008-08-22,7.8500,8.0900,7.6800,7.9367,6230
2008-08-15,8.1000,8.3300,7.7500,7.9000,6840
2008-08-08,8.6000,8.6000,7.5400,7.7900,19760
2008-08-01,8.4200,8.5000,7.0300,7.7600,59940
2008-07-25,8.3900,9.4000,8.3900,8.4400,21441
2008-07-18,8.4700,8.5400,6.6700,8.2200,49018
2008-07-11,8.5500,8.7800,8.0100,8.2400,26647
2008-07-03,9.4600,9.4800,8.5300,8.9000,30680
2008-06-27,10.0500,10.0500,8.9800,9.0100,35847
2008-06-20,11.5600,11.7500,10.3000,10.3000,15724
2008-06-13,11.6000,11.9700,11.2600,11.8100,24277
2008-06-06,12.4000,12.4000,11.3500,11.6200,9867
2008-05-30,11.9600,12.5300,11.8400,12.5300,12726
2008-05-23,12.2200,12.6000,11.8600,12.0000,8854
2008-05-16,12.1800,12.2500,12.1500,12.2200,14681
2008-05-09,12.2000,13.1800,12.1000,12.5001,7574
2008-05-02,12.4500,12.4500,12.0800,12.1900,11892
2008-04-25,12.9500,13.3500,12.4200,12.4500,18086
2008-04-18,13.5001,14.2499,12.8100,12.9600,5992
2008-04-11,13.7500,13.7500,13.3000,13.5100,5162
2008-04-04,14.0600,14.3500,13.3000,13.9000,28850
2008-03-28,13.9300,13.9999,12.8200,13.7500,9056
2008-03-20,14.3400,14.4520,13.5300,13.9300,7503
2008-03-14,15.0000,15.3600,14.5000,14.5200,14070
2008-03-07,14.5100,14.7400,14.5100,14.5201,13846
2008-02-29,15.0200,15.3100,14.8400,15.0000,5448
2008-02-22,14.7500,15.4900,14.5700,15.4900,1903
2008-02-15,14.9900,15.3500,14.7500,14.7500,5357
2008-02-08,14.4800,15.0000,13.7500,15.0000,8499
2008-02-01,13.5000,14.4900,13.1600,13.2600,8023
2008-01-25,12.9900,14.1500,12.9900,13.5200,8142
2008-01-18,12.9400,13.8700,12.1000,12.1700,19245
2008-01-11,13.1501,14.2400,11.7900,13.5000,17737
2008-01-04,14.1000,14.9500,13.0000,13.0000,2972
2007-12-28,14.8700,15.2500,14.0000,14.1000,9581
2007-12-21,14.2000,15.0900,14.0500,14.6300,13508
2007-12-14,15.0000,15.4399,14.1701,14.5200,4393
2007-12-07,15.3000,16.1300,14.6900,15.0300,15794
2007-11-30,14.9500,15.2800,14.7700,15.2800,13840
2007-11-23,14.8600,15.1700,14.8500,14.9500,3404
2007-11-16,14.9500,14.9600,14.8000,14.9600,5643
2007-11-09,15.8600,15.9720,14.7100,14.8700,10725
2007-11-02,16.2700,16.5599,15.4000,15.8500,5770
2007-10-26,17.6400,17.6900,16.4000,16.4000,7561
2007-10-19,17.9000,18.0300,17.3500,17.4000,4256
2007-10-12,18.2000,18.2000,17.9000,17.9500,1700
2007-10-05,18.0000,18.2900,17.9700,18.0520,4100
2007-09-28,19.2490,19.2490,18.0000,18.0000,1659
2007-09-21,18.0000,19.5000,17.9000,19.2100,3729
2007-09-14,18.5300,18.5300,17.9000,18.2300,2237
2007-09-07,17.7500,18.6900,17.7500,18.6900,2392
2007-08-31,17.7501,18.7200,17.7500,17.7500,1700
2007-08-24,18.3800,18.3970,17.5000,18.3970,3602
2007-08-17,19.1000,19.4900,17.8500,18.6600,15057
2007-08-10,22.0300,22.0300,19.1500,19.1500,21203
2007-08-03,22.1200,22.2399,22.0300,22.0300,1821
2007-07-27,23.1000,23.1000,22.3500,22.3500,2100
2007-07-20,23.1100,23.4500,23.1000,23.1000,5592
2007-07-13,23.7601,23.7800,23.3400,23.3400,9231
2007-07-06,23.6000,24.4000,23.4600,23.7600,6515
2007-06-29,23.9620,23.9620,23.4600,23.8200,1460
2007-06-22,23.5001,23.9900,23.4600,23.9900,6122
2007-06-15,23.7400,23.8020,23.3500,23.7100,6562
2007-06-08,24.0000,24.0000,23.6200,23.9000,11763
2007-06-01,23.9000,24.0800,23.7200,23.9800,11187
2007-05-25,24.0000,24.7500,23.8400,24.0300,8565
2007-05-18,24.3800,25.4000,23.9800,24.0000,38657
2007-05-11,24.4900,24.6900,23.5000,24.3300,16922
2007-05-04,23.7400,24.9900,23.7400,24.9500,26034
2007-04-27,23.5000,23.7700,23.5000,23.7400,4819
2007-04-20,23.5000,23.6500,23.5000,23.6400,9516
2007-04-13,23.5400,23.6301,23.5000,23.5000,14812
2007-04-05,23.7000,23.8600,23.6500,23.7500,4528
2007-03-30,23.6000,23.9620,23.6000,23.9620,1302
2007-03-23,23.4000,24.0000,23.2500,23.7500,12346
2007-03-16,23.4800,23.7400,23.2500,23.2500,1309
2007-03-09,23.3000,23.7100,23.3000,23.7100,2300
2007-03-02,24.5000,24.5000,23.3000,23.3000,3836
2007-02-23,23.8500,24.1800,23.8500,24.1800,6394
2007-02-16,24.7900,24.7900,23.8500,23.8500,1299
2007-02-09,24.8100,25.2400,24.2800,24.8400,52959
2007-02-02,23.3000,24.7700,23.3000,24.7700,9029
2007-01-26,23.2500,23.6800,23.2500,23.3000,12777
2007-01-19,23.5300,23.5500,23.2500,23.5000,27391
2007-01-12,23.7500,24.0000,23.5001,23.5001,1041
2007-01-05,24.1500,24.1530,23.7500,23.7500,1011
2006-12-29,24.2200,24.4740,23.9000,24.3200,1200
2006-12-22,24.9900,24.9900,23.9200,24.2200,52085
2006-12-15,24.9000,25.0000,24.1501,25.0000,64207
2006-12-08,24.7500,24.9200,23.4200,24.4400,8574
2006-12-01,22.8600,24.6700,22.8600,24.6700,13987
2006-11-24,23.5000,23.6100,22.8600,22.9800,6225
2006-11-17,22.8600,25.4300,22.8200,23.0500,110878
2006-11-10,23.0500,23.1500,22.8600,22.8600,79697
2006-11-03,23.3000,23.4400,23.0500,23.0500,3038
2006-10-27,23.8600,23.8600,23.0500,23.3000,1550
2006-10-20,22.9000,23.7300,22.7500,23.7300,6799
2006-10-13,23.0700,23.2400,22.7900,22.9300,4020
2006-10-06,24.2300,24.2300,22.7600,23.4000,33220
2006-09-29,23.8900,24.0000,23.1100,23.1100,4043
2006-09-22,24.0000,24.0000,23.3500,23.4900,5762
2006-09-15,24.0000,24.0000,23.2432,23.7500,8104
2006-09-08,23.7500,24.1000,23.1400,23.9800,53754
2006-09-01,22.7500,23.0000,22.7500,23.0000,100
2006-08-25,22.6900,22.8500,22.6000,22.7500,27059
2006-08-18,22.4000,23.4500,22.4000,22.6500,3152
2006-08-11,22.6000,22.7200,22.5100,22.5100,20106
2006-08-04,22.3500,22.8460,22.3500,22.5500,4853
2006-07-28,22.2400,22.9199,22.0001,22.5400,4470
2006-07-21,22.0000,22.5000,22.0000,22.2100,500
2006-07-14,22.2500,22.6000,21.6000,22.0000,9987
2006-07-07,22.4000,22.6500,22.2400,22.3200,1990
2006-06-30,22.4000,22.4000,22.4000,22.4000,0
2006-06-23,22.9900,23.0680,22.1400,22.4000,1066
2006-06-16,23.1600,23.2500,22.1000,22.3200,11596
2006-06-09,23.8300,23.8800,23.3000,23.3000,2895
2006-06-02,23.4000,23.6500,23.4000,23.6000,1702
2006-05-26,23.6580,23.6900,23.1500,23.1500,2968
2006-05-19,24.7400,24.7400,23.5400,23.5400,1615
2006-05-12,24.5000,24.7400,23.6800,24.7400,3800
2006-05-05,24.2300,24.6000,24.2100,24.2100,2929
2006-04-28,24.8000,25.0000,24.1728,24.6880,3417
2006-04-21,24.9600,24.9600,24.6500,24.8100,2504
2006-04-13,24.9400,24.9600,24.9400,24.9600,7110
2006-04-07,25.7500,25.7500,25.0700,25.1190,2150
2006-03-31,24.9930,25.7400,24.7500,25.7400,10424
2006-03-24,25.0000,25.1000,24.6500,25.0800,1901
2006-03-17,25.0400,25.5400,24.7200,25.0000,3536
2006-03-10,23.7100,25.5000,23.3400,25.0700,74461
2006-03-03,24.9800,24.9800,23.0500,24.3120,34157
2006-02-24,23.0200,24.2600,23.0200,23.2700,11821
2006-02-17,24.2500,24.2680,23.5000,23.7000,4385
2006-02-10,24.5900,24.5900,24.2500,24.2500,8211
2006-02-03,25.4500,25.6480,24.5200,24.6180,73037
2006-01-27,25.5000,25.9500,24.5100,25.4500,13852
2006-01-20,24.5000,25.5000,24.2800,25.5000,4700
2006-01-13,24.3000,24.8500,24.3000,24.5000,1300
2006-01-06,24.3000,24.9100,24.3000,24.3000,900
2005-12-30,24.9999,24.9999,24.2701,24.3000,1000
2005-12-23,24.1000,25.0000,24.1000,25.0000,5600
2005-12-16,24.2000,24.2000,24.1000,24.1000,2400
2005-12-09,24.2500,24.9900,24.2000,24.2000,8800
2005-12-02,24.2500,25.4500,24.2500,25.1000,13800
2005-11-25,24.0000,24.9400,24.0000,24.8900,2200
2005-11-18,23.1900,24.2700,23.1100,24.1800,12600
2005-11-11,25.5000,25.8900,24.0400,24.0400,64100
2005-11-04,22.8400,25.3500,22.8400,25.3500,11200
2005-10-28,23.1000,23.7099,22.5000,23.7099,3800
2005-10-21,23.0000,23.0100,22.5000,23.0000,3100
2005-10-14,23.0000,23.0700,23.0000,23.0000,1800
2005-10-07,23.1800,24.0000,23.0000,23.0000,4800
2005-09-30,23.3500,23.3500,23.0200,23.1800,600
2005-09-23,24.0000,24.0000,23.0000,23.3500,2400
2005-09-16,22.1000,24.0000,22.1000,24.0000,11300
2005-09-09,23.0000,23.0400,23.0000,23.0000,1700
2005-09-02,23.8400,24.4500,23.0700,23.5500,6900
2005-08-26,23.8000,24.0000,23.2200,23.8000,15600
2005-08-19,25.8500,25.8500,23.0000,23.8000,17000
2005-08-12,25.5000,25.7500,24.5300,25.5900,2900
2005-08-05,23.4900,25.3400,23.0990,25.2900,36000
2005-07-29,23.1100,23.3900,21.1600,23.0600,5500
2005-07-22,22.5000,22.7773,22.5000,22.7773,800
2005-07-15,22.1000,25.1900,22.1000,23.0000,10500
2005-07-08,22.4500,23.0900,21.2000,22.1000,13400
2005-07-01,24.4140,24.4140,22.1800,22.4500,12600
2005-06-24,24.0000,25.9500,23.8100,24.6700,1600
2005-06-17,25.0000,25.0800,23.7100,24.0000,5800
2005-06-10,25.9400,25.9400,24.7000,25.1100,23200
2005-06-03,24.6000,25.9400,24.4900,25.9400,300
2005-05-27,25.0300,25.0300,24.5000,24.6000,8000
2005-05-20,25.4300,25.9500,24.3000,25.0410,21600
2005-05-13,24.6900,28.0000,24.2700,25.4350,41700
2005-05-06,24.2500,25.0000,24.2100,24.4210,55100
2005-04-29,23.4600,24.2000,23.4600,23.8400,26700
2005-04-22,23.3000,23.7400,23.2000,23.7400,23100
2005-04-15,23.1600,24.2000,22.2500,24.2000,16900
2005-04-08,23.6800,24.0000,23.2500,23.3300,3500
2005-04-01,25.1800,25.7500,23.4640,23.5000,6800
2005-03-24,24.4400,25.7500,24.3800,24.5600,1600
2005-03-18,25.3410,25.8500,24.5000,24.7500,5400
2005-03-11,24.5900,26.0000,24.5900,25.3600,28300
2005-03-04,24.3500,25.1300,24.1500,25.0000,25200
2005-02-25,24.6200,24.8000,24.0000,24.3500,28800
2005-02-18,24.4000,25.0200,24.3000,24.7100,57400
2005-02-11,24.1000,24.7300,23.5000,24.3400,67800
2005-02-04,22.1000,23.9100,22.0000,23.4000,48400
2005-01-28,22.1010,22.2535,22.1010,22.2500,1400
2005-01-21,22.8500,22.8500,22.1000,22.1010,4300
2005-01-14,22.5000,22.8000,22.1100,22.7500,2400
2005-01-07,22.2700,23.5000,22.0400,22.5000,17600
2004-12-31,22.5000,23.5090,22.5000,22.5200,12500
2004-12-23,23.3900,23.7000,22.5500,22.5500,1300
2004-12-17,23.0000,23.5000,22.7800,22.7800,2900
2004-12-10,22.0000,22.9990,22.0000,22.3100,28300
2004-12-03,21.7700,22.9200,21.7700,22.0300,15100
2004-11-26,21.7500,22.0500,21.7500,21.7800,700
2004-11-19,21.9200,22.1700,21.9000,22.0000,21800
2004-11-12,21.6800,21.9900,21.4100,21.9200,9600
2004-11-05,21.8400,21.9400,21.4000,21.6400,6200
2004-10-29,20.4900,22.0000,20.4900,21.7500,139400
2004-10-22,20.3700,20.5000,20.2700,20.4900,8400
2004-10-15,20.3000,20.3000,20.2100,20.2500,900
2004-10-08,20.3000,20.5000,20.3000,20.4800,17100
2004-10-01,20.4500,20.6000,19.9500,20.6000,24000
2004-09-24,20.2900,20.6000,19.9400,20.1000,19400
2004-09-17,20.7490,21.4000,20.1500,20.2900,19100
2004-09-10,20.8900,21.4800,19.8100,21.2400,40800
2004-09-03,20.5000,20.9300,20.2000,20.7100,33000
2004-08-27,20.5000,20.6400,20.2500,20.5000,5700
2004-08-20,20.5000,20.6500,19.8800,20.5000,3200
2004-08-13,20.0000,20.8100,20.0000,20.5000,71300
2004-08-06,19.8700,20.7500,18.6500,20.7400,61500
2004-07-30,19.7000,20.0000,19.0800,20.0000,10700
2004-07-23,19.9700,19.9700,18.6000,18.8900,12600
2004-07-16,19.5000,19.9900,19.2000,19.9700,8400
2004-07-09,19.9800,19.9800,19.3000,19.5000,1700
2004-07-02,19.2500,19.9900,19.0200,19.9800,2500
2004-06-25,20.2500,20.8500,18.5000,19.2500,1800
2004-06-18,20.0000,20.2500,19.8000,20.2500,3300
2004-06-10,20.2700,20.5100,19.5100,20.4900,138900
2004-06-04,20.2700,20.2700,19.7500,19.7500,51300
2004-05-28,19.6000,20.8500,19.0000,20.2700,82300
2004-05-21,18.9000,20.0000,18.4200,20.0000,18800
2004-05-14,19.8000,20.0000,18.0000,18.9900,6500
2004-05-07,19.5000,20.8500,19.5000,19.9900,13200
2004-04-30,18.7800,20.5000,18.7800,19.7500,26600
2004-04-23,20.1000,20.2500,18.0100,18.3400,18100
2004-04-16,20.6100,20.8000,18.3600,20.4000,48500
2004-04-08,20.3000,21.1000,20.3000,20.5000,14400
2004-04-02,20.4200,20.9800,20.2100,20.8500,10000
2004-03-26,20.1400,21.5000,20.0000,20.1500,5900
2004-03-19,20.5000,21.2400,20.0200,20.1200,7100
2004-03-12,21.0000,21.0000,20.5010,21.0000,7200
2004-03-05,20.2100,21.2490,20.2000,20.9890,61800
2004-02-27,20.5000,21.0000,20.2000,20.5000,33300
2004-02-20,20.9800,21.0000,20.0100,20.7500,33400
2004-02-13,20.9800,21.2000,19.7600,20.9800,29600
2004-02-06,20.2500,20.9790,19.8900,20.9790,13000
2004-01-30,21.3000,21.3000,19.9100,20.3800,17300
2004-01-23,20.0500,20.9900,20.0500,20.6190,6400
2004-01-16,20.7400,21.0280,19.9300,20.5000,9700
2004-01-09,21.2100,21.2100,19.5300,20.2590,22800
2004-01-02,41.2100,41.4900,20.6600,21.0310,16600
2003-12-26,40.0000,41.1500,40.0000,41.0000,7600
2003-12-19,39.7410,40.2100,39.7200,40.1000,5800
2003-12-12,38.4990,41.6890,38.1910,40.2400,40900
2003-12-05,38.1600,38.7400,37.8400,38.4400,11200
2003-11-28,38.1800,38.7500,38.1700,38.7500,26300
2003-11-21,38.2600,38.5890,38.1000,38.4300,11000
2003-11-14,38.6500,38.7900,38.0000,38.3400,10900
2003-11-07,37.5010,38.7500,37.5010,38.7500,37000
2003-10-31,37.7200,38.3600,37.1300,37.8890,13400
2003-10-24,38.7300,38.8200,36.8600,37.6200,14500
2003-10-17,36.7000,38.6300,36.7000,37.5400,11600
2003-10-10,37.7900,37.8800,36.7000,37.0210,9600
2003-10-03,37.1000,37.9900,36.4600,37.2500,19800
2003-09-26,37.0800,37.6200,36.0000,37.0500,18400
2003-09-19,35.8800,38.6100,35.8800,37.0000,15600
2003-09-12,34.8700,35.8000,34.8700,35.8000,4300
2003-09-05,34.4500,34.9000,34.4500,34.7500,2200
2003-08-29,33.0600,34.4600,33.0600,34.4300,12800
2003-08-22,33.3400,33.3400,33.0000,33.2300,4200
2003-08-15,33.0300,33.2500,32.9600,33.0700,1300
2003-08-08,32.9200,33.0800,32.8500,32.8500,15500
2003-08-01,32.8300,34.5000,32.8300,33.0100,9800
2003-07-25,32.3800,33.0000,32.2500,32.8300,4100
2003-07-18,32.0000,32.3800,32.0000,32.3800,1500
2003-07-11,31.7500,33.5800,31.7500,32.0200,5200
2003-07-03,32.0200,32.2500,31.3500,31.7190,7000
2003-06-27,33.1000,34.0000,32.0310,32.2200,5900
2003-06-20,30.8800,33.6990,30.8700,33.1000,25350
2003-06-13,30.4100,31.0000,30.2600,31.0000,9200
2003-06-06,29.1700,30.7100,28.9600,30.6100,12600
2003-05-30,29.0000,29.1700,28.7600,28.9700,13000
2003-05-23,28.8400,29.0000,28.2400,29.0000,6700
2003-05-16,28.8500,28.9000,27.8800,28.7100,5000
2003-05-09,29.4600,29.8000,27.4600,28.7000,30200
2003-05-02,26.7300,32.8600,26.7300,29.4600,32600
2003-04-25,26.6000,26.8500,26.5500,26.7300,1700
2003-04-17,26.0700,26.6000,26.0700,26.6000,1600
2003-04-11,25.7300,25.9400,25.7300,25.9400,5100
2003-04-04,25.8800,26.0000,25.7300,25.7300,500
2003-03-28,26.0200,26.0300,25.6700,25.8800,800
2003-03-21,25.9000,25.9000,25.9000,25.9000,200
2003-03-14,26.1400,26.3900,25.5500,25.9000,24100
2003-03-07,26.1100,26.1600,25.9100,26.1600,14800
2003-02-28,26.0500,26.2100,25.8900,26.1100,21000
2003-02-21,25.5400,26.0900,25.5300,25.9300,8100
2003-02-14,25.6400,25.7300,25.5300,25.5500,2800
2003-02-07,25.7300,25.8300,25.6000,25.7600,24300
2003-01-31,26.0000,26.0600,25.3000,25.8000,21650
2003-01-24,25.7600,26.0000,25.6500,26.0000,8500
2003-01-17,25.5300,25.6900,25.5200,25.6900,1200
2003-01-10,25.4300,25.5300,25.4300,25.5300,1000
2003-01-03,25.9400,25.9400,25.3100,25.3100,3300
2002-12-27,25.2300,25.9500,25.2300,25.7400,9200
2002-12-20,25.4700,25.6000,25.1800,25.1800,14700
2002-12-13,25.0000,25.6400,24.7600,25.5900,15400
2002-12-06,25.0000,25.1100,24.9700,25.1100,1100
2002-11-29,25.4300,25.4500,24.6500,24.6500,6400
2002-11-22,25.4500,25.6500,25.2500,25.4200,17500
2002-11-15,25.0000,25.3700,24.9500,25.2500,13400
2002-11-08,25.0000,25.1000,24.7500,25.0400,53600
2002-11-01,24.2600,25.0500,24.2500,24.9900,3800
2002-10-25,24.2500,24.4500,24.0000,24.0000,2700
2002-10-18,24.1800,24.2200,23.7800,24.2200,500
2002-10-11,24.0600,24.4700,23.6500,24.1800,4400
2002-10-04,24.3100,24.4700,23.9900,24.0100,4700
2002-09-27,24.5500,24.7400,24.0000,24.5000,12200
2002-09-20,25.0000,25.4900,24.5000,24.8000,10650
2002-09-13,24.9500,25.1000,24.9500,25.0200,3100
2002-09-06,25.0000,25.2100,24.9500,24.9500,20500
2002-08-30,25.0000,25.2500,25.0000,25.0500,30400
2002-08-23,24.7500,25.6000,24.6100,25.2500,156000
2002-08-16,24.7100,25.2500,24.7100,25.2500,22200
2002-08-09,24.9900,24.9900,24.5000,24.7100,35300
2002-08-02,24.9500,25.2000,24.1000,24.9900,16500
2002-07-26,24.3500,24.5000,24.0200,24.1000,6700
2002-07-19,25.6500,25.6500,24.3500,24.3500,6700
2002-07-12,25.1000,25.9900,25.1000,25.2600,2500
2002-07-05,25.8000,26.1000,25.1000,25.1000,19900
2002-06-28,25.0000,26.0000,24.9600,25.5600,116300
2002-06-21,25.2500,26.4500,24.8000,25.1600,9600
2002-06-14,24.3000,25.2000,24.3000,25.2000,4500
2002-06-07,25.2000,25.7500,24.3000,24.3100,18100
2002-05-31,24.7000,25.8000,24.5000,25.1100,30700
2002-05-24,24.4000,24.8000,24.2500,24.8000,8300
2002-05-17,24.2600,24.4000,24.2600,24.4000,2200
2002-05-10,24.0200,24.7000,24.0200,24.2500,12900
2002-05-03,24.0500,24.6000,24.0100,24.5500,3900
2002-04-26,24.5500,24.6000,23.9600,24.0500,3800
2002-04-19,24.5400,24.5500,23.9000,24.5500,2000
2002-04-12,23.8000,24.7500,23.8000,24.5300,8400
2002-04-05,23.4500,23.6000,23.2600,23.2600,18400
2002-03-28,23.2500,23.8000,23.2500,23.6000,5100
2002-03-22,23.7700,23.7700,23.2500,23.2500,1600
2002-03-15,23.9000,24.0500,23.8500,23.8500,11400
2002-03-08,23.9900,24.2500,23.7200,23.8000,52100
2002-03-01,23.2600,24.0000,23.2600,23.3800,11300
2002-02-22,23.2600,23.8000,23.2600,23.2600,10500
2002-02-15,23.1800,23.9000,23.0400,23.9000,34000
2002-02-08,23.2900,23.7500,23.1000,23.2600,7200
2002-02-01,23.3500,23.3500,22.9100,23.2900,4800
2002-01-25,22.4000,23.5000,22.3000,23.3500,12700
2002-01-18,22.5000,23.0000,22.3000,22.3000,4900
2002-01-11,22.2500,23.0000,22.2500,23.0000,4100
2002-01-04,23.0000,23.3500,22.5000,23.2500,7000
2001-12-28,22.7000,23.0000,22.1700,23.0000,23600
2001-12-21,22.0600,22.9900,22.0600,22.7000,11300
2001-12-14,22.9900,22.9900,22.0100,22.0600,3400
2001-12-07,22.1100,22.1100,22.0000,22.0100,1600
2001-11-30,23.1500,23.3800,22.1500,22.1500,3900
2001-11-23,22.2000,23.1500,22.2000,23.1500,3400
2001-11-16,20.1000,22.5000,20.1000,22.2000,239900
2001-11-09,20.2500,20.4800,20.0000,20.4800,1900
2001-11-02,20.2100,20.5000,20.0000,20.0000,20900
2001-10-26,20.0000,20.3900,20.0000,20.2100,3300
2001-10-19,20.0000,20.5000,19.9000,20.5000,8400
2001-10-12,20.0000,20.5000,19.2500,19.5500,3300
2001-10-05,20.1500,20.9000,19.9000,20.1000,12900
2001-09-28,20.0800,20.6300,19.8200,20.2000,5700
2001-09-21,21.1000,21.1200,19.9000,20.0700,5300
2001-09-10,21.6000,22.9600,21.4000,21.4500,201500
2001-09-07,21.8000,21.8000,21.3000,21.4100,9100
2001-08-31,21.6500,21.6500,21.3500,21.3600,2600
2001-08-24,21.7000,21.8000,21.4100,21.6500,18200
2001-08-17,21.6000,21.8400,21.5000,21.7000,5050
2001-08-10,21.5000,21.8000,21.4000,21.5000,2100
2001-08-03,21.4000,21.5000,21.2000,21.5000,31200
2001-07-27,20.9000,21.4900,20.8500,21.4900,10300
2001-07-20,21.1000,21.2500,20.3100,20.9000,16300
2001-07-13,20.5000,21.1000,20.5000,20.7000,3100
2001-07-06,20.6700,21.0400,20.2000,20.5000,33300
2001-06-29,20.3000,21.5000,20.2000,20.8000,18500
2001-06-22,20.3500,20.5000,20.0000,20.3000,45100
2001-06-15,19.7500,20.4500,19.6500,20.3500,14800
2001-06-08,20.1500,20.1500,19.7000,19.7500,7000
2001-06-01,19.4000,20.4500,19.4000,20.1600,70050
2001-05-25,19.3200,19.5500,19.3000,19.4000,115200
2001-05-18,19.4500,19.6500,19.3200,19.3200,6100
2001-05-11,19.2500,19.5500,19.2500,19.3900,95600
2001-05-04,19.3000,19.5500,19.1500,19.4000,27150
2001-04-27,19.3000,19.5000,19.3000,19.4000,9700
2001-04-20,19.3600,19.4700,19.2500,19.3000,47000
2001-04-12,19.4000,19.4000,19.3000,19.3500,54100
2001-04-06,19.4400,19.5000,19.3800,19.3800,116000
2001-03-30,19.2500,19.3800,19.2500,19.3800,1900
2001-03-23,19.3800,19.3800,19.2500,19.2500,14400
2001-03-16,19.7500,19.7500,19.2500,19.2500,6800
2001-03-09,20.0600,20.0800,19.7500,19.7500,7900
2001-03-02,20.1300,20.1900,20.0600,20.0600,2500
2001-02-23,20.2500,20.3800,20.1300,20.1300,258900
2001-02-16,20.0600,20.5000,20.0600,20.5000,9600
2001-02-09,20.1300,20.6300,20.0000,20.0600,62900
2001-02-02,19.3800,20.5000,19.3800,20.4400,52400
2001-01-26,18.7500,19.8100,18.6900,19.1300,41100
2001-01-19,19.3800,19.8800,18.7500,19.8100,19350
2001-01-12,18.5000,19.3800,18.5000,19.2500,5500
2001-01-05,19.0000,19.0000,18.5000,18.5000,1600
2000-12-29,18.7500,19.0000,18.5600,19.0000,20000
2000-12-22,18.3800,18.7500,18.0600,18.7500,23000
2000-12-15,18.2500,18.5000,18.0000,18.3800,8750
2000-12-08,18.7500,18.7500,18.0000,18.7500,250
2000-12-01,17.9400,18.7500,17.9400,18.7500,8000
2000-11-24,17.9400,18.2300,17.9400,18.0900,3000
2000-11-17,17.9400,18.2500,17.9400,17.9400,21250
2000-11-10,17.8800,18.2500,17.8800,17.9400,56500
2000-11-03,17.7500,18.2500,17.7500,17.8800,49750
2000-10-27,17.0000,17.5000,16.9400,17.5000,14000
2000-10-20,17.2500,17.2500,16.8800,17.0000,33250
2000-10-13,18.5000,18.5000,16.2500,17.1300,8250
2000-10-06,18.7500,18.7500,18.5000,18.7500,2500
2000-09-29,18.1300,19.0000,18.1300,19.0000,50750
2000-09-22,18.1300,18.2500,18.1300,18.2500,32250
2000-09-15,18.1900,18.2500,18.1300,18.2500,33000
2000-09-08,18.1300,18.1900,18.1300,18.1300,8500
2000-09-01,17.8800,18.8100,17.8800,18.1300,129750
2000-08-25,17.1900,18.3800,17.1900,17.6900,22500
2000-08-18,17.0000,17.2500,17.0000,17.2500,8250
2000-08-11,16.1300,17.0000,16.1300,16.9400,29500
2000-08-04,15.9400,16.1300,15.7500,16.0000,91500
2000-07-28,15.1900,15.9400,15.1900,15.7500,20500
2000-07-21,15.1300,15.5200,15.1300,15.3800,3750
2000-07-14,15.0000,15.3800,14.7500,15.1300,6000
2000-07-07,14.7500,15.0000,14.7500,15.0000,1750
2000-06-30,15.2500,15.2500,14.6900,14.7500,26250
2000-06-23,15.5000,15.7200,15.1300,15.3800,22750
2000-06-16,15.3800,16.0000,15.1600,15.7500,53500
2000-06-09,15.0600,15.3800,15.0000,15.0600,36500
2000-06-02,15.0000,15.1900,14.9400,15.0600,357750
2000-05-26,14.3800,15.0600,14.3800,15.0600,127000
2000-05-19,14.3100,14.4400,14.3100,14.3800,24250
2000-05-12,14.1300,14.5000,14.0600,14.3800,35750
2000-05-05,14.5600,14.8100,14.0000,14.5000,53750
2000-04-28,14.3800,14.9400,13.9400,14.5000,59750
2000-04-20,13.8800,14.3800,13.8800,13.9400,24750
2000-04-14,14.2500,14.3800,13.8800,13.8800,8000
2000-04-07,13.7500,14.1300,13.6300,14.0000,77500
2000-03-31,15.2500,15.3800,13.0000,13.5600,151750
2000-03-24,15.3400,15.4400,15.2500,15.4400,18500
2000-03-17,15.1300,15.5000,15.0000,15.4400,21750
2000-03-10,15.3800,15.5600,15.1300,15.1900,36500
2000-03-03,15.5300,15.7500,15.3800,15.3800,132750
2000-02-25,15.3800,16.0000,15.3800,15.3800,22000
2000-02-18,15.5000,15.7500,15.5000,15.7500,21000
2000-02-11,15.5600,15.6900,15.2500,15.6900,45250
2000-02-04,15.0000,15.6300,15.0000,15.5600,54000
2000-01-28,15.0000,15.1300,15.0000,15.0000,24000
2000-01-21,14.7500,15.3800,14.7500,14.8800,11750
2000-01-14,15.7500,16.2500,14.7500,15.1900,56750
