timestamp,open,high,low,close,volume
2018-02-27,3.4900,3.4900,3.1200,3.2100,210599
2018-02-23,3.8500,3.8601,3.1000,3.3800,1259212
2018-02-16,5.0000,5.0200,3.7600,3.8600,2604773
2018-02-09,3.8000,4.8900,3.1517,4.6700,8817831
2018-02-02,3.0000,4.7300,2.4500,4.0800,25802308
2018-01-26,2.1500,5.9700,2.0210,3.3200,17812950
2018-01-19,2.0000,2.2499,1.9800,2.0400,311314
2018-01-12,2.2100,2.3245,1.8200,2.0200,812832
2018-01-05,1.7500,2.3761,1.7500,2.1100,1103887
2017-12-29,1.9300,2.0290,1.7500,1.7700,122925
2017-12-22,1.9400,2.0500,1.8000,1.9400,175549
2017-12-15,2.1600,2.1900,1.6200,1.9600,200455
2017-12-08,1.8100,2.1899,1.6800,2.0888,386479
2017-12-01,1.8300,1.9900,1.7000,1.8100,199245
2017-11-24,2.1000,2.1000,1.7300,1.8100,198238
2017-11-17,1.7000,2.4200,1.6500,1.9600,2074878
2017-11-10,1.6200,1.8900,1.4500,1.7000,740551
2017-11-03,1.5700,1.7300,1.4500,1.5800,203449
2017-10-27,1.7800,1.7800,1.4600,1.5700,112054
2017-10-20,1.9300,1.9300,1.6900,1.7400,293436
2017-10-13,1.5200,2.5200,1.5200,1.9100,4097020
2017-10-06,1.3500,1.5500,1.3000,1.5200,352038
2017-09-29,1.3500,1.4300,1.2500,1.2900,91962
2017-09-22,1.1900,1.5000,1.1800,1.3500,422030
2017-09-15,1.3600,1.4000,1.2700,1.2800,56228
2017-09-08,1.4100,1.4300,1.3000,1.3600,49480
2017-09-01,1.3900,1.4500,1.3100,1.4100,82743
2017-08-25,1.3600,1.4900,1.2400,1.3900,90260
2017-08-18,1.4200,1.4700,1.2100,1.3000,125107
2017-08-11,1.3100,1.4500,1.2300,1.3800,241021
2017-08-04,1.4600,1.4800,1.2000,1.3200,100395
2017-07-28,1.5000,1.5000,1.4000,1.4300,36422
2017-07-21,1.4300,1.5500,1.4000,1.4600,57004
2017-07-14,1.4200,1.6300,1.4000,1.4500,126142
2017-07-07,1.5400,1.7400,1.4200,1.5000,150047
2017-06-30,1.5000,1.7700,1.4200,1.5300,154200
2017-06-23,1.7700,1.7700,1.3500,1.5000,128672
2017-06-16,1.7000,1.7300,1.2000,1.3100,200553
2017-06-09,1.7100,1.7700,1.6400,1.6500,34334
2017-06-02,1.7000,1.7700,1.6200,1.6900,48012
2017-05-26,1.7300,1.7900,1.6200,1.7100,82966
2017-05-19,1.7400,1.8000,1.6400,1.7300,64801
2017-05-12,1.6000,1.7800,1.5700,1.7800,85878
2017-05-05,1.7000,1.9200,1.5700,1.5800,149061
2017-04-28,1.8800,2.0000,1.6600,1.7300,145337
2017-04-21,2.1100,2.1800,1.7700,1.7800,357137
2017-04-13,2.2100,2.3500,2.2000,2.2800,72733
2017-04-07,2.3200,2.4600,2.1100,2.2200,492148
2017-03-31,2.3400,2.5000,2.1100,2.3100,148140
2017-03-24,2.1300,2.5500,2.1200,2.2300,321469
2017-03-17,2.1200,2.4400,2.0800,2.1200,326773
2017-03-10,2.5000,2.6000,2.0000,2.1100,413167
2017-03-03,2.9300,2.9300,2.3700,2.4400,416830
2017-02-24,2.9400,3.0000,2.7800,2.7900,91788
2017-02-17,2.9000,3.0800,2.8200,2.9400,234429
2017-02-10,2.8300,2.9700,2.7500,2.8200,348751
2017-02-03,2.8136,3.0900,2.8000,2.8300,206347
2017-01-27,2.9800,3.0000,2.7228,2.9100,222182
2017-01-20,2.9300,3.0800,2.7000,2.8200,249356
2017-01-13,2.8500,4.3000,2.3800,2.9600,2932299
2017-01-06,2.9300,2.9835,2.5200,2.8046,302706
2016-12-30,3.0700,3.1800,2.9050,2.9300,219305
2016-12-23,3.3000,3.3080,2.9900,3.1100,221683
2016-12-16,3.2900,3.7100,3.0100,3.2000,1716873
2016-12-09,3.0300,3.4000,3.0300,3.2600,322130
2016-12-02,3.6000,3.6000,3.0500,3.1200,712401
2016-11-25,3.2100,3.9300,3.1161,3.4100,2341608
2016-11-18,3.6400,3.6600,3.0070,3.0900,775408
2016-11-11,2.7900,3.7500,2.6728,3.5900,2673511
2016-11-04,3.3500,3.5500,2.7500,2.7900,636859
2016-10-28,3.9100,4.2899,3.3300,3.3600,1423769
2016-10-21,4.0300,5.0000,3.5510,3.9400,10817895
2016-10-14,3.5070,7.0600,3.4300,4.1100,24085492
2016-10-07,3.6500,3.9300,3.2300,3.4000,876278
2016-09-30,3.8100,4.7300,3.2300,3.7200,4826750
2016-09-23,2.6300,4.4300,2.5900,3.7622,11087691
2016-09-16,2.0500,3.7500,2.0200,2.6600,13307102
2016-09-09,2.1000,2.3500,2.0200,2.0300,229586
2016-09-02,2.5900,2.5900,2.0600,2.1800,411155
2016-08-26,4.0200,4.1100,2.1600,2.4700,884397
2016-08-19,4.3100,4.5900,4.0000,4.0500,239747
2016-08-12,4.3100,4.4300,4.0200,4.3600,198899
2016-08-05,4.3000,4.4900,3.9600,4.2000,431134
2016-07-29,4.0200,5.3500,4.0010,4.3200,3666770
2016-07-22,3.9500,4.6000,3.7200,4.0600,1401513
2016-07-15,4.6400,4.6400,3.8300,3.9900,1006470
2016-07-08,4.2200,5.3300,4.1001,4.5800,5321915
2016-07-01,4.0200,5.2500,3.9100,4.2500,12585790
2016-06-24,5.6600,6.0200,3.0600,4.2700,10830896
2016-06-17,3.8600,6.5900,3.4500,5.7700,16708294
2016-06-10,1.3500,5.9800,1.2920,3.8601,14482740
2016-06-03,1.3800,1.3999,1.1700,1.3000,22300
2016-05-27,1.1900,1.4000,1.1150,1.2500,40131
2016-05-20,1.3000,1.4000,1.0800,1.3018,29308
2016-05-13,1.3200,1.3200,1.2000,1.2800,46507
2016-05-06,1.3800,1.4000,1.2000,1.2300,39079
2016-04-29,1.4100,1.5200,1.3000,1.3400,36943
2016-04-22,1.4100,1.8000,1.3700,1.4600,122652
2016-04-15,1.8900,2.0200,1.1400,1.4100,156760
2016-04-08,1.9500,2.1000,1.8500,1.8690,49259
2016-04-01,2.1400,2.1500,1.8300,2.0100,19222
2016-03-24,2.0921,2.3400,2.0401,2.1370,34429
2016-03-18,2.2600,2.2999,2.0300,2.2760,14764
2016-03-11,2.5200,2.5200,2.0300,2.0500,36883
2016-03-04,2.1900,2.5400,2.0200,2.3000,21780
2016-02-26,2.7800,3.1860,2.0200,2.2100,93351
2016-02-19,1.5600,2.3400,1.5600,2.3130,94800
2016-02-12,2.5000,2.5000,1.4000,1.5680,128285
2016-02-05,0.3200,2.5100,0.3200,2.5100,165825
2016-01-29,0.3300,0.3850,0.3000,0.3500,64908
2016-01-22,0.3400,0.3899,0.3000,0.3380,90652
2016-01-15,0.3900,0.3937,0.3400,0.3400,183298
2016-01-08,0.4001,0.4100,0.3700,0.3884,298023
2015-12-31,0.4800,0.4800,0.4000,0.4012,198432
2015-12-24,0.4900,0.4900,0.3500,0.4780,310767
2015-12-18,0.5100,0.5422,0.4500,0.4701,265383
2015-12-11,0.5500,0.5898,0.5100,0.5200,144064
2015-12-04,0.5500,0.6500,0.5100,0.6000,726637
2015-11-27,0.6448,0.6898,0.5500,0.5618,291330
2015-11-20,0.6600,0.6945,0.6448,0.6500,123394
2015-11-13,0.7150,0.7298,0.6600,0.6600,82426
2015-11-06,0.6530,0.7298,0.6501,0.6923,94961
2015-10-30,0.6998,0.6999,0.6301,0.6600,70247
2015-10-23,0.7698,0.7698,0.6600,0.6800,179622
2015-10-16,0.7298,0.7698,0.7000,0.7660,157230
2015-10-09,0.6798,0.7200,0.6100,0.7200,184409
2015-10-02,0.7300,0.7600,0.6000,0.6500,164486
2015-09-25,0.6698,0.7800,0.6548,0.7503,269267
2015-09-18,0.6402,0.7160,0.6100,0.6688,243808
2015-09-11,0.6200,0.7300,0.6116,0.6528,157899
2015-09-04,0.6400,0.7500,0.6300,0.6952,189084
2015-08-28,0.6700,0.7000,0.6000,0.6700,231951
2015-08-21,0.6600,0.7600,0.6500,0.6792,83053
2015-08-14,0.7100,0.7700,0.6300,0.6800,188325
2015-08-07,0.8100,0.8200,0.6200,0.7260,252008
2015-07-31,0.8800,0.9101,0.7401,0.8022,379795
2015-07-24,0.9900,0.9900,0.9100,0.9300,182454
2015-07-17,0.9900,1.0300,0.9501,0.9800,272677
2015-07-10,1.0600,1.0900,0.9001,1.0095,722290
2015-07-02,1.1700,1.1700,1.0110,1.1000,512757
2015-06-26,1.2100,1.2900,1.1300,1.1800,662459
2015-06-19,1.3100,1.3699,1.1815,1.2100,676376
2015-06-12,1.2300,1.3900,1.2000,1.3000,669481
2015-06-05,1.1457,1.2600,1.1100,1.2317,400327
2015-05-29,1.1600,1.2250,1.1000,1.1400,584712
2015-05-22,1.2500,1.3000,1.1200,1.1400,853625
2015-05-15,1.2960,1.4100,1.2917,1.3600,487216
2015-05-08,1.4000,1.4200,1.2600,1.2900,485207
2015-05-01,1.4600,1.5800,1.3000,1.3600,810094
2015-04-24,1.6000,1.6500,1.4000,1.5000,989141
2015-04-17,1.2400,1.8400,1.1800,1.5700,4478617
2015-04-10,1.1500,1.3000,1.1200,1.2400,396576
2015-04-02,1.3000,1.3100,1.1600,1.1600,243619
2015-03-27,1.3000,1.3200,1.1800,1.2901,184540
2015-03-20,1.1800,1.3800,1.1500,1.3100,869464
2015-03-13,1.2000,1.2300,1.1300,1.1600,146350
2015-03-06,1.1700,1.2688,1.1200,1.1800,196491
2015-02-27,1.2500,1.2700,1.1400,1.1401,208841
2015-02-20,1.1100,1.2800,1.1000,1.2500,403592
2015-02-13,1.1000,1.1500,1.0700,1.1400,293849
2015-02-06,0.9700,1.1000,0.9700,1.1000,286672
2015-01-30,1.0200,1.0900,0.9105,0.9680,250107
2015-01-23,1.0700,1.1400,1.0000,1.0500,376838
2015-01-16,1.0500,1.1000,1.0200,1.1000,321320
2015-01-09,1.1400,1.1500,1.0300,1.0700,285509
2015-01-02,1.1200,1.2100,1.0900,1.1400,679634
2014-12-26,1.1600,1.2000,1.0700,1.1100,194672
2014-12-19,1.1200,1.2000,1.0500,1.2000,277485
2014-12-12,1.1700,1.2300,1.0800,1.1200,263883
2014-12-05,1.2800,1.2900,1.0600,1.1800,681322
2014-11-28,1.3600,1.3600,1.2800,1.2800,126583
2014-11-21,1.3900,1.3900,1.2800,1.3400,413883
2014-11-14,1.6500,1.7300,1.2900,1.3900,944726
2014-11-07,1.5000,1.6800,1.4100,1.6400,614838
2014-10-31,1.4500,1.5300,1.4100,1.4800,137772
2014-10-24,1.5200,1.5400,1.4100,1.4200,237293
2014-10-17,1.5100,1.5300,1.3500,1.5100,350171
2014-10-10,1.6700,1.6900,1.5000,1.5000,326334
2014-10-03,1.7000,1.7000,1.5100,1.6500,499487
2014-09-26,1.7000,1.9199,1.6500,1.6900,537997
2014-09-19,1.6700,1.9800,1.5500,1.6800,1187985
2014-09-12,1.8000,1.9100,1.5800,1.6900,537442
2014-09-05,2.1100,2.1600,1.8000,1.8000,710321
2014-08-29,1.9300,2.1600,1.8800,2.0500,1390213
2014-08-22,1.6900,2.2700,1.6700,1.9600,3409869
2014-08-15,1.3000,1.7500,1.3000,1.6600,3264744
2014-08-08,1.3400,1.4000,1.2000,1.2400,266497
2014-08-01,1.3600,1.4200,1.2600,1.3180,238780
2014-07-25,1.3300,1.4401,1.3300,1.3600,542680
2014-07-18,1.4000,1.5500,1.3100,1.3300,679995
2014-07-11,1.3800,1.4000,1.2300,1.3800,396572
2014-07-03,1.3600,1.4900,1.3600,1.3700,121483
2014-06-27,1.5100,1.5300,1.3600,1.3900,164540
2014-06-20,1.4000,1.5400,1.4000,1.4801,129380
2014-06-13,1.3800,1.5400,1.3300,1.4000,263555
2014-06-06,1.3600,1.5000,1.3500,1.3820,150736
2014-05-30,1.3600,1.5600,1.3500,1.3800,283490
2014-05-23,1.4000,1.4500,1.3200,1.3800,161377
2014-05-16,1.3200,1.4600,1.2700,1.3983,511262
2014-05-09,1.7300,1.7300,1.2300,1.3300,738862
2014-05-02,1.8300,1.8757,1.6500,1.7500,339121
2014-04-25,1.8500,1.9200,1.6700,1.7700,377897
2014-04-17,1.8400,1.9100,1.5900,1.8100,597144
2014-04-11,1.9100,2.0000,1.8200,1.8400,797915
2014-04-04,2.0000,2.4100,1.9100,1.9500,2078385
2014-03-28,2.1800,2.1800,1.9000,2.0000,1449127
2014-03-21,2.1500,2.4300,2.1100,2.2000,1715361
2014-03-14,2.8500,2.8500,2.1000,2.1600,4188616
2014-03-07,2.5500,3.4900,2.5000,2.9700,5128288
2014-02-28,2.3000,2.9400,2.2600,2.6900,3127902
2014-02-21,2.2600,2.6800,2.2600,2.3800,3149233
2014-02-14,1.9900,2.3700,1.9900,2.2300,1328046
2014-02-07,2.0200,2.0500,1.8600,2.0000,599898
2014-01-31,2.0000,2.2500,1.7700,2.0200,1594931
2014-01-24,2.5400,2.5400,2.0200,2.0200,1501776
2014-01-17,2.4500,2.6600,2.2300,2.4800,2140712
2014-01-10,2.4100,2.5700,2.1400,2.4000,2078540
2014-01-03,1.9400,2.5600,1.8700,2.4100,1884013
2013-12-27,2.2000,2.2000,1.8500,1.9800,518375
2013-12-20,2.0800,2.2800,2.0000,2.1200,665537
2013-12-13,2.2300,2.3000,1.9300,2.0132,640772
2013-12-06,1.9000,2.5300,1.9000,2.1901,3358717
2013-11-29,2.0000,2.0316,1.7500,1.8100,583488
2013-11-22,2.9700,2.9700,1.8700,2.0000,3517980
2013-11-15,1.2900,3.4400,1.1800,2.6000,9354338
2013-11-08,1.0900,1.3800,1.0200,1.2900,841123
2013-11-01,1.3000,1.3800,1.0600,1.1099,605187
2013-10-25,0.9400,1.4000,0.9400,1.2401,1399126
2013-10-18,0.8101,1.1900,0.7944,0.9270,2390505
2013-10-11,0.7180,0.8899,0.7180,0.8100,247025
2013-10-04,0.7500,0.7810,0.7015,0.7145,75476
2013-09-27,0.7490,0.7990,0.7200,0.7500,58650
2013-09-20,0.8100,0.8100,0.7200,0.7499,106153
2013-09-13,0.7800,0.8390,0.7600,0.8000,65262
2013-09-06,0.8000,0.8400,0.7820,0.7826,26228
2013-08-30,0.7800,0.8599,0.7800,0.8100,71436
2013-08-23,0.8900,0.9200,0.7810,0.8001,124934
2013-08-16,0.8116,0.9100,0.7500,0.8749,147798
2013-08-09,0.7500,0.8200,0.7301,0.8100,75552
2013-08-02,0.7500,0.8200,0.7001,0.8200,48588
2013-07-26,0.7500,0.8300,0.6900,0.7800,66873
2013-07-19,0.7350,0.7972,0.6901,0.7400,38685
2013-07-12,1.0000,1.0600,0.6811,0.8000,388499
2013-07-05,0.7300,0.7300,0.6300,0.6580,25044
2013-06-28,0.6900,0.7090,0.6300,0.6900,110360
2013-06-21,0.7500,0.8300,0.6800,0.7400,119053
2013-06-14,0.8000,0.8100,0.6930,0.7500,144201
2013-06-07,0.7800,0.8100,0.7300,0.8000,112854
2013-05-31,0.7900,0.8000,0.7100,0.7700,90461
2013-05-24,0.7500,0.7900,0.6200,0.7900,76053
2013-05-17,0.6300,0.8000,0.6173,0.7700,185344
2013-05-10,0.7500,0.8300,0.6298,0.6700,160886
2013-05-03,0.7500,0.9100,0.7480,0.7800,89890
2013-04-26,0.8000,0.8400,0.6600,0.7480,103228
2013-04-19,0.9000,0.9400,0.7200,0.8500,255225
2013-04-12,0.9200,1.0100,0.8300,0.9918,49750
2013-04-05,1.0100,1.0100,0.8200,0.9500,71243
2013-03-28,0.9600,1.0000,0.9600,0.9600,78391
2013-03-22,1.0000,1.0299,0.9500,0.9600,40482
2013-03-15,1.0100,1.0200,0.9700,1.0200,105806
2013-03-08,1.0500,1.1000,0.9900,1.0000,77390
2013-03-01,1.1200,1.1200,1.0300,1.1000,56024
2013-02-22,1.1100,1.1290,1.0500,1.1100,118856
2013-02-15,1.1194,1.1499,1.0600,1.1000,45659
2013-02-08,1.0700,1.1800,1.0600,1.0900,87092
2013-02-01,1.0700,1.1800,1.0400,1.0800,192247
2013-01-25,1.0000,1.0899,0.9800,1.0600,128210
2013-01-18,1.0201,1.0600,0.9700,1.0300,96376
2013-01-11,1.0500,1.0900,0.9804,1.0600,144682
2013-01-04,0.9700,1.0700,0.9700,1.0500,83476
2012-12-28,0.9900,1.0700,0.9500,0.9710,115703
2012-12-21,1.0500,1.0800,0.9800,1.0100,192623
2012-12-14,1.0500,1.1100,1.0100,1.0500,110516
2012-12-07,0.9300,1.3600,0.9200,1.0500,845218
2012-11-30,1.0400,1.0700,0.9100,0.9500,158450
2012-11-23,1.1500,1.1568,1.0100,1.0200,184246
2012-11-16,1.2300,1.3000,1.1100,1.2200,63218
2012-11-09,1.3000,1.3000,1.2000,1.2300,27826
2012-11-02,1.3200,1.3400,1.2200,1.2601,40697
2012-10-26,1.1800,1.3900,1.1800,1.3700,159388
2012-10-19,1.2500,1.3600,1.1700,1.2000,149729
2012-10-12,1.3800,1.4000,1.2300,1.2500,59313
2012-10-05,1.1600,1.4200,1.1600,1.3800,167110
2012-09-28,1.2000,1.2460,1.1500,1.1700,73889
2012-09-21,1.2400,1.3000,1.1300,1.2000,114978
2012-09-14,1.2500,1.2900,1.1500,1.2400,104147
2012-09-07,1.3000,1.3500,1.1800,1.2300,57171
2012-08-31,1.2800,1.4500,1.2700,1.3000,74290
2012-08-24,1.3500,1.4600,1.2800,1.2800,68199
2012-08-17,1.4500,1.5295,1.2800,1.3500,125858
2012-08-10,1.2500,1.5000,1.2110,1.4100,359268
2012-08-03,1.1900,1.2900,1.1000,1.1700,65960
2012-07-27,1.1700,1.2800,1.0300,1.2001,172523
2012-07-20,1.3300,1.4200,1.2300,1.2500,169034
2012-07-13,1.4100,1.4500,1.2800,1.3364,133767
2012-07-06,1.3700,1.4800,1.3100,1.3600,107671
2012-06-29,1.2900,1.5500,1.2700,1.3600,337519
2012-06-22,1.7500,1.8599,1.3600,1.3700,718635
2012-06-15,1.0899,2.0000,1.0500,1.7900,3927148
2012-06-08,1.2000,1.2000,1.0090,1.0600,128110
2012-06-01,1.4300,1.4700,1.2170,1.2300,97790
2012-05-25,1.3000,1.4300,1.2000,1.4199,118428
2012-05-18,1.2800,1.4000,1.2100,1.2800,195558
2012-05-11,1.4600,1.4900,1.2700,1.2800,150734
2012-05-04,1.6700,1.7172,1.4500,1.4600,179528
2012-04-27,1.6800,2.1100,1.6400,1.6400,660550
2012-04-20,1.6700,1.7700,1.6000,1.6500,106429
2012-04-13,1.8600,2.0400,1.6000,1.6936,294238
2012-04-05,0.5800,1.8700,0.5630,1.8600,685227
2012-03-30,0.7900,0.8400,0.5700,0.6200,2275299
2012-03-23,0.7800,0.7898,0.7112,0.7800,684841
2012-03-16,1.1300,1.1400,0.7322,0.8000,2156478
2012-03-09,0.7450,1.0790,0.7300,1.0499,2921804
2012-03-02,0.8500,0.9000,0.7100,0.7450,575951
2012-02-24,0.8700,0.8880,0.8200,0.8300,99051
2012-02-17,0.8700,0.9000,0.8010,0.8700,256094
2012-02-10,0.8100,0.9799,0.8100,0.8700,814888
2012-02-03,0.7700,0.8200,0.7560,0.8010,161816
2012-01-27,0.8500,0.9350,0.7518,0.7880,474845
2012-01-20,0.6500,0.8400,0.6500,0.8399,438349
2012-01-13,0.6800,0.7200,0.6260,0.6400,292288
2012-01-06,0.6500,0.6849,0.6100,0.6500,100447
2011-12-30,0.5700,0.6892,0.5600,0.6200,354156
2011-12-23,0.5180,0.6200,0.4900,0.5866,497894
2011-12-16,0.6100,0.6100,0.5100,0.5101,314650
2011-12-09,0.6400,0.7500,0.6100,0.6100,169145
2011-12-02,0.7300,0.7600,0.6400,0.6400,202666
2011-11-25,0.6900,0.7895,0.6549,0.6800,143813
2011-11-18,0.8800,0.9300,0.6750,0.6800,363451
2011-11-11,0.8690,0.9300,0.8215,0.9100,366872
2011-11-04,0.8500,0.8999,0.7400,0.8400,425477
2011-10-28,0.7465,0.8400,0.6824,0.8398,345838
2011-10-21,0.8600,0.8601,0.6800,0.6800,189011
2011-10-14,0.7500,0.9300,0.7000,0.8700,345301
2011-10-07,0.6330,0.7400,0.5110,0.7200,741499
2011-09-30,0.8300,0.9400,0.6100,0.6800,606869
2011-09-23,0.9800,0.9800,0.8100,0.8500,315141
2011-09-16,0.9800,1.0100,0.9600,0.9600,176219
2011-09-09,0.9500,1.0400,0.9400,1.0000,162751
2011-09-02,1.1000,1.1000,0.9210,0.9502,298197
2011-08-26,1.0000,1.0900,0.8500,1.0500,463224
2011-08-19,1.4600,1.4600,0.9600,0.9701,766282
2011-08-12,1.1300,1.3298,0.9226,1.2300,660956
2011-08-05,1.3500,1.3500,1.0600,1.1500,494176
2011-07-29,1.4100,1.4790,1.2000,1.2600,818698
2011-07-22,1.3000,1.4200,1.2000,1.4100,905049
2011-07-15,1.2400,1.4200,1.1700,1.3100,1196004
2011-07-08,1.1500,1.2700,1.0300,1.2400,831610
2011-07-01,1.1300,1.1600,1.0500,1.1500,510700
2011-06-24,1.0400,1.2400,1.0200,1.1200,673339
2011-06-17,1.2000,1.2900,1.0300,1.0660,1558349
2011-06-10,1.2300,1.3000,1.1800,1.2000,959381
2011-06-03,1.4500,1.4500,1.2300,1.2600,530140
2011-05-27,1.3500,1.4900,1.2100,1.4699,971628
2011-05-20,1.8600,1.8600,1.2700,1.3700,1750068
2011-05-13,1.5700,1.9200,1.5200,1.8200,1448732
2011-05-06,1.6600,1.6900,1.5200,1.5900,762124
2011-04-29,1.8700,1.8800,1.6000,1.6600,1304653
2011-04-21,1.6600,1.9100,1.6400,1.8400,1747562
2011-04-15,2.0500,2.0900,1.5500,1.6600,2376333
2011-04-08,2.1200,2.2100,1.9700,2.0300,1344409
2011-04-01,2.7300,2.7300,2.1000,2.1000,3213240
2011-03-25,1.8100,3.1800,1.7500,2.5800,9021275
2011-03-18,2.2000,2.2201,1.6200,1.8400,1271574
2011-03-11,2.4700,2.4700,2.1500,2.2000,909194
2011-03-04,2.4900,2.5400,2.3800,2.3900,490655
2011-02-25,2.4800,2.5400,2.4400,2.4700,282557
2011-02-18,2.5300,2.6000,2.4200,2.5100,838269
2011-02-11,2.5500,2.5500,2.4500,2.5200,462303
2011-02-04,2.4400,2.6600,2.4000,2.4967,847125
2011-01-28,2.5700,2.5700,2.3200,2.5100,902052
2011-01-21,2.7000,2.7000,2.5000,2.5700,485263
2011-01-14,2.7500,2.7700,2.6400,2.6800,620689
2011-01-07,2.8800,2.8800,2.6500,2.7300,617132
2010-12-31,2.7600,2.9000,2.7100,2.8200,456067
2010-12-23,2.9400,3.0000,2.7800,2.7800,332025
2010-12-17,2.9500,3.0000,2.8520,2.9400,559547
2010-12-10,2.8000,2.9200,2.7600,2.7800,603539
2010-12-03,3.0000,3.0000,2.7400,2.7400,1094310
2010-11-26,3.0700,3.0700,2.9000,2.9500,441602
2010-11-19,2.8900,3.0800,2.5900,3.0700,1271436
2010-11-12,3.2100,3.5100,2.9403,3.1400,586461
2010-11-05,2.8420,3.2000,2.8200,3.1900,671574
2010-10-29,3.0200,3.0600,2.7100,2.8200,641394
2010-10-22,2.8600,3.1500,2.8300,3.0200,568223
2010-10-15,2.7900,2.9800,2.7590,2.8600,670915
2010-10-08,2.8800,2.8800,2.6300,2.7500,126866
2010-10-01,2.5600,2.8800,2.4700,2.8440,417322
2010-09-24,2.3500,2.6800,2.3200,2.5600,576433
2010-09-17,2.4300,2.6000,2.3200,2.3600,567966
2010-09-10,2.5900,2.6000,2.3600,2.3700,191056
2010-09-03,2.6400,2.6790,2.3400,2.5500,438185
2010-08-27,2.7600,2.8899,2.5099,2.6400,283791
2010-08-20,2.7000,3.1400,2.6101,2.7600,681938
2010-08-13,2.6101,2.9600,2.5500,2.8399,280579
2010-08-06,2.6300,2.7800,2.5100,2.5899,195372
2010-07-30,2.7000,2.7900,2.5300,2.6500,171470
2010-07-23,2.5201,2.7400,2.4600,2.7200,157162
2010-07-16,2.7100,2.7400,2.4401,2.4800,197409
2010-07-09,2.6000,2.7900,2.3700,2.6900,436929
2010-07-02,3.0400,3.0800,2.5680,2.6101,611804
2010-06-25,3.0600,3.1600,2.9100,2.9700,275110
2010-06-18,3.2000,3.3600,2.8700,3.0200,405320
2010-06-11,3.3900,3.4000,3.0000,3.1800,487046
2010-06-04,3.4600,3.5700,3.2500,3.3900,232457
2010-05-28,3.5000,3.5100,3.1500,3.5000,486955
2010-05-21,3.8100,3.8148,3.1000,3.4500,1318207
2010-05-14,4.0000,4.2400,3.8000,4.0000,887770
2010-05-07,4.4700,4.4700,3.5000,3.6501,1323521
2010-04-30,5.1500,5.1500,4.0900,4.4199,3419129
2010-04-23,4.6500,5.5100,4.4000,5.1000,2627665
2010-04-16,4.2800,4.9200,4.0400,4.6800,2786077
2010-04-09,3.8500,4.1800,3.6500,4.1600,1143695
2010-04-01,3.8900,4.4900,3.6700,3.8500,1281531
2010-03-26,4.0300,4.0300,3.7500,3.8800,235563
2010-03-19,4.1000,4.2500,3.8900,4.0500,495485
2010-03-12,3.4900,4.0500,3.4500,4.0500,599180
2010-03-05,3.6000,3.6300,3.3100,3.4900,655271
2010-02-26,3.9000,4.1000,3.5500,3.5600,546101
2010-02-19,3.9000,3.9900,3.5800,3.9000,138742
2010-02-12,3.4400,3.9800,3.3500,3.8500,239477
2010-02-05,3.3200,3.9300,3.1400,3.4500,909820
2010-01-29,3.9500,3.9500,3.2500,3.3000,1208136
2010-01-22,4.4900,4.7000,3.7000,3.9000,922689
2010-01-15,4.1700,4.5900,4.1200,4.4800,2047043
2010-01-08,4.7100,4.7500,4.1100,4.1900,1373857
2009-12-31,3.7500,4.7000,3.6000,4.4500,971818
2009-12-24,3.8500,3.8500,3.5000,3.7400,286373
2009-12-18,3.7500,4.0000,3.6000,3.7000,641692
2009-12-11,3.2500,3.7500,3.0600,3.7500,764832
2009-12-04,2.9100,3.2500,2.9100,3.1200,614464
2009-11-27,2.8100,3.0200,2.8000,2.9900,372510
2009-11-20,2.9200,3.4500,2.8200,2.8200,1025023
2009-11-13,2.7400,3.0500,2.6200,2.8700,1830243
2009-11-06,2.3500,2.7000,2.1800,2.6800,1013417
2009-10-30,2.5500,2.5500,2.3000,2.3300,487858
2009-10-23,2.5300,2.9000,2.3100,2.5000,2092092
2009-10-16,2.4500,2.7000,2.3200,2.4300,913670
2009-10-09,2.0000,2.5000,2.0000,2.3600,735237
2009-10-02,1.7500,2.1000,1.6900,2.0000,1280646
2009-09-25,1.7500,1.9300,1.7000,1.7000,387600
2009-09-18,1.9900,2.0500,1.6900,1.7800,775078
2009-09-11,2.0600,2.1300,1.9000,1.9900,107473
2009-09-04,2.2500,2.2500,1.9900,2.0300,188130
2009-08-28,3.5000,3.5000,2.3000,2.3500,209664
2009-08-21,3.8500,3.8500,2.9000,3.5000,26250
2009-08-14,3.9999,4.0000,3.5000,4.0000,18059
2009-08-07,4.0000,4.0000,2.7500,3.9999,6870
2009-07-31,4.0000,4.0000,3.5000,4.0000,11300
2009-07-24,4.0000,4.0000,4.0000,4.0000,7900
2009-07-17,3.9000,4.0000,3.9000,4.0000,1800
2009-07-10,2.4500,4.0000,2.4500,4.0000,10000
2009-07-02,2.0500,2.5000,2.0500,2.4500,2320
2009-06-26,2.0000,2.5000,2.0000,2.0500,4900
2009-06-19,0.3000,2.0000,0.3000,2.0000,1566
2009-06-12,0.3000,0.3000,0.3000,0.3000,0
2009-06-05,0.3000,0.3000,0.3000,0.3000,0
2009-05-29,0.3000,0.3000,0.3000,0.3000,0
2009-05-22,0.3000,0.3000,0.3000,0.3000,0
2009-05-15,0.3000,0.3000,0.3000,0.3000,0
2009-05-08,1.0500,1.0500,0.3000,0.3000,100
2009-05-01,1.0500,1.0500,1.0500,1.0500,300
2009-04-24,1.0100,1.0500,1.0100,1.0500,118
2009-04-17,1.7500,1.7500,1.0100,1.0100,1532
2009-04-09,1.0100,1.7500,1.0100,1.7500,766
2009-04-03,1.0100,1.0100,1.0100,1.0100,0
2009-03-27,1.7500,1.7500,1.0100,1.0100,500
2009-03-20,1.7500,1.7500,1.7500,1.7500,0
2009-03-13,1.7500,1.7500,1.7500,1.7500,0
2009-03-06,1.7500,1.7500,1.7500,1.7500,0
2009-02-27,1.7500,1.7500,1.7500,1.7500,0
2009-02-20,1.0100,1.7500,1.0100,1.7500,600
2009-02-13,1.0100,1.0100,1.0100,1.0100,0
2009-02-06,1.0100,1.0100,1.0100,1.0100,0
2009-01-30,1.0100,1.0100,1.0100,1.0100,0
2009-01-23,1.0100,1.0100,1.0100,1.0100,0
2009-01-16,1.0100,1.0100,1.0100,1.0100,0
2009-01-09,1.7500,1.7500,1.0100,1.0100,500
2009-01-02,1.7500,1.7500,1.7500,1.7500,0
2008-12-26,1.7500,1.7500,1.7500,1.7500,0
