timestamp,open,high,low,close,volume
2018-02-27,3.0088,3.0500,3.0000,3.0100,3099
2018-02-23,3.0100,3.0800,3.0000,3.0500,25859
2018-02-16,3.5200,3.5700,2.4800,2.9900,94580
2018-02-09,3.4000,3.8000,3.1500,3.5100,50071
2018-02-02,3.2300,3.6000,3.1500,3.3500,33295
2018-01-26,2.7600,3.7400,2.7600,3.2300,83200
2018-01-02,0.9150,0.9150,0.9150,0.9150,0
2017-12-29,1.2200,1.2900,0.6000,0.9150,51944
2017-12-22,0.0755,1.2900,0.0660,1.2900,2650737
2017-12-15,0.0551,0.0800,0.0530,0.0799,3691632
2017-12-08,0.0641,0.0700,0.0530,0.0589,997422
2017-12-01,0.0654,0.0725,0.0600,0.0700,907830
2017-11-24,0.0702,0.0750,0.0651,0.0675,621145
2017-11-17,0.0760,0.0875,0.0601,0.0702,1421605
2017-11-10,0.0805,0.0870,0.0739,0.0820,1400901
2017-11-03,0.0826,0.0880,0.0730,0.0810,1298036
2017-10-27,0.0815,0.0970,0.0785,0.0853,1362696
2017-10-20,0.0940,0.0970,0.0526,0.0827,6303241
2017-10-13,0.1090,0.1249,0.0900,0.0950,13394705
2017-10-06,0.3100,0.3332,0.2011,0.2270,23524633
2017-09-29,0.3361,0.3600,0.3000,0.3090,3032482
2017-09-22,0.3300,0.3400,0.3186,0.3350,1646229
2017-09-15,0.3218,0.3477,0.3076,0.3291,3574922
2017-09-08,0.3390,0.3400,0.2900,0.3200,3961581
2017-09-01,0.3177,0.3400,0.2890,0.3400,6009258
2017-08-25,0.2804,0.3880,0.2510,0.3159,16056446
2017-08-18,0.5197,0.5388,0.2800,0.2950,8704411
2017-08-11,0.6170,0.6500,0.4700,0.5104,14934121
2017-08-04,0.5200,0.5200,0.4500,0.4600,1543243
2017-07-28,0.5200,0.5349,0.4250,0.4840,3353720
2017-07-21,0.5400,0.5893,0.4910,0.5150,6484084
2017-07-14,0.4500,0.5350,0.4217,0.5158,5494265
2017-07-07,0.4240,0.4693,0.4050,0.4278,2272707
2017-06-30,0.3290,0.4890,0.3155,0.4120,10139728
2017-06-23,0.3300,0.3599,0.3010,0.3150,5725952
2017-06-16,0.3340,0.3340,0.3186,0.3242,1313139
2017-06-09,0.3000,0.3350,0.2990,0.3298,1846145
2017-06-02,0.2800,0.2997,0.2700,0.2970,1107357
2017-05-26,0.2900,0.2970,0.2214,0.2799,5785292
2017-05-19,0.3164,0.3350,0.2910,0.3000,1732241
2017-05-12,0.3100,0.3450,0.3001,0.3153,2527170
2017-05-05,0.3450,0.3485,0.3007,0.3149,2182418
2017-04-28,0.3195,0.3450,0.3030,0.3450,2113484
2017-04-21,0.3100,0.3297,0.2820,0.3179,2214737
2017-04-13,0.3162,0.3270,0.2800,0.2963,2508424
2017-04-07,0.3682,0.3750,0.3050,0.3160,8395871
2017-03-31,0.3330,0.3890,0.3160,0.3668,7068216
2017-03-24,0.3650,0.3779,0.3323,0.3390,5066043
2017-03-17,0.3542,0.4285,0.3453,0.3787,9197851
2017-03-10,0.4000,0.4500,0.3140,0.3547,19000883
2017-03-03,0.3800,0.3980,0.3480,0.3876,13180528
2017-02-24,0.3500,0.3900,0.3200,0.3590,12731216
2017-02-17,0.3300,0.3800,0.3032,0.3350,20503259
2017-02-10,0.6890,0.7278,0.2925,0.3005,12915454
2017-02-03,0.8308,0.8308,0.6800,0.6810,504195
2017-01-27,0.7660,0.8710,0.7400,0.8093,407803
2017-01-20,0.8300,0.8700,0.7400,0.7660,494353
2017-01-13,0.9000,0.9200,0.8300,0.8400,316534
2017-01-06,0.8800,0.9500,0.8200,0.8820,317665
2016-12-30,0.9200,0.9450,0.8600,0.8900,307270
2016-12-23,0.9615,1.0000,0.8800,0.9200,289891
2016-12-16,0.9200,1.0000,0.8300,0.9615,457509
2016-12-09,0.9900,0.9900,0.8700,0.9088,383888
2016-12-02,0.8600,1.4200,0.7800,0.9000,3978720
2016-11-25,0.8179,0.8635,0.7800,0.8600,99172
2016-11-18,0.8000,0.8700,0.7601,0.8100,267401
2016-11-11,0.8000,0.8700,0.8000,0.8500,326700
2016-11-04,0.9300,0.9300,0.7300,0.7900,423428
2016-10-28,0.8600,0.9700,0.8600,0.9000,452190
2016-10-21,0.9000,0.9200,0.8500,0.8820,174711
2016-10-14,0.9800,0.9800,0.8823,0.9000,419878
2016-10-07,1.0799,1.1300,0.9400,0.9400,593498
2016-09-30,1.0500,1.1185,1.0000,1.0800,292307
2016-09-23,1.0200,1.1500,1.0000,1.0500,479599
2016-09-16,1.0800,1.1000,0.9800,1.0400,439525
2016-09-09,1.0900,1.2000,1.0800,1.1000,595947
2016-09-02,0.9300,1.1200,0.9000,1.0800,606846
2016-08-26,1.0500,1.1000,0.9200,0.9300,949590
2016-08-19,1.1300,1.1300,1.0300,1.0400,514282
2016-08-12,1.1300,1.2000,1.0501,1.1018,776257
2016-08-05,1.0900,1.2200,1.0500,1.1400,924218
2016-07-29,1.1000,1.1300,1.0500,1.0900,487811
2016-07-22,1.1400,1.1700,1.0521,1.1000,505276
2016-07-15,1.1200,1.1600,1.0145,1.1400,621635
2016-07-08,1.1400,1.1800,1.1001,1.1200,282177
2016-07-01,1.0400,1.2500,1.0000,1.1500,804150
2016-06-24,1.1200,1.2000,0.9201,1.0400,1041614
2016-06-17,1.1500,1.2700,1.0950,1.1100,1022607
2016-06-10,1.3700,1.3700,1.0800,1.1555,892202
2016-06-03,1.4100,1.5000,1.3100,1.3400,670045
2016-05-27,1.4300,1.5900,1.4000,1.4100,873033
2016-05-20,1.6000,1.8200,1.3100,1.5100,1622963
2016-05-13,2.1400,2.8599,1.5600,1.7100,3230546
2016-05-06,2.1300,2.5900,2.1000,2.2200,1318791
2016-04-29,1.7900,2.2900,1.7000,2.1300,715260
2016-04-22,1.8100,1.8800,1.6000,1.7800,584782
2016-04-15,1.8800,1.9500,1.8000,1.8000,294200
2016-04-08,1.8100,2.0200,1.7500,1.9000,645613
2016-04-01,1.6290,2.1600,1.5000,1.8200,629136
2016-03-24,1.7100,1.7900,1.6000,1.6200,347262
2016-03-18,1.8400,2.0000,1.6500,1.7000,1139902
2016-03-11,1.6200,1.8780,1.4900,1.8350,1040824
2016-03-04,1.4400,1.6699,1.3000,1.6100,1113323
2016-02-26,1.3800,1.4400,1.2600,1.4300,511122
2016-02-19,1.2100,1.4300,1.2100,1.3800,904200
2016-02-12,1.6900,1.7242,1.0801,1.2100,2083617
2016-02-05,1.6100,1.8800,1.5000,1.6900,2149183
2016-01-29,2.0400,2.0400,1.5201,1.6100,2554059
2016-01-22,1.6600,2.1400,1.3000,2.0440,6574246
2016-01-15,2.2300,2.5500,1.6200,1.6300,4282452
