timestamp,open,high,low,close,volume
2018-02-27,12.9000,13.0500,12.8000,13.0000,19155
2018-02-23,12.9000,13.1000,12.7000,12.9000,19472
2018-02-16,12.7500,13.0000,12.6000,12.9000,27158
2018-02-09,12.6050,12.7500,12.4000,12.7500,29755
2018-02-02,12.4500,12.8000,12.4000,12.7500,23898
2018-01-26,12.5000,12.6000,12.4100,12.6000,27864
2018-01-19,12.4500,12.5388,12.2500,12.4300,46101
2018-01-12,12.2500,12.4500,12.2000,12.3916,55969
2018-01-05,12.2100,12.4500,12.0500,12.2500,39669
2017-12-29,12.2500,12.3000,12.2000,12.2250,16835
2017-12-22,12.3550,12.3869,12.1500,12.2500,25123
2017-12-15,12.4000,12.4500,12.2000,12.2500,68017
2017-12-08,12.0500,12.4500,12.0500,12.3222,42912
2017-12-01,11.8500,12.0500,11.7500,12.0000,213809
2017-11-24,11.8000,11.9000,11.6800,11.8000,15871
2017-11-17,11.6500,11.9000,11.6000,11.7500,13513
2017-11-10,11.8500,11.9000,11.6000,11.6500,25678
2017-11-03,12.0500,12.0500,11.6500,11.8500,29164
2017-10-27,11.4500,12.0500,11.4500,12.0500,235989
2017-10-20,11.5500,11.6000,11.4500,11.5500,123520
2017-10-13,11.6000,11.6300,11.4500,11.5500,234889
2017-10-06,11.3500,11.7500,11.3500,11.6000,246531
2017-09-29,7.9000,11.5000,7.9000,11.3500,3479129
2017-09-22,8.0000,8.0000,7.8000,8.0000,15805
2017-09-15,7.8000,8.0000,7.7500,8.0000,9224
2017-09-08,7.8500,8.0000,7.8000,7.8500,15244
2017-09-01,7.9500,8.0000,7.9000,8.0000,16417
2017-08-25,8.4900,8.4900,7.8500,7.8500,57386
2017-08-18,7.9000,8.5000,7.8500,8.5000,42967
2017-08-11,8.0000,8.0000,7.7400,7.7500,99512
2017-08-04,7.8500,8.3500,7.8000,7.8500,77069
2017-07-28,7.4500,8.1000,7.4500,7.7500,267688
2017-07-21,7.5500,7.6000,7.4500,7.4500,30677
2017-07-14,7.3000,7.7000,7.3000,7.6000,24171
2017-07-07,7.4000,7.5000,7.2000,7.3000,12802
2017-06-30,7.5500,7.6500,7.1500,7.6000,25077
2017-06-23,7.1000,7.5000,7.0500,7.5000,17372
2017-06-16,7.5000,7.6500,7.0500,7.0500,21109
2017-06-09,7.6000,7.9200,7.2600,7.6500,59816
2017-06-02,7.4500,7.6000,7.2500,7.6000,141286
2017-05-26,6.8000,7.6000,6.8000,7.3500,33959
2017-05-19,7.2000,7.2000,6.9500,7.0000,33119
2017-05-12,7.0700,7.3500,7.0000,7.2500,8932
2017-05-05,7.2500,7.5000,6.9000,7.0500,51353
2017-04-28,6.9000,7.2500,6.7500,7.2500,44033
2017-04-21,7.1500,7.2000,6.8000,6.8000,24752
2017-04-13,7.3500,7.4500,7.0100,7.0100,40479
2017-04-07,7.7000,7.8000,6.8600,7.2800,150726
2017-03-31,7.8000,8.0000,7.6400,7.8500,26960
2017-03-24,8.0500,8.1000,7.6500,7.7000,100576
2017-03-17,8.0000,8.2500,7.7500,8.1000,253406
2017-03-10,8.0000,8.0700,7.4000,8.0000,116738
2017-03-03,7.5500,8.1000,7.5500,8.0500,48748
2017-02-24,7.8500,7.8500,7.5000,7.5000,23714
2017-02-17,7.9000,8.1000,7.3500,7.8500,82529
2017-02-10,7.5500,8.2500,6.8500,7.9000,83342
2017-02-03,7.0500,7.7500,6.8500,7.7500,58073
2017-01-27,7.1000,7.2000,6.7500,7.0500,88336
2017-01-20,6.8000,7.2000,6.7550,7.1000,84825
2017-01-13,6.5000,6.8050,6.5000,6.8000,71493
2017-01-06,6.6500,6.7000,6.5000,6.5500,44322
2016-12-30,6.6500,6.7000,6.4550,6.6000,52532
2016-12-23,6.7500,6.9000,6.6000,6.6500,124216
2016-12-16,6.4000,6.8000,6.0500,6.7500,335612
2016-12-09,5.9950,6.6000,5.9000,6.3500,80536
2016-12-02,6.0500,6.1735,5.9000,5.9500,91657
2016-11-25,5.9500,6.2000,5.9500,6.0500,19934
2016-11-18,5.8500,6.2000,5.7000,5.9500,227136
2016-11-11,5.4000,5.8000,5.2000,5.7314,103405
2016-11-04,5.3500,5.4000,5.3000,5.3000,3720
2016-10-28,5.4000,5.4400,5.3200,5.3500,26430
2016-10-21,5.4000,5.4000,5.3400,5.3900,6531
2016-10-14,5.3500,5.4300,5.3000,5.3900,118540
2016-10-07,5.5500,5.5600,5.2500,5.3300,28423
2016-09-30,5.4700,5.6900,5.4400,5.5100,150279
2016-09-23,5.7000,5.7300,5.3500,5.4700,55255
2016-09-16,5.1700,5.9500,5.1400,5.8900,133827
2016-09-09,5.3000,5.3400,5.1600,5.1700,83720
2016-09-02,5.3559,5.4100,5.3001,5.3300,40171
2016-08-26,5.4900,5.4900,5.3000,5.3600,86255
2016-08-19,5.2500,5.4800,5.2101,5.4500,117325
2016-08-12,5.0500,5.2400,5.0500,5.2300,1775494
2016-08-05,5.0501,5.0900,4.9500,5.0900,132861
2016-07-29,4.9800,5.0900,4.9800,5.0500,27761
2016-07-22,4.9846,4.9999,4.9100,4.9999,30260
2016-07-15,5.0400,5.0400,4.9692,4.9846,10922
2016-07-08,5.0389,5.0600,4.9600,5.0300,46054
2016-07-01,5.0868,5.1500,5.0000,5.0400,23301
2016-06-24,5.3700,5.3700,5.0000,5.0600,12077
2016-06-17,5.2500,5.4000,5.0550,5.4000,52624
2016-06-10,5.0000,5.2500,5.0000,5.2400,88430
2016-06-03,5.0100,5.0400,4.9700,5.0400,7023
2016-05-27,5.0200,5.0500,5.0100,5.0100,1417
2016-05-20,5.0000,5.0600,4.8690,4.9600,22542
2016-05-13,5.0700,5.0800,5.0100,5.0100,15479
2016-05-06,5.0600,5.0620,5.0000,5.0000,5102
2016-04-29,5.0100,5.0900,5.0100,5.0900,31071
2016-04-22,4.9700,5.0300,4.8500,4.9200,11718
2016-04-15,4.8400,5.0500,4.8400,4.9300,51503
2016-04-08,4.8400,4.8600,4.8200,4.8600,1596
2016-04-01,4.8500,4.9900,4.7700,4.8600,32923
2016-03-24,4.9101,5.0000,4.8018,5.0000,20292
2016-03-18,4.9500,5.0000,4.8300,5.0000,12924
2016-03-11,4.9700,5.0100,4.7600,4.9000,40412
2016-03-04,4.9400,5.0200,4.8000,4.9200,137330
2016-02-26,4.8700,4.9400,4.8000,4.8900,32460
2016-02-19,5.0500,5.0500,4.7500,4.9200,24186
2016-02-12,4.8001,4.8299,4.7000,4.7000,84381
2016-02-05,4.7980,4.9400,4.7980,4.8001,68257
2016-01-29,4.8400,4.8400,4.6800,4.7100,19287
2016-01-22,4.7501,4.9200,4.5650,4.7600,29262
2016-01-15,5.0900,5.1100,4.7900,4.8100,11191
2016-01-08,5.0500,5.0900,5.0090,5.0900,9869
2015-12-31,5.1200,5.1800,4.9200,5.0600,26537
2015-12-24,5.0612,5.1700,5.0001,5.1200,7674
2015-12-18,5.1600,5.1600,5.0400,5.0800,16929
2015-12-11,5.2492,5.2900,5.1300,5.1300,6102
2015-12-04,5.2600,5.2900,5.1200,5.2900,32313
2015-11-27,5.2000,5.2400,5.1200,5.2300,13262
2015-11-20,5.3399,5.3400,5.1600,5.1601,12722
2015-11-13,5.3000,5.3900,5.2500,5.3400,18641
2015-11-06,5.2300,5.3000,5.1410,5.3000,13860
2015-10-30,5.2200,5.2800,5.0690,5.1300,25822
2015-10-23,5.2800,5.2900,5.1400,5.2300,18978
2015-10-16,5.2001,5.3000,5.2000,5.2800,19520
2015-10-09,5.2400,5.2400,5.0711,5.2100,12292
2015-10-02,5.3500,5.3500,5.0700,5.1900,45768
2015-09-25,5.1400,5.3400,5.0000,5.3400,20671
2015-09-18,5.3100,5.4000,5.0000,5.0100,295634
2015-09-11,5.0300,5.2500,4.9900,5.2500,36894
2015-09-04,4.8500,5.0600,4.8500,4.9900,15709
2015-08-28,5.0200,5.0516,4.7900,4.8800,17598
2015-08-21,5.0900,5.1000,5.0000,5.0200,67465
2015-08-14,5.0501,5.1100,5.0500,5.1100,19681
2015-08-07,5.0000,5.0700,4.9900,5.0599,145394
2015-07-31,5.0000,5.0000,4.9600,4.9900,28513
2015-07-24,4.9600,5.0000,4.8900,5.0000,39086
2015-07-17,5.0000,5.1000,4.9500,4.9600,67350
2015-07-10,5.0000,5.1200,4.9900,5.1200,26024
2015-07-02,5.2900,5.2900,4.9900,5.0100,38706
2015-06-26,5.1800,5.2900,5.1600,5.2900,9694
2015-06-19,5.1300,5.4500,5.1100,5.1500,130872
2015-06-12,5.1900,5.2800,5.1000,5.1200,82720
2015-06-05,5.3200,5.3500,5.1800,5.2900,23559
2015-05-29,5.3500,5.4000,5.1800,5.2800,15267
2015-05-22,5.4500,5.4800,5.3000,5.3200,29307
2015-05-15,5.5000,5.5000,5.1500,5.4000,117202
2015-05-08,5.2100,5.5100,5.1500,5.4600,46709
2015-05-01,5.2300,5.2300,5.1800,5.2000,16053
2015-04-24,5.2000,5.2400,5.1500,5.2400,39218
2015-04-17,5.2000,5.2200,5.2000,5.2000,25727
2015-04-10,5.2000,5.2300,5.1800,5.2100,37630
2015-04-02,5.1600,5.2100,5.1501,5.2100,41944
2015-03-27,5.0300,5.2000,5.0300,5.1600,17365
2015-03-20,5.0492,5.2500,4.9700,4.9900,25482
2015-03-13,4.9000,5.0997,4.8700,4.9800,45630
2015-03-06,4.8000,4.9500,4.7800,4.9000,48956
2015-02-27,4.8000,4.8200,4.7500,4.7800,25870
2015-02-20,4.7799,4.8000,4.7500,4.7500,25281
2015-02-13,4.6000,4.7800,4.5980,4.7800,138369
2015-02-06,4.5900,4.6300,4.5000,4.6300,103831
2015-01-30,4.4732,4.5800,4.4500,4.5800,49768
2015-01-23,4.4300,4.5000,4.4300,4.5000,90419
2015-01-16,4.3600,4.4700,4.3600,4.4300,21033
2015-01-09,4.3100,4.4000,4.3000,4.3900,32248
2015-01-02,4.3200,4.4695,4.2500,4.3500,84163
2014-12-26,4.3300,4.4000,4.3300,4.3300,18627
2014-12-19,4.3500,4.4300,4.3400,4.3600,41675
2014-12-12,4.4200,4.4500,4.3800,4.3900,23582
2014-12-05,4.4900,4.5700,4.4300,4.4700,34730
2014-11-28,4.4900,4.5900,4.4900,4.5900,9738
2014-11-21,4.6300,4.6300,4.4600,4.5000,95397
2014-11-14,4.6499,4.6499,4.5500,4.6000,4334
2014-11-07,4.7800,4.7900,4.5500,4.6399,1937
2014-10-31,4.5200,4.8000,4.5200,4.7899,7690
2014-10-24,4.5500,4.6000,4.4600,4.4600,2799
2014-10-17,4.4000,4.6300,4.4000,4.5500,3434
2014-10-10,4.5000,4.6900,4.3000,4.4800,19751
2014-10-03,4.5701,4.8500,4.2300,4.5600,97248
2014-09-26,4.6000,4.8500,4.5000,4.6100,31927
2014-09-19,4.9000,4.9000,4.5400,4.5400,42670
2014-09-12,4.7500,4.9000,4.7500,4.9000,102603
2014-09-05,4.8000,4.8000,4.7062,4.7500,3822
2014-08-29,4.5601,4.8000,4.5500,4.8000,34401
2014-08-22,4.7700,4.8200,4.5000,4.6999,58237
2014-08-15,4.6610,4.8200,4.5200,4.6995,142234
2014-08-08,4.8500,4.8501,4.5000,4.7400,39100
2014-08-01,4.8500,5.1000,4.6400,4.8500,70515
2014-07-25,4.9000,4.9500,4.8000,4.8000,14515
2014-07-18,4.9600,5.2700,4.8400,4.8400,65405
2014-07-11,5.1000,5.4201,4.8000,4.9000,31888
2014-07-03,5.1800,5.1800,5.1800,5.1800,9
2014-06-27,5.5000,5.5000,5.1000,5.1800,2319
2014-06-20,4.9480,5.5000,4.9000,5.4900,9619
2014-06-13,4.9000,4.9599,4.9000,4.9000,1000
2014-06-06,4.8680,4.9600,4.8000,4.9000,5200
2014-05-30,4.8701,4.8771,4.8300,4.8680,7382
2014-05-23,5.0160,5.0200,5.0160,5.0200,25
2014-05-16,4.9500,5.0160,4.8501,5.0160,10434
2014-05-09,4.9500,5.1000,4.9500,5.0000,3191
2014-05-02,5.0000,5.0000,4.9500,4.9500,2601
2014-04-25,5.0000,5.1000,4.8001,5.0000,24548
2014-04-17,5.0900,5.1000,5.0900,5.1000,200
2014-04-11,4.9500,5.3200,4.9500,5.0900,23316
2014-04-04,5.3200,5.3200,4.9500,4.9500,117
2014-03-28,4.9500,5.0500,4.9500,5.0000,4499
2014-03-21,4.8716,5.0900,4.7000,5.0499,6638
2014-03-14,4.8716,4.8716,4.8716,4.8716,88
2014-03-07,5.0999,5.1000,4.7600,4.8700,4318
2014-02-28,4.9799,5.0700,4.9000,5.0500,25000
2014-02-21,5.0500,5.0600,4.9800,4.9800,1600
2014-02-14,5.2100,5.2100,4.9500,4.9500,9024
2014-02-07,5.1600,5.2500,5.1600,5.2500,1400
2014-01-31,4.9800,5.2500,4.9800,5.1600,600
2014-01-24,5.1600,5.2400,4.9735,4.9800,7255
2014-01-17,5.1000,5.1600,4.9800,4.9800,4563
2014-01-10,5.1500,5.2510,5.1000,5.1000,2600
2014-01-03,5.0400,5.6500,4.9200,5.1500,5833
2013-12-27,5.5000,5.5000,4.7700,5.0000,12072
2013-12-20,5.8900,5.9300,5.4200,5.4200,926
2013-12-13,5.9500,5.9500,5.9200,5.9200,900
2013-12-06,5.9700,6.0300,5.3200,6.0000,2201
2013-11-29,6.1500,6.1600,5.8100,6.1500,14691
2013-11-22,5.1000,6.0100,5.1000,6.0100,8704
2013-11-15,5.3400,5.3400,5.1000,5.1000,712
2013-11-08,5.2100,5.5200,5.1000,5.1000,2300
2013-11-01,5.1400,5.1400,5.1014,5.1300,401
2013-10-25,5.3200,5.4700,5.1800,5.1800,5000
2013-10-18,5.3300,5.3300,4.9800,5.2300,7050
2013-10-11,5.2900,5.7600,5.2600,5.3100,969
2013-10-04,5.3000,5.5300,5.2900,5.3200,4077
2013-09-27,5.6600,5.8800,5.2600,5.3000,1988
2013-09-20,5.8100,6.2000,5.4600,5.4600,5892
2013-09-13,5.4000,6.0400,5.4000,6.0400,2483
2013-09-06,5.3900,6.0400,5.2500,6.0000,3947
2013-08-30,5.4900,5.8670,4.9999,5.2000,12554
2013-08-23,5.1600,5.8800,4.7900,5.6000,41242
2013-08-16,4.9500,5.8500,4.9500,5.1800,39270
2013-08-09,5.0000,5.0000,4.7957,4.9700,794
2013-08-02,4.8300,5.0000,4.6750,5.0000,4163
2013-07-26,4.8400,4.8400,4.7360,4.7360,2700
2013-07-19,4.9900,5.0100,4.8400,4.8400,5700
2013-07-12,5.0300,5.0300,4.7700,4.7700,1202
2013-07-05,5.0000,5.0000,4.8600,4.9300,102
2013-06-28,5.0800,5.2500,4.8100,4.8500,13291
2013-06-21,5.2500,5.2500,5.2500,5.2500,1000
2013-06-14,4.9000,5.1400,4.8700,5.1400,14052
2013-06-07,5.2200,5.2200,4.7900,4.8900,3913
2013-05-31,5.2700,5.2700,5.2200,5.2200,6308
2013-05-24,5.4900,5.5000,5.4800,5.5000,2663
2013-05-17,5.5000,5.5000,5.2500,5.2500,16161
2013-05-10,5.5400,5.5400,5.4900,5.4900,752
2013-05-03,5.1900,5.5400,5.1900,5.5400,739
2013-04-26,4.9700,5.1999,4.9235,5.1900,3059
2013-04-19,5.1900,5.2000,4.9100,4.9100,749
2013-04-12,5.4700,5.4700,4.8500,5.1900,4088
2013-04-05,5.5000,5.5400,5.4700,5.4700,450
2013-03-28,5.5200,5.5500,5.5000,5.5400,1380
2013-03-22,5.5700,5.6900,5.5700,5.6000,815
2013-03-15,5.4100,5.6800,5.4100,5.6800,4600
2013-03-08,5.5501,5.5501,5.4100,5.4100,177
2013-03-01,5.5501,5.5501,5.5501,5.5501,91
2013-02-22,5.4999,5.5501,5.3656,5.5501,2999
2013-02-15,5.5100,5.5100,5.4600,5.5000,1200
2013-02-08,5.5200,5.5200,5.5000,5.5100,2
2013-02-01,5.6800,5.6800,5.6600,5.6800,659
2013-01-25,5.5601,5.6800,5.5500,5.6800,1491
2013-01-18,5.5601,5.5601,5.5601,5.5601,200
2013-01-11,5.4635,5.7900,5.4635,5.6000,3200
2013-01-04,5.4600,5.4635,5.4600,5.4635,400
2012-12-28,5.5600,5.5600,5.5100,5.5100,1831
2012-12-21,5.5000,5.5600,5.5000,5.5600,500
2012-12-14,5.3600,5.5000,5.3100,5.5000,615
2012-12-07,5.6200,5.6200,5.5000,5.5000,500
2012-11-30,5.4600,5.6200,5.4600,5.6200,920
2012-11-23,5.4600,5.4600,5.4100,5.4600,1100
2012-11-16,5.7900,5.7900,5.6699,5.7900,2136
2012-11-09,5.6900,5.9400,5.6900,5.7900,919
2012-11-02,5.5400,5.5400,5.5399,5.5400,764
2012-10-26,5.4400,5.5400,5.4400,5.5400,500
2012-10-19,5.3400,5.4400,5.3400,5.4400,500
2012-10-12,5.5800,5.8619,5.3400,5.3400,450
2012-10-05,4.7101,5.6000,4.7101,5.5800,700
2012-09-28,5.2600,5.2600,4.7101,4.7101,308
2012-09-21,5.0800,5.0800,4.8100,4.8100,1000
2012-09-14,4.9100,5.1000,4.9100,5.0800,1000
2012-09-07,5.1000,5.1000,4.8601,4.8601,100
2012-08-31,5.1000,5.1000,5.1000,5.1000,0
2012-08-24,4.9500,5.1000,4.8600,5.1000,6515
2012-08-17,5.0700,5.0700,4.8900,4.9500,3800
2012-08-10,5.0200,5.0500,5.0200,5.0500,301
2012-08-03,5.2100,5.3000,5.0200,5.0200,8470
2012-07-27,4.6500,5.3000,4.5200,5.0800,17061
2012-07-20,4.9500,5.0000,4.6101,4.6101,8186
2012-07-13,5.2000,5.2000,4.8700,4.9500,3813
2012-07-06,5.3540,5.4500,5.2000,5.2000,2476
2012-06-29,5.4400,5.4400,5.3540,5.4200,2091
2012-06-22,5.3500,5.4500,5.3500,5.3600,4148
2012-06-15,5.3000,5.3800,5.3000,5.3500,1261
2012-06-08,5.2500,5.3100,5.2500,5.3000,764
2012-06-01,5.3000,5.3000,5.2100,5.2100,1800
2012-05-25,5.4500,5.4500,5.3800,5.3800,900
2012-05-18,5.5000,5.6400,5.0600,5.4500,2300
2012-05-11,5.4500,5.6300,5.4028,5.5000,2283
2012-05-04,5.2600,5.5200,5.2600,5.4500,1820
2012-04-27,4.9300,5.3700,4.9300,5.2600,3143
2012-04-20,4.9400,5.1500,4.7601,4.8400,2875
2012-04-13,5.2500,5.4000,4.8100,4.9600,19539
2012-04-05,4.1400,4.6100,4.0200,4.0500,10212
2012-03-30,3.7700,4.5200,3.6100,4.1400,10538
2012-03-23,4.1200,4.3400,3.4000,3.5300,19972
2012-03-16,3.6000,4.1001,3.3500,4.1001,22111
2012-03-09,3.5000,3.6100,3.5000,3.6000,6398
2012-03-02,3.4000,3.5100,3.4000,3.5000,2089
2012-02-24,3.4000,3.4000,3.4000,3.4000,200
2012-02-17,3.3600,3.3600,3.3600,3.3600,1
2012-02-10,3.1500,3.6399,2.9900,3.3600,6593
2012-02-03,3.0000,3.0400,3.0000,3.0400,1210
2012-01-27,3.0000,3.0000,3.0000,3.0000,1000
2012-01-20,2.7100,3.0000,2.7100,3.0000,100
2012-01-13,2.7700,2.7800,2.7100,2.7100,950
2012-01-06,2.5885,3.3700,2.5600,2.7000,5125
2011-12-30,2.9200,3.0400,2.5300,2.8000,4903
2011-12-23,3.2000,3.3300,2.8599,2.9200,10812
2011-12-16,3.2100,3.2900,3.2000,3.2000,1489
2011-12-09,2.1400,3.2800,2.1000,3.0600,4957
2011-12-02,2.4200,2.5700,2.1300,2.1300,12100
2011-11-25,2.4200,2.4200,2.4200,2.4200,44
2011-11-18,2.2400,2.4200,2.2400,2.4200,401
2011-11-11,2.5800,2.6000,2.1300,2.4700,2428
2011-11-04,2.7600,2.7600,2.1500,2.3200,5578
2011-10-28,2.4300,2.7500,2.3911,2.7500,2714
2011-10-21,2.7500,2.9800,2.1700,2.9080,9339
2011-10-14,3.2000,3.2000,2.5600,2.7510,1511
2011-10-07,3.2000,3.2000,3.2000,3.2000,0
2011-09-30,3.2000,3.2000,3.2000,3.2000,1119
2011-09-23,3.2000,3.2000,3.2000,3.2000,0
2011-09-16,3.2000,3.2000,3.2000,3.2000,0
2011-09-09,3.2000,3.2000,3.2000,3.2000,0
2011-09-02,3.2000,3.2000,3.2000,3.2000,3
2011-08-26,3.2000,3.2000,3.2000,3.2000,0
2011-08-19,3.2000,3.3500,3.2000,3.2000,302
2011-08-12,3.0600,3.5000,3.0600,3.2000,3476
2011-08-05,3.3500,3.5000,3.1100,3.5000,500
2011-07-29,3.2600,3.4500,3.2400,3.3500,1044
2011-07-22,3.5300,3.5300,3.2600,3.5000,3300
2011-07-15,3.3000,3.8900,3.3000,3.8900,4143
2011-07-08,3.6300,3.6300,3.4100,3.5000,5540
2011-07-01,4.0100,4.0100,3.6200,3.6300,3680
2011-06-24,4.4200,4.4200,4.0100,4.0100,2728
2011-06-17,4.4500,4.4500,3.7100,4.4200,6446
2011-06-10,4.7200,4.7200,4.4500,4.4500,250
2011-06-03,4.7200,4.7200,4.7200,4.7200,1
2011-05-27,4.9100,4.9100,4.5100,4.7200,1601
2011-05-20,4.5100,4.9100,4.5100,4.9100,100
2011-05-13,4.5100,4.5400,4.5100,4.5100,300
2011-05-06,4.4600,4.5100,4.4600,4.5100,398
2011-04-29,4.5000,4.5200,4.4600,4.4600,846
2011-04-21,4.6900,4.6900,4.4900,4.5000,1300
2011-04-15,4.6000,4.6900,4.5000,4.6900,5619
2011-04-08,4.5000,4.5600,4.5000,4.5600,300
2011-04-01,4.5328,4.5328,4.5000,4.5000,750
2011-03-25,4.5300,4.5328,4.5200,4.5328,200
2011-03-18,4.4600,5.0000,4.4500,4.5300,500
2011-03-11,4.5100,4.7500,4.4501,4.7500,850
2011-03-04,4.4300,4.9900,4.4200,4.4200,3009
2011-02-25,4.4300,4.5700,4.4300,4.4300,1112
2011-02-18,4.6000,4.6100,4.3600,4.4000,2700
2011-02-11,4.9600,5.0000,4.4600,4.4600,1920
2011-02-04,5.0200,5.0200,5.0200,5.0200,0
2011-01-28,4.4500,5.0200,4.4500,5.0200,1400
2011-01-21,4.5000,4.7000,4.3100,4.3100,2289
2011-01-14,4.4500,4.5000,4.4500,4.5000,200
2011-01-07,4.3100,4.4500,4.3100,4.4500,100
2010-12-31,4.4600,4.6800,4.3100,4.3100,10589
2010-12-23,4.8100,4.9799,4.4500,4.4500,6083
2010-12-17,4.5000,5.0000,4.5000,5.0000,100
2010-12-10,4.5100,4.5600,4.5000,4.5000,3088
2010-12-03,4.4800,5.0500,4.0300,4.6600,13100
2010-11-26,4.9500,5.4199,3.9698,4.9000,2257
2010-11-19,5.1300,5.3299,4.9500,4.9500,11327
2010-11-12,5.6000,5.6000,5.2100,5.2100,2083
2010-11-05,5.5500,5.6300,5.3200,5.6000,8650
2010-10-29,5.4500,5.5500,5.0050,5.5500,9928
2010-10-22,5.4500,5.4500,5.4500,5.4500,0
2010-10-15,5.4100,5.4599,5.2000,5.4500,8779
2010-10-08,5.4000,5.4000,5.1000,5.4000,1200
2010-10-01,5.1100,5.4000,5.1000,5.4000,3863
2010-09-24,5.2499,5.2499,5.2499,5.2499,0
2010-09-17,5.0150,5.2499,4.9700,5.2499,5772
2010-09-10,5.0000,5.0400,4.9500,5.0400,4150
2010-09-03,4.4500,5.2500,4.2500,5.0000,29888
2010-08-27,5.3999,5.3999,4.4100,4.4400,2204
2010-08-20,5.5400,5.5400,4.4700,4.8000,4900
2010-08-13,5.2700,5.5500,5.2700,5.5400,14072
2010-08-06,5.5000,5.5001,5.5000,5.5001,800
2010-07-30,5.2600,5.2600,5.2450,5.2450,281
2010-07-23,5.4200,5.4200,5.2600,5.2600,2403
2010-07-16,5.4200,5.4400,5.4200,5.4200,538
2010-07-09,5.4700,5.6100,5.4200,5.6100,5448
2010-07-02,5.6000,5.6000,5.6000,5.6000,0
2010-06-25,5.6000,5.6000,5.6000,5.6000,0
2010-06-18,5.6200,5.8400,5.1800,5.6000,8676
2010-06-11,5.6400,5.6400,5.6200,5.6200,329
2010-06-04,5.6500,5.6500,5.2600,5.6400,4964
2010-05-28,5.1500,5.3500,5.1500,5.3000,6549
2010-05-21,5.1600,5.6400,5.0000,5.6400,10419
2010-05-14,5.0500,5.3700,5.0000,5.3000,7580
2010-05-07,5.0600,5.1499,5.0100,5.0401,1600
2010-04-30,5.2500,5.2500,5.0900,5.1200,4270
2010-04-23,5.1500,5.1500,4.8950,4.9500,9181
2010-04-16,5.2700,5.2700,5.1500,5.1500,600
2010-04-09,5.2700,5.2700,5.2700,5.2700,0
2010-04-01,5.3700,5.3700,5.2600,5.2700,500
2010-03-26,5.1500,5.4000,5.1500,5.3000,6420
2010-03-19,5.2800,5.4200,5.0450,5.0800,7063
2010-03-12,6.6090,6.6090,5.0500,5.2000,19092
2010-03-05,7.1399,8.2400,6.5010,6.6090,3979
2010-02-26,4.5000,7.1000,4.5000,6.7000,8113
2010-02-19,4.4900,4.4900,4.4900,4.4900,200
2010-02-12,4.8300,4.8300,4.3700,4.3700,1196
2010-02-05,5.2300,5.2300,4.8300,4.8300,400
2010-01-29,4.7801,5.1600,4.7801,5.0000,3800
2010-01-22,4.8600,5.9900,4.6900,4.7400,7026
2010-01-15,4.7600,5.7900,4.7600,4.8400,12201
2010-01-08,4.7700,5.0800,4.7600,4.7600,1300
2009-12-31,4.7550,5.0800,4.7500,4.8000,4402
2009-12-24,4.9000,4.9000,4.7500,4.7500,300
2009-12-18,4.9000,4.9000,4.9000,4.9000,200
2009-12-11,4.6500,5.0800,4.6500,5.0800,2182
2009-12-04,5.0000,5.0799,4.5100,4.6500,17340
2009-11-27,4.5500,5.0600,4.5500,5.0000,1600
2009-11-20,5.0800,5.0800,4.4000,4.5500,14031
2009-11-13,4.8600,5.0900,4.0800,4.7100,3573
2009-11-06,4.9700,5.4900,4.8600,4.8600,822
2009-10-30,5.8300,5.8300,4.9700,4.9700,4851
2009-10-23,5.7600,6.0000,4.7500,5.3000,4300
2009-10-16,5.8660,5.8660,5.7600,5.7600,500
2009-10-09,5.5000,5.8900,4.7200,5.8660,1996
2009-10-02,5.5000,5.5200,5.5000,5.5000,700
2009-09-25,5.5300,5.5400,5.5000,5.5000,580
2009-09-18,5.6100,6.1000,5.2200,5.5100,6015
2009-09-11,6.1020,6.1020,5.6100,5.6100,1163
2009-09-04,5.5700,6.2400,5.5000,6.1020,4446
2009-08-28,6.4900,6.4900,4.8500,6.2076,6316
2009-08-21,5.2450,6.4900,5.2450,6.4900,7551
2009-08-14,5.1100,5.3700,5.1100,5.2450,5508
2009-08-07,6.4750,6.4750,6.1100,6.1200,1600
2009-07-31,5.7750,6.0050,5.7750,6.0000,1000
2009-07-24,5.6601,5.6601,5.6601,5.6601,0
2009-07-17,5.8500,5.8500,5.6601,5.6601,700
2009-07-10,5.5100,5.9000,5.5100,5.8500,501
2009-07-02,5.5600,6.4500,5.5100,5.5100,2171
2009-06-26,6.4660,6.4660,5.5600,5.5600,2430
2009-06-19,5.4000,6.4660,5.4000,6.4660,1457
2009-06-12,6.2200,7.0450,5.4000,5.5800,5027
2009-06-05,6.9800,6.9800,6.2300,6.4100,4835
2009-05-29,6.2100,6.9700,6.2100,6.2100,497
2009-05-22,6.5000,6.5000,6.2100,6.2100,996
2009-05-15,5.5000,6.5000,5.4800,6.5000,9266
2009-05-08,5.2400,7.4200,4.7600,5.4800,20838
2009-05-01,4.8700,5.3000,4.2950,5.1400,9283
2009-04-24,4.9900,5.3500,4.9150,5.2500,3601
2009-04-17,4.8400,4.8400,4.8400,4.8400,0
2009-04-09,6.0000,6.0000,4.4400,4.8400,13586
2009-04-03,5.0520,6.0000,5.0520,6.0000,1329
2009-03-27,4.5000,5.0520,4.5000,5.0520,1482
2009-03-20,5.9800,6.0000,4.5350,4.5900,6540
2009-03-13,5.5000,6.0000,5.0043,5.6300,6790
2009-03-06,6.0000,6.5300,5.6000,5.6000,3157
2009-02-27,5.9900,6.0000,5.8000,6.0000,6441
2009-02-20,6.1000,6.1000,3.9300,5.5200,8518
2009-02-13,5.7500,6.1000,5.7500,6.1000,1200
2009-02-06,5.9000,6.9999,5.7500,5.7500,500
2009-01-30,5.8000,5.9000,5.8000,5.9000,100
2009-01-23,6.5000,6.5000,5.8000,5.8000,200
2009-01-16,6.5000,6.8500,6.0000,6.5000,2363
2009-01-09,6.1000,6.6400,5.5000,6.5000,1600
2009-01-02,6.5000,6.5000,5.3000,5.3000,5621
2008-12-26,6.9000,6.9500,6.2600,6.4500,9388
2008-12-19,6.5950,7.0000,6.5950,6.9000,1069
2008-12-12,7.0900,7.2500,6.1400,6.5000,10690
2008-12-05,8.2500,8.2500,7.2500,8.2500,4137
2008-11-28,6.3900,8.6500,6.3900,7.0100,6927
2008-11-21,9.0480,9.0500,6.5300,6.7000,5133
2008-11-14,8.7700,8.7700,8.3200,8.7700,400
2008-11-07,8.7700,8.7700,8.7700,8.7700,100
2008-10-31,8.2200,8.8000,7.7500,7.8000,1540
2008-10-24,8.2200,8.2200,8.2200,8.2200,57
2008-10-17,8.5000,8.5000,8.0000,8.2200,2200
2008-10-10,8.9400,9.3400,8.5000,8.5000,2455
2008-10-03,8.6400,8.9400,8.0000,8.9400,3441
2008-09-26,9.4250,9.5800,8.2850,8.6400,4037
2008-09-19,9.7500,11.2399,9.1000,9.2600,3207
2008-09-12,10.8500,10.8500,9.7500,9.7500,1165
2008-09-05,10.9000,11.2200,10.0500,10.8500,2621
2008-08-29,9.5100,10.8900,9.5100,10.8200,2007
2008-08-22,11.0100,11.0100,9.5001,9.5100,2588
2008-08-15,10.3000,11.0100,10.3000,11.0100,100
2008-08-08,11.6850,11.6850,10.2500,10.3000,1300
2008-08-01,14.0000,14.0000,11.6600,11.6850,9711
2008-07-25,10.0000,12.2500,9.9000,11.0100,1700
2008-07-18,9.2700,9.9900,9.2700,9.9900,7466
2008-07-11,9.3900,9.4499,8.4000,9.2700,19423
2008-07-03,11.7501,11.7501,8.7500,8.9500,9989
2008-06-27,12.5100,12.5100,12.2500,12.2500,2498
2008-06-20,13.0000,13.1000,13.0000,13.0000,13550
2008-06-13,13.2500,13.2600,12.0300,12.0300,3271
2008-06-06,13.9900,14.9900,13.2500,13.2500,3204
2008-05-30,13.1500,13.9900,13.0500,13.9900,4010
2008-05-23,13.1500,14.0000,13.1500,13.1500,650
2008-05-16,13.1500,14.0000,13.1500,13.2500,13620
2008-05-09,13.5000,14.0000,13.1500,13.1500,1428
2008-05-02,13.0100,13.5000,13.0100,13.5000,7350
2008-04-25,13.5500,13.5500,13.0100,13.0100,900
2008-04-18,13.0100,13.7500,13.0100,13.5500,650
2008-04-11,13.0000,13.0520,13.0000,13.0000,475
2008-04-04,13.0000,13.0000,13.0000,13.0000,0
2008-03-28,13.0000,13.1500,13.0000,13.0000,1500
2008-03-20,13.1500,13.6000,13.0000,13.5000,1485
2008-03-14,13.1000,13.1800,13.1000,13.1500,1987
2008-03-07,13.7800,14.0000,13.0000,13.0000,6494
2008-02-29,12.0000,14.1500,12.0000,13.0000,3391
2008-02-22,12.0000,12.0000,12.0000,12.0000,531
2008-02-15,14.5000,14.9100,12.0500,12.0700,195242
2008-02-08,14.5000,15.0000,14.2500,15.0000,109700
2008-02-01,14.0000,15.0800,14.0000,14.5000,12824
2008-01-25,12.5000,13.0000,12.0000,13.0000,7519
2008-01-18,13.4100,13.4100,12.0000,12.9900,2700
2008-01-11,14.4700,14.4700,12.9600,13.4100,2900
2008-01-04,13.9300,14.4900,12.0000,14.4800,3630
2007-12-28,13.0000,13.9900,11.5000,12.6600,1421
2007-12-21,13.9900,13.9900,11.5500,13.0000,728
2007-12-14,12.8600,13.9900,12.8600,13.9900,1000
2007-12-07,12.5000,14.8500,12.4900,13.6550,14078
2007-11-30,11.7000,12.7400,11.2500,12.6500,8654
2007-11-23,11.4500,11.5000,11.4000,11.4000,1600
2007-11-16,12.8200,12.8200,11.2700,11.5000,5400
2007-11-09,13.0000,13.5400,12.0000,12.8200,17200
2007-11-02,13.2800,14.2399,12.5500,13.5000,8195
2007-10-26,13.2501,13.5500,13.2501,13.2800,5770
2007-10-19,13.4400,13.5500,13.0100,13.2501,1134
2007-10-12,13.4400,13.4400,13.4400,13.4400,1
2007-10-05,13.6000,13.6000,12.5500,13.4400,11184
2007-09-28,13.6600,13.6600,13.1500,13.5500,13084
2007-09-21,13.4200,13.4200,13.4200,13.4200,2832
2007-09-14,13.0000,13.6900,12.8900,13.6900,2810
2007-09-07,14.1500,14.5000,13.5000,13.7400,3843
2007-08-31,12.7501,14.0000,12.6500,14.0000,2411
2007-08-24,12.7500,12.9950,12.7500,12.8300,1881
2007-08-17,12.0300,13.2100,12.0000,12.7500,7486
2007-08-10,13.7980,13.7980,12.0000,12.4550,22425
2007-08-03,15.0000,15.2050,13.7000,14.0000,7535
2007-07-27,15.6100,15.7200,15.0500,15.3000,682
2007-07-20,16.2700,16.2700,15.0000,15.2800,11012
2007-07-13,16.2700,16.3500,16.0100,16.2700,5470
2007-07-06,16.7300,16.7300,16.0700,16.2500,2642
2007-06-29,16.0800,16.7300,16.0800,16.7300,1100
2007-06-22,16.0000,16.5200,16.0000,16.5100,2288
2007-06-15,16.6800,16.6800,16.0000,16.0000,600
2007-06-08,16.6000,17.0000,16.6000,16.6800,1599
2007-06-01,16.8700,17.2500,16.5001,16.9400,2507
2007-05-25,16.2500,16.8700,15.5500,16.8700,8944
2007-05-18,16.9600,16.9600,15.6300,16.2500,4654
2007-05-11,16.8100,17.0800,16.5500,16.9600,2895
2007-05-04,16.4300,17.4200,16.4300,16.8500,3384
2007-04-27,16.9700,17.1400,16.3500,16.4300,35238
2007-04-20,17.1001,18.4000,16.9600,16.9700,13551
2007-04-13,17.7200,17.7200,17.1000,17.1100,450
2007-04-05,17.6900,17.8500,17.6900,17.8500,600
2007-03-30,17.5100,17.8400,17.2000,17.6900,2101
2007-03-23,17.8500,17.8500,17.3400,17.5100,3192
2007-03-16,17.5000,18.0000,16.8000,17.8500,4000
2007-03-09,17.2200,18.0000,17.0500,17.5000,16315
2007-03-02,16.6500,18.0000,16.6500,17.5000,5365
2007-02-23,17.2100,17.2100,16.4000,16.6500,2174
2007-02-16,17.2000,17.2100,16.3500,16.9500,3137
2007-02-09,16.8500,17.7000,16.5100,17.2000,10382
2007-02-02,17.1000,17.1000,16.9880,16.9880,700
2007-01-26,17.0500,17.2500,17.0500,17.2500,6300
2007-01-19,17.8000,17.8000,17.2601,17.4100,4709
2007-01-12,17.7600,17.8600,16.7600,17.2700,8064
2007-01-05,17.1600,17.9600,17.1600,17.9400,3100
2006-12-29,17.9400,17.9400,17.1600,17.1601,500
2006-12-22,17.9400,17.9400,17.9400,17.9400,0
2006-12-15,17.1200,17.9400,17.0700,17.9400,2705
2006-12-08,18.2400,18.4300,17.0500,17.1000,2300
2006-12-01,17.7000,17.9000,17.7000,17.9000,1639
2006-11-24,17.5100,17.7000,17.5100,17.7000,100
2006-11-17,17.0000,19.4500,17.0000,17.5100,27036
2006-11-10,17.2000,17.2000,17.0000,17.0000,100
2006-11-03,17.3000,17.3500,16.9900,17.2000,2905
2006-10-27,17.9500,17.9500,17.5000,17.5000,2317
2006-10-20,17.9500,17.9800,17.5000,17.5000,2460
2006-10-13,17.5000,17.9500,17.5000,17.9500,400
2006-10-06,17.5000,17.5000,17.5000,17.5000,5684
2006-09-29,17.6000,17.7500,17.5000,17.7500,1133
2006-09-22,17.5000,18.0000,17.5000,17.6000,4001
2006-09-15,17.9900,17.9900,17.4900,17.7000,1604
2006-09-08,17.4500,17.9900,17.4500,17.9900,700
2006-09-01,17.4500,17.8500,17.1000,17.8500,14486
2006-08-25,17.3000,17.4500,17.2800,17.4500,1903
2006-08-18,17.1000,17.8500,17.1000,17.8500,1914
2006-08-11,17.2700,17.3500,17.1000,17.1000,2501
2006-08-04,17.4899,17.4900,17.2700,17.2700,1274
2006-07-28,17.3000,17.3000,17.3000,17.3000,500
2006-07-21,16.3000,17.1500,16.3000,16.9900,1621
2006-07-14,17.3500,17.5000,16.1100,16.3000,9374
2006-07-07,17.8000,17.8000,17.0700,17.5600,2610
2006-06-30,17.5100,17.7500,17.1000,17.7500,3410
2006-06-23,18.4900,18.4900,17.5000,17.7700,5096
2006-06-16,18.3000,18.5000,17.9200,18.3500,5591
2006-06-09,18.3500,18.4000,17.9200,18.3000,7070
2006-06-02,18.0300,18.8000,17.9800,18.8000,7977
2006-05-26,18.0300,18.0300,18.0000,18.0300,1476
2006-05-19,17.7000,18.2700,17.7000,18.1900,5857
2006-05-12,17.0000,17.4000,17.0000,17.4000,7400
2006-05-05,16.2800,17.0000,16.2200,17.0000,6111
2006-04-28,16.3300,16.9000,16.2600,16.2800,3010
2006-04-21,16.3800,16.3800,15.8500,16.2720,1252
2006-04-13,15.8500,15.9020,15.7500,15.7600,3878
2006-04-07,15.9600,16.4100,15.6400,16.0000,33328
2006-03-31,15.2300,15.9500,15.2300,15.9500,3862
2006-03-24,15.0000,15.2500,14.8000,15.2300,3005
2006-03-17,15.0000,15.2500,15.0000,15.0000,3550
2006-03-10,15.2500,15.2500,15.0000,15.2400,2101
2006-03-03,14.9000,15.9500,14.9000,15.2500,1914
2006-02-24,15.0000,15.3500,15.0000,15.3500,4223
2006-02-17,15.2065,15.2065,15.2065,15.2065,0
2006-02-10,15.0000,15.6700,15.0000,15.2065,2813
2006-02-03,15.0000,15.2000,15.0000,15.0000,7616
2006-01-27,15.6800,15.6800,15.0000,15.0000,8000
2006-01-20,15.0000,15.6000,15.0000,15.2200,4400
2006-01-13,15.2920,15.5000,14.5000,15.0000,3600
2006-01-06,15.0000,15.2920,14.4000,15.2920,4100
2005-12-30,14.5000,15.0000,14.4500,15.0000,3600
2005-12-23,14.5000,14.8500,14.5000,14.5000,17900
2005-12-16,14.7400,14.7400,14.5000,14.5000,6400
2005-12-09,14.5000,14.5000,14.5000,14.5000,300
2005-12-02,14.5000,14.9500,14.5000,14.5000,9600
2005-11-25,14.5000,14.5000,14.5000,14.5000,400
2005-11-18,14.5000,14.5000,14.5000,14.5000,2200
2005-11-11,14.5000,14.5000,14.5000,14.5000,4500
2005-11-04,14.3800,14.7600,14.3800,14.5000,6400
2005-10-28,14.1500,14.6800,14.0000,14.5000,5800
2005-10-21,14.0000,14.2500,14.0000,14.0000,2300
2005-10-14,14.5000,14.5000,14.0000,14.0000,10000
2005-10-07,14.6000,14.7500,14.5000,14.5000,4400
2005-09-30,15.4500,15.4500,14.5000,14.5000,28400
2005-09-23,15.0000,15.4500,15.0000,15.4500,1500
2005-09-16,15.2500,15.2500,15.1100,15.1100,6300
2005-09-09,15.2500,15.7000,15.2000,15.2500,7800
2005-09-02,15.2500,15.4600,15.2500,15.2500,15900
2005-08-26,15.7500,15.7500,15.2500,15.2500,1600
2005-08-19,15.2500,15.9250,15.2500,15.8440,1000
2005-08-12,15.6500,16.0000,15.2500,15.3400,4500
2005-08-05,15.1000,16.2900,14.7000,15.4600,10800
2005-07-29,14.7000,15.4000,14.7000,15.1000,26200
2005-07-22,14.7000,15.5000,14.7000,15.5000,4000
2005-07-15,14.7700,14.8500,14.7000,14.7000,13600
2005-07-08,14.7500,15.1800,13.9500,14.7100,146700
2005-07-01,14.8000,15.0000,14.8000,15.0000,200
2005-06-24,14.8500,14.8500,14.7000,14.7500,37300
2005-06-17,14.8500,14.8500,14.8500,14.8500,0
2005-06-10,14.8500,14.8500,14.8500,14.8500,4300
2005-06-03,14.8500,14.8900,14.8500,14.8500,8200
2005-05-27,14.8500,14.8500,14.8500,14.8500,1500
2005-05-20,15.0000,15.0300,14.8500,14.8500,4200
2005-05-13,14.7500,17.0000,14.7000,15.0000,18500
2005-05-06,14.8500,14.8500,14.7500,14.7500,2000
2005-04-29,14.2500,15.2500,14.2500,15.0100,3600
2005-04-22,14.5000,14.5000,14.2500,14.4500,2500
2005-04-15,15.2400,15.2400,14.3000,14.5000,18100
2005-04-08,14.6500,15.2700,14.5500,15.2700,1000
2005-04-01,15.0000,15.0210,14.5500,14.7500,18100
2005-03-24,15.0200,15.0200,14.8100,15.0000,3300
2005-03-18,14.6500,15.5000,14.6500,15.1100,4100
2005-03-11,14.9000,14.9500,14.1600,14.6700,8500
2005-03-04,14.7500,15.5000,14.1200,14.9000,19400
2005-02-25,14.5300,15.5000,14.4200,14.7500,45900
2005-02-18,16.1600,16.1600,14.1700,14.4500,22600
2005-02-11,15.9100,16.5000,15.9100,16.1600,6100
2005-02-04,16.9000,16.9000,15.5500,15.9000,11400
2005-01-28,15.0500,17.0000,14.9900,17.0000,25300
2005-01-21,15.8000,15.8000,15.0500,15.0500,6400
2005-01-14,16.1100,16.1100,15.6000,15.6000,5700
2005-01-07,16.5000,16.8700,16.0600,16.0600,5700
2004-12-31,16.3700,17.8000,16.3700,17.7700,2700
2004-12-23,16.7500,16.8000,16.3700,16.3700,3100
2004-12-17,17.0000,17.0000,16.6400,16.7500,5800
2004-12-10,16.4500,17.0000,16.4500,17.0000,400
2004-12-03,16.4500,16.4500,16.4500,16.4500,0
2004-11-26,16.2500,16.4500,16.2500,16.4500,2700
2004-11-19,15.8500,15.9000,15.8500,15.9000,500
2004-11-12,16.2500,16.2500,15.7000,15.7000,2700
2004-11-05,16.3800,16.3800,16.0200,16.2500,14900
2004-10-29,16.3910,16.3910,16.3500,16.3800,7100
2004-10-22,16.8300,16.8300,16.3910,16.3910,800
2004-10-15,16.4000,17.2390,16.4000,17.2390,6300
2004-10-08,16.4500,16.4800,16.4000,16.4000,1400
2004-10-01,16.4500,16.4500,16.4500,16.4500,0
2004-09-24,16.5500,16.5500,16.4500,16.4500,400
2004-09-17,17.0000,17.0000,16.4000,16.5800,4600
2004-09-10,16.5000,17.0000,16.5000,17.0000,4600
2004-09-03,16.0000,17.2000,16.0000,17.0900,4600
2004-08-27,16.0000,16.0000,16.0000,16.0000,0
2004-08-20,15.5500,16.0000,15.5500,16.0000,3000
2004-08-13,16.0500,16.0500,14.8000,15.5500,4500
2004-08-06,16.0500,16.7500,16.0500,16.0500,900
2004-07-30,16.2500,16.2500,16.0500,16.0500,200
2004-07-23,16.0200,16.2500,16.0200,16.2500,7500
2004-07-16,16.0300,16.0610,16.0200,16.0200,2700
2004-07-09,16.3200,16.3200,16.0300,16.0400,1000
2004-07-02,16.1000,16.7000,16.0200,16.3200,5100
2004-06-25,16.2010,16.2010,16.0000,16.1000,3500
2004-06-18,16.2000,16.2000,16.2000,16.2000,0
2004-06-10,16.4000,16.4000,16.2000,16.2000,700
2004-06-04,16.2100,16.4000,16.2100,16.4000,500
2004-05-28,16.2410,16.8700,16.2000,16.2110,4100
2004-05-21,16.5000,16.6000,16.1300,16.6000,6800
2004-05-14,16.8500,16.8500,16.0500,16.5000,7800
2004-05-07,17.1700,17.1700,17.0000,17.0000,900
2004-04-30,16.5000,16.5000,16.5000,16.5000,6000
2004-04-23,16.0000,16.3200,15.7000,16.3100,1600
2004-04-16,17.9500,17.9500,15.6500,15.6500,15900
2004-04-08,17.9500,17.9500,17.9500,17.9500,200
2004-04-02,18.1200,18.1300,17.8700,18.1300,1100
2004-03-26,18.1000,18.1200,17.8300,18.1200,6500
2004-03-19,18.0100,18.1000,17.8600,18.1000,2200
2004-03-12,18.0100,18.0100,18.0000,18.0100,400
2004-03-05,17.9200,18.0200,17.9200,18.0000,800
2004-02-27,17.8600,18.0400,17.8600,18.0300,3300
2004-02-20,17.9000,18.1000,17.8600,17.8600,600
2004-02-13,17.9000,18.1000,17.9000,17.9000,8100
2004-02-06,17.8700,18.1000,17.8500,17.9000,5200
2004-01-30,17.9410,18.1500,17.8500,17.8610,9000
2004-01-23,18.0000,18.1900,17.9200,17.9410,400
2004-01-16,18.1800,18.2100,17.8100,18.0000,12000
2004-01-09,17.8000,18.1900,17.8000,17.9100,3600
2004-01-02,17.5200,18.1000,17.5200,17.8000,4000
2003-12-26,18.0100,18.1300,17.5200,17.5200,6400
2003-12-19,17.9400,18.2500,17.9400,18.2500,4400
2003-12-12,18.2400,18.2400,17.9500,18.1000,4600
2003-12-05,17.7500,18.2400,17.6300,18.2400,6000
2003-11-28,17.8500,17.8500,17.5100,17.7500,700
2003-11-21,17.4900,17.8500,17.4900,17.8500,16600
2003-11-14,17.9490,17.9490,17.4900,17.4900,1400
2003-11-07,17.8800,17.9000,17.6000,17.7800,6000
2003-10-31,17.6900,17.9800,17.6900,17.9800,1500
2003-10-24,17.9000,18.1100,17.6700,17.6900,4900
2003-10-17,18.0400,18.1200,18.0000,18.1100,3400
2003-10-10,17.8000,18.4000,17.7500,18.0200,3000
2003-10-03,18.0000,18.1000,17.5000,17.8000,13000
2003-09-26,17.1000,17.9500,17.0510,17.9500,5800
2003-09-19,17.1410,17.4000,17.1000,17.1000,4800
2003-09-12,16.8800,17.5000,16.8800,17.1510,60300
2003-09-05,16.6510,16.8800,16.5700,16.8800,1500
2003-08-29,16.6600,16.6810,16.6500,16.6510,900
2003-08-22,16.1200,16.7000,16.1200,16.7000,1700
2003-08-15,16.1200,16.1200,16.1200,16.1200,300
2003-08-08,16.5010,16.5100,16.1300,16.5000,7900
2003-08-01,16.7000,16.7000,16.4500,16.7000,3700
2003-07-25,16.8500,16.8500,16.7000,16.7000,1500
2003-07-18,17.0000,17.0000,17.0000,17.0000,0
2003-07-11,17.0600,17.0600,17.0000,17.0000,1500
2003-07-03,17.0000,17.2500,16.8500,17.2500,3400
2003-06-27,17.1000,17.1000,16.9000,17.0000,1400
2003-06-20,17.7000,17.9900,17.2000,17.2500,23100
2003-06-13,15.7500,17.7000,15.7500,17.5000,14500
2003-06-06,15.7600,15.9500,15.6800,15.9500,1800
2003-05-30,16.1000,16.1000,16.0000,16.0000,200
2003-05-23,15.7000,16.5200,14.1500,16.1000,10600
2003-05-16,16.0000,16.0000,15.3500,15.7900,7800
2003-05-09,14.9700,16.0000,14.6200,16.0000,4900
2003-05-02,15.3600,15.3600,14.5000,15.3200,3100
2003-04-25,14.9600,15.2000,14.5000,14.5000,600
2003-04-17,14.5100,14.9600,14.5000,14.9600,3400
2003-04-11,15.1000,15.1000,14.5100,14.5100,6900
2003-04-04,15.2500,15.2500,15.1000,15.1000,900
2003-03-28,15.0600,15.2500,14.8500,15.2500,2700
2003-03-21,14.5200,15.1700,14.5200,15.1700,13300
2003-03-14,14.6400,14.7100,14.3600,14.5200,2900
2003-03-07,14.1300,14.6400,14.1300,14.6400,1800
2003-02-28,14.4900,14.4900,14.1300,14.1300,1200
2003-02-21,14.4000,14.9200,14.3700,14.5100,2700
2003-02-14,14.9300,15.5500,14.1600,14.7700,2600
2003-02-07,13.3000,14.8000,13.3000,14.7700,15800
2003-01-31,13.4500,13.9600,12.8200,13.3800,5600
2003-01-24,13.7500,13.7500,13.7500,13.7500,0
2003-01-17,13.8000,13.8000,13.5100,13.7500,3600
2003-01-10,13.6100,13.7900,13.5100,13.7500,6500
2003-01-03,13.8100,13.9000,13.6000,13.6000,4700
2002-12-27,14.0100,14.0100,13.8100,13.8100,200
2002-12-20,14.2500,14.2500,14.0000,14.0100,3100
2002-12-13,13.6300,14.2500,13.6300,14.0000,2700
2002-12-06,13.7700,13.7700,13.6300,13.6300,1000
2002-11-29,13.5200,14.0000,13.5200,13.7700,1500
2002-11-22,13.1700,13.5800,13.1700,13.5200,1300
2002-11-15,14.8000,14.8000,13.2000,14.0000,11600
2002-11-08,14.5500,14.9500,14.0900,14.8000,11400
2002-11-01,14.4000,14.9900,14.0000,14.3300,58900
2002-10-25,14.2000,14.5000,14.1600,14.1600,3700
2002-10-18,13.3500,14.2000,13.3500,14.2000,10000
2002-10-11,13.7500,13.7500,12.9000,13.3500,11700
2002-10-04,13.2200,14.0500,13.2200,14.0000,14000
2002-09-27,13.5700,13.5700,13.0500,13.2200,3700
2002-09-20,13.9500,13.9500,13.5700,13.5700,5100
2002-09-13,13.9500,13.9500,13.5600,13.9500,5400
2002-09-06,13.5200,13.9500,13.5200,13.9400,1900
2002-08-30,14.0000,14.0000,13.4100,13.5200,2400
2002-08-23,13.2500,14.0000,13.2500,13.9000,3800
2002-08-16,14.0000,14.0000,14.0000,14.0000,700
2002-08-09,14.0000,14.0000,14.0000,14.0000,2100
2002-08-02,13.1000,13.4000,13.1000,13.4000,2400
2002-07-26,13.5000,14.0000,13.1000,13.1000,5300
2002-07-19,13.3000,14.4500,13.3000,13.5000,400
2002-07-12,13.6100,14.2500,13.3000,13.3000,3700
2002-07-05,14.2000,14.2000,14.2000,14.2000,100
2002-06-28,13.4000,14.2000,13.4000,14.2000,12400
2002-06-21,12.9400,13.2000,12.9400,13.2000,13000
2002-06-14,12.9500,12.9500,12.9500,12.9500,4200
2002-06-07,12.9500,12.9500,12.7000,12.9500,6700
2002-05-31,12.6100,12.9500,12.6100,12.9500,18600
2002-05-24,12.5100,12.9500,12.5100,12.9500,9200
2002-05-17,12.5100,12.9500,12.5100,12.9500,3700
2002-05-10,12.9500,12.9500,12.6600,12.9500,3800
2002-05-03,12.7200,13.0000,12.6600,12.6600,6300
2002-04-26,12.7200,12.7200,12.7200,12.7200,2100
2002-04-19,12.8000,13.0000,12.7000,12.9900,15100
2002-04-12,12.9500,13.0000,12.8000,12.9500,10100
2002-04-05,12.7300,12.9800,12.5500,12.9800,2300
2002-03-28,12.6000,12.9000,12.6000,12.9000,1900
2002-03-22,12.5500,12.5500,12.5500,12.5500,100
2002-03-15,12.5200,12.5500,12.5200,12.5500,400
2002-03-08,12.7500,12.7500,12.5000,12.6400,18400
2002-03-01,12.4000,12.7500,12.4000,12.5000,2500
2002-02-22,12.3500,12.8000,12.3500,12.4000,2800
2002-02-15,12.9000,12.9000,12.3500,12.3500,700
2002-02-08,12.9000,12.9000,12.9000,12.9000,0
2002-02-01,12.5000,13.0000,12.5000,12.9000,3800
2002-01-25,12.5000,13.0000,12.5000,12.5000,3500
2002-01-18,12.5500,13.0000,12.5000,12.9000,2200
2002-01-11,12.5500,12.5500,12.5500,12.5500,500
2002-01-04,13.2500,13.2500,12.7400,12.9500,1200
2001-12-28,12.9000,13.5000,12.8000,13.2500,6100
2001-12-21,12.3000,13.1500,12.3000,13.1500,5400
2001-12-14,12.6000,12.6000,12.5500,12.5500,200
2001-12-07,12.3000,12.6000,12.3000,12.6000,3200
2001-11-30,12.2500,12.6400,12.2500,12.6000,5200
2001-11-23,12.1100,12.5000,12.1100,12.5000,2200
2001-11-16,12.2000,12.5000,11.7500,12.5000,8000
2001-11-09,12.2000,12.2000,12.2000,12.2000,400
2001-11-02,11.5600,12.2500,11.5600,12.2000,4700
2001-10-26,12.0000,12.0600,11.5500,12.0600,7900
2001-10-19,11.7500,12.0000,11.7500,12.0000,300
2001-10-12,11.9500,11.9500,11.8000,11.9500,1400
2001-10-05,12.2000,12.2000,12.0000,12.0000,500
2001-09-28,12.2500,12.3500,11.8000,12.2000,7400
2001-09-21,12.0500,13.0000,12.0500,12.5500,6800
2001-09-10,12.0500,12.0500,12.0500,12.0500,0
2001-09-07,12.8500,12.8500,12.0500,12.0500,12800
2001-08-31,12.5000,12.7500,12.5000,12.7500,2300
2001-08-24,12.5000,12.5000,12.5000,12.5000,0
2001-08-17,12.5000,12.5000,12.5000,12.5000,0
2001-08-10,12.3500,12.5000,12.0500,12.5000,7000
2001-08-03,12.5000,12.5000,12.0000,12.0000,5500
2001-07-27,12.4000,12.4000,11.9000,11.9000,2100
2001-07-20,12.8000,12.8000,12.3500,12.4000,2100
2001-07-13,11.9500,12.5000,11.9500,12.5000,3600
2001-07-06,11.7000,11.9500,11.6000,11.9500,4400
2001-06-29,11.3500,11.7000,11.3500,11.7000,20800
2001-06-22,11.3500,11.4900,11.3500,11.3500,6800
2001-06-15,11.2500,11.4900,11.2500,11.4900,2700
2001-06-08,11.0800,11.4000,11.0500,11.1500,6400
2001-06-01,11.4900,11.4900,11.4900,11.4900,0
2001-05-25,11.3500,11.4900,11.3500,11.4900,3000
2001-05-18,10.5000,11.4000,10.5000,11.3500,600
2001-05-11,10.5000,11.4500,10.5000,10.5000,4400
2001-05-04,10.5500,10.5500,10.5500,10.5500,0
2001-04-27,10.1000,10.5500,10.0000,10.5500,13300
2001-04-20,10.2000,10.2000,10.0000,10.0000,14500
2001-04-12,10.5000,10.5000,10.0000,10.2000,8600
2001-04-06,10.3800,10.6900,10.1300,10.5000,19700
2001-03-30,10.8800,10.8800,10.8100,10.8100,1400
2001-03-23,10.3100,10.5900,10.3100,10.5900,5500
2001-03-16,10.7500,10.7500,10.3100,10.3100,400
2001-03-09,10.5000,10.8100,10.1300,10.7500,10800
2001-03-02,10.5000,11.0000,10.3800,10.3800,54300
2001-02-23,11.0600,11.2500,10.5000,10.5000,8700
2001-02-16,11.2500,11.4800,11.0000,11.0000,7000
2001-02-09,11.0000,11.8100,11.0000,11.2500,15400
2001-02-02,11.5600,12.0000,10.7500,11.0000,7000
2001-01-26,10.8800,11.5000,10.8800,11.0000,800
2001-01-19,10.3100,11.2500,10.0000,10.3800,10000
2001-01-12,11.6300,12.0000,10.5000,10.5000,19200
2001-01-05,11.9400,11.9400,10.7500,11.7500,9700
2000-12-29,13.0000,13.7500,11.9400,11.9400,7400
2000-12-22,13.7500,13.7500,13.0000,13.0000,17700
2000-12-15,13.5000,13.6200,13.0000,13.0000,5200
2000-12-08,14.0000,14.0000,13.5000,13.6200,2300
2000-12-01,12.0000,14.0000,12.0000,14.0000,1100
2000-11-24,12.0000,12.0000,12.0000,12.0000,0
2000-11-17,12.0000,12.5000,11.3700,12.0000,5000
2000-11-10,12.0000,12.0000,11.8700,11.8700,0
2000-11-03,13.8800,13.8800,12.0000,12.0000,5400
2000-10-27,12.2500,14.0000,12.2500,12.2500,2100
2000-10-20,13.0000,13.0000,12.0000,12.2500,6100
2000-10-13,13.5000,13.5000,12.5000,12.5000,1200
2000-10-06,14.1200,14.1200,13.6200,13.6200,1500
2000-09-29,13.1200,14.5000,13.1200,14.5000,7000
2000-09-22,13.8800,13.8800,13.1200,13.6200,2500
2000-09-15,14.0000,14.0000,13.5000,13.8800,6600
2000-09-08,14.0000,14.0000,14.0000,14.0000,15300
2000-09-01,14.0000,14.0000,14.0000,14.0000,0
2000-08-25,13.9400,14.0000,13.5000,14.0000,900
2000-08-18,14.2500,14.2500,13.5000,13.9400,10800
2000-08-11,13.3800,13.9400,13.3800,13.9400,3800
2000-08-04,14.1200,14.1200,13.3800,13.3800,400
2000-07-28,13.1200,14.1200,13.1200,14.1200,2300
2000-07-21,14.0000,14.0000,13.1200,13.1200,2200
2000-07-14,14.3800,14.3800,14.0000,14.0000,400
2000-07-07,14.2800,14.3800,14.0000,14.3800,400
2000-06-30,14.0000,14.2800,14.0000,14.2800,11100
2000-06-23,14.0000,14.3800,14.0000,14.3800,4700
2000-06-16,14.0000,14.4400,13.5000,13.5000,8900
2000-06-09,13.1900,13.8400,13.1900,13.8400,300
2000-06-02,13.6900,13.8800,13.6200,13.8800,1300
2000-05-26,13.8800,13.8800,13.8800,13.8800,0
2000-05-19,13.6200,13.8800,13.5600,13.8800,6300
2000-05-12,14.2500,14.2500,13.6200,13.6200,5800
2000-05-05,14.3800,14.4400,14.2500,14.2500,2900
2000-04-28,14.4400,14.4400,14.1200,14.2500,4700
2000-04-20,14.0000,14.1200,14.0000,14.1200,1500
2000-04-14,13.7500,14.3800,13.7500,14.0000,2900
2000-04-07,14.2500,14.2500,13.7500,13.7500,400
2000-03-31,14.5000,14.5000,13.5000,14.2500,4400
2000-03-24,14.5000,14.5000,14.5000,14.5000,3800
2000-03-17,14.6200,14.7500,14.1200,14.7500,2800
2000-03-10,14.5000,14.7500,14.2500,14.6200,10800
2000-03-03,15.2500,15.2500,14.2500,14.2500,6900
2000-02-25,14.6200,15.2500,14.3800,15.2500,14400
2000-02-18,14.1200,14.8800,14.1200,14.3800,1000
2000-02-11,14.2500,14.2500,14.1200,14.1200,0
2000-02-04,15.2500,15.3100,14.2500,14.2500,8700
2000-01-28,14.5000,15.2500,14.5000,15.2500,300
2000-01-21,14.5000,14.5000,14.5000,14.5000,500
2000-01-14,15.0000,15.0000,14.5000,14.5000,3700
