timestamp,open,high,low,close,volume
2014-03-19,13.9900,14.0200,13.9600,13.9800,7083112
2014-03-14,14.0100,14.0300,13.9800,14.0000,6691724
2014-03-07,14.0000,14.0400,13.9800,14.0100,10389631
2014-02-28,14.0200,14.1000,13.9600,13.9900,17411064
2014-02-21,14.0000,14.2400,13.9700,13.9800,13527452
2014-02-14,11.0600,14.0400,10.8200,14.0000,101728850
2014-02-07,10.9900,11.4300,10.1900,11.0500,3740791
2014-01-31,11.0500,11.4600,10.5400,10.9800,3375336
2014-01-24,11.7300,12.6900,10.6800,11.1600,4825862
2014-01-17,10.9100,11.9200,10.4004,11.7300,4345353
2014-01-10,9.0500,10.4300,8.7900,10.2900,4967550
2014-01-03,8.9000,9.4100,8.7600,9.0300,1990821
2013-12-27,9.4700,9.5000,8.7700,8.8600,1750915
2013-12-20,8.7600,9.5700,8.6900,9.3100,5345952
2013-12-13,9.6500,9.8800,8.7900,8.9700,3984222
2013-12-06,9.1600,10.0900,9.0201,9.5300,7159231
2013-11-29,8.6400,9.2900,8.4310,9.0200,2485390
2013-11-22,7.6000,8.8600,7.1300,8.5100,6218552
2013-11-15,5.7600,9.3900,5.2600,7.8800,10139107
2013-11-08,4.9900,5.8200,4.7400,5.7600,1694903
2013-11-01,5.2900,5.2900,4.8600,4.9500,1444552
2013-10-25,5.8100,5.8100,5.0000,5.2700,2506916
2013-10-18,5.8500,6.0600,5.5500,5.7800,1474210
2013-10-11,6.0400,6.0700,5.5300,5.9000,1352711
2013-10-04,6.2800,6.4400,6.0800,6.1200,1590323
2013-09-27,6.3600,6.4000,6.0100,6.3500,1375003
2013-09-20,5.7900,6.4900,5.7000,6.3800,2476646
2013-09-13,5.1600,5.7400,4.9800,5.7300,1587488
2013-09-06,5.4500,5.4500,4.9600,5.1500,2591132
2013-08-30,5.5200,5.6500,5.2800,5.4500,1213480
2013-08-23,5.6200,5.7900,5.4000,5.5200,1087619
2013-08-16,6.1200,6.2400,5.4300,5.6100,2022477
2013-08-09,6.5600,6.6400,6.0700,6.1400,2335051
2013-08-02,7.5900,7.6500,6.1600,6.5400,2813265
2013-07-26,7.3200,8.0700,7.2900,7.5900,2869681
2013-07-19,7.5000,7.7200,7.1800,7.3400,1274981
2013-07-12,6.9200,7.6600,6.7900,7.5200,1395066
2013-07-05,6.8600,7.0300,6.6250,6.9100,1251899
2013-06-28,6.5700,7.2400,6.4000,6.8200,2682484
2013-06-21,6.9700,7.1100,6.2400,6.6400,1799860
2013-06-14,7.4400,7.6300,6.8410,6.9700,2433686
2013-06-07,6.8400,8.2600,6.8400,7.4300,3974243
2013-05-31,6.9100,7.1400,6.6100,6.6500,966906
2013-05-24,7.1700,7.1800,6.5400,6.9100,1568592
2013-05-17,6.5900,7.5300,6.5500,7.1800,1953792
2013-05-10,6.8800,6.9800,6.4700,6.6200,1242207
2013-05-03,6.9800,7.2000,6.6100,6.8600,1841406
2013-04-26,6.9900,7.4500,6.7700,6.9500,1647966
2013-04-19,7.1000,7.1000,6.2800,6.9600,2223559
2013-04-12,6.8500,7.1897,6.4150,7.1700,1935792
2013-04-05,6.6900,7.0100,6.5100,6.7900,1480936
2013-03-28,5.7200,6.8500,5.6900,6.6900,2103690
2013-03-22,5.2000,5.8800,5.0900,5.7100,1365360
2013-03-15,5.3900,5.4650,5.2000,5.2700,916807
2013-03-08,4.9800,5.4300,4.9500,5.4200,831249
2013-03-01,4.7000,5.0600,4.6000,5.0000,682387
2013-02-22,5.0000,5.0800,4.4480,4.7000,1025702
2013-02-15,4.6400,5.0500,4.5600,5.0000,1276295
2013-02-08,4.8400,4.9700,4.5100,4.6400,1076247
2013-02-01,5.4000,5.4800,4.6500,4.8800,1820797
2013-01-25,5.1200,5.6100,4.9800,5.3600,2005104
2013-01-18,5.4000,5.6600,5.1100,5.1200,1692490
2013-01-11,5.3000,5.4700,5.1900,5.3800,1115272
2013-01-04,4.8200,5.3450,4.7450,5.2700,1699553
2012-12-28,4.8600,5.0000,4.7900,4.8100,844735
2012-12-21,4.7800,4.9600,4.6100,4.8500,1725110
2012-12-14,4.2100,4.7600,4.1850,4.7500,2127952
2012-12-07,4.4000,4.4000,3.9900,4.2200,1128389
2012-11-30,3.5400,4.5700,3.5200,4.2600,1836280
2012-11-23,3.0500,3.5500,3.0400,3.5400,529349
2012-11-16,3.2200,3.2200,2.8800,3.0200,847082
2012-11-09,3.5200,3.6500,3.1500,3.1900,1012597
2012-11-02,3.6300,3.6500,3.4200,3.5200,539965
2012-10-26,3.7100,3.7500,3.5200,3.6300,921755
2012-10-19,3.9800,4.0700,3.7000,3.7308,1178675
2012-10-12,3.9700,4.0700,3.8100,3.9900,1033855
2012-10-05,3.9600,4.0500,3.9000,3.9800,953470
2012-09-28,4.1000,4.2100,3.9200,3.9205,1381189
2012-09-21,3.8400,4.1700,3.7300,4.1100,1720224
2012-09-14,3.8300,3.9800,3.7400,3.8600,2442870
2012-09-07,3.9400,3.9700,3.8200,3.8700,1748690
2012-08-31,4.3500,4.4500,3.8000,3.9400,2054536
2012-08-24,3.9900,4.4600,3.8500,4.3200,2152247
2012-08-17,3.9000,4.0300,3.7295,4.0100,1390743
2012-08-10,4.0300,4.2300,3.8600,3.8900,1710955
2012-08-03,4.4100,4.4200,3.9900,4.0100,1999687
2012-07-27,4.2600,4.4400,4.0500,4.4000,2381820
2012-07-20,4.4800,4.5400,4.1800,4.3500,2197298
2012-07-13,3.9800,4.8700,3.9100,4.4900,2890133
2012-07-06,3.6500,4.0300,3.4900,3.9900,1163822
2012-06-29,2.9800,3.6200,2.9400,3.5700,1589095
2012-06-22,2.9400,3.0300,2.8300,2.9800,3167862
2012-06-15,2.9600,3.1500,2.8800,2.9600,1558378
2012-06-08,2.7300,2.9800,2.6800,2.9500,1081645
2012-06-01,2.7200,2.8100,2.5600,2.7100,1065455
2012-05-25,2.9000,3.0500,2.7000,2.7200,2216449
2012-05-18,2.8500,3.1200,2.8000,2.9000,2021236
2012-05-11,2.9600,3.0700,2.8000,2.8600,2337587
2012-05-04,3.6900,3.7000,2.9900,3.0000,2568100
2012-04-27,3.4700,3.6900,3.3700,3.6800,1653146
2012-04-20,3.4000,3.5000,3.2500,3.5000,1393175
2012-04-13,3.5400,3.5400,3.2900,3.3600,1833908
2012-04-05,3.6800,3.7000,3.4500,3.5400,1477334
2012-03-30,3.6200,3.8800,3.5800,3.7000,3989310
2012-03-23,3.7000,3.7600,3.4700,3.5750,1037558
2012-03-16,3.8500,3.8800,3.4400,3.7100,2985133
2012-03-09,3.6800,4.0500,3.5100,3.8700,1967181
2012-03-02,4.1700,4.1900,3.5700,3.6600,1675898
2012-02-24,4.1200,4.2600,3.7900,4.2000,1033330
2012-02-17,4.0900,4.2500,3.9700,4.1200,1066252
2012-02-10,4.2700,4.3700,3.9800,4.0300,1378347
2012-02-03,4.2000,4.2900,4.0550,4.2700,1713712
2012-01-27,3.9700,4.3000,3.8800,4.2100,1908356
2012-01-20,4.0200,4.1050,3.8300,3.9800,1170216
2012-01-13,4.0000,4.2200,3.9500,4.0200,1748835
2012-01-06,3.9500,4.1400,3.8300,4.0100,1211752
2011-12-30,3.6500,3.9500,3.4100,3.9500,1621834
2011-12-23,3.8200,3.8800,3.5850,3.6500,1810082
2011-12-16,4.1300,4.1300,3.5300,3.8000,3487184
2011-12-09,4.4900,4.5800,3.8900,3.9100,1734966
2011-12-02,4.2000,4.5000,4.0700,4.4500,2461807
2011-11-25,4.3500,4.6290,4.0400,4.0800,3277265
2011-11-18,4.9200,4.9200,3.6300,4.1700,15227943
2011-11-11,5.0200,5.1100,4.5700,5.0600,1236863
2011-11-04,5.8600,5.9201,4.9000,5.0000,1813228
2011-10-28,5.8900,5.9000,5.4700,5.8600,1651452
2011-10-21,6.0500,6.1200,5.6900,5.8700,1438593
2011-10-14,6.4100,6.6200,6.0000,6.0600,1398854
2011-10-07,6.4800,6.9900,6.3200,6.3500,1042444
2011-09-30,6.5600,7.0000,6.1500,6.5500,891366
2011-09-23,6.5100,6.8000,5.8000,6.5500,1265000
2011-09-16,6.2600,7.7800,6.2000,6.6300,994832
2011-09-09,6.0000,6.8300,5.9900,6.3200,1306535
2011-09-02,6.3300,6.7700,6.1000,6.1300,1063398
2011-08-26,6.9600,7.0000,6.1100,6.2800,2049952
2011-08-19,7.0800,7.2300,6.7000,6.8400,1613055
2011-08-12,7.4400,7.7800,6.5300,7.0000,3345192
2011-08-05,8.7000,9.1490,7.3300,7.7400,1751527
2011-07-29,8.4600,8.8600,8.2800,8.6500,1227332
2011-07-22,8.5700,8.7000,8.2800,8.5500,2013128
2011-07-15,8.9900,9.0800,8.5500,8.6200,1223238
2011-07-08,9.2600,9.3400,8.9300,9.0600,708429
2011-07-01,9.2300,9.5000,8.4700,9.2900,1894494
2011-06-24,8.9000,9.7500,8.8300,9.2800,2407124
2011-06-17,9.2500,9.7900,8.6300,8.8600,1299851
2011-06-10,9.8000,9.8900,9.0000,9.2900,1642360
2011-06-03,9.7700,10.0000,9.4200,9.8000,2381739
2011-05-27,8.5000,9.9500,8.2500,9.6500,4563459
2011-05-20,7.7000,9.0000,7.4500,8.6100,3410204
2011-05-13,7.3500,7.8000,6.9401,7.7200,3115261
2011-05-06,8.4800,8.9200,7.2702,7.3400,4141651
2011-04-29,8.0700,8.5200,7.9300,8.4800,1929838
2011-04-21,8.2700,8.3000,7.9700,8.0700,1362375
2011-04-15,8.9500,9.0300,8.2600,8.3100,1452607
2011-04-08,9.6000,9.7500,8.8800,8.9800,1255173
2011-04-01,9.0200,9.6000,8.9600,9.5400,2565330
2011-03-25,8.9200,9.1400,8.8100,9.0200,1217995
2011-03-18,8.7000,8.9400,8.5100,8.8500,1416692
2011-03-11,8.7900,9.0800,8.2100,8.7400,3272237
2011-03-04,7.6500,9.0000,7.3400,8.6200,3369242
2011-02-25,7.9000,8.0010,7.3100,7.6100,1084559
2011-02-18,7.4000,8.4200,7.3050,8.0200,2347025
2011-02-11,7.3600,7.4900,7.0500,7.4200,1197552
2011-02-04,7.6500,7.8500,7.2200,7.3300,2157150
2011-01-28,7.3000,7.9500,7.2000,7.2900,1680871
2011-01-21,7.3000,7.5300,7.1400,7.2000,3234252
2011-01-14,7.3200,7.4000,7.1500,7.3000,1419405
2011-01-07,7.6400,7.7200,7.1900,7.3800,1375254
2010-12-31,7.7100,7.9900,7.4500,7.5500,865655
2010-12-23,7.5100,8.0500,7.3200,7.7000,1164129
2010-12-17,7.9100,8.0000,7.4700,7.5100,2425893
2010-12-10,7.6100,8.0200,7.5500,7.8900,2163832
2010-12-03,7.4700,7.6600,7.1310,7.6500,2554549
2010-11-26,7.7800,7.8000,7.3900,7.4800,1301313
2010-11-19,8.0300,8.2000,7.5300,7.8000,4993869
2010-11-12,7.6000,8.4700,7.6000,8.0400,5721422
2010-11-05,9.0000,9.3500,7.5100,7.9000,8749345
2010-10-29,8.8500,9.3500,8.6019,8.8800,1578969
2010-10-22,9.6900,9.7500,8.6500,8.7800,2747648
2010-10-15,9.7900,9.9596,9.1600,9.6900,1987465
2010-10-08,8.4100,10.0000,8.2900,9.7800,2603061
2010-10-01,8.3900,8.6000,8.1400,8.4100,1159808
2010-09-24,7.9000,8.4400,7.8600,8.3600,1077736
2010-09-17,8.3100,8.4500,7.7500,7.8500,1169674
2010-09-10,8.1000,8.3900,8.0000,8.1900,876611
2010-09-03,8.1600,8.3200,7.8000,8.1100,737052
2010-08-27,7.9600,8.5800,7.8800,8.2100,1025784
2010-08-20,7.8000,8.0100,7.7450,7.8900,868885
2010-08-13,7.8500,8.1600,7.5100,7.8100,734930
2010-08-06,7.7900,8.1200,7.5450,7.7800,517659
2010-07-30,7.2400,8.0800,7.1700,7.6600,574483
2010-07-23,6.7900,7.2700,6.5900,7.2000,451534
2010-07-16,7.1900,7.3000,6.7800,6.7900,436834
2010-07-09,7.1400,7.3400,6.9300,7.2000,1338186
2010-07-02,7.0300,7.3650,6.6950,7.0300,1717998
2010-06-25,7.2600,7.2905,6.2900,7.0700,1133286
2010-06-18,7.0500,7.3900,6.9700,7.1900,985711
2010-06-11,7.1200,7.4000,6.8200,7.0600,798428
2010-06-04,7.5400,7.6345,7.0400,7.0700,2132767
2010-05-28,8.1800,8.2500,7.4100,7.9300,900445
2010-05-21,8.7500,8.8900,7.5400,7.9900,1291384
2010-05-14,9.4100,9.7400,8.7800,9.0900,1553186
2010-05-07,10.2000,10.2500,8.7500,8.8000,1397722
2010-04-30,10.0200,10.4420,9.4900,9.8000,1232258
2010-04-23,9.5250,10.6300,9.4700,10.0000,2163271
2010-04-16,9.2900,9.7500,8.9300,9.1900,916777
2010-04-09,9.0100,9.8800,8.9500,9.2600,900133
2010-04-01,9.2300,9.5900,8.9400,9.0000,621699
2010-03-26,8.8800,9.4400,8.7400,9.2600,924423
2010-03-19,9.4100,9.6200,8.7500,8.9100,1205757
2010-03-12,9.3400,9.5900,9.1900,9.4700,1130625
2010-03-05,8.7000,9.3900,8.6800,9.2500,2513450
2010-02-26,9.3500,9.3900,8.4100,8.5800,3037898
2010-02-19,9.4500,9.6200,9.1200,9.3400,1343761
2010-02-12,10.5400,10.5400,8.9200,9.3400,5633901
2010-02-05,9.9200,10.6600,9.8700,10.5000,2544632
2010-01-29,10.0000,10.1100,9.6400,9.9700,1226774
2010-01-22,10.0100,10.3800,9.9300,9.9800,1140726
2010-01-15,10.1900,10.5400,9.9000,9.9800,1596233
2010-01-08,9.7200,10.9100,9.6800,9.9500,1210737
2009-12-31,9.6700,9.8800,9.5400,9.6700,276496
2009-12-24,10.0000,10.0000,9.6200,9.7000,478730
2009-12-18,9.4600,10.0800,9.2500,10.0000,1752258
2009-12-11,9.6500,9.8000,9.3900,9.4600,1812168
2009-12-04,8.6200,9.8000,8.4000,9.5800,2183779
2009-11-27,8.8700,8.9300,8.4500,8.5300,775701
2009-11-20,8.8300,9.1800,8.5000,8.7000,1677580
2009-11-13,10.0700,10.1600,8.6054,9.1200,4238860
2009-11-06,9.1000,10.2400,8.9500,10.0500,1871000
2009-10-30,10.1500,10.3600,8.9500,9.0300,2212948
2009-10-23,10.6100,10.7400,10.0200,10.1200,900082
2009-10-16,11.6700,11.7600,10.4900,10.5500,1131013
2009-10-09,10.7200,11.7100,10.5600,11.5000,1569331
2009-10-02,11.2800,11.5200,10.5000,10.6500,470104
2009-09-25,11.2600,11.7400,10.6000,11.2000,616733
2009-09-18,10.5700,11.4100,10.4500,11.3400,689961
2009-09-11,10.4100,11.4200,10.2600,10.6800,390017
2009-09-04,10.7900,11.1000,9.6600,10.3800,1435657
2009-08-28,10.6600,11.3200,10.5600,10.8400,302255
2009-08-21,10.4600,10.7500,9.3700,10.6700,522386
2009-08-14,11.0000,11.2700,10.3400,10.5600,467413
2009-08-07,12.1100,12.3900,11.0000,11.1000,651327
2009-07-31,11.8300,12.6800,11.6000,12.1000,815813
2009-07-24,11.0300,12.0000,10.9200,11.8100,602527
2009-07-17,10.2000,11.3500,10.0500,10.9600,1217795
2009-07-10,10.2600,10.4100,10.0000,10.2000,470298
2009-07-02,9.8300,10.4300,9.6200,10.2600,786922
2009-06-26,8.8600,10.0000,8.6600,9.7800,815632
2009-06-19,8.8600,9.0300,8.2500,8.9300,844263
2009-06-12,10.2500,10.2900,8.5600,8.9700,747430
2009-06-05,10.6700,10.9900,10.0600,10.3200,973087
2009-05-29,10.4200,11.5200,10.1500,10.5900,2584179
2009-05-22,9.5700,10.6800,9.4100,10.4600,1027557
2009-05-15,10.5300,11.0900,9.3000,9.4900,1083596
2009-05-08,9.9400,10.9900,9.1000,10.7500,2122621
2009-05-01,9.5400,10.2897,9.3400,9.9500,1400343
2009-04-24,9.2300,9.8800,8.9900,9.6600,1307316
2009-04-17,9.9700,10.0000,8.8500,9.3500,934266
2009-04-09,9.2200,9.9900,8.6201,9.9700,1159454
2009-04-03,8.4900,10.3400,8.2200,9.5200,2688072
2009-03-27,8.5500,9.0300,8.4000,8.6900,1279107
2009-03-20,7.4400,8.7600,7.3600,8.4000,1412423
2009-03-13,5.7900,7.5400,5.7200,7.3900,3972631
2009-03-06,6.3100,6.4900,5.6800,5.8300,988143
2009-02-27,7.1200,7.3900,6.3500,6.3800,555189
2009-02-20,7.0100,7.6100,6.9100,7.0500,516356
2009-02-13,7.7700,7.9800,7.0700,7.1500,532913
2009-02-06,7.1000,7.8300,6.9600,7.8200,485127
2009-01-30,6.7800,7.9100,6.7800,7.2000,742751
2009-01-23,6.8800,6.9200,6.0300,6.7400,487413
2009-01-16,6.5700,6.9700,6.2300,6.9300,495167
2009-01-09,7.4300,7.4400,6.5100,6.6000,462306
2009-01-02,7.5000,7.5000,6.9700,7.4000,597733
2008-12-26,7.1200,7.5000,6.9500,7.5000,347634
2008-12-19,5.2600,7.9300,4.3900,7.0600,5504951
2008-12-12,5.7300,6.0600,5.0700,5.2100,368723
2008-12-05,6.4900,6.6400,5.4600,5.6000,620123
2008-11-28,6.0800,6.7100,5.4600,6.6600,400084
2008-11-21,5.8700,6.4000,5.4600,5.9000,846471
2008-11-14,7.0400,7.3300,5.5500,5.9000,619855
2008-11-07,6.5400,7.4900,6.3500,6.8800,506012
2008-10-31,6.9300,7.5900,6.4000,6.5300,1694757
2008-10-24,7.3400,8.1700,6.4100,7.0000,529075
2008-10-17,7.9200,8.2000,6.0500,6.9900,689247
2008-10-10,8.0500,8.4900,5.7900,7.4600,961721
2008-10-03,9.0200,10.1000,7.8300,8.1900,1217137
2008-09-26,9.9500,10.1000,8.9100,9.2800,632199
2008-09-19,9.9100,10.9900,9.4000,10.0000,1494842
2008-09-12,10.0000,10.1100,9.7500,9.9500,1738681
2008-09-05,10.0000,10.1000,9.0100,10.0000,1530257
2008-08-29,9.9200,10.0000,9.2400,9.9100,937946
2008-08-22,9.7800,10.0000,9.1400,9.9800,794420
2008-08-15,10.0100,10.0700,9.5000,9.8400,860729
2008-08-08,10.0800,10.2500,9.2700,9.6100,1158907
2008-08-01,6.4600,12.0100,6.3400,10.1200,2129235
2008-07-25,6.2500,6.5800,6.2300,6.5100,957290
2008-07-18,6.4500,6.7100,6.1400,6.4900,531668
2008-07-11,6.7100,7.0900,6.0000,6.4000,559987
2008-07-03,6.3400,6.9600,6.0100,6.6600,509509
2008-06-27,6.7100,6.7800,5.8700,6.3500,549699
2008-06-20,6.3400,6.8000,6.1500,6.6600,404269
2008-06-13,6.8000,7.2300,6.0300,6.3400,1002986
2008-06-06,6.6600,7.6000,6.2800,6.7600,367103
2008-05-30,5.9200,7.1200,5.9100,6.6900,358639
2008-05-23,6.3100,6.3500,5.9000,5.9000,598785
2008-05-16,5.9400,6.6000,5.7100,6.3200,477221
2008-05-09,6.8000,6.9300,5.8000,5.9100,602966
2008-05-02,7.2300,7.8500,6.3400,6.6200,635538
2008-04-25,6.6600,7.5000,6.5500,7.2500,520861
2008-04-18,6.1900,6.8800,6.1800,6.7000,1076792
2008-04-11,6.6900,6.7800,6.2000,6.2000,532878
2008-04-04,5.8600,6.8500,5.6000,6.6300,1083931
2008-03-28,5.9200,6.4900,5.7500,5.8300,944872
2008-03-20,5.2400,6.5000,4.9000,5.8800,1042508
2008-03-14,5.2100,5.9000,4.8400,5.3300,1125733
2008-03-07,5.2500,5.5900,4.8400,5.1800,703660
2008-02-29,5.7600,6.0500,5.2000,5.2400,1355874
2008-02-22,5.4900,6.0300,5.2900,5.7700,315846
2008-02-15,5.9300,6.0200,5.2600,5.6700,673390
2008-02-08,5.7500,6.1500,5.1200,5.9200,858220
2008-02-01,5.8300,6.0000,5.3700,5.7000,1516144
2008-01-25,5.8200,6.3700,5.5000,5.8500,997662
2008-01-18,5.5800,6.4400,5.2200,6.2900,2953522
2008-01-11,14.0000,14.2500,5.0100,5.3600,5752492
2008-01-04,14.1800,15.7000,13.4600,13.9000,788608
2007-12-28,14.0000,14.8000,13.6800,14.2800,259651
2007-12-21,13.6500,14.1000,13.2100,13.9500,670030
2007-12-14,13.9000,14.0000,12.3400,13.8600,497266
2007-12-07,13.5000,14.0000,13.1200,13.8400,348252
2007-11-30,12.4100,13.8500,11.8100,13.4600,1526329
2007-11-23,13.1200,13.2800,11.6400,12.4300,532893
2007-11-16,13.8900,14.3500,13.1500,13.2100,1014130
2007-11-09,14.1000,14.8800,13.5200,13.8500,579163
2007-11-02,13.5800,14.4700,13.4300,14.2700,806488
2007-10-26,13.1500,14.1800,12.9300,13.5000,315322
2007-10-19,14.0000,14.1800,12.9300,13.2800,495924
2007-10-12,14.0600,14.2000,13.5000,14.0400,452137
2007-10-05,14.0000,14.6000,13.9300,14.2000,525251
2007-09-28,13.9800,14.4400,13.7200,14.0000,457813
2007-09-21,13.1800,14.7000,12.9800,13.9600,571069
2007-09-14,13.3600,14.0700,12.7500,13.2800,153929
2007-09-07,14.3300,14.5000,13.0700,13.3000,256813
2007-08-31,14.1700,14.7500,13.2700,14.3600,302171
2007-08-24,14.6900,15.0400,13.5800,14.1900,220665
2007-08-17,14.6300,15.2400,12.7600,14.4900,602569
2007-08-10,12.5700,15.1500,12.4600,14.4300,1160784
2007-08-03,11.9600,12.6300,11.5700,12.5100,792590
2007-07-27,12.7800,13.2000,11.6400,11.9400,1082194
2007-07-20,13.5200,14.1600,12.7000,13.9800,381778
2007-07-13,13.6000,14.1400,13.3800,13.5400,452562
2007-07-06,12.1600,13.7600,12.0900,13.6200,347074
2007-06-29,12.2800,13.0900,11.6100,12.6100,533680
2007-06-22,13.6400,14.1300,12.3200,12.3200,799783
2007-06-15,13.8600,14.0000,13.1700,13.8300,446840
2007-06-08,14.4800,15.0000,13.2400,13.7400,374164
2007-06-01,14.6000,14.9200,14.0500,14.5000,568122
2007-05-25,15.3800,16.0000,14.5900,14.7500,372716
2007-05-18,15.6900,16.0000,14.5900,15.6200,506321
2007-05-11,16.0700,16.0700,15.2900,15.5800,326242
2007-05-04,16.0500,16.5000,15.8400,16.0700,539921
2007-04-27,16.2700,17.4300,15.3500,16.0500,1376115
2007-04-20,17.0000,17.7400,16.2000,16.2800,194519
2007-04-13,16.5400,20.6700,15.5700,16.7900,143323
2007-04-05,14.4200,17.2400,14.4200,16.4500,443236
2007-03-30,15.3800,15.6600,14.3400,14.8000,119897
2007-03-23,14.7600,15.7300,14.3800,15.4100,144297
2007-03-16,15.0500,15.6300,14.1100,14.6800,238991
2007-03-09,14.0000,15.6300,13.7300,15.3000,380154
2007-03-02,15.8200,15.8220,13.6200,14.2600,606556
2007-02-23,15.2700,16.9200,15.1700,15.6300,834543
2007-02-16,14.6500,15.5800,14.2700,15.2200,314959
2007-02-09,12.3600,15.1400,12.0100,14.5400,619096
2007-02-02,12.3100,12.7400,11.9200,12.4000,225580
2007-01-26,11.7000,12.5300,11.7000,12.4300,75618
2007-01-19,13.3100,13.3100,11.7000,11.8800,194134
2007-01-12,12.3400,13.3900,12.2800,12.9479,526443
2007-01-05,12.4300,13.2500,11.7900,12.3400,195957
2006-12-29,12.0000,12.7000,11.8500,12.3200,70267
2006-12-22,11.7400,12.4900,11.0300,11.8800,300645
2006-12-15,12.9000,13.3000,11.5100,12.0200,384472
2006-12-08,13.1500,13.7500,12.5500,12.8700,318069
2006-12-01,10.6100,14.1300,10.6000,14.1300,949228
2006-11-24,11.2500,12.1200,9.7500,10.9500,63021
2006-11-17,9.7700,12.0900,9.5000,11.7600,252530
2006-11-10,9.4000,9.8000,9.1700,9.7500,466017
2006-11-03,9.3500,10.0400,8.2500,9.4200,475448
