timestamp,open,high,low,close,volume
2018-02-27,12.0500,12.1750,12.0500,12.1600,582442
2018-02-23,12.2400,12.3000,12.0450,12.0500,1473926
2018-02-16,12.3100,12.3600,12.2000,12.2300,3054783
2018-02-09,14.2100,14.2500,11.7700,12.3500,6601746
2018-02-02,14.6600,14.9200,14.1901,14.2900,513287
2018-01-26,14.7500,14.9990,14.6000,14.7500,798391
2018-01-19,15.4000,15.4300,14.6900,15.0200,605602
2018-01-12,15.4400,15.9200,15.0000,15.2800,1100743
2018-01-05,15.1000,15.7700,15.0900,15.4400,626410
2017-12-29,15.2000,15.3100,14.9900,15.2100,441398
2017-12-22,15.3000,15.4000,14.7500,15.1400,715141
2017-12-15,14.5000,15.2800,14.2200,15.2800,1024246
2017-12-08,14.9500,15.0000,14.0100,14.5000,863625
2017-12-01,15.3000,15.3500,14.5868,14.9500,480744
2017-11-24,14.9000,15.5000,14.8200,15.3500,373407
2017-11-17,15.2400,15.2600,14.8200,14.9400,414042
2017-11-10,15.4000,15.4400,14.7700,15.1700,688030
2017-11-03,15.2200,15.4000,14.8800,15.3600,488076
2017-10-27,15.5900,15.7000,14.8600,15.3200,570415
2017-10-20,15.6900,15.7800,15.1310,15.5100,704670
2017-10-13,14.7400,15.7900,14.6600,15.7300,994493
2017-10-06,14.9700,15.3500,14.5852,14.8600,1314636
2017-09-29,14.7400,15.0500,14.4100,15.0300,713579
2017-09-22,14.5700,14.9300,14.2110,14.7600,665293
2017-09-15,14.6600,14.6700,14.2700,14.4900,545518
2017-09-08,14.4000,15.4100,14.0551,14.6600,1052324
2017-09-01,14.6800,14.7450,14.1300,14.4200,592809
2017-08-25,14.3500,14.9100,14.3000,14.7000,439441
2017-08-18,14.2000,14.3800,14.0000,14.3500,654196
2017-08-11,14.5900,14.7843,13.9400,14.1000,906105
2017-08-04,14.7100,14.7700,14.3600,14.4700,785218
2017-07-28,14.4200,14.7500,14.2300,14.7200,1110244
2017-07-21,14.6600,14.8500,14.2900,14.4200,968888
2017-07-14,14.6200,14.9900,14.5566,14.6500,850691
2017-07-07,15.0400,15.0800,14.4400,14.6200,1161957
2017-06-30,14.7000,15.2500,14.3500,15.1300,1811576
2017-06-23,13.5600,14.7000,13.4400,14.6200,1220735
2017-06-16,13.6500,13.8500,13.1300,13.5000,1078451
2017-06-09,13.3800,13.8600,13.3000,13.6100,894529
2017-06-02,13.5500,13.9200,13.4100,13.4500,875265
2017-05-26,13.2500,13.6300,13.2000,13.6100,924330
2017-05-19,13.6000,13.7000,13.0068,13.1800,1271496
2017-05-12,12.7800,13.5300,12.7500,13.5200,1300282
2017-05-05,12.4500,12.9000,12.2500,12.7400,1743122
2017-04-28,12.2500,12.5700,11.9800,12.3600,1669658
2017-04-21,12.2600,12.4700,11.9600,12.1800,1520664
2017-04-13,12.0000,12.5400,11.8500,12.2100,1869734
2017-04-07,13.5700,13.5700,11.5100,11.8800,4360810
2017-03-31,13.2100,13.9850,12.9500,13.5700,2260323
2017-03-24,12.7000,13.0400,12.1500,13.0400,1028443
2017-03-17,12.4800,12.9900,12.4800,12.7000,1344663
2017-03-10,12.9300,13.0000,12.3447,12.4800,1143230
2017-03-03,13.5300,13.6900,12.6580,12.9100,1690902
2017-02-24,13.5000,13.6500,13.3500,13.4800,1058304
2017-02-17,13.8900,14.0000,13.3000,13.4000,1007832
2017-02-10,13.6000,14.0199,13.2900,13.7500,1275574
2017-02-03,13.7100,13.7700,13.2151,13.5650,1485247
2017-01-27,14.2500,14.7700,13.5000,13.6600,2108300
2017-01-20,14.1000,14.4000,13.8700,14.2400,780215
2017-01-13,13.3800,14.4700,13.3700,14.0300,1587604
2017-01-06,13.0200,13.5600,12.8400,13.3800,844629
2016-12-30,13.1200,13.3000,12.8100,12.9800,1518081
2016-12-23,12.5200,13.6244,12.5200,13.1200,1527951
2016-12-16,12.6800,12.8600,12.0400,12.4600,1859585
2016-12-09,12.5000,13.2400,12.5000,12.6900,1236365
2016-12-02,13.5000,13.5954,12.4500,12.4900,1405902
2016-11-25,12.6000,13.7200,12.5400,13.5100,899192
2016-11-18,13.3100,13.3941,12.4400,12.5300,1555098
2016-11-11,14.7000,14.9063,13.1810,13.2400,1842367
2016-11-04,15.6000,15.6900,14.5500,14.5700,1818709
2016-10-28,15.0200,15.6100,14.9800,15.5400,1205974
2016-10-21,14.2900,15.1100,14.2900,15.0650,1377178
2016-10-14,14.1000,14.4500,13.8800,14.2500,838976
2016-10-07,14.5100,14.6400,13.4900,13.9800,1459266
2016-09-30,14.8200,15.0000,14.3100,14.4000,1893204
2016-09-23,14.7000,15.7400,14.5000,14.7900,4319466
2016-09-16,15.6000,15.6000,14.6200,14.6700,1402513
2016-09-09,15.9200,15.9800,15.2600,15.6000,588235
2016-09-02,15.8200,15.9400,15.1700,15.5600,906242
2016-08-26,15.8000,15.9900,15.5000,15.7200,706962
2016-08-19,15.6000,16.2100,15.5800,15.8500,914131
2016-08-12,16.6400,16.8900,15.1500,15.6600,1227624
2016-08-05,16.5200,17.2340,16.2800,16.7400,553463
2016-07-29,17.0100,17.3390,16.3600,16.5300,444255
2016-07-22,15.9000,17.1954,15.7600,16.9000,990483
2016-07-15,16.1000,16.1500,15.5400,15.7400,890395
2016-07-08,16.2500,16.2500,15.5900,15.8100,540414
2016-07-01,14.5600,16.1900,14.3068,16.1400,1319635
2016-06-24,14.4600,15.0000,14.1200,14.5600,730824
2016-06-17,14.1400,14.5200,14.0000,14.2600,831223
2016-06-10,15.1000,15.1700,14.0200,14.2700,831129
2016-06-03,15.0100,15.5892,14.7500,15.0400,589192
2016-05-27,14.6800,15.4072,14.6000,15.1100,562633
2016-05-20,14.1900,14.9900,14.0100,14.7200,989061
2016-05-13,15.0500,15.0500,13.9000,14.2300,950582
2016-05-06,15.6700,16.0800,14.5500,14.9300,577276
2016-04-29,15.9400,16.4900,15.5300,15.7700,1086530
2016-04-22,14.6500,16.1599,14.5000,15.8800,723398
2016-04-15,14.5700,14.9800,14.1900,14.5100,456395
2016-04-08,14.4800,15.1600,13.7700,14.4500,700245
2016-04-01,14.6100,15.0000,13.5400,14.5100,796950
2016-03-24,14.4000,14.8500,13.7500,14.4200,534648
2016-03-18,15.5500,15.8700,14.2000,14.3000,922835
2016-03-11,15.8800,16.1200,15.0700,15.8000,542655
2016-03-04,15.1200,16.1000,14.7600,15.8800,559409
2016-02-26,15.7100,16.3800,14.4600,15.0000,1075802
2016-02-19,14.3900,15.8900,14.2183,15.6900,490630
2016-02-12,16.1000,16.3001,13.7500,14.0300,826555
2016-02-05,16.4800,16.7500,15.3600,16.2000,1035401
2016-01-29,14.6200,16.4700,13.9200,16.4500,1202962
2016-01-22,15.3200,15.3300,13.1800,14.8500,1102971
2016-01-15,16.5300,16.6500,14.7500,15.3300,1338951
2016-01-08,16.0600,16.9299,15.4500,16.5300,1920547
2015-12-31,16.0400,16.4700,15.5900,16.1400,1546747
2015-12-24,15.2500,16.2500,15.2300,15.9100,1673213
2015-12-18,13.0200,15.3899,12.6100,15.2300,3695482
2015-12-11,12.5900,13.3250,12.3500,12.9800,1414746
2015-12-04,12.2000,13.6500,12.1000,12.6700,2177033
2015-11-27,12.0600,12.2900,11.6000,12.1500,881950
2015-11-20,13.0500,13.4300,11.8400,12.0100,1061603
2015-11-13,14.5900,14.7500,12.9100,13.0100,1066109
2015-11-06,13.4000,14.7500,13.3700,14.5800,1684955
2015-10-30,13.5400,13.9000,12.6250,13.4600,2218434
2015-10-23,12.9000,13.7800,12.7696,13.6200,2499793
2015-10-16,13.0800,13.4800,12.4100,12.9000,1143601
2015-10-09,11.7100,13.6850,11.7100,13.0200,1534769
2015-10-02,11.5900,12.0000,10.2600,11.6800,2911709
2015-09-25,13.6400,13.8300,11.4100,11.5700,2591305
2015-09-18,13.5500,13.8650,13.0100,13.6700,2115973
2015-09-11,14.7900,14.9500,12.8800,13.4300,970935
2015-09-04,14.8300,15.4500,14.2501,14.7900,1781181
2015-08-28,14.7500,15.7100,13.4075,14.9100,4107370
2015-08-21,15.7900,16.2100,14.8100,15.5200,1697800
2015-08-14,14.1000,17.6000,13.7000,15.7700,3895663
2015-08-07,15.8600,16.4550,13.7500,14.1000,2580017
2015-07-31,16.3800,17.3000,15.8300,15.9200,2374026
2015-07-24,17.5000,17.8900,16.2600,16.3700,1801013
2015-07-17,18.1000,18.2500,17.2500,17.4000,2292903
2015-07-10,18.0000,19.0000,17.7500,18.0400,2327446
2015-07-02,19.5500,20.3900,17.9800,18.0500,2794966
2015-06-26,20.6400,20.8800,19.6500,19.6900,6554419
