timestamp,open,high,low,close,volume
2018-02-27,23.9600,24.3400,23.7600,23.8100,547137
2018-02-23,24.6000,24.8500,23.5300,23.9500,1128508
2018-02-16,23.3700,25.4100,22.9500,24.7300,1340873
2018-02-09,24.5500,24.8150,22.5000,23.2500,1679152
2018-02-02,24.6600,24.8500,24.1000,24.7600,1325885
2018-01-26,22.9800,25.4500,22.7300,24.8500,2393728
2018-01-19,23.5100,23.5400,22.6000,23.1100,1386379
2018-01-12,22.3900,23.5500,22.0400,23.4100,1868836
2018-01-05,21.4100,22.7000,21.2600,22.4100,1543259
2017-12-29,21.0300,21.6300,20.6250,21.4300,1777553
2017-12-22,22.3700,23.9900,21.0000,21.0450,3392280
2017-12-15,22.0300,22.3700,21.3800,22.2900,1355676
2017-12-08,22.6100,22.8800,22.0000,22.0400,1230620
2017-12-01,22.1600,22.9400,21.6800,22.3600,992353
2017-11-24,21.6800,22.6200,21.6800,22.1700,581089
2017-11-17,21.0200,21.9300,20.8000,21.6800,652473
2017-11-10,21.6000,22.1400,20.9100,21.2000,1089160
2017-11-03,23.2000,23.3600,21.6700,21.6900,1287552
2017-10-27,22.8200,23.3400,22.2800,23.2800,1087389
2017-10-20,23.5300,23.6000,22.1500,22.8300,1255970
2017-10-13,23.9600,24.2000,23.4100,23.5300,1283332
2017-10-06,23.2900,24.6900,22.7100,23.7000,3454587
2017-09-29,20.3600,23.3600,19.6900,23.2500,3201895
2017-09-22,19.4600,20.4400,19.4000,20.4200,992798
2017-09-15,19.0700,19.4800,18.8700,19.3600,1085146
2017-09-08,18.4100,19.3900,18.1600,18.8900,1576740
2017-09-01,18.6500,18.6600,18.1800,18.4700,931202
2017-08-25,17.8600,18.6700,17.5200,18.5200,762807
2017-08-18,18.0800,18.6100,17.8000,17.8900,838822
2017-08-11,18.9500,19.2200,17.9300,17.9900,1261780
2017-08-04,19.3500,19.6500,18.9000,18.9700,1010997
2017-07-28,19.2400,19.6200,19.1200,19.3200,1250905
2017-07-21,19.3700,19.4400,18.9200,19.2600,1377019
2017-07-14,19.5800,19.9000,19.2700,19.3600,1039196
2017-07-07,20.4700,20.4700,19.2600,19.6200,1205947
2017-06-30,20.2200,20.8900,18.8100,20.3300,3695558
2017-06-23,19.4000,20.1900,19.2200,20.1200,1549032
2017-06-16,19.0400,19.8000,18.7100,19.3800,1377969
2017-06-09,19.6100,19.6800,18.9600,19.1300,1319895
2017-06-02,18.6800,19.9000,18.5700,19.6300,870312
2017-05-26,18.6600,19.0000,18.6200,18.7000,734848
2017-05-19,18.5300,19.1000,18.2500,18.5600,1747913
2017-05-12,18.6400,18.9400,18.3300,18.5400,1052953
2017-05-05,17.9600,18.8100,17.7500,18.6600,1873650
2017-04-28,17.8000,18.4900,17.6800,17.9400,2222789
2017-04-21,15.8100,18.3500,15.7100,17.6200,4904058
2017-04-13,16.3100,16.3300,15.6400,15.7200,1020628
2017-04-07,16.7800,16.8300,16.1500,16.2900,1102356
2017-03-31,16.2900,16.9800,16.1100,16.7900,1354315
2017-03-24,17.4500,17.6600,16.4000,16.4400,1586231
2017-03-17,16.5500,17.3900,16.3800,17.3500,1128916
2017-03-10,16.5000,16.7200,16.2400,16.5600,1064229
2017-03-03,15.8600,16.8700,15.8600,16.5500,1769350
2017-02-24,15.4900,15.9300,15.3300,15.9000,857222
2017-02-17,15.4900,15.7000,15.2300,15.4900,967956
2017-02-10,15.1400,15.5100,14.8200,15.4600,1340941
2017-02-03,15.0800,15.2900,14.6400,15.2200,1200839
2017-01-27,14.8000,15.3400,14.5600,15.1900,1311072
2017-01-20,14.9600,14.9800,14.6100,14.8300,890062
2017-01-13,15.0600,15.3300,14.7000,15.0100,1335980
2017-01-06,14.6200,15.6300,14.4900,15.0600,1677678
2016-12-30,14.2900,14.8050,14.2500,14.5000,1845384
2016-12-23,15.3000,15.8900,14.1200,14.3500,4668856
2016-12-16,15.9000,15.9600,15.3100,15.3500,2618670
2016-12-09,14.9700,15.9900,14.9700,15.9100,1759858
2016-12-02,15.5600,15.5700,14.5200,14.9600,1730173
2016-11-25,15.1000,15.7200,14.9000,15.6300,893694
2016-11-18,14.5900,15.2300,14.5201,15.1000,1748112
2016-11-11,12.9100,14.5600,12.9000,14.4900,2061672
2016-11-04,12.7600,12.9900,12.1255,12.7400,2317100
2016-10-28,13.5100,13.6500,12.7700,12.8300,1451099
2016-10-21,13.7000,13.7952,13.0700,13.3900,2698919
2016-10-14,14.0800,14.2900,13.6700,13.7600,2732693
2016-10-07,13.9200,14.1100,13.5000,14.0500,4248881
2016-09-30,16.3600,16.6700,13.7500,13.9500,8888520
2016-09-23,15.2500,16.4100,15.1700,16.3600,1710712
2016-09-16,14.9400,15.4000,14.9300,15.1800,1421507
2016-09-09,15.0000,15.3300,14.8550,15.0600,1311343
2016-09-02,14.5600,15.0100,14.4600,15.0000,1332806
2016-08-26,14.8400,15.0400,14.3901,14.5500,1520510
2016-08-19,15.4900,15.6300,14.4200,14.8200,2010682
2016-08-12,15.1500,15.7100,15.1400,15.5100,2238288
2016-08-05,14.3400,15.6100,14.2500,15.1700,3177343
2016-07-29,14.0200,14.7200,13.9600,14.2000,1585233
2016-07-22,14.2300,14.4200,13.9100,14.0800,1661738
2016-07-15,14.2700,14.7500,14.1600,14.2600,1940758
2016-07-08,14.5000,14.5700,13.5800,14.2500,2105560
2016-07-01,14.0500,15.0700,13.0100,14.5400,4272704
2016-06-24,14.7600,15.0000,14.1300,14.1700,2677423
2016-06-17,14.6500,14.7700,14.2650,14.6200,1469135
2016-06-10,14.9100,15.2500,14.5801,14.6800,1240859
2016-06-03,14.9900,15.1200,14.7400,14.9200,1351208
2016-05-27,14.6000,15.1864,14.5100,14.9100,1831740
2016-05-20,14.4100,14.5900,14.1100,14.5600,1328111
2016-05-13,15.1100,15.4200,14.3900,14.4800,1611474
2016-05-06,15.0700,15.0700,14.1100,14.4700,2134540
2016-04-29,15.4700,15.7300,14.8100,14.9700,2506754
2016-04-22,17.3900,17.5298,14.6300,15.4200,8508472
2016-04-15,17.6000,17.7100,17.0700,17.3800,2045537
2016-04-08,17.7900,18.0100,17.4100,17.5400,1674245
2016-04-01,17.2700,18.0100,17.0400,17.8500,1969085
2016-03-24,19.4300,19.6700,16.5601,17.3100,3759909
2016-03-18,18.1900,19.4900,18.1900,19.4800,1507795
2016-03-11,18.7200,18.8700,17.7000,18.2500,948933
2016-03-04,17.6400,18.8400,17.6000,18.7100,1592347
2016-02-26,17.7100,18.0300,16.9600,17.7100,1040224
2016-02-19,17.0000,18.0600,16.6000,17.6400,1457289
2016-02-12,16.4200,16.7800,15.5600,16.6800,1598131
2016-02-05,16.8700,18.1600,16.5400,16.6500,2608604
2016-01-29,17.8000,17.9000,16.4900,17.0000,1706262
2016-01-22,17.5600,17.9200,16.4100,17.9000,1360949
2016-01-15,18.3900,18.6700,16.8101,17.4700,2015358
2016-01-08,19.6700,20.4900,18.3400,18.4000,1988300
2015-12-31,20.7200,20.8900,19.7500,19.9300,1371387
2015-12-24,19.0400,21.3499,18.4300,20.8100,2546333
2015-12-18,20.3700,20.3700,18.5500,18.9400,1915942
2015-12-11,18.9400,20.7000,18.4500,20.4000,2685575
2015-12-04,18.4500,18.8100,18.1100,18.7800,1195119
2015-11-27,18.6200,19.0900,17.9400,18.4100,1004575
2015-11-20,18.5800,19.2900,18.2200,18.6200,1257581
2015-11-13,19.1700,19.1700,17.9100,18.5800,1380145
2015-11-06,18.9500,19.6800,18.8500,19.1900,1505254
2015-10-30,19.6100,19.6800,18.6500,18.9600,1597701
2015-10-23,19.8900,20.0499,19.0500,19.5600,1600613
2015-10-16,19.8500,20.1399,19.2401,19.9900,1652337
2015-10-09,18.4100,20.1500,18.2001,19.8400,3426635
2015-10-02,16.1800,18.3400,15.1200,18.2000,6062070
2015-09-25,17.2300,17.2500,16.0900,16.3500,1482165
2015-09-18,16.0000,17.3200,15.9800,17.0900,2888578
2015-09-11,16.1100,16.4900,15.7700,15.9800,1131429
2015-09-04,16.5500,16.6200,15.7600,15.8800,2154220
2015-08-28,14.8000,16.6100,14.0100,16.5900,2105914
2015-08-21,16.5400,16.6900,15.6100,15.7100,1917424
2015-08-14,16.4300,16.7900,15.6816,16.5900,1396059
2015-08-07,17.1100,17.1691,16.1800,16.3700,2219627
2015-07-31,17.5500,17.7790,17.0600,17.1100,2578449
2015-07-24,18.9300,19.0000,17.6600,17.6800,1783321
2015-07-17,19.1900,19.6000,18.8000,18.9900,1446579
2015-07-10,19.3800,19.5800,18.7870,19.1300,2319259
2015-07-02,18.1400,20.2700,17.5000,19.4600,5465924
2015-06-26,19.9500,20.0000,18.0500,18.2800,2952902
2015-06-19,19.2100,19.9200,19.0600,19.8200,1758875
2015-06-12,19.2500,19.7500,19.0300,19.3600,3005370
2015-06-05,19.8500,20.2000,18.9100,19.2800,4240879
2015-05-29,20.4800,20.5300,19.6600,19.7400,1403593
2015-05-22,19.3600,20.5800,19.3100,20.5300,2325920
2015-05-15,19.5000,19.9000,19.1500,19.3600,1865452
2015-05-08,19.7100,20.1600,19.5400,19.5600,2468039
2015-05-01,20.3500,20.9500,19.0600,19.7600,5430167
2015-04-24,16.4600,21.8200,16.0430,20.3400,11182777
2015-04-17,17.0200,17.2800,16.1850,16.4300,2703268
2015-04-10,16.5300,17.1800,16.2900,16.9400,1867210
2015-04-02,16.5900,17.1290,16.1300,16.6900,2257023
2015-03-27,17.4400,17.6900,16.1300,16.4500,2179373
2015-03-20,17.9500,18.0900,17.2600,17.5400,2144704
2015-03-13,18.5800,19.0800,17.8600,18.0200,1578361
2015-03-06,19.1300,19.5800,18.5200,18.5800,1741392
2015-02-27,18.6600,19.4700,18.0900,19.1500,2091333
2015-02-20,18.5300,19.0000,18.4200,18.8000,1065527
2015-02-13,18.1200,18.8000,18.0400,18.5500,1139141
2015-02-06,17.8000,19.0800,17.3250,18.2200,2708646
2015-01-30,17.6500,18.3500,17.4100,17.9100,3603143
2015-01-23,16.6700,17.7100,16.5100,17.6500,2455817
2015-01-16,17.4200,17.8100,15.3200,16.5700,2730500
2015-01-09,18.2300,18.3800,16.7000,17.4400,2663518
2015-01-02,17.5100,18.7000,17.4000,18.3500,2585867
2014-12-26,19.6300,20.0000,17.3300,17.5600,5610590
2014-12-19,19.3900,20.0000,18.7500,19.6200,2812214
2014-12-12,19.2500,20.0000,18.7500,19.2000,2206173
2014-12-05,18.6900,19.4150,18.0300,19.2100,1953866
2014-11-28,17.9800,19.0900,17.8500,18.6900,1558593
2014-11-21,19.2300,19.3393,17.4000,17.7700,2238064
2014-11-14,19.6700,19.7000,18.8500,19.2600,1959496
2014-11-07,19.2300,19.7200,18.6700,19.7000,2152673
2014-10-31,18.1300,19.5000,17.6000,19.2800,2453611
2014-10-24,17.7300,18.8400,17.5080,18.3600,2554949
2014-10-17,17.1800,18.3400,15.5100,17.7600,4512305
2014-10-10,17.1200,20.7700,16.4200,17.1800,12911287
2014-10-03,17.7000,18.3700,16.0300,17.0300,4515976
2014-09-26,18.7000,18.7563,17.5600,17.9100,2434933
2014-09-19,20.2200,20.3000,18.5800,18.8200,2928700
2014-09-12,19.3400,20.8400,19.3311,20.1800,2527100
2014-09-05,19.3000,19.5770,18.9000,19.3300,1739900
2014-08-29,18.8400,19.5450,18.7700,19.2800,2074100
2014-08-22,17.5600,18.9100,17.4120,18.6700,2103800
2014-08-15,18.0300,18.3500,17.2500,17.4200,2277500
2014-08-08,17.3600,18.4800,17.3000,18.0200,2604800
2014-08-01,17.2300,17.6700,16.8000,17.3000,2771000
2014-07-25,17.9400,18.1700,17.0100,17.2300,2879200
2014-07-18,17.9400,18.2400,16.5734,18.0700,5311400
2014-07-11,19.7400,19.9400,17.2110,17.7000,5955500
2014-07-03,21.4900,22.3600,18.5900,19.7300,10938400
2014-06-27,20.1500,21.4500,20.0200,21.1100,3752200
2014-06-20,19.4800,20.7000,19.3200,20.0000,2543400
2014-06-13,19.0300,19.9100,19.0000,19.5100,3530300
2014-06-06,19.2400,19.3980,17.8100,18.9600,3318500
2014-05-30,18.5000,19.8900,18.3302,19.1000,3678600
2014-05-23,17.2600,18.2850,17.0600,18.2300,3067600
2014-05-16,15.4600,17.7000,15.3400,17.2800,5466000
2014-05-09,17.7000,17.8420,14.7400,15.2800,5405400
2014-05-02,18.9400,18.9600,17.1700,17.9600,6708700
2014-04-25,24.7600,26.0400,18.4100,18.6200,9281100
2014-04-17,24.1700,25.0600,22.3300,24.5600,3287200
2014-04-11,25.1100,26.1490,23.2200,23.5600,5631400
2014-04-04,27.0200,28.7200,25.1200,25.3000,5052000
2014-03-28,29.0000,29.3890,25.3100,26.5400,6538800
2014-03-21,32.4100,33.7200,28.0000,28.8500,5237600
2014-03-14,33.7100,34.4700,31.4218,32.0900,2896100
2014-03-07,31.5700,34.8500,30.8000,33.6900,3707500
2014-02-28,31.4200,33.1200,31.0600,32.0400,3123200
2014-02-21,29.3500,32.0200,29.0400,31.1500,3776400
2014-02-14,29.8100,30.2220,28.6000,28.9500,3458300
2014-02-07,29.5000,30.1000,26.5000,28.8000,4951700
2014-01-31,30.2700,30.7500,28.3000,29.4800,4288800
2014-01-24,31.8800,33.5940,30.1000,30.5000,4382900
2014-01-17,29.7500,32.3500,28.0100,31.2400,4688300
2014-01-10,27.9100,31.4000,27.2500,29.8000,4844200
2014-01-03,26.5900,28.2200,26.2500,27.5600,3263000
2013-12-27,29.6700,29.7400,24.5800,26.2600,6064800
2013-12-20,24.8400,28.4300,23.9900,28.2700,3759200
2013-12-13,24.0900,25.2299,23.4300,24.3500,2332400
2013-12-06,25.0600,25.2500,23.7700,23.9000,1885500
2013-11-29,25.0000,26.3500,24.4750,24.9400,1888800
2013-11-22,24.9100,25.6900,23.2000,24.7400,1749200
2013-11-15,22.7900,24.7494,22.6000,24.6300,1858300
2013-11-08,23.5000,24.7000,21.0200,22.7900,2287700
2013-11-01,24.6200,24.9280,23.2500,23.3500,1874800
2013-10-25,26.0000,26.0000,24.0000,24.5600,1582300
2013-10-18,23.2300,26.1400,23.0200,26.0000,3622300
2013-10-11,23.2000,24.5800,21.8100,23.7800,3884100
2013-10-04,16.9800,23.3400,16.5400,23.2100,6590500
2013-09-27,17.1100,17.5000,16.4500,17.0900,791200
2013-09-20,17.3800,17.4500,16.8500,17.1700,1083000
2013-09-13,17.0500,17.4900,16.8700,17.1400,1001100
2013-09-06,16.5800,17.8764,16.5000,17.0200,1359700
2013-08-30,16.3300,16.7145,15.9600,16.3900,1357200
2013-08-23,15.4800,16.3500,15.1500,16.2700,1177100
2013-08-16,15.6700,16.1000,15.0000,15.4300,1035000
2013-08-09,15.5700,16.5000,15.5000,15.7700,1163000
2013-08-02,15.0100,16.0000,14.7100,15.6300,1417800
2013-07-26,15.0200,15.2600,14.7200,15.0300,1040800
2013-07-19,15.9000,16.0000,14.9100,15.0200,1396700
2013-07-12,15.5000,16.4700,15.3800,15.8100,2363200
2013-07-05,14.8100,15.4700,14.6800,15.4600,1836000
2013-06-28,13.3100,15.0000,13.2400,14.6000,7237700
2013-06-21,13.4800,13.8800,13.0900,13.4250,1589700
2013-06-14,13.1900,13.9499,13.0500,13.3000,1116300
2013-06-07,13.1800,13.9800,12.8500,13.0900,1367600
2013-05-31,12.8200,13.6300,12.6000,13.1700,1236800
2013-05-24,12.2400,12.6800,12.0100,12.5500,1282200
2013-05-17,12.1900,12.4400,12.0100,12.3000,920300
2013-05-10,12.0000,12.4000,11.7901,12.2700,1378900
2013-05-03,10.8000,12.1397,10.6200,12.0100,2480200
2013-04-26,9.5700,10.8800,9.3000,10.7000,1926200
2013-04-19,9.6700,10.0400,9.2600,9.5200,1219100
2013-04-12,10.2300,10.3800,9.7121,9.7750,872900
2013-04-05,10.9900,11.1700,9.7200,10.1600,1292400
2013-03-28,10.7500,11.2700,10.5200,10.9700,961500
2013-03-22,10.5300,10.8600,10.2600,10.6900,1117900
2013-03-15,10.9300,11.0400,10.5800,10.6900,1363500
2013-03-08,10.7200,11.3600,10.6601,10.9700,1539700
2013-03-01,11.4400,11.5000,10.5000,10.8500,3530000
2013-02-22,9.7900,10.8500,9.7800,10.8300,2088800
2013-02-15,9.2000,10.3300,8.9600,9.6900,5262200
2013-02-08,9.0000,9.5200,8.7500,9.3700,1701900
2013-02-01,8.4000,8.9090,8.1530,8.8400,1259600
2013-01-25,8.4200,8.5400,8.2700,8.3500,473700
2013-01-18,8.1000,8.4400,8.0100,8.4100,715100
2013-01-11,8.5700,8.5700,7.9700,8.1300,929100
2013-01-04,8.0300,8.7400,8.0300,8.6600,985600
2012-12-28,8.1800,8.2500,7.6500,8.0498,704800
2012-12-21,8.4100,8.6700,8.0400,8.2000,1294200
2012-12-14,8.3100,8.4800,8.1300,8.3700,593600
2012-12-07,8.6400,8.8100,7.9100,8.2800,832000
2012-11-30,8.4900,8.9200,8.3100,8.6700,830900
2012-11-23,8.3500,8.5100,8.2700,8.5100,530800
2012-11-16,8.3900,8.6000,8.1100,8.2800,1049400
2012-11-09,8.3500,9.4200,8.0700,8.3400,1389600
2012-11-02,8.8400,9.0660,8.3500,8.3600,791800
2012-10-26,8.9100,9.1000,8.3600,8.8000,1255900
2012-10-19,9.1300,9.6700,8.9100,8.9496,1245100
2012-10-12,9.6800,9.7200,8.8800,9.1000,1603600
2012-10-05,8.2100,9.7200,8.2100,9.6800,2602000
2012-09-28,7.4000,8.6300,7.0450,8.2100,3896900
2012-09-21,7.4200,7.6000,7.1900,7.5200,800300
2012-09-14,7.6600,7.9200,7.0100,7.4600,1060900
2012-09-07,7.6100,8.2300,7.5000,7.6400,1220300
2012-08-31,6.8300,7.6000,6.7700,7.6000,693800
2012-08-24,6.9400,6.9500,6.4900,6.8100,669500
2012-08-17,7.2300,7.2300,6.6900,6.9700,825700
2012-08-10,7.4200,7.7000,7.1700,7.2100,787300
2012-08-03,7.4100,7.6500,7.1381,7.3900,789000
2012-07-27,7.2000,7.5400,6.9300,7.5400,1138600
2012-07-20,7.9200,8.1100,7.0900,7.3000,1264500
2012-07-13,7.5300,8.1300,7.4000,7.9800,1549500
2012-07-06,7.2700,7.8910,7.0700,7.5700,1436900
2012-06-29,7.8800,8.5500,7.0000,7.3300,3711800
2012-06-22,7.5000,8.1700,7.4700,7.9800,6362600
2012-06-15,6.9500,7.5000,6.8800,7.4700,1826400
2012-06-08,6.1000,7.0000,5.8000,6.8100,1641200
2012-06-01,6.0300,6.3700,5.9500,6.1000,573300
2012-05-25,6.1300,6.5899,5.9100,6.0200,727100
2012-05-18,6.5000,6.7900,6.0700,6.1400,1098200
2012-05-11,6.0000,6.6000,5.9000,6.5000,904500
2012-05-04,5.6600,6.1790,5.6200,6.0100,951200
2012-04-27,5.4500,5.7400,4.9320,5.7000,867800
2012-04-20,5.2300,5.7400,5.2300,5.4600,686900
2012-04-13,5.0900,5.3900,4.9500,5.2100,411600
2012-04-05,4.8600,5.3800,4.8200,5.1100,473200
2012-03-30,4.9200,5.0100,4.6000,4.8500,398700
2012-03-23,4.9300,5.0600,4.8400,4.9000,345600
2012-03-16,4.7400,4.9300,4.6200,4.9300,433400
2012-03-09,4.4500,4.7900,4.1710,4.7500,880700
2012-03-02,4.1400,4.5200,4.1400,4.4800,370700
2012-02-24,4.1500,4.2100,4.0000,4.1800,362300
2012-02-17,4.3100,4.3200,4.0800,4.1900,785400
2012-02-10,4.5300,4.6300,4.1500,4.2900,322600
2012-02-03,4.6400,4.7700,4.4900,4.5600,279700
2012-01-27,4.4600,4.7700,4.4200,4.6700,434500
2012-01-20,4.7400,4.7600,4.4100,4.4200,364600
2012-01-13,4.3200,4.7900,4.2200,4.7200,564100
2012-01-06,4.2600,4.3900,4.1900,4.3300,409100
2011-12-30,4.1700,4.3700,4.1000,4.2400,817000
2011-12-23,4.5900,5.1400,4.0446,4.2100,1996100
2011-12-16,4.3300,4.7999,4.0390,4.5500,679600
2011-12-09,4.0600,4.7300,4.0500,4.3100,979200
2011-12-02,4.1900,4.2700,4.0100,4.0500,299700
2011-11-25,4.1800,4.3400,4.0500,4.1200,244700
2011-11-18,3.8300,4.4900,3.6000,4.1900,894700
2011-11-11,3.6200,3.9000,3.4600,3.8800,353700
2011-11-04,3.6200,3.7300,3.4200,3.6600,216600
2011-10-28,3.6700,3.8500,3.6000,3.6900,316500
2011-10-21,3.5800,3.7500,3.4600,3.6600,418700
2011-10-14,3.0600,3.6900,3.0600,3.6100,711500
2011-10-07,3.2000,3.2100,3.0100,3.1000,432400
2011-09-30,2.6600,3.2800,2.6000,3.2100,812800
2011-09-23,3.1000,3.1000,2.6300,2.7000,261500
2011-09-16,3.0000,3.1600,2.8200,3.1500,480200
2011-09-09,2.9500,3.0900,2.8900,3.0100,246500
2011-09-02,3.0000,3.1400,2.9100,2.9700,405400
2011-08-26,3.1200,3.1300,2.8900,3.0100,238900
2011-08-19,2.9400,3.0500,2.8281,3.0300,457500
2011-08-12,2.7600,3.1710,2.7000,2.9700,1398000
2011-08-05,3.8200,3.8200,2.8900,3.1800,1412700
2011-07-29,3.7500,3.9700,3.5900,3.7700,1533200
2011-07-22,3.8800,3.9000,3.6500,3.7700,471400
2011-07-15,3.8600,3.9700,3.6300,3.8500,1038700
2011-07-08,3.6800,3.9800,3.5000,3.8500,2092000
2011-07-01,3.0000,3.7900,2.9400,3.6800,1497900
2011-06-24,3.1200,3.1500,2.9600,3.1200,282300
2011-06-17,3.2200,3.2500,3.0600,3.1500,190000
2011-06-10,3.2500,3.2800,3.1100,3.1900,297000
2011-06-03,3.2900,3.3600,3.1600,3.2400,426800
2011-05-27,3.2000,3.3000,3.0100,3.2900,252800
2011-05-20,3.2000,3.2200,2.9500,3.2000,818100
2011-05-13,3.0400,3.2700,2.9300,3.1700,627100
2011-05-06,3.1500,3.1800,2.9000,3.0600,654200
2011-04-29,3.1500,3.3400,3.0900,3.1700,351200
2011-04-21,3.0600,3.2200,3.0000,3.1900,311000
2011-04-15,3.3100,3.3100,3.0600,3.1000,186100
2011-04-08,3.2600,3.3500,3.1700,3.3000,188200
2011-04-01,3.1800,3.3800,3.1700,3.2700,250200
2011-03-25,3.0900,3.2400,3.0500,3.2100,276400
2011-03-18,3.0300,3.1200,2.9600,3.0900,211100
2011-03-11,3.0600,3.0900,2.9200,3.0300,250300
2011-03-04,3.0800,3.1500,3.0100,3.0700,519300
2011-02-25,3.1900,3.1900,3.0300,3.1001,374000
2011-02-18,3.0800,3.2600,3.0500,3.2000,422500
2011-02-11,3.0900,3.2000,3.0800,3.0900,540000
2011-02-04,3.0400,3.2500,3.0400,3.1100,293000
2011-01-28,3.0500,3.1500,3.0000,3.0710,165400
2011-01-21,3.3500,3.3500,3.0100,3.0699,249100
2011-01-14,3.0300,3.3900,3.0100,3.3200,1010400
2011-01-07,3.1300,3.1900,2.6700,3.0100,708800
2010-12-31,3.0700,3.1600,3.0300,3.1400,301900
2010-12-23,3.0000,3.2300,3.0000,3.1200,146500
2010-12-17,2.7800,3.0900,2.7800,3.0800,281600
2010-12-10,2.6100,2.9200,2.5900,2.8100,326200
2010-12-03,2.5900,2.6800,2.4600,2.5900,159500
2010-11-26,2.6600,2.6899,2.5700,2.5900,85600
2010-11-19,2.6000,2.7400,2.5781,2.6500,164900
2010-11-12,2.5900,2.6500,2.5500,2.5600,143700
2010-11-05,2.4200,2.7700,2.3700,2.5900,401000
2010-10-29,2.4500,2.5000,2.3500,2.4450,286100
2010-10-22,2.5300,2.5300,2.3700,2.4200,240900
2010-10-15,2.5000,2.5300,2.3400,2.5100,293000
2010-10-08,2.6300,3.0000,2.4500,2.4500,1086300
2010-10-01,2.5500,2.6399,2.5500,2.5900,187600
2010-09-24,2.5500,2.5600,2.4500,2.5500,135300
2010-09-17,2.4400,2.6000,2.4400,2.5500,72100
2010-09-10,2.5000,2.5500,2.4300,2.4300,76700
2010-09-03,2.5400,2.6300,2.4300,2.5500,173900
2010-08-27,2.5000,2.6300,2.4100,2.5800,474600
2010-08-20,2.4700,2.5500,2.4200,2.5200,159900
2010-08-13,2.4400,2.6300,2.3000,2.4100,280700
2010-08-06,2.3000,2.4600,2.2810,2.4500,168300
2010-07-30,2.3600,2.4700,2.2500,2.2800,150200
2010-07-23,2.4100,2.4500,2.2500,2.3800,154300
2010-07-16,2.3800,2.6800,2.3100,2.4200,390800
2010-07-09,2.0300,2.4500,2.0300,2.3700,505200
2010-07-02,2.2700,2.2700,2.0000,2.0200,389800
2010-06-25,2.4400,2.4400,2.2300,2.2600,522700
2010-06-18,2.3200,2.4200,2.2500,2.3900,345600
2010-06-11,2.2200,2.3600,2.1400,2.2900,337900
2010-06-04,2.2500,2.4400,2.1700,2.2200,341400
2010-05-28,2.2000,2.3100,2.1200,2.2500,781900
2010-05-21,2.5000,2.5200,2.0550,2.1700,663200
2010-05-14,2.1800,2.6700,2.0000,2.4900,1237400
2010-05-07,2.8700,2.9600,1.9600,2.1100,1863200
2010-04-30,3.2600,3.2600,2.8400,2.8500,611000
2010-04-23,3.1000,3.3200,3.0800,3.2000,495200
2010-04-16,3.0700,3.2000,2.9700,3.1000,399800
2010-04-09,2.9800,3.6000,2.9600,3.0900,1134600
2010-04-01,2.7800,2.8700,2.7200,2.7600,251900
2010-03-26,2.8500,2.9800,2.7500,2.8000,242700
2010-03-19,2.8400,2.9000,2.7200,2.8800,508900
2010-03-12,2.9400,2.9400,2.7500,2.8300,650400
2010-03-05,2.8200,3.0000,2.7800,2.9300,189700
2010-02-26,2.8200,2.9000,2.6300,2.8100,320500
2010-02-19,2.8900,3.1400,2.8400,2.8400,344200
2010-02-12,2.6400,2.8500,2.6100,2.8500,531800
2010-02-05,2.9000,2.9800,2.4600,2.6800,680600
2010-01-29,2.9900,3.1900,2.9000,2.9000,744900
2010-01-22,3.3400,3.3800,2.8000,3.0000,936200
2010-01-15,3.5200,3.7200,3.2000,3.3300,445300
2010-01-08,3.4900,3.7700,3.2700,3.5400,959300
2009-12-31,3.2700,3.4700,3.1500,3.4400,266500
2009-12-24,2.8800,3.2300,2.8800,3.2299,400800
2009-12-18,3.2500,3.2500,2.8800,2.8800,503300
2009-12-11,3.5500,3.6200,3.0200,3.2400,287100
2009-12-04,3.4100,3.7500,3.4100,3.5700,387400
2009-11-27,3.1500,3.6100,3.0000,3.4000,359200
2009-11-20,3.3400,3.3400,3.0700,3.1500,330600
2009-11-13,3.0700,3.3700,2.9101,3.2801,559500
2009-11-06,3.1700,3.3000,2.8500,3.0600,757400
2009-10-30,3.5000,3.6000,2.9200,3.1100,1175800
2009-10-23,3.3300,3.4900,3.1506,3.4900,924500
2009-10-16,2.8000,3.4800,2.6500,3.3300,1731900
2009-10-09,2.6600,2.8400,2.0600,2.7800,1450200
2009-10-02,2.8300,2.9000,2.6100,2.6900,279200
2009-09-25,2.9300,2.9800,2.6000,2.8200,415100
2009-09-18,2.3800,3.0100,2.3800,2.9900,968800
2009-09-11,2.2400,2.3800,2.2200,2.3782,228500
2009-09-04,2.1000,2.2400,1.9100,2.2040,240300
2009-08-28,2.2100,2.2700,2.0800,2.1200,367900
2009-08-21,1.8400,2.2400,1.7500,2.1600,553800
2009-08-14,1.7400,1.8401,1.7000,1.8200,197800
2009-08-07,1.8000,1.8600,1.5900,1.7900,328600
2009-07-31,1.5601,1.8600,1.5601,1.8260,370400
2009-07-24,1.2400,1.7700,1.2400,1.5600,898600
2009-07-17,0.9700,1.2500,0.9120,1.1901,937300
2009-07-10,0.8400,1.0800,0.8270,1.0000,708500
2009-07-02,0.7500,0.8200,0.7500,0.7900,216700
2009-06-26,0.9700,0.9700,0.7100,0.7100,355600
2009-06-19,1.0100,1.0700,0.9500,0.9700,129300
2009-06-12,0.9700,1.0300,0.9700,1.0000,484800
2009-06-05,1.0500,1.0700,0.9750,0.9900,218900
2009-05-29,0.9900,1.0700,0.9700,1.0500,181700
2009-05-22,0.9000,1.1800,0.8800,1.0600,511700
2009-05-15,0.8500,1.2200,0.7900,0.8599,667700
2009-05-08,0.8000,0.9000,0.8000,0.9000,198400
2009-05-01,0.8000,0.8000,0.7501,0.8000,107900
2009-04-24,0.8000,0.8301,0.7200,0.7800,115400
2009-04-17,0.8000,0.8600,0.7800,0.7901,136600
2009-04-09,0.6500,0.8900,0.5770,0.8800,299500
2009-04-03,0.5601,0.6600,0.5100,0.6097,199600
2009-03-27,0.5800,0.6000,0.5500,0.5600,105100
2009-03-20,0.4576,0.6000,0.4576,0.6000,163800
2009-03-13,0.3900,0.4500,0.3700,0.4100,288300
2009-03-06,0.5000,0.5200,0.3900,0.3900,197600
2009-02-27,0.6200,0.7000,0.4700,0.5000,355000
2009-02-20,0.6702,0.7100,0.5900,0.6100,253000
2009-02-13,0.6900,0.8000,0.6610,0.6616,328500
2009-02-06,0.9200,0.9200,0.6900,0.7000,782600
2009-01-30,0.7201,1.1400,0.7100,0.9700,343500
2009-01-23,0.7000,0.7400,0.6500,0.6800,381100
2009-01-16,0.6500,0.6799,0.5500,0.6500,1754400
2009-01-09,0.6100,0.7500,0.5100,0.6500,946600
2009-01-02,0.4600,0.4800,0.4100,0.4300,297500
2008-12-26,0.4700,0.5500,0.4500,0.4800,212700
2008-12-19,0.5200,0.5500,0.4600,0.5000,167100
2008-12-12,0.7300,0.7300,0.4100,0.5100,278700
2008-12-05,0.6300,0.6700,0.4800,0.6300,185400
2008-11-28,0.5861,0.6600,0.5000,0.6501,127000
2008-11-21,0.7250,0.7600,0.4600,0.5700,126800
2008-11-14,0.8500,0.8500,0.7500,0.7899,86100
2008-11-07,0.8300,0.9900,0.8000,0.8100,240400
2008-10-31,1.0050,1.5000,0.7000,0.7800,253000
2008-10-24,0.9500,1.1400,0.7900,0.7900,187600
2008-10-17,0.9900,1.2200,0.8500,0.9900,174400
2008-10-10,1.4900,1.5000,0.8000,0.9300,250800
2008-10-03,1.4400,1.4800,1.1400,1.4000,212600
2008-09-26,1.9899,2.0386,1.4500,1.5000,162900
2008-09-19,1.9100,1.9900,1.8700,1.9800,74500
2008-09-12,1.9500,2.0300,1.8600,2.0000,116400
2008-09-05,2.0600,2.1300,1.9300,2.0100,54200
2008-08-29,1.9800,2.1600,1.9600,2.0000,73400
2008-08-22,2.0649,2.1800,1.9000,2.0500,141300
2008-08-15,2.0800,2.2300,1.9700,2.0649,140200
2008-08-08,2.1800,2.2100,1.9900,1.9900,54400
2008-08-01,2.1600,2.3500,2.1400,2.2700,86600
2008-07-25,1.9500,2.2500,1.8876,2.1121,125500
2008-07-18,1.9400,2.0000,1.6700,1.9800,193200
2008-07-11,1.9100,2.0300,1.7800,1.9000,174800
2008-07-03,2.0500,2.4500,1.9000,1.9400,155000
2008-06-27,2.3400,2.3601,2.0200,2.0200,238700
2008-06-20,2.4800,2.5000,2.2600,2.2600,98300
2008-06-13,2.5000,2.6000,2.4500,2.4700,131500
2008-06-06,2.5300,2.6000,2.4800,2.5300,205200
2008-05-30,2.5300,2.5400,2.4300,2.5100,88800
2008-05-23,2.5500,2.6100,2.4900,2.5100,122800
2008-05-16,2.6500,2.6500,2.5500,2.5800,114400
2008-05-09,2.5100,2.6200,2.4100,2.6200,201700
2008-05-02,2.5200,2.6300,2.5000,2.5200,64900
2008-04-25,2.8500,2.8500,2.4300,2.5180,239300
2008-04-18,3.1400,3.1800,2.6700,2.8600,788400
2008-04-11,3.1000,3.4400,3.0400,3.2100,231100
2008-04-04,2.7100,3.1000,2.6900,3.1000,94600
2008-03-28,2.8400,2.9100,2.7000,2.7300,155900
2008-03-20,2.7700,2.8700,2.7000,2.7000,72100
2008-03-14,2.9400,2.9900,2.6700,2.7700,121300
2008-03-07,2.7600,3.1100,2.6800,2.9700,152500
2008-02-29,2.7492,2.9400,2.6700,2.7300,203800
2008-02-22,2.8400,2.8400,2.6400,2.7600,72900
2008-02-15,2.6600,2.8500,2.5200,2.7600,152600
2008-02-08,2.9000,2.9300,2.6000,2.6300,148200
2008-02-01,2.7300,3.1100,2.7275,2.9300,469700
2008-01-25,2.4500,2.9600,2.3700,2.7600,541600
2008-01-18,2.4600,2.7900,2.3100,2.4800,610800
2008-01-11,2.5200,2.5700,2.1500,2.3900,603300
2008-01-04,2.8000,2.8500,2.5900,2.6200,337600
2007-12-28,2.8600,2.9400,2.8000,2.8300,245800
2007-12-21,2.6600,2.9900,2.6500,2.8600,570700
2007-12-14,2.5200,2.8700,2.5000,2.5600,461700
2007-12-07,2.6000,2.7000,2.4500,2.5400,321600
2007-11-30,2.6000,2.7500,2.4100,2.5800,363400
2007-11-23,2.9700,3.0200,2.2400,2.6100,675600
2007-11-16,3.1800,3.1800,2.9500,2.9700,532000
2007-11-09,3.4600,3.5900,3.1600,3.1700,658800
2007-11-02,3.7800,3.8600,3.4100,3.5000,288800
2007-10-26,3.4100,3.8100,3.4000,3.8000,483600
2007-10-19,3.8700,3.8700,3.3200,3.3900,1476500
2007-10-12,3.4100,4.5000,3.4100,3.8700,1970300
2007-10-05,3.4600,3.5300,3.3600,3.4300,527300
2007-09-28,3.5700,3.5700,3.4100,3.4500,302800
2007-09-21,3.7500,3.7500,3.4000,3.6000,326300
2007-09-14,3.6700,3.7500,3.2800,3.7300,730000
2007-09-07,3.8000,3.8100,3.5400,3.6400,323200
2007-08-31,3.7200,3.8400,3.6700,3.7800,277800
2007-08-24,3.8000,3.9800,3.7000,3.7200,489000
2007-08-17,3.7000,4.1300,3.6400,3.8000,739600
2007-08-10,4.1500,4.2700,3.6100,3.6550,1574000
2007-08-03,4.3300,4.8000,4.0900,4.1500,1386000
2007-07-27,3.8100,4.3400,3.6200,4.3299,2463100
2007-07-20,3.7800,4.0500,3.6100,3.7400,1152500
2007-07-13,3.9100,3.9700,3.5500,3.8100,2109600
2007-07-06,4.1700,4.1700,3.8090,3.8900,1268900
2007-06-29,4.7200,4.8000,4.0900,4.1300,2143700
2007-06-22,4.8400,4.8500,4.6700,4.6900,3117200
2007-06-15,4.7000,4.8600,4.5200,4.8200,1499700
2007-06-08,4.7000,4.8200,4.4500,4.7200,1187200
2007-06-01,4.4800,4.7000,4.3300,4.6800,1145600
2007-05-25,4.9000,4.9200,4.2500,4.4400,3136600
2007-05-18,8.0500,8.0800,4.8000,4.8500,4641700
2007-05-11,8.5400,8.5700,7.5400,8.0600,465400
2007-05-04,8.7500,8.8000,8.1600,8.5200,466900
2007-04-27,8.9900,9.1800,8.7200,8.7500,325800
2007-04-20,9.0300,9.5000,8.9100,9.0000,411100
2007-04-13,8.9800,9.0100,8.8300,9.0000,205200
2007-04-05,8.6400,9.0900,8.6400,8.9900,354400
2007-03-30,8.8000,9.0200,8.5300,8.6300,500000
2007-03-23,8.8200,9.0300,8.6000,8.8200,372000
2007-03-16,8.6900,8.9300,8.5100,8.7900,537300
2007-03-09,8.4500,8.7400,8.3400,8.5500,472300
2007-03-02,8.6400,9.0700,8.4000,8.5300,936700
2007-02-23,8.8500,9.1100,8.6300,8.6400,463400
2007-02-16,8.8800,8.9500,8.5100,8.8900,355200
2007-02-09,8.1500,9.1500,8.1300,8.8800,1059800
2007-02-02,7.7800,8.2800,7.7500,8.2700,641700
2007-01-26,7.6100,7.9200,7.5000,7.8400,1030400
2007-01-19,7.4400,7.7700,7.3900,7.6400,1114200
2007-01-12,8.1200,8.4600,7.2100,7.4500,2357700
2007-01-05,8.5100,8.5200,8.0400,8.1500,566300
2006-12-29,8.4200,8.6100,8.3800,8.4400,386500
2006-12-22,8.4800,8.9600,8.3000,8.4100,746100
2006-12-15,7.3200,9.1000,7.1300,8.4800,1408900
2006-12-08,7.1800,7.3700,7.1000,7.3100,518700
2006-12-01,7.0200,7.2600,6.7500,7.2000,695900
2006-11-24,6.9800,7.2900,6.9000,7.0400,401100
2006-11-17,7.0400,7.2800,6.8960,6.9800,531200
2006-11-10,6.7300,7.1000,6.6000,7.0900,718000
2006-11-03,6.7100,6.9400,6.5300,6.6800,762900
2006-10-27,7.1200,7.2500,6.6900,6.7300,608600
2006-10-20,7.0300,7.4700,6.8600,7.1900,1273200
2006-10-13,6.6700,8.0000,6.3900,7.0000,3143400
2006-10-06,6.1000,6.7899,6.0600,6.7000,810200
2006-09-29,6.1400,6.1800,6.0300,6.0900,641900
2006-09-22,6.2800,6.3600,6.0100,6.1700,578900
2006-09-15,6.1400,6.4900,6.1000,6.3200,454300
2006-09-08,6.4500,6.6100,6.1700,6.1900,267600
2006-09-01,6.4300,6.9200,6.3800,6.4300,709500
2006-08-25,6.3200,6.4800,6.2200,6.4300,730800
2006-08-18,6.3600,6.5900,6.2600,6.3700,761700
2006-08-11,6.3600,6.4300,6.1700,6.3100,1505400
2006-08-04,6.2700,6.5200,6.0800,6.3800,1130000
2006-07-28,5.8400,6.5800,5.7700,6.3300,2302000
2006-07-21,6.7500,6.7500,5.4400,5.7500,3807500
2006-07-14,8.3400,8.4100,6.5700,6.7600,2086100
2006-07-07,8.9900,9.8900,8.3300,8.3500,865400
2006-06-30,8.6300,9.1900,8.2800,8.8900,3210800
2006-06-23,8.0000,9.2100,7.8300,8.6000,625000
2006-06-16,8.4900,8.6200,7.8100,8.1100,1217300
2006-06-09,9.3600,9.7200,8.5200,8.6001,1028800
2006-06-02,10.0000,10.1000,9.2800,9.3600,812300
2006-05-26,9.9500,10.1900,9.4400,10.0000,655200
2006-05-19,9.8100,10.0000,9.0000,9.8100,1265000
2006-05-12,13.3000,13.3000,9.7400,9.9600,2443400
2006-05-05,13.4300,13.8200,12.6500,13.2900,1462700
2006-04-28,13.5900,13.9000,13.0100,13.4700,1523100
2006-04-21,11.7500,13.5800,11.7300,13.4400,2317700
2006-04-13,11.0300,11.7500,10.5900,11.6900,875800
2006-04-07,11.7900,11.8500,10.9201,11.0600,777500
2006-03-31,10.8500,11.8500,10.8500,11.7400,948500
2006-03-24,10.0900,10.9800,9.8800,10.8250,730900
2006-03-17,9.7500,9.9900,9.6100,9.7700,451900
2006-03-10,10.1000,10.2400,9.5200,9.8100,526900
2006-03-03,10.0800,10.3300,9.7500,10.1100,599600
2006-02-24,10.1600,10.4000,9.8600,10.1000,673200
2006-02-17,10.3200,10.4000,9.6200,10.2600,1239600
2006-02-10,10.6500,10.6500,10.1100,10.2700,708300
2006-02-03,10.6100,10.7700,10.4000,10.5200,1022500
2006-01-27,10.5000,10.7500,10.3600,10.6500,957300
2006-01-20,10.8900,10.9400,10.3800,10.4500,762400
2006-01-13,10.0700,10.8800,10.0500,10.7900,1805300
2006-01-06,10.5200,11.2300,9.8750,10.1100,2203900
2005-12-30,10.6400,10.6800,10.0400,10.4900,564300
2005-12-23,9.9100,11.0000,9.7000,10.4900,1967300
2005-12-16,11.2100,11.5940,9.2900,10.1499,1519900
2005-12-09,12.0000,12.5900,11.0500,11.2400,1926000
2005-12-02,10.6500,12.1000,10.6500,11.7100,1326300
2005-11-25,11.2900,11.4600,10.4800,10.7400,969400
2005-11-18,11.1900,12.2200,11.1000,11.3500,1242100
2005-11-11,11.9100,12.2600,10.7500,11.9000,2142700
2005-11-04,11.1000,12.0000,10.7500,11.9500,1950700
2005-10-28,10.3900,11.1500,10.3200,10.8000,2290600
2005-10-21,9.5000,10.2500,9.2100,10.0500,1869900
2005-10-14,8.7800,9.3900,8.5400,9.1900,2447700
2005-10-07,8.0300,9.4200,7.9800,8.7900,2906600
2005-09-30,7.6400,8.2500,7.5800,8.1000,485400
2005-09-23,8.0700,8.1600,7.5800,7.7000,483400
2005-09-16,8.1800,8.2200,7.7800,7.9900,793200
2005-09-09,8.2900,8.2900,8.0800,8.1600,345000
2005-09-02,8.3800,8.4500,8.0500,8.2000,364200
2005-08-26,8.4400,8.4800,8.1700,8.3800,453500
2005-08-19,8.2400,8.4900,8.1600,8.2900,383200
2005-08-12,8.5300,8.5700,8.0500,8.3600,691200
2005-08-05,8.0900,8.8300,8.0800,8.4900,1140900
2005-07-29,8.5400,8.5400,8.1500,8.2100,1106700
2005-07-22,8.5200,8.6000,8.2100,8.5000,861200
2005-07-15,8.0600,8.6000,7.9500,8.5400,1738800
2005-07-08,7.3500,8.3100,7.1400,7.9000,1072400
2005-07-01,6.9000,7.3500,6.9000,7.3400,298100
2005-06-24,7.0500,7.5000,6.9100,7.0200,683000
2005-06-17,6.4200,7.4500,6.3300,7.1200,986300
2005-06-10,6.5600,6.6400,6.2200,6.5000,415900
2005-06-03,6.8000,6.8200,6.3600,6.6000,304400
2005-05-27,6.0000,6.8900,6.0000,6.6700,547700
2005-05-20,5.7600,6.0900,5.6000,6.0400,443600
2005-05-13,5.4100,5.8600,5.3600,5.8200,492700
2005-05-06,5.5400,6.1100,5.2300,5.5300,746400
2005-04-29,5.8300,6.0800,5.2600,5.5100,470300
2005-04-22,5.5900,6.0400,5.3500,5.8600,449800
2005-04-15,5.9100,6.0000,5.4500,5.5400,439700
2005-04-08,6.2300,6.2300,5.7900,5.8900,291400
2005-04-01,6.0100,6.3200,5.8500,6.0800,433400
2005-03-24,6.1000,6.3700,5.7500,6.0900,466200
2005-03-18,6.4300,6.6400,5.9600,6.0700,543700
2005-03-11,6.8000,7.0500,6.3700,6.4200,653900
2005-03-04,7.1600,7.6200,6.7800,6.8700,632200
2005-02-25,7.0000,7.3800,6.7600,7.2500,437900
2005-02-18,7.4600,7.6200,7.0000,7.0800,688300
2005-02-11,7.8000,7.9200,7.4500,7.5000,434600
2005-02-04,7.8600,8.1700,7.6500,7.8800,769800
2005-01-28,8.0600,8.1000,7.4300,7.8000,721800
2005-01-21,8.5500,8.5500,7.8030,8.0300,777600
2005-01-14,8.2000,8.8900,7.7500,8.4700,3114600
2005-01-07,9.0500,9.2200,7.9900,8.2000,1566200
2004-12-31,7.7900,9.0000,7.7100,8.9400,2164500
2004-12-23,7.9000,8.1500,7.6000,7.7600,1077100
2004-12-17,8.0000,8.4500,7.9000,7.9500,1544500
2004-12-10,8.9000,8.9000,7.6600,7.9500,3334500
2004-12-03,9.7600,10.1800,8.6900,8.7500,1960200
2004-11-26,8.0200,10.0000,8.0200,9.7000,1821000
2004-11-19,7.9900,8.9300,7.6200,8.2600,982900
2004-11-12,7.0000,7.7200,6.9500,7.7000,525800
2004-11-05,6.6000,7.2300,6.5000,7.0000,484100
2004-10-29,6.9000,6.9400,6.2600,6.7200,412200
2004-10-22,6.6000,6.9700,6.5200,6.9000,485000
2004-10-15,7.1200,7.6200,6.6500,6.7100,1090400
2004-10-08,7.4200,7.5800,7.0000,7.0800,607600
2004-10-01,7.6100,7.6100,6.7600,7.2300,597700
2004-09-24,6.7100,8.1800,6.4800,7.4600,1558400
2004-09-17,6.7400,6.9700,6.5200,6.6800,380900
2004-09-10,5.8100,6.7100,5.6500,6.5900,374900
2004-09-03,5.9600,5.9600,5.5700,5.7900,157800
2004-08-27,5.8400,6.2500,5.8000,5.8600,274200
2004-08-20,5.2400,5.8800,5.2400,5.7900,313400
2004-08-13,5.5500,5.6400,5.1200,5.3900,499500
2004-08-06,6.1500,6.3700,5.2200,5.2700,673900
2004-07-30,6.3000,6.4200,6.0900,6.2500,383100
2004-07-23,6.8500,6.9000,6.3000,6.3600,532200
2004-07-16,7.3300,7.3300,5.5900,6.7100,1926400
2004-07-09,7.5000,7.5200,7.1200,7.2500,536100
2004-07-02,7.1600,7.6400,6.7600,7.4600,1373500
2004-06-25,7.3400,7.4800,7.0000,7.1100,595600
2004-06-18,7.6100,7.7400,7.2900,7.4200,413800
2004-06-10,7.5000,8.2000,7.3500,7.5800,1061400
2004-06-04,7.6900,7.8100,7.2800,7.4200,453400
2004-05-28,7.1300,7.9900,6.7700,7.5000,875600
2004-05-21,6.7500,7.2400,6.6300,6.9900,722300
2004-05-14,7.6200,7.8900,6.8200,6.8900,1315100
2004-05-07,8.3000,8.5500,7.3500,7.8000,1517000
2004-04-30,12.9000,14.1990,7.3300,8.0500,5155800
2004-04-23,13.1500,13.2400,12.3600,13.0000,1298200
2004-04-16,14.9750,15.0500,12.9000,13.2300,649900
2004-04-08,13.5000,15.3500,13.4800,15.0000,968600
2004-04-02,13.5600,14.0000,13.1500,13.4400,866400
2004-03-26,13.5500,13.7400,12.6400,13.4300,914600
2004-03-19,14.6900,14.6900,12.2500,13.6400,1842300
2004-03-12,14.7000,17.2000,14.1500,14.6900,3083200
2004-03-05,14.6000,15.2500,14.3500,14.8500,666200
2004-02-27,14.4900,15.5700,13.8400,14.7000,1029900
2004-02-20,14.5800,15.1500,13.9000,14.2000,561500
2004-02-13,14.6500,15.6000,13.9110,14.3600,1109800
2004-02-06,14.6200,15.0000,13.5700,14.8000,903600
2004-01-30,14.4900,15.4000,13.5000,14.5200,1062800
2004-01-23,15.1000,16.8700,14.4000,14.9900,2101300
2004-01-16,14.4300,15.3000,13.6000,15.1210,2169200
2004-01-09,14.4000,16.0000,14.1110,14.4200,2386800
2004-01-02,14.3400,14.5000,14.0000,14.2600,1721300
2003-12-26,9.1000,16.0320,9.0400,13.8800,9807100
2003-12-19,8.3700,9.1100,7.9500,9.0300,791500
2003-12-12,8.8200,9.1400,7.4000,8.3000,1276400
2003-12-05,9.8800,10.5000,8.8200,8.8200,1187700
2003-11-28,8.7800,9.9200,8.6800,9.7900,457200
2003-11-21,9.2000,9.3000,8.4500,8.7600,687100
2003-11-14,10.3900,10.4000,9.1800,9.4000,596500
2003-11-07,10.1700,10.4800,9.0900,9.9900,1883900
2003-10-31,6.5400,11.6000,6.5400,9.9000,2847000
2003-10-24,7.3600,7.6700,6.4700,6.7900,524700
2003-10-17,7.0400,7.7500,6.9900,7.2500,684600
2003-10-10,7.2800,7.9000,6.8000,6.9710,2343200
2003-10-03,5.0000,7.6900,4.9100,6.9900,3118100
2003-09-26,4.5000,5.4000,4.1500,5.0700,576400
2003-09-19,4.5600,4.6000,4.1000,4.5000,299900
2003-09-12,4.4500,4.6900,4.3500,4.5400,257800
2003-09-05,4.1400,4.5900,4.0500,4.4500,249300
2003-08-29,3.7000,4.4200,3.6900,4.1400,494300
2003-08-22,3.5900,3.8500,3.3300,3.7000,380700
2003-08-15,3.3300,3.5600,3.3100,3.4900,79500
2003-08-08,3.3600,3.5100,3.1900,3.3400,131800
2003-08-01,3.8600,3.8600,3.3500,3.5000,175600
2003-07-25,3.8000,4.0000,3.8000,3.8800,184800
2003-07-18,3.3800,4.3900,3.3700,3.8900,431900
2003-07-11,3.5000,3.6000,3.3700,3.3910,151900
2003-07-03,3.7200,3.7200,3.4700,3.4900,84700
2003-06-27,3.6000,3.8400,3.2700,3.7200,257900
2003-06-20,3.4500,3.9700,3.4400,3.7500,462900
2003-06-13,3.4500,3.5200,3.2600,3.4400,296200
2003-06-06,3.0800,3.5000,3.0700,3.4000,806200
2003-05-30,3.5000,3.9400,3.4200,3.8900,179900
2003-05-23,3.6800,3.6800,3.4000,3.4900,149500
2003-05-16,3.3600,3.9020,3.3600,3.6200,361300
2003-05-09,3.2300,3.6000,3.1500,3.3600,458000
2003-05-02,3.2000,3.3500,3.0700,3.2400,421000
2003-04-25,3.8400,4.2300,3.1200,3.1600,863000
2003-04-17,3.8100,3.9100,3.7500,3.8800,111400
2003-04-11,3.9400,4.0500,3.6100,3.8000,90900
2003-04-04,3.9000,3.9400,3.7900,3.9200,67700
2003-03-28,3.9000,4.0000,3.7500,3.9200,86800
2003-03-21,3.8300,4.1600,3.8300,3.9700,99200
2003-03-14,3.7500,3.9300,3.5000,3.8500,149300
2003-03-07,4.0000,4.1700,3.7500,3.7800,97300
2003-02-28,4.0800,4.0800,3.9500,4.0000,55600
2003-02-21,3.9900,4.1000,3.9900,4.0400,52500
2003-02-14,4.0010,4.1500,3.7600,4.0000,147300
2003-02-07,4.1600,4.2800,4.0500,4.0500,94800
2003-01-31,4.1900,4.5000,4.0300,4.2100,177400
2003-01-24,5.7000,5.9800,3.9300,4.2000,729600
2003-01-17,6.2900,6.4000,5.4800,5.5510,221700
2003-01-10,5.4100,6.4900,5.4100,6.1400,424400
2003-01-03,5.1000,5.4800,4.7600,5.4490,188900
2002-12-27,5.3700,5.5800,5.0000,5.1000,113500
2002-12-20,5.7000,5.7000,5.0000,5.4000,514600
2002-12-13,5.6000,5.6700,5.0500,5.3990,162100
2002-12-06,5.8900,6.3500,4.8100,5.6000,720600
2002-11-29,5.2800,5.9000,5.1900,5.6200,528700
2002-11-22,3.9700,5.2500,3.9100,5.1400,1050800
2002-11-15,3.9600,4.0500,3.7500,3.9000,268200
2002-11-08,3.7100,4.2500,3.6700,3.9100,591700
2002-11-01,3.7300,3.8200,3.5500,3.6800,209600
2002-10-25,3.7000,3.8200,3.5500,3.6650,138000
2002-10-18,3.6500,3.9100,3.4500,3.6900,203100
2002-10-11,3.5300,3.6800,3.4100,3.6400,252700
2002-10-04,3.5000,3.8200,3.4500,3.5200,215800
2002-09-27,3.6400,3.7800,3.4000,3.4800,297000
2002-09-20,3.4700,4.2400,3.4000,3.5500,389700
2002-09-13,3.2190,3.4700,3.1600,3.4600,166400
2002-09-06,3.4600,3.4800,3.1100,3.3100,116100
2002-08-30,3.8100,3.8990,3.4600,3.4600,126100
2002-08-23,3.9000,4.0300,3.6600,3.7600,195900
2002-08-16,4.1610,4.2600,3.8600,3.9600,214100
2002-08-09,4.2800,4.5000,4.1200,4.2100,148500
2002-08-02,4.5100,4.8200,4.2800,4.2800,160800
2002-07-26,5.0000,5.0500,4.3000,4.3510,126800
2002-07-19,4.9010,5.1490,4.5000,4.9900,124700
2002-07-12,4.4000,5.2400,4.2800,4.9500,246300
2002-07-05,4.7900,4.9000,4.0500,4.6500,105700
2002-06-28,5.2000,5.4800,4.5600,4.7500,238900
2002-06-21,5.1700,5.8000,5.1490,5.4500,174500
2002-06-14,5.7210,5.9390,5.1000,5.1500,152200
2002-06-07,6.0990,6.4000,5.6500,5.9000,199500
2002-05-31,6.5500,6.6000,5.8600,6.0500,126900
2002-05-24,6.1500,7.0500,6.0800,6.4000,397500
2002-05-17,5.7990,6.4000,5.6110,6.1500,139300
2002-05-10,5.5200,6.0500,5.2000,5.8000,184900
2002-05-03,6.2000,6.4000,5.5000,5.5640,254100
2002-04-26,6.9100,6.9800,6.0400,6.2040,257700
2002-04-19,6.5400,7.0000,6.3900,6.9000,160400
2002-04-12,6.4200,7.0000,6.2600,6.5500,372800
2002-04-05,5.9900,7.2400,5.7800,6.5300,631800
2002-03-28,5.8000,5.9800,5.4900,5.9700,167700
2002-03-22,5.6000,5.9200,5.5000,5.7210,108300
2002-03-15,5.7000,6.0000,5.2500,5.6900,239300
2002-03-08,5.2000,5.4500,4.9610,5.3300,231400
2002-03-01,4.5800,5.0900,4.3000,5.0000,306300
2002-02-22,4.8600,5.0000,4.5000,4.5700,158900
2002-02-15,5.2000,5.3900,5.0000,5.0000,119500
2002-02-08,5.3500,5.4200,4.6000,5.1500,234600
2002-02-01,5.4900,5.6000,5.0600,5.3500,179000
2002-01-25,5.7100,6.0200,5.0500,5.5000,351300
2002-01-18,6.8000,6.8100,5.7500,5.9000,401000
2002-01-11,6.7900,7.4900,6.5000,6.7800,430800
2002-01-04,5.5100,7.0200,5.5100,6.8000,569200
2001-12-28,5.6350,5.9000,5.4300,5.5700,326700
2001-12-21,6.1600,6.4500,5.3100,5.4300,458800
2001-12-14,5.5100,6.4800,5.3800,6.3600,401000
2001-12-07,5.1900,5.9600,4.7000,5.4800,520500
2001-11-30,4.8000,5.2400,4.2500,4.8500,531600
2001-11-23,4.1500,5.0000,4.1400,5.0000,364100
2001-11-16,4.0300,4.1500,3.8500,4.1400,414700
2001-11-09,4.0800,4.5000,3.8500,4.0300,510000
2001-11-02,4.0900,4.1900,3.8500,4.0100,224800
2001-10-26,4.0900,4.4500,3.8600,4.1000,231600
2001-10-19,4.2000,5.7200,3.9100,4.0800,2774100
2001-10-12,4.1400,4.4900,3.7500,4.3500,609000
2001-10-05,3.9900,4.1800,3.8500,4.0470,358200
2001-09-28,4.0200,4.2990,3.8500,3.9500,371900
2001-09-21,4.5200,4.9100,3.5500,4.0600,689000
2001-09-10,4.7100,5.0000,4.5000,4.6600,134200
2001-09-07,5.7100,5.7100,4.7000,4.7100,225700
2001-08-31,6.0800,6.1800,5.4500,5.5900,170900
2001-08-24,6.0600,6.2200,5.7000,6.1000,301800
2001-08-17,7.6900,7.9000,5.8000,6.0600,520100
2001-08-10,6.0150,8.5000,6.0150,7.5100,1236300
2001-08-03,5.1100,6.0500,5.0000,6.0400,408500
2001-07-27,4.9000,5.5400,4.8100,5.1100,763100
2001-07-20,4.6500,5.0800,4.5100,4.7700,439200
2001-07-13,4.8100,5.0900,4.5000,4.6000,346000
2001-07-06,4.3700,5.0700,4.1700,4.8200,478900
2001-06-29,5.1400,5.1400,3.9200,4.0500,732200
2001-06-22,4.1000,5.2500,4.0600,4.9800,1266300
2001-06-15,4.2550,4.7800,3.8200,4.1100,1570400
2001-06-08,2.0000,6.0400,2.0000,4.3600,5041600
2001-06-01,2.0000,2.0000,2.0000,2.0000,0
2001-05-25,2.0000,2.0000,2.0000,2.0000,0
2001-05-18,2.0000,2.0000,2.0000,2.0000,0
2001-05-11,2.0000,2.0000,2.0000,2.0000,0
2001-05-04,2.0000,2.0000,2.0000,2.0000,0
2001-04-27,2.0000,2.0000,2.0000,2.0000,0
2001-04-20,5.0310,5.0310,2.0000,2.0000,100
2001-04-12,5.0310,5.0310,5.0310,5.0310,0
2001-04-06,5.0310,5.0310,5.0310,5.0310,0
2001-03-30,5.5310,5.6250,5.0310,5.0310,582700
2001-03-23,5.9380,6.0000,5.0310,5.3750,682900
2001-03-16,5.9690,6.4380,5.5000,5.7500,594500
2001-03-09,6.0160,7.2500,5.5310,6.1250,1339100
2001-03-02,6.7500,7.4380,5.5000,5.8130,1081000
2001-02-23,7.7500,8.0000,5.4380,6.2500,1817600
2001-02-16,9.4220,10.5000,8.3750,8.6250,1484800
2001-02-09,12.0300,12.1900,8.8750,9.3440,2521200
2001-02-02,12.5600,15.3800,12.3100,12.3800,1946000
2001-01-26,13.1900,14.2500,11.6300,13.2500,2349800
2001-01-19,9.8750,13.9400,9.6250,12.8800,3444900
2001-01-12,8.3750,10.4400,7.1250,9.5000,2263600
2001-01-05,9.2500,9.5000,7.5310,8.3750,1461700
2000-12-29,7.8750,9.7500,7.8750,9.2500,1602100
2000-12-22,11.1300,11.1900,7.1250,7.8750,1988500
2000-12-15,10.0600,13.3800,10.0000,10.5000,2709700
2000-12-08,14.9700,17.9400,9.5000,10.0600,7536500
2000-12-01,18.8800,19.4400,13.1300,14.9400,1758000
2000-11-24,18.3800,20.2500,16.0000,18.0000,2084500
2000-11-17,19.0000,22.5000,18.0000,21.0600,1700800
2000-11-10,26.1100,26.5000,18.6900,19.0000,1935600
2000-11-03,23.5000,27.1300,23.0000,26.1300,1296100
2000-10-27,26.0000,29.8800,23.0000,25.2500,3431400
2000-10-20,23.0000,26.6900,20.5000,26.1900,4342300
2000-10-13,17.9400,22.5000,16.3800,22.0600,3995300
2000-10-06,23.0000,23.0000,15.5000,18.1300,6522500
2000-09-29,29.6300,30.7500,21.5000,23.0000,2742600
2000-09-22,30.7500,32.2500,29.0000,29.3800,1414900
2000-09-15,32.7200,34.0000,28.7500,31.0000,2681300
2000-09-08,42.9700,43.5600,31.3800,32.9400,4609000
2000-09-01,40.8800,45.8800,40.0000,42.2500,2391900
2000-08-25,42.5600,44.7500,36.0000,39.7300,1934800
2000-08-18,32.4400,45.0000,31.6300,42.1900,2387000
2000-08-11,30.0000,36.5000,28.0600,32.6300,3168900
2000-08-04,31.6300,33.8800,26.1300,29.8800,2371600
2000-07-28,37.2800,45.0000,27.5600,31.8100,3092200
2000-07-21,48.8100,52.5000,37.5000,39.3800,3689400
2000-07-14,53.9400,63.0000,42.2500,42.9400,6504300
2000-07-07,46.0000,49.3800,40.5000,48.8100,3040400
2000-06-30,35.9400,46.0000,34.1300,45.7500,4048200
2000-06-23,28.9400,36.5000,27.8100,34.8800,4277200
2000-06-16,31.7500,32.0000,26.0000,29.0000,2076800
2000-06-09,25.2500,31.0000,22.2500,30.9400,2682700
2000-06-02,19.7500,26.0000,19.2500,24.8800,935800
2000-05-26,23.5600,23.5600,18.0000,19.0600,621700
2000-05-19,25.4100,27.8800,22.3800,24.2500,926200
2000-05-12,24.0600,26.9400,22.5000,25.7500,510900
2000-05-05,27.5000,29.7500,23.8800,25.3100,1472300
2000-04-28,23.6900,28.0000,20.5000,27.0000,1412200
2000-04-20,14.5600,30.6300,14.5000,24.7500,3697200
2000-04-14,27.5000,27.7500,16.5000,17.5600,3758600
2000-04-07,30.4400,33.0000,15.7500,27.8800,3165500
2000-03-31,40.2500,41.6300,28.1900,31.0000,1926200
2000-03-24,41.3800,44.5000,34.1300,40.2500,1296600
2000-03-17,44.1900,47.0600,34.0000,39.5000,1533500
2000-03-10,40.3800,49.7500,38.0000,46.8800,1896000
2000-03-03,33.0000,48.3800,30.0600,41.1300,3751000
2000-02-25,43.0600,44.7500,35.3100,35.5000,1378700
2000-02-18,43.0000,44.7500,38.8100,42.5000,1151300
2000-02-11,36.6300,45.0000,36.6300,41.3100,1620500
2000-02-04,31.7200,37.1300,30.5000,36.3800,1266200
2000-01-28,32.3800,37.7500,30.3800,31.6300,1781600
2000-01-21,28.1900,35.3800,27.2500,32.2500,1613500
2000-01-14,27.0000,29.5000,26.2500,28.7500,1063100
