timestamp,open,high,low,close,volume
2018-02-27,9.9800,10.0000,9.9700,9.9800,791215
2018-02-23,9.9700,10.0000,9.9600,10.0000,2910876
2018-02-16,9.9800,10.0060,9.9700,9.9900,3757493
2018-02-09,9.9600,10.0500,9.9600,9.9900,7858503
2018-02-02,5.1700,10.2100,5.1700,9.9600,27521843
2018-01-26,4.2900,5.3000,4.2800,5.1500,1548874
2018-01-19,4.1000,4.3850,4.0400,4.2700,1043507
2018-01-12,3.6600,4.1000,3.5200,4.0700,1816837
2018-01-05,3.7500,3.9700,3.6100,3.6400,1099430
2017-12-29,3.7200,3.9000,3.6600,3.7000,838075
2017-12-22,3.6900,3.7900,3.5200,3.7600,995928
2017-12-15,3.9200,4.0300,3.6000,3.6500,2984463
2017-12-08,4.1700,4.2500,3.7500,3.8800,3762430
2017-12-01,4.1500,4.4400,4.0900,4.0900,1625376
2017-11-24,4.0300,4.3000,3.8600,4.1100,1231458
2017-11-17,4.0800,4.0800,3.7000,4.0100,1011162
2017-11-10,4.3700,4.4700,4.0100,4.0600,1155333
2017-11-03,4.4100,4.6900,4.2300,4.3400,1515601
2017-10-27,4.3300,4.4800,4.1000,4.4200,1633921
2017-10-20,4.3500,4.5000,4.0700,4.3200,920940
2017-10-13,4.3800,4.5000,4.1800,4.3500,1249480
2017-10-06,4.1100,4.5900,4.0800,4.3900,2692257
2017-09-29,3.9400,4.2700,3.8300,4.0900,3350670
2017-09-22,3.8300,4.0900,3.8000,3.9400,996271
2017-09-15,3.6000,3.9500,3.4200,3.8200,2594216
2017-09-08,3.5700,3.7100,3.2700,3.5900,2089922
2017-09-01,3.6400,3.6800,3.5300,3.6100,1503326
2017-08-25,3.5300,3.6700,3.3800,3.6100,1355788
2017-08-18,3.7000,3.8500,3.5400,3.5600,1096464
2017-08-11,4.0400,4.1900,3.6100,3.6400,849038
2017-08-04,3.9900,4.3000,3.8200,4.0700,914672
2017-07-28,4.0200,4.1000,3.8200,3.9700,907935
2017-07-21,4.0200,4.1699,3.9800,4.0200,1099911
2017-07-14,3.8200,4.2100,3.7100,4.0200,1395806
2017-07-07,3.7500,3.8600,3.5300,3.8300,801897
2017-06-30,3.8000,4.2700,3.5100,3.7200,2739577
2017-06-23,3.4600,3.8400,3.4000,3.7800,5895942
2017-06-16,3.6000,3.7900,3.1800,3.4300,2203855
2017-06-09,4.0600,4.1200,3.5600,3.5900,1017857
2017-06-02,4.1600,4.2000,3.8000,4.0600,832657
2017-05-26,4.8000,4.8200,4.0100,4.2000,1211298
2017-05-19,4.2000,4.9700,4.1600,4.7300,1534958
2017-05-12,4.1100,4.2400,3.7600,4.1800,643926
2017-05-05,4.2600,4.3200,4.0900,4.1300,496509
2017-04-28,4.1200,4.3200,4.0800,4.2500,610768
2017-04-21,4.0000,4.3700,3.8300,4.1000,935774
2017-04-13,3.9100,4.0900,3.7600,4.0000,305105
2017-04-07,4.1700,4.2000,3.6100,3.8800,855666
2017-03-31,4.0000,4.2900,3.9800,4.1400,681482
2017-03-24,3.9600,4.1000,3.5100,4.0800,1029965
2017-03-17,4.3500,4.4300,3.8600,3.9700,842419
2017-03-10,4.2500,4.5600,4.0100,4.3500,868975
2017-03-03,4.0500,4.3500,4.0100,4.2500,1093603
2017-02-24,4.3800,4.4000,3.7000,4.0500,847745
2017-02-17,4.1200,4.4000,4.0000,4.3300,1159982
2017-02-10,4.2800,4.4800,4.0200,4.1200,1067430
2017-02-03,3.8400,4.4900,3.7550,4.2600,2480612
2017-01-27,3.6700,3.8600,3.4900,3.8400,5393492
2017-01-20,4.5600,4.5600,3.6200,3.6700,872687
2017-01-13,4.8700,5.0300,4.5000,4.6300,348659
2017-01-06,4.3200,5.2400,4.3200,4.8450,522375
2016-12-30,4.8100,4.8999,4.2368,4.3100,751190
2016-12-23,5.3200,5.5100,4.5172,4.7900,1042114
2016-12-16,5.5600,6.2000,5.2100,5.3700,2238150
2016-12-09,5.5600,6.7200,5.4000,5.6500,1857223
2016-12-02,1.0100,6.0000,0.9700,5.5000,2144305
2016-11-25,1.0900,1.1200,1.0200,1.0200,1581841
2016-11-18,1.1800,1.3000,1.0800,1.1000,3608843
2016-11-11,0.9700,1.1700,0.9402,1.1700,2506842
2016-11-04,1.0700,1.1000,0.8400,0.9432,7724326
2016-10-28,1.2700,1.2700,1.0700,1.0700,2164987
2016-10-21,1.3200,1.3400,1.2200,1.2500,1657130
2016-10-14,1.5200,1.5300,1.2600,1.3200,3306136
2016-10-07,1.6500,1.7800,1.4500,1.4900,4248918
2016-09-30,1.4000,1.8300,1.3700,1.6400,7703490
2016-09-23,1.3000,1.4700,1.2400,1.4000,4493348
2016-09-16,1.1200,1.3000,1.1100,1.2700,4481199
2016-09-09,1.1500,1.1600,1.1200,1.1200,1418240
2016-09-02,1.1500,1.2300,1.1000,1.1300,2208154
2016-08-26,1.1500,1.2100,1.1200,1.1600,1771972
2016-08-19,1.0600,1.1700,1.0600,1.1500,1709549
2016-08-12,1.1300,1.1500,1.0400,1.0800,1508079
2016-08-05,1.1200,1.1600,1.0400,1.1300,1352597
2016-07-29,1.1500,1.1800,1.1000,1.1000,1798695
2016-07-22,1.2000,1.2300,1.1000,1.1400,2503633
2016-07-15,1.0600,1.3100,1.0000,1.1900,6988485
2016-07-08,0.9800,1.0000,0.9300,0.9685,1543715
2016-07-01,0.8800,1.0500,0.8750,0.9500,5218686
2016-06-24,0.9058,0.9800,0.8200,0.9175,14809620
2016-06-17,1.1700,1.1700,0.9000,0.9043,5699256
2016-06-10,1.2900,1.3900,1.1300,1.1700,7372991
2016-06-03,1.1400,1.2500,1.0700,1.1300,5212208
2016-05-27,1.1000,1.1900,1.0700,1.1300,3457569
2016-05-20,1.0500,1.1900,1.0400,1.1100,4701488
2016-05-13,1.2300,1.2300,1.0000,1.0400,3921702
2016-05-06,1.3200,1.3200,1.1500,1.1600,3794313
2016-04-29,1.2300,1.4299,1.2100,1.3000,6651963
2016-04-22,1.2200,1.2600,1.1450,1.2100,3882725
2016-04-15,1.2200,1.2800,1.1300,1.2100,3822977
2016-04-08,1.2300,1.2601,1.1200,1.2100,4108431
2016-04-01,1.1200,1.2800,1.0700,1.2400,3727804
2016-03-24,1.3100,1.5300,1.0700,1.1200,5542151
2016-03-18,1.1200,1.3650,0.9700,1.2900,7271206
2016-03-11,1.2300,1.2750,1.0500,1.1100,3523910
2016-03-04,1.0500,1.2400,0.9600,1.2100,5236094
2016-02-26,1.0800,1.0998,0.9000,1.0400,3612896
2016-02-19,1.0400,1.1100,1.0100,1.0500,2353119
2016-02-12,1.1100,1.2200,0.9900,1.0300,2951192
2016-02-05,1.3300,1.4850,1.1300,1.1500,3870962
2016-01-29,1.7000,1.7200,1.3000,1.3300,4595274
2016-01-22,1.6300,1.7800,1.4500,1.6550,3391741
2016-01-15,1.7700,1.8150,1.4000,1.5800,5663108
2016-01-08,2.1900,2.1900,1.7300,1.7600,3565836
2015-12-31,2.4300,2.4700,2.2000,2.2200,2618795
2015-12-24,2.3300,2.4900,2.1935,2.4500,3307459
2015-12-18,2.3800,2.3900,2.1000,2.2000,9976807
2015-12-11,3.4100,3.4230,2.1000,2.3400,21302965
2015-12-04,3.4300,3.7500,3.2600,3.4000,8102796
2015-11-27,3.2100,3.4700,3.1700,3.3800,2278571
2015-11-20,3.4600,3.5500,3.0800,3.2300,5863221
2015-11-13,3.3000,3.4950,3.1300,3.4600,3977550
2015-11-06,2.9500,3.3950,2.9500,3.3000,3764663
2015-10-30,2.7200,3.0910,2.6000,2.9600,3271671
2015-10-23,2.7700,2.8100,2.4500,2.7100,4594354
2015-10-16,2.8800,2.8800,2.5500,2.7600,3847591
2015-10-09,2.9200,2.9500,2.6300,2.8800,6180640
2015-10-02,2.9800,3.1600,2.6300,2.8500,9077381
2015-09-25,3.8000,3.8400,3.0100,3.0800,5166667
2015-09-18,3.2900,3.8890,3.2300,3.7700,5270733
2015-09-11,3.3700,3.6500,3.2600,3.3000,2934131
2015-09-04,3.5500,3.6100,3.2200,3.2500,3808913
2015-08-28,2.7700,3.6500,2.7700,3.5400,7182863
2015-08-21,3.1100,3.3400,2.8200,3.0000,6270016
2015-08-14,3.3000,3.3800,3.0300,3.1500,6555244
2015-08-07,3.6300,3.7200,3.0800,3.3000,5398735
2015-07-31,3.4300,3.6400,3.2400,3.6400,4050068
2015-07-24,3.8600,3.8600,3.4036,3.5000,3891316
2015-07-17,3.7100,4.0200,3.6600,3.8200,4993487
2015-07-10,3.6600,3.7500,3.3900,3.6600,5380910
2015-07-02,3.8200,3.8800,3.4700,3.7000,7284346
2015-06-26,3.9100,4.0000,3.8000,3.9000,8803369
2015-06-19,3.8500,4.1100,3.6800,3.8900,11088191
2015-06-12,4.0700,4.1172,3.8200,3.8800,14208136
2015-06-05,4.6400,4.6900,3.7800,4.0900,63575654
2015-05-29,3.0200,3.6600,2.9500,3.4200,49295154
2015-05-22,2.3100,3.4400,2.2300,3.0100,52410836
2015-05-15,1.7300,2.8700,1.4100,2.4300,47316526
2015-05-08,1.4800,1.7762,1.4100,1.7500,6363967
2015-05-01,1.7500,1.7800,1.4230,1.4800,5563473
2015-04-24,1.7300,1.8500,1.7050,1.7400,3462239
2015-04-17,1.6900,1.7500,1.6700,1.7200,2051866
2015-04-10,1.6500,1.7100,1.6000,1.7000,2714398
2015-04-02,1.6400,1.6700,1.5800,1.6500,2334524
2015-03-27,1.7100,1.7700,1.5400,1.6500,4159369
2015-03-20,1.7600,1.8400,1.7000,1.7200,5407754
2015-03-13,1.5900,1.8400,1.5100,1.7600,7276316
2015-03-06,1.6300,1.6800,1.5400,1.5800,3401382
2015-02-27,1.5600,1.7300,1.5550,1.6000,6276635
2015-02-20,1.5800,1.5800,1.5200,1.5500,2877169
2015-02-13,1.5000,1.6100,1.4800,1.5700,3416255
2015-02-06,1.5800,1.6100,1.4800,1.5000,3773564
2015-01-30,1.5300,1.6600,1.5300,1.5800,3080798
2015-01-23,1.6600,1.6800,1.5000,1.5300,2311166
2015-01-16,1.6900,1.7500,1.5700,1.6600,2612546
2015-01-09,1.9200,1.9800,1.6500,1.6700,4293199
2015-01-02,1.9100,1.9600,1.8800,1.9500,2028669
2014-12-26,1.8000,2.0000,1.7800,1.9100,3249857
2014-12-19,2.0800,2.1200,1.6800,1.8000,8051901
2014-12-12,1.7700,2.0500,1.6500,2.0200,10041341
2014-12-05,1.7600,1.8000,1.6500,1.7800,2480345
2014-11-28,1.7000,1.8700,1.6700,1.7500,3743211
2014-11-21,1.7000,1.7600,1.6000,1.6900,1844548
2014-11-14,1.6000,1.7500,1.5700,1.7000,1319267
2014-11-07,1.8300,1.8300,1.5200,1.6000,2538455
2014-10-31,1.7800,1.9900,1.7600,1.8000,2252046
2014-10-24,1.6900,1.9100,1.6900,1.8000,3414755
2014-10-17,1.7900,1.9000,1.6800,1.7100,2450808
2014-10-10,2.2800,2.3325,1.6800,1.7800,3273160
2014-10-03,2.0900,2.3500,1.8500,2.2800,5834895
2014-09-26,2.0700,2.1500,1.9800,2.0900,2368876
2014-09-19,2.1800,2.2200,1.9850,2.0900,7836446
2014-09-12,2.2100,2.2700,2.0000,2.2350,3325507
2014-09-05,2.3400,2.3800,2.1500,2.2000,1620531
2014-08-29,2.3500,2.4200,2.3000,2.3400,1320847
2014-08-22,2.8300,2.8300,2.2500,2.3400,8316673
2014-08-15,2.9500,3.1697,2.7200,2.7800,1456263
2014-08-08,2.7900,2.9300,2.7577,2.9300,1083606
2014-08-01,3.0000,3.0600,2.7000,2.7600,2105548
2014-07-25,2.7200,3.6000,2.6500,3.0100,6805658
2014-07-18,2.6900,2.7900,2.6000,2.7600,1547188
2014-07-11,3.1500,3.1500,2.5600,2.6600,1967389
2014-07-03,3.2100,3.3100,3.1200,3.1300,1708997
2014-06-27,3.4200,3.5600,3.2000,3.2500,11454156
2014-06-20,3.1600,3.4600,3.0700,3.3500,1492053
2014-06-13,3.0300,3.2800,3.0000,3.1900,1357672
2014-06-06,2.8900,3.2000,2.8000,3.0600,2042962
2014-05-30,2.7400,2.9900,2.7200,2.8800,1394508
2014-05-23,2.6700,2.8100,2.6400,2.7500,885362
2014-05-16,2.7000,2.8900,2.5400,2.6900,1920097
2014-05-09,2.6400,2.8800,2.5500,2.7100,2024213
2014-05-02,2.8100,2.9100,2.5600,2.6800,2119312
2014-04-25,2.4800,3.0300,2.4500,2.8200,2276558
2014-04-17,2.9900,3.0500,2.1600,2.4900,3873047
2014-04-11,2.8900,3.3200,2.8500,2.9700,2972057
2014-04-04,2.9000,3.2300,2.8300,2.9400,2485986
2014-03-28,3.5000,3.5000,2.6700,2.8800,4270160
2014-03-21,3.6800,3.7700,3.1900,3.4900,4825565
2014-03-14,3.5900,4.0800,3.1800,3.6900,6916493
2014-03-07,3.0400,3.7200,2.9600,3.5900,5889340
2014-02-28,2.8600,3.4600,2.8500,3.0900,4535555
2014-02-21,2.8000,2.9700,2.7300,2.8300,2721409
2014-02-14,2.4800,3.0800,2.4000,2.7900,6492575
2014-02-07,2.1800,2.5000,2.0800,2.4800,3447611
2014-01-31,2.1900,2.2500,2.0100,2.1700,3064115
2014-01-24,2.1900,2.3200,2.1700,2.1900,4378863
2014-01-17,1.8800,2.2600,1.8600,2.1800,6658687
2014-01-10,1.8000,1.9500,1.7600,1.8800,2895590
2014-01-03,1.7000,1.8500,1.6800,1.8000,2459728
2013-12-27,1.8200,1.8400,1.7000,1.7100,2179706
2013-12-20,1.7200,1.8500,1.6700,1.8300,4595644
2013-12-13,1.9600,2.0700,1.7200,1.7200,2941927
2013-12-06,2.0800,2.0800,1.9100,1.9500,2452641
2013-11-29,1.8500,2.0600,1.8300,2.0300,3829895
2013-11-22,1.9500,1.9700,1.8100,1.8500,2172001
2013-11-15,1.9000,1.9600,1.8100,1.9400,2771128
2013-11-08,1.8000,1.9500,1.7800,1.9100,2861721
2013-11-01,1.8400,1.8600,1.7500,1.7800,2617768
2013-10-25,1.9500,1.9600,1.8200,1.8300,1458784
2013-10-18,1.8900,1.9900,1.7900,1.9300,2165082
2013-10-11,2.0900,2.1500,1.7800,1.9100,4536650
2013-10-04,2.0200,2.1300,2.0000,2.0500,4910676
2013-09-27,1.8800,2.4300,1.7900,2.0500,18632106
2013-09-20,1.8500,1.8600,1.7600,1.8600,1512309
2013-09-13,1.7600,1.9300,1.7500,1.8200,2930295
2013-09-06,1.7000,1.8000,1.7000,1.7490,1771724
2013-08-30,1.7700,1.7700,1.6700,1.6900,1524248
2013-08-23,1.7200,1.7600,1.6800,1.7600,1312860
2013-08-16,1.6800,1.7700,1.6500,1.7300,1519138
2013-08-09,1.9300,1.9500,1.6300,1.7300,6859207
2013-08-02,1.5900,1.8700,1.5700,1.8700,6461688
2013-07-26,1.6600,1.6800,1.5800,1.5900,1721514
2013-07-19,1.6800,1.7500,1.6100,1.6500,1930649
2013-07-12,1.7700,1.7700,1.5800,1.6800,2556950
2013-07-05,1.6000,1.7600,1.6000,1.7500,2397469
2013-06-28,1.7600,1.7900,1.5500,1.5700,11158102
2013-06-21,1.8900,1.8900,1.7100,1.7900,2352643
2013-06-14,1.8900,1.9800,1.8000,1.8500,2583563
2013-06-07,1.8900,1.9100,1.6500,1.8600,5048378
2013-05-31,1.9600,1.9900,1.8500,1.8500,4324263
2013-05-24,2.0000,2.0500,1.9100,1.9200,6066555
2013-05-17,2.6000,2.7000,1.9500,1.9900,14061289
2013-05-10,2.5200,2.6699,2.3300,2.5100,3131741
2013-05-03,2.6800,2.6800,2.4000,2.5100,3203247
2013-04-26,2.4000,2.8100,2.3500,2.6000,5300493
2013-04-19,2.2900,2.4200,2.1900,2.4100,2568916
2013-04-12,2.0900,2.5700,2.0600,2.3400,4445866
2013-04-05,2.0800,2.2000,2.0400,2.1000,1744758
2013-03-28,2.1000,2.1550,2.0500,2.0750,1014539
2013-03-22,2.2300,2.2500,2.0800,2.1100,1807557
2013-03-15,2.2500,2.2800,2.1100,2.2300,2699226
2013-03-08,2.2700,2.3400,2.1000,2.2500,3897662
2013-03-01,1.9200,2.2300,1.8000,2.1800,6058711
2013-02-22,1.9300,1.9800,1.9000,1.9300,2060004
2013-02-15,1.9500,2.0100,1.8800,1.9500,2500231
2013-02-08,2.0100,2.0400,1.9300,1.9500,1830367
2013-02-01,1.9900,2.1000,1.9600,2.0200,2968646
2013-01-25,2.1500,2.1900,1.9300,1.9700,4343724
2013-01-18,2.3700,2.4000,2.1602,2.1900,3763547
2013-01-11,2.0800,2.4200,1.9700,2.3500,9154738
2013-01-04,1.8100,2.1000,1.8000,2.0600,7137087
2012-12-28,1.9700,1.9700,1.8100,1.8400,5558522
2012-12-21,4.6400,4.7800,1.7100,2.0000,42889245
2012-12-14,4.1100,5.1600,3.9300,4.5800,8026133
2012-12-07,4.6100,4.6800,3.8800,3.9700,4888276
2012-11-30,4.7500,4.7799,4.5000,4.5800,2661617
2012-11-23,4.6500,4.8500,4.4800,4.7500,1483086
2012-11-16,4.7300,4.8300,4.3300,4.5400,2373337
2012-11-09,5.0000,5.1200,4.6100,4.7210,1688512
2012-11-02,5.1400,5.2300,4.9800,5.0100,877869
2012-10-26,5.1300,5.3400,5.0001,5.1200,1294631
2012-10-19,5.1200,5.5800,5.0600,5.1600,1411887
2012-10-12,5.2300,5.3000,4.8900,5.1100,1632099
2012-10-05,5.1900,5.4800,5.0900,5.2700,1860087
2012-09-28,6.1400,6.2400,4.8600,5.1300,4304568
2012-09-21,5.7200,6.2000,5.6000,6.1600,2568305
2012-09-14,5.3500,5.8600,5.2100,5.7400,3057609
2012-09-07,5.3000,5.3900,5.0900,5.3300,1614507
2012-08-31,4.8200,5.5800,4.7300,5.2900,3484210
2012-08-24,4.5500,4.9400,4.3400,4.8200,1759571
2012-08-17,4.3600,4.6400,4.2200,4.6000,1084956
2012-08-10,4.2600,4.6250,4.1200,4.3800,1432532
2012-08-03,4.4600,4.4620,4.1000,4.2400,1169280
2012-07-27,4.2000,4.4700,4.0300,4.4700,1410831
2012-07-20,4.3200,4.4500,4.1100,4.2850,1441748
2012-07-13,4.5800,4.7300,4.2100,4.3300,1938511
2012-07-06,4.6700,5.0700,4.5400,4.6000,2329702
2012-06-29,4.7700,4.8400,4.4900,4.6800,2707306
2012-06-22,3.8800,4.9200,3.8700,4.8800,5709362
2012-06-15,3.7300,4.0000,3.5200,3.9200,2167394
2012-06-08,3.5600,3.7500,3.4500,3.7000,1140280
2012-06-01,3.7000,3.7500,3.5100,3.5100,1423708
2012-05-25,3.4300,3.8800,3.4000,3.6700,2377825
2012-05-18,4.1100,4.1200,3.3500,3.4300,3086474
2012-05-11,4.0400,4.1600,4.0000,4.1300,1913654
2012-05-04,4.3600,4.4700,4.0400,4.0400,4008768
2012-04-27,4.0700,4.3900,3.9450,4.3500,3274474
2012-04-20,4.3300,4.3300,4.0000,4.1100,2315081
2012-04-13,4.2400,4.4200,4.1000,4.2100,2576118
2012-04-05,4.3700,4.4100,4.1700,4.2600,1609268
2012-03-30,4.5000,4.5200,4.1200,4.3600,8301929
2012-03-23,4.9300,4.9500,4.1100,4.4700,5979417
2012-03-16,5.0300,5.0680,4.5600,4.9700,6358843
2012-03-09,8.4100,8.5000,4.8000,5.0400,22999757
2012-03-02,8.7100,8.9000,8.1600,8.4000,4340876
2012-02-24,8.9250,9.0900,8.5410,8.7900,4608692
2012-02-17,8.4600,9.2300,7.9510,8.6000,6300298
2012-02-10,7.8700,8.7700,7.7100,8.4000,5056525
2012-02-03,6.5600,8.0500,6.5100,7.9100,6308567
2012-01-27,6.5900,6.7600,6.1700,6.7400,6331077
2012-01-20,6.8000,6.9750,6.2300,6.4700,3632015
2012-01-13,7.2000,7.3900,6.7300,6.7800,4581373
2012-01-06,7.7000,7.7100,6.6700,7.0000,3153182
2011-12-30,7.6800,7.7500,7.4100,7.5800,1552504
2011-12-23,7.7200,8.1500,7.5000,7.6800,3085264
2011-12-16,8.2299,8.6099,7.4300,7.6700,4312154
2011-12-09,6.9400,8.5000,6.9000,8.2500,5464854
2011-12-02,6.8500,7.2200,6.7300,6.8600,3218469
2011-11-25,7.0800,7.3400,6.6400,6.6600,2246236
2011-11-18,6.1700,7.7000,6.1700,7.1400,6108521
2011-11-11,6.4900,6.5000,5.9300,6.1900,2232231
2011-11-04,7.4500,7.4600,6.2600,6.5000,2542124
2011-10-28,6.3700,7.5400,6.3300,7.5350,2220856
2011-10-21,6.4000,6.5350,6.0720,6.3500,1886084
2011-10-14,6.2400,6.4000,6.1000,6.4000,1365782
2011-10-07,5.9700,6.3100,5.6300,6.1400,2546211
2011-09-30,6.6100,6.8700,5.8600,5.9800,3028793
2011-09-23,7.0100,7.1200,6.3600,6.5400,2721748
2011-09-16,7.0600,7.3800,6.9000,7.0800,1981850
2011-09-09,6.9000,7.6900,6.8500,7.0600,1493002
2011-09-02,7.2100,7.7500,6.7500,7.1500,2743388
2011-08-26,6.9000,7.2000,6.5400,7.1300,3385253
2011-08-19,6.7600,7.2200,6.4100,6.7000,3043648
2011-08-12,6.3300,7.0600,5.6700,6.6800,5820733
2011-08-05,8.3500,8.3600,6.3100,6.5200,7765414
2011-07-29,9.6200,9.6500,7.7200,8.0100,12849612
2011-07-22,7.9900,11.5900,7.8600,9.6900,19157223
2011-07-15,8.5000,8.6800,7.8408,8.1000,5883572
2011-07-08,9.3000,9.3500,8.3800,8.5400,4389692
2011-07-01,9.0800,9.6100,8.8000,9.3000,8167112
2011-06-24,8.0300,9.4400,7.8000,8.9500,22937881
2011-06-17,6.9900,8.2400,6.8500,8.1000,8033696
2011-06-10,6.1700,6.9900,6.1100,6.9300,4188473
2011-06-03,6.6000,6.7700,6.2000,6.2800,3026363
2011-05-27,5.5600,6.5000,5.3900,6.4300,3233575
2011-05-20,5.8500,6.1900,5.5000,5.5700,2830794
2011-05-13,5.0000,6.0100,4.6600,5.9100,6348038
2011-05-06,4.5200,4.7200,4.1500,4.4700,2272414
2011-04-29,4.2400,5.2700,4.2290,4.5300,4592118
2011-04-21,4.1300,4.2400,4.0200,4.2000,483863
2011-04-15,4.2900,4.2900,4.0200,4.1300,677348
2011-04-08,3.9100,4.3120,3.7500,4.1600,1929322
2011-04-01,4.0000,4.1100,3.6300,3.8000,1413642
2011-03-25,3.5500,3.9900,3.4600,3.9600,960955
2011-03-18,3.5000,3.6800,3.3600,3.5300,1037986
2011-03-11,3.2000,3.6200,3.1000,3.5100,1111702
2011-03-04,3.2000,3.2900,3.1700,3.2100,330254
2011-02-25,3.3200,3.3700,3.1400,3.1990,363974
2011-02-18,3.0600,3.3500,3.0200,3.3200,744785
2011-02-11,3.1500,3.1900,3.0100,3.0400,328789
2011-02-04,3.0500,3.2000,2.9900,3.1400,541868
2011-01-28,3.1000,3.1900,3.0500,3.0800,390502
2011-01-21,3.3100,3.3500,3.0500,3.0699,463343
2011-01-14,3.2000,3.2900,3.1400,3.2599,712442
2011-01-07,3.2300,3.2700,3.2000,3.2100,553221
2010-12-31,3.5000,3.5396,3.1740,3.2600,1403338
2010-12-23,3.5000,4.2000,3.3600,3.4900,2186599
2010-12-17,3.2200,3.4500,3.1100,3.4500,757036
2010-12-10,3.3800,3.4140,3.2200,3.2300,598713
2010-12-03,3.3700,3.4700,3.2500,3.3800,483598
2010-11-26,3.3900,3.4800,3.3500,3.3900,791632
2010-11-19,3.4100,3.4200,3.2600,3.4200,525951
2010-11-12,3.4300,3.4700,3.3100,3.3700,478951
2010-11-05,3.4500,3.5000,3.3300,3.4200,603196
2010-10-29,3.4100,3.4400,3.2800,3.4400,977127
2010-10-22,3.3800,3.5700,3.2800,3.4100,1900699
2010-10-15,3.5600,3.5600,3.3300,3.3800,1083351
2010-10-08,3.5200,3.7900,3.4400,3.5500,1007829
2010-10-01,3.4500,3.5500,3.3500,3.5500,1159223
2010-09-24,3.8500,4.7300,3.2900,3.3000,3238202
2010-09-17,3.6800,3.8500,3.5400,3.8100,318833
2010-09-10,3.5700,3.6400,3.4500,3.6300,188649
2010-09-03,3.3300,3.5700,3.2300,3.5600,265528
2010-08-27,3.3500,3.3500,3.2200,3.3400,179926
2010-08-20,3.4500,3.5000,3.2100,3.3299,288032
2010-08-13,3.4600,3.6700,3.2800,3.4500,529132
2010-08-06,3.6100,3.7500,3.4500,3.4900,314528
2010-07-30,3.5800,3.7500,3.4610,3.5800,320061
2010-07-23,3.7000,3.7000,3.5300,3.6500,243342
2010-07-16,3.3600,3.7000,3.3600,3.7000,366983
2010-07-09,3.2500,3.4500,3.2099,3.3800,208941
2010-07-02,3.4200,3.4200,3.1000,3.1900,377558
2010-06-25,3.7400,3.8400,3.3600,3.3900,495398
2010-06-18,3.5300,4.3500,3.5200,3.6500,1570775
2010-06-11,3.6900,3.8000,3.3000,3.5100,351344
2010-06-04,3.4300,3.7800,3.4300,3.7000,358721
2010-05-28,3.4300,3.6000,3.2100,3.4900,428926
2010-05-21,3.7000,3.8000,3.2800,3.4800,524215
2010-05-14,3.4000,3.8000,3.3600,3.7300,490924
2010-05-07,4.0900,4.1300,2.1500,3.3100,1264569
2010-04-30,3.7300,4.2200,3.6700,4.0400,909424
2010-04-23,3.8700,4.0100,3.6000,3.7600,716732
2010-04-16,3.5800,4.0900,3.5700,3.8000,1221855
2010-04-09,3.3900,3.9200,3.3800,3.6100,1044091
2010-04-01,3.4200,3.5200,3.3619,3.4100,703062
2010-03-26,4.6900,4.9900,3.1600,3.4200,5420034
2010-03-19,4.8200,4.9900,4.5200,4.7300,797855
2010-03-12,4.9600,5.1299,4.8100,4.8900,630818
2010-03-05,4.8700,5.1400,4.8000,4.9500,579477
2010-02-26,4.9800,5.0200,4.7200,4.8000,510088
2010-02-19,5.1900,5.2200,4.8000,4.9600,734610
2010-02-12,4.9300,5.1600,4.6800,5.1400,652078
2010-02-05,4.9600,5.1100,4.6200,4.9300,811941
2010-01-29,5.1000,5.1800,4.8500,4.8999,754310
2010-01-22,5.3100,5.5000,5.0800,5.1300,573199
2010-01-15,5.8900,5.9000,5.3100,5.3299,899089
2010-01-08,5.5300,5.8900,5.4500,5.8499,1068758
2009-12-31,5.0100,5.4300,4.8100,5.3900,800448
2009-12-24,5.2100,5.2500,4.7900,5.0099,848023
2009-12-18,5.3300,5.4094,5.0800,5.1800,619428
2009-12-11,4.8400,5.8600,4.7000,5.3100,2382308
2009-12-04,4.7100,4.8500,4.4400,4.8500,843943
2009-11-27,4.7700,4.8500,4.4000,4.6000,529083
2009-11-20,4.5100,4.9500,4.4100,4.7000,1061719
2009-11-13,4.5100,5.7300,4.3200,4.3600,4164994
2009-11-06,3.5500,4.5000,3.4100,4.5000,1298867
2009-10-30,4.0400,4.2000,3.4100,3.5300,1817805
2009-10-23,4.8300,4.8496,4.0500,4.0900,1428805
2009-10-16,4.7500,5.0300,4.6500,4.7700,950369
2009-10-09,4.9400,5.1500,4.5400,4.7100,1702428
2009-10-02,5.3900,5.4600,4.7500,5.0100,1729359
2009-09-25,6.3400,6.3600,5.1000,5.3000,3377521
2009-09-18,5.8000,7.0000,5.6800,6.3400,5626124
2009-09-11,5.3800,5.9700,5.3700,5.7700,2436577
2009-09-04,5.5500,5.6300,4.9800,5.3200,1915052
2009-08-28,5.2800,5.7500,5.2300,5.5800,1953921
2009-08-21,5.0000,5.5700,4.8100,5.3201,2955525
2009-08-14,5.6900,6.2400,5.2100,5.2300,5838392
2009-08-07,5.2000,7.7700,5.1700,5.4400,19011167
2009-07-31,4.1000,4.7200,4.0200,4.6299,3011705
2009-07-24,3.1600,4.0400,3.1600,3.9600,2170731
2009-07-17,3.1300,3.2700,2.9900,3.1600,563484
2009-07-10,3.7500,3.7500,3.0000,3.1200,1197612
2009-07-02,3.6400,3.9100,3.3601,3.6310,2052495
2009-06-26,2.4500,3.5000,2.4500,3.4500,5206125
2009-06-19,2.6000,2.6000,2.2000,2.2800,1193749
2009-06-12,2.7400,2.7500,2.5600,2.6000,921464
2009-06-05,2.9500,2.9900,2.5400,2.6600,2887409
2009-05-29,2.6700,2.7500,2.5000,2.6100,1185731
2009-05-22,3.0000,4.0500,2.5600,2.7300,4560943
2009-05-15,3.9000,4.0500,2.6001,2.9800,782389
2009-05-08,3.8800,4.0900,3.7000,3.8999,426847
2009-05-01,3.0000,4.8900,2.9700,3.7800,2037784
2009-04-24,2.9000,2.9900,2.7900,2.9400,211595
2009-04-17,2.9300,3.1000,2.7000,2.9101,593360
2009-04-09,2.4200,2.9500,2.2200,2.8000,498958
2009-04-03,1.3600,2.7000,1.3500,2.2400,802688
2009-03-27,1.2000,1.4899,1.1800,1.4799,96921
2009-03-20,1.2000,1.3000,1.1400,1.2200,94308
2009-03-13,0.9000,1.2000,0.9000,1.1600,100894
2009-03-06,1.0500,1.0900,0.8237,0.9000,101790
2009-02-27,1.2100,1.2100,1.0100,1.0348,137199
2009-02-20,1.2600,1.4200,1.2000,1.2101,84296
2009-02-13,1.3800,1.6000,1.2600,1.4200,208779
2009-02-06,1.1500,1.4400,1.1300,1.3500,207147
2009-01-30,1.1000,1.4099,1.0500,1.1200,166777
2009-01-23,0.9100,1.0700,0.8800,1.0699,47122
2009-01-16,0.8800,1.0896,0.8400,0.9100,153399
2009-01-09,0.7999,0.9500,0.7700,0.9500,93741
2009-01-02,0.7100,0.8500,0.6500,0.8100,222891
2008-12-26,0.8000,0.8700,0.7500,0.7899,130114
2008-12-19,0.7900,0.8800,0.7000,0.8200,253065
2008-12-12,0.8600,0.8900,0.7300,0.8200,160892
2008-12-05,0.9000,0.9200,0.8200,0.8701,96549
2008-11-28,0.7300,0.9800,0.7200,0.9000,90498
2008-11-21,0.8400,0.8900,0.7400,0.8000,147692
2008-11-14,1.1300,1.1700,0.8500,0.8500,57183
2008-11-07,0.9899,1.0300,0.9400,0.9600,92032
2008-10-31,1.1100,1.1100,0.8000,0.9300,115895
2008-10-24,0.8800,1.1500,0.8800,0.9600,519541
2008-10-17,0.7300,1.0000,0.7000,0.8300,119504
2008-10-10,1.0700,1.0700,0.6200,0.6901,272624
2008-10-03,1.2000,1.2300,1.0300,1.1200,164059
2008-09-26,1.3000,1.4280,1.1400,1.1900,119181
2008-09-19,1.5800,1.7416,1.2500,1.3800,193627
2008-09-12,2.1400,2.2800,1.5500,1.6600,219199
2008-09-05,2.3300,2.4700,1.9800,2.1200,102770
2008-08-29,2.1500,2.3500,1.4300,2.3400,424323
2008-08-22,2.3200,2.3500,2.1030,2.1100,166847
2008-08-15,2.3600,2.4500,2.1100,2.4500,117357
2008-08-08,2.2000,2.4400,2.1700,2.3700,49091
2008-08-01,2.6100,2.6500,2.1500,2.1500,164887
2008-07-25,2.7000,2.8300,2.6140,2.6400,80629
2008-07-18,2.6000,2.7000,2.5000,2.6900,89015
2008-07-11,2.6400,2.9200,2.5300,2.6399,157303
2008-07-03,2.4700,3.0000,2.3800,2.6800,227855
2008-06-27,2.5700,2.5900,2.4044,2.4700,117328
2008-06-20,2.8200,2.9800,2.5500,2.6000,161807
2008-06-13,3.3200,3.4480,2.5500,2.8700,265706
2008-06-06,3.3100,3.5200,3.2100,3.3500,88777
2008-05-30,3.5100,3.6100,3.3800,3.4800,82420
2008-05-23,3.5100,3.6000,3.4500,3.5100,71540
2008-05-16,3.6000,3.6000,3.3700,3.5400,84203
2008-05-09,3.5100,3.6000,3.3500,3.5600,106140
2008-05-02,3.1800,4.0100,3.1600,3.4600,428769
2008-04-25,3.2000,3.2200,2.6800,3.1728,219281
2008-04-18,2.8600,3.7900,2.8500,3.2300,301984
2008-04-11,3.5300,3.5300,2.7100,2.8000,546794
2008-04-04,4.2500,4.2899,3.5000,3.5299,386401
2008-03-28,4.4500,4.7000,4.2000,4.2800,239407
2008-03-20,3.9500,4.6299,3.8400,4.6299,261678
2008-03-14,4.0000,4.2000,3.8400,4.1000,504313
2008-03-07,3.8100,4.0000,3.5100,3.9700,369192
2008-02-29,3.8400,4.1800,3.5300,3.8100,686959
2008-02-22,3.6800,3.8900,3.1800,3.6399,674580
2008-02-15,2.3000,3.8900,2.3000,3.6500,1071054
2008-02-08,2.2000,2.3300,2.1700,2.3100,297382
2008-02-01,1.5500,2.7000,1.5000,2.2000,909448
2008-01-25,1.6500,1.6500,1.4700,1.5230,267335
2008-01-18,2.0000,2.0300,1.6200,1.7500,297629
2008-01-11,2.2700,2.3900,1.9000,2.0100,260372
2008-01-04,2.3100,2.4900,2.1600,2.3000,314029
2007-12-28,2.3000,2.6500,2.2800,2.3350,403575
2007-12-21,3.0600,3.1800,2.2000,2.2500,509112
2007-12-14,0.5500,4.3900,0.5200,3.4500,772373
2007-12-07,0.3888,0.6900,0.3400,0.5900,5242873
2007-11-30,0.3988,0.4100,0.3505,0.3609,1293534
2007-11-23,0.5300,0.5399,0.3600,0.3899,2479636
2007-11-16,0.5400,0.5700,0.5200,0.5300,1510363
2007-11-09,0.7000,0.7100,0.5000,0.5500,3271597
2007-11-02,0.7400,0.7500,0.6800,0.7000,1233855
2007-10-26,0.8100,0.8100,0.7009,0.7199,1395739
2007-10-19,0.8800,0.9000,0.7511,0.7900,1673295
2007-10-12,0.9000,0.9386,0.8800,0.8800,1056243
2007-10-05,0.9302,0.9500,0.8800,0.9000,1226085
2007-09-28,0.9500,0.9701,0.9205,0.9300,778816
2007-09-21,0.9400,1.0300,0.9200,0.9700,1353189
2007-09-14,1.0600,1.0900,0.8800,0.9200,4296534
2007-09-07,1.0600,1.1300,1.0400,1.0600,1342327
2007-08-31,0.9700,1.0700,0.9608,1.0500,1113202
2007-08-24,0.9900,1.0200,0.9500,0.9600,660967
2007-08-17,1.0200,1.0400,0.9300,0.9800,934807
2007-08-10,0.9900,1.0700,0.9300,1.0300,1272375
2007-08-03,1.0100,1.0200,0.9300,0.9700,1915478
2007-07-27,1.0500,1.0700,1.0100,1.0200,1005369
2007-07-20,1.0900,1.1000,1.0400,1.0600,1059901
2007-07-13,1.1400,1.1500,1.0600,1.0900,1629875
2007-07-06,1.0300,1.1300,0.9900,1.1000,2050497
2007-06-29,1.0900,1.0900,1.0300,1.0300,1256239
2007-06-22,1.1100,1.1400,1.0600,1.0700,1062907
2007-06-15,1.1100,1.1200,1.1000,1.1000,651034
2007-06-08,1.1200,1.1400,1.1000,1.1100,879257
2007-06-01,1.1300,1.1700,1.1100,1.1300,949613
2007-05-25,1.1500,1.1720,1.1000,1.1200,1022751
2007-05-18,1.1200,1.1500,1.0900,1.1400,1435513
2007-05-11,1.2000,1.2200,1.1000,1.1200,2753045
2007-05-04,1.2000,1.2600,1.1400,1.2000,2572958
2007-04-27,1.3400,1.3500,1.1500,1.1700,2844285
2007-04-20,1.3200,1.3900,1.2500,1.3300,5561083
2007-04-13,1.3600,1.5100,1.2300,1.2699,11426020
2007-04-05,1.1600,1.3800,1.1300,1.3400,10719307
2007-03-30,1.0500,1.2500,1.0000,1.1500,5907010
2007-03-23,1.0500,1.0600,1.0100,1.0600,1280275
2007-03-16,1.1000,1.1140,1.0400,1.0500,1123406
2007-03-09,1.0400,1.1300,1.0400,1.0600,1740754
2007-03-02,1.2200,1.2300,1.0700,1.0900,2150585
2007-02-23,1.2100,1.2200,1.1600,1.1800,1285377
2007-02-16,1.1600,1.2800,1.1100,1.2000,3084937
2007-02-09,1.1400,1.1800,1.0900,1.1600,1906190
2007-02-02,1.2000,1.2200,1.1200,1.1300,2071611
2007-01-26,1.2500,1.2700,1.1800,1.2100,1222608
2007-01-19,1.2600,1.3100,1.2300,1.2600,1671584
2007-01-12,1.2300,1.2600,1.1600,1.2600,1918399
2007-01-05,1.3400,1.3400,1.1800,1.2000,3842677
2006-12-29,1.1800,1.1900,1.0800,1.1400,2580591
2006-12-22,1.3000,1.3000,1.1700,1.1899,2302046
2006-12-15,1.4000,1.7000,1.2000,1.2900,13544189
2006-12-08,1.4000,1.4200,1.3500,1.4000,1116494
2006-12-01,1.3600,1.5500,1.3300,1.4000,4894042
2006-11-24,1.2700,1.4000,1.2700,1.3600,1252385
2006-11-17,1.2700,1.3100,1.2500,1.2800,931878
2006-11-10,1.3300,1.4100,1.2500,1.2700,2365031
2006-11-03,1.1800,1.3300,1.1700,1.3200,1944527
2006-10-27,1.2700,1.2900,1.1500,1.1800,1310702
2006-10-20,1.1500,1.3500,1.1100,1.2600,4772612
2006-10-13,1.1700,1.2000,1.1100,1.1300,1442892
2006-10-06,1.0600,1.1700,1.0200,1.1700,1131502
2006-09-29,1.0600,1.0700,1.0200,1.0600,471975
2006-09-22,1.0500,1.0900,1.0100,1.0500,500197
2006-09-15,1.1000,1.1200,1.0000,1.0400,732128
2006-09-08,1.1900,1.1900,1.1000,1.1100,405934
2006-09-01,1.1300,1.1900,1.1000,1.1700,1142114
2006-08-25,1.0200,1.2900,0.9900,1.1600,3438221
2006-08-18,0.9000,1.0000,0.9000,0.9900,754582
2006-08-11,0.9600,0.9800,0.8500,0.9000,1015271
2006-08-04,0.9700,1.0300,0.9200,0.9500,998727
2006-07-28,1.0500,1.0900,0.9700,1.0000,849906
2006-07-21,1.0000,1.0900,0.9589,1.0800,987599
2006-07-14,1.1000,1.1000,0.9835,1.0100,895426
2006-07-07,1.0900,1.0900,1.0600,1.0700,261596
2006-06-30,1.0600,1.1100,1.0300,1.0700,574968
2006-06-23,1.0800,1.1100,1.0500,1.0700,584865
2006-06-16,1.1400,1.1600,1.0400,1.0800,952394
2006-06-09,1.2100,1.2400,1.1300,1.1400,1012080
2006-06-02,1.1800,1.2200,1.1700,1.2200,545090
2006-05-26,1.2500,1.2900,1.1500,1.2000,1625389
2006-05-19,1.2400,1.3400,1.2400,1.2700,1441357
2006-05-12,1.2900,1.3400,1.2500,1.2700,1605892
2006-05-05,1.4100,1.4300,1.2500,1.3000,3214939
2006-04-28,1.2200,1.5400,1.2200,1.4001,5439091
2006-04-21,1.2800,1.3100,1.2300,1.2400,1554137
2006-04-13,1.2800,1.3000,1.2300,1.2800,1338649
2006-04-07,1.3800,1.4000,1.2100,1.2600,3076187
2006-03-31,1.4100,1.4400,1.3500,1.3600,2371634
2006-03-24,1.3500,1.4600,1.3500,1.4120,2070694
2006-03-17,1.3800,1.4100,1.3500,1.3599,1395071
2006-03-10,1.4700,1.4700,1.3800,1.3800,1801007
2006-03-03,1.5000,1.5200,1.4300,1.4500,1717118
2006-02-24,1.4300,1.4700,1.4000,1.4700,1914317
2006-02-17,1.4400,1.4700,1.4100,1.4500,2267111
2006-02-10,1.5400,1.5700,1.4300,1.4400,4087781
2006-02-03,1.5200,1.5500,1.4500,1.5000,6692023
2006-01-27,1.5200,2.0000,1.4500,1.4900,12158058
2006-01-20,1.4400,1.5700,1.4100,1.5200,1465100
2006-01-13,1.5800,1.6200,1.4100,1.4300,2292853
2006-01-06,1.4200,1.6000,1.3900,1.5700,2228690
2005-12-30,1.3100,1.5500,1.3100,1.4000,2120735
2005-12-23,1.3300,1.3600,1.2700,1.3100,1793198
2005-12-16,1.4500,1.5000,1.3300,1.3400,1790790
2005-12-09,1.5100,1.5700,1.4600,1.4700,1444722
2005-12-02,1.6000,1.6200,1.4900,1.5100,1281148
2005-11-25,1.7100,1.7200,1.5100,1.6200,2533428
2005-11-18,1.2500,1.8000,1.2000,1.7000,5253193
2005-11-11,1.2600,1.2900,1.2400,1.2500,1081544
2005-11-04,1.2800,1.3100,1.2000,1.2300,1303010
2005-10-28,1.3200,1.3900,1.2500,1.2900,1493435
2005-10-21,1.3300,1.4000,1.2700,1.3200,736189
2005-10-14,1.3400,1.3800,1.2800,1.3100,1143101
2005-10-07,1.3600,1.4200,1.3500,1.3500,1142233
2005-09-30,1.4500,1.4700,1.3500,1.3800,2207050
2005-09-23,1.6400,1.6800,1.4000,1.4200,2348953
2005-09-16,1.7500,1.8000,1.6300,1.6500,2287133
2005-09-09,1.4800,1.6900,1.4800,1.6499,2009138
2005-09-02,1.4700,1.6100,1.4600,1.4800,1341371
2005-08-26,1.4600,1.5700,1.4500,1.5000,881668
2005-08-19,1.4100,1.6000,1.4100,1.4700,1009289
2005-08-12,1.5800,1.6100,1.4300,1.4300,1549835
2005-08-05,1.6000,1.6800,1.5800,1.6000,1120320
2005-07-29,1.6000,1.7000,1.6000,1.6200,1207207
2005-07-22,1.6800,1.7040,1.6100,1.6100,1986876
2005-07-15,1.6900,1.7500,1.6800,1.7000,1189265
2005-07-08,1.7000,1.7400,1.6500,1.7100,910720
2005-07-01,1.6900,1.7400,1.6700,1.7300,663524
2005-06-24,1.8000,1.8600,1.6800,1.6900,1909849
2005-06-17,1.6600,1.8200,1.6000,1.8200,2072560
2005-06-10,1.7800,1.7800,1.6500,1.6900,1860728
2005-06-03,1.7700,1.8600,1.7200,1.7500,1368876
2005-05-27,1.8000,1.8500,1.7200,1.7900,2563064
2005-05-20,1.9900,1.9900,1.6500,1.8000,5464006
2005-05-13,2.0500,2.2400,2.0100,2.0900,2930088
2005-05-06,1.9100,2.0800,1.9000,2.0600,1390440
2005-04-29,1.9500,2.0100,1.8000,1.9000,1423131
2005-04-22,1.9600,2.0700,1.9500,1.9500,1213414
2005-04-15,2.2000,2.2200,1.9700,1.9900,1863318
2005-04-08,1.8800,2.2500,1.8500,2.1700,2428957
2005-04-01,2.0300,2.0900,1.8500,1.9100,2307635
2005-03-24,2.0600,2.1000,2.0100,2.0210,1218822
2005-03-18,2.0400,2.3800,2.0000,2.0800,2876339
2005-03-11,2.0800,2.1500,2.0100,2.0400,2506680
2005-03-04,2.1500,2.2100,2.0000,2.0700,3480028
2005-02-25,2.6900,2.6900,2.1700,2.1800,4357234
2005-02-18,2.3200,2.7610,2.3000,2.6200,7159375
2005-02-11,2.2300,2.7200,2.1800,2.3400,11272983
2005-02-04,2.0000,2.2000,1.9100,2.1800,4366705
2005-01-28,1.9200,2.0100,1.7700,1.9000,3736902
2005-01-21,2.1000,2.2800,1.9200,1.9200,4761057
2005-01-14,2.2000,2.3600,2.0700,2.1200,6687019
2005-01-07,2.4900,2.5000,2.0500,2.1500,6937754
2004-12-31,2.3000,2.6100,2.2100,2.4100,10231308
2004-12-23,2.6600,2.7200,2.2500,2.2500,8620831
2004-12-17,2.5900,2.8400,2.5000,2.6400,17814010
2004-12-10,3.4200,4.1500,2.3700,2.5100,104900980
2004-12-03,1.3900,3.7700,1.3900,3.2800,89057552
2004-11-26,1.3500,1.4700,1.3100,1.3900,914511
2004-11-19,1.3500,1.3900,1.3100,1.3300,1116732
2004-11-12,1.3400,1.4200,1.3200,1.3700,1277658
2004-11-05,1.7300,1.7300,1.3200,1.3800,3863527
2004-10-29,1.3500,1.5000,1.3300,1.4000,1564174
2004-10-22,1.2400,1.4200,1.2400,1.3800,1155405
2004-10-15,1.4100,1.4700,1.2500,1.2700,953064
2004-10-08,1.5400,1.5700,1.4000,1.4000,1294847
2004-10-01,1.1000,1.7400,1.1000,1.4300,8630501
2004-09-24,1.1200,1.2400,1.0900,1.1600,656511
2004-09-17,1.1300,1.3300,1.1000,1.1200,1424129
2004-09-10,1.1000,1.1800,1.0000,1.1400,603728
2004-09-03,0.9700,1.0900,0.9500,1.0500,737735
2004-08-27,1.0000,1.0300,0.9300,0.9700,580767
2004-08-20,0.9800,1.0400,0.9500,1.0000,468059
2004-08-13,0.9900,1.0900,0.9500,0.9880,804744
2004-08-06,1.3000,1.3500,0.9800,1.0100,1224047
2004-07-30,0.8000,1.3500,0.7900,1.2900,2915756
2004-07-23,1.1400,1.1500,0.7700,0.7900,2483998
2004-07-16,1.2000,1.2400,1.1000,1.1400,1104257
2004-07-09,1.2700,1.3000,1.0500,1.1500,1828229
2004-07-02,1.3200,1.3500,1.2500,1.2800,1499504
2004-06-25,1.3600,1.4300,1.3200,1.3300,1281685
2004-06-18,1.4200,1.4400,1.3000,1.3900,1779436
2004-06-10,1.5000,1.5500,1.4200,1.4200,3121136
2004-06-04,1.5200,1.6400,1.5200,1.5800,1385868
2004-05-28,1.5300,1.6000,1.4500,1.5500,1671033
2004-05-21,1.5100,1.7400,1.4600,1.5500,1817748
2004-05-14,1.5500,1.5900,1.4200,1.5300,1864861
2004-05-07,1.5900,1.6500,1.5300,1.5700,2037132
2004-04-30,1.7800,2.0900,1.4900,1.5800,12914494
2004-04-23,1.8500,1.8500,1.6900,1.7200,2116340
2004-04-16,1.8200,1.8700,1.7300,1.7700,3461041
2004-04-08,1.7700,1.9200,1.7700,1.8600,2722511
2004-04-02,1.9900,2.0900,1.7900,1.8200,7077748
2004-03-26,1.7700,2.1000,1.7490,1.9900,4810553
2004-03-19,1.9200,1.9900,1.7300,1.8500,3511912
2004-03-12,2.0500,2.1900,1.9000,1.9600,8061893
2004-03-05,1.8400,2.4500,1.8100,2.0300,27323356
2004-02-27,1.7300,1.8600,1.6200,1.7800,3701679
2004-02-20,1.8000,1.8100,1.6800,1.7100,2457703
2004-02-13,1.8700,1.9100,1.7600,1.7790,2942251
2004-02-06,1.9000,1.9600,1.7500,1.8400,4870341
2004-01-30,2.0300,2.1400,1.7000,1.8900,11851301
2004-01-23,1.6900,2.1100,1.6000,2.0600,13185464
2004-01-16,1.6300,1.8000,1.3900,1.6100,3312015
2004-01-09,1.5500,1.7900,1.3800,1.6100,6750724
2004-01-02,1.3600,1.5600,1.2600,1.5100,3796049
2003-12-26,1.3300,1.4000,1.3300,1.3800,1489722
2003-12-19,1.4000,1.4300,1.3000,1.3800,3625418
2003-12-12,1.6700,1.7400,1.2500,1.3800,10050860
2003-12-05,1.6500,1.6700,1.4600,1.5100,3141901
2003-11-28,1.4700,1.6000,1.4000,1.6000,1497254
2003-11-21,1.5600,1.5800,1.3800,1.4400,2863118
2003-11-14,1.7000,1.7200,1.5400,1.5700,3235373
2003-11-07,1.7300,1.7400,1.6000,1.6600,3525984
2003-10-31,1.7100,1.8100,1.6400,1.7100,4234278
2003-10-24,1.9600,1.9800,1.6800,1.7000,8166682
2003-10-17,1.9900,2.1320,1.9000,1.9200,9967642
2003-10-10,1.8100,2.1600,1.7600,1.9800,13277081
2003-10-03,1.9980,2.0100,1.5900,1.7500,5986873
2003-09-26,2.2400,2.2500,1.6300,1.9300,23733547
2003-09-19,1.4500,2.5500,1.4400,2.3400,25517894
2003-09-12,1.5400,1.5900,1.4100,1.4500,3289838
2003-09-05,1.3600,1.6200,1.3000,1.5400,6027932
2003-08-29,1.3800,1.4000,1.1900,1.3000,2368323
2003-08-22,1.2600,1.5300,1.2400,1.3550,4361480
2003-08-15,1.2100,1.3000,1.1900,1.2400,1386338
2003-08-08,1.2600,1.3200,1.1800,1.1900,2324992
2003-08-01,1.1800,1.4900,1.1700,1.2800,5047559
2003-07-25,1.3300,1.4500,1.1000,1.1800,3533462
2003-07-18,1.6100,1.6100,1.3100,1.3400,4069176
2003-07-11,1.4500,1.6000,1.3000,1.5500,6141127
2003-07-03,1.4800,1.4900,1.2500,1.4000,7613416
2003-06-27,1.6600,1.8200,1.4800,1.5000,11978325
2003-06-20,4.5800,4.5900,1.3800,1.7000,54861694
2003-06-13,2.3800,4.9500,2.3000,4.4000,24419833
2003-06-06,2.2500,2.3600,2.1000,2.2700,3714398
2003-05-30,1.9300,2.5900,1.8600,2.4300,11351345
2003-05-23,1.6000,1.8600,1.4400,1.8200,4348876
2003-05-16,1.2900,1.6500,1.2600,1.5500,9520230
2003-05-09,1.2500,1.4600,1.0900,1.2300,7924728
2003-05-02,1.2400,1.9000,1.1300,1.2300,6935869
2003-04-25,1.0400,1.2500,1.0300,1.2000,1458481
2003-04-17,1.1300,1.1600,1.0300,1.0400,694990
2003-04-11,1.2400,1.2500,1.1200,1.1500,454233
2003-04-04,1.0800,1.3000,1.0800,1.1600,640550
2003-03-28,1.2000,1.2200,1.0500,1.1200,396646
2003-03-21,0.9700,1.3100,0.9500,1.2000,1086733
2003-03-14,1.0500,1.1000,0.9300,1.0000,383194
2003-03-07,1.1000,1.1100,1.0000,1.0700,341545
2003-02-28,1.1000,1.3400,1.0700,1.0900,840352
2003-02-21,1.0500,1.1600,1.0500,1.1000,379729
2003-02-14,1.1500,1.2500,1.0300,1.0800,332079
2003-02-07,1.1000,1.2000,0.9900,1.1500,438500
2003-01-31,1.1600,1.2300,1.1000,1.1100,297940
2003-01-24,1.1600,1.2300,1.1100,1.2200,295310
2003-01-17,1.3500,1.3600,1.1600,1.1900,588878
2003-01-10,1.0500,1.4700,1.0100,1.3100,1708659
2003-01-03,0.8500,1.0900,0.8500,1.0400,967880
2002-12-27,0.8200,0.9400,0.8100,0.9000,563950
2002-12-20,1.1100,1.1500,0.8600,0.9100,743060
2002-12-13,1.0900,1.1300,0.9000,1.0900,962524
2002-12-06,1.1500,1.2400,1.0400,1.0700,853520
2002-11-29,1.3500,1.4400,1.1200,1.1500,443716
2002-11-22,1.4500,1.4900,1.2500,1.3300,392775
2002-11-15,1.3500,1.4900,1.2500,1.3850,377835
2002-11-08,1.4200,1.5000,1.2500,1.3000,463390
2002-11-01,1.4200,1.9500,1.0100,1.2400,2209375
2002-10-25,0.8200,1.3700,0.7900,1.3500,1003272
2002-10-18,0.6910,0.8200,0.6600,0.8000,638398
2002-10-11,0.5900,0.7500,0.5600,0.7000,572660
2002-10-04,0.8800,0.8900,0.5400,0.5600,1088871
2002-09-27,0.9200,1.1200,0.7200,0.9100,1767525
2002-09-20,2.3900,2.4000,0.8700,0.9500,2141191
2002-09-13,2.5100,2.6590,2.2700,2.3900,365408
2002-09-06,2.6490,2.6500,2.4000,2.5400,293790
2002-08-30,2.9600,3.3200,2.5800,2.6100,580525
2002-08-23,2.5200,3.0300,2.5000,2.8500,601410
2002-08-16,2.5100,2.7900,2.4600,2.5200,409900
2002-08-09,2.5000,2.8000,2.3000,2.8000,313000
2002-08-02,2.2600,2.7500,2.2000,2.4900,246100
2002-07-26,2.2400,2.4000,2.1800,2.3100,947000
2002-07-19,2.3200,2.3700,2.1800,2.2500,331600
2002-07-12,2.2800,2.3500,2.0700,2.2500,312900
2002-07-05,2.8800,2.8800,2.2500,2.2900,374900
2002-06-28,2.4500,3.0500,2.2600,2.7800,586500
2002-06-21,2.3900,2.4500,2.2800,2.3800,321500
2002-06-14,2.3400,2.5000,2.2300,2.3000,330600
2002-06-07,2.6400,2.8000,2.3300,2.3700,427300
2002-05-31,2.9100,3.0500,2.6000,2.6400,278800
2002-05-24,3.4100,3.5000,2.7400,2.9100,678000
2002-05-17,2.3100,4.1700,2.2300,3.5800,1669600
2002-05-10,2.4100,2.4200,2.0600,2.2200,770200
2002-05-03,2.9200,2.9200,2.3810,2.4200,657200
2002-04-26,3.1100,3.2400,2.8600,2.9200,234600
2002-04-19,3.0200,3.2000,2.9600,3.1700,600000
2002-04-12,3.0000,3.2300,2.9500,3.0190,353000
2002-04-05,3.5500,3.5500,2.9000,3.0300,624100
2002-03-28,3.4500,3.6000,3.3000,3.4680,267400
2002-03-22,3.6800,3.7000,3.3800,3.4500,399700
2002-03-15,3.7800,3.8200,3.6200,3.6500,391000
2002-03-08,3.9000,3.9200,3.6300,3.6800,338300
2002-03-01,3.3600,3.8800,3.2700,3.8200,477000
2002-02-22,3.7000,3.7700,3.2700,3.3650,341400
2002-02-15,3.7400,3.9500,3.7000,3.7700,487900
2002-02-08,3.9000,3.9000,3.3500,3.7100,534800
2002-02-01,3.8000,3.9400,3.7700,3.8500,291900
2002-01-25,4.0300,4.2000,3.7800,3.8200,608300
2002-01-18,3.9400,4.1000,3.9000,4.0000,837100
2002-01-11,4.4700,4.7200,4.0500,4.0900,1193400
2002-01-04,4.2100,4.4800,4.1500,4.2900,780100
2001-12-28,3.8100,4.4000,3.8100,4.2675,834200
2001-12-21,4.0500,4.1900,3.7700,3.8600,860100
2001-12-14,4.2100,4.3400,3.9000,4.0200,600700
2001-12-07,4.2000,4.6000,3.8800,4.2900,822000
2001-11-30,4.3000,4.3600,4.0000,4.0900,588800
2001-11-23,4.4500,4.5700,4.2500,4.3600,294900
2001-11-16,4.7500,4.8500,4.3000,4.4700,651300
2001-11-09,3.9850,5.0000,3.9500,4.5900,1012800
2001-11-02,4.0500,4.0800,3.7600,3.9800,666500
2001-10-26,4.7500,4.8400,3.7600,4.0000,1389900
2001-10-19,5.2000,5.2000,4.6000,4.7500,644300
2001-10-12,5.1000,5.4300,4.6500,5.1700,838000
2001-10-05,4.6050,5.1500,4.4500,5.1500,1117000
2001-09-28,3.9000,4.9500,3.8900,4.6100,1450600
2001-09-21,4.7200,4.7400,3.4500,3.8000,1365200
2001-09-10,5.0100,5.0700,4.7800,4.9500,192700
2001-09-07,5.7050,5.7400,5.0100,5.1600,462600
2001-08-31,5.8500,6.0700,5.5000,5.7700,455800
2001-08-24,5.5000,5.9400,4.6400,5.7200,1503600
2001-08-17,5.9500,6.3200,5.6700,5.7200,524900
2001-08-10,6.6000,6.6400,5.9000,6.1200,399300
2001-08-03,6.5000,6.7900,6.4000,6.5800,441600
2001-07-27,6.7600,6.9100,6.3200,6.3700,370700
2001-07-20,6.7500,6.8900,6.6200,6.8200,288200
2001-07-13,7.1100,7.4000,6.7400,6.9100,375400
2001-07-06,6.9250,7.2900,6.8400,7.1200,261600
2001-06-29,6.8600,7.1900,6.4300,7.1900,565900
2001-06-22,7.2800,7.4200,6.7500,6.7800,604700
2001-06-15,7.4150,7.4900,7.1000,7.3300,633100
2001-06-08,7.8400,7.9200,7.3400,7.4200,591400
2001-06-01,8.1700,8.1800,7.4500,7.6300,669800
2001-05-25,7.4400,8.5000,7.4100,8.2000,2468000
2001-05-18,8.1350,8.2000,7.0500,7.2600,1478700
2001-05-11,8.2600,8.4900,7.7500,7.9400,1947600
2001-05-04,7.9500,9.6500,7.5000,8.4100,4384900
2001-04-27,6.3250,7.9000,6.2100,7.6500,1490800
2001-04-20,6.4000,6.4700,6.0000,6.3900,977500
2001-04-12,7.1400,7.1400,6.3900,6.4700,930400
2001-04-06,6.0938,7.2500,5.6250,6.7188,1519800
2001-03-30,5.9375,6.5625,5.7500,6.1875,571500
2001-03-23,6.1250,6.4375,5.1875,5.8125,786500
2001-03-16,6.7812,7.0000,5.9062,6.2188,645400
2001-03-09,6.2188,7.1562,5.9375,6.9375,437400
2001-03-02,6.5625,7.0000,5.8125,6.2500,661900
2001-02-23,7.3750,7.5625,6.2500,6.6250,622000
2001-02-16,7.2500,7.4375,6.5625,7.0000,606600
2001-02-09,8.0000,8.0000,7.1875,7.1875,594100
2001-02-02,8.0938,8.8125,8.0000,8.0000,816900
2001-01-26,7.7188,8.7500,7.6250,8.1250,973100
2001-01-19,7.7188,9.2500,7.6250,7.6875,1466500
2001-01-12,6.6250,7.5000,6.2500,7.3125,833600
2001-01-05,5.5000,6.9375,5.5000,6.5625,873400
2000-12-29,5.9844,6.0000,5.2500,5.3750,1734100
2000-12-22,6.8438,7.3125,5.1250,6.0000,1895200
2000-12-15,6.8750,7.7500,6.7500,6.8125,1354200
2000-12-08,7.2500,7.4375,6.2500,6.7500,1744500
2000-12-01,8.5000,9.0625,6.8750,7.3750,1473100
2000-11-24,9.3438,9.3750,8.1875,8.6250,885600
2000-11-17,8.8750,9.3125,8.2500,9.1250,1126300
2000-11-10,9.9375,10.4375,9.0000,9.0625,1175900
2000-11-03,8.9062,9.9375,8.5000,9.7656,1254600
2000-10-27,9.0625,9.4375,8.3750,9.0000,1210000
2000-10-20,9.5000,10.1250,8.6875,9.1250,1234200
2000-10-13,9.7500,10.2500,8.5000,9.3750,1832600
2000-10-06,10.6562,11.0000,9.2500,9.7500,1361700
2000-09-29,11.7812,12.0625,10.5000,10.5000,1867400
2000-09-22,9.9375,12.8750,9.8750,12.0000,4677400
2000-09-15,9.9375,10.5000,9.7500,10.0625,1555500
2000-09-08,9.8750,10.5000,9.7500,9.8750,1341300
2000-09-01,8.9062,10.7500,8.8125,10.0625,2292100
2000-08-25,9.1406,9.1875,8.1875,8.9375,1046000
2000-08-18,7.6875,9.6250,7.6250,9.1250,1731200
2000-08-11,7.4375,8.0000,7.2500,7.5625,955200
2000-08-04,7.0000,8.5000,6.6250,7.3750,1598000
2000-07-28,8.6250,8.6250,7.0625,7.0625,1727700
2000-07-21,8.5625,8.9688,8.2500,8.6250,1178800
2000-07-14,9.2500,9.4375,8.3125,8.6250,1396900
2000-07-07,9.2500,9.6250,9.0000,9.5000,728200
2000-06-30,9.3750,9.7500,8.8125,9.1875,1410600
2000-06-23,10.1875,10.6250,9.0625,9.6250,1931700
2000-06-16,10.6875,10.8125,10.1250,10.3125,1608100
2000-06-09,9.1250,11.5000,8.9688,10.5000,2930300
2000-06-02,8.1875,9.2500,8.0000,9.2500,1529400
2000-05-26,10.0000,10.0000,7.5938,7.7500,2659500
2000-05-19,9.9375,10.6875,9.5000,9.8750,2633900
2000-05-12,11.2500,12.2344,8.5000,9.8750,11855600
2000-05-05,8.3750,8.9375,7.6250,8.1250,1686800
2000-04-28,7.2500,7.8750,6.2500,7.6250,2051100
2000-04-20,4.8125,9.1250,4.8125,8.0000,3856900
2000-04-14,10.5625,10.5625,6.0000,6.1875,4177700
2000-04-07,10.0000,11.5000,7.7500,10.5000,5439100
2000-03-31,10.7500,13.7500,9.1250,10.1875,6671900
2000-03-24,12.1250,12.8750,8.0000,11.2500,8386900
2000-03-17,14.5000,15.4375,11.5625,12.4375,8263200
2000-03-10,18.6875,19.8125,13.6250,15.8125,10827500
2000-03-03,13.1250,22.1250,12.7500,17.6250,17057500
2000-02-25,13.8750,13.8750,11.5625,12.8750,5804000
2000-02-18,11.3125,14.0000,11.2500,13.3125,8417700
2000-02-11,10.6875,11.8125,10.4375,11.1875,4864200
2000-02-04,8.4375,11.5000,7.3125,10.3125,7832700
2000-01-28,14.8750,14.8750,8.2500,8.7500,15133600
2000-01-21,6.5000,15.0000,6.2500,12.9375,18338700
2000-01-14,5.1250,7.0000,4.8750,5.8125,7432700
