timestamp,open,high,low,close,volume
2018-02-27,59.8400,59.8700,58.2800,58.9900,31484
2018-02-23,58.3800,59.9990,56.3280,59.4100,128422
2018-02-16,57.0700,59.7394,56.3000,58.7200,135478
2018-02-09,56.0900,57.8650,54.3700,57.0300,155889
2018-02-02,57.9700,59.4900,56.0700,56.4700,99275
2018-01-26,58.1100,58.6770,56.7900,58.1700,156578
2018-01-19,58.8800,59.7000,56.5800,58.1200,63437
2018-01-12,57.5000,59.7000,56.7200,58.6700,75993
2018-01-05,58.3200,58.8200,56.8100,57.6500,93849
2017-12-29,59.7700,60.8200,58.2100,58.2100,86927
2017-12-22,64.3900,65.0000,59.1400,59.8800,116587
2017-12-15,61.9400,64.4900,60.8700,64.0100,204409
2017-12-08,63.9000,63.9000,60.5500,62.1500,196509
2017-12-01,65.8000,69.8600,65.3995,69.0200,128574
2017-11-24,64.9800,67.7600,64.9500,65.5800,92731
2017-11-17,62.8000,65.3900,62.5100,64.9100,166614
2017-11-10,64.5900,65.7500,62.1500,62.7600,103594
2017-11-03,65.0000,65.7600,63.7800,64.5700,98528
2017-10-27,64.8400,65.8000,63.4400,65.3300,73952
2017-10-20,66.4100,66.4100,64.3100,65.3700,85331
2017-10-13,64.7300,66.8000,64.2550,66.1200,139785
2017-10-06,63.7500,65.4400,63.3000,64.5000,133962
2017-09-29,61.0000,64.4900,60.6600,63.4400,245230
2017-09-22,61.0050,62.3700,60.5700,60.9100,193352
2017-09-15,60.4800,61.9400,59.9900,60.8600,286507
2017-09-08,61.2500,61.6800,58.5500,59.7600,223326
2017-09-01,61.1900,62.6900,59.6500,61.2500,194221
2017-08-25,60.3800,63.3500,60.3800,60.8200,152704
2017-08-18,61.0000,61.9300,58.8200,60.1000,188358
2017-08-11,63.7800,63.9850,60.8100,60.9200,155946
2017-08-04,64.1700,66.3100,62.1315,62.7400,138075
2017-07-28,66.6400,68.1100,65.5000,66.1100,166513
2017-07-21,65.5800,68.9195,65.0000,66.4000,148649
2017-07-14,65.8400,66.9900,64.6900,65.5900,107787
2017-07-07,66.2100,67.3900,64.8300,65.8500,82174
2017-06-30,66.2800,66.7400,64.2300,65.6400,109873
2017-06-23,66.1400,66.7050,63.5350,66.3900,184723
2017-06-16,66.1500,67.4700,64.2000,65.9800,150735
2017-06-09,64.3800,66.1300,59.8250,66.1200,100140
2017-06-02,61.6600,64.6900,60.5500,63.6100,68143
2017-05-26,62.7000,63.8400,61.5900,61.9900,54756
2017-05-19,62.9600,64.1200,61.8700,62.4600,114259
2017-05-12,66.7200,66.8375,62.2400,62.9600,75696
2017-05-05,66.5300,66.6700,64.5700,66.6700,75867
2017-04-28,67.5300,68.3600,64.8650,66.4700,134949
2017-04-21,62.8630,67.7000,61.8200,66.0300,107512
2017-04-13,63.5300,65.5543,61.4600,61.4600,59628
2017-04-07,65.5000,66.6900,62.9450,63.9700,98055
2017-03-31,62.1500,66.8400,61.7300,66.1000,123986
2017-03-24,65.3200,65.9600,61.9550,62.9800,115889
2017-03-17,62.6400,66.3000,62.5300,65.6900,121029
2017-03-10,64.2800,65.7300,62.3600,62.9800,88833
2017-03-03,66.8900,67.3100,64.5110,65.1600,80011
2017-02-24,66.8400,67.4500,65.2600,66.9000,54365
2017-02-17,66.4000,66.7399,64.7718,66.6400,80603
2017-02-10,64.9700,66.1000,62.5650,65.9000,121287
2017-02-03,65.2000,66.5800,64.1400,65.6700,102031
2017-01-27,65.6600,67.9300,65.5900,67.2100,158105
2017-01-20,68.4100,68.4100,65.5100,65.8900,170396
2017-01-13,71.7100,72.5500,67.7900,68.9000,136187
2017-01-06,73.9600,74.6700,71.4700,71.9500,107181
2016-12-30,74.1040,74.8300,72.6747,73.5700,78227
2016-12-23,72.6000,74.6500,71.4450,73.5500,117760
2016-12-16,72.1100,74.7400,71.0426,72.9000,201166
2016-12-09,69.4200,73.1100,69.0249,72.0000,192606
2016-12-02,70.6100,71.6900,68.8200,68.8200,139353
2016-11-25,70.3500,72.4500,69.2400,70.6900,205977
2016-11-18,62.9500,70.7800,59.7600,70.3500,229738
2016-11-11,54.2500,63.1300,53.7200,62.9500,144934
2016-11-04,54.1700,54.7100,53.1300,54.0700,69165
2016-10-28,55.4400,56.4200,52.6900,54.2200,89861
2016-10-21,53.6000,55.7300,53.6000,54.8500,78014
2016-10-14,55.0900,55.4800,53.6200,54.2900,77220
2016-10-07,56.5300,56.5300,54.0900,54.7100,94958
2016-09-30,54.1600,56.9000,54.1600,56.6500,146638
2016-09-23,53.0500,55.5200,52.7500,54.7100,135142
2016-09-16,56.1500,56.6500,52.8200,53.0800,128997
2016-09-09,57.8800,57.8900,56.0800,56.1100,90948
2016-09-02,57.1000,58.6400,56.6801,57.9300,115750
2016-08-26,54.6300,58.6285,54.4950,57.1100,153917
2016-08-19,52.6700,54.9500,52.0900,54.9400,95867
2016-08-12,53.2900,53.9000,52.4200,52.7800,60257
2016-08-05,52.4000,53.2400,50.8200,53.0900,72399
2016-07-29,53.6500,53.9900,50.7100,51.9700,92109
2016-07-22,53.1200,54.6390,53.0000,54.1300,95390
2016-07-15,51.3350,54.5900,51.2200,53.4000,113922
2016-07-08,50.8700,52.2200,49.5450,52.0500,113676
2016-07-01,51.1200,51.7200,49.2400,51.3900,175670
2016-06-24,50.5300,51.6800,48.5100,51.6700,209204
2016-06-17,50.9700,51.7300,49.2800,49.8900,144255
2016-06-10,48.9600,52.7600,48.4200,50.9800,157952
2016-06-03,48.5600,48.9900,47.5100,48.9200,111945
2016-05-27,46.9000,50.2400,46.9000,48.3500,109001
2016-05-20,48.4200,48.7300,46.0600,47.5100,120988
2016-05-13,48.5100,49.7000,47.0600,47.5600,106973
2016-05-06,49.7800,50.7600,47.9600,48.5100,108061
2016-04-29,48.9800,51.4500,48.6500,49.4700,103434
2016-04-22,50.3600,51.1099,47.7700,49.1200,131524
2016-04-15,49.3000,51.9000,48.8900,50.1400,166304
2016-04-08,51.5900,51.9300,48.9000,49.2300,87826
2016-04-01,51.6500,53.6600,51.1200,51.8200,98580
2016-03-24,50.6200,52.9200,50.6200,51.2600,105013
2016-03-18,49.8700,51.0800,49.2000,50.7400,216940
2016-03-11,50.7200,51.2250,49.0600,49.8800,117983
2016-03-04,50.0900,51.2000,49.5000,50.8400,157777
2016-02-26,50.8700,51.0950,49.6200,49.9200,95186
2016-02-19,50.1000,51.1300,49.7686,50.4600,114627
2016-02-12,48.4000,51.0600,47.6450,49.6000,129788
2016-02-05,50.5200,51.5700,48.2100,48.5200,125427
2016-01-29,50.3300,50.9200,48.5400,50.9000,206035
2016-01-22,50.7000,52.9000,50.0000,50.5300,130187
2016-01-15,51.0100,51.4700,49.6500,50.1000,156027
2016-01-08,50.5400,52.0000,48.3000,50.7400,165686
2015-12-31,52.4500,53.8599,51.1400,51.4600,110428
2015-12-24,50.0100,53.4900,49.9200,52.5300,88628
2015-12-18,48.7700,51.8800,48.5996,50.0100,127778
2015-12-11,52.2100,53.1100,49.0000,49.4000,116632
2015-12-04,53.2200,54.7100,50.5001,52.9100,153876
2015-11-27,51.1000,53.7900,50.7700,53.3300,54447
2015-11-20,50.5600,52.8400,48.5000,52.1100,114357
2015-11-13,53.1500,53.4000,49.5200,49.9800,108840
2015-11-06,51.8900,53.8300,51.2500,53.7900,162087
2015-10-30,53.0100,54.5000,48.1900,52.1600,171053
2015-10-23,51.4100,54.5200,50.5050,53.3900,146292
2015-10-16,52.0200,53.0000,49.8000,51.9800,139384
2015-10-09,49.0900,53.0400,48.8400,52.2600,166796
2015-10-02,49.5200,50.0900,47.4000,48.9300,261859
2015-09-25,49.1600,51.3800,47.4200,49.4300,138734
2015-09-18,49.3500,50.0800,47.5701,48.6700,151635
2015-09-11,49.0600,50.1300,47.7900,49.3300,75540
2015-09-04,48.2800,49.1450,47.1400,48.2800,103543
2015-08-28,45.3200,49.8000,43.7800,48.7400,170794
2015-08-21,50.9600,51.9000,47.4000,47.4600,136603
2015-08-14,50.9800,52.7200,49.5100,51.3500,123919
2015-08-07,52.7700,54.2200,50.1200,50.6600,95805
2015-07-31,52.2400,55.7300,50.2600,52.6000,134427
2015-07-24,57.0700,57.1600,51.9900,52.3700,134744
2015-07-17,57.6300,59.0940,56.3600,57.0900,129101
2015-07-10,55.8200,57.6300,55.3300,57.6000,157883
2015-07-02,57.1000,57.7900,55.7800,56.4000,145246
2015-06-26,56.8800,58.2500,55.1300,57.8000,404054
2015-06-19,50.1600,56.9300,49.5800,56.4600,209419
2015-06-12,50.2600,50.9800,49.1200,50.3500,106445
2015-06-05,50.3600,51.3400,48.9700,50.6500,105192
2015-05-29,50.2400,51.1300,49.2700,49.8600,98259
2015-05-22,49.6800,51.4300,49.0100,50.5800,146260
2015-05-15,51.6900,51.9300,49.4900,49.6100,124274
2015-05-08,52.3000,53.5950,49.0850,51.1700,109969
2015-05-01,53.4000,54.5700,51.3700,51.9800,100738
2015-04-24,51.7300,54.4000,49.2800,53.0300,97907
2015-04-17,54.4700,55.3500,51.4200,51.4900,92174
2015-04-10,54.8400,55.6000,53.6500,54.9700,101775
2015-04-02,54.9400,57.5400,54.6200,55.5700,128849
2015-03-27,52.7500,55.0000,52.7500,54.9400,136693
2015-03-20,52.1200,52.8300,49.7000,52.6500,196787
2015-03-13,49.1900,52.7500,48.8700,51.5900,107838
2015-03-06,50.4200,50.7900,49.0700,49.2600,94593
2015-02-27,48.9400,51.4100,48.9400,50.2000,86801
2015-02-20,47.7100,49.9600,47.2800,49.2500,71835
2015-02-13,48.5100,48.5600,46.2500,47.5200,91804
2015-02-06,44.5100,50.2672,43.0018,49.4100,175009
2015-01-30,52.0600,52.0600,43.7500,43.8200,138849
2015-01-23,51.9900,52.8050,49.4400,52.2400,102016
2015-01-16,50.0100,51.9900,47.6600,51.8200,148080
2015-01-09,49.7300,51.2000,47.8400,50.1600,154587
2015-01-02,53.3800,54.9100,49.8700,50.1700,98677
2014-12-26,49.7100,53.4800,49.3001,53.2400,81089
2014-12-19,47.8100,49.9500,46.7950,49.4000,240108
2014-12-12,49.2200,49.4900,46.6000,47.5800,169276
2014-12-05,45.7200,49.7500,45.3800,49.4400,152525
2014-11-28,46.3600,47.6450,45.5000,45.5300,43348
2014-11-21,47.9800,49.4600,45.5800,46.1700,73888
2014-11-14,48.9200,49.9900,47.5904,48.2100,100886
2014-11-07,47.8900,49.0200,45.2000,48.9000,114180
2014-10-31,43.3500,49.1999,42.7201,47.5400,155756
2014-10-24,42.2000,45.0000,39.0000,43.3400,193175
2014-10-17,40.7700,45.9400,39.4900,42.2900,170611
2014-10-10,42.5100,42.5100,39.7100,40.5700,114330
2014-10-03,42.0200,43.0000,40.1700,42.3000,165770
2014-09-26,45.1500,45.2700,41.3300,42.4800,147196
2014-09-19,46.5500,46.6600,45.1100,45.3200,116100
2014-09-12,46.6200,47.4200,46.0000,46.8300,93100
2014-09-05,47.2500,47.5800,45.6516,46.5100,72700
2014-08-29,45.8075,47.6410,45.8075,46.9200,65900
2014-08-22,47.1700,47.9600,46.2300,47.3100,132600
2014-08-15,47.3800,48.0400,45.5600,46.6900,107600
2014-08-08,46.0600,47.5500,45.5100,47.4000,79200
2014-08-01,47.1700,47.7800,44.9600,45.9000,149000
2014-07-25,47.9200,48.4300,46.8500,47.3200,125400
2014-07-18,49.8900,50.1380,46.3700,48.1100,95400
2014-07-11,50.8700,50.8700,48.4200,49.4000,84200
2014-07-03,49.5300,51.0000,48.7100,50.8900,83500
2014-06-27,49.9400,51.7600,49.1600,49.4500,282000
2014-06-20,50.7620,51.8100,50.1400,50.5200,144400
2014-06-13,51.2700,51.8500,48.9150,50.4800,76500
2014-06-06,49.9500,52.1100,48.5900,51.4100,134100
2014-05-30,49.9900,50.9700,49.4300,50.4200,59600
2014-05-23,50.0500,51.4100,48.5500,49.5600,123400
2014-05-16,50.2600,53.1700,49.0700,50.1000,222500
2014-05-09,49.5500,50.8000,49.0000,50.6000,210900
2014-05-02,51.4600,53.0600,49.1650,50.1000,145600
2014-04-25,54.1700,54.1700,49.8100,50.4300,176600
2014-04-17,52.1600,53.0000,49.1100,51.4800,105800
2014-04-11,49.1500,52.2100,49.0100,51.3200,170800
2014-04-04,51.0400,53.5400,49.4600,49.5600,100200
2014-03-28,52.7000,54.3400,48.9500,50.9300,149700
2014-03-21,55.2110,56.4900,52.0800,52.3500,180000
2014-03-14,54.7300,57.1100,51.0800,54.7300,89100
2014-03-07,51.0600,55.9500,49.9100,55.0200,129600
2014-02-28,52.9200,54.0600,51.6700,52.0000,67900
2014-02-21,50.1700,56.4600,50.1700,53.1000,131500
2014-02-14,48.0000,49.9400,46.8200,49.7200,191200
2014-02-07,53.4700,53.9800,45.7400,47.9200,224200
2014-01-31,61.4500,62.4100,48.9500,54.1200,155900
2014-01-24,65.4300,65.6300,60.6100,60.9800,85500
2014-01-17,64.8200,65.7400,63.3100,65.1100,95000
2014-01-10,67.1200,67.2900,64.8000,65.2700,111300
2014-01-03,66.2100,68.8100,64.7001,66.5900,102900
2013-12-27,65.0000,68.4600,63.1800,67.9100,101200
2013-12-20,61.0800,64.9900,61.0300,64.6000,214500
2013-12-13,61.0000,61.6900,59.3500,60.9300,73600
2013-12-06,62.9200,63.1500,58.5301,60.7600,74300
2013-11-29,57.3500,64.2500,57.3500,62.7500,59600
2013-11-22,56.5000,59.3400,55.6600,59.0300,78600
2013-11-15,58.0600,58.1000,55.7000,56.4600,74300
2013-11-08,57.6600,59.4300,56.0700,58.3400,103000
2013-11-01,58.5200,60.9300,56.0200,57.2800,152900
2013-10-25,57.5700,59.1000,56.5525,59.1000,109700
2013-10-18,57.4600,58.1400,55.9925,57.8600,104500
2013-10-11,51.2200,58.7600,50.9500,57.5000,107200
2013-10-04,53.6200,54.4200,51.0800,51.8600,127100
2013-09-27,55.8900,59.1900,53.7200,54.0200,104600
2013-09-20,53.0500,56.4800,51.4000,56.2400,114000
2013-09-13,51.6000,53.6300,51.2000,52.0700,87100
2013-09-06,52.8900,54.7000,51.2200,51.5400,89500
2013-08-30,57.2400,57.5700,52.2100,52.4800,107700
2013-08-23,59.3700,60.4200,55.4700,57.2400,84500
2013-08-16,58.7900,62.5700,57.5500,59.6900,125500
2013-08-09,55.8900,59.4100,55.6100,59.0600,89200
2013-08-02,55.0600,56.6000,53.8600,55.8300,96600
2013-07-26,57.0000,57.9700,54.7300,55.8200,94400
2013-07-19,53.0900,57.2200,52.6640,57.0100,130500
2013-07-12,50.0000,53.3750,49.1600,52.9100,134100
2013-07-05,46.2300,50.6800,46.2300,50.2100,73300
2013-06-28,44.7600,46.9200,44.5000,46.1000,121600
2013-06-21,45.4700,47.3100,44.0300,45.2400,165500
2013-06-14,46.1000,46.3300,44.8000,45.1100,107400
2013-06-07,44.7100,47.0500,44.1500,45.8500,110000
2013-05-31,45.6200,45.8700,44.4100,44.8800,67300
2013-05-24,44.5900,45.7500,41.9200,45.2000,96000
2013-05-17,42.8200,44.9500,42.0201,44.7800,80300
2013-05-10,41.6500,43.2200,41.1700,42.8700,46100
2013-05-03,41.6000,42.1000,39.6200,41.6600,84000
2013-04-26,40.8500,41.9500,39.6400,41.5700,69400
2013-04-19,41.1700,42.0000,39.9100,40.6500,184900
2013-04-12,41.3000,41.5500,39.4100,41.2500,103500
2013-04-05,41.8600,41.9800,39.8000,41.0700,111400
2013-03-28,42.6000,42.6100,41.6200,42.0400,44000
2013-03-22,42.2600,42.6800,41.6500,42.3600,70800
2013-03-15,41.8200,42.8100,41.6300,42.6800,88100
2013-03-08,41.9100,43.2400,41.0300,42.0400,71600
2013-03-01,42.8900,43.2200,41.7900,41.8600,108700
2013-02-22,40.6600,42.4600,40.5501,42.3900,52100
2013-02-15,40.1100,41.2100,39.4000,41.0900,89400
2013-02-08,38.7800,40.2000,38.0100,40.0200,132600
2013-02-01,38.8900,39.1800,38.0100,38.8100,368200
2013-01-25,40.5500,42.2500,38.5100,38.7400,119800
2013-01-18,41.3800,41.4500,39.5900,40.6300,95900
2013-01-11,42.8000,43.1182,40.9010,41.5700,93500
2013-01-04,41.2000,43.9700,41.2000,43.1800,103600
2012-12-28,41.4500,42.2500,40.2900,41.2100,101700
2012-12-21,41.4600,42.2300,40.0000,41.5300,243600
2012-12-14,43.1600,43.7600,40.7700,41.2700,145900
2012-12-07,43.2400,43.5732,42.5600,43.1900,172618
2012-11-30,45.6500,47.4800,45.6500,47.0000,158727
2012-11-23,44.5800,46.2200,44.5800,45.9500,81728
2012-11-16,43.2500,44.3400,42.8540,44.0000,192091
2012-11-09,43.5300,44.5000,42.7500,42.9500,121454
2012-11-02,41.8100,44.6500,41.3000,43.4000,103046
2012-10-26,42.1000,42.5000,41.3580,41.9000,104274
2012-10-19,42.4000,42.9600,40.7100,41.9500,85000
2012-10-12,42.2100,42.5500,41.7000,42.1600,65636
2012-10-05,42.3200,42.7000,41.1300,41.8000,76909
2012-09-28,41.5400,42.7500,41.0600,41.9700,102818
2012-09-21,41.0800,42.3000,40.0300,42.2400,107726
2012-09-14,40.7000,41.7900,39.6300,41.1500,91818
2012-09-07,39.9000,41.2800,39.5000,40.6700,100273
2012-08-31,39.3900,41.3400,39.2300,40.0200,76999
2012-08-24,38.3100,39.9000,38.3100,39.3400,41181
2012-08-17,39.9800,39.9900,38.4600,39.0500,80455
2012-08-10,39.5400,40.2300,39.0600,39.8800,38545
2012-08-03,40.4500,40.8000,37.5830,39.6500,82727
2012-07-27,37.5000,40.9600,37.4000,40.4800,96545
2012-07-20,42.2900,42.8600,38.0500,38.2700,96819
2012-07-13,40.5600,42.3900,39.4900,42.3800,74000
2012-07-06,40.3800,41.1500,38.8600,40.5900,50364
2012-06-29,37.2900,40.5000,36.7700,40.2500,150182
2012-06-22,39.4100,40.6500,37.0000,37.9700,176001
2012-06-15,39.8800,39.9800,37.9100,39.6000,101272
2012-06-08,35.9200,39.7500,35.8700,39.6400,75454
2012-06-01,37.5200,37.8300,35.5600,35.7300,116364
2012-05-25,37.5100,39.1600,37.1200,37.5000,45908
2012-05-18,37.5300,39.4300,37.2600,37.3900,80909
2012-05-11,37.3500,39.1960,37.3500,38.1100,65273
2012-05-04,41.4800,41.7400,37.5000,37.5700,79727
2012-04-27,38.8600,41.4800,38.7400,41.4800,84090
2012-04-20,38.6200,40.9000,38.2300,39.5300,69728
2012-04-13,38.3200,40.2400,37.5500,38.2200,81182
2012-04-05,39.7200,40.3000,38.2300,39.0000,65364
2012-03-30,40.8600,41.8900,39.9500,39.9500,91182
2012-03-23,39.6200,41.1900,38.8800,40.6000,45182
2012-03-16,39.6700,41.0000,39.2100,39.5800,69454
2012-03-09,37.4800,40.0000,37.4800,39.8800,34364
2012-03-02,38.7700,40.3430,37.4000,37.6000,99364
2012-02-24,40.3100,40.3100,37.6200,38.8200,58455
2012-02-17,39.1700,40.5500,38.5600,40.2700,58637
2012-02-10,41.4200,41.7000,38.1000,38.6300,74091
2012-02-03,38.8800,41.7400,37.5240,41.5000,231455
2012-01-27,36.8500,39.3800,35.9300,39.2500,70546
2012-01-20,36.4000,36.8600,35.1550,36.6700,58091
2012-01-13,36.2500,36.6400,35.4500,36.0900,41364
2012-01-06,36.9400,37.5000,34.0000,36.0800,66000
2011-12-30,35.7900,36.4400,34.8900,36.3900,45636
2011-12-23,35.1000,36.8800,34.0200,36.2100,45455
2011-12-16,36.1100,36.9100,34.3700,35.8900,101000
2011-12-09,35.9700,37.6700,34.6500,36.6200,72546
2011-12-02,34.2600,38.9500,33.7600,35.5200,121422
2011-11-25,36.8600,36.8900,33.2000,33.3800,52727
2011-11-18,38.4300,39.2800,36.8400,37.5400,46034
2011-11-11,38.7800,39.9200,37.0400,38.5800,52232
2011-11-04,38.1200,40.6900,37.5500,39.5800,79339
2011-10-28,38.1100,41.8800,37.5600,38.7200,105621
2011-10-21,37.9000,38.3800,35.5950,38.1300,81074
2011-10-14,34.5100,38.2500,33.6500,38.1700,91487
2011-10-07,30.9000,35.4500,30.3700,33.9800,101570
2011-09-30,30.9200,35.3900,30.4400,31.0500,88264
2011-09-23,35.2800,35.2800,29.7600,30.7100,134959
2011-09-16,33.0000,35.9500,32.4500,35.9100,72067
2011-09-09,33.7700,35.9000,32.9660,33.1500,120827
2011-09-02,36.1200,36.8700,34.3300,34.5100,166612
2011-08-26,36.1000,36.8900,34.1100,36.3700,83058
2011-08-19,35.7200,36.9900,34.7900,35.1400,93802
2011-08-12,35.4900,38.7800,34.8800,35.9200,167520
2011-08-05,38.0000,38.0000,35.8000,36.2100,93057
2011-07-29,37.7200,38.5300,35.7700,37.5400,115538
2011-07-22,36.9199,38.3700,35.8540,38.2300,38760
2011-07-15,38.0700,38.3400,36.3500,36.9900,76116
2011-07-08,38.1100,38.7400,37.4300,38.5200,58925
2011-07-01,36.5000,38.3545,36.3300,38.1700,64793
2011-06-24,36.0100,37.4500,35.7600,36.4900,116446
2011-06-17,36.4300,37.4900,35.7400,36.0600,163141
2011-06-10,37.3900,38.1350,35.8500,36.2500,75538
2011-06-03,37.6200,40.0000,37.5900,37.9500,345620
2011-05-27,37.1500,37.9100,36.1300,37.1100,266777
2011-05-20,38.2100,38.8400,37.5600,37.8500,136446
2011-05-13,38.0600,39.2600,37.1900,38.4300,183967
2011-05-06,40.0000,40.0000,36.9600,38.1400,182314
2011-04-29,36.8100,40.0000,36.5700,39.9200,86529
2011-04-21,37.9550,38.0000,36.2200,36.9800,121157
2011-04-15,39.4900,39.6600,37.9900,38.0300,109090
2011-04-08,38.9100,40.3000,38.5900,39.5400,90165
2011-04-01,39.2100,39.5600,38.2800,38.7200,101157
2011-03-25,36.5100,39.4200,36.1400,39.2600,108927
2011-03-18,36.7900,37.2500,35.6700,36.0500,100578
2011-03-11,38.8500,39.5900,36.7400,37.1600,63472
2011-03-04,39.0700,39.2400,37.9400,38.8100,49753
2011-02-25,39.1000,39.5000,38.4800,38.7200,44298
2011-02-18,36.6200,39.8500,36.6200,39.5800,44463
2011-02-11,36.1900,37.3500,36.1900,36.9900,31073
2011-02-04,37.0100,37.8500,36.0000,36.3100,54463
2011-01-28,35.4700,38.6400,35.2900,36.5800,95785
2011-01-21,38.1800,38.4600,35.4210,35.5800,68926
2011-01-14,38.7100,39.4700,37.5000,38.3700,66200
2011-01-07,37.8400,38.8200,37.5600,38.8100,50826
2010-12-31,37.7500,38.7900,37.1100,37.9400,46198
2010-12-23,38.9200,39.4500,37.8000,37.9500,66115
2010-12-17,40.1100,40.4900,37.5900,38.9200,113802
2010-12-10,36.4700,40.1300,36.1000,40.1200,64793
2010-12-03,35.3000,36.9900,34.6000,36.6000,55124
2010-11-26,35.8000,35.9699,34.5600,35.4200,22396
2010-11-19,35.7400,37.0000,35.0700,36.0300,52728
2010-11-12,36.1400,36.7100,35.0500,35.9000,76694
2010-11-05,34.0700,36.4200,33.5101,36.2400,60579
2010-10-29,36.2800,36.6080,34.5300,34.5300,33554
2010-10-22,36.4900,36.9400,34.9100,36.1400,45868
2010-10-15,34.5100,36.9900,34.4400,36.3000,71324
2010-10-08,34.1400,35.6800,33.8300,35.1400,47603
2010-10-01,34.5100,34.7900,33.5600,34.7300,48017
2010-09-24,32.3800,34.4700,32.2500,34.4500,75454
2010-09-17,32.7300,33.2850,32.0700,32.5000,81406
2010-09-10,33.8400,33.8400,32.6000,32.7300,27025
2010-09-03,33.7900,34.4700,32.7100,33.8700,69421
2010-08-27,33.6500,33.8800,32.8600,33.8800,60082
2010-08-20,32.8000,34.6700,32.5000,33.1200,78596
2010-08-13,34.4400,34.6300,32.5400,32.9100,52728
2010-08-06,35.0000,35.0000,33.2800,34.2800,51323
2010-07-30,33.7900,34.9500,32.3600,34.7400,73966
2010-07-23,32.1400,33.9640,31.7700,33.5900,107191
2010-07-16,34.3900,35.2900,31.6200,32.1400,108182
2010-07-09,34.2600,34.9600,32.8200,34.9600,65455
2010-07-02,33.2500,34.8000,32.2600,33.9100,161900
2010-06-25,32.2300,34.8800,31.5300,33.7600,123967
2010-06-18,32.3500,33.4500,31.9000,31.9000,94628
2010-06-11,31.3100,33.4500,31.1400,32.2500,180910
2010-06-04,31.5600,33.9785,30.8090,31.2300,49340
2010-05-28,30.7400,32.9000,30.2100,31.7200,81570
2010-05-21,33.5500,33.6400,30.3800,30.6800,75454
2010-05-14,30.7300,35.0000,30.7300,33.2400,93389
2010-05-07,31.7000,32.4300,30.2600,30.2600,59421
2010-04-30,31.4600,32.9400,31.4600,31.8000,48514
2010-04-23,31.3700,32.1500,31.0100,32.1500,60909
2010-04-16,31.6600,32.0475,30.1125,31.4100,41819
2010-04-09,31.1200,32.6699,30.5500,31.5500,66116
2010-04-01,31.5300,31.6200,30.6750,30.9200,37024
2010-03-26,30.7300,31.7000,30.4300,31.4400,56694
2010-03-19,30.8700,31.0600,30.2100,30.8700,54214
2010-03-12,31.0000,31.6900,30.6100,30.8200,108347
2010-03-05,30.5200,31.2300,30.3900,31.1200,100991
2010-02-26,30.8100,31.6400,30.1250,30.2700,111240
2010-02-19,30.7800,31.0200,30.1000,30.7500,43803
2010-02-12,30.2450,30.8400,29.9900,30.7600,44710
2010-02-05,30.2000,30.6200,29.1500,30.4600,68265
2010-01-29,30.7000,30.7799,29.4200,30.1000,81322
2010-01-22,30.2800,31.0000,30.2800,30.5400,51240
2010-01-15,30.5000,30.9400,30.1500,30.3600,69008
2010-01-08,30.4800,30.9900,29.7600,30.3100,69174
2009-12-31,31.0000,31.1600,29.4800,30.4000,74959
2009-12-24,31.0000,31.1950,30.0500,30.5900,49505
2009-12-18,30.8700,31.0700,30.3400,31.0000,110744
2009-12-11,30.6500,30.9700,30.0000,30.8600,84628
2009-12-04,28.5200,30.9400,27.4550,30.8500,110909
2009-11-27,29.1200,30.7300,28.2700,28.4800,47521
2009-11-20,29.1000,30.2000,28.2600,28.7000,59834
2009-11-13,30.4800,31.0000,28.5300,28.8800,51652
2009-11-06,29.8100,30.5650,28.8900,30.3200,73058
2009-10-30,30.6300,31.2600,28.7700,29.7300,99835
2009-10-23,30.4300,31.1499,29.7700,30.6100,73966
2009-10-16,31.0000,31.3800,30.1800,30.2500,87355
2009-10-09,30.8150,31.3900,30.1200,31.0000,93636
2009-10-02,30.6100,31.3850,29.6300,30.5000,107438
2009-09-25,30.5000,30.8500,30.0500,30.6500,35537
2009-09-18,30.3700,31.1400,30.0500,30.6600,73307
2009-09-11,30.2500,31.0800,29.5100,30.6500,37273
2009-09-04,31.1400,31.8900,29.6000,30.6900,72975
2009-08-28,33.2100,33.6500,31.1200,31.4400,44959
2009-08-21,32.9200,33.6800,32.3100,33.0400,70082
2009-08-14,33.2700,34.1900,32.9350,33.3400,60166
2009-08-07,34.5900,35.5300,32.1600,33.5700,62232
2009-07-31,34.3300,35.7525,33.8600,34.6400,60165
2009-07-24,35.5100,36.1900,33.6001,34.3400,62561
2009-07-17,32.8600,36.1000,32.6100,35.2300,99669
2009-07-10,33.2800,34.6300,32.0500,32.8300,66860
2009-07-02,34.8400,34.8400,32.3400,33.5100,103223
2009-06-26,31.7800,35.3500,31.4000,35.0000,284793
2009-06-19,31.6800,32.6900,30.4400,31.9100,97686
2009-06-12,31.8000,32.5000,30.5000,32.0000,53967
2009-06-05,31.5900,32.5000,30.1300,32.1300,71157
2009-05-29,30.4300,32.1300,30.0001,31.1800,61819
2009-05-22,31.2000,32.9500,30.4850,30.6200,50910
2009-05-15,31.2200,31.9900,30.1500,30.9100,50166
2009-05-08,33.7300,34.0900,30.5800,31.9000,59007
2009-05-01,31.9700,34.2400,30.9400,33.5400,69753
2009-04-24,32.4100,33.0000,29.7500,32.6500,52811
2009-04-17,32.3600,33.4600,31.4900,33.1700,33968
2009-04-09,32.0200,33.5000,31.2400,33.0000,33140
2009-04-03,31.2500,33.7900,30.9100,33.5000,47603
2009-03-27,30.0500,33.6000,28.8400,31.9000,57604
2009-03-20,28.2300,31.1000,27.2000,30.0000,79009
2009-03-13,25.4400,29.4900,24.8850,27.9100,66613
2009-03-06,25.3100,26.8700,24.8701,25.2100,79008
2009-02-27,26.5800,28.6200,24.7000,25.8100,71157
2009-02-20,26.0000,26.9200,24.7900,26.3500,29008
2009-02-13,26.1400,28.4700,25.2156,26.8200,57437
2009-02-06,23.8500,27.0900,23.8500,26.3100,174381
2009-01-30,27.7000,27.7000,23.2000,23.8400,84215
2009-01-23,27.2500,27.6400,24.1700,24.4400,30330
2009-01-16,28.9700,29.5400,26.2000,27.6000,60909
2009-01-09,30.8200,31.1200,28.8800,29.0400,90414
2009-01-02,30.8600,31.0900,30.0100,30.4100,76364
2008-12-26,32.0000,32.4600,30.4050,31.0000,18760
2008-12-19,33.4100,34.0000,31.1800,31.7500,85536
2008-12-12,35.5000,35.5000,31.5200,33.3200,55620
2008-12-05,34.4100,35.5999,32.2100,34.5000,65289
2008-11-28,32.3500,35.7100,31.2000,35.5000,181653
2008-11-21,32.9400,34.6000,28.1500,31.9000,74050
2008-11-14,34.3900,34.9500,31.8600,33.3300,40662
2008-11-07,34.5300,35.0000,31.8700,33.7600,40000
2008-10-31,29.8400,36.4100,28.0701,34.7500,62975
2008-10-24,32.2500,35.6300,28.0700,30.0000,41405
2008-10-17,29.5300,35.2300,29.5300,31.5800,80414
2008-10-10,34.6500,36.2500,27.1400,30.7900,114132
2008-10-03,35.3800,37.5000,32.7000,35.5000,53389
2008-09-26,37.2200,37.4800,34.0401,36.5700,68842
2008-09-19,35.7300,39.1500,34.3000,37.0000,171405
2008-09-12,37.5100,37.9900,36.3100,36.7200,104545
2008-09-05,36.9900,37.3800,35.6700,37.2100,95702
2008-08-29,36.9700,37.4900,35.3850,36.4200,166115
2008-08-22,36.8000,37.4800,36.0600,37.2800,81323
2008-08-15,37.1200,38.5000,36.1100,36.4600,137602
2008-08-08,37.0500,37.4300,35.3500,36.9800,64297
2008-08-01,35.6200,37.1400,34.0150,37.1400,46363
2008-07-25,33.8000,36.4900,31.3400,35.8600,102976
2008-07-18,32.3000,34.0000,30.1400,33.8900,60743
2008-07-11,31.3400,33.3800,29.0001,32.0000,48182
2008-07-03,31.6900,33.4800,30.2000,30.6500,68844
2008-06-27,32.0000,32.4000,29.4000,31.9100,239009
2008-06-20,32.9900,33.0000,31.9800,32.2000,49834
2008-06-13,32.5800,33.1200,31.3400,32.9000,42562
2008-06-06,31.7700,33.1900,30.6900,32.4600,47025
2008-05-30,31.9000,33.3400,30.7501,31.7700,66777
2008-05-23,31.3900,32.0900,30.0700,31.7100,69753
2008-05-16,33.2300,33.6200,31.3200,31.7500,74215
2008-05-09,32.8900,33.8000,31.9200,33.0800,51322
2008-05-02,33.7400,34.0000,32.7800,32.7800,30743
2008-04-25,33.4400,34.1000,32.1100,33.8500,100414
2008-04-18,33.9900,34.1300,32.7801,34.0000,98102
2008-04-11,32.3800,34.4500,31.8800,33.9600,30417
2008-04-04,32.9200,33.3500,30.0000,32.5800,114959
2008-03-28,31.9400,34.8700,30.1500,32.9200,69091
2008-03-20,28.9400,31.7500,27.3500,31.7500,126528
2008-03-14,27.5800,29.9900,26.9300,28.5900,48844
2008-03-07,28.7400,29.4700,27.0600,27.4300,43141
2008-02-29,29.5800,31.0900,25.0100,28.0000,109669
2008-02-22,31.0900,33.1000,28.6100,29.5600,52893
2008-02-15,31.2901,33.0200,30.4800,30.6200,39834
2008-02-08,28.4600,31.9800,27.1700,31.5000,105288
2008-02-01,27.4500,29.3000,26.5100,28.4800,72976
2008-01-25,27.2500,28.9900,27.0500,27.0500,108182
2008-01-18,29.6700,30.3900,26.0500,27.7800,78761
2008-01-11,31.0800,32.9400,29.7400,29.7400,42975
2008-01-04,34.0000,35.3000,30.9400,30.9900,31487
2007-12-28,38.0000,38.0000,34.1000,34.2200,23058
2007-12-21,34.8300,37.2400,33.2900,37.0200,100166
2007-12-14,37.9200,40.5500,34.5300,35.1200,30661
2007-12-07,38.1500,38.3200,31.8901,37.9100,46695
2007-11-30,36.4400,38.5100,34.6000,37.2800,27678
2007-11-23,35.5000,37.0000,35.5000,36.4700,13072
2007-11-16,36.1000,36.8000,34.1500,36.6800,57025
2007-11-09,33.7100,36.5000,33.0000,36.1000,38617
2007-11-02,37.0000,37.0000,33.0600,34.2400,89406
2007-10-26,35.5700,37.7300,35.4100,36.8000,17881
2007-10-19,38.0000,38.0000,35.4000,36.0900,23140
2007-10-12,37.9000,38.4900,37.0500,37.8500,41999
2007-10-05,35.6100,37.9500,35.6100,37.9000,35086
2007-09-28,35.4800,37.0000,35.0000,35.7700,32683
2007-09-21,33.5900,37.4000,33.2500,36.4400,67393
2007-09-14,33.0100,33.9390,32.8400,33.6200,20512
2007-09-07,34.4500,34.4500,32.7500,32.9000,32983
2007-08-31,35.3400,35.9900,33.3700,33.8100,25995
2007-08-24,37.8700,37.8900,35.0500,35.4600,41848
2007-08-17,33.8150,38.2500,33.1600,37.8400,93389
2007-08-10,32.6800,36.3900,31.7900,33.4300,100827
2007-08-03,33.4000,34.7000,32.5000,32.5900,58453
2007-07-27,36.8800,36.8800,33.3000,33.5500,108940
2007-07-20,34.8000,37.9800,34.2160,36.8100,119008
2007-07-13,35.2000,35.5000,34.2300,34.7700,99099
2007-07-06,36.5700,36.5700,34.5500,35.4100,106236
2007-06-29,32.7700,37.4900,32.6500,36.2600,113073
2007-06-22,33.0100,36.1800,32.4000,33.0000,99099
2007-06-15,32.2100,33.5200,32.2100,32.6700,64012
2007-06-08,32.9500,32.9500,32.0800,32.4500,52518
2007-06-01,32.9000,33.8900,32.2300,32.6300,29901
2007-05-25,32.1100,33.7500,32.1100,32.7000,39293
2007-05-18,32.9600,33.9000,31.1100,32.5100,80240
2007-05-11,34.0100,34.3400,32.0700,32.9900,34185
2007-05-04,35.1300,35.4500,32.4000,34.3500,52291
2007-04-27,35.6900,36.3600,34.5300,34.5600,29452
2007-04-20,35.5100,37.7800,35.4900,35.6900,46131
2007-04-13,35.4700,36.2500,34.6100,36.2300,15627
2007-04-05,33.9800,35.5200,33.5150,35.1500,27949
2007-03-30,35.5900,36.3840,32.6100,33.7600,27648
2007-03-23,32.7800,36.9500,32.7800,35.6500,34561
2007-03-16,37.3900,37.3900,32.2700,32.4200,58077
2007-03-09,34.2400,38.9500,34.1800,35.8800,74080
2007-03-02,35.9100,35.9100,33.0800,34.7700,72351
2007-02-23,33.6750,36.5000,33.2400,36.0300,18934
2007-02-16,36.2900,36.3000,33.5100,33.5900,31855
2007-02-09,36.3000,37.5800,35.0000,36.0900,40947
2007-02-02,34.9100,37.5500,34.6450,36.5100,22991
2007-01-26,33.8700,35.6200,33.8700,35.2300,35387
2007-01-19,33.9500,34.3500,33.6600,34.3500,32157
2007-01-12,33.9600,34.2300,33.2900,34.1600,20360
2007-01-05,36.3700,37.8900,33.7500,34.0200,24117
2006-12-29,34.9300,37.6800,34.9300,36.1800,24267
2006-12-22,36.6000,37.3900,33.6500,34.5600,18333
2006-12-15,35.9800,38.1100,35.8000,36.2900,42975
2006-12-08,37.7300,37.7300,32.8800,35.7100,63336
2006-12-01,38.4500,42.4000,36.6500,37.5200,135311
2006-11-24,39.0500,39.0800,38.4300,38.7000,8640
2006-11-17,37.7899,39.5000,37.5000,39.0000,54697
2006-11-10,34.0600,38.5000,34.0600,37.5000,33959
2006-11-03,37.6400,38.1000,33.0500,33.8300,36514
2006-10-27,33.5050,37.6100,33.3000,37.3800,25244
2006-10-20,33.8000,34.1500,33.5600,34.0000,35386
2006-10-13,31.3300,33.7100,31.0000,33.6500,17355
2006-10-06,32.9200,32.9900,31.3300,31.3300,25169
2006-09-29,33.3800,33.8600,33.0000,33.1100,29978
2006-09-22,36.6500,36.7700,33.0900,33.0900,32733
2006-09-15,53.6300,55.2700,52.2500,54.9600,26095
2006-09-08,56.2500,56.8500,52.6400,53.6900,18183
2006-09-01,47.8100,55.4700,47.3900,55.3700,40170
2006-08-25,47.3800,47.6400,46.9700,47.4000,5610
2006-08-18,47.0900,48.1600,46.2700,48.0000,8414
2006-08-11,46.2500,46.9500,44.4200,46.3500,21489
2006-08-04,50.1800,50.4100,46.2700,46.2700,27699
2006-07-28,42.7200,49.8500,42.4200,49.8500,57201
2006-07-21,41.6300,43.8299,41.5400,42.1000,27349
2006-07-14,40.9000,44.9900,40.8700,41.7500,59955
2006-07-07,48.5200,49.4100,40.7700,41.0800,78487
2006-06-30,49.5400,53.7500,48.6900,48.6900,445830
2006-06-23,48.8500,51.5000,48.3400,49.7500,131029
2006-06-16,50.1412,50.2500,47.4848,48.8700,10268
2006-06-09,50.0000,53.0000,45.8400,49.9800,27449
2006-06-02,49.0400,50.0100,49.0000,50.0000,63662
2006-05-26,47.4800,50.0000,47.4800,50.0000,25295
2006-05-19,49.9000,51.6600,46.0000,48.4500,27298
2006-05-12,47.1900,55.0000,46.7200,49.8120,27748
2006-05-05,44.8300,47.7200,43.6500,47.7200,25495
2006-04-28,41.5000,45.4900,40.9100,44.8900,22238
2006-04-21,36.5200,41.3400,36.5200,41.0000,12472
2006-04-13,36.0000,36.7400,36.0000,36.5150,2254
2006-04-07,36.0000,38.5000,36.0000,37.2500,12973
2006-03-31,34.5000,35.6900,31.0000,35.6900,16278
2006-03-24,32.9850,34.4900,32.9850,34.4900,2806
2006-03-17,33.5300,33.6000,32.6900,33.4500,6010
2006-03-10,34.1000,34.9000,31.8400,34.1000,6361
2006-03-03,34.7400,34.7400,32.6300,32.6300,1703
2006-02-24,34.4000,34.6900,33.5400,33.5400,2203
2006-02-17,34.0800,34.4300,33.9800,34.4000,11820
2006-02-10,34.2000,34.9000,34.0000,34.0500,6412
2006-02-03,34.1000,34.1800,33.5800,34.1800,902
2006-01-27,33.2500,34.0000,31.0000,34.0000,5461
2006-01-20,32.1400,34.1000,32.1400,34.0000,3256
2006-01-13,33.0000,33.0000,32.5000,33.0000,5411
2006-01-06,32.0000,34.0000,32.0000,33.3400,6612
2005-12-30,31.9900,33.8000,31.9900,33.2000,14826
2005-12-23,30.4400,33.0000,30.1900,31.0000,9867
2005-12-16,32.0000,32.0000,31.0000,31.5000,2954
2005-12-09,31.9500,32.0500,30.9320,31.0100,3756
2005-12-02,31.7900,32.4250,30.3100,31.0000,6962
2005-11-25,30.4800,31.0000,30.4800,31.0000,2104
2005-11-18,31.5000,32.0000,31.0000,31.0000,13273
2005-11-11,29.5500,31.6000,29.5500,31.6000,20184
2005-11-04,32.9000,33.2990,31.5300,33.0000,6462
2005-10-28,33.9800,33.9800,32.2000,33.0000,8265
2005-10-21,34.4200,34.4200,31.8800,33.5700,17280
2005-10-14,33.2500,33.2500,31.8500,32.0000,11921
2005-10-07,31.3000,35.1000,30.0000,34.8200,7814
2005-09-30,35.8000,35.9400,30.3000,31.3000,5709
2005-09-23,39.0000,39.0000,35.2501,35.8500,1603
2005-09-16,53.8000,54.9999,33.5000,39.0000,635
2005-09-09,56.6100,56.6100,53.7600,53.8600,1102
2005-09-02,54.5000,57.8000,52.2900,56.0000,2806
2005-08-26,46.3400,58.7790,46.3400,54.5000,17431
2005-08-19,47.0000,47.4200,46.3400,46.3400,1770
2005-08-12,46.0000,47.0000,45.0500,47.0000,3038
2005-08-05,44.4100,45.9500,44.0100,45.9500,1603
2005-07-29,43.2100,45.0000,41.5000,44.4200,6779
2005-07-22,41.0000,43.7300,39.8100,43.0000,4342
2005-07-15,42.3000,42.7000,41.1500,42.0000,1102
2005-07-08,42.9500,42.9500,42.5800,42.7000,635
2005-07-01,42.0000,43.0000,42.0000,42.2000,1436
2005-06-24,40.9280,41.9700,40.6500,41.9700,1704
2005-06-17,42.0000,42.0000,39.4200,39.4200,2370
2005-06-10,40.0000,42.0000,39.7500,42.0000,2171
2005-06-03,40.0000,40.0000,40.0000,40.0000,334
2005-05-27,40.2500,41.2500,39.0000,39.8910,5376
2005-05-20,39.0000,40.2500,37.5000,40.2500,1203
2005-05-13,38.7500,39.9400,38.7500,39.0000,2472
2005-05-06,38.0000,38.7500,38.0000,38.7500,134
2005-04-29,40.2200,40.2200,38.0000,38.0000,1136
2005-04-22,39.2500,42.2000,39.0100,40.2200,4508
2005-04-15,39.0000,40.7890,38.8000,38.8000,3440
2005-04-08,39.0000,39.0000,39.0000,39.0000,802
2005-04-01,39.5000,39.5000,38.5000,38.5000,1903
2005-03-24,40.2500,40.5000,38.0900,39.5000,4141
2005-03-18,40.0200,40.2600,40.0000,40.2500,2004
2005-03-11,40.5900,40.9900,40.1900,40.1900,3072
2005-03-04,36.0700,40.6000,36.0040,40.6000,3668
2005-02-25,37.3600,37.3600,36.0000,36.0700,901
2005-02-18,37.0000,37.0000,36.0000,37.0000,1502
2005-02-11,35.3910,36.1200,35.3910,36.1000,1703
2005-02-04,34.5000,36.9500,34.0000,35.5680,1235
2005-01-28,35.4000,35.4000,34.5000,34.5000,668
2005-01-21,35.7500,35.7500,35.0000,35.4000,3673
2005-01-14,36.0000,36.6900,34.0000,35.7500,4007
2005-01-07,35.0000,37.0000,34.8500,36.0000,5542
2004-12-31,35.2010,35.5000,34.9500,34.9500,1804
2004-12-23,35.2800,35.2800,35.2800,35.2800,0
2004-12-17,35.5000,35.6000,35.0100,35.2800,2672
2004-12-10,35.7000,36.2000,35.7000,36.2000,1003
2004-12-03,35.2000,37.0000,35.0100,36.2000,7647
2004-11-26,36.4400,36.4400,35.1500,35.2500,1436
2004-11-19,35.0300,35.9400,35.0300,35.7600,836
2004-11-12,35.0100,35.9900,35.0000,35.6000,18232
2004-11-05,37.0000,37.0100,35.5000,35.5000,4074
2004-10-29,36.6900,38.5000,36.0110,37.0000,1503
2004-10-22,37.2500,37.2500,36.1800,36.6900,1837
2004-10-15,37.0000,37.2500,37.0000,37.2500,1370
2004-10-08,37.0010,37.0010,37.0000,37.0000,535
2004-10-01,37.0000,37.8500,37.0000,37.0000,4742
2004-09-24,37.5000,38.9990,37.0000,37.0000,3472
2004-09-17,38.0000,38.0000,37.5000,37.5000,2571
2004-09-10,38.0000,38.0000,37.0000,38.0000,401
2004-09-03,37.5000,39.8400,37.2500,38.0000,935
2004-08-27,40.5000,40.5000,37.8500,37.8500,9584
2004-08-20,39.4990,41.2000,39.0000,40.5000,1402
2004-08-13,38.0100,39.7500,38.0100,38.9990,14057
2004-08-06,40.0000,40.0000,38.6000,38.6400,16797
2004-07-30,39.6000,42.0000,39.0000,40.2500,4675
2004-07-23,39.7900,39.8400,39.5500,39.6500,3473
2004-07-16,39.9900,41.1000,39.9900,41.1000,1270
2004-07-09,40.6000,40.6000,39.6500,39.9900,3239
2004-07-02,39.6100,40.1800,38.1500,39.8500,3974
2004-06-25,40.1500,40.5500,39.6000,40.0000,3908
2004-06-18,39.1510,40.1500,39.1500,40.1500,3373
2004-06-10,39.8000,39.9500,38.4110,39.7000,3372
2004-06-04,40.0000,40.0000,37.7500,39.8000,5209
2004-05-28,40.4800,40.7000,38.1100,38.8010,7614
2004-05-21,36.0600,40.4000,36.0310,40.4000,38668
2004-05-14,35.9700,36.5000,35.8600,36.0000,4074
2004-05-07,35.4000,35.8680,34.0100,35.8680,8748
2004-04-30,34.7500,36.0900,34.7500,35.7200,1035
2004-04-23,35.1500,37.5000,34.5000,37.0000,4108
2004-04-16,35.2500,35.5000,34.5100,35.1500,4509
2004-04-08,34.0000,35.1600,34.0000,34.7500,7212
2004-04-02,33.9600,35.0000,33.5000,34.0100,14927
2004-03-26,30.5300,33.5000,30.5300,33.5000,15694
2004-03-19,31.5000,31.5000,30.5710,30.6700,8314
2004-03-12,31.8500,32.3700,31.5000,31.5000,9916
2004-03-05,36.0000,36.0000,31.0000,31.8400,21718
2004-02-27,33.3900,34.5000,33.0300,34.4190,6405
2004-02-20,33.3000,34.5000,32.8500,33.2500,4827
2004-02-13,33.0600,33.3000,32.9690,33.0010,6101
2004-02-06,33.3000,33.9500,32.5800,33.0600,5342
2004-01-30,33.5500,33.5500,33.2290,33.3000,1669
2004-01-23,33.3000,33.3000,33.2990,33.3000,182
2004-01-16,33.3000,33.3400,33.3000,33.3000,1760
2004-01-09,33.2500,33.5500,32.1000,33.4100,7892
2004-01-02,33.0500,33.2500,33.0500,33.1800,2732
2003-12-26,33.1200,33.1200,32.9900,32.9900,1305
2003-12-19,31.6700,33.0000,31.6700,32.9900,971
2003-12-12,30.8200,31.6700,30.8200,31.6700,3247
2003-12-05,30.0000,31.0700,29.9800,31.0700,3461
2003-11-28,31.0000,31.0000,29.2100,30.2800,1457
2003-11-21,30.9300,31.2390,29.2510,29.2510,4614
2003-11-14,30.6700,31.0000,30.6700,30.9300,1578
2003-11-07,31.1100,31.2090,30.5700,30.6700,1699
2003-10-31,30.9900,32.3500,30.3000,31.1000,3065
2003-10-24,33.5000,33.5000,30.3020,31.9700,16666
2003-10-17,34.5400,34.5500,33.1200,33.5000,18395
2003-10-10,33.3400,34.9200,33.3400,34.5400,21219
2003-10-03,32.7800,33.0700,32.7800,33.0500,1578
2003-09-26,33.0000,33.6500,32.4600,32.7800,10139
2003-09-19,32.9400,33.2500,32.8500,33.0000,5129
2003-09-12,31.8000,33.8500,31.7500,33.3000,13386
2003-09-05,31.2500,31.7000,31.2500,31.6500,364
2003-08-29,30.6200,31.4000,30.6200,31.2500,4675
2003-08-22,30.5000,30.6200,30.5000,30.6200,637
2003-08-15,30.3500,31.0000,29.1700,31.0000,9379
2003-08-08,28.4700,30.3500,28.4700,30.3500,9654
2003-08-01,30.0990,30.0990,28.3600,28.4700,2125
2003-07-25,30.1000,30.1000,28.5000,30.0000,1791
2003-07-18,30.1200,30.1200,30.1000,30.1000,182
2003-07-11,30.4600,31.7500,29.8600,30.1200,6192
2003-07-03,29.0000,30.0000,29.0000,30.0000,850
2003-06-27,29.6900,30.0000,29.0000,29.0000,7224
2003-06-20,29.4000,30.0000,27.9900,29.7500,1639
2003-06-13,26.9000,29.4000,26.9000,29.4000,6253
2003-06-06,29.5000,29.5000,26.5300,26.8500,58739
2003-05-30,31.0000,31.0000,26.2000,26.4000,20187
2003-05-23,31.0300,32.0000,27.9000,31.0000,5433
2003-05-16,32.8300,32.8300,29.7600,32.2500,10381
2003-05-09,32.2500,33.5000,31.9500,32.5000,34607
2003-05-02,28.9500,32.4500,28.9500,32.0000,26167
2003-04-25,27.1000,28.7300,25.7000,28.7300,7650
2003-04-17,26.7000,27.5200,26.7000,27.5200,454
2003-04-11,26.3000,26.7000,26.1500,26.7000,5433
2003-04-04,26.2500,26.2500,26.1000,26.1000,515
2003-03-28,26.6800,26.6800,26.2400,26.3000,3278
2003-03-21,27.0000,27.5000,26.7500,27.2000,3673
2003-03-14,26.1900,27.0000,26.0600,27.0000,26804
2003-03-07,26.0200,27.0100,25.6100,26.5000,24709
2003-02-28,27.5900,27.7800,26.5200,26.5200,10958
2003-02-21,26.3100,27.5100,26.3100,27.5000,5555
2003-02-14,26.0200,26.4500,25.9500,26.1700,4219
2003-02-07,25.3500,26.4500,25.2500,26.1700,15603
2003-01-31,24.7500,25.5000,24.7500,25.4000,3946
2003-01-24,24.7500,24.7500,24.7500,24.7500,0
2003-01-17,25.0000,25.0000,24.7500,24.7500,1882
2003-01-10,24.5200,25.3000,24.4000,24.7000,5009
2003-01-03,25.0000,25.2500,24.6000,24.6000,12902
2002-12-27,25.0200,25.1000,25.0000,25.0000,2428
2002-12-20,25.0300,25.5500,24.7800,25.5500,1942
2002-12-13,25.4300,25.4300,25.0300,25.0300,636
2002-12-06,24.5400,25.7500,24.5400,25.6200,4275
2002-11-29,23.5500,24.3800,23.5400,24.3800,2573
2002-11-22,23.1000,23.1000,23.1000,23.1000,0
2002-11-15,23.0500,23.2400,22.9500,23.1000,4394
2002-11-08,23.3200,23.3300,23.0500,23.0500,982
2002-11-01,23.4800,23.5000,22.9500,23.3300,4886
2002-10-25,23.0100,23.4800,23.0000,23.4800,5638
2002-10-18,22.9600,23.2500,22.9600,23.2500,173
2002-10-11,22.9500,22.9600,22.9500,22.9600,6245
2002-10-04,22.9600,23.1500,22.9500,23.0400,1619
2002-09-27,22.9500,23.1100,22.9500,23.1000,520
2002-09-20,22.9900,23.0000,22.8500,22.9500,2948
2002-09-13,22.7000,22.9900,22.5500,22.9900,838
2002-09-06,22.8000,23.0000,22.7000,22.7000,751
2002-08-30,23.0500,23.3100,23.0000,23.0000,2226
2002-08-23,22.9000,23.2600,22.7500,23.2600,549
2002-08-16,23.7500,23.7500,22.9000,22.9000,2803
2002-08-09,23.8000,23.8000,23.7300,23.7300,202
2002-08-02,24.7500,24.7500,23.8000,23.8000,15554
2002-07-26,25.7500,26.7500,24.4600,24.4600,39290
2002-07-19,24.2500,26.0500,24.2500,26.0500,4338
2002-07-12,24.0100,24.5000,23.0300,24.5000,5898
2002-07-05,24.9000,25.0000,24.7500,25.0000,2023
2002-06-28,24.5000,24.9000,24.5000,24.9000,9887
2002-06-21,25.4300,25.5000,24.0000,24.5000,7025
2002-06-14,25.3500,25.4300,25.0000,25.4300,1937
2002-06-07,25.0000,25.3000,25.0000,25.3000,7083
2002-05-31,25.4500,26.1200,25.0000,26.1200,896
2002-05-24,25.0000,26.1000,25.0000,25.4500,2428
2002-05-17,25.0000,25.0100,25.0000,25.0000,3555
2002-05-10,24.8500,25.7000,24.8500,25.1300,15294
2002-05-03,24.5000,24.9900,24.5000,24.8100,1677
2002-04-26,24.9000,25.0000,24.5000,24.5000,6505
2002-04-19,25.6000,26.0000,24.7500,24.9000,9888
2002-04-12,25.6000,25.9500,25.5000,25.8000,3672
2002-04-05,25.0000,25.6000,25.0000,25.6000,4452
2002-03-28,25.5000,25.5000,25.0000,25.1000,2486
2002-03-22,26.0000,26.0000,25.0000,25.5000,3180
2002-03-15,25.7500,26.2500,25.7500,26.0000,1012
2002-03-08,24.8400,25.7300,24.8300,25.7300,3355
2002-03-01,25.0000,25.3000,24.7500,24.8400,3324
2002-02-22,24.5000,25.2500,24.5000,25.2500,13703
2002-02-15,25.0000,25.0000,24.5000,24.5000,1301
2002-02-08,23.8500,24.2500,23.8500,24.1000,38798
2002-02-01,25.0000,25.0900,23.1100,23.6500,14542
2002-01-25,24.5000,24.7500,24.5000,24.6900,3411
2002-01-18,24.4200,24.5500,24.4200,24.5500,4422
2002-01-11,24.5000,24.5500,23.8000,24.4200,9078
2002-01-04,24.5000,24.8000,24.1500,24.5000,16160
2001-12-28,23.8000,24.4500,23.8000,24.4500,14484
2001-12-21,23.5600,24.0000,22.2500,23.5000,20700
2001-12-14,23.6500,24.0000,23.4500,23.5000,5088
2001-12-07,23.6000,23.6500,23.1500,23.6500,6737
2001-11-30,23.5000,23.6000,23.2200,23.6000,4915
2001-11-23,23.2500,23.2500,23.1000,23.1500,3556
2001-11-16,22.4100,24.0000,22.4100,23.0100,5059
2001-11-09,21.4800,22.5000,21.4000,22.4000,6129
2001-11-02,20.7100,21.2600,20.7000,21.0000,2198
2001-10-26,24.3400,24.3400,20.0000,20.6500,21394
2001-10-19,23.7500,24.5000,23.7500,23.7500,24835
2001-10-12,22.2500,23.7700,21.0000,22.7700,2053
2001-10-05,21.0200,22.9000,21.0200,22.9000,5783
2001-09-28,19.9500,21.1500,19.9500,21.0200,19977
2001-09-21,19.3500,19.7900,19.3400,19.7700,7054
2001-09-10,19.3500,19.3500,19.3500,19.3500,0
2001-09-07,19.5500,19.7500,19.3000,19.3500,5608
2001-08-31,20.4000,20.5000,19.0000,19.7500,6504
2001-08-24,20.4000,20.4000,20.0500,20.4000,1661
2001-08-17,20.4000,20.5000,20.1000,20.4000,3960
2001-08-10,20.1200,20.4000,20.1000,20.2500,9772
2001-08-03,20.5000,20.6500,20.0100,20.1000,8124
2001-07-27,19.7500,20.6500,19.7500,20.6500,1619
2001-07-20,20.0000,20.2000,19.3000,19.7500,98960
2001-07-13,19.7500,20.0000,19.2000,20.0000,2226
2001-07-06,19.5500,19.5500,19.1500,19.1500,4597
2001-06-29,21.0000,21.0000,19.1000,19.8000,22088
2001-06-22,19.6000,20.5000,19.5500,20.5000,1793
2001-06-15,19.8000,20.0000,19.5500,19.5500,2110
2001-06-08,20.4500,20.4500,19.7500,19.8000,31223
2001-06-01,20.0000,20.5500,19.6500,20.5500,21394
2001-05-25,20.2500,20.3500,20.0500,20.1000,54524
2001-05-18,20.0000,20.1500,20.0000,20.1500,1793
2001-05-11,19.7500,20.1500,19.7500,20.0000,9801
2001-05-04,19.6000,19.7500,19.6000,19.7500,347
2001-04-27,18.5200,19.7500,18.4000,19.6000,6013
2001-04-20,18.4000,18.4000,18.0000,18.3500,839
2001-04-12,18.1000,18.4000,18.1000,18.4000,1041
2001-04-06,18.0000,18.5000,17.1300,17.7500,9425
2001-03-30,20.0000,20.6300,17.3800,18.3800,73404
2001-03-23,20.0000,20.5600,20.0000,20.0000,1388
2001-03-16,20.0000,20.0000,20.0000,20.0000,0
2001-03-09,20.0000,20.1300,20.0000,20.0000,1908
2001-03-02,21.5000,21.5000,20.1300,20.1300,3324
2001-02-23,21.0000,21.5000,20.5000,21.5000,2312
2001-02-16,20.7500,21.0000,20.7500,21.0000,1908
2001-02-09,22.2500,22.5000,21.6300,22.5000,2255
2001-02-02,23.2500,23.2500,22.2500,22.2500,91734
2001-01-26,20.8100,23.5000,20.8100,23.2500,20846
2001-01-19,18.1300,21.7500,18.1300,20.7500,12837
2001-01-12,17.5000,18.0000,17.5000,17.5000,23649
2001-01-05,17.3800,17.8800,17.3800,17.5000,30102
2000-12-29,17.5000,17.7500,17.2500,17.5000,14138
2000-12-22,17.5000,17.6300,17.3100,17.5000,79331
2000-12-15,18.0600,18.0600,17.5000,17.5000,2717
2000-12-08,18.6300,18.6300,18.0600,18.0600,232
2000-12-01,18.7500,18.8800,18.1300,18.1300,3093
2000-11-24,18.2500,18.6300,18.0600,18.0600,2053
2000-11-17,17.6900,18.6300,17.6900,18.6300,10061
2000-11-10,18.0000,18.0000,17.5000,17.9400,8327
2000-11-03,17.2500,18.2500,17.2500,17.5000,14629
2000-10-27,17.7500,17.7500,17.1300,17.1300,7546
2000-10-20,17.7500,18.1300,17.6900,17.8800,5261
2000-10-13,18.2500,18.5000,17.7500,17.7500,2920
2000-10-06,17.5000,18.5000,17.5000,17.8800,92485
2000-09-29,19.5000,19.5600,17.5000,17.5000,37555
2000-09-22,19.7500,19.7500,19.2500,19.5000,2168
2000-09-15,19.0000,19.0000,19.0000,19.0000,2486
2000-09-08,19.5000,19.5000,19.0000,19.0600,92427
2000-09-01,20.2500,20.2500,19.2500,19.5000,9512
2000-08-25,20.5600,20.5600,20.0000,20.2500,5955
2000-08-18,20.4400,20.5000,20.0000,20.5000,7864
2000-08-11,20.3800,20.5600,20.3800,20.4400,4134
2000-08-04,20.5000,20.5600,20.3800,20.3800,12779
2000-07-28,21.0000,21.0000,20.6300,20.6300,3555
2000-07-21,21.0000,21.5000,20.5000,21.0000,101680
2000-07-14,21.7500,22.1900,21.0000,21.5000,23186
2000-07-07,20.7500,21.5000,20.2500,21.3800,5031
2000-06-30,20.0000,20.7500,20.0000,20.7500,723
2000-06-23,20.7500,20.7500,19.7500,19.7500,9512
2000-06-16,20.7500,20.7500,20.5000,20.7500,2024
2000-06-09,20.8800,21.2500,20.0000,20.7500,6621
2000-06-02,21.0000,21.0000,20.8800,20.8800,58
2000-05-26,20.0000,21.5000,19.8800,21.0000,12605
2000-05-19,20.0000,20.3800,20.0000,20.0000,6938
2000-05-12,20.1300,20.1300,20.0000,20.0000,810
2000-05-05,21.0000,21.0000,20.2500,20.2500,2370
2000-04-28,20.0000,21.2500,20.0000,21.0000,48512
2000-04-20,19.6300,20.4400,19.6300,20.0000,15410
2000-04-14,20.0000,20.0000,19.0000,19.7500,47154
2000-04-07,19.7500,20.2500,19.7500,19.7500,11073
2000-03-31,19.7500,20.0000,19.7500,19.7500,4481
2000-03-24,19.2500,20.0000,19.1300,19.7500,25932
2000-03-17,20.5000,20.6300,18.6300,18.6300,8788
2000-03-10,20.3800,20.7500,20.2500,20.2500,27957
2000-03-03,21.0600,21.0600,20.2500,20.5000,8847
2000-02-25,20.2500,21.0600,20.1300,20.5000,3469
2000-02-18,20.1300,20.3800,20.1300,20.3800,6071
2000-02-11,20.2500,20.3800,20.1300,20.2500,5522
2000-02-04,20.1300,20.5000,20.1300,20.2500,7661
2000-01-28,19.5000,21.1900,19.5000,20.1300,16219
2000-01-21,19.5000,21.0000,19.0000,20.2500,11883
2000-01-14,19.5000,19.7500,18.6300,19.5000,15612
