timestamp,open,high,low,close,volume
2018-02-27,1.7400,1.8390,1.6100,1.7000,1144885
2018-02-23,1.6000,1.8099,1.4600,1.7400,5054444
2018-02-16,1.2100,2.3800,1.1900,1.6000,37247946
2018-02-09,1.4100,1.4100,1.1500,1.2300,1058780
2018-02-02,1.5000,1.5200,1.4000,1.4200,622317
2018-01-26,1.5300,1.5700,1.4400,1.5000,1536496
2018-01-19,1.5300,1.5700,1.4700,1.5300,574077
2018-01-12,1.5900,1.6000,1.5000,1.5400,915714
2018-01-05,1.5200,1.6600,1.4700,1.5700,1276395
2017-12-29,1.6400,1.7000,1.4800,1.4900,1618348
2017-12-22,1.6500,1.7000,1.5810,1.6600,756837
2017-12-15,1.7800,1.7900,1.6400,1.6500,683289
2017-12-08,1.7500,1.8500,1.6163,1.7900,628699
2017-12-01,1.8700,1.9000,1.6800,1.7500,1032434
2017-11-24,1.8000,1.8700,1.6900,1.8500,1139676
2017-11-17,1.7600,1.8000,1.5300,1.6200,1284942
2017-11-10,1.9800,2.0300,1.7600,1.8200,1206778
2017-11-03,2.0900,2.1800,1.7600,1.9900,2356348
2017-10-27,2.3200,2.3370,1.9700,2.1200,1997069
2017-10-20,2.3900,2.4800,2.2400,2.3100,1847560
2017-10-13,2.4900,2.6400,2.2000,2.4100,5058792
2017-10-06,2.3000,3.7800,2.2300,2.4900,35172605
2017-09-29,1.8300,2.2500,1.4800,2.1200,9001304
2017-09-22,1.7100,1.8900,1.5320,1.8200,5094737
2017-09-15,1.4200,1.7400,1.4100,1.6900,6563079
2017-09-08,1.4000,1.5190,1.3100,1.4290,1702882
2017-09-01,1.3500,1.4500,1.3100,1.4000,1325063
2017-08-25,1.2300,1.3700,1.1900,1.3700,991998
2017-08-18,1.2400,1.2400,1.1100,1.2400,605629
2017-08-11,1.2400,1.3200,1.1000,1.2150,621538
2017-08-04,1.2600,1.3000,1.1900,1.2660,527436
2017-07-28,1.1700,1.3100,1.1700,1.2800,734600
2017-07-21,1.2800,1.3000,1.0900,1.1400,844168
2017-07-14,1.3300,1.3300,1.2000,1.2900,887211
2017-07-07,1.4100,1.4200,1.3100,1.3300,596825
2017-06-30,1.3500,1.5400,1.3500,1.4100,2360576
2017-06-23,1.3000,1.3600,1.2300,1.3500,1103963
2017-06-16,1.3400,1.3600,1.3000,1.3000,484537
2017-06-09,1.3500,1.4700,1.3000,1.3500,1458652
2017-06-02,1.3500,1.4200,1.3200,1.3600,951516
2017-05-26,1.3500,1.3900,1.3300,1.3300,761913
2017-05-19,1.3300,1.3900,1.3000,1.3500,1740332
2017-05-12,1.4000,1.4400,1.3200,1.3500,1641500
2017-05-05,1.4300,1.4400,1.3100,1.3800,2462504
2017-04-28,1.4900,2.0500,1.3500,1.4300,17510362
2017-04-21,1.4400,1.6510,1.4100,1.4500,3158326
2017-04-13,1.4600,1.5700,1.3800,1.4500,1510312
2017-04-07,1.6100,1.6300,1.2700,1.4300,2438226
2017-03-31,1.4700,1.6600,1.4000,1.6000,5508307
2017-03-24,1.6100,1.6100,1.3000,1.4700,5268027
2017-03-17,1.9000,1.9500,1.5200,1.5500,16302508
2017-03-10,1.1500,2.7600,1.1400,2.0400,63769319
2017-03-03,1.2500,1.2700,1.1100,1.1300,1954284
2017-02-24,1.2400,1.2700,1.1600,1.2200,1710066
2017-02-17,1.2400,1.2600,1.1800,1.2500,1889586
2017-02-10,1.2400,1.3990,1.1600,1.2200,4906120
2017-02-03,4.0100,4.0524,1.0800,1.2400,13250931
2017-01-27,4.5000,5.0000,3.8000,4.0400,1158061
2017-01-20,4.3000,5.5100,4.1200,4.5000,4704407
2017-01-13,4.2400,4.6721,4.0100,4.2900,620683
2017-01-06,3.7200,4.5325,3.6000,4.2400,756160
2016-12-30,3.8500,3.9099,3.3000,3.6100,633786
2016-12-23,3.7400,4.1900,3.4400,3.7500,1077916
2016-12-16,3.6000,3.6500,3.3000,3.6200,561832
2016-12-09,3.4400,3.7600,3.3000,3.6100,751063
2016-12-02,3.9000,3.9890,3.2200,3.4600,413442
2016-11-25,4.4800,4.5000,3.7500,3.8500,202798
2016-11-18,4.4200,4.9700,4.1200,4.4800,499861
2016-11-11,3.3400,5.1600,3.3300,4.4500,479236
2016-11-04,3.6200,3.6200,3.2200,3.3300,253253
2016-10-28,4.8400,4.9000,3.5200,3.5700,555043
2016-10-21,4.8500,4.9800,4.6200,4.8800,478619
2016-10-14,5.0500,5.2900,4.6200,4.8700,613598
2016-10-07,6.2100,6.2500,4.9200,5.0900,1785539
2016-09-30,4.4600,7.8900,4.3300,6.1600,18812618
2016-09-23,3.9900,5.0000,3.9000,4.3600,1226697
2016-09-16,4.2500,4.2500,3.5500,3.9900,168943
2016-09-09,4.8700,4.9400,4.0000,4.2400,201459
2016-09-02,5.0100,5.0500,4.6900,4.8200,149908
2016-08-26,4.9800,5.3906,4.9000,4.9500,101633
2016-08-19,5.1400,5.2500,4.9000,4.9600,132108
2016-08-12,5.0000,5.4700,4.0100,5.0500,359653
2016-08-05,3.8700,5.6600,3.8700,5.0700,468966
2016-07-29,3.5900,3.8700,3.4500,3.8700,250569
2016-07-22,3.6799,3.8400,3.4000,3.5500,134350
2016-07-15,3.6300,3.9800,3.4400,3.7100,98533
2016-07-08,3.7800,3.7800,3.3100,3.6900,61551
2016-07-01,4.1100,4.4000,3.6800,3.7900,161934
2016-06-24,4.1800,4.3000,3.5300,4.0800,381522
2016-06-17,4.4700,4.6099,3.9300,4.0700,142732
2016-06-10,6.5883,7.2300,4.4500,4.5200,321373
2016-06-03,6.7478,7.0400,6.1401,6.8200,62889
2016-05-27,5.6100,7.0470,5.6100,6.4700,156492
2016-05-20,4.9100,5.6000,4.7100,5.5600,143452
2016-05-13,4.4000,4.9600,4.1600,4.9100,145300
2016-05-06,4.4500,4.9113,4.0300,4.3300,87013
2016-04-29,4.9800,5.0880,4.2200,4.4100,155044
2016-04-22,5.3400,5.8500,4.9800,5.0000,124749
2016-04-15,5.1300,5.4500,4.8400,5.2500,190008
2016-04-08,5.0000,5.5400,4.7700,4.9500,141172
2016-04-01,5.0500,5.4000,4.4400,5.1600,184569
2016-03-24,6.0500,6.4565,5.0900,5.2000,105407
2016-03-18,6.1000,6.9933,5.5500,5.9900,210489
2016-03-11,6.6500,8.1500,6.2601,6.4200,173569
2016-03-04,4.5000,6.6600,3.9000,6.4600,216956
2016-02-26,4.8350,5.0000,3.9600,4.4300,236394
2016-02-19,4.5800,4.8900,4.1336,4.7200,47253
2016-02-12,5.5800,5.5800,4.1600,4.4600,128743
2016-02-05,6.5000,6.8600,5.3800,5.7500,177946
2016-01-29,6.1000,7.5000,5.3200,6.6200,314242
2016-01-22,5.5900,6.3500,4.9600,5.8100,134791
2016-01-15,7.1400,7.2450,5.0300,5.5100,268447
2016-01-08,7.7700,7.7700,6.5826,7.2900,187608
2015-12-31,9.3300,9.3300,7.0100,7.9300,210262
2015-12-24,10.0000,10.8300,8.6700,9.4300,125632
2015-12-18,8.4900,10.0200,8.2000,9.9900,119682
2015-12-11,8.7800,8.8700,8.2000,8.3100,86058
2015-12-04,8.0800,9.0000,8.0000,8.8500,90485
2015-11-27,7.3300,8.4400,7.2000,7.8400,53909
2015-11-20,6.9500,7.4600,6.4500,7.2700,100737
2015-11-13,7.6600,8.5000,6.7500,7.0300,115368
2015-11-06,7.4000,8.0800,6.8300,7.5000,88507
2015-10-30,8.2200,8.2200,6.8000,6.9800,167801
2015-10-23,8.0500,8.4000,7.0000,7.9800,117867
2015-10-16,7.7400,8.9800,7.2701,8.2200,209402
2015-10-09,6.3500,7.9000,6.3200,7.6600,114086
2015-10-02,7.9200,9.0000,6.7780,7.5100,724853
2015-09-25,9.7700,10.0800,7.5000,7.9000,287049
2015-09-18,10.8600,11.4500,9.4400,9.4400,336171
2015-09-11,11.3000,11.9000,10.4450,10.6200,155602
2015-09-04,12.0971,12.3900,10.3600,11.1900,146584
2015-08-28,10.4700,12.6000,10.0500,12.2880,131963
2015-08-21,11.5000,12.3800,11.0000,11.2600,335291
2015-08-14,12.8500,13.0000,10.9000,11.9900,169605
2015-08-07,13.0000,13.6800,12.2600,12.6600,224887
2015-07-31,13.9000,14.0999,12.0000,13.0000,381468
2015-07-24,14.3000,14.7940,13.2101,13.9000,614642
2015-07-17,14.6900,14.9500,12.5000,14.0500,186418
2015-07-10,13.4900,16.9600,12.3000,14.3800,446815
2015-07-02,14.0000,14.3400,11.5100,12.4000,289749
