timestamp,open,high,low,close,volume
2018-02-27,4.5890,4.8400,4.4800,4.7500,86490
2018-02-23,4.2800,4.6500,4.2800,4.5900,220824
2018-02-16,4.4200,4.6700,4.0810,4.3200,243847
2018-02-09,4.6200,4.9679,4.0300,4.3400,262678
2018-02-02,5.0900,5.1000,4.6202,4.6600,360519
2018-01-26,4.6300,5.3700,4.5300,5.0000,577705
2018-01-19,4.8000,4.8000,4.4000,4.6100,332634
2018-01-12,3.7500,4.3300,3.6492,4.3300,335494
2018-01-05,3.7500,4.0900,3.6823,3.7500,244407
2017-12-29,3.4600,3.7883,3.3200,3.7500,302743
2017-12-22,3.6000,3.6000,3.3000,3.4900,143106
2017-12-15,3.6700,3.9000,3.4000,3.5300,215700
2017-12-08,3.5200,3.7500,3.3500,3.7500,178939
2017-12-01,3.7700,3.9093,3.4300,3.5200,183107
2017-11-24,3.7300,4.0500,3.4500,3.7700,300007
2017-11-17,3.4800,4.3000,3.3700,3.7000,710616
2017-11-10,3.7500,3.9000,3.4500,3.4700,174250
2017-11-03,3.7600,3.7800,3.4700,3.7000,121919
2017-10-27,3.6000,3.7600,3.3400,3.7100,185861
2017-10-20,4.0000,4.1500,3.5700,3.6100,249279
2017-10-13,4.3200,4.7300,3.9800,4.0400,239197
2017-10-06,4.8700,4.9800,3.9800,4.2900,462416
2017-09-29,5.1400,5.1400,4.8300,4.8700,203455
2017-09-22,5.1500,5.3300,5.0000,5.1200,189317
2017-09-15,5.3500,5.3700,5.0000,5.0200,279231
2017-09-08,5.2900,5.4400,5.1500,5.3300,204679
2017-09-01,4.9500,5.2700,4.8000,5.2400,283720
2017-08-25,5.0500,5.0500,4.6300,4.9700,244722
2017-08-18,4.4700,5.1100,4.4000,5.0900,277944
2017-08-11,4.6200,4.7000,3.7600,4.5000,161113
2017-08-04,4.4000,4.6900,4.1800,4.6000,170773
2017-07-28,4.3900,4.5000,4.2500,4.4000,104148
2017-07-21,4.3100,4.5000,4.1700,4.3500,257541
2017-07-14,4.5900,4.5900,4.1800,4.2800,112900
2017-07-07,4.5900,4.6300,4.3500,4.5700,92912
2017-06-30,4.5600,4.6900,4.3600,4.5700,104190
2017-06-23,4.3000,4.6500,4.1200,4.6100,112133
2017-06-16,3.9800,4.7700,3.9200,4.1700,418863
2017-06-09,4.1800,4.2800,3.9100,4.0100,78719
2017-06-02,3.9900,4.2200,3.8300,4.1500,159335
2017-05-26,4.0200,4.3300,3.8200,4.0200,100519
2017-05-19,4.4500,4.4500,3.5600,3.8600,342662
2017-05-12,4.8600,4.8600,3.8400,4.0700,533585
2017-05-05,5.1500,5.4000,4.6500,4.7600,548786
2017-04-28,1.4600,14.0000,1.3500,5.1500,1644201
2017-04-21,1.5600,1.5800,1.3700,1.4000,417824
2017-04-13,1.8100,1.8300,1.4500,1.5500,241633
2017-04-07,1.6300,1.8800,1.4600,1.8100,266077
2017-03-31,1.8500,1.9800,1.5300,1.6200,267411
2017-03-24,1.7300,2.0300,1.6900,1.8500,347053
2017-03-17,1.3200,1.9000,1.2500,1.6900,422703
2017-03-10,1.2400,1.3800,1.2300,1.3500,82765
2017-03-03,1.1400,1.3800,1.1200,1.2400,149641
2017-02-24,1.2400,1.2900,1.0600,1.1300,130246
2017-02-17,1.2700,1.3500,1.0900,1.1800,220243
2017-02-10,1.3400,1.3600,1.2500,1.3000,94122
2017-02-03,1.2200,1.4900,1.1700,1.3800,355322
2017-01-27,1.1000,1.2300,0.9853,1.1800,187556
2017-01-20,0.9460,1.1300,0.9460,1.1300,144476
2017-01-13,0.9100,1.1600,0.9000,0.9500,222075
2017-01-06,0.8960,0.9250,0.8300,0.8900,48431
2016-12-30,0.8825,0.9450,0.8500,0.8900,93814
2016-12-23,1.2100,1.2100,0.8650,0.9000,201405
2016-12-16,1.2000,1.2600,1.1000,1.2100,127815
2016-12-09,1.2600,1.2700,1.0700,1.1100,60782
2016-12-02,1.1300,1.2800,1.0700,1.1500,163420
2016-11-25,1.0331,1.1800,0.9650,1.1300,193221
2016-11-18,1.0200,1.0400,0.9300,1.0400,133602
2016-11-11,0.9000,1.0300,0.9000,1.0300,221540
2016-11-04,0.9500,1.0000,0.7882,0.8900,196511
2016-10-28,1.0000,1.0100,0.9350,0.9500,29552
2016-10-21,0.8950,1.1200,0.8949,1.0000,156128
2016-10-14,0.9690,0.9700,0.8000,0.8500,82293
2016-10-07,0.9375,0.9900,0.8750,0.9700,125010
2016-09-30,1.1200,1.1300,0.7350,0.9400,489376
2016-09-23,1.2400,1.2400,1.0800,1.1100,105460
2016-09-16,1.0600,1.2800,1.0100,1.1700,158664
2016-09-09,1.3000,1.5500,1.0300,1.0700,174066
2016-09-02,1.4550,1.4600,1.2500,1.3400,60598
2016-08-26,1.4600,1.4800,1.1800,1.4500,239461
2016-08-19,1.1200,1.4800,1.0800,1.4300,182601
2016-08-12,1.0300,1.1700,0.9950,1.1300,80303
2016-08-05,1.0700,1.1600,0.9200,1.0300,179614
2016-07-29,1.2000,1.2200,0.9500,1.0900,329262
2016-07-22,0.8300,1.2700,0.8300,1.2000,595752
2016-07-15,0.7500,0.8350,0.6100,0.8000,278396
2016-07-08,0.6300,0.8200,0.6290,0.7500,393561
2016-07-01,0.6850,0.6850,0.5400,0.6300,118377
2016-06-24,0.5950,0.7000,0.5100,0.6799,91802
2016-06-17,0.8500,0.8500,0.5250,0.5950,61527
2016-06-10,0.7500,0.8750,0.6000,0.8750,60177
2016-06-03,0.7000,0.7450,0.4151,0.7450,112518
2016-05-27,0.4300,0.5800,0.3300,0.5800,119196
2016-05-20,0.5803,0.5803,0.3260,0.4300,141039
2016-05-13,0.6150,0.6150,0.5100,0.5822,244631
2016-05-06,0.6660,0.6660,0.5501,0.6000,103378
2016-04-29,0.6900,0.7300,0.6500,0.6660,137293
2016-04-22,0.6201,0.7500,0.5800,0.6500,63002
2016-04-15,0.5998,0.7700,0.5300,0.7350,193540
2016-04-08,0.6900,0.6900,0.5400,0.5999,43015
2016-04-01,0.5400,0.6950,0.5000,0.6900,130178
2016-03-24,0.5400,0.5400,0.4710,0.5400,22952
2016-03-18,0.4660,0.5400,0.4660,0.5400,39696
2016-03-11,0.5150,0.5300,0.3550,0.5300,40613
2016-03-04,0.4600,0.5150,0.4550,0.5150,42365
2016-02-26,0.4600,0.4600,0.4200,0.4600,28762
2016-02-19,0.3400,0.4600,0.3100,0.4600,114017
2016-02-12,0.3850,0.3850,0.2450,0.3400,178170
2016-02-05,0.3150,0.3850,0.3010,0.3600,55378
2016-01-29,0.3600,0.3600,0.2980,0.3150,62512
2016-01-22,0.3499,0.3850,0.3200,0.3600,69583
2016-01-15,0.4100,0.4100,0.3400,0.3699,31532
2016-01-08,0.3597,0.4150,0.3200,0.4100,46304
2015-12-31,0.3690,0.4250,0.3150,0.3597,133224
2015-12-24,0.4220,0.5100,0.3200,0.3790,170595
2015-12-18,0.4400,0.5200,0.4200,0.4850,66266
2015-12-11,0.3100,0.5200,0.3004,0.4900,211508
2015-12-04,0.3456,0.3579,0.3276,0.3500,104268
2015-11-27,0.3102,0.3800,0.3102,0.3600,82596
2015-11-20,0.3665,0.3895,0.3200,0.3499,58154
2015-11-13,0.3300,0.3850,0.3300,0.3845,57648
2015-11-06,0.5200,0.5200,0.3101,0.3600,209003
2015-10-30,0.3400,0.5450,0.3400,0.5000,159372
2015-10-23,0.5400,0.5400,0.2900,0.3400,749899
2015-10-16,0.7197,0.7199,0.5300,0.5700,92197
2015-10-09,0.7900,0.7900,0.7000,0.7599,18863
2015-10-02,0.7850,0.7900,0.6501,0.7900,12154
2015-09-25,0.7850,0.8200,0.6100,0.7850,42876
2015-09-18,0.8998,0.8998,0.7350,0.7850,28937
2015-09-11,0.7800,0.9650,0.7750,0.8998,47987
2015-09-04,0.9050,1.0000,0.7700,1.0000,14001
2015-08-28,1.1000,1.1000,0.8600,1.0200,38144
2015-08-21,1.5000,1.5000,1.0500,1.1300,45448
2015-08-14,1.5000,1.5000,1.2100,1.3500,15551
2015-08-07,1.6100,1.6500,1.4200,1.5000,18506
2015-07-31,1.6900,1.6900,1.3700,1.6100,89957
2015-07-24,1.4800,1.6900,1.4000,1.6900,69181
2015-07-17,1.3900,1.4900,1.3500,1.4800,63652
2015-07-10,1.3600,1.4200,1.3300,1.4200,96811
2015-07-02,1.2500,1.4400,1.1500,1.3600,32380
2015-06-26,1.2800,1.3500,1.2000,1.3000,25379
2015-06-19,1.3400,1.3400,1.1500,1.2500,10677
2015-06-12,1.3200,1.3400,1.2000,1.3400,25344
2015-06-05,1.4300,1.4400,1.1800,1.3000,32110
2015-05-29,1.5000,1.5000,1.0600,1.4000,125169
2015-05-22,1.6900,1.7000,0.9500,1.4200,352070
2015-05-15,1.8800,2.1000,1.2900,1.6900,569906
2015-05-08,1.9500,2.0000,1.7500,1.9400,34641
2015-05-01,1.9900,2.0000,1.9000,1.9500,8362
2015-04-24,2.0300,2.0300,1.8100,1.9900,7966
2015-04-17,1.7500,2.0400,1.7500,2.0300,18797
2015-04-10,1.7500,1.7500,1.6700,1.7500,11553
2015-04-02,1.9500,2.0100,1.6700,1.7500,14876
2015-03-27,2.0000,2.0000,1.8100,1.9500,17413
2015-03-20,2.0000,2.1000,1.9000,2.0100,23660
2015-03-13,2.0500,2.2000,1.8600,2.0300,49507
2015-03-06,2.1300,2.3100,1.9700,2.0500,53751
2015-02-27,2.2900,2.3300,2.0700,2.2300,21014
2015-02-20,2.1100,2.3000,2.1000,2.2200,8100
2015-02-13,2.1000,2.2900,1.7200,2.2500,28604
2015-02-06,2.2500,2.3000,2.1000,2.3000,20874
2015-01-30,2.3000,2.4100,2.0000,2.2500,8680
2015-01-23,2.2100,2.4100,1.9500,2.4100,3440
2015-01-16,2.3000,2.3000,2.0000,2.0000,8393
2015-01-09,2.3000,2.4500,2.0100,2.3000,51365
2015-01-02,2.0000,2.2900,1.8600,2.2900,82617
2014-12-26,2.1000,2.1000,1.9000,2.1000,7223
2014-12-19,1.9900,2.1000,1.7100,2.1000,20879
2014-12-12,1.8700,2.0000,1.8000,1.9700,14812
2014-12-05,1.7500,2.0700,1.7500,1.9000,178313
2014-11-28,1.9000,1.9800,1.5600,1.7500,8834
2014-11-21,1.9500,2.1000,1.8000,1.9500,34062
2014-11-14,2.1800,2.2200,1.9500,2.0300,22783
2014-11-07,2.3000,2.3000,2.1700,2.1700,28409
2014-10-31,2.2500,2.2900,2.0500,2.2900,206530
2014-10-24,2.1500,2.2000,2.0500,2.0500,129293
2014-10-17,1.8900,2.1500,1.8000,2.0000,41833
2014-10-10,2.1400,2.1700,1.8300,2.0000,15561
2014-10-03,1.8400,2.2000,1.8400,2.0300,63632
2014-09-26,1.9900,2.1000,1.8000,1.9700,68706
2014-09-19,2.1400,2.2900,1.9400,2.2400,277908
2014-09-12,1.9400,2.1900,1.8200,2.1400,17070
2014-09-05,2.0000,2.0000,1.8700,1.8800,14688
2014-08-29,1.9500,2.2000,1.8800,2.0500,60865
2014-08-22,1.9500,2.0900,1.8800,1.9000,49142
2014-08-15,1.7500,2.0000,1.6500,1.9500,119427
2014-08-08,1.7000,1.8500,1.5100,1.7500,30180
2014-08-01,1.7100,1.9000,1.7000,1.7000,17138
2014-07-25,1.8300,1.9500,1.7400,1.7900,9962
2014-07-18,1.7900,1.9600,1.7900,1.8300,6441
2014-07-11,2.0500,2.0500,1.7000,1.9600,17428
2014-07-03,1.8900,2.0900,1.8800,2.0900,57617
2014-06-27,1.9700,2.0300,1.9000,1.9000,21324
2014-06-20,1.9300,1.9800,1.6900,1.9700,61813
2014-06-13,1.6800,1.9500,1.6500,1.9500,14052
2014-06-06,1.5000,1.8800,1.4500,1.6500,103412
2014-05-30,1.2000,1.7000,1.0400,1.4500,234026
2014-05-23,1.2000,1.2500,1.1400,1.1500,7318
2014-05-16,1.2700,1.2700,1.1400,1.1400,6997
2014-05-09,1.0600,1.2900,1.0600,1.2700,70250
2014-05-02,1.2000,1.2400,1.0900,1.1400,35717
2014-04-25,1.1400,1.2400,0.8500,1.2300,81547
2014-04-17,1.3100,1.3100,1.0600,1.2500,9778
2014-04-11,0.8200,1.3500,0.8200,1.2500,126057
2014-04-04,0.7750,0.8400,0.7750,0.8200,66476
2014-03-28,1.0100,1.0100,0.7750,0.7750,1287
2014-03-21,0.9200,0.9200,0.8700,0.8800,12696
2014-03-14,1.0000,1.0400,0.7700,0.9200,64980
2014-03-07,1.0600,1.0600,1.0000,1.0100,100941
2014-02-28,1.1000,1.1200,1.0500,1.0900,24950
2014-02-21,1.2200,1.2200,1.0500,1.1300,59311
2014-02-14,1.2400,1.3000,1.0100,1.2200,73087
2014-02-07,1.3700,1.3900,1.1500,1.2300,151046
2014-01-31,0.9050,1.6000,0.9050,1.4000,68014
2014-01-24,1.0400,1.0400,1.0300,1.0300,2228
2014-01-17,1.0400,1.0400,0.9050,1.0300,13021
2014-01-10,0.8801,1.0400,0.8801,1.0400,11462
2014-01-03,0.9600,1.0400,0.8510,1.0400,14513
2013-12-27,0.9490,1.0300,0.7500,0.9000,23079
2013-12-20,0.9780,0.9780,0.8500,0.9780,4921
2013-12-13,0.8210,0.9990,0.8000,0.9850,70115
2013-12-06,1.0400,1.0400,0.8200,0.8500,61896
2013-11-29,1.0400,1.0400,0.8000,1.0400,607
2013-11-22,1.0500,1.1000,0.8500,1.0500,9072
2013-11-15,1.0000,1.1100,0.8500,1.1000,6631
2013-11-08,1.1300,1.1300,0.8500,1.1200,2025
2013-11-01,1.1300,1.1300,0.9800,1.1300,1407
2013-10-25,1.1500,1.1500,0.8700,1.1300,30259
2013-10-18,1.1600,1.1600,0.8400,1.0500,6173
2013-10-11,1.1600,1.1600,1.1600,1.1600,500
2013-10-04,1.1700,1.1700,0.8100,1.1600,4300
2013-09-27,1.1800,1.1800,1.1700,1.1700,2310
2013-09-20,1.1800,1.1900,0.8900,1.1800,1150
2013-09-13,0.9000,1.2100,0.9000,1.1900,18020
2013-09-06,0.9900,1.1800,0.9900,1.1800,23655
2013-08-30,0.9500,1.1900,0.8050,1.1700,5315
2013-08-23,0.9800,1.0500,0.8050,0.9800,4400
2013-08-16,1.0800,1.0800,0.8650,0.9800,12651
2013-08-09,0.9410,1.1000,0.8800,1.1000,3188
2013-08-02,1.2500,1.2500,0.8900,0.9400,26305
2013-07-26,1.3000,1.3000,1.0900,1.1800,20931
2013-07-19,1.3000,1.3200,1.1200,1.3000,5458
2013-07-12,1.3400,1.3600,1.2100,1.2500,41895
2013-07-05,1.3400,1.3500,1.2700,1.3500,3771
2013-06-28,1.3000,1.3900,1.1100,1.3400,36079
2013-06-21,1.2600,1.3000,1.2000,1.3000,41571
2013-06-14,1.2300,1.2700,1.0700,1.2700,5702
2013-06-07,0.3701,1.2300,0.3701,1.2300,2000
2013-05-31,0.3701,0.3701,0.3701,0.3701,0
2013-05-24,0.3701,0.3701,0.3701,0.3701,0
2013-05-17,0.3701,0.3701,0.3701,0.3701,0
2013-05-10,0.3701,0.3701,0.3701,0.3701,0
2013-05-03,0.3701,0.3701,0.3701,0.3701,0
2013-04-26,0.3701,0.3701,0.3701,0.3701,0
2013-04-19,0.3701,0.3701,0.3701,0.3701,0
2013-04-12,0.3701,0.3701,0.3701,0.3701,0
2013-04-05,0.3701,0.3701,0.3701,0.3701,0
2013-03-28,0.3701,0.3701,0.3701,0.3701,0
2013-03-22,0.3701,0.3701,0.3701,0.3701,0
2013-03-15,0.3701,0.3701,0.3701,0.3701,0
2013-03-08,0.3701,0.3701,0.3701,0.3701,0
2013-03-01,0.3701,0.3701,0.3701,0.3701,0
2013-02-22,0.3701,0.3701,0.3701,0.3701,0
2013-02-15,0.3701,0.3701,0.3701,0.3701,0
2013-02-08,0.3701,0.3701,0.3701,0.3701,0
2013-02-01,0.3701,0.3701,0.3701,0.3701,0
2013-01-25,0.3701,0.3701,0.3701,0.3701,0
2013-01-18,0.3701,0.3701,0.3701,0.3701,0
2013-01-11,0.3701,0.3701,0.3701,0.3701,0
2013-01-04,0.3701,0.3701,0.3701,0.3701,0
2012-12-28,0.3701,0.3701,0.3701,0.3701,0
2012-12-21,0.3701,0.3701,0.3701,0.3701,0
2012-12-14,0.3701,0.3701,0.3701,0.3701,0
2012-12-07,0.3701,0.3701,0.3701,0.3701,0
2012-11-30,0.3701,0.3701,0.3701,0.3701,0
2012-11-23,0.3701,0.3701,0.3701,0.3701,0
2012-11-16,0.3701,0.3701,0.3701,0.3701,0
2012-11-09,0.3701,0.3701,0.3701,0.3701,0
2012-11-02,0.3701,0.3701,0.3701,0.3701,0
2012-10-26,0.3701,0.3701,0.3701,0.3701,0
2012-10-19,0.3701,0.3701,0.3701,0.3701,0
2012-10-12,0.3701,0.3701,0.3701,0.3701,0
2012-10-05,0.3701,0.3701,0.3701,0.3701,0
2012-09-28,0.3701,0.3701,0.3701,0.3701,0
2012-09-21,0.3701,0.3701,0.3701,0.3701,0
2012-09-14,0.3701,0.3701,0.3701,0.3701,0
2012-09-07,0.3701,0.3701,0.3701,0.3701,0
2012-08-31,0.3701,0.3701,0.3701,0.3701,0
2012-08-24,0.3701,0.3701,0.3701,0.3701,0
2012-08-17,0.3701,0.3701,0.3701,0.3701,0
2012-08-10,0.3701,0.3701,0.3701,0.3701,0
2012-08-03,0.3701,0.3701,0.3701,0.3701,0
2012-07-27,0.3701,0.3701,0.3701,0.3701,0
2012-07-20,0.3701,0.3701,0.3701,0.3701,0
2012-07-13,0.3701,0.3701,0.3701,0.3701,0
2012-07-06,0.3701,0.3701,0.3701,0.3701,0
2012-06-29,0.3701,0.3701,0.3701,0.3701,0
2012-06-22,0.3701,0.3701,0.3701,0.3701,0
2012-06-15,0.3701,0.3701,0.3701,0.3701,0
2012-06-08,0.3701,0.3701,0.3701,0.3701,0
2012-06-01,0.3701,0.3701,0.3701,0.3701,0
2012-05-25,0.3701,0.3701,0.3701,0.3701,0
2012-05-18,0.3701,0.3701,0.3701,0.3701,0
2012-05-11,0.3701,0.3701,0.3701,0.3701,0
2012-05-04,0.3701,0.3701,0.3701,0.3701,0
2012-04-27,0.3701,0.3701,0.3701,0.3701,0
2012-04-20,0.3701,0.3701,0.3701,0.3701,0
2012-04-13,0.3701,0.3701,0.3701,0.3701,0
2012-04-05,0.3701,0.3701,0.3701,0.3701,0
2012-03-30,0.3701,0.3701,0.3701,0.3701,0
2012-03-23,0.3701,0.3701,0.3701,0.3701,0
2012-03-16,0.3701,0.3701,0.3701,0.3701,0
2012-03-09,0.3701,0.3701,0.3701,0.3701,0
2012-03-02,0.3701,0.3701,0.3701,0.3701,0
2012-02-24,0.3701,0.3701,0.3701,0.3701,0
2012-02-17,0.3701,0.3701,0.3701,0.3701,0
2012-02-10,0.3701,0.3701,0.3701,0.3701,0
2012-02-03,0.3701,0.3701,0.3701,0.3701,0
2012-01-27,0.3701,0.3701,0.3701,0.3701,0
2012-01-20,0.3701,0.3701,0.3701,0.3701,0
2012-01-13,0.3701,0.3701,0.3701,0.3701,0
2012-01-06,0.3701,0.3701,0.3701,0.3701,0
2011-12-30,0.3701,0.3701,0.3701,0.3701,0
2011-12-23,0.3701,0.3701,0.3701,0.3701,0
2011-12-16,0.3701,0.3701,0.3701,0.3701,0
2011-12-09,0.3701,0.3701,0.3701,0.3701,0
2011-12-02,0.3701,0.3701,0.3701,0.3701,0
2011-11-25,0.3701,0.3701,0.3701,0.3701,0
2011-11-18,0.3701,0.3701,0.3701,0.3701,0
2011-11-11,0.3701,0.3701,0.3701,0.3701,0
2011-11-04,0.3701,0.3701,0.3701,0.3701,0
2011-10-28,0.3701,0.3701,0.3701,0.3701,0
2011-10-21,0.3701,0.3701,0.3701,0.3701,0
2011-10-14,0.3701,0.3701,0.3701,0.3701,0
2011-10-07,0.3701,0.3701,0.3701,0.3701,0
2011-09-30,0.3701,0.3701,0.3701,0.3701,0
2011-09-23,0.3701,0.3701,0.3701,0.3701,0
2011-09-16,0.3701,0.3701,0.3701,0.3701,0
2011-09-09,0.3701,0.3701,0.3701,0.3701,0
2011-09-02,0.3701,0.3701,0.3701,0.3701,0
2011-08-26,0.3701,0.3701,0.3701,0.3701,0
2011-08-19,0.3701,0.3701,0.3701,0.3701,0
2011-08-12,0.3701,0.3701,0.3701,0.3701,0
2011-08-05,0.3701,0.3701,0.3701,0.3701,0
2011-07-29,0.3701,0.3701,0.3701,0.3701,0
2011-07-22,0.3701,0.3701,0.3701,0.3701,0
2011-07-15,0.3701,0.3701,0.3701,0.3701,0
2011-07-08,0.3701,0.3701,0.3701,0.3701,0
2011-07-01,0.3701,0.3701,0.3701,0.3701,0
2011-06-24,0.3701,0.3701,0.3701,0.3701,0
2011-06-17,0.3701,0.3701,0.3701,0.3701,0
2011-06-10,0.3701,0.3701,0.3701,0.3701,0
2011-06-03,0.3701,0.3701,0.3701,0.3701,0
2011-05-27,0.3701,0.3701,0.3701,0.3701,0
2011-05-20,0.3701,0.3701,0.3701,0.3701,0
2011-05-13,0.3701,0.3701,0.3701,0.3701,0
2011-05-06,0.3701,0.3701,0.3701,0.3701,0
2011-04-29,0.3701,0.3701,0.3701,0.3701,0
2011-04-21,0.3701,0.3701,0.3701,0.3701,0
2011-04-15,0.3701,0.3701,0.3701,0.3701,0
2011-04-08,0.3701,0.3701,0.3701,0.3701,0
2011-04-01,0.3701,0.3701,0.3701,0.3701,0
2011-03-25,0.3701,0.3701,0.3701,0.3701,0
2011-03-18,0.3701,0.3701,0.3701,0.3701,0
2011-03-11,0.3701,0.3701,0.3701,0.3701,0
2011-03-04,0.3701,0.3701,0.3701,0.3701,0
2011-02-25,0.3701,0.3701,0.3701,0.3701,0
2011-02-18,0.3701,0.3701,0.3701,0.3701,0
2011-02-11,0.3701,0.3701,0.3701,0.3701,0
2011-02-04,0.3701,0.3701,0.3701,0.3701,0
2011-01-28,0.3701,0.3701,0.3701,0.3701,0
2011-01-21,0.3701,0.3701,0.3701,0.3701,0
2011-01-14,0.3701,0.3701,0.3701,0.3701,0
2011-01-07,0.3701,0.3701,0.3701,0.3701,0
2010-12-31,0.3701,0.3701,0.3701,0.3701,0
2010-12-23,0.3701,0.3701,0.3701,0.3701,0
2010-12-17,0.3701,0.3701,0.3701,0.3701,0
2010-12-10,0.3701,0.3701,0.3701,0.3701,0
2010-12-03,0.3701,0.3701,0.3701,0.3701,0
2010-11-26,0.3701,0.3701,0.3701,0.3701,0
2010-11-19,0.3701,0.3701,0.3701,0.3701,0
2010-11-12,0.3701,0.3701,0.3701,0.3701,0
2010-11-05,0.3701,0.3701,0.3701,0.3701,0
2010-10-29,0.3701,0.3701,0.3701,0.3701,0
2010-10-22,0.3701,0.3701,0.3701,0.3701,0
2010-10-15,0.3701,0.3701,0.3701,0.3701,0
2010-10-08,0.3701,0.3701,0.3701,0.3701,0
2010-10-01,0.3701,0.3701,0.3701,0.3701,0
2010-09-24,0.3701,0.3701,0.3701,0.3701,0
2010-09-17,0.3701,0.3701,0.3701,0.3701,0
2010-09-10,0.3701,0.3701,0.3701,0.3701,0
2010-09-03,0.3701,0.3701,0.3701,0.3701,0
2010-08-27,0.3701,0.3701,0.3701,0.3701,0
2010-08-20,0.3701,0.3701,0.3701,0.3701,0
2010-08-13,0.3701,0.3701,0.3701,0.3701,0
2010-08-06,0.3701,0.3701,0.3701,0.3701,0
2010-07-30,0.3701,0.3701,0.3701,0.3701,0
2010-07-23,0.3701,0.3701,0.3701,0.3701,0
2010-07-16,0.3701,0.3701,0.3701,0.3701,0
2010-07-09,0.3701,0.3701,0.3701,0.3701,0
2010-07-02,0.3701,0.3701,0.3701,0.3701,0
2010-06-25,0.3701,0.3701,0.3701,0.3701,0
2010-06-18,0.3701,0.3701,0.3701,0.3701,0
2010-06-11,0.3701,0.3701,0.3701,0.3701,0
2010-06-04,0.3701,0.3701,0.3701,0.3701,0
2010-05-28,0.3701,0.3701,0.3701,0.3701,0
2010-05-21,0.3701,0.3701,0.3701,0.3701,0
2010-05-14,0.3701,0.3701,0.3701,0.3701,0
2010-05-07,0.3701,0.3701,0.3701,0.3701,0
2010-04-30,0.3701,0.3701,0.3701,0.3701,0
2010-04-23,0.3701,0.3701,0.3701,0.3701,0
2010-04-16,0.3701,0.3701,0.3701,0.3701,0
2010-04-09,0.3701,0.3701,0.3701,0.3701,0
2010-04-01,0.3701,0.3701,0.3701,0.3701,0
2010-03-26,0.3701,0.3701,0.3701,0.3701,0
2010-03-19,0.3701,0.3701,0.3701,0.3701,0
2010-03-12,0.3701,0.3701,0.3701,0.3701,0
2010-03-05,0.3701,0.3701,0.3701,0.3701,0
2010-02-26,0.4100,0.4242,0.3600,0.3701,261216
2010-02-19,0.4000,0.4440,0.3903,0.4050,199491
2010-02-12,0.4200,0.4499,0.3680,0.4025,503335
2010-02-05,0.4700,0.4995,0.4079,0.4165,431890
2010-01-29,0.4700,0.4900,0.4010,0.4470,621799
2010-01-22,0.5250,0.5480,0.4560,0.4709,377293
2010-01-15,0.5310,0.6100,0.4798,0.5200,656201
2010-01-08,0.4428,0.6366,0.4253,0.5398,1546910
2009-12-31,0.4500,0.4850,0.4200,0.4390,464735
2009-12-24,0.4300,0.4600,0.4100,0.4453,410630
2009-12-18,0.4490,0.5200,0.3800,0.4100,2084283
2009-12-11,0.3200,0.4800,0.2900,0.4700,2139668
2009-12-04,0.3600,0.3600,0.2689,0.3000,1738395
2009-11-27,0.3360,0.3900,0.3300,0.3600,591812
2009-11-20,0.4000,0.4050,0.3301,0.3357,735277
2009-11-13,0.4100,0.4250,0.3500,0.3990,899900
2009-11-06,0.4200,0.4400,0.3900,0.4100,579411
2009-10-30,0.5200,0.5600,0.3900,0.4300,957713
2009-10-23,0.6400,0.6400,0.5200,0.5400,698820
2009-10-16,0.6800,0.6940,0.5900,0.6178,623164
2009-10-09,0.6700,0.6915,0.5700,0.6760,674477
2009-10-02,0.7900,0.8100,0.6300,0.6300,1262799
2009-09-25,0.7000,0.7490,0.6000,0.6999,998541
2009-09-18,0.4600,1.0000,0.4400,0.6855,6395198
2009-09-11,0.3500,1.0400,0.3410,0.4710,5763624
2009-09-04,0.2610,0.3390,0.2500,0.3309,1045961
2009-08-28,0.2800,0.2900,0.2633,0.2800,446285
2009-08-21,0.3000,0.3000,0.2560,0.2850,443414
2009-08-14,0.2990,0.3085,0.2715,0.2979,302587
2009-08-07,0.2800,0.3200,0.2700,0.2830,315284
2009-07-31,0.3193,0.3296,0.2600,0.2800,439047
2009-07-24,0.2700,0.3790,0.2400,0.2910,1823043
2009-07-17,0.3150,0.3150,0.2599,0.2700,296481
2009-07-10,0.3000,0.3675,0.2670,0.3000,402902
2009-07-02,0.2600,0.3000,0.2600,0.3000,216196
2009-06-26,0.3196,0.3196,0.2600,0.2600,266089
2009-06-19,0.3800,0.3900,0.2831,0.3000,413024
2009-06-12,0.4400,0.4500,0.3600,0.3900,219227
2009-06-05,0.2730,0.4700,0.2700,0.4400,704608
2009-05-29,0.3300,0.3600,0.2612,0.2712,301736
2009-05-22,0.2900,0.3470,0.2518,0.3300,334248
2009-05-15,0.3000,0.3100,0.2400,0.2900,477427
2009-05-08,0.2210,0.2900,0.2210,0.2800,213586
2009-05-01,0.2800,0.2800,0.2200,0.2300,229391
2009-04-24,0.2500,0.2998,0.2500,0.2500,159659
2009-04-17,0.2800,0.3200,0.2600,0.2890,191490
2009-04-09,0.3800,0.3800,0.2900,0.2900,118516
2009-04-03,0.3350,0.3500,0.2600,0.3500,421443
2009-03-27,0.1900,0.4000,0.1703,0.3400,1144473
2009-03-20,0.3300,0.3300,0.1800,0.1800,365106
2009-03-13,0.3100,0.3300,0.2403,0.2800,185062
2009-03-06,0.2798,0.3100,0.1850,0.3100,185482
2009-02-27,0.2387,0.3600,0.1812,0.2520,606386
2009-02-20,0.4900,0.4900,0.2020,0.2020,372379
2009-02-13,0.5000,0.5580,0.4100,0.4200,114224
2009-02-06,0.4900,0.5600,0.4600,0.5300,110308
2009-01-30,0.4700,0.5680,0.4600,0.5380,207964
2009-01-23,0.5300,0.5800,0.4601,0.4950,157873
2009-01-16,0.6200,0.7000,0.5500,0.5600,137608
2009-01-09,0.4700,0.6200,0.4000,0.5600,117001
2009-01-02,0.4000,0.4800,0.3506,0.4200,432233
2008-12-26,0.4800,0.5500,0.4100,0.4150,854971
2008-12-19,0.5500,0.6500,0.4500,0.4700,312056
2008-12-12,0.7000,0.8100,0.5500,0.5500,127070
2008-12-05,0.8381,1.0800,0.6500,0.8000,228524
2008-11-28,0.4400,0.8600,0.2700,0.8500,141107
2008-11-21,0.5700,0.6288,0.4000,0.4500,85821
2008-11-14,0.6200,0.6700,0.5500,0.6000,197902
2008-11-07,0.6400,0.8200,0.5600,0.6600,236302
2008-10-31,0.7400,0.7500,0.5700,0.6400,114566
2008-10-24,1.1500,1.2200,0.5000,0.8000,86913
2008-10-17,1.1900,1.2900,1.0200,1.0700,63766
2008-10-10,1.4100,1.5300,0.9100,1.1000,129254
2008-10-03,1.4300,1.7000,1.2300,1.5000,145786
2008-09-26,2.0400,2.0500,1.3600,1.4800,214299
2008-09-19,1.8800,2.3000,1.7000,2.1000,170713
2008-09-12,2.1100,2.3000,1.8500,1.8700,127897
2008-09-05,2.1500,2.4000,2.0100,2.0600,107812
2008-08-29,2.2700,2.3800,2.1200,2.1600,226878
2008-08-22,2.3700,2.3900,2.0800,2.3300,207394
2008-08-15,2.2600,2.4000,2.0500,2.3400,197424
2008-08-08,2.5000,2.5000,2.2100,2.2100,106725
2008-08-01,2.4800,2.5300,2.3100,2.4600,120728
2008-07-25,1.9800,2.5600,1.9800,2.4500,221580
2008-07-18,2.0400,2.1800,1.9400,2.0100,129809
2008-07-11,2.3200,2.4000,1.8900,1.9800,330468
2008-07-03,2.6200,2.7900,2.1400,2.3100,269781
2008-06-27,2.7100,2.7900,2.4300,2.5800,2375222
2008-06-20,2.4300,2.9500,2.4200,2.7300,796174
2008-06-13,2.4000,2.5500,2.3100,2.4400,373105
2008-06-06,2.4000,2.5000,2.3100,2.4200,199872
2008-05-30,2.5000,2.5200,2.3300,2.4000,187075
2008-05-23,2.4900,2.5500,2.2500,2.4000,392115
2008-05-16,2.2700,3.1600,2.2700,2.5000,604278
2008-05-09,2.7500,2.9900,2.2300,2.3300,629732
2008-05-02,2.6600,2.8000,2.5000,2.7100,538544
2008-04-25,1.7800,2.7500,1.7600,2.6700,726195
2008-04-18,1.7300,1.8400,1.6700,1.8000,267056
2008-04-11,1.8200,2.0600,1.7300,1.7900,685498
2008-04-04,1.2100,2.0000,1.1700,1.8000,1277433
2008-03-28,1.5000,1.5900,1.1200,1.1800,1276878
2008-03-20,2.6700,2.6800,1.4200,1.4400,1569610
2008-03-14,2.7500,2.9800,2.5800,2.7100,925938
2008-03-07,2.9200,3.1100,2.7300,2.7400,751488
2008-02-29,2.7700,3.2000,2.7400,3.0600,824560
2008-02-22,3.0900,3.3200,2.7400,2.7600,353529
2008-02-15,2.6600,3.3300,2.4600,3.0400,955787
2008-02-08,2.6000,2.8900,2.6000,2.6600,491251
2008-02-01,2.3600,2.6300,2.3600,2.5500,463064
2008-01-25,2.5000,2.7300,2.3200,2.3700,491203
2008-01-18,2.9200,2.9700,2.4800,2.7100,704248
2008-01-11,2.5800,2.9900,2.3900,2.8800,2026752
2008-01-04,2.8000,3.0000,2.1800,2.4900,981108
2007-12-28,3.1000,3.1000,2.7500,2.7900,539623
2007-12-21,2.7400,3.3400,2.7000,3.0800,1375886
2007-12-14,4.0500,4.1000,2.5500,2.7500,2188251
2007-12-07,3.3600,4.2600,3.0000,3.9900,1643805
2007-11-30,3.9800,4.0000,3.2300,3.2300,739847
2007-11-23,4.0500,4.0700,3.8100,3.9500,411792
2007-11-16,4.0100,4.3300,3.5000,4.1000,1091924
2007-11-09,6.2500,6.4000,3.8500,4.0000,2623661
2007-11-02,6.9700,8.1500,5.4100,5.9700,2545115
2007-10-26,8.1500,8.6800,6.4100,6.9500,2960181
2007-10-19,7.3900,8.7500,7.2800,8.1100,1073109
2007-10-12,7.6100,7.6100,7.2400,7.2900,548211
2007-10-05,7.6300,7.8000,7.2700,7.6200,723992
2007-09-28,6.5200,9.0000,6.3000,7.4400,1127432
2007-09-21,6.9600,7.0100,6.4500,6.5100,613055
2007-09-14,7.0000,7.0600,6.6300,6.8800,405769
2007-09-07,7.2000,7.2000,6.8800,6.9100,283834
2007-08-31,7.3000,7.6600,7.1400,7.2000,430000
2007-08-24,7.3100,7.7700,7.2200,7.3700,314571
2007-08-17,8.1400,9.0000,6.7000,7.3000,877192
2007-08-10,7.2400,8.2900,6.8700,8.0900,1666422
2007-08-03,7.5700,7.7400,7.0000,7.2200,486582
2007-07-27,7.9700,8.2300,7.4500,7.6400,527755
2007-07-20,8.7000,8.7100,7.9000,7.9500,386550
2007-07-13,8.4500,8.7900,7.9400,8.7100,495894
2007-07-06,8.6000,9.0100,8.4000,8.4200,379263
2007-06-29,8.2700,9.0000,8.1400,8.6500,582281
2007-06-22,7.9100,8.4500,7.7400,8.3200,767814
2007-06-15,7.6100,7.9700,7.5000,7.8000,423143
2007-06-08,8.0200,8.0300,7.4600,7.6600,325867
2007-06-01,7.7400,8.1500,7.5600,8.0200,447857
2007-05-25,7.5000,7.9000,7.3800,7.7300,211123
2007-05-18,7.7600,8.1000,7.1900,7.4900,654723
2007-05-11,7.3300,7.8300,7.1800,7.7600,665142
2007-05-04,6.9000,7.3000,6.8300,7.2000,616068
2007-04-27,6.8800,7.0000,6.6200,6.9100,398913
2007-04-20,7.0000,7.0500,6.3500,6.9300,905115
2007-04-13,7.0400,7.4400,6.7700,6.9600,660516
2007-04-05,6.8000,7.2700,6.6000,7.0300,271156
2007-03-30,6.7200,6.9000,6.3400,6.8000,531444
2007-03-23,7.1000,7.1100,6.4100,6.7500,771872
2007-03-16,7.9200,8.2400,6.9500,7.0600,575632
2007-03-09,8.0600,8.3100,7.5100,7.8400,373929
2007-03-02,8.5700,8.7300,7.6600,8.0000,598084
2007-02-23,8.6800,8.7200,8.2600,8.5500,229684
2007-02-16,8.7500,9.0800,8.5800,8.6900,334085
2007-02-09,8.6500,9.0500,8.5100,8.5600,388087
2007-02-02,8.8400,8.8400,8.3900,8.6900,541176
2007-01-26,9.2500,9.2500,8.6700,8.7800,1205453
2007-01-19,10.2800,10.2800,8.5100,9.2500,1604447
2007-01-12,9.2000,10.3200,9.0000,10.2100,1233676
2007-01-05,9.2000,9.6600,8.9700,9.1000,554403
