timestamp,open,high,low,close,volume
2018-02-27,88.9500,90.0300,88.6400,88.8300,1163682
2018-02-23,86.9800,89.2063,86.9400,88.7100,2829588
2018-02-16,84.2300,87.6500,84.0600,87.1600,3622994
2018-02-09,85.5500,87.0000,81.9200,83.8100,8047849
2018-02-02,88.7100,89.5100,85.5800,86.5700,6564722
2018-01-26,89.7600,90.1800,87.7800,89.1400,6027329
2018-01-19,90.5800,90.6100,89.2900,89.8000,2619932
2018-01-12,87.3800,90.8300,86.8100,89.9900,4491533
2018-01-05,84.1000,88.8800,84.1000,87.4600,4924341
2017-12-29,84.3400,85.2100,83.7800,83.8300,3555482
2017-12-22,84.8000,86.4500,83.9000,84.8500,5141062
2017-12-15,85.5700,86.4200,83.4900,83.7700,5078068
2017-12-08,86.2600,86.4400,83.7911,85.5700,7622284
2017-12-01,88.2800,88.7300,83.9500,85.4100,12871199
2017-11-24,82.4300,88.9600,80.8200,88.8000,31135999
2017-11-17,76.7900,77.7900,75.2200,75.8300,3023996
2017-11-10,74.5600,77.5000,74.1200,77.3500,8405926
2017-11-03,68.7900,69.6600,65.0200,68.2700,5562255
2017-10-27,69.5000,69.7700,66.0500,69.2100,2741523
2017-10-20,68.7400,70.5100,67.7500,68.9100,2604598
2017-10-13,69.2200,69.7200,67.2800,68.3400,2349864
2017-10-06,67.0300,69.8800,67.0000,69.2700,3559916
2017-09-29,65.7700,66.2900,63.5000,65.9400,4167048
2017-09-22,66.9200,70.0800,65.7800,66.5000,5450611
2017-09-15,61.5000,66.8400,61.2900,66.5500,4505211
2017-09-08,63.3900,64.3900,60.8500,60.8900,2881656
2017-09-01,60.7100,64.1800,59.8800,63.7800,2950079
2017-08-25,61.1600,62.3100,59.8700,60.5900,2863483
2017-08-18,59.2000,63.1000,58.5000,61.1300,5163820
2017-08-11,59.3000,61.7500,56.9600,58.5000,4325639
2017-08-04,61.4000,64.1600,58.0400,59.3100,9933220
2017-07-28,66.7400,67.5500,61.3100,61.7100,5116152
2017-07-21,66.1300,67.5500,64.2600,66.5700,3353715
2017-07-14,65.0400,67.5900,63.3900,65.9900,4397107
2017-07-07,62.6000,63.0800,60.5300,62.5400,3298646
2017-06-30,67.5700,67.9900,60.1000,62.1300,6591296
2017-06-23,66.8700,68.2600,65.3500,66.7500,7087223
2017-06-16,68.9800,70.1000,64.7700,66.0700,4719524
2017-06-09,71.8100,74.5300,68.5200,69.9700,4008224
2017-06-02,74.5000,74.9900,70.9800,71.9000,2555608
2017-05-26,72.5100,75.5000,71.6500,74.2100,2725015
2017-05-19,71.9100,76.2600,68.9000,71.3900,5066943
2017-05-12,70.5100,74.2200,69.3600,71.5300,4646487
2017-05-05,68.9000,71.1500,67.4300,70.4600,3919466
2017-04-28,70.4900,74.0000,67.7900,68.8500,6563112
2017-04-21,67.5400,69.9200,67.2300,69.2300,3059420
2017-04-13,70.2400,71.1400,67.1400,67.2600,2124379
2017-04-07,71.8500,72.0200,68.0100,70.3800,3427794
2017-03-31,70.1400,72.4700,69.5000,71.6600,3046120
2017-03-24,72.2500,73.0100,69.1300,71.2000,3408132
2017-03-17,71.1300,72.7300,70.6100,72.0000,3397494
2017-03-10,66.5600,72.0000,65.6700,71.2500,6721004
2017-03-03,64.9200,68.0000,64.7300,67.0400,3934250
2017-02-24,67.2000,67.8900,63.5400,65.1200,2892556
2017-02-17,66.1000,68.4400,64.2800,67.0500,3787997
2017-02-10,66.7500,67.3100,64.7300,65.8000,3279727
2017-02-03,65.2500,69.1300,64.1300,66.9500,6732637
2017-01-27,63.7200,66.1900,63.1500,65.2900,3454851
2017-01-20,63.8600,64.9700,62.4100,64.0200,2056894
2017-01-13,61.1600,64.5600,60.7900,64.1400,3191632
2017-01-06,63.0400,64.6800,60.5200,60.9400,2722207
2016-12-30,63.2800,64.7800,61.8700,62.4400,1985121
2016-12-23,63.2500,66.1400,62.1800,63.2700,4236622
2016-12-16,63.9400,64.6000,62.0000,63.1100,5001596
2016-12-09,56.0300,66.1201,55.5600,64.4100,10339795
2016-12-02,54.6000,57.8550,53.7614,55.4200,7230509
2016-11-25,55.5500,56.1700,53.7300,55.0000,2790929
2016-11-18,54.1100,56.0100,53.6200,55.3600,4154091
2016-11-11,53.4400,55.7700,50.8050,53.9600,5139087
2016-11-04,57.5600,59.2400,51.2300,52.3500,8537879
2016-10-28,56.4000,58.2900,55.6500,57.0600,2957441
2016-10-21,53.4500,56.1400,53.0700,55.9000,3168312
2016-10-14,57.7400,58.7800,51.7600,53.5800,5839971
2016-10-07,57.9200,58.7000,56.6750,57.4800,2994511
2016-09-30,56.5200,58.5100,55.7600,58.2000,3568955
2016-09-23,56.2700,58.5000,55.5500,57.0800,4296343
2016-09-16,50.7500,57.5000,50.3010,56.1900,10408261
2016-09-09,56.0700,56.6100,50.7700,50.9200,5692710
2016-09-02,55.2800,57.6100,54.3201,56.2800,6917195
2016-08-26,54.7200,56.5000,54.1601,55.2700,4043535
2016-08-19,51.6200,56.1700,51.3700,55.0300,5885821
2016-08-12,48.8300,51.8300,46.7770,51.7600,7368862
2016-08-05,46.1200,48.9950,45.6282,48.9400,5237637
2016-07-29,43.4200,51.2100,42.2200,46.6700,11006767
2016-07-22,41.6000,44.1500,40.6300,43.2000,5945662
2016-07-15,40.1000,41.6700,39.2514,41.1400,4710167
2016-07-08,37.3200,39.9300,35.9700,39.5500,5534300
2016-07-01,37.2000,38.9800,35.9000,37.7800,6522738
2016-06-24,40.4200,41.0600,37.1700,37.7100,8726825
2016-06-17,45.3900,48.7300,38.4700,39.6150,21984047
2016-06-10,51.0200,51.4500,45.2700,45.7400,5939492
2016-06-03,49.1200,50.9599,49.0000,50.8000,3966550
2016-05-27,47.2900,49.4000,47.2300,48.7100,3743715
2016-05-20,46.3300,48.5200,45.5400,47.2000,3997973
2016-05-13,47.2200,48.4200,44.7100,46.1100,3713553
2016-05-06,48.6900,50.0300,45.0400,47.0600,5611547
2016-04-29,56.0100,58.2300,48.9025,49.3700,9554061
2016-04-22,56.1800,56.5200,52.5800,56.0600,5612073
2016-04-15,59.9400,60.8700,56.0500,56.8400,5231681
2016-04-08,64.0400,64.0400,59.1000,59.5000,2667105
2016-04-01,59.2100,64.0400,58.7600,63.9200,2490609
2016-03-24,61.0500,61.2450,58.1500,59.0700,2041218
2016-03-18,62.3300,63.3000,58.5001,61.1600,3747034
2016-03-11,60.9300,63.1600,58.0600,62.7300,3330440
2016-03-04,58.1000,62.5500,56.1500,61.6600,3489909
2016-02-26,58.6500,59.1400,55.4500,58.1900,3227010
2016-02-19,54.7100,58.6700,53.9350,58.2400,3774449
2016-02-12,50.5000,54.2199,45.5900,53.7200,8131744
2016-02-05,56.1000,58.6400,51.1100,51.4200,4858525
2016-01-29,56.8300,61.2800,53.5100,57.7700,6898376
2016-01-22,55.8300,57.8400,52.3100,57.3800,3545652
2016-01-15,58.3900,59.4050,53.0500,54.8400,3916594
2016-01-08,64.1400,64.9200,57.5500,57.7700,3466018
2015-12-31,65.5800,67.8900,65.1301,65.7100,1530761
2015-12-24,63.5700,66.1500,63.0650,65.8300,1505789
2015-12-18,61.6100,65.7500,60.1050,63.3500,4854837
2015-12-11,67.5100,69.0500,61.3700,61.7200,4781473
2015-12-04,65.9800,68.6000,65.7300,68.0200,2487811
2015-11-27,66.7500,68.3700,63.6900,65.9800,4134023
2015-11-20,68.5200,71.9800,67.9500,70.4500,2138210
2015-11-13,72.7700,72.9600,67.5200,68.5900,2050306
2015-11-06,68.4900,73.5900,68.3500,73.4000,3145125
2015-10-30,72.8700,73.1100,65.0600,70.9500,6386618
2015-10-23,69.8700,73.9500,67.9900,72.8700,3740357
2015-10-16,66.4300,71.8400,63.9960,70.0000,3366769
2015-10-09,64.2400,68.7100,64.2400,66.3300,4302480
2015-10-02,61.4100,63.7100,57.2600,63.6200,4954581
2015-09-25,65.9300,67.0400,60.1000,61.9900,4266917
2015-09-18,72.0000,72.7200,65.2200,65.7100,4129563
2015-09-11,70.0000,73.3300,69.6000,71.7100,1891178
2015-09-04,68.4200,69.6000,65.0100,68.3100,2575575
2015-08-28,61.9100,69.5100,60.6200,68.3500,4242506
2015-08-21,71.1100,74.2400,65.2700,66.1400,3396246
2015-08-14,69.7000,72.0000,67.3300,71.6400,3532092
2015-08-07,66.4400,69.1500,65.6000,69.1400,3189222
2015-07-31,63.5200,71.5900,61.1900,67.8000,6210652
2015-07-24,64.2600,66.7500,61.8200,63.9000,3323471
2015-07-17,64.0800,65.4000,62.5900,64.2300,3524942
2015-07-10,67.2500,68.8700,62.9500,63.3600,4252998
2015-07-02,70.0000,71.0200,66.8000,67.5900,3546402
2015-06-26,74.5200,75.2600,70.6500,71.8500,3789980
2015-06-19,73.3100,77.4200,72.9500,73.9800,4371404
2015-06-12,74.5200,75.4200,72.4100,74.0600,2610319
2015-06-05,70.4300,75.9300,69.8400,73.8800,4346528
2015-05-29,68.0900,72.6500,66.1500,70.3700,2453022
2015-05-22,67.7600,70.0800,67.3400,68.4900,1937575
2015-05-15,64.8100,68.2800,63.6200,67.7300,2585342
2015-05-08,65.1500,65.8500,62.3200,64.7800,3064989
2015-05-01,65.7200,68.1200,62.7900,65.5200,5183623
2015-04-24,70.7600,73.7971,65.4760,65.6300,3292808
2015-04-17,71.7600,73.7500,69.7100,70.3800,1706238
2015-04-10,68.5600,73.2000,68.0600,71.7600,1847474
2015-04-02,72.3100,72.9750,68.3700,68.9100,1959860
2015-03-27,73.8300,74.2600,64.7900,71.9400,4176615
2015-03-20,70.4300,73.9800,68.6200,73.8100,2833307
2015-03-13,70.1500,70.5500,67.8700,70.1000,2800813
2015-03-06,68.9900,71.8800,68.7200,69.7200,3466158
2015-02-27,67.7600,69.6900,65.9400,68.4900,2962065
2015-02-20,62.7500,67.5900,61.4300,66.9600,3751582
2015-02-13,57.5700,63.7799,56.2700,62.8600,3084870
2015-02-06,57.2000,59.2100,55.5500,57.7900,3944397
2015-01-30,60.4300,62.5000,56.9796,58.8100,6744247
2015-01-23,60.8600,62.7300,57.8000,59.8400,2956422
2015-01-16,62.8800,64.6100,58.7200,60.7400,3163641
2015-01-09,59.3100,62.5000,56.2000,62.0600,3939059
2015-01-02,61.9700,62.6000,59.4000,60.4000,1827113
2014-12-26,60.9700,63.9900,60.9700,62.8900,1205908
2014-12-19,60.0000,61.2500,57.8100,61.0100,3231632
2014-12-12,58.7000,61.3500,56.2900,59.0700,4583207
2014-12-05,56.7000,59.2200,54.2700,58.7700,2646909
2014-11-28,54.4500,57.4800,54.2800,56.6000,1986107
2014-11-21,54.1800,55.5400,52.7600,54.2500,2607980
2014-11-14,52.5500,54.9100,52.1300,54.5700,3173734
2014-11-07,50.1100,54.1500,50.1000,53.0700,3847556
2014-10-31,44.7000,52.1100,43.9100,51.3100,5739781
2014-10-24,42.5000,46.9400,41.6700,45.2100,3783624
2014-10-17,40.5400,44.7100,38.7300,42.9300,6631000
2014-10-10,50.2800,50.2800,40.4900,40.7300,5781457
2014-10-03,49.4200,51.2299,47.3400,50.3200,3332184
2014-09-26,52.1900,52.4700,49.7300,49.9800,2485680
2014-09-19,52.6200,54.5000,49.6500,52.3400,3440900
2014-09-12,54.0600,55.0800,50.5600,52.6400,3667400
2014-09-05,56.4200,56.4800,53.9000,54.0900,2437000
2014-08-29,56.1200,56.6000,53.6500,56.1800,3414400
2014-08-22,52.4700,56.3200,51.8300,55.6100,5737400
2014-08-15,48.9000,52.4600,48.7939,51.7200,3812500
2014-08-08,47.1600,49.4200,46.9100,48.6800,3869400
2014-08-01,44.5400,47.8900,43.7950,47.0500,6851800
2014-07-25,46.9700,50.1100,44.1000,44.2800,4657600
2014-07-18,48.4700,48.6540,46.1400,47.1400,2558700
2014-07-11,49.5700,49.8100,46.2000,48.0700,3914900
2014-07-03,49.0900,50.8200,48.9000,49.8900,1988100
2014-06-27,51.2500,51.3800,47.3500,49.3200,4431700
2014-06-20,52.1600,53.3150,50.4400,51.0900,4719800
2014-06-13,50.5600,53.1100,50.1200,52.3300,3529900
2014-06-06,49.3400,52.2000,46.8000,50.6500,5792200
2014-05-30,47.7700,49.9400,47.2900,48.9800,4676500
2014-05-23,44.0800,46.4900,43.6200,46.4800,3827800
2014-05-16,41.8700,44.0900,41.5000,44.0800,3652200
2014-05-09,43.1500,43.7500,40.1300,41.4800,3940300
2014-05-02,41.9100,46.9800,40.1401,43.7000,5959500
2014-04-25,42.2100,44.5346,41.3800,41.5500,3298100
2014-04-17,41.2400,43.2600,40.5100,42.1900,2901600
2014-04-11,42.6000,44.9300,40.1600,40.6400,5608000
2014-04-04,42.6800,46.0800,41.8800,42.6000,4289700
2014-03-28,46.5000,46.5290,41.4500,41.8600,4125700
2014-03-21,43.3900,47.4700,42.8200,46.4400,4091700
2014-03-14,44.8000,45.6300,42.9400,42.9800,3863000
2014-03-07,41.8300,45.2700,41.3300,44.8300,3890200
2014-02-28,40.1900,43.6300,39.9300,42.1300,4315400
2014-02-21,39.9900,41.1300,38.4500,40.2500,2508800
2014-02-14,37.8200,39.1700,37.5340,38.8600,2598300
2014-02-07,36.5700,37.8600,35.1200,37.8300,3103700
2014-01-31,36.2800,38.8800,34.4000,37.1700,5275300
2014-01-24,35.9300,36.9400,34.9100,34.9900,2223200
2014-01-17,32.9500,36.0500,32.6600,35.6900,3695200
2014-01-10,33.9700,34.0090,32.3500,32.9400,3102600
2014-01-03,34.1900,34.6100,32.7000,33.9200,3500400
2013-12-27,34.5700,35.3500,34.0100,34.1300,2187400
2013-12-20,34.2000,36.6650,34.1400,34.9100,3866900
2013-12-13,35.2100,35.9700,33.5950,33.9900,3066600
2013-12-06,36.1500,36.2700,34.4400,35.0700,2646400
2013-11-29,35.3300,36.8199,34.8100,36.2000,1676900
2013-11-22,37.4000,37.5900,34.6900,35.1100,3464400
2013-11-15,38.0000,40.2975,36.5500,37.3300,4689100
2013-11-08,38.4200,39.1100,37.4000,37.7900,3066900
2013-11-01,37.6200,41.5100,36.1500,38.4200,7560400
2013-10-25,40.3800,40.7400,36.9100,37.8100,4038400
2013-10-18,41.0700,41.5400,40.0000,40.4400,3065400
2013-10-11,41.0800,41.6200,39.3500,41.2700,2853300
2013-10-04,40.4600,42.4100,39.9100,41.5800,2779700
2013-09-27,40.5000,41.8100,39.6610,40.7800,2467900
2013-09-20,40.2600,40.9500,39.1100,40.4000,3211400
2013-09-13,39.2900,40.6890,39.2900,40.1100,2325500
2013-09-06,38.5500,39.7900,38.5500,39.0700,2084600
2013-08-30,37.4300,38.5896,36.7600,37.9700,2421200
2013-08-23,36.1900,37.6400,35.7400,37.6100,1832200
2013-08-16,34.7500,37.0500,34.3400,36.2420,2492000
2013-08-09,35.4500,35.9650,34.6000,34.9900,1550200
2013-08-02,36.6000,38.0300,34.1000,35.4000,4448700
2013-07-26,37.2400,38.4000,36.4400,36.6900,2231900
2013-07-19,37.4400,37.9800,35.9600,37.4000,2758000
2013-07-12,36.4000,37.8800,35.4700,37.4800,2036900
2013-07-05,35.6400,36.3900,34.7900,36.1700,1344500
2013-06-28,34.1100,35.9300,33.5100,35.3700,2601100
2013-06-21,33.6000,35.8600,33.0100,34.4900,3086800
2013-06-14,33.3000,34.0300,32.2900,33.3400,2511200
2013-06-07,32.9100,33.5300,30.7800,33.1100,3552700
2013-05-31,32.3800,33.6500,31.8100,32.7600,2061100
2013-05-24,34.0800,34.8400,31.5300,31.8500,4902200
2013-05-17,35.5400,37.1200,34.3700,35.2000,4540500
2013-05-10,33.6900,35.8500,33.5500,35.7400,3708900
2013-05-03,29.8300,34.2200,29.7200,33.7800,8410200
2013-04-26,29.6800,31.2500,28.9100,29.9000,4653700
2013-04-19,33.1800,33.4900,28.6500,29.6000,5007100
2013-04-12,33.8200,35.2500,32.5900,33.4000,4539800
2013-04-05,38.8000,38.9900,32.1800,33.7700,4361900
2013-03-28,37.6700,38.9700,37.0600,38.8100,2001200
2013-03-22,38.3600,39.3100,37.4410,37.6300,3532300
2013-03-15,38.0400,39.5200,37.5901,39.0100,3842900
2013-03-08,36.7900,38.2100,36.3800,38.1000,4485300
2013-03-01,37.1700,38.1200,35.7700,36.8700,3540700
2013-02-22,37.3900,38.5900,35.9300,37.0700,3775100
2013-02-15,35.6400,38.0800,35.4800,37.3300,5402000
2013-02-08,34.9300,36.5600,34.6100,35.7400,4917000
2013-02-01,31.9800,36.2700,30.6900,35.4600,9465600
2013-01-25,31.7000,32.1700,30.5300,31.9400,2367400
2013-01-18,30.9700,32.7000,30.5300,31.6900,5154100
2013-01-11,32.1800,32.5100,29.9700,30.9600,5503900
2013-01-04,30.6400,33.7600,30.6200,32.4800,4550900
2012-12-28,31.2500,31.7729,30.1500,30.6900,3080100
2012-12-21,33.6350,33.8000,30.9000,31.0900,7268300
2012-12-14,33.9900,36.0000,33.6500,33.8900,3394900
2012-12-07,34.3200,35.1400,33.6000,34.0600,3248100
2012-11-30,32.5300,35.7500,32.0400,35.2300,5067300
2012-11-23,32.2000,32.8500,31.2800,32.5600,2292600
2012-11-16,32.2600,33.2700,30.5800,31.8900,4412900
2012-11-09,31.9200,33.5400,31.5550,31.9600,4456100
2012-11-02,34.6900,35.7800,31.6400,32.0400,6596600
2012-10-26,31.6400,32.6800,29.8300,29.9000,4472100
2012-10-19,30.9000,33.6900,30.6700,31.6800,3959000
2012-10-12,32.7400,32.7400,29.8800,31.0600,4082800
2012-10-05,33.6800,34.5500,32.5200,33.0100,2934900
2012-09-28,34.9400,35.1200,32.2200,33.3100,3778900
2012-09-21,35.9300,36.1600,34.3900,34.9600,2959500
2012-09-14,34.0700,36.6100,33.6810,36.2000,4501700
2012-09-07,32.3100,34.0800,30.9900,33.9200,3878400
2012-08-31,32.3600,32.9500,31.5100,32.3000,3299800
2012-08-24,32.6900,33.2000,31.1800,32.3300,3219000
2012-08-17,32.4000,33.0600,30.9800,32.9000,5654700
2012-08-10,31.0000,34.0300,30.5100,32.4200,6876500
2012-08-03,27.4100,31.8000,26.7700,31.0200,10892200
2012-07-27,23.9100,27.6100,23.0600,27.4600,3840100
2012-07-20,23.7000,25.7400,22.5900,24.4900,6174900
2012-07-13,25.7900,25.8800,22.3000,23.8800,7625600
2012-07-06,28.0100,28.3900,25.5600,25.8850,3117700
2012-06-29,27.9700,28.3900,25.8500,28.0000,5926000
2012-06-22,26.7100,29.1600,26.7000,28.4800,5143100
2012-06-15,26.2500,27.5400,25.0400,26.9600,5992600
2012-06-08,23.5200,26.7900,23.2800,25.9900,5253500
2012-06-01,23.9100,24.6300,22.7501,23.4600,5566500
2012-05-25,22.6600,24.7600,22.6600,23.7700,5969900
2012-05-18,23.7500,25.8200,22.5900,22.6500,8475200
2012-05-11,25.7500,25.9400,22.8400,24.1900,9603600
2012-05-04,28.8900,30.2800,25.1000,25.9400,13838800
2012-04-27,27.0800,29.1000,26.6600,28.8000,5625500
2012-04-20,29.2900,29.6200,27.5300,27.5800,4538900
2012-04-13,28.5000,29.8200,28.1000,28.9300,6888200
2012-04-05,30.9500,31.8900,29.0000,29.0200,8115400
2012-03-30,32.1700,33.1200,30.5000,30.9400,5428800
2012-03-23,33.3500,34.0800,31.8500,32.4400,3633900
2012-03-16,33.1200,33.9000,32.5900,33.3000,3581400
2012-03-09,35.0000,35.2589,31.1600,33.3500,8298300
2012-03-02,35.4800,38.6700,35.0100,35.1700,6999400
2012-02-24,36.0800,36.9300,35.2600,35.7300,3951000
2012-02-17,34.0100,36.6650,32.5400,36.0100,6101200
2012-02-10,32.8200,34.7000,31.4100,33.1200,6968300
2012-02-03,31.6300,33.9200,31.0700,32.8950,10389000
2012-01-27,34.7500,34.9000,31.7400,31.9200,6611400
2012-01-20,32.1500,35.4600,32.0000,34.8000,4092200
2012-01-13,30.2600,33.2300,30.1500,31.8100,4941400
2012-01-06,29.1600,30.1800,28.6100,29.9800,3087000
2011-12-30,28.1300,28.9100,27.2000,28.4300,5216500
2011-12-23,27.5100,28.6400,25.9800,28.3100,4054300
2011-12-16,30.2000,30.6600,26.6100,27.3100,5368800
2011-12-09,33.7200,34.3400,29.3000,30.7200,4005800
2011-12-02,29.9100,34.3800,29.5700,32.9900,4152900
2011-11-25,32.3100,32.4100,28.9950,29.0500,3252200
2011-11-18,35.8400,36.9300,32.4900,33.0400,5131300
2011-11-11,34.5500,36.4300,32.7800,36.2400,4739200
2011-11-04,34.9200,35.1800,29.1100,34.8000,8686300
2011-10-28,31.2200,35.1800,30.4400,34.0300,5288200
2011-10-21,30.9600,31.1800,27.7400,30.7800,7801400
2011-10-14,29.8700,31.5200,29.1400,31.2000,4590200
2011-10-07,26.7500,31.1600,24.2000,29.1400,8157900
2011-09-30,29.1700,33.2600,26.9900,27.0100,7549200
2011-09-23,35.8900,36.3200,26.0300,28.9500,11892100
2011-09-16,33.5850,36.9200,32.0300,36.7700,13061800
2011-09-09,29.0500,32.5700,28.8100,30.9100,4688500
2011-09-02,30.8300,33.2600,29.9700,30.2200,6502600
2011-08-26,26.1400,30.2600,25.1700,29.8000,8802200
2011-08-19,31.2700,31.6400,25.1700,25.2600,6259500
2011-08-12,28.9300,31.3100,26.3800,30.9600,11241400
2011-08-05,33.8600,35.4800,29.2300,30.1200,14164500
2011-07-29,37.7000,38.2800,33.0000,34.4900,8304000
2011-07-22,39.4800,40.7900,37.0200,38.2600,7638600
2011-07-15,43.5800,44.5200,38.8800,39.6200,5237300
2011-07-08,44.2200,45.3900,43.0800,44.4300,2511000
2011-07-01,40.4300,44.7300,39.8800,44.3700,3593200
2011-06-24,38.0300,41.3800,37.5300,40.6000,6248100
2011-06-17,40.1600,41.9300,37.7500,37.9500,6755500
2011-06-10,41.3500,42.7000,39.6200,40.3200,4210200
2011-06-03,44.0600,44.5700,41.4940,42.0100,4327300
2011-05-27,44.9900,44.9900,42.5100,43.8700,3761100
2011-05-20,45.1900,46.9200,43.4009,45.7700,5371400
2011-05-13,46.1100,47.2900,45.2000,45.2450,2676600
2011-05-06,46.5400,48.3000,42.7200,46.1200,6776200
2011-04-29,47.0000,47.9000,44.8000,47.2200,5204000
2011-04-21,42.1900,47.2100,41.7100,47.1900,3079000
2011-04-15,44.4000,44.5100,41.5600,43.1200,3729700
2011-04-08,44.7200,47.6600,43.9700,44.3500,6198300
2011-04-01,41.0700,45.2900,40.2307,44.4800,4969800
2011-03-25,38.9600,41.8000,38.8300,40.9400,4236600
2011-03-18,37.0600,39.4200,36.0000,38.4300,6642700
2011-03-11,43.9600,44.2000,36.6000,37.7700,7572100
2011-03-04,43.9400,44.5897,41.6810,43.8600,3690400
2011-02-25,43.9000,44.4600,40.1000,43.6600,4877000
2011-02-18,43.8000,45.9800,43.5600,44.7300,4723800
2011-02-11,43.8100,43.8100,41.1600,43.5300,3281400
2011-02-04,39.3600,45.3500,39.2600,43.0400,8145500
2011-01-28,38.7400,42.0800,38.1600,39.6500,5601500
2011-01-21,45.5600,46.4899,38.5000,39.1900,6982700
2011-01-14,43.4600,46.0000,42.0900,46.0000,4094800
2011-01-07,38.0000,45.5400,38.0000,43.3800,8587400
2010-12-31,37.3600,38.8200,36.8400,37.6800,1136400
2010-12-23,37.1700,38.5500,36.6700,37.4400,1805600
2010-12-17,38.1200,38.3500,36.0400,37.2000,4780500
2010-12-10,39.5100,40.1200,38.2200,38.4000,4102000
2010-12-03,36.6400,39.7850,35.9000,39.3000,4095000
2010-11-26,34.5900,37.2500,34.5900,36.7100,2819300
2010-11-19,33.8400,34.9300,32.7000,34.7525,4974300
2010-11-12,35.0200,36.2400,31.4600,33.8300,9671600
2010-11-05,31.8600,35.4600,31.8400,35.2000,6458500
2010-10-29,29.0000,32.8900,28.9900,31.8700,11473400
2010-10-22,29.2200,29.4000,27.7100,28.8100,5586200
2010-10-15,28.7600,29.4300,28.0301,29.1900,4966600
2010-10-08,28.7000,30.2400,27.8900,28.6600,6934200
2010-10-01,29.4100,29.9000,28.1100,28.7500,6084300
2010-09-24,27.2400,29.6000,26.8200,29.5500,7199400
2010-09-17,24.8200,27.8000,24.8000,27.2500,7812900
2010-09-10,25.1100,26.1500,24.2300,24.5600,4654900
2010-09-03,24.5500,25.7200,23.4300,25.2700,5649100
2010-08-27,23.4700,24.2500,22.1600,24.0300,4860900
2010-08-20,24.3500,24.4000,22.8600,23.4000,5317600
2010-08-13,26.9400,27.4000,22.9900,23.7200,12049900
2010-08-06,27.1000,27.7700,26.3000,26.7100,5740800
2010-07-30,30.5200,31.4200,26.0300,26.8300,10848700
2010-07-23,28.1100,30.5000,27.7500,30.4900,4659800
2010-07-16,27.5200,29.6800,27.1100,28.1000,4272100
2010-07-09,26.1600,27.7100,25.3900,27.5700,2468200
2010-07-02,27.1900,27.5700,25.3500,25.8900,4024200
2010-06-25,28.2200,28.6400,26.1600,27.2000,4985500
2010-06-18,26.4600,28.8900,25.8600,27.8300,5900600
2010-06-11,26.9800,27.1100,24.7000,26.4000,4820400
2010-06-04,26.4300,28.2200,26.2700,26.9100,3950700
2010-05-28,25.9200,27.6100,25.1000,26.5800,4737800
2010-05-21,25.2200,27.0000,23.9400,26.0100,6734500
2010-05-14,26.1000,28.0500,25.4500,25.7900,4027100
2010-05-07,27.4300,28.0300,24.2300,25.1700,4417300
2010-04-30,27.4400,30.3900,27.2200,27.6100,6056900
2010-04-23,25.3200,27.5500,24.5500,27.4300,3422200
2010-04-16,25.1800,26.3800,25.1000,25.4700,3034200
2010-04-09,25.1900,26.0800,24.8400,25.1000,2010600
2010-04-01,24.4700,25.3701,24.2200,25.0600,1684500
2010-03-26,24.8900,25.6900,24.1800,24.5000,2862900
2010-03-19,24.8000,25.9500,24.2000,24.9550,2857000
2010-03-12,24.3400,25.2300,23.9000,24.8000,2539300
2010-03-05,23.9300,24.8900,23.7400,24.3200,3259800
2010-02-26,24.0600,24.4100,23.2500,23.9000,2066500
2010-02-19,23.4000,24.2100,23.3900,24.0000,2502600
2010-02-12,21.6000,23.2800,21.6000,23.2700,5522000
2010-02-05,21.4700,23.3500,21.4300,21.5900,5151700
2010-01-29,22.6400,23.6400,21.6000,21.6100,4083900
2010-01-22,23.0700,23.7800,22.2900,22.4500,1862000
2010-01-15,24.4900,25.0500,22.9200,23.1100,3511600
2010-01-08,24.0500,24.5300,23.5400,24.4800,3184800
2009-12-31,24.2500,24.5000,23.8200,23.8300,1490800
2009-12-24,23.1100,24.3700,23.0400,24.1700,1661400
2009-12-18,21.3900,23.1100,20.9500,23.1100,4160000
2009-12-11,21.6500,22.0000,21.1600,21.4100,2056000
2009-12-04,20.1200,21.7000,19.9600,21.6900,2743000
2009-11-27,20.4800,20.7200,19.9500,20.2000,743700
2009-11-20,20.5500,20.9500,20.0900,20.2400,1927800
2009-11-13,19.4200,20.6400,19.3300,20.3900,3935400
2009-11-06,18.8600,19.5200,18.2300,19.2500,4092100
2009-10-30,20.0200,20.3000,18.7700,18.9600,5963000
2009-10-23,21.5800,21.7800,20.0200,20.0800,2515600
2009-10-16,21.9400,22.1500,21.2600,21.4500,1639700
2009-10-09,20.5600,21.9900,20.0400,21.9400,3036000
2009-10-02,21.1100,22.2600,20.1500,20.4600,2871300
2009-09-25,21.8000,22.0900,20.9301,20.9700,2107300
2009-09-18,21.2400,21.9500,21.1200,21.8700,2916700
2009-09-11,21.2500,21.5400,20.3400,21.4100,2402100
2009-09-04,20.7300,20.7300,19.4900,20.5300,2396800
2009-08-28,20.7600,21.2300,19.9000,20.9600,3492300
2009-08-21,18.9900,21.0500,18.1800,20.6700,4520400
2009-08-14,18.2200,19.0000,17.7800,18.3900,1669200
2009-08-07,18.7400,19.3600,18.3000,18.3600,1660800
2009-07-31,18.7300,19.0700,17.0000,18.8700,4572200
2009-07-24,18.6200,19.4500,17.9600,18.8000,2929800
2009-07-17,16.9400,18.5000,16.5900,18.3900,2478500
2009-07-10,17.3300,17.3300,15.4606,16.8400,3076500
2009-07-02,17.4200,17.5200,16.7500,17.3400,3192100
2009-06-26,16.8100,17.5300,16.1200,17.5300,4543500
2009-06-19,16.3400,17.2500,15.9000,16.8600,3182100
2009-06-12,16.1200,16.9700,15.5000,16.5500,3070600
2009-06-05,14.0000,16.4400,13.8200,16.1200,4803700
2009-05-29,14.8000,15.5000,13.9700,14.4400,2502000
2009-05-22,13.5300,15.3250,13.4950,14.8000,3893400
2009-05-15,13.2900,14.1200,12.6200,13.4500,2557100
2009-05-08,12.8200,14.6600,12.6400,13.5000,4157300
2009-05-01,12.8400,13.8900,12.3500,12.7600,4887200
2009-04-24,12.3900,13.1800,12.1100,13.0100,2188800
2009-04-17,12.2400,12.5200,11.8600,12.5100,2190500
2009-04-09,11.9000,12.4900,11.3100,12.3900,1947800
2009-04-03,11.8400,12.0000,11.1200,11.9900,3113900
2009-03-27,11.8800,12.7000,11.5200,12.0100,2612400
2009-03-20,12.3900,12.4500,11.2000,11.7700,5283500
2009-03-13,10.5200,12.4700,10.1000,12.3600,4144300
2009-03-06,9.3000,11.0800,9.1200,10.5900,4673500
2009-02-27,9.0300,9.8500,8.4400,9.5100,3314400
2009-02-20,9.8100,9.9800,8.8300,8.9900,1680300
2009-02-13,10.2900,10.7940,9.6000,10.0700,2379200
2009-02-06,8.7800,10.6700,8.5800,10.3200,5272700
2009-01-30,8.0600,9.2700,7.8000,9.1000,4662600
2009-01-23,8.5600,8.5600,7.1400,8.0900,3261500
2009-01-16,9.7600,9.7600,8.2200,8.5800,3633700
2009-01-09,10.5000,11.0800,9.5500,9.6700,2863900
2009-01-02,10.0000,10.8000,9.9500,10.5200,2340400
2008-12-26,10.1300,10.2900,9.6500,10.0000,744000
2008-12-19,9.8100,10.1800,8.9300,10.1300,3498400
2008-12-12,10.2800,10.6400,9.0000,9.8000,6251300
2008-12-05,10.6000,11.0500,9.8700,10.0900,3018300
2008-11-28,9.1300,10.9200,9.0000,10.8500,2993000
2008-11-21,10.3300,10.7000,8.1800,8.9500,3872000
2008-11-14,11.7200,11.9600,9.7700,10.4100,4292900
2008-11-07,12.5400,12.8599,10.7800,11.5600,4143500
2008-10-31,11.6000,13.2500,10.8500,12.7400,3096200
2008-10-24,12.4400,13.5000,10.5000,11.5400,4566700
2008-10-17,13.7000,14.7100,11.1700,12.1000,4612500
2008-10-10,13.4100,14.3000,10.9900,13.1300,3956300
2008-10-03,14.4600,15.6200,12.5000,13.7900,3056100
2008-09-26,15.2700,16.0000,14.0100,14.7500,2541300
2008-09-19,12.4400,16.9000,12.0800,15.3700,6283400
2008-09-12,14.7800,14.9700,11.9800,12.6300,6862000
2008-09-05,17.3900,17.5200,14.1200,14.4900,5599500
2008-08-29,18.4300,18.8200,16.7500,17.0900,2319900
2008-08-22,19.8900,19.9100,17.7600,18.4700,2516200
2008-08-15,17.8800,20.0900,17.6100,19.7100,4251900
2008-08-08,15.8200,18.6300,15.2000,17.8700,5195200
2008-08-01,17.0600,17.2200,15.8000,15.8700,3153300
2008-07-25,16.7300,17.3700,15.7200,16.7500,3640100
2008-07-18,17.1300,18.2100,16.3200,16.5600,8880400
2008-07-11,20.4500,21.2200,15.9300,17.5200,9250500
2008-07-03,21.1200,21.4900,19.3500,20.2700,4233800
2008-06-27,23.3000,23.6400,20.6500,21.0800,5834000
2008-06-20,24.2600,25.6000,23.0600,23.4200,2766400
2008-06-13,25.0400,25.3200,22.2300,24.7500,2876700
2008-06-06,26.4600,26.5800,24.8800,25.5300,3449800
2008-05-30,24.2400,26.2500,23.9300,26.0600,2488300
2008-05-23,24.0000,25.0700,23.1300,24.0900,3504700
2008-05-16,20.2100,24.5000,20.0000,23.8500,3393000
2008-05-09,20.9400,21.3000,19.7000,20.2100,3452000
2008-05-02,20.8200,21.4100,20.1200,20.9400,2477800
2008-04-25,17.5400,21.6800,17.3900,21.1400,3745800
2008-04-18,18.0900,18.6000,15.8100,17.7600,4407600
2008-04-11,17.0000,18.1800,16.6100,18.0000,1992100
2008-04-04,17.2300,17.9000,15.7200,17.0200,2023000
2008-03-28,16.0000,17.9500,16.0000,17.3100,1917700
2008-03-20,14.7900,16.8800,14.5900,16.0000,2115200
2008-03-14,15.4500,15.9900,13.5700,15.3000,4454800
2008-03-07,14.5600,16.4200,14.2900,15.3300,5032400
2008-02-29,18.3600,18.9950,13.7500,14.2200,4690800
2008-02-22,19.0400,20.0200,18.0000,18.4900,2683900
2008-02-15,17.9900,20.4100,17.6900,18.7400,2289800
2008-02-08,18.4500,19.8700,15.8600,17.9500,4244600
2008-02-01,20.8200,22.0900,17.3000,18.4000,3772600
2008-01-25,19.2900,22.7500,18.0000,21.1500,3286200
2008-01-18,21.9000,23.0000,19.9100,20.3300,2807900
2008-01-11,21.3000,22.9500,18.5000,21.9000,2929900
2008-01-04,23.4700,24.3200,21.2500,21.3300,2091300
2007-12-28,24.4900,24.8000,23.4800,23.5100,564400
2007-12-21,23.9900,24.4000,22.9700,24.3400,1703400
2007-12-14,25.0000,25.0100,23.1500,24.0900,3017300
2007-12-07,26.0000,26.8300,24.1101,26.1400,1676100
2007-11-30,24.0000,26.6000,22.9800,25.6500,2461500
2007-11-23,25.0000,25.0000,21.6300,24.3700,2203800
2007-11-16,25.7500,26.4900,24.9800,25.2000,1273500
2007-11-09,28.0000,28.9200,24.2100,26.0900,6417700
2007-11-02,25.3800,29.9200,24.8900,28.6500,1807500
2007-10-26,27.0300,29.4000,24.1100,25.1700,1330400
2007-10-19,31.3300,32.8500,27.0000,27.3400,1922600
2007-10-12,32.7900,34.7500,30.5300,31.0100,619500
2007-10-05,32.5000,33.9500,31.0710,33.0000,953800
2007-09-28,30.9100,35.6000,28.6300,32.5000,1051900
2007-09-21,27.5000,30.9900,26.9900,30.8100,654600
2007-09-14,27.0400,28.1900,25.3600,27.5300,907100
2007-09-07,28.0100,29.1700,26.5000,26.8800,356500
2007-08-31,29.8700,29.8700,26.4200,28.0400,923000
2007-08-24,28.3600,31.6000,28.2600,29.8500,1174300
2007-08-17,27.0500,28.5000,24.8000,28.1600,1613700
2007-08-10,22.7700,28.0900,21.5300,27.2900,1816200
2007-08-03,24.2000,24.5600,22.1600,22.4900,1059700
2007-07-27,26.3600,28.5400,23.5800,24.2200,1923700
2007-07-20,27.0300,28.1300,25.2201,26.1900,1734800
2007-07-13,23.6400,27.3800,22.6400,26.8600,1695400
2007-07-06,23.0600,24.2100,22.0400,23.6400,699300
2007-06-29,24.2200,25.1000,22.1800,22.6200,1039300
2007-06-22,21.9200,26.2700,21.9200,24.2100,2389900
2007-06-15,20.9800,22.1795,19.1700,21.7600,1111300
2007-06-08,21.3000,21.6500,19.3100,19.8500,1006700
2007-06-01,20.4500,21.9000,20.2200,21.2900,1120500
2007-05-25,17.7400,20.3799,17.2900,19.9500,1431800
2007-05-18,17.3700,17.9400,16.6800,17.6300,1605000
2007-05-11,18.5900,18.5900,16.9000,17.5000,1651900
