timestamp,open,high,low,close,volume
2014-08-19,0.0000,0.0000,0.0000,9.9900,0
2014-07-18,10.0000,10.0000,9.9853,9.9900,2369770
2014-07-11,9.9500,10.0000,9.8900,9.9800,1543976
2014-07-03,9.9400,9.9600,9.9400,9.9600,745513
2014-06-27,9.9600,9.9600,9.9200,9.9400,924130
2014-06-20,9.9400,9.9600,9.9400,9.9600,749197
2014-06-13,9.9600,9.9800,9.9500,9.9500,515537
2014-06-06,9.8900,9.9900,9.8700,9.9600,1537911
2014-05-30,9.8500,9.9400,9.8500,9.8700,2105409
2014-05-23,9.9500,9.9500,9.8100,9.8700,1751574
2014-05-16,9.9300,9.9600,9.9200,9.9300,1972580
2014-05-08,9.9100,9.9500,9.8800,9.9400,2455261
2014-05-02,9.8200,9.9400,9.8200,9.9200,4573390
2014-04-25,9.8400,9.8800,9.7800,9.8200,21628802
2014-04-17,6.9500,7.1500,6.6100,7.0800,421411
2014-04-11,7.0300,7.2500,6.8400,6.8700,664400
2014-04-04,7.0400,7.4500,6.9300,7.0800,819900
2014-03-28,7.2400,7.3400,6.9000,7.0200,705400
2014-03-21,6.7900,7.3400,6.7000,7.2500,1244800
2014-03-14,7.2900,7.3500,6.3700,6.8200,1348400
2014-03-07,6.8000,7.3400,6.8000,7.3000,1084800
2014-02-28,7.1300,7.1900,6.7900,6.8500,1201400
2014-02-21,7.1500,7.2200,6.8500,7.0900,618600
2014-02-14,7.2000,7.2600,6.9700,7.1000,960700
2014-02-07,7.2500,7.3000,6.8100,7.1800,966000
2014-01-31,6.7000,7.9500,6.3300,7.2600,2772900
2014-01-24,7.0000,7.2000,6.6100,6.7000,963500
2014-01-17,6.9000,7.1400,6.8500,6.9400,655900
2014-01-10,6.9800,7.1700,6.8300,6.9500,1120100
2014-01-03,6.9400,7.0400,6.7800,6.9700,965700
2013-12-27,6.8600,7.0400,6.8100,6.9200,667200
2013-12-20,6.9100,7.1200,6.6000,6.8500,3032200
2013-12-13,6.7500,6.8300,6.2400,6.6300,1781400
2013-12-06,5.5200,6.7100,5.4000,6.7000,2659400
2013-11-29,6.0000,6.0000,5.3900,5.5500,1501000
2013-11-22,5.9600,6.0900,5.8100,6.0100,509900
2013-11-15,6.1800,6.1800,5.8700,5.9600,1042800
2013-11-08,6.4600,6.7100,5.5300,6.2100,2034600
2013-11-01,6.4700,6.6000,6.2100,6.4500,969300
2013-10-25,6.3600,6.5200,6.2000,6.4900,625600
2013-10-18,6.5300,6.6500,6.3100,6.3600,642900
2013-10-11,6.3800,6.6600,6.1700,6.5500,761300
2013-10-04,6.3700,6.6000,6.2000,6.4200,872400
2013-09-27,5.9100,6.5300,5.8900,6.4000,1067200
2013-09-20,6.5200,6.5600,5.8300,5.9100,4006500
2013-09-13,6.4300,6.8500,6.3500,6.6600,804500
2013-09-06,6.6100,6.6500,6.3000,6.4000,1069500
2013-08-30,6.9200,6.9700,6.4600,6.5600,621300
2013-08-23,6.7100,7.0000,6.5000,6.9200,881800
2013-08-16,6.7400,6.8800,6.4800,6.7500,1173500
2013-08-09,6.9800,7.0400,6.7100,6.7800,1074700
2013-08-02,8.6400,8.8100,6.8600,7.0100,1277700
2013-07-26,8.8400,8.9800,8.5600,8.6400,470700
2013-07-19,8.5200,9.2000,8.5000,8.8400,982100
2013-07-12,7.8800,8.5400,7.8000,8.4900,641000
2013-07-05,7.8100,8.0300,7.3200,7.8800,333900
2013-06-28,7.9600,7.9900,7.5200,7.8400,854500
2013-06-21,8.4500,8.5600,7.4100,8.0000,1094300
2013-06-14,8.4400,9.0800,7.6300,8.3800,684800
2013-06-07,8.6400,8.7200,8.0700,8.4200,767700
2013-05-31,8.9000,9.1600,8.5000,8.5900,794300
2013-05-24,8.9500,9.1700,8.5100,8.8100,618400
2013-05-17,9.1800,9.6000,8.9400,8.9800,823700
2013-05-10,9.0600,9.4000,8.9600,9.2200,1004100
2013-05-03,8.4300,9.3000,8.3700,9.0300,1336300
2013-04-26,8.1700,8.7900,7.7100,8.3700,1252000
2013-04-19,8.2300,8.4000,7.6900,8.1900,1155500
2013-04-12,7.2700,8.3100,7.0300,8.2600,781900
2013-04-05,7.3600,7.4600,7.0500,7.2700,465000
2013-03-28,7.3500,7.4800,7.0100,7.4300,336600
2013-03-22,7.4300,7.5700,7.2100,7.3500,514800
2013-03-15,7.1100,7.6900,6.9100,7.5400,1968400
2013-03-08,7.1500,7.5500,6.9700,7.0600,1120900
2013-03-01,7.8100,7.9000,6.8500,7.2100,694000
2013-02-22,7.9600,8.1500,7.7300,7.7800,517300
2013-02-15,8.7100,8.7100,7.8900,7.9600,491800
2013-02-08,8.8700,8.8700,8.3500,8.6800,566500
2013-02-01,8.6400,8.9500,8.2500,8.9000,876900
2013-01-25,8.9300,9.2700,8.2100,8.6000,595000
2013-01-18,9.0000,9.1500,8.3900,8.9300,604600
2013-01-11,8.9100,9.1400,8.6700,9.0000,452200
2013-01-04,8.8200,9.3500,8.7100,8.9900,662400
2012-12-28,9.1400,9.1400,8.6800,8.8400,344300
2012-12-21,8.1400,9.2400,8.0800,9.1400,1777500
2012-12-14,7.2400,8.3000,7.2400,8.0900,559600
2012-12-07,7.5000,7.6500,7.0400,7.2400,345900
2012-11-30,6.9800,7.8000,6.9300,7.4300,473800
2012-11-23,6.9100,7.2200,6.7700,6.9700,308700
2012-11-16,7.2500,7.3500,6.6500,6.8400,505500
2012-11-09,7.6700,8.3300,7.0000,7.2100,802800
2012-11-02,8.5100,8.5200,7.4200,7.6600,578600
2012-10-26,8.5300,8.6400,7.9400,8.5300,537000
2012-10-19,9.3600,9.4700,8.3700,8.5700,447700
2012-10-12,9.5100,9.8900,9.2800,9.3400,420700
2012-10-05,9.9100,10.1100,9.1800,9.5500,860500
2012-09-28,9.8600,10.1900,9.5800,9.8400,772200
2012-09-21,9.1400,10.0500,8.9900,9.8600,1584000
2012-09-14,8.4100,9.5000,8.3800,9.1600,627600
2012-09-07,8.1300,8.8900,7.9500,8.5000,466500
2012-08-31,8.1800,8.6900,7.9500,8.1000,386500
2012-08-24,8.5400,8.9800,8.0600,8.1600,563900
2012-08-17,7.8100,8.5800,7.7000,8.5500,546300
2012-08-10,8.0300,8.5800,7.3600,7.8500,685100
2012-08-03,7.2800,8.4300,6.7600,8.0100,724800
2012-07-27,6.9300,7.3000,6.4000,7.2600,359500
2012-07-20,7.3600,7.5000,7.0200,7.0400,397100
2012-07-13,7.3000,7.5900,7.1300,7.3600,439800
2012-07-06,6.8100,7.3600,6.5900,7.3300,472900
2012-06-29,6.1600,6.8300,6.1600,6.7700,648300
2012-06-22,6.4400,6.5400,5.7500,6.2700,2310500
2012-06-15,6.4300,6.6500,6.1900,6.4900,845700
2012-06-08,5.9100,6.4900,5.8400,6.3700,567200
2012-06-01,5.7500,5.9600,5.6200,5.9000,974900
2012-05-25,6.5500,6.5500,5.6100,5.7000,764400
2012-05-18,6.3700,6.6600,6.2200,6.5100,485600
2012-05-11,6.4900,7.0300,6.3600,6.4600,686400
2012-05-04,6.6600,6.7600,6.3700,6.5300,635000
2012-04-27,6.6000,6.9000,6.3300,6.6800,1149200
2012-04-20,7.0300,7.2900,6.5900,6.6400,509800
2012-04-13,7.5000,7.5400,6.9900,7.0000,711300
2012-04-05,7.9500,8.0500,7.4300,7.6100,619600
2012-03-30,8.2500,8.3700,7.8100,8.0000,1074600
2012-03-23,7.9100,8.3700,7.8400,8.1600,583600
2012-03-16,7.6600,8.2200,7.6400,7.9300,1050800
2012-03-09,7.2900,7.7800,7.2000,7.6700,639100
2012-03-02,7.9600,8.0300,7.2600,7.2900,547800
2012-02-24,8.0100,8.1500,7.7000,8.0300,547600
2012-02-17,9.1900,9.3900,7.9700,8.0000,799200
2012-02-10,9.0800,9.2800,8.6300,9.0800,598800
2012-02-03,8.8200,9.4200,8.2000,9.3500,760300
2012-01-27,8.8400,8.9800,8.3300,8.8900,639700
2012-01-20,8.5400,9.1700,7.9100,8.8400,446500
2012-01-13,8.2800,8.7600,8.0300,8.4800,731500
2012-01-06,8.2400,8.9500,8.1700,8.2400,547900
2011-12-30,7.8400,8.1600,7.6100,8.0100,431700
2011-12-23,8.0500,8.1900,7.6200,7.8500,609400
2011-12-16,7.6500,8.0300,7.3900,8.0100,1948500
2011-12-09,7.3100,7.8200,7.0500,7.7700,1132600
2011-12-02,6.5400,7.4100,6.4200,7.1800,1369200
2011-11-25,6.5000,6.7600,6.2600,6.3200,1075500
2011-11-18,6.3600,6.7600,5.9500,6.6000,2144900
2011-11-11,6.2900,6.4700,5.7500,6.4000,5636400
2011-11-04,8.2700,8.4600,6.1200,6.3000,1906100
2011-10-28,7.2600,8.5300,7.0300,8.4200,890900
2011-10-21,7.5500,7.6400,7.0100,7.2500,664300
2011-10-14,7.5600,7.9000,7.4500,7.6200,1116200
2011-10-07,6.9900,7.9300,6.4100,7.3700,1341700
2011-09-30,7.2800,7.6900,6.9700,7.0600,783600
2011-09-23,8.5000,8.6400,7.0100,7.2100,1311800
2011-09-16,8.6000,9.0100,8.3400,8.6300,1468300
2011-09-09,8.7500,9.3800,8.5600,8.7300,932800
2011-09-02,8.9200,9.5300,8.8000,9.0700,1361500
2011-08-26,8.9000,9.2700,8.2000,8.8200,1081600
2011-08-19,9.6300,9.8100,8.5900,8.6700,1057000
2011-08-12,9.0300,9.9600,8.7200,9.5400,2560000
2011-08-05,11.3600,11.5900,9.1500,9.3100,1810700
2011-07-29,12.1500,12.3200,11.1100,11.2300,1321700
2011-07-22,13.0200,13.1800,12.1500,12.2300,988900
2011-07-15,13.4100,13.5200,12.9000,13.0800,995000
2011-07-08,13.1400,13.8400,13.0500,13.5400,659500
2011-07-01,12.2000,13.3700,12.1700,13.1700,771400
2011-06-24,13.1300,13.3000,12.0300,12.1900,1421300
2011-06-17,12.6800,13.5000,12.4000,13.2400,1373400
2011-06-10,13.5900,13.7900,12.5500,12.6600,1164700
2011-06-03,14.6300,14.7400,13.4500,13.6100,1096600
2011-05-27,13.5700,14.6900,13.1700,14.4400,998100
2011-05-20,13.7800,14.2300,13.3500,13.7300,1077300
2011-05-13,13.7700,14.3900,13.7200,13.9100,1165500
2011-05-06,12.7500,14.7100,12.7000,13.7600,2664800
2011-04-29,12.8000,12.8900,12.4300,12.7600,732900
2011-04-21,12.6000,13.1300,12.1400,12.6200,1234900
2011-04-15,11.6700,12.3000,11.3100,12.2800,2824500
2011-04-08,11.8000,12.0300,11.5100,11.6800,1064500
2011-04-01,11.8300,12.1200,11.6500,11.7300,652700
2011-03-25,12.2900,12.5700,11.4100,11.7600,1738700
2011-03-18,12.8500,13.0200,11.8300,12.1900,1132900
2011-03-11,12.8000,13.1000,12.5400,12.8700,996100
2011-03-04,13.8300,14.1900,12.3600,12.7500,1465700
2011-02-25,14.4300,14.8300,13.4700,13.8100,723200
2011-02-18,14.5300,14.6800,14.3200,14.5600,618300
2011-02-11,14.4900,14.9100,14.3100,14.5900,1065600
2011-02-04,14.6800,14.8600,14.3600,14.5000,726500
2011-01-28,15.5500,15.5500,14.4000,14.6700,1176300
2011-01-21,15.9100,15.9400,15.0000,15.5000,574400
2011-01-14,15.6300,16.3400,15.3900,16.0000,766900
2011-01-07,15.4400,15.9300,14.5900,15.6600,875600
2010-12-31,14.9900,15.8900,14.8600,15.2800,707000
2010-12-23,14.8000,15.0800,14.4400,14.9700,536300
2010-12-17,14.1700,14.7900,13.9400,14.7900,840500
2010-12-10,14.2600,14.6700,13.7000,14.1400,708100
2010-12-03,13.3000,14.3700,12.8000,14.2900,756800
2010-11-26,12.7000,13.1700,12.2300,13.1500,201200
2010-11-19,13.2000,13.2400,12.2200,12.7400,446200
2010-11-12,13.0100,13.4100,12.5000,12.6300,724700
2010-11-05,13.6500,14.2400,12.3500,13.0700,879000
2010-10-29,14.3800,14.6200,13.5100,13.5500,386700
2010-10-22,14.2400,14.8000,13.9200,14.2800,632000
2010-10-15,13.0200,14.3000,12.7100,14.1700,839600
2010-10-08,13.4500,14.0300,12.9900,13.0700,610700
2010-10-01,12.5700,13.5300,12.4100,13.4500,748100
2010-09-24,11.7900,12.5300,11.7100,12.5300,1009600
2010-09-17,12.2700,12.8200,11.6200,11.7500,1576700
2010-09-10,13.3000,13.3000,12.1900,12.2100,668500
2010-09-03,12.1100,13.3700,11.7000,13.3000,792100
2010-08-27,12.9000,12.9200,11.5900,12.1900,925900
2010-08-20,12.9000,13.2400,12.5500,12.8200,951200
2010-08-13,13.1200,13.4900,12.7800,12.9900,953700
2010-08-06,15.4200,15.5000,12.2600,12.9700,1387500
2010-07-30,15.0300,15.5500,14.6000,15.2300,721900
2010-07-23,14.2400,15.1700,13.7800,15.0400,1228700
2010-07-16,13.9000,14.6800,13.6800,14.2500,755700
2010-07-09,13.3100,14.1600,13.3100,13.9800,831400
2010-07-02,13.5000,13.5000,12.1600,13.1500,1514600
2010-06-25,14.0500,14.1600,13.0300,13.5000,1257800
2010-06-18,13.7500,14.3300,13.5500,13.8900,1424900
2010-06-11,14.7500,14.7500,13.4300,13.6400,1575200
2010-06-04,15.5000,16.3000,14.6200,14.6600,827200
2010-05-28,15.8200,16.1000,14.9300,15.6300,1326700
2010-05-21,17.2100,18.0500,15.3900,15.8600,3202200
2010-05-14,15.8800,17.2300,15.2800,17.2200,1937100
2010-05-07,15.5000,16.3700,14.2900,15.1200,2879200
2010-04-30,15.2800,15.6200,14.9100,15.3800,1004500
2010-04-23,13.9100,15.3200,13.8300,15.1200,1628300
2010-04-16,14.1100,14.1500,13.3800,13.9900,948400
2010-04-09,13.8900,14.4000,13.7000,14.0600,918800
2010-04-01,12.9700,14.0800,12.7800,13.8600,1398900
2010-03-26,12.6400,13.9200,12.5700,12.9800,1757900
2010-03-19,12.1500,12.7500,11.7600,12.7500,2222100
2010-03-12,12.4600,12.9700,10.7100,12.1200,3292700
2010-03-05,12.4300,13.3300,11.3300,12.9600,1791900
2010-02-26,13.3500,13.7000,12.4000,12.4100,1045500
2010-02-19,12.5400,13.4600,12.5000,13.3500,731300
2010-02-12,12.5500,12.7800,12.2200,12.4800,2021600
2010-02-05,12.5700,12.7200,12.4000,12.6000,1219800
2010-01-29,12.6800,12.9400,12.3500,12.4600,1743800
2010-01-22,13.9300,14.0900,12.5200,12.5600,1647800
2010-01-15,14.8400,14.9800,13.8100,13.9400,1186000
2010-01-08,15.9600,16.2300,14.5200,14.8600,2183600
2009-12-31,15.6200,16.0600,15.6100,15.7500,1248300
2009-12-24,14.6300,15.6800,14.6300,15.6200,425700
2009-12-18,14.2700,14.9500,14.1500,14.5900,1488000
2009-12-11,13.6100,14.3800,13.4900,14.2400,1289400
2009-12-04,12.8300,13.7400,12.6000,13.6900,1180000
2009-11-27,12.7100,13.1000,12.3600,12.9000,715500
2009-11-20,12.4700,12.8100,12.2300,12.5300,1669600
2009-11-13,12.5400,13.0000,11.0100,12.3500,3231700
2009-11-06,13.3600,14.9900,12.1500,12.4100,2355700
2009-10-30,15.6900,15.7500,13.1600,13.3500,930700
2009-10-23,16.4700,16.6300,15.5700,15.7200,675800
2009-10-16,15.3500,16.5200,15.3300,16.3400,991500
2009-10-09,15.1400,15.4100,14.6000,15.3600,1442400
2009-10-02,15.8500,16.3800,15.1200,15.1200,1044900
2009-09-25,15.8000,16.7500,15.5300,15.7300,688300
2009-09-18,15.2100,16.5500,15.1900,15.9000,1035600
2009-09-11,14.1200,15.4700,13.9600,15.3700,686500
2009-09-04,14.7000,14.8500,13.5000,13.9600,882900
2009-08-28,14.8300,15.2200,14.5300,14.8900,730300
2009-08-21,15.3600,15.3600,14.1000,14.7500,1339400
2009-08-14,16.3000,16.7500,15.2600,15.5000,1424800
2009-08-07,14.1800,16.7300,13.7600,16.3200,2699600
2009-07-31,14.0000,14.2700,13.5700,14.0200,1016700
2009-07-24,14.4000,14.4600,13.4000,14.1000,2708900
2009-07-17,13.8000,14.7600,13.6800,14.3600,1475200
2009-07-10,14.4000,14.5500,13.3400,13.7500,4014000
2009-07-02,14.6400,14.7900,13.9600,14.5000,2168300
2009-06-26,15.2900,15.3400,14.5500,14.9200,1768900
2009-06-19,16.7100,16.7600,15.2500,15.3200,1939000
2009-06-12,18.2400,19.0500,16.2800,16.7400,5928200
2009-06-05,17.3300,19.5000,17.1900,18.1900,2439300
2009-05-29,15.9800,17.7900,15.7700,17.1900,1117500
2009-05-22,16.3300,16.6300,15.2000,15.6600,1312600
2009-05-15,17.1900,17.4500,15.8400,16.1700,1614100
2009-05-08,18.0000,18.4100,16.3500,17.4400,2235100
2009-05-01,19.5900,20.8000,17.9200,17.9900,2249000
2009-04-24,18.8400,20.3200,18.3600,20.0200,1256000
2009-04-17,19.7700,19.9300,18.0100,19.3800,1008600
2009-04-09,18.4000,20.2500,17.6000,20.0000,1766100
2009-04-03,17.9000,20.4700,17.7600,18.5200,1591700
2009-03-27,16.3000,18.7900,16.3000,18.4500,1090400
2009-03-20,15.2300,17.1800,14.7000,16.0500,1153500
2009-03-13,12.8300,15.2100,12.5900,15.0300,1226700
2009-03-06,14.1500,14.4600,12.5000,13.0400,1519300
2009-02-27,15.6500,15.9000,13.7800,14.4100,1532500
2009-02-20,15.9000,16.6100,15.2000,15.6000,1042200
2009-02-13,16.5200,16.9500,15.4600,16.1600,944400
2009-02-06,15.6400,16.7600,15.0600,16.6500,1272400
2009-01-30,15.8100,17.2600,15.6500,15.7400,1238800
2009-01-23,15.2200,16.2400,14.3900,15.9200,1119400
2009-01-16,16.0200,16.3300,14.4300,15.4400,1398300
2009-01-09,16.4700,16.7500,15.6600,16.2000,1334600
2009-01-02,15.6100,16.7900,15.3400,16.6500,1354000
2008-12-26,15.5600,16.5500,15.2300,15.5700,941900
2008-12-19,13.7700,15.8000,13.0800,15.5300,1508000
2008-12-12,14.9000,15.5900,12.4100,13.7100,1765000
2008-12-05,14.7700,15.4200,13.5500,14.9100,1386300
2008-11-28,12.0700,15.4600,11.6700,15.2100,1278300
2008-11-21,10.8900,12.7500,10.0700,11.9300,1421200
2008-11-14,12.0000,12.4700,9.6300,11.0100,1594300
2008-11-07,12.0200,12.9600,10.9100,11.8400,1174200
2008-10-31,9.2500,13.7000,8.4100,12.0200,2607200
2008-10-24,10.8300,11.4800,9.0000,9.3200,1243100
2008-10-17,9.6200,12.3800,9.1700,10.6500,1706300
2008-10-10,11.9200,12.0700,8.1600,9.2100,2914800
2008-10-03,15.3300,15.7100,12.0400,12.1000,1544800
2008-09-26,17.2600,17.4000,15.0900,15.6600,1411400
2008-09-19,15.2200,17.3700,13.4300,17.2600,3016300
2008-09-12,16.5000,16.8700,14.0400,15.5400,2118800
2008-09-05,17.1400,17.4200,15.6300,16.0300,972300
2008-08-29,16.1900,17.1500,15.2600,16.9300,1412600
2008-08-22,16.9600,17.3800,15.4400,16.2600,1181900
2008-08-15,16.0600,17.9900,15.8100,16.8900,1546400
2008-08-08,14.5000,17.5500,14.1500,16.0700,4331300
2008-08-01,18.5600,18.6600,15.2900,16.6300,1996700
2008-07-25,16.8100,19.2000,16.3300,18.5900,1462200
2008-07-18,15.8400,17.2400,14.8000,16.7600,1264500
2008-07-11,16.0200,16.8100,14.8200,15.4800,1394800
2008-07-03,17.6500,17.6500,15.1200,15.8200,2228900
2008-06-27,16.9200,18.4100,15.9100,17.7200,2867000
2008-06-20,17.3800,17.8200,16.3800,16.8200,1215200
2008-06-13,18.8300,19.0000,16.5400,17.5200,1747700
2008-06-06,18.5000,19.7100,17.6100,18.8100,1554900
2008-05-30,16.9200,18.8700,16.8700,18.5500,2263900
2008-05-23,17.2800,17.6200,16.5100,16.9400,1447400
2008-05-16,17.4700,17.7500,16.6500,17.2500,2093200
2008-05-09,20.2200,20.5200,17.2100,17.4800,1280000
2008-05-02,19.5000,21.8600,19.4300,20.3700,2255200
2008-04-25,18.1900,19.7000,16.7700,19.5300,1781500
2008-04-18,18.0000,18.6300,17.1600,18.2800,1418900
2008-04-11,19.1300,20.3400,17.7900,18.0700,1458100
2008-04-04,18.8900,19.9000,18.6000,19.0200,1761600
2008-03-28,17.2100,19.3000,17.1800,18.8700,2386300
2008-03-20,14.5100,17.4000,13.9400,17.2300,2963500
2008-03-14,15.0700,15.3000,14.3000,14.7000,2893600
2008-03-07,16.4000,17.2800,14.6800,14.9500,2788700
2008-02-29,18.7700,20.0200,16.2200,16.3900,4782700
2008-02-22,25.3600,25.8600,15.5800,18.7600,15924800
2008-02-15,24.9700,29.1900,24.7500,25.1300,3673600
2008-02-08,33.0400,33.6600,24.9400,25.2100,4891200
2008-02-01,31.8800,34.0000,29.8600,33.0600,1939900
2008-01-25,29.2600,32.7800,27.1100,32.0100,2339400
2008-01-18,32.6000,34.0000,28.8500,30.8900,3037900
2008-01-11,38.8100,39.6200,29.9400,32.3500,6297400
2008-01-04,38.9100,40.2600,37.6800,38.6600,1623200
2007-12-28,40.2100,41.0200,38.6100,38.9700,707100
2007-12-21,40.9400,41.2800,38.7500,40.0100,1851100
2007-12-14,43.5300,46.5100,40.4700,40.7000,2097400
2007-12-07,43.1900,44.0500,42.3300,43.2000,1467900
2007-11-30,38.9100,42.0000,37.0700,41.3700,1871900
2007-11-23,40.9000,40.9300,37.1500,38.7900,1262000
2007-11-16,42.3800,42.3900,39.6500,41.4000,1465400
2007-11-09,40.6200,44.1800,40.3600,42.5200,1592300
2007-11-02,41.8800,42.0500,37.7600,41.5600,1740200
2007-10-26,40.1000,41.9900,38.2500,41.9800,1021200
2007-10-19,40.0000,43.2300,39.7400,40.1000,935500
2007-10-12,43.0100,43.0100,39.5600,39.9800,913500
2007-10-05,40.8600,44.7100,40.8600,43.0200,1903500
2007-09-28,40.6400,41.7400,39.3100,40.7900,686600
2007-09-21,35.8400,41.2100,35.5300,40.4900,1599000
2007-09-14,35.7800,37.6900,35.0000,35.8700,778300
2007-09-07,38.6200,39.5400,34.9900,35.5100,1234900
2007-08-31,38.4300,39.6700,37.7300,38.8600,727700
2007-08-24,37.6700,38.7600,37.0100,38.4800,619200
2007-08-17,37.3100,38.5600,34.8600,37.5900,1229600
2007-08-10,36.0600,42.2000,35.5300,36.4000,2783000
2007-08-03,35.0000,38.0300,34.8000,35.8100,1467500
2007-07-27,40.2700,40.6400,34.3400,35.0000,1541300
2007-07-20,39.7900,42.9300,39.1600,40.1900,2321100
2007-07-13,40.1200,40.1600,37.9900,39.7500,840000
2007-07-06,38.8000,40.6900,38.5000,39.9400,945700
2007-06-29,38.0000,38.8400,36.5000,38.5100,1171000
2007-06-22,40.1400,40.1400,37.8000,38.0100,2042600
2007-06-15,37.2200,40.8000,37.0000,40.0700,3279500
2007-06-08,37.4800,37.5900,36.6400,37.2300,1783800
2007-06-01,34.8500,38.0000,34.8300,37.4700,1982100
2007-05-25,32.3300,35.8000,32.3300,34.7400,1714600
2007-05-18,32.2400,33.0500,31.8000,32.3300,1175100
2007-05-11,35.1000,35.1200,31.7600,32.2800,1912100
2007-05-04,35.1900,35.9900,33.9000,35.1500,1800000
2007-04-27,34.3500,35.4200,33.5000,35.1900,1083800
2007-04-20,34.2800,35.1000,33.5800,34.3200,1797400
2007-04-13,31.0600,34.3500,30.7400,34.0000,2115700
2007-04-05,29.4900,30.9600,29.0500,30.5900,1367400
2007-03-30,28.9600,29.5700,26.8000,29.3300,2488300
2007-03-23,29.3200,29.9100,28.0700,29.0200,1359600
2007-03-16,29.8200,30.3800,27.7400,29.1800,2038100
2007-03-09,29.9800,32.5400,29.2600,29.9400,2281300
2007-03-02,31.9600,32.0500,28.5000,30.2900,2059800
2007-02-23,30.0500,32.0000,29.9100,31.8200,922800
2007-02-16,28.9800,30.2800,28.6500,30.0800,1251000
2007-02-09,29.0900,31.4000,27.9100,29.1600,2435100
2007-02-02,31.2100,31.4800,27.5100,29.1600,2354300
2007-01-26,30.7600,31.3100,30.1400,31.1700,1133700
2007-01-19,31.7000,32.8400,30.0700,30.7300,2181500
2007-01-12,29.5100,31.6700,29.4600,31.6500,1621300
2007-01-05,29.2600,30.0400,28.5000,29.5000,1729800
2006-12-29,30.4700,31.2700,29.5800,30.5900,701800
2006-12-22,32.0400,32.7900,30.4200,30.5000,916900
2006-12-15,32.0600,34.4800,31.5000,31.9900,1117100
2006-12-08,32.8600,34.4000,31.5500,32.0700,923500
2006-12-01,32.5700,33.7500,31.7800,32.9400,744600
2006-11-24,33.0000,33.8100,32.3200,32.6300,586400
2006-11-17,29.5900,33.0000,29.5900,32.9500,785800
2006-11-10,29.0200,31.3000,28.8700,29.7000,935800
2006-11-03,30.6900,31.2600,27.0900,29.0000,1656300
2006-10-27,30.7500,31.7800,29.8500,30.8200,1251700
2006-10-20,28.8900,30.9800,28.0000,30.4900,1209100
2006-10-13,29.1000,30.6000,28.4700,28.9800,1247600
2006-10-06,27.4100,29.1500,26.2600,29.0200,3729700
2006-09-29,27.2000,28.4000,26.2700,27.4500,1623900
2006-09-22,26.4100,27.5500,25.4000,27.0500,1104400
2006-09-15,22.5000,27.0000,22.1000,26.3300,1598100
2006-09-08,24.0000,24.5200,22.6000,22.6500,444200
2006-09-01,22.6000,24.1500,22.6000,24.0100,490900
2006-08-25,22.5600,23.5500,21.5500,22.7000,394900
2006-08-18,21.2000,23.2100,20.9000,22.7300,1040900
2006-08-11,20.9000,21.9800,20.7500,21.0400,973800
2006-08-04,17.8000,23.5400,16.6900,20.9500,2019600
2006-07-28,18.5700,19.5700,17.0000,17.9700,554500
2006-07-21,19.8800,20.0000,17.7000,18.4300,1209700
2006-07-14,21.3800,22.4400,19.7000,19.9100,735800
2006-07-07,22.1100,22.7500,21.1200,21.2900,542700
2006-06-30,21.6500,24.8000,21.5500,21.8100,3138900
2006-06-23,19.9500,21.7200,19.5300,21.4700,547900
2006-06-16,22.3200,22.8000,19.5000,19.9200,1419400
2006-06-09,19.8300,23.0200,19.7200,22.5400,1526200
2006-06-02,17.8200,20.2000,17.5000,19.9600,1472300
2006-05-26,18.2800,20.0600,17.6500,19.2000,867900
2006-05-19,18.2400,18.7100,17.2700,18.3900,964600
2006-05-12,19.9800,20.1300,18.0200,18.3000,672500
2006-05-05,19.7500,20.8200,19.0200,19.8700,782500
2006-04-28,19.1500,20.2500,18.2700,19.7500,1039000
2006-04-21,17.0000,21.0900,17.0000,19.0500,1391400
2006-04-13,17.1400,17.7400,16.6600,17.1700,330000
2006-04-07,17.7700,17.7700,15.9800,17.0500,852100
2006-03-31,16.2500,18.0000,15.9000,17.6500,864300
2006-03-24,13.6600,16.2500,13.1000,16.2000,1993700
2006-03-17,12.3300,15.0000,12.2900,13.5600,891800
2006-03-10,11.3500,12.5100,11.1100,12.3300,668600
2006-03-03,11.0000,11.7600,10.5200,11.3200,447600
2006-02-24,10.7400,11.0500,10.3900,10.9600,370500
2006-02-17,11.0000,11.0000,10.5000,10.8500,308400
2006-02-10,10.6500,11.2300,10.3300,10.7900,165500
2006-02-03,10.9700,11.5000,10.2400,10.7000,448200
2006-01-27,10.3000,11.4500,10.0300,11.0300,517300
2006-01-20,9.7500,10.4400,9.4500,10.2700,505600
2006-01-13,10.3000,10.4000,9.4800,9.7200,626600
2006-01-06,10.1600,10.8900,9.7500,10.2300,397200
2005-12-30,10.6000,10.8700,9.8500,10.3000,427300
2005-12-23,11.9100,12.0500,10.8000,10.8000,369000
2005-12-16,12.9900,13.8700,11.5000,11.8900,915700
2005-12-09,11.8200,13.2600,11.4300,12.9900,585700
2005-12-02,10.7500,11.9000,10.6500,11.6700,419200
2005-11-25,11.5800,11.5800,10.7500,11.0000,164800
2005-11-18,11.0000,12.1500,10.9700,11.3000,859400
