timestamp,open,high,low,close,volume
2018-02-27,26.7600,29.5500,25.2000,25.5000,1064836
2018-02-23,31.2000,33.1490,24.5000,26.6500,2782826
2018-02-16,32.8800,37.0000,30.0000,31.0800,4579591
2018-02-09,25.6300,33.8100,22.5100,32.1500,3770537
2018-02-02,24.7100,26.8700,20.3400,25.2700,2289187
2018-01-26,19.4100,27.0090,18.5600,24.7700,3054901
2018-01-19,15.1100,19.5000,13.7500,19.4900,1922060
2018-01-12,15.4500,15.4500,13.6791,15.1300,727827
2018-01-05,13.6400,15.4900,13.0405,15.3500,1085594
2017-12-29,13.0800,14.3500,12.7700,13.6400,958802
2017-12-22,10.5000,13.8000,9.8700,13.2400,3375451
2017-12-15,8.9000,10.6500,7.4100,10.4900,4125444
2017-12-08,7.1300,8.4500,6.6204,7.5400,1501472
2017-12-01,6.6600,7.3300,6.0010,7.1000,1594899
2017-11-24,5.7500,6.6800,5.4500,6.5500,1583658
2017-11-17,4.7300,9.2900,4.6400,5.9300,4293156
2017-11-10,4.6600,4.9000,4.4900,4.6900,180487
2017-11-03,4.6800,5.0000,4.4000,4.6600,235565
2017-10-27,5.0300,5.1800,4.1500,4.6900,504758
2017-10-20,4.8000,5.1800,4.6000,5.0300,454932
2017-10-13,5.7400,5.7900,4.9000,4.9600,453250
2017-10-06,5.0700,5.7900,4.8600,5.7000,913553
2017-09-29,5.0900,5.1400,4.4400,5.0600,1453312
2017-09-22,3.9200,4.8200,3.8000,4.8200,944205
2017-09-15,3.4300,4.2500,3.4100,3.9500,1342261
2017-09-08,3.3600,4.7400,3.2700,3.5400,10179829
2017-09-01,3.3800,3.5000,3.2400,3.3200,221528
2017-08-25,3.3500,3.6000,3.1100,3.4000,335270
2017-08-18,3.3900,3.5100,3.2900,3.3200,158150
2017-08-11,3.8000,3.9200,3.2700,3.4100,305040
2017-08-04,4.0900,4.1500,3.5200,3.8700,452037
2017-07-28,4.2500,4.3200,4.0000,4.0800,338135
2017-07-21,4.4700,4.5900,4.1300,4.2800,602307
2017-07-14,4.5600,4.6900,4.3100,4.5200,512309
2017-07-07,4.6400,4.8500,4.4600,4.6100,754251
2017-06-30,4.8200,5.0400,4.3700,4.6500,3075880
2017-06-23,4.4000,4.5900,4.2800,4.5300,610030
2017-06-16,4.4200,4.7000,4.2300,4.4200,1183569
2017-06-09,4.2700,4.3900,4.0600,4.2900,1078503
2017-06-02,4.2400,5.2500,4.0700,4.3200,13225517
2017-05-26,4.0000,4.4300,3.8300,4.2700,2167549
2017-05-19,3.7800,4.1300,3.6400,4.0300,2101547
2017-05-12,4.7400,4.7600,3.7400,3.7900,1500235
2017-05-05,5.2600,5.5800,4.6500,4.7000,1229649
2017-04-28,4.9400,5.4000,4.4500,5.3100,3223711
2017-04-21,5.7400,5.8500,4.8700,4.9400,1538850
2017-04-13,5.3300,7.0800,5.2000,5.4100,5707644
2017-04-07,8.9900,9.4700,5.2600,5.4500,8670682
2017-03-31,5.3800,18.8800,5.0600,9.4300,3892060
2017-03-24,5.1600,5.8000,4.6100,5.2000,151962
2017-03-17,6.5800,6.8000,5.0200,5.1200,158396
2017-03-10,6.0200,6.7800,5.9200,6.5400,200462
2017-03-03,6.1100,7.1500,5.6000,6.2000,379590
2017-02-24,6.9500,7.8000,5.8000,6.0900,582314
2017-02-17,8.0300,10.9500,6.8100,6.9400,343967
2017-02-10,0.5100,0.6200,0.4500,0.5200,3900151
2017-02-03,0.6300,0.7000,0.4700,0.5100,2826725
2017-01-27,0.5843,0.6400,0.5500,0.6100,992145
2017-01-20,0.6400,0.6699,0.5500,0.5850,726010
2017-01-13,0.6900,0.7667,0.5911,0.6500,2335906
2017-01-06,0.6500,0.6990,0.6300,0.6900,750289
2016-12-30,0.7100,0.7300,0.6226,0.6501,737324
2016-12-23,0.8801,0.9000,0.6450,0.6999,2317469
2016-12-16,0.6500,1.4200,0.5303,0.8674,22136567
2016-12-09,0.6840,0.7000,0.6200,0.6801,610091
2016-12-02,0.7750,0.7999,0.6800,0.6800,470930
2016-11-25,0.8000,0.8680,0.7500,0.7900,694932
2016-11-18,0.7510,0.7880,0.6710,0.7700,869046
2016-11-11,0.6904,0.7402,0.6230,0.7280,313864
2016-11-04,0.7000,0.8000,0.6650,0.6800,483353
2016-10-28,0.8500,0.8800,0.7121,0.7300,347189
2016-10-21,1.0200,1.0550,0.8120,0.8120,312758
2016-10-14,1.1800,1.2000,0.9321,1.0500,658752
2016-10-07,1.2100,1.2200,1.1100,1.1900,262257
2016-09-30,1.2608,1.2925,1.1500,1.2100,247887
2016-09-23,1.2500,1.3900,1.2200,1.3100,177281
2016-09-16,1.2000,1.4100,1.1701,1.2500,300509
2016-09-09,1.2300,1.2600,1.1189,1.2000,259000
2016-09-02,1.2100,1.2800,1.1300,1.2500,135170
2016-08-26,1.3300,1.4000,1.1350,1.1800,248136
2016-08-19,1.3300,1.4300,1.2401,1.3500,304874
2016-08-12,1.4700,1.5200,1.3200,1.3500,424810
2016-08-05,1.4700,1.6400,1.2800,1.4800,989692
2016-07-29,1.3300,1.9000,1.3300,1.4900,2145246
2016-07-22,1.3500,1.4000,1.2500,1.3500,268594
2016-07-15,1.4700,1.4900,1.3200,1.3700,160576
2016-07-08,1.5500,1.7300,1.3300,1.4900,799487
2016-07-01,1.3000,2.0000,1.1600,1.5300,2323432
2016-06-24,1.8000,1.8000,1.3000,1.3000,401569
2016-06-17,1.6100,1.8099,1.4500,1.6000,534724
2016-06-10,1.5900,3.3800,1.4200,1.8100,3643707
2016-06-03,1.6600,1.8200,1.4301,1.5900,128143
2016-05-27,1.4000,1.8300,1.3500,1.6300,222868
2016-05-20,1.4000,1.5000,1.3500,1.4300,49605
2016-05-13,1.3900,1.6600,1.3000,1.4000,131725
2016-05-06,1.3600,1.5499,1.3000,1.3300,67594
2016-04-29,1.4100,1.7480,1.4000,1.4100,220490
2016-04-22,1.6000,1.6000,1.3040,1.4600,282443
2016-04-15,1.7600,1.8100,1.5280,1.6100,68013
2016-04-08,1.6700,1.8980,1.6700,1.8595,24870
2016-04-01,1.9000,1.9700,1.6600,1.6800,35170
2016-03-24,1.6700,1.8500,1.5001,1.7900,17454
2016-03-18,2.0600,2.1000,1.5500,1.6500,99319
2016-03-11,2.0985,2.1000,1.9075,2.0450,52820
2016-03-04,2.1000,2.1650,1.9900,2.1000,27650
2016-02-26,2.1000,2.2900,2.0254,2.1000,34082
2016-02-19,2.0590,2.3900,2.0000,2.1700,21732
2016-02-12,2.2000,2.4200,1.9700,2.2300,21532
2016-02-05,2.1000,2.4100,1.8500,2.2000,66408
2016-01-29,2.2400,2.4400,1.8400,2.2100,38796
2016-01-22,2.2600,2.4300,1.8502,2.1600,67983
2016-01-15,2.8100,3.0100,2.0900,2.2400,87001
2016-01-08,2.8800,3.4000,2.2250,2.9200,188664
2015-12-31,2.6800,4.5700,2.4340,3.1300,945149
2015-12-24,2.0200,2.6390,1.9999,2.6100,147542
2015-12-18,2.1600,2.3100,1.8901,2.0000,509957
2015-12-11,2.7400,2.7700,2.1200,2.2700,191685
2015-12-04,3.0700,3.2400,2.6200,2.7400,139156
2015-11-27,2.9900,3.5000,2.8700,3.1100,69396
2015-11-20,3.1600,3.4900,2.5000,2.9900,101954
2015-11-13,3.5100,3.9400,3.0000,3.0900,75534
2015-11-06,4.0000,4.0460,3.5100,3.5300,43908
2015-10-30,3.9000,4.5000,3.5230,3.8600,98501
2015-10-23,4.2700,4.8200,3.5100,4.2700,412491
2015-10-16,5.7000,6.0400,4.2500,4.2700,82649
2015-10-09,4.6400,5.9900,4.6400,5.6900,62489
2015-10-02,5.2800,5.3800,4.1800,4.9700,84818
2015-09-25,6.6200,6.9000,5.0100,5.2800,115587
2015-09-18,9.5000,10.0700,6.8000,6.8000,133654
2015-09-11,11.5000,11.5000,9.3989,9.5000,69382
2015-09-04,9.0000,12.8600,9.0000,11.3500,168004
2015-08-28,21.6000,21.6000,7.9300,9.0000,75364
2015-08-21,2.4200,8.8800,0.8200,8.8800,315566
2015-08-14,2.3860,2.5400,2.3860,2.4100,78841
2015-08-07,2.4500,2.4800,2.3100,2.4000,734714
2015-07-31,2.5000,2.6600,2.4000,2.4600,83213
2015-07-24,2.6300,2.6400,2.3900,2.5000,56876
2015-07-17,2.6800,2.7700,2.6536,2.7100,78096
2015-07-10,2.7200,2.7900,2.6000,2.6800,180967
2015-07-02,2.5900,2.8400,2.5300,2.7700,401981
2015-06-26,2.6900,2.9000,2.5900,2.5900,231801
2015-06-19,2.7800,2.8100,2.6000,2.6400,671365
2015-06-12,2.7500,2.8300,2.6500,2.8050,331939
2015-06-05,2.7535,2.9950,2.5800,2.7600,727113
2015-05-29,2.6800,2.7832,2.6100,2.7500,511285
2015-05-22,2.2801,2.6800,2.2800,2.6600,605066
2015-05-15,2.2900,2.3400,2.1500,2.3200,238695
2015-05-08,2.3140,2.3500,2.2800,2.3000,234917
2015-05-01,2.4400,2.4400,2.2800,2.3400,194676
2015-04-24,2.3900,2.4300,2.2800,2.4300,424492
2015-04-17,2.3100,2.4300,2.2700,2.4100,323039
2015-04-10,2.8000,2.8500,2.1800,2.3200,1011560
2015-04-02,3.0900,3.1900,2.8200,2.8500,267723
2015-03-27,2.7000,3.2300,2.6799,3.0500,2141047
2015-03-20,2.6200,2.7700,2.5600,2.6600,658217
2015-03-13,2.6500,2.6600,2.5600,2.6400,228588
2015-03-06,2.6300,2.6700,2.5300,2.6300,523395
2015-02-27,2.5744,2.6400,2.5500,2.6300,188595
2015-02-20,2.5100,2.6200,2.5100,2.6000,177895
2015-02-13,2.5300,2.5900,2.5000,2.5000,246724
2015-02-06,2.5000,2.5600,2.4700,2.5100,118717
2015-01-30,2.5000,2.5800,2.4600,2.5100,196615
2015-01-23,2.5200,2.5500,2.4400,2.5200,216514
2015-01-16,2.6200,2.6400,2.4400,2.5600,196754
2015-01-09,2.5700,2.7300,2.4800,2.6100,364759
2015-01-02,2.5200,2.6300,2.5200,2.5900,217425
2014-12-26,2.7400,2.8500,2.4500,2.5600,717743
2014-12-19,2.4600,2.7900,2.3520,2.7600,985263
2014-12-12,2.4300,2.5200,2.3900,2.4600,1290613
2014-12-05,2.4500,2.4700,2.3600,2.4500,515216
2014-11-28,2.4100,2.4800,2.3850,2.4300,554644
2014-11-21,2.4100,2.4900,2.3800,2.4200,582821
2014-11-14,2.4901,2.5100,2.4000,2.4300,482161
2014-11-07,2.3300,2.5600,2.3100,2.4900,668185
2014-10-31,2.3500,2.3900,2.3000,2.3400,201315
2014-10-24,2.3700,2.4500,2.2500,2.3200,984225
2014-10-17,2.4500,2.5200,2.2648,2.3600,756465
2014-10-10,2.5000,2.5700,2.3700,2.4600,511621
2014-10-03,2.4800,2.5900,2.4000,2.4600,517167
2014-09-26,2.6200,2.6300,2.4700,2.4900,462833
2014-09-19,2.5600,2.6800,2.4910,2.6300,730139
2014-09-12,2.6300,2.6900,2.5300,2.5800,456211
2014-09-05,2.7800,2.7800,2.6200,2.6300,589529
2014-08-29,2.8000,2.8200,2.7200,2.7600,597124
2014-08-22,2.8000,2.8600,2.7500,2.8000,1230424
2014-08-15,2.8000,2.8000,2.6800,2.8000,1167731
2014-08-08,2.8000,2.8350,2.7000,2.7900,1550239
2014-08-01,3.9200,3.9900,2.7000,2.7800,3129147
2014-07-25,3.9600,4.0000,3.8400,3.9200,553159
2014-07-18,4.4800,4.5300,3.5600,4.0200,3482713
2014-07-11,4.6600,4.6600,4.2200,4.4400,762085
2014-07-03,4.2500,4.6800,4.2400,4.6600,872722
2014-06-27,4.2300,4.4300,4.0700,4.2800,3906948
2014-06-20,4.4300,4.4890,4.1000,4.1900,942278
2014-06-13,4.1000,4.5200,4.0100,4.4500,877920
2014-06-06,3.7500,4.1600,3.6600,4.0800,944049
2014-05-30,3.7200,4.0300,3.6400,3.7500,714900
2014-05-23,3.7000,3.8300,3.5200,3.6900,737256
2014-05-16,3.8800,4.0100,3.6300,3.7300,879876
2014-05-09,4.1100,4.3200,3.7700,3.8700,985124
2014-05-02,4.2600,4.5899,4.1000,4.1500,739699
2014-04-25,4.0000,4.4000,3.9700,4.2400,965635
2014-04-17,4.3500,4.3900,3.7500,3.9800,904894
2014-04-11,4.4300,4.8100,4.2300,4.2500,804047
2014-04-04,4.6300,4.8848,4.3500,4.4500,1083773
2014-03-28,5.0000,5.0000,4.5500,4.6200,721151
2014-03-21,5.1300,5.2299,4.8500,4.9700,686566
2014-03-14,4.9000,5.1800,4.7600,5.0900,999837
2014-03-07,4.8500,5.1100,4.5540,4.9000,1219882
2014-02-28,4.7800,5.0600,4.6740,4.9300,1294523
2014-02-21,4.5000,4.8800,4.3611,4.7600,443880
2014-02-14,4.7100,5.0800,4.4700,4.4700,1496828
2014-02-07,4.3900,4.7000,4.0900,4.7000,926534
2014-01-31,4.6400,4.6400,4.1500,4.4100,1038824
2014-01-24,4.8600,4.9100,4.4400,4.6000,731169
2014-01-17,4.4200,4.9000,4.3400,4.8100,1122158
2014-01-10,4.1000,4.4810,4.0500,4.4600,2121357
2014-01-03,4.1100,4.2000,4.0400,4.0900,2671230
2013-12-27,4.1500,4.2000,4.0300,4.1300,864229
2013-12-20,5.4500,6.1100,3.7510,4.1000,8735782
2013-12-13,5.5300,5.7400,5.1200,5.4600,887282
2013-12-06,5.7300,5.7300,5.0500,5.5000,692338
2013-11-29,5.3000,5.8100,5.1800,5.7500,488962
2013-11-22,4.9300,5.3200,4.8600,5.3000,654756
2013-11-15,4.6500,5.0000,4.5500,4.9000,438794
2013-11-08,4.8000,4.9600,4.5100,4.6900,674199
2013-11-01,5.3000,5.3700,4.6200,4.8000,503664
2013-10-25,5.2800,5.4799,5.0200,5.2900,670275
2013-10-18,5.1200,5.3400,4.9300,5.2800,670442
2013-10-11,5.6900,5.6900,4.9400,5.1400,598863
2013-10-04,5.2200,5.8200,5.2150,5.7300,654775
2013-09-27,5.4600,5.5750,5.1600,5.2700,423247
2013-09-20,5.7600,5.8400,5.3500,5.4700,791835
2013-09-13,5.4700,5.8000,5.4500,5.6900,948542
2013-09-06,5.2000,5.4900,5.1900,5.4400,713085
2013-08-30,4.8600,5.3200,4.6400,5.1200,1229278
2013-08-23,4.8200,4.9700,4.5700,4.8600,3637161
2013-08-16,4.9900,5.0900,4.7200,4.8400,651947
2013-08-09,5.0900,5.3690,4.9500,5.0300,1081143
2013-08-02,5.1700,5.2000,4.9500,5.0600,616392
2013-07-26,5.1700,5.3300,5.0700,5.1900,839534
2013-07-19,5.0100,5.3000,4.9500,5.1800,1781328
2013-07-12,4.6000,5.0000,4.4200,5.0000,1711113
2013-07-05,4.2800,4.6700,4.2800,4.5800,531812
2013-06-28,4.5600,4.5650,4.2600,4.2700,1385949
2013-06-21,4.8300,4.9800,4.4800,4.6000,844571
2013-06-14,5.2500,5.3000,4.7801,4.8200,803728
2013-06-07,5.6300,5.6300,5.0700,5.2300,720914
2013-05-31,5.6300,5.7700,5.5500,5.6300,659313
2013-05-24,5.4500,5.7100,5.3600,5.5900,1037720
2013-05-17,5.0900,5.5200,5.0900,5.4800,1644249
2013-05-10,4.6800,5.3200,4.6300,5.1100,1354871
2013-05-03,4.4800,4.7000,4.4450,4.6800,922559
2013-04-26,4.3600,4.4700,4.2400,4.4400,622783
2013-04-19,4.3200,4.4000,4.0601,4.3400,704492
2013-04-12,4.2800,4.4700,4.1530,4.3400,737256
2013-04-05,4.2900,4.4400,4.2000,4.2800,685470
2013-03-28,4.3200,4.3500,4.1900,4.2800,392376
2013-03-22,4.4900,4.5400,4.2400,4.3200,627205
2013-03-15,4.4500,4.5400,4.3500,4.5200,1178881
2013-03-08,4.3100,4.5000,4.2000,4.4700,760149
2013-03-01,4.3600,4.4100,4.3000,4.3200,464574
2013-02-22,4.5100,4.5300,4.3500,4.3600,870569
2013-02-15,4.4000,4.6360,4.3500,4.5100,1584317
2013-02-08,4.4800,4.5000,4.3500,4.3900,530181
2013-02-01,4.4300,4.6000,4.3500,4.5200,589145
2013-01-25,4.5900,4.6200,4.3750,4.3900,592026
2013-01-18,4.7300,4.8300,4.5750,4.5900,614146
2013-01-11,4.5400,4.8300,4.5400,4.7500,609937
2013-01-04,4.4600,4.7300,4.3600,4.5900,821706
2012-12-28,4.6000,4.6000,4.3800,4.4400,381355
2012-12-21,4.7700,4.7900,4.5500,4.5800,932727
2012-12-14,4.6800,4.7900,4.5500,4.7300,699367
2012-12-07,4.3200,4.8800,4.3200,4.6600,1107354
2012-11-30,4.3600,4.4600,4.1800,4.2900,944970
2012-11-23,4.1200,4.4800,4.0850,4.3900,709106
2012-11-16,4.2100,4.2900,3.9500,4.0800,3310769
2012-11-09,4.1000,4.2300,3.8500,4.1600,902855
2012-11-02,4.0000,4.1050,3.9800,4.0700,519784
2012-10-26,4.4900,4.5150,3.9850,3.9900,777608
2012-10-19,4.7000,4.8100,4.4500,4.4900,497184
2012-10-12,4.5500,4.8321,4.5000,4.7000,737681
2012-10-05,4.9200,4.9200,4.5100,4.5500,673825
2012-09-28,4.7900,4.9800,4.7000,4.8900,1180904
2012-09-21,4.3700,4.8600,4.2500,4.7900,3250648
2012-09-14,5.0800,5.0900,4.7500,4.8500,603184
2012-09-07,4.5600,5.1700,4.5200,5.1000,1548922
2012-08-31,4.6700,4.8300,4.4400,4.5000,560274
2012-08-24,4.9700,4.9700,4.6200,4.6400,500621
2012-08-17,4.6000,4.9800,4.5100,4.9400,845789
2012-08-10,4.3200,4.8000,4.2800,4.6200,972763
2012-08-03,4.3350,4.3800,4.2500,4.3100,930406
2012-07-27,4.2100,4.3500,4.2100,4.3300,876494
2012-07-20,4.2400,4.3000,4.1500,4.2600,711286
2012-07-13,4.2400,4.3700,4.1900,4.2600,1276435
2012-07-06,4.3000,4.3100,4.2100,4.2600,500835
2012-06-29,4.1300,4.3000,4.1300,4.3000,890927
2012-06-22,4.3600,4.4100,4.1400,4.2100,2195680
2012-06-15,4.2000,4.4100,4.1400,4.4100,1271640
2012-06-08,4.1700,4.2900,4.0500,4.1800,1080735
2012-06-01,4.1700,4.2600,4.0400,4.1400,977242
2012-05-25,4.1200,4.2600,4.0997,4.1500,1040113
2012-05-18,4.5400,4.5500,4.0600,4.1200,1178434
2012-05-11,4.5900,4.7700,4.5420,4.6100,1228932
2012-05-04,4.7500,4.7800,4.5200,4.5900,1954011
2012-04-27,4.7200,5.1000,4.6200,4.8100,3106218
2012-04-20,4.4200,4.9699,4.3500,4.8900,3699290
2012-04-13,4.9000,4.9400,4.1600,4.4000,5230351
2012-04-05,5.0800,5.2000,4.8700,4.9000,1398953
2012-03-30,5.3900,5.4500,5.1100,5.1200,3074677
2012-03-23,7.4000,7.5470,4.9000,5.3400,20783096
2012-03-16,7.3300,7.7000,7.2100,7.3600,2176357
2012-03-09,7.0700,7.5200,6.9600,7.3000,1579417
2012-03-02,6.7300,7.2800,6.6600,7.0500,1875744
2012-02-24,7.2300,7.2300,6.6200,6.7100,1606179
2012-02-17,6.2100,7.3500,6.2000,7.2000,3216513
2012-02-10,6.3500,6.6500,6.0400,6.0700,1188035
2012-02-03,6.1200,6.5100,5.9100,6.3800,1328157
2012-01-27,6.0300,6.1600,5.7000,6.1300,1284247
2012-01-20,5.9300,6.1800,5.7800,6.0200,1233517
2012-01-13,5.6300,6.0200,5.5000,5.9000,2341881
2012-01-06,5.6300,5.9500,5.4600,5.6000,2350576
2011-12-30,5.4900,5.6600,5.2600,5.5700,1821022
2011-12-23,7.7700,7.9000,4.9101,5.4900,10669617
2011-12-16,7.5700,8.0500,7.5000,7.7900,4173852
2011-12-09,7.6400,7.8050,7.2150,7.4800,2256968
2011-12-02,7.0200,7.6000,6.9700,7.5800,2072150
2011-11-25,7.1600,7.2700,6.8800,6.8900,3234109
2011-11-18,7.7300,7.8000,7.2500,7.3000,3360664
2011-11-11,19.1700,19.3600,7.1600,7.7400,26570158
2011-11-04,18.5700,19.5400,16.7500,19.2500,3779018
2011-10-28,16.3000,19.4400,16.3000,18.7900,2874025
2011-10-21,17.1600,17.3215,15.5800,16.2000,1591433
2011-10-14,15.6200,18.0000,15.6200,17.2100,1947585
2011-10-07,14.8100,16.2500,14.6000,15.3000,1185872
2011-09-30,15.9000,16.4500,14.9200,15.0000,1176536
2011-09-23,16.0900,17.2600,15.3000,15.8100,1621620
2011-09-16,15.4700,16.8500,15.2600,16.4200,1374591
2011-09-09,15.0300,16.6000,15.0300,15.6600,997756
2011-09-02,15.8900,16.5500,15.0800,15.4400,2133451
2011-08-26,15.6400,16.1900,14.6500,15.7300,1961243
2011-08-19,15.1000,15.6900,14.4200,15.2300,1786628
2011-08-12,15.1200,16.2394,14.6500,15.1100,1824649
2011-08-05,20.6300,20.9300,14.7500,15.5900,1890625
2011-07-29,20.7700,21.0000,19.6800,20.4400,782978
2011-07-22,21.8200,22.3900,20.6500,21.0500,701178
2011-07-15,21.0900,22.3950,20.4400,21.9500,831645
2011-07-08,21.5400,21.6300,20.5000,21.3500,357229
2011-07-01,21.2500,21.9100,20.5700,21.5800,553062
2011-06-24,21.3500,22.2800,20.8700,21.2100,693477
2011-06-17,21.2200,22.3700,21.0200,21.3700,1613456
2011-06-10,22.2600,22.4800,21.0600,21.0900,747344
2011-06-03,22.7500,23.6000,21.5900,21.9100,1816152
2011-05-27,22.0000,22.7200,21.8000,22.4000,1359067
2011-05-20,23.2600,23.5100,20.4800,22.2200,2429042
2011-05-13,24.5100,24.7000,23.0300,23.4200,735606
2011-05-06,24.2000,25.2500,23.1000,24.4800,714247
2011-04-29,23.4000,24.8200,22.5300,24.1800,641056
2011-04-21,23.5700,24.2000,23.1600,23.4900,267724
2011-04-15,24.9100,24.9400,23.5900,24.0000,923319
2011-04-08,26.7200,26.8500,24.6600,24.9900,926077
2011-04-01,25.8100,27.2200,25.5400,26.6000,643968
2011-03-25,25.2300,27.1600,24.4500,25.7700,800668
2011-03-18,28.2100,29.1000,24.5000,24.8400,1378530
2011-03-11,29.5000,30.3900,28.0400,28.5300,706533
2011-03-04,27.6200,30.4700,27.3500,29.4500,1279198
2011-02-25,26.5100,27.0600,26.0401,26.8000,370412
2011-02-18,27.0700,27.6700,26.2400,26.8300,487975
2011-02-11,26.0200,27.4500,25.2200,27.1800,359090
2011-02-04,25.4800,26.8000,25.0608,26.0400,331078
2011-01-28,25.6000,27.2600,24.8900,25.3200,548689
2011-01-21,27.6600,27.7600,25.5300,25.5600,381800
2011-01-14,26.6300,27.9700,26.6300,27.8500,437553
2011-01-07,26.7700,27.0000,26.0300,26.8200,456447
2010-12-31,26.9900,27.5000,26.4600,26.5000,435901
2010-12-23,25.9700,27.6500,25.8200,27.0250,334460
2010-12-17,24.0700,26.2400,23.5200,25.7600,800940
2010-12-10,21.8100,24.2900,21.7900,24.0500,420918
2010-12-03,21.8500,22.1600,20.5000,21.9200,1060070
2010-11-26,22.6300,23.2300,21.8600,21.9500,311851
2010-11-19,22.3900,23.1000,21.5500,22.7000,484448
2010-11-12,23.2700,24.7300,22.5600,22.6800,342494
2010-11-05,24.9200,25.3300,22.9200,23.3100,447441
2010-10-29,24.4000,24.9700,23.3600,24.7600,266424
2010-10-22,23.1000,24.6400,22.9600,24.1600,524894
2010-10-15,22.4800,23.3000,21.7700,22.9800,403242
2010-10-08,22.1200,23.4500,21.2000,22.5400,583905
2010-10-01,23.2200,23.4800,21.4300,22.2400,405088
2010-09-24,23.2400,23.5000,21.2100,23.1500,518625
2010-09-17,22.2100,23.5900,21.8400,23.1800,524515
2010-09-10,21.2500,22.0500,20.0800,21.9600,275277
2010-09-03,19.0200,21.9400,19.0100,21.3500,902443
2010-08-27,19.5500,19.7900,17.8000,18.8600,413944
2010-08-20,19.5000,20.9400,19.1300,19.4100,443526
2010-08-13,21.7100,22.6900,19.5900,19.6100,500562
2010-08-06,22.0100,22.9500,21.1500,21.5700,449793
2010-07-30,21.0000,22.0000,20.3100,21.6300,396750
2010-07-23,19.1300,21.0200,18.7700,20.9300,470012
2010-07-16,21.2500,21.9130,19.0500,19.0800,507867
2010-07-09,19.9000,21.4900,19.4600,21.3700,735052
2010-07-02,20.8500,20.9700,19.0500,19.4200,1359008
2010-06-25,23.0000,23.0000,20.2450,21.0100,4351332
2010-06-18,21.0600,22.8700,20.5400,22.5900,538611
2010-06-11,22.1000,22.8300,19.8600,20.8400,687924
2010-06-04,22.1400,22.9000,21.0400,21.9700,1217831
2010-05-28,22.8400,23.6400,21.8000,23.0000,598539
2010-05-21,23.9700,24.9600,22.0800,22.7100,441613
2010-05-14,22.3500,25.0000,22.3000,24.0000,511059
2010-05-07,23.9900,24.9300,20.7500,21.9100,764013
2010-04-30,23.3587,24.6900,22.6500,23.8000,413344
2010-04-23,22.6800,23.5000,22.2100,23.2800,552852
2010-04-16,21.0000,23.1600,20.7600,22.7100,643344
2010-04-09,19.8200,21.9300,19.8200,21.0300,739482
2010-04-01,19.1000,19.9000,18.9950,19.9000,214058
2010-03-26,19.1500,19.8500,18.7000,19.0800,957918
2010-03-19,19.1500,19.3000,18.2900,19.2300,726482
2010-03-12,19.3500,19.3700,18.8601,19.1000,291918
2010-03-05,19.1500,20.1000,18.8100,19.2500,812534
2010-02-26,19.9700,19.9700,18.8800,18.9600,402280
2010-02-19,20.5000,20.5700,19.5600,20.0600,358837
2010-02-12,20.2300,20.8900,19.5800,20.4300,720645
2010-02-05,20.9300,21.3500,19.3700,20.2300,711139
2010-01-29,20.8400,21.2800,20.4300,20.9500,1001680
2010-01-22,20.7600,21.0100,20.1700,20.6600,630881
2010-01-15,20.0600,20.9000,19.7300,20.6200,818119
2010-01-08,21.0500,21.0500,19.4500,20.0200,734401
2009-12-31,22.2400,22.8500,20.6200,20.9000,471565
2009-12-24,22.3400,22.4900,21.2500,22.1100,378369
2009-12-18,22.1800,22.5000,21.1980,22.2600,1413286
2009-12-11,23.7600,23.9875,20.5800,22.1900,1185990
2009-12-04,22.9100,24.2200,19.4100,23.7800,4198512
2009-11-27,22.5000,23.8900,20.5119,22.4600,549698
2009-11-20,20.5300,22.6100,20.3600,22.3000,1846496
2009-11-13,21.6600,22.8150,20.5000,20.5000,1152557
2009-11-06,18.6800,20.7200,18.0400,20.1100,1389856
2009-10-30,20.7500,21.1400,18.3700,18.7500,984216
2009-10-23,23.3000,23.3000,20.3000,20.7500,1164164
2009-10-16,20.6400,24.5000,17.5900,23.2900,2424750
2009-10-09,20.6500,22.5000,20.1100,20.1700,1653563
2009-10-02,19.8700,21.8400,17.9200,19.9200,656925
2009-09-25,17.8700,19.9899,17.6800,19.5700,735534
2009-09-18,14.7500,17.9000,14.4300,17.8800,507526
2009-09-11,15.0100,15.4000,14.3900,14.7400,571163
2009-09-04,14.1500,15.2000,13.9800,14.9900,753643
2009-08-28,13.3400,14.5400,12.8170,14.4300,816128
2009-08-21,13.2500,13.2500,11.8000,13.2000,384372
2009-08-14,12.2400,13.6400,12.2400,13.4900,1195343
2009-08-07,10.7900,12.7400,10.1200,12.3900,961210
2009-07-31,9.7000,12.0400,9.7000,10.7300,1295861
2009-07-24,7.8000,9.7800,7.2200,9.6200,2872330
2009-07-17,2.8600,8.7000,2.8600,7.8600,10018979
2009-07-10,2.3700,3.4400,2.0000,2.8600,1350305
2009-07-02,2.5000,2.5600,2.3000,2.4600,246589
2009-06-26,2.5100,2.8385,2.2600,2.4500,2421962
2009-06-19,2.5300,2.8199,2.4900,2.5400,220208
2009-06-12,2.8800,2.8800,2.5000,2.5500,226259
2009-06-05,2.9500,3.0800,2.7903,2.8400,307567
2009-05-29,2.7100,2.9899,2.6300,2.8400,129083
2009-05-22,2.9400,3.0600,2.6500,2.6500,340630
2009-05-15,3.5000,4.1700,2.6500,2.8500,292801
2009-05-08,3.2200,3.2200,2.5200,2.9900,159501
2009-05-01,3.3200,3.7200,2.9500,3.1500,75200
2009-04-24,3.3500,3.5000,3.0700,3.3200,86099
2009-04-17,3.2200,3.5400,2.9300,3.5000,84631
2009-04-09,3.1100,3.3100,2.8500,3.3100,67161
2009-04-03,2.6500,3.2000,2.5000,3.2000,124420
2009-03-27,3.0400,3.1000,2.5700,2.5800,196161
2009-03-20,2.7700,3.2600,2.4300,2.7600,130149
2009-03-13,2.4000,3.0000,2.3000,2.7100,101783
2009-03-06,2.2900,2.8800,2.2500,2.4400,113695
2009-02-27,2.3600,3.0400,2.2600,2.3600,131387
2009-02-20,2.4000,2.5100,2.2100,2.3300,55614
2009-02-13,2.9500,3.3500,2.2500,2.4300,78408
2009-02-06,2.1500,3.0000,2.1400,2.9800,89203
2009-01-30,2.0700,2.7500,2.0000,2.0800,96402
2009-01-23,2.3500,2.6001,2.0100,2.0700,92065
2009-01-16,2.9300,2.9800,2.0200,2.4300,95934
2009-01-09,3.6600,3.9000,2.9300,2.9300,110461
2009-01-02,3.0700,3.9400,2.7700,3.6500,106640
2008-12-26,2.7700,3.3600,2.1300,3.0800,65380
2008-12-19,2.4000,2.8500,2.3801,2.7000,399104
2008-12-12,2.6700,3.9100,2.0300,2.4900,356726
2008-12-05,2.4000,2.6500,1.5000,2.6500,146797
2008-11-28,1.8400,2.5700,1.4000,2.4500,172195
2008-11-21,3.7100,4.3900,1.7300,1.8200,163157
2008-11-14,5.2300,5.4999,3.7300,3.7300,71310
2008-11-07,5.9200,6.0800,4.2200,5.1300,93329
2008-10-31,4.5200,6.0000,4.2100,5.9200,135516
2008-10-24,4.6100,5.3400,4.4800,4.5800,83000
2008-10-17,5.6600,5.8000,3.2400,4.4900,229990
2008-10-10,5.5000,6.1900,2.3400,5.2600,233957
2008-10-03,5.9800,6.1500,5.4600,5.5800,209723
2008-09-26,5.6600,6.7300,5.0000,5.9900,159918
2008-09-19,9.2800,9.3900,3.8500,5.7400,603919
2008-09-12,8.5500,9.4900,8.0500,9.0900,163589
2008-09-05,9.3800,9.7700,8.3700,8.3700,86483
2008-08-29,9.6400,9.7000,8.8600,9.1500,102970
2008-08-22,9.8000,10.0200,9.3501,9.6300,104076
2008-08-15,9.7700,10.1100,9.4800,9.9600,157587
2008-08-08,8.6600,9.8500,7.8100,9.7500,234748
2008-08-01,7.7800,9.2600,7.7800,8.6600,156174
2008-07-25,7.5500,7.9000,7.5100,7.8200,99373
2008-07-18,7.6600,7.9000,7.3000,7.5500,197735
2008-07-11,7.4000,7.9600,7.2600,7.6000,218534
2008-07-03,7.1400,7.6900,7.0001,7.3600,245938
2008-06-27,7.6300,7.7300,7.1437,7.1500,1856666
2008-06-20,7.7900,7.9000,7.3100,7.4600,67387
2008-06-13,7.5400,7.9900,7.4100,7.9000,84594
2008-06-06,7.6600,8.5000,7.5000,7.6200,50784
2008-05-30,7.7800,8.2400,7.2000,7.9800,55699
2008-05-23,7.9000,7.9000,7.4900,7.6699,21588
2008-05-16,7.4200,7.7900,7.3000,7.7900,7067
2008-05-09,7.4000,7.7500,7.2500,7.3000,109772
2008-05-02,7.2800,7.4500,6.9000,7.2700,25005
2008-04-25,7.1100,7.7300,7.1100,7.4800,73013
2008-04-18,7.3100,7.9000,7.1100,7.2300,43954
2008-04-11,7.3500,7.8400,7.1300,7.3500,7865
2008-04-04,7.3000,7.5600,7.2900,7.3701,12183
2008-03-28,7.2801,7.4900,7.2100,7.2800,48762
2008-03-20,7.4000,7.7000,7.2100,7.3000,54716
2008-03-14,7.9600,7.9600,7.4500,7.5000,64215
2008-03-07,8.0300,8.1000,7.8600,7.9600,24020
2008-02-29,8.0412,8.5400,7.9100,7.9100,26468
2008-02-22,8.1100,8.6100,8.0500,8.1500,30824
2008-02-15,7.1000,8.0000,6.8100,8.0000,311667
2008-02-08,6.9000,7.1000,6.8200,7.0500,16391
2008-02-01,7.1000,7.1400,6.9300,6.9400,101310
2008-01-25,6.8200,7.1000,6.8100,7.1000,164793
2008-01-18,7.5200,7.7200,7.0100,7.0900,112215
2008-01-11,8.0200,8.2000,7.5000,7.6000,122969
2008-01-04,8.4399,8.5000,7.9400,8.0900,238674
2007-12-28,8.4500,8.5900,8.2600,8.2700,19246
2007-12-21,8.9500,9.0800,8.3800,8.5300,26999
2007-12-14,9.0800,9.3000,8.7900,8.9500,22560
2007-12-07,8.7100,9.0900,6.8000,9.0900,128827
2007-11-30,9.5200,9.7700,9.2700,9.6000,258777
2007-11-23,9.6800,10.0000,9.3800,9.3900,23982
2007-11-16,9.7900,10.1000,9.4200,9.7400,62815
2007-11-09,9.5000,9.7500,9.0200,9.7500,442660
2007-11-02,9.7500,9.7500,9.0000,9.4000,27706
2007-10-26,9.6000,9.7300,9.2701,9.6200,58565
2007-10-19,9.5100,9.7100,9.4700,9.6000,31789
2007-10-12,9.6800,9.7600,8.3000,9.5000,151854
2007-10-05,8.9900,9.8200,8.9900,9.5900,44281
2007-09-28,9.0000,9.1900,8.9001,8.9910,13175
2007-09-21,9.4100,9.5200,8.9100,8.9400,38451
2007-09-14,9.6600,9.6600,9.0000,9.3900,36502
2007-09-07,9.6700,9.9500,9.3600,9.5140,37593
2007-08-31,9.3880,9.7400,9.2100,9.6600,25722
2007-08-24,9.2300,9.9600,9.2300,9.4000,43295
2007-08-17,9.1200,9.5485,8.7100,9.1400,65566
2007-08-10,9.8100,9.8100,8.9000,8.9000,89420
2007-08-03,10.7000,11.0399,9.1800,9.6500,259490
2007-07-27,9.1500,12.3500,8.8401,10.7900,655649
2007-07-20,9.2800,9.3900,8.9500,9.2200,27524
2007-07-13,8.8600,9.5000,8.7400,9.3200,63261
2007-07-06,9.1500,9.1500,8.7100,8.8200,49335
2007-06-29,9.3900,9.5000,9.0400,9.1500,57855
2007-06-22,9.4000,9.5760,8.9900,9.2900,39726
2007-06-15,9.8700,9.8700,9.2100,9.3500,39398
2007-06-08,9.8900,10.0799,9.3600,9.8400,43649
2007-06-01,9.5100,9.9600,9.2700,9.8300,59713
2007-05-25,10.0300,10.0300,9.2100,9.3900,83199
2007-05-18,9.4900,9.9899,9.3200,9.7900,54430
2007-05-11,9.4200,10.3000,8.5600,9.3700,1000740
2007-05-04,9.6200,10.1000,9.4000,9.4800,61228
2007-04-27,9.4100,10.0000,9.1600,9.6900,118523
2007-04-20,8.9500,9.5700,8.7900,9.3300,196473
2007-04-13,8.8800,8.9500,8.3700,8.8801,48020
2007-04-05,8.3600,9.2100,8.1000,8.8000,81879
2007-03-30,8.1200,8.3600,7.9700,8.3200,47772
2007-03-23,8.9500,9.0399,8.0000,8.1300,64957
2007-03-16,9.0000,9.2700,8.9000,9.1000,24640
2007-03-09,8.9000,9.2900,8.8000,9.0600,40065
2007-03-02,9.5800,9.6000,8.9100,8.9500,42766
2007-02-23,9.0400,9.9100,9.0300,9.4919,61769
2007-02-16,8.9100,9.2500,8.4100,9.1200,61032
2007-02-09,8.9100,9.2300,8.6900,8.6900,64614
2007-02-02,8.6000,8.8500,8.6000,8.8400,31378
2007-01-26,9.0800,9.1500,8.6000,8.6100,628641
2007-01-19,9.1400,9.4500,8.8400,9.0000,177574
2007-01-12,8.8400,9.3000,8.8000,8.9800,66204
2007-01-05,9.4900,9.4900,8.7100,8.7600,46163
2006-12-29,7.4000,9.8000,7.4000,9.0500,716551
2006-12-22,7.3000,7.5000,7.3000,7.4000,29257
2006-12-15,7.4499,7.9900,7.3000,7.3400,42842
2006-12-08,7.5000,7.5600,7.2100,7.5000,73715
2006-12-01,7.1440,7.9100,7.0800,7.5000,105357
2006-11-24,7.1600,7.5900,7.1300,7.2400,10515
2006-11-17,7.6700,7.7300,6.3200,7.0000,142193
2006-11-10,7.4288,8.3500,6.9100,7.6500,109428
2006-11-03,6.1000,7.4800,5.6500,7.4800,456200
2006-10-27,5.7000,6.1500,5.6500,6.1500,51961
2006-10-20,6.2500,6.4500,5.5000,5.6500,66752
2006-10-13,6.0000,6.5000,5.7000,6.2147,75144
2006-10-06,5.7900,6.1000,5.5000,6.1000,286311
2006-09-29,5.7000,5.8000,5.5000,5.6600,22044
2006-09-22,5.5300,5.9000,5.3700,5.8200,44740
2006-09-15,5.3501,5.6000,5.2600,5.3500,13956
2006-09-08,5.5900,5.8000,5.2600,5.4700,9200
2006-09-01,5.6000,5.6499,5.3500,5.4000,55425
2006-08-25,5.5701,5.9800,5.5200,5.6000,21658
2006-08-18,5.5000,5.9600,5.2700,5.5200,60461
2006-08-11,6.0000,6.0000,5.5000,5.6000,87334
2006-08-04,5.8601,6.7000,5.8200,6.0000,22310
2006-07-28,5.8900,6.7000,5.8500,6.2500,16699
2006-07-21,6.7500,6.7500,5.9400,6.0000,33208
2006-07-14,6.7100,7.2000,6.5900,6.5900,32687
2006-07-07,6.7300,7.3000,6.6000,6.7700,58244
2006-06-30,6.9900,7.2500,6.6300,6.8900,28315
2006-06-23,7.3900,7.3900,6.6800,6.9200,143934
2006-06-16,7.1900,7.4500,7.0000,7.0800,75435
2006-06-09,7.4100,7.4100,7.0800,7.2000,72289
2006-06-02,7.4800,7.4900,7.1900,7.2500,15700
2006-05-26,7.4500,7.8000,7.0300,7.4300,126265
2006-05-19,7.5000,7.9200,7.1100,7.3500,164671
2006-05-12,8.2000,8.2000,7.1900,7.5000,51200
2006-05-05,7.5300,7.9500,7.3000,7.9000,126296
2006-04-28,8.0500,8.5000,7.3500,7.5000,184136
2006-04-21,8.7600,8.7600,7.4500,7.6700,629554
