timestamp,open,high,low,close,volume
2018-02-27,3.3500,3.6900,3.2600,3.4899,94984
2018-02-23,3.3200,3.3900,3.2400,3.2600,53640
2018-02-16,3.3700,3.5700,3.2500,3.3730,29362
2018-02-09,3.4600,3.6100,3.2400,3.3300,122671
2018-02-02,3.6700,3.9600,3.1600,3.4100,169287
2018-01-26,3.8400,3.9600,3.5710,3.6600,79080
2018-01-19,3.9200,4.0050,3.7300,3.7400,32756
2018-01-12,4.0200,4.1500,3.8084,3.8900,94448
2018-01-05,3.9800,4.1400,3.7001,4.1400,68436
2017-12-29,3.7700,4.1200,3.7700,4.0099,131566
2017-12-22,3.4100,4.2500,3.3165,3.8000,325352
2017-12-15,2.6527,3.4000,2.6527,3.3000,238068
2017-12-08,2.6000,2.6600,2.3900,2.6600,86494
2017-12-01,2.5700,2.6500,2.4000,2.5900,112378
2017-11-24,2.3500,2.7300,2.3500,2.6300,111383
2017-11-17,2.7000,2.8100,2.2400,2.3500,213037
2017-11-10,2.8300,2.9500,2.6500,2.7300,119239
2017-11-03,3.1400,3.2200,2.8400,2.8400,78309
2017-10-27,3.1500,3.6000,2.9100,2.9500,324207
2017-10-20,3.1600,3.3800,3.0700,3.1000,79228
2017-10-13,3.4800,3.6500,3.1200,3.1900,168928
2017-10-06,3.5000,3.5400,3.3300,3.4900,102001
2017-09-29,3.2800,3.6900,3.2000,3.4400,376061
2017-09-22,2.9000,3.3000,2.9000,3.2800,182152
2017-09-15,2.8800,3.1300,2.8100,2.9000,156298
2017-09-08,2.9500,3.0000,2.7700,3.0000,165099
2017-09-01,2.6800,2.8400,2.6000,2.6500,132028
2017-08-25,2.6600,2.7900,2.6000,2.7300,184005
2017-08-18,2.7000,2.9000,2.6500,2.7300,178977
2017-08-11,2.5000,3.5800,2.4800,2.8300,1988746
2017-08-04,2.5000,2.8000,2.3200,2.4600,155554
2017-07-28,2.5900,2.8100,2.5000,2.5500,97803
2017-07-21,2.7000,2.8590,2.5100,2.6300,151019
2017-07-14,2.7900,2.9000,2.5000,2.7300,134316
2017-07-07,2.9500,3.0100,2.7500,2.8100,169576
2017-06-30,3.3800,3.4900,2.9500,2.9500,361063
2017-06-23,3.3800,3.4900,3.2600,3.3800,154249
2017-06-16,3.4700,3.6100,3.2500,3.2700,244028
2017-06-09,3.9300,3.9600,3.4900,3.5100,466719
2017-06-02,3.7000,4.3600,3.5900,3.9500,790567
2017-05-26,3.4100,4.3600,3.3900,3.7200,1491774
2017-05-19,3.4400,3.6400,3.2300,3.4300,607991
2017-05-12,2.8500,3.6000,2.7900,3.4700,1946300
2017-05-05,3.7400,3.7400,2.8500,3.0900,1165300
2017-04-28,3.8900,4.4700,3.3300,3.5300,6859600
2017-04-21,2.0500,5.5500,2.0300,4.0000,72824400
2017-04-13,1.5900,1.6500,1.4200,1.5600,135600
2017-04-07,1.5900,1.6600,1.5200,1.6200,107700
2017-03-31,1.6000,1.6500,1.5000,1.6000,65200
2017-03-24,1.5900,1.6700,1.4600,1.5200,144900
2017-03-17,1.6600,1.7200,1.3500,1.6000,181500
2017-03-10,1.6800,1.8000,1.6200,1.6300,89100
2017-03-03,1.6700,1.7400,1.5800,1.6700,178700
2017-02-24,2.0600,2.0600,1.5500,1.6500,253700
2017-02-17,1.7700,2.0500,1.7700,2.0000,416000
2017-02-10,1.8200,2.0500,1.7500,1.7900,262700
2017-02-03,1.6800,1.9900,1.6400,1.8300,274800
2017-01-27,1.5300,1.8000,1.5099,1.6999,217700
2017-01-20,1.5600,1.6140,1.5000,1.5300,89500
2017-01-13,1.5100,1.6467,1.4000,1.5500,208700
2017-01-06,1.3876,1.6500,1.3876,1.4850,138200
2016-12-30,1.6300,1.6508,1.2200,1.4200,286200
2016-12-23,1.6000,1.6790,1.5600,1.6000,152500
2016-12-16,1.6128,1.6500,1.5500,1.6000,67300
2016-12-09,1.6140,1.7729,1.5400,1.6100,219800
2016-12-02,1.6100,1.9600,1.5500,1.6000,479800
2016-11-25,1.6930,1.7000,1.5300,1.5826,217600
2016-11-18,1.5566,1.7500,1.5246,1.6900,654800
2016-11-11,1.5000,1.6199,1.4723,1.5300,87900
2016-11-04,1.5600,1.7100,1.4501,1.4900,233600
2016-10-28,1.5533,1.6800,1.4700,1.5700,155300
2016-10-21,1.5900,1.6230,1.4801,1.5600,52400
2016-10-14,1.6200,1.7060,1.5746,1.5999,30000
2016-10-07,1.6800,1.6800,1.5490,1.5900,37600
2016-09-30,1.7300,1.7632,1.5800,1.6500,250700
2016-09-23,1.6500,1.7500,1.5500,1.6996,243300
2016-09-16,1.8101,1.8700,1.6000,1.6300,131100
2016-09-09,1.8900,1.8950,1.6337,1.7800,180300
2016-09-02,1.9400,1.9916,1.8300,1.8600,136300
2016-08-26,2.1280,2.2415,1.7900,1.9200,208300
2016-08-19,2.5400,2.6384,2.0600,2.1760,115200
2016-08-12,2.3005,2.6800,2.3005,2.5990,130000
2016-08-05,2.4000,2.5000,2.2000,2.3800,89700
2016-07-29,2.5200,2.5200,2.2700,2.4700,40900
2016-07-22,2.5000,2.6690,2.3700,2.4732,57100
2016-07-15,2.9900,3.0500,2.4100,2.5500,82400
2016-07-08,3.2400,3.2500,2.9400,3.0200,34800
2016-07-01,2.4900,3.3049,2.4900,3.1200,190700
2016-06-24,2.5900,2.8866,2.4800,2.5200,67000
2016-06-17,2.5300,2.6500,2.2500,2.5101,30000
2016-06-10,2.1200,2.6900,2.0800,2.6100,190000
2016-06-03,2.2048,2.2930,2.1100,2.1300,19300
2016-05-27,2.1800,2.2600,1.9550,2.2100,44000
2016-05-20,2.2100,2.3105,1.9700,2.1400,106600
2016-05-13,2.1000,2.3066,1.9950,2.1000,33600
2016-05-06,2.2101,2.2900,1.9200,2.0500,141500
2016-04-29,2.4060,2.4100,2.2100,2.2900,54200
2016-04-22,2.3470,2.4300,2.0560,2.3700,98600
2016-04-15,2.4100,2.5900,2.3100,2.3400,79500
2016-04-08,2.4900,2.5200,2.3900,2.4300,38900
2016-04-01,2.5500,2.5900,2.4200,2.4700,84200
2016-03-24,2.5500,2.7900,2.5000,2.5600,72500
2016-03-18,3.6699,3.6800,2.4200,2.5300,474800
2016-03-11,3.4600,3.6600,3.4210,3.6300,64700
2016-03-04,3.4240,3.4800,3.1800,3.4500,280500
2016-02-26,3.6000,3.6000,3.3800,3.4400,123700
2016-02-19,3.6200,3.6200,3.4540,3.5000,42700
2016-02-12,3.4002,3.7000,3.3200,3.4500,82700
2016-02-05,3.7000,3.9000,3.4000,3.4100,101700
2016-01-29,3.8100,3.9400,3.6400,3.7910,53800
2016-01-22,3.4100,3.8300,3.2500,3.8100,98200
2016-01-15,3.5370,3.6870,3.2800,3.3800,91300
2016-01-08,3.4500,3.9999,3.3000,3.6100,193200
2015-12-31,3.7200,3.7210,3.3800,3.4900,256600
2015-12-24,3.7100,3.8500,3.6200,3.7180,96500
2015-12-18,3.8600,3.9000,3.5700,3.7300,117500
2015-12-11,4.0800,4.3900,3.7700,3.8600,149700
2015-12-04,4.1300,4.5800,3.8900,4.0600,360600
2015-11-27,3.8900,4.4800,3.7800,4.1300,504200
2015-11-20,3.8600,3.9550,3.7500,3.8900,47300
2015-11-13,4.0000,4.0000,3.7200,3.8200,146000
2015-11-06,3.9800,4.1500,3.7000,3.8900,94800
2015-10-30,4.3300,4.3300,3.9200,4.0200,107000
2015-10-23,4.3400,4.5400,4.0450,4.1300,190400
2015-10-16,4.5600,4.7100,4.2500,4.3900,198300
2015-10-09,4.5100,4.8500,4.2912,4.5300,247000
2015-10-02,4.4500,4.5399,4.1005,4.4800,171000
2015-09-25,5.0400,5.2299,4.2500,4.4600,401000
2015-09-18,4.4000,5.2900,4.3300,4.9300,839600
2015-09-11,4.2200,4.4820,4.0700,4.4400,365700
2015-09-04,3.8100,4.7700,3.7600,4.1500,550800
2015-08-28,3.5100,3.9000,3.4300,3.8000,286400
2015-08-21,3.5400,4.3100,3.5400,3.8100,247600
2015-08-14,4.2000,4.9400,3.5100,3.5400,1150300
2015-08-07,3.8800,4.2000,3.7600,4.1400,292500
2015-07-31,3.6800,4.2380,3.5700,3.9600,565500
2015-07-24,3.7400,4.7000,3.3800,3.7100,3146800
2015-07-17,3.6600,4.2300,3.6400,3.6900,753200
2015-07-10,3.8900,4.0000,3.4300,3.7800,934700
2015-07-02,5.1800,5.2294,3.8700,3.9000,1830500
2015-06-26,2.7400,7.2400,2.6300,5.3100,26524600
2015-06-19,3.3000,3.3000,2.6500,2.6500,481000
2015-06-12,3.0900,3.3900,2.4500,3.3000,1368900
2015-06-05,2.7800,3.2000,2.6900,3.0400,712100
2015-05-29,1.9400,4.1370,1.9127,2.8900,10422700
2015-05-22,1.9750,2.3800,1.8377,1.9300,355800
2015-05-15,2.1300,2.2500,1.8989,1.9900,323600
2015-05-08,3.0500,3.0500,1.9800,2.0400,614100
2015-05-01,3.4000,3.6000,3.0100,3.0400,224900
2015-04-24,3.2700,3.5699,3.0500,3.4000,410200
2015-04-17,3.5800,3.8400,3.2000,3.2400,388400
2015-04-10,3.6530,3.8500,3.5000,3.6700,63400
2015-04-02,3.5701,3.6800,3.3100,3.6300,77500
2015-03-27,3.7600,3.8000,3.5100,3.5600,73900
2015-03-20,3.9000,4.1900,3.6456,3.7000,375500
2015-03-13,3.5600,3.9500,3.4610,3.8100,251900
2015-03-06,3.4400,3.6600,3.4266,3.5000,221800
2015-02-27,3.7100,4.1600,3.2400,3.3800,1015000
2015-02-20,3.2500,3.7900,3.2101,3.7000,498800
2015-02-13,3.2500,3.3500,3.0700,3.2400,355200
2015-02-06,3.8300,4.1500,3.1000,3.1600,264500
2015-01-30,0.2500,6.0000,0.2300,3.9300,219000
2015-01-23,0.2600,0.2800,0.1900,0.2500,58600
2015-01-16,0.3400,0.3400,0.2600,0.2730,102600
2015-01-09,0.3000,0.3450,0.2780,0.2969,53900
2015-01-02,0.2925,0.3800,0.2800,0.3080,187600
2014-12-26,0.3405,0.3650,0.2600,0.2925,141700
2014-12-19,0.3350,0.3795,0.3307,0.3401,51900
2014-12-12,0.3900,0.4000,0.3300,0.3433,61700
2014-12-05,0.3600,0.4067,0.3500,0.3884,61100
2014-11-28,0.3800,0.3999,0.3500,0.3500,28900
2014-11-21,0.4000,0.4300,0.3715,0.3900,30600
2014-11-14,0.4500,0.4500,0.3711,0.4000,74600
2014-11-07,0.5050,0.5095,0.4008,0.4350,35700
2014-10-31,0.4245,0.5100,0.4150,0.5050,45100
2014-10-24,0.4000,0.5000,0.3730,0.4399,33100
2014-10-17,0.4050,0.4200,0.3300,0.3710,19900
2014-10-10,0.4200,0.4595,0.4000,0.4150,17900
2014-10-03,0.4710,0.4890,0.4230,0.4380,16900
2014-09-26,0.4552,0.5000,0.4500,0.4580,38400
2014-09-19,0.4210,0.5200,0.4050,0.4700,50900
2014-09-12,0.6100,0.6100,0.4313,0.4561,61700
2014-09-05,0.4005,0.6900,0.4005,0.5800,342400
2014-08-29,0.4026,0.4295,0.4000,0.4000,15100
2014-08-22,0.4320,0.4320,0.3980,0.4150,20900
2014-08-15,0.3999,0.4400,0.3999,0.4195,18800
2014-08-08,0.4250,0.4400,0.3334,0.3999,50300
2014-08-01,0.4600,0.4600,0.4200,0.4301,31100
2014-07-25,0.4600,0.4897,0.4312,0.4505,62400
2014-07-18,0.4900,0.5200,0.4600,0.4600,56400
2014-07-11,0.4970,0.5100,0.4700,0.4980,36700
2014-07-03,0.5100,0.5300,0.4600,0.4970,54100
2014-06-27,0.5400,0.5400,0.4600,0.4600,32900
2014-06-20,0.5300,0.5400,0.5000,0.5300,33800
2014-06-13,0.4618,0.5400,0.4618,0.5345,85000
2014-06-06,0.5700,0.5701,0.4550,0.4711,109800
2014-05-30,0.5800,0.6200,0.5601,0.5800,57800
2014-05-23,0.5600,0.5970,0.5410,0.5720,30800
2014-05-16,0.5700,0.6178,0.5301,0.5621,68200
2014-05-09,0.6000,0.6200,0.5500,0.5600,28500
2014-05-02,0.6300,0.6506,0.5825,0.6000,55600
2014-04-25,0.6000,0.6799,0.6000,0.6220,53700
2014-04-17,0.6800,0.6974,0.5400,0.6001,103900
2014-04-11,0.7200,0.7295,0.6700,0.6800,63600
2014-04-04,0.6800,0.8100,0.6775,0.7200,194300
2014-03-28,0.7700,0.7703,0.6700,0.6700,102300
2014-03-21,0.6600,0.8730,0.6600,0.7500,427800
2014-03-14,0.7400,0.7700,0.6600,0.6700,121400
2014-03-07,0.7000,0.7840,0.6900,0.7150,166300
2014-02-28,0.6899,0.7600,0.6606,0.7029,141700
2014-02-21,0.6900,0.7250,0.6805,0.6850,50600
2014-02-14,0.6900,0.7500,0.6801,0.6960,222300
2014-02-07,0.6800,0.6900,0.6302,0.6810,88500
2014-01-31,0.7400,0.7400,0.6401,0.6610,179800
2014-01-24,1.1300,1.1600,0.6300,0.6899,421600
2014-01-17,1.2300,1.2500,1.1115,1.1500,67100
2014-01-10,1.2200,1.2700,1.1800,1.2200,55200
2014-01-03,1.1500,1.2200,1.1000,1.2000,38500
2013-12-27,1.0500,1.2200,1.0500,1.1300,61000
2013-12-20,1.1200,1.1400,0.9701,1.0500,101600
2013-12-13,1.2600,1.2600,1.1200,1.1399,32800
2013-12-06,1.3200,1.3500,1.1200,1.2300,52800
2013-11-29,1.3600,1.4000,1.3000,1.3300,10200
2013-11-22,1.4500,1.4500,1.3522,1.3800,13700
2013-11-15,1.3000,1.4900,1.2800,1.4400,15800
2013-11-08,1.3800,1.4100,1.2900,1.3500,22300
2013-11-01,1.4100,1.4500,1.3600,1.4000,9900
2013-10-25,1.5600,1.5697,1.3550,1.4000,39900
2013-10-18,1.5900,1.6300,1.5200,1.5500,14300
2013-10-11,1.5700,1.6800,1.5300,1.6000,25100
2013-10-04,1.5700,1.6800,1.5400,1.6000,21800
2013-09-27,1.6400,1.6900,1.5700,1.6000,10600
2013-09-20,1.7500,1.7800,1.6300,1.6400,12900
2013-09-13,1.7100,1.7900,1.6700,1.7300,18200
2013-09-06,1.7300,1.8000,1.6500,1.7000,10200
2013-08-30,1.6800,1.8400,1.6600,1.7200,25000
2013-08-23,1.7100,1.7600,1.5700,1.6501,20900
2013-08-16,1.7600,1.7600,1.6000,1.6800,24700
2013-08-09,1.6800,1.7800,1.6500,1.7500,23100
2013-08-02,1.6300,1.7500,1.6000,1.6600,34800
2013-07-26,1.6000,1.7100,1.5800,1.6600,21300
2013-07-19,1.6300,1.6800,1.5600,1.6000,13800
2013-07-12,1.5800,1.6700,1.5100,1.6100,16000
2013-07-05,1.5800,1.6300,1.4600,1.5100,11900
2013-06-28,1.4900,1.6300,1.4700,1.5800,16200
2013-06-21,1.5800,1.6100,1.4300,1.4800,47500
2013-06-14,1.6100,1.6500,1.5400,1.5800,18700
2013-06-07,1.5900,1.6100,1.4800,1.6000,34500
2013-05-31,1.6500,1.6700,1.5301,1.5700,20000
2013-05-24,1.6600,1.6700,1.5600,1.6600,24300
2013-05-17,1.6000,1.7100,1.5200,1.6300,35500
2013-05-10,1.8000,1.8700,1.6100,1.6200,51600
2013-05-03,1.7900,1.8400,1.6700,1.7700,43800
2013-04-26,1.8900,2.0600,1.7410,1.8000,89800
2013-04-19,1.9800,1.9999,1.8500,1.8600,48100
2013-04-12,1.9900,2.2600,1.9700,2.0100,90900
2013-04-05,2.0000,2.2500,1.8900,1.9700,77600
2013-03-28,2.2400,2.2800,1.8500,1.9600,109500
2013-03-22,1.6700,2.2800,1.5913,2.1400,174400
2013-03-15,1.5600,1.6900,1.4900,1.6400,27400
2013-03-08,1.5300,1.6100,1.5200,1.5400,21200
2013-03-01,1.6000,1.6500,1.5100,1.5100,26000
2013-02-22,1.7000,1.8000,1.5700,1.5900,29200
2013-02-15,1.8100,1.8200,1.6900,1.7100,48500
2013-02-08,1.6100,1.9400,1.5999,1.8100,123400
2013-02-01,1.5000,1.6400,1.4700,1.5900,53200
2013-01-25,1.4900,1.5600,1.4600,1.4900,18900
2013-01-18,1.5300,1.6000,1.4600,1.4850,26700
2013-01-11,1.5600,1.6900,1.5000,1.5500,79200
2013-01-04,1.3500,1.5600,1.3000,1.5400,96700
2012-12-28,1.3300,1.4500,1.2500,1.3300,76300
2012-12-21,1.2300,1.3900,1.2300,1.3500,88600
2012-12-14,1.4500,1.5500,1.4100,1.4101,30300
2012-12-07,1.3600,1.5799,1.2800,1.4300,50600
2012-11-30,1.4300,1.4800,1.3200,1.3600,26500
2012-11-23,1.4000,1.4700,1.3500,1.4400,15800
2012-11-16,1.4700,1.4700,1.2300,1.3400,89600
2012-11-09,1.5800,1.6100,1.4400,1.4400,51400
2012-11-02,1.7700,1.7700,1.5100,1.6000,44500
2012-10-26,1.8300,1.8600,1.6600,1.7300,97900
2012-10-19,2.6000,2.6500,1.8200,1.8300,159100
2012-10-12,2.3600,2.7300,2.3400,2.5500,44900
2012-10-05,2.7030,2.7600,2.3400,2.3500,35000
2012-09-28,2.9000,2.9500,2.5500,2.6800,32300
2012-09-21,2.1300,2.9500,2.0000,2.9100,63900
2012-09-14,2.1500,2.4300,1.9300,2.1200,60200
2012-09-07,1.6500,1.9900,1.6500,1.9900,23900
2012-08-31,1.7700,1.8300,1.6000,1.6500,10200
2012-08-24,1.5300,1.9001,1.4510,1.7510,25600
2012-08-17,1.4000,1.5400,1.3500,1.5300,20300
2012-08-10,1.5000,1.5800,1.3100,1.3900,17500
2012-08-03,1.6200,1.6700,1.4600,1.4900,17000
2012-07-27,1.6200,1.6900,1.5000,1.5550,15400
2012-07-20,1.6500,1.7199,1.6300,1.6400,8400
2012-07-13,1.7400,1.7600,1.6100,1.6700,17200
2012-07-06,1.6100,1.7700,1.6100,1.7400,28100
2012-06-29,1.7200,1.8300,1.5000,1.5700,47900
2012-06-22,1.8600,2.0000,1.6400,1.7400,249200
2012-06-15,1.8700,2.0700,1.7000,1.8800,79200
2012-06-08,1.3000,2.4000,1.3000,1.8200,322400
2012-06-01,1.3000,1.3550,1.2600,1.2700,17200
2012-05-25,1.3500,1.3771,1.2000,1.3000,33100
2012-05-18,1.5400,1.6100,1.3200,1.3200,24200
2012-05-11,1.5400,1.6400,1.5000,1.6100,20000
2012-05-04,1.7700,2.0900,1.4600,1.5500,54400
2012-04-27,1.3100,1.7700,1.2250,1.7500,41300
2012-04-20,1.6400,1.6900,1.1500,1.3500,65300
2012-04-13,1.5000,1.6901,1.5000,1.5800,66300
2012-04-05,2.4700,2.5700,1.4800,1.5600,107000
2012-03-30,2.9800,2.9800,2.4500,2.4600,38100
2012-03-23,3.0500,3.0910,2.8100,2.9500,41800
2012-03-16,3.4800,3.5299,3.0300,3.0600,49500
2012-03-09,3.3800,3.5000,3.2400,3.4700,19600
2012-03-02,3.3800,4.0600,3.3200,3.3900,54300
2012-02-24,3.1300,3.4200,3.1000,3.4000,20700
2012-02-17,3.1300,3.2000,3.0000,3.1500,20000
2012-02-10,3.3100,3.3200,3.0500,3.0900,21300
2012-02-03,3.1800,3.3800,3.1000,3.3200,22500
2012-01-27,3.2800,3.3800,3.0000,3.2100,39300
2012-01-20,3.3000,3.3900,3.0000,3.3000,24400
2012-01-13,3.3700,3.8400,3.2200,3.2500,47900
2012-01-06,2.9400,3.4400,2.8500,3.3700,46600
2011-12-30,2.8100,2.9900,2.7600,2.8600,41100
2011-12-23,2.7300,2.9200,2.6200,2.8300,34600
2011-12-16,3.0300,3.0400,2.5700,2.6900,54000
2011-12-09,2.9900,3.1200,2.8900,3.0800,47800
2011-12-02,2.8100,3.0400,2.7000,2.9400,43200
2011-11-25,2.7000,3.1300,2.6100,2.6900,37300
2011-11-18,2.7900,2.7900,2.4300,2.7400,39600
2011-11-11,2.7900,2.8900,2.5300,2.8000,33800
2011-11-04,3.0300,3.0600,2.7000,2.8000,33800
2011-10-28,2.7400,3.2900,2.7200,3.0900,58000
2011-10-21,2.5200,2.7500,2.4100,2.7400,35800
2011-10-14,2.3500,2.6500,2.2250,2.5500,59800
2011-10-07,2.5200,2.6000,2.3300,2.3500,36700
2011-09-30,2.6900,2.7900,2.2900,2.5300,37100
2011-09-23,2.9900,3.1500,2.2700,2.3000,39500
2011-09-16,2.9300,3.2700,2.7100,3.0400,51000
2011-09-09,2.2000,2.9900,2.2000,2.8900,55300
2011-09-02,2.3500,2.7000,2.2200,2.2400,34400
2011-08-26,2.3700,2.4400,2.1700,2.3100,42300
2011-08-19,2.6000,3.1500,2.2600,2.2700,69500
2011-08-12,2.3300,2.7000,2.1000,2.4400,92500
2011-08-05,3.0300,3.0700,2.4600,2.4700,61100
2011-07-29,3.1200,3.2200,2.8000,3.0100,63300
2011-07-22,3.1100,3.2500,2.8500,3.1500,59400
2011-07-15,3.3200,3.4600,3.1300,3.1350,61100
2011-07-08,3.4200,3.4200,3.2600,3.3200,34900
2011-07-01,3.4100,3.5700,3.1700,3.4200,71800
2011-06-24,3.7000,3.7400,3.2100,3.3900,297600
2011-06-17,5.1000,5.2200,3.5300,3.5900,145000
2011-06-10,5.0200,5.2500,4.7500,5.1100,65700
2011-06-03,4.8000,5.3400,4.3100,4.9200,164300
2011-05-27,6.7000,6.7000,5.2100,5.3600,192300
2011-05-20,7.1200,7.2210,6.5500,6.7400,70500
2011-05-13,7.3800,7.4699,7.0200,7.0800,50100
2011-05-06,7.8600,8.0100,6.8300,7.3600,76800
2011-04-29,8.3100,8.3400,7.2700,7.8300,81500
2011-04-21,7.8400,8.4600,7.4500,8.2400,88800
2011-04-15,8.0000,8.0000,7.4300,7.8500,112500
2011-04-08,7.6900,7.9200,7.0800,7.9100,93300
2011-04-01,7.2900,7.8799,7.2000,7.5000,102200
2011-03-25,7.3900,7.6900,6.9201,7.3200,133600
2011-03-18,8.0000,9.6000,7.2200,7.3900,684000
2011-03-11,7.0500,7.3400,6.8000,7.1900,39600
2011-03-04,7.2300,7.2300,6.9300,7.0192,18300
2011-02-25,6.9700,7.2000,6.9000,7.1900,20100
2011-02-18,7.0700,7.2400,7.0100,7.0300,23000
2011-02-11,7.2800,7.3300,6.8200,7.0400,30100
2011-02-04,6.6700,7.3600,6.3501,7.2500,62900
2011-01-28,7.4000,7.6900,6.6000,6.6200,90200
2011-01-21,7.1500,7.9000,6.9000,7.4000,82900
2011-01-14,6.7900,7.3000,6.7580,7.1200,38600
2011-01-07,7.2500,7.2500,6.7500,6.8000,31800
2010-12-31,7.0300,7.3000,6.7000,7.2200,36900
2010-12-23,7.0000,7.3000,6.8893,7.2100,25000
2010-12-17,7.1400,7.1800,6.8100,7.1000,27000
2010-12-10,7.0900,7.3500,6.9301,7.0100,34700
2010-12-03,6.1000,7.0700,6.1000,7.0400,50800
2010-11-26,6.1900,6.3000,6.0200,6.1800,12700
2010-11-19,6.0500,6.2400,5.7600,6.1500,29600
2010-11-12,6.4300,6.6400,6.0500,6.0800,37000
2010-11-05,6.9900,6.9900,6.0600,6.2800,42100
2010-10-29,7.0900,7.1000,6.4300,6.6900,47100
2010-10-22,6.3600,7.2400,6.3000,6.9800,86300
2010-10-15,6.0500,6.7100,5.5100,6.2900,101000
2010-10-08,5.2000,6.3600,5.1000,6.0500,104700
2010-10-01,5.1800,5.2600,5.0000,5.0700,30900
2010-09-24,5.3800,5.4500,4.9100,5.1000,71900
2010-09-17,4.2100,5.7500,4.2000,5.2100,106300
2010-09-10,4.3493,4.3493,4.0200,4.1900,14200
2010-09-03,4.3000,4.8600,4.1400,4.2601,43000
2010-08-27,3.8797,4.3400,3.6100,4.2600,15700
2010-08-20,3.7800,3.9700,3.7000,3.9400,9300
2010-08-13,3.8000,3.8000,3.5000,3.7700,8700
2010-08-06,3.7500,3.8500,3.2500,3.5800,11800
2010-07-30,3.6500,3.7500,3.5000,3.7500,10200
2010-07-23,3.3576,3.7800,3.1500,3.5800,18400
2010-07-16,3.4800,3.4800,3.1500,3.3900,6100
2010-07-09,3.5200,3.6000,2.9900,3.4400,13500
2010-07-02,3.5000,3.9100,3.3000,3.4000,15700
2010-06-25,3.6800,3.7000,3.2999,3.4700,6000
2010-06-18,3.1000,3.8000,3.0000,3.6000,16200
2010-06-11,3.1200,3.1500,2.8000,3.0700,22400
2010-06-04,3.3500,3.3500,3.1000,3.1500,5600
2010-05-28,3.2200,3.4000,3.1540,3.3600,8000
2010-05-21,3.6000,3.6500,3.0300,3.2100,16500
2010-05-14,3.6400,3.7500,3.4600,3.6000,4800
2010-05-07,3.9100,3.9100,3.4000,3.4300,15400
2010-04-30,3.9300,4.1000,3.7200,3.8400,9700
2010-04-23,3.4200,4.1400,3.4200,3.9200,22500
2010-04-16,3.4600,3.6800,3.4200,3.4200,10900
2010-04-09,3.5200,3.6800,3.4000,3.4400,12300
2010-04-01,3.4100,3.6000,3.3900,3.5500,10100
2010-03-26,3.5600,3.7600,3.3000,3.4000,18000
2010-03-19,3.6900,3.7400,3.5200,3.5500,15900
2010-03-12,3.9500,3.9500,3.6400,3.7100,14800
2010-03-05,3.9000,3.9700,3.6100,3.9600,17500
2010-02-26,3.9000,5.0100,3.4201,3.8600,124700
2010-02-19,3.9500,4.0000,3.8400,3.8800,9600
2010-02-12,3.8500,4.1100,3.6200,4.0000,5600
2010-02-05,3.9900,4.1900,3.7500,3.7999,10500
2010-01-29,3.9700,4.0000,3.7700,3.9100,12400
2010-01-22,3.8900,4.1700,3.7700,3.9500,14900
2010-01-15,4.1500,4.4400,3.9500,3.9500,30000
2010-01-08,3.4500,4.1500,3.4100,4.1400,27200
2009-12-31,3.4300,3.9499,3.3100,3.3100,23800
2009-12-24,3.4656,3.5000,3.3200,3.4600,9500
2009-12-18,3.5100,3.6400,3.3200,3.4000,11200
2009-12-11,3.7400,3.7800,3.5100,3.5200,7500
2009-12-04,3.8500,3.8501,3.6000,3.7600,10500
2009-11-27,3.7700,3.8640,3.5700,3.8600,11300
2009-11-20,3.9000,4.0000,3.7300,3.7800,10900
2009-11-13,4.0500,4.1800,3.7600,3.9000,15200
2009-11-06,3.9200,4.1900,3.6800,3.9300,15100
2009-10-30,4.0800,4.2400,3.6900,3.9400,25600
2009-10-23,4.6600,4.6600,4.0500,4.1100,22100
2009-10-16,4.8800,4.9699,4.5500,4.6200,33900
2009-10-09,4.2700,4.8500,4.1000,4.8500,42600
2009-10-02,3.5900,4.3000,3.4700,4.1700,66600
2009-09-25,3.9400,4.0900,3.5000,3.6000,43300
2009-09-18,4.2100,4.2500,3.8100,3.9100,32000
2009-09-11,3.7500,4.8800,3.7500,4.1700,45700
2009-09-04,3.9300,4.1399,3.3200,3.7500,45200
2009-08-28,4.4900,4.4900,3.9000,4.0100,46700
2009-08-21,4.5900,4.7100,3.9800,4.4100,41900
2009-08-14,4.9300,4.9400,4.3200,4.4300,30500
2009-08-07,4.9300,6.3500,4.2800,4.6600,162100
2009-07-31,4.6900,5.0800,4.5000,4.8100,49700
2009-07-24,4.8800,4.8800,4.0200,4.5900,52500
2009-07-17,3.8700,5.6100,3.6500,4.7300,103700
2009-07-10,3.8200,3.9979,3.4000,3.7600,6300
2009-07-02,3.6000,4.3900,3.4000,3.8200,36800
2009-06-26,3.2900,3.5900,3.1500,3.4800,8800
2009-06-19,3.7000,3.9300,3.2104,3.3500,9200
2009-06-12,4.0600,4.2000,3.6800,3.7500,9600
2009-06-05,4.3000,4.5000,2.2600,4.1500,17000
2009-05-29,3.8000,4.2300,3.6200,4.1800,12800
2009-05-22,3.7000,4.1400,3.5000,3.7500,19400
2009-05-15,4.3500,4.3500,3.5000,3.5701,16200
2009-05-08,4.0000,4.4800,3.9000,4.2800,29200
2009-05-01,3.0300,3.9500,2.8600,3.7500,15400
2009-04-24,2.7400,3.1900,2.5100,3.0500,23600
2009-04-17,2.0000,2.6800,1.9700,2.6001,15700
2009-04-09,2.1300,2.2500,1.7500,1.9500,6400
2009-04-03,2.4000,2.7300,2.0100,2.0800,18400
2009-03-27,1.4000,2.5000,1.3900,2.3500,23800
2009-03-20,1.4300,1.5300,1.3000,1.3400,9100
2009-03-13,1.3400,1.4800,1.1500,1.3400,5600
2009-03-06,1.8500,1.9399,1.3200,1.3200,5900
2009-02-27,2.2400,2.4800,1.8101,1.8500,5900
2009-02-20,2.2600,2.5700,2.0000,2.3100,11800
2009-02-13,3.3300,3.6500,2.6900,2.9500,9100
2009-02-06,2.5901,3.8700,2.5901,3.4000,7300
2009-01-30,2.5000,2.7500,2.4500,2.6860,6500
2009-01-23,2.2500,2.6899,2.1600,2.4800,4500
2009-01-16,2.6900,2.6900,2.1200,2.2500,4500
2009-01-09,2.2500,2.5300,2.1400,2.5300,5500
2009-01-02,2.1900,2.6500,2.0000,2.2499,7000
2008-12-26,1.9000,2.1300,1.9000,2.0000,3700
2008-12-19,2.1500,2.1900,1.9000,1.9000,3900
2008-12-12,1.9124,2.2000,1.5100,2.0499,9600
2008-12-05,2.1200,3.1800,1.7800,1.9999,12000
2008-11-28,2.0500,2.3799,1.7500,1.8600,2600
2008-11-21,3.1000,3.1000,2.0200,2.1501,6000
2008-11-14,3.2400,3.2400,2.2300,3.1000,6435
2008-11-07,3.1700,3.3999,2.7500,3.0400,3400
2008-10-31,2.6000,3.5100,1.9500,3.0500,9900
2008-10-24,3.0500,3.9200,2.7000,2.8400,6900
2008-10-17,2.8900,3.2500,2.8000,3.0000,5500
2008-10-10,3.7000,3.7280,2.0500,2.9500,10900
2008-10-03,4.4200,4.9050,3.8500,3.8501,5500
2008-09-26,4.5900,4.9700,4.0001,4.6700,2500
2008-09-19,4.6400,5.1300,4.0600,4.5050,6300
2008-09-12,4.8800,5.1300,4.6900,4.8500,4400
2008-09-05,5.0000,5.1500,4.9000,4.9000,2100
2008-08-29,5.1900,5.1900,4.9500,4.9900,1200
2008-08-22,5.4800,5.4800,4.8900,5.1199,2900
2008-08-15,5.3900,5.6500,5.0200,5.3500,8600
2008-08-08,4.7600,5.3500,4.7000,5.3300,12500
2008-08-01,4.6900,5.0100,4.5600,4.9200,4600
2008-07-25,4.1400,4.7999,3.9900,4.5600,8900
2008-07-18,4.0200,4.1999,3.7000,4.1600,5400
2008-07-11,4.4000,4.9700,3.9000,4.0000,6900
2008-07-03,4.4500,4.7500,4.2000,4.3000,4100
2008-06-27,4.5100,5.0700,4.5000,4.5200,6500
2008-06-20,4.8900,5.1605,4.5800,4.6600,5200
2008-06-13,5.5400,5.5600,4.6900,4.9000,9100
2008-06-06,4.9600,5.7300,4.9600,5.5900,6400
2008-05-30,4.9300,5.4900,4.9000,5.1200,7300
2008-05-23,4.7300,4.9300,4.7300,4.9000,2900
2008-05-16,5.1000,5.3500,4.7100,4.7600,8800
2008-05-09,5.5600,5.9100,4.7500,4.8600,16900
2008-05-02,6.0000,6.0000,5.0516,5.5000,14800
2008-04-25,6.0700,6.3350,5.6800,5.9200,18300
2008-04-18,5.7700,6.4000,5.2800,6.0000,65000
2008-04-11,4.4600,5.0000,3.9500,4.9230,35300
2008-04-04,4.3200,4.9400,3.8200,4.3601,37100
2008-03-28,4.4900,4.4900,3.8500,4.1500,11100
2008-03-20,4.7300,4.8300,4.0500,4.4000,7800
2008-03-14,4.7500,4.9000,4.3500,4.8500,7800
2008-03-07,4.3200,6.0000,4.2401,4.8200,14400
2008-02-29,5.0500,5.5800,3.6800,4.3500,25100
2008-02-22,4.9400,5.0000,4.4100,5.0000,7900
2008-02-15,4.3000,4.4700,4.0000,4.2600,8900
2008-02-08,3.8500,4.4500,3.5800,4.2900,15900
2008-02-01,3.5000,4.8300,3.5000,3.8200,37900
2008-01-25,2.5000,3.4200,2.2000,3.4200,18800
2008-01-18,3.0200,3.0900,2.0300,2.6100,27700
2008-01-11,3.4900,3.5800,2.8800,2.9751,36400
2008-01-04,8.1300,9.1900,2.8800,3.3100,113600
2007-12-28,7.2200,8.1800,6.6400,8.1800,15200
2007-12-21,7.5900,7.6000,6.6600,7.0100,34200
2007-12-14,9.1800,9.5000,7.3300,7.6100,32100
2007-12-07,10.3400,11.3900,8.6500,9.2900,13600
2007-11-30,9.6500,10.5000,9.1400,10.3800,15400
2007-11-23,10.2200,10.8100,9.5200,9.6700,11400
2007-11-16,10.5600,12.0200,10.0500,10.1100,10000
2007-11-09,11.4400,11.7400,10.0000,10.4500,8800
2007-11-02,12.5800,12.6000,11.2700,11.5000,7800
2007-10-26,12.1900,13.0700,12.0600,12.6000,11000
2007-10-19,11.7000,12.6000,11.5000,12.2500,11800
2007-10-12,11.5300,11.9599,11.0500,11.5000,13200
2007-10-05,11.7000,12.4800,11.4880,11.5000,9500
2007-09-28,11.8000,12.1200,10.6300,11.5300,11800
2007-09-21,12.1700,12.5000,11.4600,11.7500,10500
2007-09-14,11.4000,13.8899,11.3500,12.1500,25900
2007-09-07,11.0000,11.4900,11.0000,11.3500,6600
2007-08-31,9.9500,11.0000,9.8400,10.9600,9200
2007-08-24,10.0200,10.6500,9.8200,10.0400,8300
2007-08-17,9.9700,10.3300,9.2900,9.9200,7800
2007-08-10,9.9600,10.4500,9.6000,10.0100,7000
2007-08-03,9.4200,10.2500,9.1000,10.0000,11100
2007-07-27,10.0000,10.1700,9.3100,9.4650,13100
2007-07-20,11.0000,11.0000,9.7100,10.0000,12800
2007-07-13,10.8800,11.2500,10.5000,10.5999,9600
2007-07-06,11.0200,11.0700,10.1500,10.8401,10600
2007-06-29,11.8000,11.9800,10.2200,10.9600,25300
2007-06-22,10.4500,11.8400,10.2700,11.4000,25800
2007-06-15,9.5100,10.4500,9.2300,10.4400,19400
2007-06-08,9.1200,9.6300,9.0600,9.5900,12600
2007-06-01,9.3000,9.3000,8.9600,9.1500,5600
2007-05-25,9.5000,9.8000,8.9000,9.1800,12000
2007-05-18,8.9000,9.2500,8.5500,8.9000,14200
2007-05-11,9.8000,9.8200,8.5100,8.8400,9200
2007-05-04,9.5000,9.7400,8.6500,9.7400,15900
2007-04-27,10.2600,10.9500,9.1800,9.4800,19100
2007-04-20,10.8600,11.1800,9.8160,10.2500,26400
2007-04-13,8.8200,10.3400,8.8000,10.3400,34600
2007-04-05,8.9000,9.0700,8.0000,8.3600,16700
2007-03-30,8.5600,9.3000,8.4300,8.8000,26100
2007-03-23,8.9000,10.1100,8.0000,8.5900,83300
2007-03-16,11.1200,11.7400,10.1600,10.1940,26300
2007-03-09,10.7100,12.2400,10.7000,11.0500,52400
2007-03-02,11.0100,12.0000,9.1300,10.8000,68900
2007-02-23,10.2500,13.9900,10.2000,11.0800,96100
2007-02-16,8.2000,10.2500,8.0000,10.1500,57600
2007-02-09,6.9900,8.3500,6.9900,8.0000,92300
2007-02-02,6.1500,6.4400,5.7300,6.4000,18200
2007-01-26,7.1900,7.7500,5.8200,6.2900,37000
2007-01-19,7.5300,7.8234,6.6900,7.1200,58100
2007-01-12,4.4900,9.7800,4.4900,7.6800,259900
2007-01-05,5.0000,5.0000,4.4900,4.5600,1300
2006-12-29,5.3500,5.3700,4.8500,5.0400,2000
2006-12-22,5.3200,5.5500,4.7700,5.4200,3800
2006-12-15,4.5900,5.5000,4.2500,5.2500,13300
2006-12-08,4.9000,5.4000,4.5000,4.6100,4800
2006-12-01,5.5200,5.6000,5.0000,5.0000,4600
2006-11-24,5.5000,5.7000,5.3300,5.5500,4000
2006-11-17,5.5500,5.7100,5.3400,5.3400,1300
2006-11-10,5.5500,5.8700,5.3000,5.5000,7700
2006-11-03,5.4500,5.6500,5.3200,5.6000,4800
2006-10-27,5.3400,5.6000,5.1001,5.5000,4700
2006-10-20,4.9000,5.6500,4.8000,5.3860,7100
2006-10-13,4.9000,5.0400,4.7500,4.8900,2300
2006-10-06,5.0800,5.1000,4.6100,4.8000,4700
2006-09-29,5.0700,5.0800,4.5700,4.9900,10400
2006-09-22,4.9900,5.0500,4.6600,5.0160,5299
2006-09-15,4.7900,5.0000,4.6534,4.8900,2100
2006-09-08,4.5000,5.0000,4.1700,4.4200,4000
2006-09-01,4.4500,5.0000,4.4100,4.5000,500
2006-08-25,4.8700,4.8900,4.6100,4.6100,1100
2006-08-18,4.6000,4.9900,4.5000,4.8200,3300
2006-08-11,5.1100,5.1100,4.5000,4.6000,6400
2006-08-04,5.2500,5.5800,5.0100,5.1200,3800
