timestamp,open,high,low,close,volume
2018-02-27,44.1000,45.0250,43.5000,43.5000,524796
2018-02-23,43.9500,45.9500,35.7500,44.1000,2149304
2018-02-16,41.9000,44.3500,41.4000,44.1000,1339181
2018-02-09,43.3500,45.8000,41.0250,41.7000,1514057
2018-02-02,44.7500,46.0500,42.0000,43.5500,1489125
2018-01-26,44.7000,46.0000,44.2000,44.7500,1024503
2018-01-19,45.6000,45.9500,43.2463,44.5000,845761
2018-01-12,44.8000,46.1500,43.4500,45.3000,885063
2018-01-05,45.6500,45.6500,44.0500,44.8000,1062927
2017-12-29,44.3500,46.3000,44.3500,45.3000,1299015
2017-12-22,46.5500,47.9500,44.2500,44.3500,1549971
2017-12-15,45.5000,47.8500,45.2500,46.2500,2035596
2017-12-08,46.9000,47.6000,43.4500,45.3500,2076597
2017-12-01,47.2000,47.5500,45.6500,46.8500,1311187
2017-11-24,47.0500,49.0800,45.4500,47.0500,1445912
2017-11-17,45.4500,46.9500,44.6500,46.9500,1244329
2017-11-10,42.6000,46.5000,42.6000,45.5000,1472850
2017-11-03,52.5500,54.8500,42.4000,42.6000,3449812
2017-10-27,49.8500,52.7500,49.0300,52.7000,1117546
2017-10-20,49.8500,50.5000,49.2500,49.6500,1107714
2017-10-13,50.6500,50.6500,47.7500,50.0000,1483797
2017-10-06,48.7500,51.8500,48.5000,50.8500,1531055
2017-09-29,48.2000,50.2500,47.9500,48.9000,1676035
2017-09-22,48.0000,49.0000,47.5000,48.1500,1812821
2017-09-15,44.7000,47.8800,43.8000,47.8500,2345708
2017-09-08,46.4500,46.7500,43.8500,44.4000,988959
2017-09-01,44.7500,47.1300,44.5000,46.7000,1558782
2017-08-25,42.4000,44.9000,42.2000,44.6000,1631527
2017-08-18,43.9000,44.1000,42.0000,42.2500,1799190
2017-08-11,43.7000,44.9500,41.7500,43.6500,1524092
2017-08-04,43.8500,44.7000,38.1000,43.8500,3512241
2017-07-28,44.4000,44.8500,43.1500,44.2000,1593999
2017-07-21,41.1500,44.6000,40.8000,44.5500,1636790
2017-07-14,40.6000,42.2250,40.1000,41.2000,2149861
2017-07-07,40.2500,41.0000,39.7000,40.6500,1019084
2017-06-30,39.8500,40.6300,39.2800,40.1000,1204827
2017-06-23,40.9500,41.4500,38.1500,39.8000,1293106
2017-06-16,40.2000,42.0000,40.1000,40.7000,1767028
2017-06-09,40.8000,41.3800,39.5300,40.2500,1154020
2017-06-02,39.3500,41.7300,39.2500,41.1000,1223083
2017-05-26,38.2500,40.2000,38.1000,39.3000,1706924
2017-05-19,40.0500,41.1500,37.8500,38.1500,1859618
2017-05-12,40.0500,42.7800,39.7500,39.8500,1545787
2017-05-05,45.0500,45.2000,39.4000,40.0000,1969138
2017-04-28,44.6000,45.2500,43.8000,45.0000,1285537
2017-04-21,43.6000,44.6500,43.5000,43.8500,909204
2017-04-13,43.6500,44.7500,43.4000,43.5000,986046
2017-04-07,43.0000,43.9000,42.2500,43.6000,1283246
2017-03-31,41.8000,43.4000,41.2000,43.0500,1057926
2017-03-24,42.1500,43.7000,41.6500,42.4000,1476678
2017-03-17,40.1000,42.2000,39.6500,42.1500,1904866
2017-03-10,40.1500,40.5500,38.5000,40.1500,1545480
2017-03-03,42.5000,42.7500,40.3500,40.3500,1848386
2017-02-24,42.2000,44.4000,41.6500,42.5500,2248771
2017-02-17,41.6000,42.2000,41.0000,42.1000,1017225
2017-02-10,42.1000,42.1000,40.9500,41.5000,1059935
2017-02-03,42.0000,42.5000,40.9500,42.0500,1247466
2017-01-27,41.6500,42.2500,40.9500,42.1500,1047576
2017-01-20,41.7500,42.6000,41.2500,41.7500,1338268
2017-01-13,41.7000,42.8500,40.9500,41.9000,1281840
2017-01-06,41.6500,42.7500,41.1500,41.6500,1577808
2016-12-30,42.2000,42.2000,40.9750,41.3500,1066771
2016-12-23,41.4000,42.3500,41.0500,42.0500,1383426
2016-12-16,39.6500,42.1000,39.1000,41.2000,4613178
2016-12-09,36.1500,39.5000,35.9500,39.1000,1270917
2016-12-02,39.1000,39.1500,35.7500,36.1500,2384393
2016-11-25,38.6500,39.3500,38.0500,39.1000,1634735
2016-11-18,40.1500,40.6500,37.8500,38.6000,2376483
2016-11-11,39.0500,40.4000,38.0500,39.7500,3073025
2016-11-04,37.1500,39.4000,34.4500,38.5000,2650530
2016-10-28,36.5900,38.0200,35.7300,36.8900,1294956
2016-10-21,35.0800,36.3200,34.8700,36.2900,1220069
2016-10-14,34.9200,35.5700,34.3000,35.0400,1591500
2016-10-07,36.7800,37.0800,34.2300,34.6700,2483322
2016-09-30,37.0600,37.5100,35.4272,36.8100,1303452
2016-09-23,36.0000,37.4600,35.5000,37.1300,1268714
2016-09-16,35.5600,36.6100,35.0900,35.8500,1544460
2016-09-09,36.1700,36.8400,35.6200,35.6300,1067253
2016-09-02,36.0900,36.7200,35.0700,36.1600,2284868
2016-08-26,35.8800,37.2400,35.2800,36.0900,1830510
2016-08-19,38.3800,38.9700,35.5700,35.7900,2484446
2016-08-12,36.4300,38.5400,36.2700,38.4300,2808606
2016-08-05,42.6400,43.6100,36.7100,36.8300,4426657
2016-07-29,42.9200,43.4500,42.4899,42.7300,1548084
2016-07-22,42.9500,43.2000,42.3900,43.0300,1401618
2016-07-15,42.2600,43.5500,41.8000,42.8300,1687440
2016-07-08,40.3000,42.0900,39.0500,42.0500,1457141
2016-07-01,37.9400,40.4500,36.9600,40.4000,2164684
2016-06-24,40.6100,41.0350,37.6600,38.3000,3147048
2016-06-17,40.7900,41.9250,40.4700,41.7000,1799635
2016-06-10,39.9900,41.2700,39.7000,40.7900,1441363
2016-06-03,39.9000,40.3500,39.2700,40.0500,1499919
2016-05-27,38.4800,39.8700,38.4800,39.8600,2294058
2016-05-20,39.2600,39.6200,37.5200,38.3800,1483489
2016-05-13,39.4100,39.7000,38.3850,39.2400,1598643
2016-05-06,38.9000,39.5700,36.7300,39.2600,2283586
2016-04-29,38.6500,39.6400,38.1400,38.7000,1653742
2016-04-22,38.0900,39.1300,37.7600,38.7400,1451158
2016-04-15,38.2700,39.6700,37.4000,38.1400,1494406
2016-04-08,39.8100,40.7300,37.7000,38.0500,2240703
2016-04-01,37.9400,39.8700,36.9500,39.7000,2381013
2016-03-24,37.7400,38.2800,36.6050,37.6800,1067418
2016-03-18,36.8700,38.0500,36.6701,37.6300,2425469
2016-03-11,36.5800,37.3900,35.5325,37.0100,2416606
2016-03-04,36.6600,38.0500,35.1900,36.8200,8934611
2016-02-26,34.5600,37.4200,32.6300,36.9000,5380651
2016-02-19,33.5700,35.3100,31.9600,34.4900,1233465
2016-02-12,32.4700,33.5400,30.6200,33.3200,1896872
2016-02-05,33.1600,34.5600,32.2700,32.7400,2122010
2016-01-29,31.9900,33.5304,31.4900,33.4100,1350921
2016-01-22,31.1800,32.2500,29.6750,32.0300,1383772
2016-01-15,33.1300,33.5600,29.6500,30.8500,2052472
2016-01-08,34.1900,34.4800,32.9700,33.0600,1833778
2015-12-31,35.0600,35.6300,34.4000,34.6900,1135733
2015-12-24,33.1400,35.5500,32.8700,35.3000,795874
2015-12-18,32.7300,34.4900,32.2700,33.1100,1955920
2015-12-11,33.7500,34.6000,32.2700,32.6300,1300993
2015-12-04,33.6400,34.4400,33.2900,33.7400,1755240
2015-11-27,33.8500,34.2000,32.7500,33.4100,1035968
2015-11-20,33.9500,34.2700,32.6500,33.7400,2791442
2015-11-13,34.6200,35.5700,33.0100,34.0000,1813203
2015-11-06,30.9600,36.7500,30.1150,34.7000,3327558
2015-10-30,31.3700,31.4400,30.0400,30.7200,1851141
2015-10-23,29.6800,32.1300,29.2000,31.3500,2094087
2015-10-16,29.1400,31.4000,28.7709,29.7100,1943109
2015-10-09,27.5200,29.3900,27.5000,29.0100,2545221
2015-10-02,26.2600,27.4400,26.1300,27.2900,3477664
2015-09-25,28.4300,28.6900,25.8400,26.3400,3700258
2015-09-18,27.4400,28.1700,27.3000,28.1700,2851464
2015-09-11,27.2800,27.7500,26.9600,27.3900,1751826
2015-09-04,27.4100,28.8713,26.8900,27.1800,1830027
2015-08-28,26.5700,28.6120,26.0800,27.4600,3779868
2015-08-21,29.1100,30.2000,28.1300,28.3100,2705105
2015-08-14,28.9000,29.5300,28.3700,29.1600,2446816
2015-08-07,31.8500,32.0200,27.8900,28.7000,5564425
2015-07-31,31.5000,32.0600,30.9400,31.7900,2122276
2015-07-24,32.8200,32.9795,31.5000,31.6300,1708615
2015-07-17,32.5600,33.3600,32.4300,32.7500,1526172
2015-07-10,32.7000,32.8300,31.8300,32.5200,2192863
2015-07-02,33.9800,34.2600,32.6600,32.9200,2410987
2015-06-26,34.4100,34.8320,33.6200,34.0700,2604465
2015-06-19,32.0800,34.3900,31.6200,34.2200,3684997
2015-06-12,30.6900,32.2300,30.4900,32.1100,2589514
2015-06-05,31.4600,31.6100,30.5300,30.6600,2240293
2015-05-29,31.8500,32.2500,31.1000,31.4200,2669792
2015-05-22,33.3800,34.1499,31.7800,31.9900,2847438
2015-05-15,32.6000,33.6600,32.0000,33.4600,3055447
2015-05-08,35.2400,35.6740,31.4101,32.6950,5417729
2015-05-01,34.5900,35.8000,34.1700,35.1200,1688972
2015-04-24,34.1000,34.6600,33.8850,34.4000,1887228
2015-04-17,35.5000,36.1800,33.5200,33.8900,2915691
2015-04-10,35.3500,36.1700,34.9700,35.4500,1245282
2015-04-02,35.1300,35.6700,35.0400,35.4700,1672892
2015-03-27,35.1800,35.5599,34.5700,35.0800,1476214
2015-03-20,35.1000,35.4200,34.0600,35.1000,3081051
2015-03-13,35.7800,36.0400,34.2500,34.8600,1713710
2015-03-06,36.5600,36.8400,35.7500,35.9300,1724390
2015-02-27,39.2200,39.4000,35.6100,36.7200,2390368
2015-02-20,38.8600,39.7300,38.5600,39.4000,780895
2015-02-13,38.5500,40.4760,37.8300,38.9000,2085014
2015-02-06,37.4100,39.5200,37.0600,38.5500,3261982
2015-01-30,38.2000,38.9080,36.9700,37.0600,1080751
2015-01-23,36.9000,38.5600,36.6700,38.2500,1642485
2015-01-16,34.0700,36.8800,33.5600,36.7500,1887360
2015-01-09,34.7800,35.3800,33.5380,33.9900,1656416
2015-01-02,34.9600,36.4400,34.3100,34.9700,1433322
2014-12-26,35.0200,35.3600,34.8100,34.9900,867563
2014-12-19,33.5000,35.3900,33.2100,35.0400,2228516
2014-12-12,34.1000,34.6500,33.2600,33.4000,1354655
2014-12-05,35.2300,35.2300,33.5300,34.2900,1302628
2014-11-28,35.1400,35.7400,34.4000,35.4200,746212
2014-11-21,35.7900,36.2750,34.5300,35.4400,1480570
2014-11-14,32.6400,36.1800,32.3700,35.7700,2298482
2014-11-07,33.8600,34.1400,30.7200,32.8100,1606538
2014-10-31,31.7900,34.1300,31.6600,33.9400,1224571
2014-10-24,31.9900,32.7880,31.4900,31.9700,1236068
2014-10-17,29.9600,32.5900,29.7000,32.2700,2427925
2014-10-10,32.4500,32.4500,29.8600,29.9100,2738082
2014-10-03,33.4300,34.5800,31.7000,32.4800,2637001
2014-09-26,34.1900,34.2700,32.7000,33.6100,1442851
2014-09-19,33.3900,34.9120,32.9980,34.3200,1466300
2014-09-12,34.1200,34.4500,33.2800,33.4800,1646100
2014-09-05,34.8000,34.9950,33.9400,34.1000,1538500
2014-08-29,34.2200,35.1380,33.8500,34.6600,1474200
2014-08-22,32.8800,34.4300,32.3900,34.1300,1613700
2014-08-15,33.4400,33.8700,32.2400,32.6600,1831000
2014-08-08,34.5400,35.4600,31.9800,33.6800,3959800
2014-08-01,35.0800,37.0700,34.3500,34.4600,2118100
2014-07-25,34.3300,35.1400,33.8800,35.0300,1309400
2014-07-18,34.3600,34.6200,33.7100,34.4400,1358546
2014-07-11,35.1300,35.5500,33.0020,34.1100,1497600
2014-07-03,33.7200,35.2600,33.5320,35.2500,1286000
2014-06-27,35.0000,35.0300,32.8800,33.6700,2757200
2014-06-20,35.0000,35.6550,34.7100,34.9600,2034700
2014-06-13,35.4400,36.2500,34.5900,35.0000,1572400
2014-06-06,36.6000,36.6700,34.4400,35.4200,1604500
2014-05-30,36.7500,36.9300,36.2200,36.6700,1540400
2014-05-23,36.5700,37.9100,35.9000,36.7400,1819600
2014-05-16,36.2900,37.9100,35.3900,36.8200,2257600
2014-05-09,34.4300,37.6100,34.1200,36.1900,3202500
2014-05-02,34.9900,35.4900,33.3000,34.6200,2251600
2014-04-25,34.6600,35.9300,33.8900,34.7500,2422700
2014-04-17,34.4900,34.9800,33.3850,34.7000,1656300
2014-04-11,34.7500,35.2780,33.5110,34.1300,2315200
2014-04-04,35.0000,36.9000,34.5700,34.9500,2659700
2014-03-28,34.5100,36.6200,34.3200,34.8100,3486300
2014-03-21,34.9700,35.7300,34.4700,34.5400,2421000
2014-03-14,36.6400,37.0000,34.4400,34.7900,2637000
2014-03-07,38.9700,39.1600,36.2500,36.8100,3076000
2014-02-28,34.6600,39.1400,31.5600,38.3400,8453300
2014-02-21,42.5600,43.5000,39.4110,40.2300,2903900
2014-02-14,42.0100,43.2878,41.4200,42.5600,1543600
2014-02-07,41.1000,42.1400,40.3801,41.8700,1347100
2014-01-31,40.9600,41.5700,39.9700,41.3700,1579100
2014-01-24,42.3800,42.6300,40.6000,41.2000,1066100
2014-01-17,41.2200,42.2000,40.4100,42.0000,1503800
2014-01-10,40.0000,41.8100,39.3500,41.2900,1623900
2014-01-03,40.3500,40.8700,38.9300,39.9300,995600
2013-12-27,40.2900,41.2500,40.1700,40.4100,588800
2013-12-20,39.0000,40.4200,38.2300,40.1700,1374300
2013-12-13,38.8200,39.0490,37.9500,38.7600,936200
2013-12-06,38.9000,39.1400,37.1101,38.6700,1313600
2013-11-29,36.7200,39.0500,36.3300,39.0100,893400
2013-11-22,36.1100,36.9400,34.8100,36.8900,957700
2013-11-15,36.0900,37.1800,35.3100,36.0800,1147700
2013-11-08,35.3300,36.4800,33.0000,36.0100,1482500
2013-11-01,35.1200,36.0600,34.9200,35.2700,852700
2013-10-25,35.2500,35.6500,34.9100,35.2000,658200
2013-10-18,33.5400,35.1600,33.1200,35.1000,922400
2013-10-11,32.0200,33.6700,31.6600,33.6600,943300
2013-10-04,32.0200,33.3550,31.8000,32.3300,959900
2013-09-27,32.6600,32.6800,31.7980,32.3000,633000
2013-09-20,31.3000,32.9100,30.8200,32.6200,1136000
2013-09-13,30.8600,31.5000,30.5700,31.0100,876900
2013-09-06,31.3400,31.7500,30.2500,30.7100,425600
2013-08-30,32.6200,32.9400,30.8900,31.0300,776900
2013-08-23,31.7900,32.9500,31.6200,32.6400,582200
2013-08-16,31.9900,33.1040,31.6900,31.9400,655000
2013-08-09,29.0100,33.0250,28.8000,32.1400,1393600
2013-08-02,28.9200,29.3000,28.4400,29.1000,521500
2013-07-26,29.5900,29.8600,28.5000,28.8700,1293100
2013-07-19,29.7500,30.0800,29.3700,29.7300,798200
2013-07-12,28.9300,30.0000,28.5700,29.8200,912300
2013-07-05,28.3100,28.9800,28.0500,28.8800,633900
2013-06-28,27.4100,28.6700,27.1300,28.1500,1621300
2013-06-21,27.7900,28.6800,27.1700,27.7100,1096600
2013-06-14,27.2100,28.3700,26.9400,27.6200,1305900
2013-06-07,27.5400,27.8650,25.9000,27.1000,1530000
2013-05-31,28.4600,29.1600,27.1300,27.4900,1788800
2013-05-24,28.8700,29.2500,28.0700,28.1900,1234800
2013-05-17,29.0900,29.3000,28.8400,29.0500,1171400
2013-05-10,28.9400,29.7800,28.6300,29.1400,1333300
2013-05-03,27.9200,29.0000,27.4800,28.8500,1658900
2013-04-26,27.9700,28.6800,27.1000,27.8400,1094000
2013-04-19,28.3300,28.6300,27.6600,28.0000,1629300
2013-04-12,26.6200,28.5000,26.2200,28.4000,1433500
2013-04-05,26.3600,26.5900,25.3000,26.4900,1282400
2013-03-28,26.3400,26.6900,25.9700,26.4000,681100
2013-03-22,25.3300,26.3300,25.3000,26.3300,1165800
2013-03-15,26.2800,26.3900,25.2800,25.5300,1213400
2013-03-08,25.4900,26.3300,25.0240,26.2900,1424300
2013-03-01,25.7600,25.7600,24.6100,25.4700,2486500
2013-02-22,25.0000,26.3100,24.9300,25.7800,1634800
2013-02-15,24.8100,25.2500,24.5100,25.0200,1086300
2013-02-08,24.9400,25.1500,24.0800,24.8600,1410900
2013-02-01,24.2400,25.2800,23.7800,25.0300,1159600
2013-01-25,24.0600,24.3000,23.6600,24.1700,811600
2013-01-18,23.4500,24.3300,23.2100,24.1100,1507700
2013-01-11,23.6700,23.9900,23.2300,23.4800,955600
2013-01-04,22.5400,24.0400,22.3400,23.8216,1322200
2012-12-28,23.1500,23.3000,22.3900,22.5500,759400
2012-12-21,22.3900,23.7700,22.1500,23.0600,1455900
2012-12-14,22.0000,22.8500,21.7800,22.3100,1176400
2012-12-07,21.2200,22.2200,20.7030,21.9100,982600
2012-11-30,21.6800,22.1900,20.9000,21.1400,1482700
2012-11-23,20.9900,21.6800,20.7000,21.6800,631200
2012-11-16,20.8400,21.3100,20.3000,20.9700,973900
2012-11-09,20.8800,22.1730,20.5600,20.8200,1340500
2012-11-02,21.7800,22.0400,20.9300,20.9300,565800
2012-10-26,21.9300,22.1500,21.1117,21.7000,1431200
2012-10-19,21.1300,22.6300,20.7300,21.9800,1336600
2012-10-12,21.6000,21.6800,20.8100,21.1000,970200
2012-10-05,22.7000,22.9500,21.6400,21.6700,1208400
2012-09-28,21.7500,23.0050,21.5100,22.9900,1328900
2012-09-21,20.7900,22.2500,20.5739,21.8500,1780700
2012-09-14,20.7400,21.1100,20.1200,20.8900,1683100
2012-09-07,19.5600,21.1100,19.3500,20.8100,2702200
2012-08-31,20.7700,20.7700,19.4900,19.6000,1524900
2012-08-24,19.8200,20.7500,19.4700,20.6700,1109300
2012-08-17,19.0700,19.9800,18.9700,19.9600,870700
2012-08-10,18.7100,19.6200,17.9500,19.2000,1776100
2012-08-03,18.3100,18.8500,18.1500,18.7100,935300
2012-07-27,18.2000,18.5500,17.5400,18.3600,987400
2012-07-20,19.7900,19.7900,18.3090,18.5900,1074900
2012-07-13,19.6100,20.1100,19.4200,19.8600,2668000
2012-07-06,19.2600,19.8600,19.1400,19.6500,891500
2012-06-29,18.7700,19.2900,18.2700,19.2400,1289100
2012-06-22,18.8300,19.3000,18.4950,18.9500,1303100
2012-06-15,18.9800,19.0300,18.3900,18.9600,1284800
2012-06-08,17.3800,19.0000,17.3800,18.7900,1605400
2012-06-01,17.9900,18.2500,17.1100,17.3300,925200
2012-05-25,16.9600,18.0800,16.6700,17.8100,1824000
2012-05-18,17.4500,17.6600,16.7900,16.8700,1637500
2012-05-11,18.6200,18.9401,17.6400,17.6500,1259100
2012-05-04,18.9600,19.5500,18.2100,18.7500,1511000
2012-04-27,18.0800,19.0300,17.6800,18.9800,1104000
2012-04-20,18.5300,19.1600,18.1800,18.3600,942100
2012-04-13,19.1200,19.1400,17.8700,18.5300,1382600
2012-04-05,18.5100,19.6500,18.5100,19.4100,2126000
2012-03-30,19.6000,20.2300,19.0300,19.0800,1714100
2012-03-23,18.9800,20.2400,18.9600,19.3500,2229700
2012-03-16,18.4500,18.9900,18.3400,18.8500,1249200
2012-03-09,18.4900,18.7700,17.4200,18.5000,2561900
2012-03-02,17.9900,19.0700,17.5200,18.5700,4519600
2012-02-24,18.3600,18.3700,17.0400,17.4500,3263000
2012-02-17,17.7800,18.5000,17.7600,18.3600,2876400
2012-02-10,16.2100,17.8500,15.9900,17.6150,3515800
2012-02-03,15.7000,16.5400,15.1100,16.2500,2109300
2012-01-27,15.5000,16.0400,14.6500,15.8700,3218900
2012-01-20,18.1100,19.4900,14.5000,15.3000,11236600
2012-01-13,16.9500,18.0900,16.6000,17.9300,2572100
2012-01-06,17.0500,17.2500,16.2400,16.8600,1227800
2011-12-30,16.9900,17.1200,16.2800,16.8900,542900
2011-12-23,16.8900,17.3394,15.8920,16.9900,1213400
2011-12-16,16.9500,17.8400,16.2200,16.7400,2343800
2011-12-09,17.0400,17.2900,16.1800,17.1300,1283000
2011-12-02,14.9000,17.0910,14.7300,16.7400,1813700
2011-11-25,15.5900,15.5900,14.3300,14.4600,773100
2011-11-18,16.3200,16.5100,15.6000,15.9100,2520100
2011-11-11,16.8000,16.9900,15.4300,16.3800,1790300
2011-11-04,15.5800,16.6700,15.2200,16.5400,1603900
2011-10-28,15.3700,16.3400,15.0745,15.8400,1971900
2011-10-21,15.1300,15.4700,14.5500,15.2800,1410400
2011-10-14,14.2300,15.5400,13.8300,15.2500,1948200
2011-10-07,13.2800,14.2600,12.6300,13.9500,1487300
2011-09-30,14.4000,14.9800,13.3700,13.4500,1680900
2011-09-23,13.6600,14.9700,13.3500,14.3300,2525100
2011-09-16,12.5700,14.7400,12.3700,13.8500,2987500
2011-09-09,12.7400,13.4500,12.5187,12.6800,933500
2011-09-02,13.8800,14.8400,13.0800,13.1700,1223200
2011-08-26,13.3800,13.9350,12.6200,13.7600,1055100
2011-08-19,14.6700,14.8865,12.7900,13.0600,1271200
2011-08-12,14.4300,15.1400,12.2300,14.5000,2705700
2011-08-05,15.2900,15.6400,14.1000,14.8000,1981200
2011-07-29,15.9300,16.1000,15.0000,15.0700,733400
2011-07-22,16.6600,16.6900,15.9100,16.0900,1356200
2011-07-15,17.4500,17.7100,16.5500,16.7800,1239100
2011-07-08,17.1200,17.9900,16.9200,17.6500,884600
2011-07-01,16.2700,17.2700,16.2500,17.0500,1816300
2011-06-24,15.3200,16.4000,15.2600,16.2200,2425900
2011-06-17,14.9500,15.9000,14.7300,15.3500,1665200
2011-06-10,15.0800,15.2300,14.6100,14.8800,1113200
2011-06-03,15.2500,16.4420,14.9700,15.1850,1418200
2011-05-27,13.9300,15.2400,13.4305,15.2000,1270400
2011-05-20,14.3400,14.5500,13.8400,14.2500,937600
2011-05-13,14.6200,15.1400,14.3500,14.4300,778400
2011-05-06,14.5500,14.9500,13.8623,14.6650,1511300
2011-04-29,13.8200,14.5100,13.7800,14.5100,1039400
2011-04-21,12.6800,13.9500,12.6800,13.8200,1114000
2011-04-15,14.6000,15.2400,12.7900,12.9900,2739800
2011-04-08,14.6500,14.9970,14.3100,14.5200,1122700
2011-04-01,14.0800,15.0000,13.6500,14.6600,1307100
2011-03-25,14.0600,14.3500,13.7700,14.0700,908100
2011-03-18,14.2100,14.4600,13.5600,13.8300,1003700
2011-03-11,15.6000,15.8700,14.0800,14.4500,1141900
2011-03-04,14.8000,16.1400,13.9300,15.5100,1746000
2011-02-25,14.3700,15.5750,13.5200,14.7300,1293300
2011-02-18,14.0600,14.7000,13.8900,14.5700,863300
2011-02-11,13.3400,14.3000,13.1200,14.0900,711100
2011-02-04,13.3600,14.0500,13.1000,13.2900,1079600
2011-01-28,14.0700,14.2900,13.2100,13.2800,1049300
2011-01-21,15.1800,15.2400,14.0100,14.0300,1102000
2011-01-14,13.7200,15.2400,13.6000,15.1700,1982800
2011-01-07,14.2300,14.6900,13.4700,13.7400,1950700
2010-12-31,13.5600,14.4300,13.3800,14.1400,698800
2010-12-23,12.6100,13.6900,12.4239,13.6500,866200
2010-12-17,12.1100,12.6100,11.9500,12.5100,884600
2010-12-10,12.4600,12.5000,11.9100,12.0300,1219800
2010-12-03,11.9500,12.5000,11.9000,12.4900,839900
2010-11-26,11.9300,12.1400,11.5700,12.0300,507500
2010-11-19,11.6200,12.0500,11.3800,12.0000,1126300
2010-11-12,11.5600,12.0700,11.3400,11.5000,959500
2010-11-05,10.9400,11.9300,10.4300,11.6400,1610200
2010-10-29,11.2000,11.5200,10.7300,10.8500,882100
2010-10-22,10.1400,11.2200,10.1100,11.1500,1169900
2010-10-15,9.8200,10.4400,9.5100,10.0900,850500
2010-10-08,9.4700,9.8800,9.1800,9.8300,692700
2010-10-01,9.2400,9.5300,9.0000,9.5100,582100
2010-09-24,8.8400,9.5200,8.6100,9.2100,857700
2010-09-17,8.8500,9.0900,8.5400,8.7800,1034400
2010-09-10,9.4500,9.4500,8.5900,8.7600,425600
2010-09-03,9.0100,9.5100,8.5100,9.4700,568300
2010-08-27,8.3500,9.1000,7.9600,9.0800,979300
2010-08-20,8.3900,8.7900,8.2550,8.3000,1094700
2010-08-13,9.0500,9.2700,8.2000,8.4600,1337900
2010-08-06,8.7500,9.3800,8.5100,8.9500,1204300
2010-07-30,8.3500,8.7800,8.2600,8.6200,1087500
2010-07-23,7.8100,8.3200,7.4600,8.3000,1063700
2010-07-16,7.6300,8.3500,7.6000,7.8000,1488600
2010-07-09,7.1700,7.6600,6.9765,7.6400,1054500
2010-07-02,8.2100,8.3000,6.9800,7.0300,1700700
2010-06-25,8.8200,8.8600,8.0800,8.1900,914700
2010-06-18,8.2400,8.7900,8.1700,8.6600,1353700
2010-06-11,8.6200,8.7300,7.9200,8.1400,1661000
2010-06-04,8.9600,9.2575,8.5300,8.5300,915300
2010-05-28,8.8800,9.3000,8.4600,9.0500,1238200
2010-05-21,9.8100,10.1500,8.6900,8.8600,2846500
2010-05-14,9.4400,9.9000,9.3500,9.7100,2084000
2010-05-07,10.2300,10.4900,8.9800,9.1800,2557300
2010-04-30,10.2400,10.5200,9.9801,10.1900,1036600
2010-04-23,9.8700,10.4100,9.8600,10.2700,1321000
2010-04-16,10.0300,10.3850,9.8300,9.8900,1441300
2010-04-09,10.0600,10.4000,9.8600,10.0650,1804600
2010-04-01,10.9000,10.9999,9.8800,10.0500,2753700
2010-03-26,11.1700,11.4900,10.7500,10.8400,840000
2010-03-19,11.1600,11.5200,11.0201,11.2300,833400
2010-03-12,11.4800,11.6100,11.1200,11.2000,1619400
2010-03-05,9.9300,11.5000,9.9000,11.4200,3511700
2010-02-26,11.1400,11.2400,9.7800,9.8500,4463300
2010-02-19,11.1900,11.5800,11.0000,11.1100,839400
2010-02-12,10.7200,11.1900,10.5800,11.1200,1449000
2010-02-05,10.9900,11.3700,10.4600,10.7600,2231400
2010-01-29,11.8600,11.8900,10.8100,10.9200,2391900
2010-01-22,11.6800,11.9900,11.4100,11.4900,1887400
2010-01-15,10.7900,12.2000,10.7350,11.6200,3323900
2010-01-08,9.9400,10.7700,9.8100,10.7200,2057500
2009-12-31,10.1700,10.3400,9.8200,9.8600,842200
2009-12-24,9.2300,10.3000,9.1600,10.1100,523100
2009-12-18,9.3100,9.5700,9.0300,9.1600,1114900
2009-12-11,9.2500,9.3800,8.9800,9.2700,1017000
2009-12-04,8.2000,9.5200,8.1000,9.2800,3474700
2009-11-27,8.5000,8.7900,8.1200,8.2500,1272300
2009-11-20,8.1100,8.6300,8.0500,8.1300,2496000
2009-11-13,10.1000,10.5400,7.8400,8.1000,6445100
2009-11-06,10.1600,10.4300,9.6300,10.3700,1062400
2009-10-30,11.1800,11.7100,10.0800,10.1300,1847900
2009-10-23,12.0500,12.2200,11.0900,11.1300,1487500
2009-10-16,12.5400,12.7800,11.7900,11.9600,1779200
2009-10-09,10.9100,12.5500,10.8500,12.5500,1871300
2009-10-02,11.8500,12.0800,10.7600,10.8100,1605700
2009-09-25,12.0000,12.6700,11.6900,11.7400,945000
2009-09-18,11.1800,12.4400,10.9900,12.0800,2044300
2009-09-11,9.9700,11.3400,9.7100,11.1900,1365700
2009-09-04,9.6500,10.2500,9.2900,9.8500,1376600
2009-08-28,10.6600,10.8500,9.7000,9.7900,1106000
2009-08-21,10.3900,10.7900,9.7500,10.5500,1702800
2009-08-14,11.0500,11.5800,10.3204,10.6300,2723900
2009-08-07,8.3500,11.4600,8.2500,11.0000,3075200
2009-07-31,8.6700,8.8800,7.9900,8.2900,1474100
2009-07-24,8.8400,9.3400,8.5600,8.7100,1415100
2009-07-17,8.0400,9.1300,7.9700,8.8100,1354200
2009-07-10,8.0800,8.1600,7.5101,8.0000,1144500
2009-07-02,8.6600,8.6700,8.0500,8.1500,917200
2009-06-26,8.3500,8.8300,7.9600,8.6800,2032800
2009-06-19,8.1900,8.9000,7.9000,8.4000,3112800
2009-06-12,8.3600,8.7100,8.1700,8.3300,2800700
2009-06-05,7.9100,8.8850,7.6700,8.5100,3137600
2009-05-29,6.3100,7.8100,6.2100,7.8100,2936100
2009-05-22,6.1400,6.5200,6.0000,6.4000,1953900
2009-05-15,6.9700,7.2200,5.9100,6.1100,2870400
2009-05-08,8.5500,8.7500,6.6000,7.3600,3456800
2009-05-01,8.3900,8.9900,8.1501,8.4700,1527100
2009-04-24,8.2600,8.6700,7.8300,8.6100,1192100
2009-04-17,8.0600,8.8500,7.7600,8.4200,1845800
2009-04-09,7.5600,8.1200,6.9000,8.0900,1682000
2009-04-03,7.3700,8.2900,6.8950,7.7300,1817400
2009-03-27,7.3400,8.0000,7.1700,7.4300,1979200
2009-03-20,6.8600,7.5300,6.7200,7.0600,1728100
2009-03-13,5.9700,7.1100,5.3800,6.7800,2280100
2009-03-06,6.4600,7.0200,5.8500,6.0400,1934500
2009-02-27,6.3000,7.3700,5.5300,6.6200,4153700
2009-02-20,6.1900,6.3600,5.8400,6.2600,1067300
2009-02-13,7.0000,7.0200,6.0300,6.4300,1200400
2009-02-06,6.5500,7.0450,6.5200,7.0000,2244800
2009-01-30,6.0800,7.3200,6.0600,6.6500,2708200
2009-01-23,6.0800,6.4200,5.4100,6.0500,2255100
2009-01-16,6.6000,6.8000,5.7900,6.1800,2187300
2009-01-09,6.7100,7.8000,6.5400,6.6000,2899700
2009-01-02,6.5200,6.8100,5.9100,6.6500,1052200
2008-12-26,5.8500,6.5400,5.2100,6.5200,879700
2008-12-19,5.8700,6.3700,5.5000,5.8500,2369300
2008-12-12,6.0600,6.7200,5.1000,5.8500,2208100
2008-12-05,5.3200,5.9000,4.2400,5.8600,2379600
2008-11-28,3.9800,5.5200,3.7900,5.5000,1611500
2008-11-21,3.9400,3.9700,3.3900,3.9700,3302700
2008-11-14,4.5800,4.7600,3.6400,3.9900,3189900
2008-11-07,4.5650,5.3300,4.1300,4.4700,2218000
2008-10-31,4.0700,5.2400,3.6000,4.7800,3357200
2008-10-24,5.3700,5.6200,3.9700,4.1200,4106200
2008-10-17,5.1000,6.5500,4.8600,5.2900,2742000
2008-10-10,6.4600,6.4600,3.5700,4.8800,9079500
2008-10-03,8.0600,8.3300,6.5200,6.5400,2725300
2008-09-26,8.9000,8.9500,7.4100,8.2300,2485100
2008-09-19,7.1000,9.6600,6.8600,8.9100,5682900
2008-09-12,8.5200,8.5200,7.1200,7.1700,6114500
2008-09-05,9.3600,9.4600,8.1500,8.3300,3450200
2008-08-29,9.4600,9.7700,8.8500,9.2100,2472800
2008-08-22,9.9900,10.4400,9.2900,9.5000,2406600
2008-08-15,8.5100,10.3350,8.1000,10.0100,5997100
2008-08-08,10.6700,11.6800,7.3100,8.5000,24890700
2008-08-01,12.2000,12.9300,10.6200,10.7000,4693100
2008-07-25,10.8500,13.2200,10.6900,12.2700,3951400
2008-07-18,12.2000,12.2800,10.0500,10.7900,4886800
2008-07-11,13.1900,13.8500,11.9400,12.0800,3709100
2008-07-03,13.8400,13.9600,12.6550,13.0600,3042400
2008-06-27,14.3600,15.2500,13.9000,13.9300,4363300
2008-06-20,14.5300,15.6500,14.2300,14.3300,3566400
2008-06-13,14.7300,15.0500,13.5980,14.6100,5623200
2008-06-06,16.3500,16.5900,13.1600,14.6100,11965200
2008-05-30,16.2000,16.7900,16.0400,16.4500,2558100
2008-05-23,16.8800,16.8800,15.4200,16.1500,7236200
2008-05-16,17.3200,17.7200,15.5400,16.9900,11686000
2008-05-09,21.6600,22.9000,17.7300,17.8900,10842800
2008-05-02,19.6700,22.3400,19.6700,21.7300,3105100
2008-04-25,19.3300,20.0200,19.0100,19.7000,3196700
2008-04-18,18.6900,19.8800,18.0400,19.4500,1822400
2008-04-11,21.4000,21.5300,18.5800,18.7300,2603400
2008-04-04,18.2100,21.3000,17.8900,21.2500,3204000
2008-03-28,19.3400,20.6400,18.1800,18.2200,3119300
2008-03-20,17.4600,19.2900,17.1100,19.1900,4093400
2008-03-14,17.5200,18.9700,17.0300,18.0000,5287500
2008-03-07,19.4200,19.9000,16.9800,17.4900,4785400
2008-02-29,18.7700,20.5200,18.2100,19.4800,6579000
2008-02-22,18.8200,18.9800,16.2000,18.8000,4210200
2008-02-15,17.8700,19.1500,17.1200,18.4300,2859900
2008-02-08,20.4400,20.7000,17.2500,17.8400,4798000
2008-02-01,18.6500,20.6700,18.4800,20.4600,3764600
2008-01-25,17.6000,19.3000,15.9600,18.6500,5450500
2008-01-18,20.4300,21.6000,17.9300,17.9800,6397800
2008-01-11,22.4700,22.4900,19.2800,20.2500,6150500
2008-01-04,24.1200,24.6000,22.0800,22.3200,2454300
2007-12-28,24.7300,25.0500,23.6900,24.2900,733300
2007-12-21,21.5000,24.9700,20.6500,24.6400,3134600
2007-12-14,22.9700,24.2800,21.3500,21.6800,3320800
2007-12-07,20.6400,23.7200,19.6700,23.0400,4864400
2007-11-30,21.4700,22.6000,20.2400,20.7800,3690800
2007-11-23,23.1600,23.2700,20.5000,21.4900,3104700
2007-11-16,23.5600,25.5600,23.0600,23.5000,3511700
2007-11-09,26.3400,27.6700,23.4500,23.6600,4517400
2007-11-02,27.0300,27.8300,26.2200,26.6500,1887600
2007-10-26,26.0100,27.3700,25.3400,26.9400,3643200
2007-10-19,28.2500,28.4400,26.2000,26.4600,2215800
2007-10-12,28.5300,30.1600,27.5300,28.2500,3580300
2007-10-05,23.3800,29.0900,23.3800,28.6500,4400000
2007-09-28,24.0900,24.3000,21.9000,23.3400,3370300
2007-09-21,23.8900,26.0900,23.4400,24.0500,2759200
2007-09-14,23.8000,24.4400,22.5600,23.9100,2056700
2007-09-07,24.8800,25.2200,23.5500,23.6000,1528800
2007-08-31,27.4700,27.4700,24.1500,24.9700,2924100
2007-08-24,25.1600,27.8900,24.7788,27.5000,2901700
2007-08-17,25.1700,25.9700,23.6500,25.0000,3572100
2007-08-10,28.5000,29.6099,20.0800,24.7800,16142700
2007-08-03,28.4400,30.5200,27.8900,28.4900,3066200
2007-07-27,32.9200,33.7200,28.2100,28.4199,4007500
2007-07-20,32.5200,34.9000,31.1800,32.8500,4250000
2007-07-13,31.2100,33.1000,30.5000,32.5400,3910500
2007-07-06,30.0700,31.5700,29.7800,31.2200,2131500
2007-06-29,28.4400,30.0900,27.4900,29.8700,4001100
2007-06-22,26.9400,29.9500,26.6700,28.4900,11336000
2007-06-15,25.9200,27.0550,25.2500,26.8000,4045800
2007-06-08,27.5000,28.3600,25.3300,26.0300,10987300
2007-06-01,24.8100,28.8400,24.6700,27.5800,4069700
2007-05-25,22.2600,24.7000,22.1700,24.6100,3150200
2007-05-18,23.5500,23.6200,22.0700,22.2000,2979800
2007-05-11,24.9700,26.4200,23.4800,23.5600,3725000
2007-05-04,25.2200,26.2100,24.3300,25.8700,1682800
2007-04-27,24.6100,25.7500,24.6000,25.2200,1968800
2007-04-20,26.2400,26.7500,24.5000,24.7000,2440500
2007-04-13,23.9300,26.3800,23.7100,26.1800,4405100
2007-04-05,23.6300,24.4200,23.5500,23.9500,1390700
2007-03-30,24.2000,24.3900,22.9800,23.6300,2257100
2007-03-23,24.3000,24.7500,23.2600,24.1100,4147600
2007-03-16,22.1500,24.1600,22.0000,24.1000,3679800
2007-03-09,21.7100,24.1800,21.0200,24.0300,2585800
2007-03-02,24.3900,24.7999,21.6700,21.9100,2909500
2007-02-23,24.1400,24.9100,23.7600,24.7400,1328000
2007-02-16,22.6000,24.2100,22.3600,24.0700,1899800
2007-02-09,21.0100,23.8200,20.8300,22.5800,2368400
2007-02-02,20.8800,22.0500,20.5800,21.1400,1917900
2007-01-26,20.0600,21.1700,19.4400,21.0200,1854200
2007-01-19,20.5400,20.7000,19.5300,19.9400,2662100
2007-01-12,16.6800,20.7400,16.6000,20.5300,6094200
2007-01-05,16.4400,17.1700,15.7400,16.6400,1437500
2006-12-29,15.3000,16.3200,15.0500,16.2200,861200
2006-12-22,15.6500,16.0000,14.7600,15.2800,2383700
2006-12-15,16.0900,16.4600,15.4300,15.6800,2106600
2006-12-08,15.9000,17.0000,15.8800,16.5100,1669200
2006-12-01,16.1100,16.2799,15.1200,15.9000,3250600
2006-11-24,16.5500,16.8700,16.0000,16.2000,1363900
2006-11-17,16.3000,16.5300,14.7800,16.5300,2369000
2006-11-10,14.1400,16.4700,14.1400,16.2200,3426400
2006-11-03,14.7600,14.7700,13.8900,14.0000,2065300
2006-10-27,13.4700,14.9700,13.4700,14.7700,2825900
2006-10-20,12.3600,14.5899,12.2200,13.4800,3417800
2006-10-13,12.0300,12.4000,11.9000,12.3100,1120700
2006-10-06,11.5600,12.3100,11.1400,12.0900,1917200
2006-09-29,10.8800,11.7700,10.5800,11.5900,1926700
2006-09-22,10.0100,11.4000,9.8000,10.8800,2505400
2006-09-15,8.4700,10.0500,8.2000,10.0100,1805800
2006-09-08,8.8800,9.0800,8.2900,8.5400,848400
2006-09-01,8.3600,9.4200,8.2800,8.9000,1024300
2006-08-25,8.3900,8.5200,7.7800,8.3800,1269200
2006-08-18,8.0500,8.5000,7.8700,8.4500,1273100
2006-08-11,8.2300,8.5800,7.9600,8.0000,1065300
2006-08-04,8.9200,9.1100,8.0000,8.3200,1254100
2006-07-28,8.8400,9.2600,8.4600,8.9800,621700
2006-07-21,8.1400,9.4100,8.1400,8.7900,1223200
2006-07-14,9.4300,9.4600,8.1500,8.1600,1051800
2006-07-07,9.3600,10.0000,9.3000,9.3900,1611200
2006-06-30,8.7500,9.4600,8.4700,9.3700,2875100
2006-06-23,8.7800,8.9700,7.9000,8.7100,1786400
2006-06-16,9.0000,9.0300,7.7900,8.8000,1784400
2006-06-09,9.0000,9.4800,8.5000,8.8600,2636200
2006-06-02,9.6400,9.7800,8.6900,9.0000,5980400
2006-05-26,10.7600,10.7800,9.2800,9.6200,1513000
2006-05-19,11.6800,12.1000,10.6500,10.8300,1051100
2006-05-12,11.6900,11.9800,10.6600,11.8700,1084600
2006-05-05,10.5000,12.4100,10.2200,11.7400,1342600
2006-04-28,10.4800,11.0000,9.7100,10.5500,1355900
2006-04-21,9.8300,10.8300,9.5600,10.5300,1196900
2006-04-13,10.1500,10.3600,8.7000,9.8900,2850500
2006-04-07,9.7500,10.3700,9.6700,10.1900,1593900
2006-03-31,8.6400,9.7700,8.4500,9.7500,1828700
2006-03-24,9.2500,9.4500,8.5500,8.5800,1517500
2006-03-17,8.1100,9.5000,7.6700,9.1800,992600
2006-03-10,7.6800,8.2200,6.8600,8.1700,1332000
2006-03-03,7.2500,8.0800,6.9300,7.8900,1164900
2006-02-24,7.0000,7.3600,6.8600,7.2500,257000
2006-02-17,6.3500,7.1000,6.2100,7.0000,412400
2006-02-10,6.5900,6.5900,6.1700,6.4000,226500
2006-02-03,6.5000,6.7000,6.0000,6.5900,566400
2006-01-27,6.6300,6.8500,6.4400,6.5200,566800
2006-01-20,6.5000,6.9500,5.8500,6.6300,852800
2006-01-13,5.4600,6.5500,5.3000,6.4100,1056200
2006-01-06,5.6100,5.7000,5.1300,5.4900,357800
2005-12-30,5.7000,5.7300,5.1700,5.4900,423100
2005-12-23,5.3000,5.7000,5.2400,5.7000,1909900
2005-12-16,5.6600,5.7300,5.1500,5.3500,413200
2005-12-09,5.8800,6.1500,5.6100,5.6600,404400
2005-12-02,5.3000,6.1600,5.1000,6.1300,513400
2005-11-25,4.9200,5.6000,4.6100,5.4000,336000
2005-11-18,4.6500,4.9000,4.6000,4.8200,311600
2005-11-11,4.9200,5.1100,4.6100,4.6500,638300
2005-11-04,4.8700,5.2900,4.7000,4.9700,405500
2005-10-28,4.8800,4.9800,4.6500,4.8200,156600
2005-10-21,4.3000,4.9000,4.3000,4.8700,227200
2005-10-14,5.1000,5.1000,4.1800,4.3200,706000
2005-10-07,4.8900,5.2700,4.5500,4.6000,439300
2005-09-30,4.9000,5.0500,4.6800,4.8800,431000
2005-09-23,4.8500,5.6500,4.5600,4.8600,912200
2005-09-16,5.0000,5.2800,4.7700,4.8800,389800
2005-09-09,4.6500,5.2100,4.6400,4.9800,437300
2005-09-02,5.0900,5.0900,4.5800,4.6400,728200
2005-08-26,5.3000,5.3500,4.8400,5.0900,771600
2005-08-19,6.0000,6.0000,5.0100,5.3000,1168000
2005-08-12,8.1000,8.1000,5.7100,5.7500,2179500
2005-08-05,7.2300,8.3700,7.0500,8.1000,2366700
2005-07-29,6.9800,7.7400,6.9600,7.2500,2319400
2005-07-22,7.3400,7.3400,6.8600,7.0500,536800
2005-07-15,6.2500,7.4500,6.2200,7.3400,850100
2005-07-08,6.3300,6.4900,5.9800,6.2100,452800
2005-07-01,7.0200,7.0500,6.3200,6.3300,965000
2005-06-24,7.1300,7.4000,6.9100,7.0600,1821300
2005-06-17,7.0000,7.3600,6.8200,7.1900,2418600
2005-06-10,22.2900,23.4000,6.2900,6.6800,10057100
2005-06-03,23.7500,24.2900,21.2700,22.2800,364900
2005-05-27,22.8000,28.3000,22.0000,24.0000,369700
2005-05-20,17.5500,23.0400,17.5500,23.0400,175400
2005-05-13,20.1500,20.5000,15.5000,17.4500,126400
2005-05-06,13.5300,20.4500,13.5300,20.3000,131400
2005-04-29,12.2000,13.5000,12.1000,13.4300,24100
2005-04-22,11.5000,12.7000,11.3000,12.2000,44600
2005-04-15,11.5000,11.7000,10.9500,11.6100,30600
2005-04-08,11.4800,11.9100,10.6700,11.4000,59000
2005-04-01,10.0000,12.5000,8.1100,11.5800,117800
2005-03-24,0.6500,12.9500,0.6100,10.1500,2010000
2005-03-18,0.6700,0.6800,0.5400,0.6300,466000
2005-03-11,0.6200,0.7200,0.5100,0.6500,604000
2005-03-04,0.6600,0.7000,0.6200,0.6200,568000
2005-02-25,1.0100,1.0100,0.6300,0.6500,616000
2005-02-18,0.7600,1.2700,0.7500,1.1400,538000
2005-02-11,0.6600,0.7900,0.6400,0.7220,112000
2005-02-04,0.6600,0.7000,0.6000,0.6500,228000
2005-01-28,0.8000,0.8500,0.7000,0.7600,192000
2005-01-21,0.7000,0.9400,0.7000,0.8300,164000
2005-01-14,0.9000,0.9500,0.7000,0.7100,310000
2005-01-07,1.1000,1.1000,0.9100,0.9100,204000
2004-12-31,1.2400,1.2400,1.0000,1.0800,294000
2004-12-23,0.9100,1.2600,0.9100,1.1600,684000
2004-12-17,1.5600,1.8000,0.9100,0.9100,1058000
2004-12-10,0.7800,2.0000,0.7600,1.6500,3020000
2004-12-03,0.7300,0.8500,0.7000,0.7700,300000
2004-11-26,0.8500,0.8600,0.6100,0.7100,392000
2004-11-19,0.7100,0.8700,0.6500,0.8500,663000
2004-11-12,0.4500,0.9500,0.3700,0.6700,1172000
2004-11-05,0.3100,0.4500,0.3100,0.4400,218000
2004-10-29,0.3100,0.3500,0.2900,0.3300,132000
2004-10-22,0.3000,0.3200,0.2800,0.2900,38800
2004-10-15,0.3200,0.3300,0.2800,0.3000,120000
2004-10-08,0.3300,0.3400,0.3100,0.3300,59700
2004-10-01,0.3800,0.4000,0.3100,0.3200,134000
2004-09-24,0.3300,0.4000,0.3200,0.3700,406000
2004-09-17,0.3200,0.3400,0.3000,0.3200,70000
2004-09-10,0.3400,0.3500,0.3000,0.3300,86000
2004-09-03,0.3000,0.3600,0.3000,0.3100,68000
2004-08-27,0.3500,0.3500,0.3000,0.3000,70000
2004-08-20,0.3300,0.4000,0.3100,0.3500,65300
2004-08-13,0.3300,0.3400,0.3000,0.3300,186000
2004-08-06,0.2800,0.3400,0.2600,0.3000,346000
2004-07-30,0.2500,0.2800,0.2400,0.2800,216000
2004-07-23,0.2700,0.2700,0.2300,0.2500,142000
2004-07-16,0.3200,0.3200,0.2300,0.2700,518000
2004-07-09,0.3100,0.3400,0.2800,0.3000,484000
2004-07-02,0.3200,0.3300,0.2700,0.3100,338000
2004-06-25,0.3400,0.3500,0.2800,0.3200,374000
2004-06-18,0.3800,0.3900,0.3000,0.3400,482000
2004-06-10,0.3600,0.4200,0.3600,0.3800,558000
2004-06-04,0.4000,0.4800,0.3500,0.3700,916000
2004-05-28,0.4000,0.4300,0.2900,0.4000,1462000
2004-05-21,1.5000,1.6000,0.3600,0.3700,1590000
2004-05-14,1.5500,1.7400,1.4200,1.5900,18000
2004-05-07,1.5000,1.6500,1.4100,1.5100,42000
2004-04-30,1.6500,1.7400,1.4000,1.4900,126000
2004-04-23,1.7100,1.7500,1.5900,1.5900,138000
2004-04-16,2.0000,2.1900,1.7300,1.7500,144000
2004-04-08,1.7500,2.1500,1.7500,2.0800,150000
2004-04-02,1.7100,1.9400,1.4800,1.7800,420000
2004-03-26,1.8900,1.8900,1.5700,1.6800,108000
2004-03-19,2.1000,2.1000,1.7600,1.8900,60000
2004-03-12,2.0000,2.0400,1.5600,2.0000,120000
2004-03-05,2.1100,2.2400,1.9100,2.0000,116000
2004-02-27,2.0000,2.1100,1.9100,2.1100,51900
2004-02-20,2.2600,2.3200,1.9000,2.0000,118000
2004-02-13,2.0000,2.4300,2.0000,2.3000,538000
2004-02-06,2.0700,2.3700,2.0100,2.0100,126000
2004-01-30,2.5500,2.6200,2.0100,2.0400,292000
2004-01-23,2.1000,2.7400,2.0200,2.6300,454000
2004-01-16,1.6100,2.0000,1.6000,2.0000,310000
2004-01-09,1.1100,1.9800,1.1000,1.6800,654000
2004-01-02,1.0900,1.2400,1.0900,1.1500,84000
2003-12-26,1.1000,1.2200,1.0500,1.1200,41200
2003-12-19,1.2900,1.3000,1.0200,1.0800,114000
2003-12-12,1.2000,1.3000,1.1400,1.2400,68000
2003-12-05,1.3000,1.3000,1.1000,1.2500,56000
2003-11-28,1.3200,1.3200,1.1500,1.2200,50000
2003-11-21,1.7000,1.7000,1.0800,1.2500,170000
2003-11-14,1.3000,1.9800,1.3000,1.7500,274000
2003-11-07,1.0100,1.5000,1.0100,1.3000,154000
2003-10-31,1.0100,1.1500,1.0100,1.1000,48000
2003-10-24,1.0000,1.1400,0.9500,1.1000,53300
2003-10-17,1.1200,1.2000,1.0100,1.0100,134000
2003-10-10,1.0600,1.1500,1.0600,1.1200,27100
2003-10-03,1.1400,1.1900,1.0500,1.0600,14400
2003-09-26,1.0800,1.3500,1.0200,1.1400,62000
2003-09-19,1.0000,1.1600,0.9600,1.1500,94000
2003-09-12,1.1100,1.1100,0.9000,0.9100,86000
2003-09-05,1.1100,1.1900,1.0100,1.0500,72000
2003-08-29,1.1900,1.2000,1.0100,1.1500,38000
2003-08-22,1.1500,1.4000,1.0800,1.1200,74000
2003-08-15,1.0000,1.2000,0.8000,1.1500,128700
2003-08-08,1.5000,1.6400,1.0100,1.0500,156000
2003-08-01,1.8300,1.9300,1.5000,1.6500,104000
2003-07-25,2.1200,2.2000,1.8800,2.0200,54000
2003-07-18,2.2600,2.2700,1.9100,2.0100,124000
2003-07-11,2.3900,2.3900,2.2000,2.2200,144000
2003-07-03,2.2000,2.3500,2.0500,2.3200,62000
2003-06-27,2.2500,2.6100,2.0500,2.1600,160000
2003-06-20,1.7500,2.8000,1.7300,2.2500,286000
2003-06-13,1.0400,3.2400,1.0300,1.7000,854000
2003-06-06,0.7200,1.1000,0.6800,1.0500,288000
2003-05-30,0.5000,0.7500,0.5000,0.7000,210000
2003-05-23,0.5000,0.5500,0.4100,0.5000,40000
2003-05-16,0.4600,0.5900,0.4500,0.5200,130000
2003-05-09,0.5300,0.5300,0.4200,0.5300,24000
2003-05-02,0.4000,0.5800,0.4000,0.5000,24800
2003-04-25,0.4100,0.5300,0.4000,0.5000,59300
2003-04-17,0.5500,0.5500,0.3200,0.4000,20000
2003-04-11,0.5300,0.5300,0.4500,0.5200,16800
2003-04-04,0.5000,0.5200,0.4000,0.5000,16800
2003-03-28,0.5000,0.5300,0.4100,0.5000,5100
2003-03-21,0.4700,0.5000,0.4200,0.5000,16600
2003-03-14,0.4900,0.5000,0.4500,0.4600,21100
2003-03-07,0.4500,0.5000,0.4000,0.4200,34000
2003-02-28,0.5000,0.5000,0.4000,0.4500,56300
2003-02-21,0.5000,0.5500,0.5000,0.5000,13500
2003-02-14,0.4700,0.5500,0.4500,0.4900,22000
2003-02-07,0.5100,0.5100,0.4500,0.4700,16100
2003-01-31,0.5200,0.6000,0.5100,0.5200,13800
2003-01-24,0.6000,0.6200,0.4900,0.5300,24000
2003-01-17,0.6000,0.6700,0.4500,0.6100,126000
2003-01-10,0.8000,0.9400,0.6100,0.6500,56000
2003-01-03,0.4600,0.8000,0.3500,0.7100,62000
2002-12-27,0.5200,0.6000,0.4000,0.5000,54000
2002-12-20,0.9500,0.9500,0.5600,0.6000,22000
2002-12-13,1.0000,1.1000,0.9000,0.9100,38000
2002-12-06,1.3000,1.4000,1.0000,1.0000,64000
2002-11-29,0.5000,1.4000,0.4100,1.3900,118000
2002-11-22,0.3400,0.4200,0.2700,0.4000,78000
2002-11-15,0.5400,0.5400,0.3000,0.3400,48000
2002-11-08,0.4500,0.4500,0.3000,0.4400,49500
2002-11-01,0.2800,0.5000,0.2800,0.3900,37400
2002-10-25,0.3000,0.3500,0.2700,0.3200,60000
2002-10-18,0.6500,0.6500,0.2600,0.3000,120400
2002-10-11,0.8000,0.8500,0.6500,0.6500,8600
2002-10-04,0.9900,0.9900,0.7500,0.9000,13300
2002-09-27,1.0000,1.0000,0.8500,0.9500,4300
2002-09-20,1.2500,1.2500,1.0000,1.0000,9900
2002-09-13,1.0500,1.2500,1.0500,1.2000,6800
2002-09-06,1.2000,1.2000,0.9500,1.0500,23700
2002-08-30,1.2200,1.3100,1.2000,1.2500,9600
2002-08-23,1.2000,1.2500,1.2000,1.2200,9700
2002-08-16,1.1800,1.3000,1.1800,1.2000,6500
2002-08-09,1.2000,1.2500,1.1500,1.2400,18700
2002-08-02,1.2000,1.3400,1.1500,1.2100,11500
2002-07-26,1.2700,1.3300,1.1800,1.1800,3200
2002-07-19,1.2500,1.3000,1.2100,1.2100,800
2002-07-12,1.4000,1.4000,1.2500,1.2500,22000
2002-07-05,1.3500,1.4300,1.3500,1.4000,13200
2002-06-28,1.6100,1.6100,1.2000,1.3100,30000
2002-06-21,1.6800,1.7000,1.6000,1.6000,25800
2002-06-14,2.0000,2.2000,1.6700,1.7400,16500
2002-06-07,2.5000,2.5500,2.1000,2.2200,10300
2002-05-31,2.7200,2.7200,2.6000,2.6000,3300
2002-05-24,2.7000,2.8500,2.6100,2.7100,4600
2002-05-17,2.5600,2.8000,2.5000,2.7000,11300
2002-05-10,2.5500,2.9000,2.5500,2.5500,12900
2002-05-03,2.8500,3.0500,2.5000,2.6000,21000
2002-04-26,2.8000,2.9500,2.5500,2.8500,35900
2002-04-19,2.6000,2.9300,2.6000,2.8100,16100
2002-04-12,2.6100,2.6500,2.3500,2.6000,38000
2002-04-05,3.2000,3.2000,2.6100,2.6100,88000
2002-03-28,3.6000,3.6000,3.0100,3.1300,11200
2002-03-22,3.7500,3.8000,3.6600,3.6800,24400
2002-03-15,3.4400,3.7500,3.3700,3.7000,8900
2002-03-08,3.3300,3.5000,3.2000,3.3500,22000
2002-03-01,3.0000,3.3900,2.7000,3.3300,26000
2002-02-22,3.4300,3.4300,2.8500,2.9000,22000
2002-02-15,3.2500,3.4300,3.1500,3.4300,34800
