timestamp,open,high,low,close,volume
2018-02-27,95.9800,96.9500,95.3204,95.7800,11068713
2018-02-23,94.7900,95.7200,93.4610,95.6100,17203376
2018-02-16,93.2300,97.4300,90.7200,95.2600,34416218
2018-02-09,99.6100,100.2700,88.3200,92.5100,43377289
2018-02-02,104.7600,105.8300,98.8500,99.8000,32669218
2018-01-26,100.0000,106.6700,99.9900,105.1700,49218101
2018-01-19,106.7200,107.2900,101.2700,102.6500,34132334
2018-01-12,106.0000,106.4300,101.1300,106.0000,42147237
2018-01-05,105.2900,109.9800,104.0500,104.9900,26505830
2017-12-29,105.9600,107.3300,104.0800,104.3600,16896991
2017-12-22,109.6600,110.2000,102.3500,106.3300,29095040
2017-12-15,110.0700,110.8100,107.3200,109.4100,33566283
2017-12-08,103.0000,106.5200,101.1305,106.0900,24398907
2017-12-01,104.4100,105.8200,100.0800,102.1400,30911555
2017-11-24,104.6000,106.1300,102.4100,104.5000,19621225
2017-11-17,101.9300,104.5900,98.4400,104.1000,33239078
2017-11-10,99.8900,103.5200,99.3000,102.3400,35171858
2017-11-03,98.6300,102.5000,97.7300,100.0400,53955483
2017-10-27,121.7600,123.2500,94.5500,98.1700,116083190
2017-10-20,136.5000,139.7200,120.8000,121.3300,44083196
2017-10-13,139.7200,140.2000,135.5400,136.4600,20834505
2017-10-06,146.2000,147.1700,137.9100,139.2100,27394629
2017-09-29,143.8900,146.1300,142.0700,145.8200,16774213
2017-09-22,142.5500,144.5900,141.2600,143.8900,15535582
2017-09-15,140.5600,142.6900,139.0000,142.0400,16541407
2017-09-08,138.3500,142.6400,137.9900,140.5000,16190030
2017-09-01,130.6500,140.2500,130.1200,139.3800,19182370
2017-08-25,127.4500,131.5800,126.8600,129.6800,12184472
2017-08-18,132.0500,133.6200,127.2700,127.6500,16123956
2017-08-11,136.2000,137.8300,129.8300,130.6100,15602902
2017-08-04,134.7500,136.8500,133.4600,136.7000,16193548
2017-07-28,138.0000,139.0000,133.0000,134.1000,20781292
2017-07-21,134.3100,138.1700,132.9000,137.7400,15307895
2017-07-14,132.6100,135.9900,131.3700,134.5700,15772338
2017-07-07,130.6100,133.8400,130.1400,132.5600,11380893
2017-06-30,134.2300,134.6600,128.8200,129.8700,21409289
2017-06-23,122.8800,135.1800,122.4100,134.3100,38755474
2017-06-16,117.9400,122.7200,117.7500,122.3600,21315664
2017-06-09,119.5100,119.9400,116.0500,118.1900,17152421
2017-06-02,116.4600,119.0500,113.6300,118.7300,16652087
2017-05-26,116.5000,118.0800,113.6300,116.7800,18895825
2017-05-19,119.3300,119.8400,116.8800,116.9300,16255581
2017-05-12,122.0900,122.5200,117.3100,119.3200,18811778
2017-05-05,124.0900,124.7300,121.7000,122.4100,15193878
2017-04-28,123.6300,126.5300,122.1200,124.0500,18746919
2017-04-21,124.5000,125.1600,121.7100,122.2600,14099672
2017-04-13,125.8100,126.4500,124.1100,124.4500,12247307
2017-04-07,124.9200,126.6600,123.5400,125.5800,14986827
2017-03-31,122.2500,125.9900,122.1500,124.4300,14260084
2017-03-24,125.5700,127.1500,122.1700,123.3800,16937339
2017-03-17,124.1800,127.6400,123.0100,125.7700,20920093
2017-03-10,123.4500,126.5000,121.2100,124.0000,20626406
2017-03-03,118.3000,124.7900,118.0100,123.6600,22274737
2017-02-24,121.3900,122.2200,117.2800,118.2300,17372685
2017-02-17,116.0200,121.1900,115.0900,121.1600,19360348
2017-02-10,115.6900,117.3600,114.7400,115.6100,15930239
2017-02-03,113.4800,117.6800,111.9000,115.6400,21757191
2017-01-27,112.7300,115.0000,111.0600,113.6200,23338690
2017-01-20,116.3600,116.4167,112.4200,112.6600,19402383
2017-01-13,120.0500,122.3900,115.2600,117.4800,27561758
2017-01-06,116.5000,121.0000,116.3100,119.6400,17281292
2016-12-30,119.1100,119.9500,115.1200,115.7500,8718872
2016-12-23,116.7000,119.3476,114.9100,118.9300,17014994
2016-12-16,112.9000,118.7500,111.5200,116.6200,22673988
2016-12-09,118.2000,118.5300,110.0500,113.4700,28438616
2016-12-02,120.3100,123.2000,117.2300,117.6300,21486725
2016-11-25,122.1800,124.8400,117.7500,121.0600,20116049
2016-11-18,119.3400,122.5000,118.1700,121.9700,19869043
2016-11-11,104.8600,127.0000,104.7200,119.4500,51192825
2016-11-04,103.9600,104.8900,100.9240,103.4400,20899100
2016-10-28,99.6500,106.1300,96.9300,103.9000,32116750
2016-10-21,98.9900,101.2700,97.8500,98.9100,18607158
2016-10-14,104.4300,105.0600,98.4800,98.5000,16816070
2016-10-07,104.1500,106.3600,103.0100,104.0700,12935607
2016-09-30,109.0000,109.4200,102.2800,104.5300,22332807
2016-09-23,108.6700,111.1400,107.5675,109.4300,15973053
2016-09-16,104.4900,108.8800,103.5000,108.5400,22598451
2016-09-09,105.7800,107.9100,104.4200,104.4700,13798934
2016-09-02,109.0800,109.4400,105.2600,105.4900,15653469
2016-08-26,112.8200,115.5200,106.6500,108.7900,20096080
2016-08-19,113.8400,114.8000,111.6000,112.1600,16041368
2016-08-12,115.4900,115.5300,111.9400,113.3900,17125784
2016-08-05,111.6900,117.9000,111.6100,115.5300,30405287
2016-07-29,107.4400,112.4300,105.4900,112.1900,29808592
2016-07-22,102.8500,108.4000,101.8300,107.5200,19613706
2016-07-15,105.6700,105.7900,100.8589,102.8500,22428127
2016-07-08,100.9400,105.6700,99.4500,105.0300,17755913
2016-07-01,95.5600,101.3900,94.4200,100.7000,25621663
2016-06-24,100.2400,101.1000,96.2600,96.2900,33333298
2016-06-17,102.8400,104.3681,98.2200,98.7400,20894484
2016-06-10,107.6000,108.5000,102.5100,102.9100,18641598
2016-06-03,107.2500,108.3200,104.4200,107.5900,15908703
2016-05-27,101.3100,107.4000,100.8000,106.4300,17272161
2016-05-20,99.9900,102.4100,99.0300,101.4600,16609542
2016-05-13,100.6100,103.4800,99.2400,100.1600,16926053
2016-05-06,103.2500,105.0200,99.2700,100.2500,20056864
2016-04-29,110.4300,111.9000,102.3900,103.4100,29989260
2016-04-22,107.1500,111.5000,105.8600,110.5200,19243752
2016-04-15,106.5200,107.9400,103.1400,107.3400,21822198
2016-04-08,101.9100,109.7600,99.8600,106.2600,27817959
2016-04-01,100.5000,102.2700,97.0900,101.1900,21182633
2016-03-24,98.2400,103.7400,98.1000,100.5400,21353917
2016-03-18,101.6000,101.6400,94.3900,98.7600,36257747
2016-03-11,101.6900,104.9900,99.1000,101.8500,29363100
2016-03-04,102.8700,106.1400,100.7200,102.5100,24777666
2016-02-26,104.1200,105.7300,99.9200,103.3700,24456973
2016-02-19,104.2000,106.4200,102.1100,102.6100,20226745
2016-02-12,96.4400,105.9800,95.5100,102.4500,38302452
2016-02-05,99.6900,103.6900,93.0500,97.8900,43639068
2016-01-29,109.2400,109.9100,95.1000,100.3200,40730779
2016-01-22,104.5900,109.7000,101.2200,108.8100,32870160
2016-01-15,109.5500,109.9600,99.3300,103.0600,49608009
2016-01-08,116.7700,119.5900,108.7900,108.9800,25951091
2015-12-31,120.5100,121.9000,118.4700,119.7600,13768789
2015-12-24,111.1300,123.2200,109.7300,122.1400,23134962
2015-12-18,109.3600,116.2900,107.5000,110.1400,22425073
2015-12-11,110.3000,113.5000,107.7600,108.3600,19931307
2015-12-04,112.8500,113.4499,106.0000,110.3600,25161910
2015-11-27,114.0400,115.5000,111.4600,112.6900,10749616
2015-11-20,107.6800,116.2400,105.6700,113.5100,25674564
2015-11-13,115.8500,115.9999,107.3300,107.4900,25538888
2015-11-06,123.9400,127.9700,113.9900,116.7400,28121843
2015-10-30,120.3100,128.3900,118.9400,122.7100,22966486
2015-10-23,117.4600,120.9000,113.0700,120.0800,23305516
2015-10-16,118.5600,118.8800,112.2500,117.8800,20735699
2015-10-09,117.9000,118.6500,108.6600,117.3800,32655048
2015-10-02,107.3900,116.5000,103.2700,116.4400,47307536
2015-09-25,123.2800,123.9700,106.9300,108.3900,36102472
2015-09-18,123.9800,126.9800,121.0300,122.6200,21866303
2015-09-11,120.0000,125.7000,118.8600,123.9700,16205568
2015-09-04,122.9100,123.6000,114.6200,117.3900,26469908
2015-08-28,104.2800,124.4400,92.9800,124.0400,36715448
2015-08-21,128.6000,132.0000,118.9200,119.0500,21579757
2015-08-14,129.8500,132.6000,127.3400,129.2400,17526403
2015-08-07,131.8500,133.5903,125.0000,128.6000,18991569
2015-07-31,133.4500,136.4000,128.8100,131.2500,24796865
2015-07-24,135.0300,140.7200,133.7500,134.9000,27729586
2015-07-17,120.0000,135.9800,119.5800,134.5200,41887737
2015-07-10,118.4200,120.3400,115.4200,118.8400,17175351
2015-07-02,116.1200,119.8900,114.1000,119.5200,17612002
2015-06-26,118.5000,121.4700,116.8000,117.9200,18805048
2015-06-19,110.4200,118.0900,109.3400,117.2200,22903581
2015-06-12,111.0100,113.3000,109.0400,111.3200,19205030
2015-06-05,115.0100,116.0200,109.5300,110.7200,22080493
2015-05-29,115.5600,116.2899,113.8200,114.4400,12902012
2015-05-22,114.7600,117.7200,114.6600,116.0900,16621570
2015-05-15,113.9300,115.9500,110.8300,115.5300,19173466
2015-05-08,111.0800,114.6600,106.4500,113.2100,30686525
2015-05-01,119.2000,119.3800,107.0200,110.5500,38139638
2015-04-24,114.4000,120.7200,113.0300,118.7100,22234851
2015-04-17,116.9900,118.6100,113.1000,113.4700,23961804
2015-04-10,113.6400,117.5000,112.5000,117.0700,25406871
2015-04-02,119.6400,120.5000,111.7000,114.3100,32044326
2015-03-27,126.4500,126.5000,114.0200,118.6800,36888180
2015-03-20,118.8000,129.0600,118.7700,128.5000,33376978
2015-03-13,118.1200,120.3699,115.2700,117.7300,18660462
2015-03-06,122.5900,122.7800,116.3400,118.0300,23039387
2015-02-27,124.0000,125.4500,120.7700,121.5300,19013350
2015-02-20,115.7600,124.0000,115.5000,123.4300,22926711
2015-02-13,118.4600,120.7900,113.5201,115.8800,31475383
2015-02-06,119.5700,121.7500,112.7800,118.7500,28104503
2015-01-30,123.5500,124.6000,116.5500,119.1600,27008653
2015-01-23,122.7500,124.3840,120.5000,123.8900,16640267
2015-01-16,115.0700,123.8100,114.0300,121.8100,37493638
2015-01-09,113.1000,117.4500,109.4600,113.6700,25688015
2015-01-02,113.6100,114.8100,111.5100,113.5200,14333655
2014-12-26,112.6500,116.2300,103.6900,113.3500,36932150
2014-12-19,116.0000,118.7288,108.2600,117.1800,35569202
2014-12-12,116.7550,119.8400,114.0200,114.4900,27042094
2014-12-05,113.7100,116.6500,112.5000,114.1300,18611867
2014-11-28,108.8900,114.5000,108.5000,113.6900,13946331
2014-11-21,103.2700,109.2100,103.2600,108.2000,17250645
2014-11-14,106.7800,109.1700,102.1300,104.0500,21435262
2014-11-07,106.5300,107.7400,104.5000,106.4500,23661606
2014-10-31,102.9000,109.2500,101.9900,107.0900,29887336
2014-10-24,88.8400,103.3100,88.5700,103.2400,45497939
2014-10-17,90.7300,90.8900,83.1600,88.1200,33340150
2014-10-10,95.8500,95.8500,90.8700,90.9250,21261541
2014-10-03,93.4700,96.0000,91.5000,95.2100,22135287
2014-09-26,93.2600,96.5000,91.3700,94.4600,24551578
2014-09-19,91.0000,94.9550,88.2187,93.8500,23434800
2014-09-12,93.5500,94.2600,90.7200,91.5200,18831000
2014-09-05,95.5000,96.4400,91.7500,93.7900,13539500
2014-08-29,92.4900,96.1500,92.1200,95.0200,20405400
2014-08-22,90.1200,93.3500,90.0500,91.6200,19667900
2014-08-15,86.5700,90.2000,85.7134,89.6050,17870300
2014-08-08,87.1900,88.4000,84.8500,86.5100,17243100
2014-08-01,86.9300,89.7600,86.1400,86.6500,22390400
2014-07-25,84.8100,89.1700,84.2500,87.1600,23909500
2014-07-18,89.6800,89.6800,82.9000,85.0600,24516400
2014-07-11,89.7700,90.3766,83.9800,89.1900,26981100
2014-07-03,86.1300,90.5000,85.6900,90.1900,19354500
2014-06-27,171.1300,174.7400,84.5700,86.8000,14965650
2014-06-20,160.1100,172.4000,158.8300,171.4600,15142300
2014-06-13,161.9300,163.5000,159.2000,159.9900,8911900
2014-06-06,152.5700,163.0000,152.0600,161.3100,11926900
2014-05-30,151.0000,155.8800,150.0100,153.0300,11525900
2014-05-23,146.0800,151.7800,145.7000,150.1300,9322200
2014-05-16,147.1100,152.8800,145.3000,147.3200,14115200
2014-05-09,146.3900,148.7200,142.6300,146.6700,12095300
2014-05-02,143.1300,149.9000,139.7601,147.4000,14995300
2014-04-25,142.2300,148.0900,136.7500,142.0600,17326900
2014-04-17,138.4600,144.0699,133.7000,141.5100,14115500
2014-04-11,136.6000,147.9300,135.5000,136.9000,27505500
2014-04-04,140.2100,149.6900,136.6500,137.3800,22664900
2014-03-28,145.2000,146.7700,139.0100,139.2900,23116000
2014-03-21,150.8200,155.9900,143.1000,144.4000,21049900
2014-03-14,155.4600,161.1100,147.6500,149.4100,19663000
2014-03-07,159.0500,165.2100,151.5800,156.5600,18397100
2014-02-28,161.5900,165.7500,158.6400,160.7500,14394600
2014-02-21,163.8200,166.4500,160.2250,160.9700,10519900
2014-02-14,157.0100,167.2600,155.6371,163.9300,15405500
2014-02-07,151.8100,157.1800,147.7700,156.8800,20014300
2014-01-31,160.7200,161.1900,147.8300,151.9300,23848200
2014-01-24,168.0700,170.8800,161.1100,161.2200,11842000
2014-01-17,170.4700,174.6600,162.7000,167.0400,20192900
2014-01-10,165.8900,171.0000,160.5000,169.8100,14683600
2014-01-03,168.8900,172.3400,167.8140,169.8100,6698800
2013-12-27,168.7600,170.4700,166.0450,168.9300,5045000
2013-12-20,166.0000,168.0000,157.1800,167.4800,14405300
2013-12-13,170.4700,173.8000,164.0000,164.9000,16327600
2013-12-06,161.8700,167.2500,158.0500,166.4300,11864700
2013-11-29,164.7300,165.7399,160.7100,161.7700,8977900
2013-11-22,151.4900,164.0000,151.2100,163.3300,15047700
2013-11-15,149.0000,151.4500,146.5200,151.1100,12843600
2013-11-08,151.9400,152.8900,142.1000,148.9200,18706900
2013-11-01,156.0000,157.5599,147.2300,151.3050,13920900
2013-10-25,161.4900,161.6440,154.6000,155.7400,13708100
2013-10-18,151.6700,160.5800,150.5210,160.5500,12621800
2013-10-11,155.2500,157.1100,143.1300,153.1700,17111700
2013-10-04,152.3700,157.9500,150.4600,157.2700,13601000
2013-09-27,149.3400,154.9900,144.0100,154.6100,14490200
2013-09-20,150.8000,151.9500,145.5000,149.8580,17544200
2013-09-13,147.0600,151.0000,146.9000,149.4800,9396100
2013-09-06,141.7700,148.3900,141.4200,146.9700,10445500
2013-08-30,138.7100,143.0000,135.5100,139.9800,12484200
2013-08-23,132.1100,139.7700,132.1100,138.2700,9565900
2013-08-16,141.4400,142.0700,131.5201,132.4900,10409000
2013-08-09,146.8900,148.2800,139.4300,142.0700,10543800
2013-08-02,142.0000,149.9160,141.6200,147.3500,12686200
2013-07-26,138.2000,144.1500,134.3000,143.9400,13380200
2013-07-19,135.1900,137.8000,130.2200,135.8900,15897300
2013-07-12,123.0000,136.3600,121.3000,134.5600,16087000
2013-07-05,119.3000,122.7700,118.1510,122.4800,7285100
2013-06-28,112.5200,119.9000,110.5301,116.9800,12889000
2013-06-21,120.4300,121.2700,111.7100,113.8900,14211100
2013-06-14,120.9100,123.4465,116.0200,119.3600,12680100
2013-06-07,124.1200,124.7200,111.5000,120.4100,21497400
2013-05-31,124.5200,127.2400,121.5700,123.6500,12364200
2013-05-24,124.6000,128.3500,120.5500,122.5800,13500100
2013-05-17,126.8400,131.8190,120.3500,124.9100,18720000
2013-05-10,121.0600,127.4700,121.0300,127.4600,14590100
2013-05-03,120.2800,121.9000,114.0500,121.6400,16685100
2013-04-26,124.1600,128.5200,116.2500,120.3400,22210900
2013-04-19,122.5000,123.0100,118.0860,122.3600,14398700
2013-04-12,116.6700,124.1000,115.2600,123.0000,12553300
2013-04-05,116.5100,118.7800,114.5200,116.4300,14328200
2013-03-28,112.8900,116.9500,111.0700,115.9100,10481300
2013-03-22,111.2500,113.4900,108.0100,113.1300,11886900
2013-03-15,111.4800,115.4400,110.6700,112.4000,18273800
2013-03-08,103.1700,111.8000,102.5000,111.3600,19006200
2013-03-01,101.8401,105.8225,98.6200,105.6200,18084200
2013-02-22,98.7500,103.6900,97.8453,101.6500,15633200
2013-02-15,100.8700,101.5600,97.9000,98.7700,12710300
2013-02-08,100.0500,101.3300,96.7800,100.1300,16194300
2013-02-01,99.0000,102.2900,97.8500,101.4400,17131200
2013-01-25,99.9800,100.0500,96.3000,99.7600,17150800
2013-01-18,96.1900,100.1200,95.3700,100.0300,21886000
2013-01-11,82.1000,96.3300,81.3300,96.3000,38190200
2013-01-04,77.7900,83.1700,77.2200,82.0900,12108900
2012-12-28,79.1000,79.5400,77.6200,77.7300,6783000
2012-12-21,79.3900,80.9500,78.3000,79.7000,17381100
2012-12-14,78.7700,82.7800,78.6800,79.3600,19406700
2012-12-07,78.7500,79.9400,78.2550,78.6800,13400000
2012-11-30,78.2100,79.8100,76.9810,78.5900,13264800
2012-11-23,75.2400,78.5700,74.2550,78.5100,9582400
2012-11-16,78.0200,78.4600,73.2700,74.3300,22228900
2012-11-09,72.8600,74.4890,71.2300,71.5000,10651900
2012-11-02,75.4200,75.4300,72.9500,73.0400,6745400
2012-10-26,75.0200,75.5500,73.8400,75.2000,11234900
2012-10-19,78.4200,79.3900,75.1000,75.1600,10621300
2012-10-12,80.0000,80.5200,76.0600,78.4200,14663100
2012-10-05,76.9700,81.2400,76.4700,80.2900,12357300
2012-09-28,76.6300,77.8000,75.9200,76.4000,10617200
2012-09-21,75.6100,78.6300,75.2800,77.2700,13284700
2012-09-14,74.9300,76.3200,73.2300,76.2700,11599300
2012-09-07,71.3900,75.7300,70.6600,75.4400,11771100
2012-08-31,71.9000,72.3400,70.4200,72.0400,7985800
2012-08-24,69.2200,72.5320,69.0600,72.0400,11498300
2012-08-17,71.8700,71.9700,69.0000,69.1100,17989400
2012-08-10,69.6600,72.0000,69.3800,71.9400,12402300
2012-08-03,70.2300,70.7599,66.8700,69.3000,17039900
2012-07-27,65.4000,71.4200,63.8900,70.6000,20007000
2012-07-20,65.1600,68.1400,65.0100,66.4200,16292100
2012-07-13,64.8100,65.4400,61.8900,65.2700,14728400
2012-07-06,64.6700,66.0000,63.9600,64.7700,7633400
2012-06-29,61.1700,64.5000,60.9018,64.1600,24215200
2012-06-22,64.8000,69.6800,58.5300,61.6300,40489000
2012-06-15,65.3900,66.4200,62.7600,66.1600,21069100
2012-06-08,64.9300,66.1800,64.1650,65.0400,14934600
2012-06-01,69.0800,69.7900,64.9800,65.3300,13216900
2012-05-25,68.1100,70.4700,68.1000,68.9000,12831700
2012-05-18,70.4400,71.7500,67.5700,68.1000,15474700
2012-05-11,69.4600,71.3300,69.0800,70.7900,15940500
2012-05-04,73.6500,73.8600,69.5500,69.8100,20477900
2012-04-27,78.6800,78.7100,72.3300,73.3800,25058100
2012-04-20,78.6400,80.1100,77.7101,79.1000,11864500
2012-04-13,78.7600,80.1600,77.8701,78.3200,13069300
2012-04-05,77.5700,80.4200,76.9800,79.6500,12902600
2012-03-30,77.0000,78.8300,76.5000,77.5200,13523400
2012-03-23,75.4400,76.9200,75.0400,76.8300,11420200
2012-03-16,75.1400,77.4300,74.2700,75.6000,14446100
2012-03-09,73.5100,75.2700,71.3000,75.1800,11614600
2012-03-02,74.5100,74.7300,73.2450,73.7300,13616500
2012-02-24,75.0200,75.2700,73.4300,74.8900,9509700
2012-02-17,72.5100,76.0900,71.9100,74.6600,16338300
2012-02-10,72.8400,73.8450,71.5100,71.7400,13651400
2012-02-03,71.2900,74.5800,71.2300,73.2100,15471500
2012-01-27,73.9900,74.6300,71.4900,73.3700,16796600
2012-01-20,73.5300,75.1100,72.0000,73.8400,14666200
2012-01-13,67.2300,73.4900,66.8700,72.6300,24802300
2012-01-06,68.5100,69.2600,66.2800,67.2200,14813200
2011-12-30,67.2700,68.1600,66.7300,67.6000,6586900
2011-12-23,63.8400,67.5275,63.6000,67.3200,14808100
2011-12-16,62.9000,64.7100,62.5600,63.6900,22060300
2011-12-09,62.2000,63.7100,60.8900,63.5800,17110000
2011-12-02,61.2100,63.2100,60.5300,61.2100,16586300
2011-11-25,62.5200,62.5200,60.0000,60.2400,12722600
2011-11-18,64.5400,65.8200,62.9400,63.0400,15604100
2011-11-11,63.9000,65.3150,62.8400,64.5700,17279100
2011-11-04,65.7000,65.7600,62.7100,63.7300,15364100
2011-10-28,67.2000,68.2500,64.4700,66.1900,21802900
2011-10-21,66.2200,67.3700,64.3000,66.9300,14802200
2011-10-14,64.5500,67.0100,64.4900,66.3000,16478500
2011-10-07,61.6000,64.2000,59.3200,62.9500,19836700
2011-09-30,63.0300,65.0960,61.4100,61.9100,17732400
2011-09-23,60.4300,65.8575,60.4300,62.6700,32139000
2011-09-16,59.5000,61.4900,58.9800,61.0400,22598600
2011-09-09,57.1200,61.8300,56.7900,59.7700,13802900
2011-09-02,57.8500,60.4200,57.3701,58.3400,14660000
2011-08-26,55.5000,57.9300,55.1000,57.3000,15931200
2011-08-19,54.6700,57.4450,53.5000,54.6800,18440900
2011-08-12,54.1100,54.9000,51.7000,54.4300,32172700
2011-08-05,59.8400,60.1700,54.2500,55.5200,27873100
2011-07-29,61.2200,62.3200,58.6700,59.3000,19453100
2011-07-22,60.3800,61.9800,58.6400,61.1800,13047100
2011-07-15,61.3800,61.7500,60.1900,60.6700,9179000
2011-07-08,60.9400,62.4900,60.0200,61.9900,10015500
2011-07-01,58.4400,60.9700,58.2600,60.8800,11832000
2011-06-24,57.9200,60.3500,57.8200,58.7700,13521300
2011-06-17,58.2900,59.0250,57.3400,57.8700,14128800
2011-06-10,58.7700,60.2600,58.2800,58.3000,10528000
2011-06-03,60.2500,60.9900,58.8100,58.8600,8300400
2011-05-27,60.0100,60.0100,58.1500,59.8800,11563400
2011-05-20,59.7400,60.9900,59.0900,60.4900,11497200
2011-05-13,59.1900,60.6700,58.6700,59.9400,11314000
2011-05-06,59.2500,61.7000,56.4300,59.3000,25047100
2011-04-29,56.6200,59.7400,55.8181,58.8800,20026700
2011-04-21,56.3800,57.7400,55.7900,56.4000,12176100
2011-04-15,55.8800,57.4000,54.8300,56.9800,13218200
2011-04-08,57.5200,57.8900,55.4300,55.9200,13568500
2011-04-01,55.4900,57.9500,54.8600,57.3000,13983200
2011-03-25,53.5200,55.7000,52.5900,55.2400,14131300
2011-03-18,52.9900,55.0800,52.2300,52.9800,22938300
2011-03-11,54.7000,54.7300,51.4100,53.1800,20119900
2011-03-04,53.9800,54.8700,52.6300,54.2600,19608900
2011-02-25,53.0700,53.7200,51.7612,53.5200,14764900
2011-02-18,51.8000,54.1400,51.8000,53.4700,24513800
2011-02-11,51.1900,52.0700,50.1100,51.9900,36325300
2011-02-04,51.5500,53.2900,48.9200,51.2900,51615800
2011-01-28,55.8700,56.9800,51.1000,51.1801,24638700
2011-01-21,57.5000,57.9800,55.8700,56.0300,14281100
2011-01-14,58.7300,58.9800,56.0900,57.4500,20281600
2011-01-07,59.7400,60.9000,58.2200,59.1600,15666400
2010-12-31,59.3900,60.4300,58.7000,59.1400,6344600
2010-12-23,59.5400,59.7200,58.5000,59.6900,8771200
2010-12-17,57.5800,59.3400,56.7300,59.2700,15728200
2010-12-10,58.2701,58.3900,54.2400,57.4600,47023300
2010-12-03,60.9900,61.0600,58.7800,60.5900,13716600
2010-11-26,60.5000,62.0000,60.2000,61.2100,7424500
2010-11-19,60.8900,61.4000,59.0500,60.6100,12521500
2010-11-12,60.7800,61.5950,59.6500,60.3000,10942400
2010-11-05,61.5000,63.4600,60.7600,61.2200,16955000
2010-10-29,59.3400,62.7400,58.3400,62.0300,19658300
2010-10-22,58.4200,60.0000,57.9800,58.7400,15771200
2010-10-15,57.6400,58.6900,56.6000,58.2100,15454600
2010-10-08,58.0000,59.0000,56.8400,57.8300,13232300
2010-10-01,58.2400,59.0000,57.1200,58.1000,12657600
2010-09-24,55.5100,58.6800,55.1300,58.4600,14756900
2010-09-17,55.5900,55.8500,53.9400,55.2500,15005400
2010-09-10,53.2100,55.5000,52.6300,55.4500,10159700
2010-09-03,51.6200,53.4800,50.6300,53.2800,14061800
2010-08-27,53.9000,54.7899,49.5000,51.8400,23362700
2010-08-20,55.2600,55.9400,53.0300,53.6700,15727000
2010-08-13,57.0000,58.0100,54.2500,55.6700,12782900
2010-08-06,55.9000,57.0200,54.8900,56.6700,13973500
2010-07-30,53.0000,55.4900,52.5600,55.1500,20305900
2010-07-23,52.2700,52.9200,50.8500,52.7500,15645300
2010-07-16,51.6700,53.8200,50.6900,52.0400,19019600
2010-07-09,51.0300,51.2400,48.0200,51.1800,15634300
2010-07-02,56.0700,56.7400,48.5636,50.7400,30783700
2010-06-25,55.6800,56.5800,54.0200,56.0700,16939200
2010-06-18,53.4000,55.9600,52.9300,55.3500,17682100
2010-06-11,54.2400,54.9700,51.2100,53.4400,26580400
2010-06-04,52.5600,53.9000,51.3100,51.5500,15422300
2010-05-28,55.9100,56.1200,51.6300,52.7600,32060000
2010-05-21,59.4500,59.9800,54.3600,56.1500,27596900
2010-05-14,58.9400,60.2000,58.1100,59.4200,21351300
2010-05-07,61.7500,62.3200,53.3900,57.4900,26194500
2010-04-30,60.4000,63.4650,57.9500,61.9900,23834800
2010-04-23,60.8300,61.2100,57.0000,59.8100,20936400
2010-04-16,61.8000,61.8900,59.8100,60.8800,19237600
2010-04-09,62.0900,64.0000,61.2200,61.8900,19123400
2010-04-01,62.3100,63.1100,61.6700,62.0800,10877000
2010-03-26,64.4500,65.4600,61.4500,62.1400,15985400
2010-03-19,61.3300,65.7900,61.3100,64.3200,18423900
2010-03-12,61.8700,62.1600,60.7400,61.3700,10235900
2010-03-05,60.1000,62.0900,59.7100,61.9100,11058500
2010-02-26,60.3700,60.4900,58.1500,59.5200,11563500
2010-02-19,57.2200,60.5000,56.2200,60.0400,15128500
2010-02-12,55.1800,57.5000,54.1000,56.8900,15423700
2010-02-05,56.8500,58.5700,54.0300,55.1600,17633000
2010-01-29,58.6600,58.8100,56.3100,56.7800,19002800
2010-01-22,57.2800,59.6700,57.1400,58.5700,17020900
2010-01-15,57.5900,58.9400,54.3800,57.5200,26231800
2010-01-08,56.6400,57.4300,54.5950,57.2700,17019300
2009-12-31,56.6000,56.7900,55.6300,55.6800,5728400
2009-12-24,56.2800,57.1400,55.7100,56.3800,9874900
2009-12-18,52.8900,56.1600,50.5900,55.9500,29649000
2009-12-11,56.1600,57.0700,52.3600,52.7600,33791700
2009-12-04,54.8100,57.7900,54.6200,55.9700,18519300
2009-11-27,55.3200,55.8700,53.7201,54.9700,9400800
2009-11-20,53.5000,55.6300,53.2500,54.9100,15516100
2009-11-13,52.7700,54.8900,52.4800,53.4800,16990300
2009-11-06,51.0600,53.2600,49.7400,53.0500,17786500
2009-10-30,54.3800,55.0400,50.0900,51.0500,23349300
2009-10-23,56.5700,57.4500,54.0200,54.2100,22351900
2009-10-16,54.9700,56.9700,54.2600,56.4200,13941300
2009-10-09,53.5900,55.2300,53.1100,54.7800,14121700
2009-10-02,55.0300,56.6600,53.9500,54.0000,16103100
2009-09-25,53.5300,55.9500,53.2800,54.5400,17074600
2009-09-18,51.7400,53.9800,51.5500,52.5400,17917900
2009-09-11,51.7400,52.0700,50.9300,52.0200,12259700
2009-09-04,52.3000,53.3900,50.1200,51.7400,13548000
2009-08-28,53.1500,54.7700,52.0200,52.7200,14162000
2009-08-21,52.1000,53.8400,51.4500,53.1500,14408400
2009-08-14,54.2000,54.8900,51.3100,52.7400,19217900
2009-08-07,57.3000,58.1600,54.1700,54.9200,16786400
2009-07-31,54.6800,58.3100,53.8900,56.9600,21134400
2009-07-24,46.8400,56.1100,46.1500,54.6400,33823300
2009-07-17,46.0400,47.4085,45.2700,46.8300,19152200
2009-07-10,46.6000,47.6600,45.6200,46.1000,19070600
2009-07-02,47.9200,48.7700,46.5000,46.7300,14567000
2009-06-26,46.5000,48.0800,46.0200,48.0300,19896100
2009-06-19,42.6200,47.9300,42.0000,46.9400,27580800
2009-06-12,44.5400,45.2854,42.4800,43.2300,21007500
2009-06-05,42.4100,46.0762,42.1200,44.3500,24170600
2009-05-29,38.9000,42.2400,38.5500,42.2400,17694700
2009-05-22,39.9300,40.7500,39.0300,39.4300,20534700
2009-05-15,40.4000,42.7590,39.4200,39.7900,24222800
2009-05-08,39.9900,42.5400,38.5000,41.4200,34986900
2009-05-01,39.0000,43.7600,39.0000,39.5400,31522300
2009-04-24,38.0100,40.5500,37.6200,39.8600,28402900
2009-04-17,40.4500,41.7700,37.6200,38.3000,31082400
2009-04-09,41.2900,42.4300,40.0500,40.8000,25931500
2009-04-03,45.5700,45.8300,36.9000,42.1500,75028000
2009-03-27,46.2400,48.1800,44.2900,46.0400,28266900
2009-03-20,48.2600,48.6200,45.2500,45.5200,26390000
2009-03-13,40.0900,48.5600,39.6700,48.2000,39664500
2009-03-06,43.6000,44.3900,39.3200,41.1600,42435000
2009-02-27,54.2600,54.6100,44.3300,44.7300,38040700
2009-02-20,51.4500,54.5000,50.1200,53.9900,20728700
2009-02-13,55.0600,55.3500,51.5200,52.3100,18934100
2009-02-06,52.8400,56.0500,52.2800,55.3500,24743300
2009-01-30,49.6000,53.9500,49.3900,52.9500,21047000
2009-01-23,49.8700,50.7500,47.5800,49.5500,19251500
2009-01-16,50.2900,51.6800,47.9100,50.2500,32205700
2009-01-09,56.4700,56.4900,48.5100,50.2700,35467800
2009-01-02,53.6000,56.6000,51.9500,56.4900,12421800
2008-12-26,54.4700,54.7000,51.3400,54.0100,9895200
2008-12-19,49.9400,55.8000,47.6300,54.6700,29916900
2008-12-12,54.9200,55.0000,45.7700,49.5800,35567900
2008-12-05,50.5100,54.9100,47.8130,53.9800,28432900
2008-11-28,48.8800,53.9600,47.7000,52.1000,18734000
2008-11-21,57.7000,60.4200,45.4444,47.5000,36753800
2008-11-14,62.0300,62.5000,55.1800,58.8600,24002000
2008-11-07,64.3700,66.5000,59.0000,60.3100,23823100
2008-10-31,55.6200,64.7100,54.8900,64.2600,30180500
2008-10-24,56.4600,58.5100,52.0000,57.4700,34833100
2008-10-17,56.6600,63.0000,50.0000,55.1800,36666400
2008-10-10,59.9100,61.1700,49.4700,54.5200,42254500
2008-10-03,65.1300,66.4000,55.9989,60.4600,25512300
2008-09-26,67.8500,68.4900,62.8810,66.2700,19169400
2008-09-19,70.1900,71.1500,60.4000,67.9500,42755000
2008-09-12,67.1700,71.2400,65.5200,71.1500,23570900
2008-09-05,69.8500,70.7100,63.0000,66.2100,20560000
2008-08-29,72.7300,73.4400,68.8300,69.3000,15715900
2008-08-22,76.3800,76.8600,70.7500,73.0400,17037700
2008-08-15,75.6000,77.3900,74.4600,75.8580,14852800
2008-08-08,74.0200,77.3800,72.0800,75.1500,22565000
2008-08-01,72.8000,76.8000,71.9000,73.9200,25152000
2008-07-25,71.5000,74.8100,69.0300,74.5400,33272400
2008-07-18,72.1800,73.1300,70.1600,70.8500,23897600
2008-07-11,67.7600,72.6800,67.7200,71.6600,32083100
2008-07-03,63.6700,69.3899,63.3300,67.3700,35351500
2008-06-27,59.7300,63.7700,58.9500,63.3300,19895700
2008-06-20,59.7200,61.9900,58.6300,59.5800,18161200
2008-06-13,61.1300,61.8500,58.4800,60.2700,16031600
2008-06-06,60.9100,63.9200,60.2000,61.3900,22817000
2008-05-30,59.1900,61.3000,58.0000,60.8600,14705200
2008-05-23,61.0000,61.3900,56.8800,58.8600,25805900
2008-05-16,62.5000,63.1800,58.9700,61.0900,25594500
2008-05-09,64.1500,65.9000,60.3200,62.4900,24897600
2008-05-02,63.4300,64.9100,61.8700,64.3600,14448100
2008-04-25,64.3300,64.4400,62.4800,63.1100,13661900
2008-04-18,62.1600,65.4500,62.1000,64.4500,15629700
2008-04-11,64.6000,64.6000,61.4100,62.6600,14681500
2008-04-04,61.0500,64.8200,59.6400,64.3100,22407200
2008-03-28,57.9600,62.2000,57.7600,59.4400,21770200
2008-03-20,54.5800,58.6400,53.8500,57.9100,26047200
2008-03-14,55.9900,58.1100,54.9300,56.3000,28943400
2008-03-07,56.4300,57.8300,54.6300,56.7600,34478100
2008-02-29,55.1000,57.8100,54.8900,56.4099,26117800
2008-02-22,55.8600,57.4300,53.0300,54.2600,18368500
2008-02-15,58.3700,58.8800,54.9100,55.7100,18916600
2008-02-08,59.8000,59.9900,55.0000,58.3700,27194300
2008-02-01,52.2200,59.9900,51.5000,59.7000,27071700
2008-01-25,50.0500,54.1300,50.0000,51.4700,25084400
2008-01-18,54.9500,56.0000,52.5800,54.7500,32461100
2008-01-11,52.2600,55.3200,49.3701,54.2700,41340200
2008-01-04,46.0200,50.4000,45.7700,49.6500,29831800
2007-12-28,47.2400,49.2700,46.0000,47.0000,13279100
2007-12-21,50.3900,51.0200,41.2600,48.0000,63602600
2007-12-14,55.2200,55.3600,47.2100,50.4100,80412500
2007-12-07,61.7900,61.7900,57.2100,57.3600,25216700
2007-11-30,63.2000,64.2200,60.0600,61.5500,24469100
2007-11-23,63.6600,66.2800,61.6800,62.3500,18133300
2007-11-16,62.7300,65.9000,61.3300,64.9000,18288500
2007-11-09,64.5600,65.5100,61.8100,62.8900,20030200
2007-11-02,67.4000,67.4000,63.5500,64.9400,19159600
2007-10-26,69.2400,71.5400,60.2600,66.8600,42863900
2007-10-19,74.0100,74.7400,69.7500,69.9600,16804300
2007-10-12,72.2300,75.4400,71.4300,74.0000,15858200
2007-10-05,71.3800,72.9100,71.2600,72.7100,12600500
2007-09-28,70.4500,72.2300,69.3900,71.3100,20271700
2007-09-21,68.8600,70.7100,66.8600,70.6300,19893000
2007-09-14,65.2400,69.9900,64.8300,69.0100,19775900
2007-09-07,64.0000,67.3200,63.4400,65.0700,16827400
2007-08-31,59.5100,64.3000,59.2600,64.2100,18064100
2007-08-24,59.0500,60.5400,56.6600,59.8000,14779700
2007-08-17,59.7500,61.5900,57.4100,59.2700,22934000
2007-08-10,59.7100,62.1100,58.3100,59.5700,21020900
2007-08-03,61.1900,63.1000,59.0100,59.4600,23388500
2007-07-27,58.2800,62.3500,56.5000,61.1300,32501900
2007-07-20,59.0000,59.8600,57.6500,58.4400,18140500
2007-07-13,58.3600,60.2500,58.0800,59.2000,18300800
2007-07-06,57.5000,58.2400,57.3900,58.0800,10206800
2007-06-29,56.4400,59.1000,55.9000,57.3300,21783600
2007-06-22,60.0800,60.5000,56.4000,56.4000,18062400
2007-06-15,59.1500,61.0000,57.2700,60.0800,23497200
2007-06-08,62.2700,62.5400,57.2400,58.4700,28245200
2007-06-01,62.3500,62.5400,60.9800,61.8000,16268300
2007-05-25,64.5300,66.9500,62.1800,62.4500,18484600
2007-05-18,64.2500,65.5500,63.5300,64.5400,20102700
2007-05-11,62.4900,64.5500,62.4900,64.2000,16709600
2007-05-04,62.2200,63.9000,59.3700,63.0300,27528500
2007-04-27,60.9800,63.1800,60.9000,61.9200,18422200
2007-04-20,58.1400,60.8200,56.7510,60.2700,25164600
2007-04-13,58.4900,59.2400,56.5400,57.9800,18925400
2007-04-05,52.4500,58.1400,52.4000,58.0300,17957500
2007-03-30,54.8700,55.1000,51.7200,52.4600,16701300
2007-03-23,52.3400,55.4900,52.1600,55.0200,23551300
2007-03-16,51.0700,52.5400,49.4600,52.0200,22700100
2007-03-09,50.5500,52.1700,50.2500,51.1600,17108000
2007-03-02,56.7300,57.4100,50.6000,51.3000,27639700
2007-02-23,53.1200,56.7300,52.8396,56.2800,13300000
2007-02-16,55.4300,55.4300,53.0500,53.4400,13961900
2007-02-09,55.1200,55.9475,53.7000,55.3300,12508800
2007-02-02,53.3800,56.4400,53.1000,55.4100,17657500
2007-01-26,54.9800,55.1900,52.6900,53.9600,16185100
2007-01-19,56.0100,56.1700,54.6000,54.9800,13474200
2007-01-12,57.2800,57.7700,53.8000,55.8800,26546000
2007-01-05,58.1000,58.6000,56.0000,57.5800,12604000
2006-12-29,57.3500,58.6620,56.8500,57.5300,7840800
2006-12-22,58.8400,60.1200,57.3600,57.7000,15784800
2006-12-15,56.6900,58.5300,53.5000,58.5100,25449600
2006-12-08,56.7700,59.1400,55.2000,55.8100,22201400
2006-12-01,54.8800,56.3700,53.8400,56.2700,16243700
2006-11-24,56.2100,56.7600,54.0400,55.1500,11970600
2006-11-17,54.8800,56.4000,54.1600,56.2700,19758700
2006-11-10,51.9400,55.5500,50.0400,55.0000,31515400
2006-11-03,48.5900,53.6800,48.5000,51.6500,47539000
2006-10-27,45.2700,50.9200,43.2800,50.3300,25527600
2006-10-20,45.9000,47.3900,45.0500,45.6100,11313500
2006-10-13,45.8000,47.1900,44.7600,46.1800,11405000
2006-10-06,43.3900,46.1100,41.6800,45.7900,18107600
2006-09-29,41.9400,44.0000,40.7500,43.3000,18632900
2006-09-22,41.0200,43.0400,40.7100,42.0000,19999300
2006-09-15,40.8800,41.7400,39.3100,41.1800,18227100
2006-09-08,43.0000,43.0000,40.5100,41.2800,12063400
2006-09-01,42.3200,43.4500,40.6900,42.7600,17411900
2006-08-25,43.3600,44.0700,40.4800,42.6100,15228400
2006-08-18,43.3200,45.0800,42.7900,43.4100,17197600
2006-08-11,45.6000,45.6200,40.5000,43.0000,25599200
2006-08-04,47.0500,48.0000,45.4400,45.9400,14454800
2006-07-28,46.1000,49.4100,44.4700,46.9700,26161900
2006-07-21,44.9200,47.1400,43.2300,45.9800,16949900
2006-07-14,48.2100,48.5800,44.0200,45.0800,19522800
2006-07-07,47.5900,48.5900,46.5900,48.2500,11249100
2006-06-30,46.4500,48.4000,44.5200,47.4300,21992000
2006-06-23,43.9300,46.9000,41.6800,45.9100,20861600
2006-06-16,42.6500,44.2900,40.7200,43.5000,15534700
2006-06-09,44.1400,44.7500,40.2600,43.4400,21893600
2006-06-02,41.7500,44.1500,40.1600,43.9800,14834200
2006-05-26,38.8500,43.0300,37.2800,41.4600,21435800
2006-05-19,40.3600,42.1700,37.6300,39.3000,22354700
2006-05-12,42.3600,43.5400,40.5000,40.6100,14573800
2006-05-05,42.0000,42.8600,39.7800,42.6100,16784700
2006-04-28,37.6800,43.3700,37.1800,42.1600,26093700
2006-04-21,37.9500,38.9300,36.4200,37.8000,17465500
2006-04-13,38.0500,39.1700,36.0200,37.9600,15569200
2006-04-07,44.3600,44.7400,37.5600,37.8700,25011200
2006-03-31,42.1400,44.2200,40.7300,44.2200,12109700
2006-03-24,42.7000,42.9000,40.0000,41.9300,12601200
2006-03-17,39.0000,42.1100,38.5600,42.0400,12442800
2006-03-10,40.3000,40.7400,38.0900,38.9500,14991000
2006-03-03,37.3900,40.4600,37.0500,40.1100,20508200
2006-02-24,70.2200,73.9800,69.1500,73.9800,8191400
2006-02-17,69.5600,71.2400,68.1200,70.3000,6734800
2006-02-10,69.8400,70.7500,66.9700,69.6600,6858700
2006-02-03,70.7400,71.8400,68.6600,69.8900,9360300
2006-01-27,67.2800,70.9800,64.8500,70.7100,11122200
2006-01-20,66.3200,69.1800,65.5500,67.2700,10099000
2006-01-13,69.6200,72.1900,65.5000,66.6400,19571500
2006-01-06,65.0000,69.2600,63.0100,68.8300,15668600
2005-12-30,59.0200,65.3600,57.2900,64.8000,29066800
2005-12-23,58.5600,59.8100,56.0000,58.6000,7455600
2005-12-16,62.0000,62.5000,57.4000,58.1900,8727900
2005-12-09,59.9000,62.4400,59.7000,61.3400,7311600
2005-12-02,61.9000,62.8000,59.5600,60.0000,8290500
2005-11-25,61.5900,63.2700,61.1790,62.4300,4675800
2005-11-18,59.1600,62.0800,58.9100,61.7500,7895000
2005-11-11,60.1000,60.3700,57.6600,58.9000,7372500
2005-11-04,54.0000,61.3400,53.6600,59.6900,11697600
2005-10-28,51.9800,54.5470,51.1100,53.8200,7359400
2005-10-21,51.8600,53.4400,49.3330,51.6400,11790600
2005-10-14,49.6100,52.1800,45.1800,51.7000,15139300
2005-10-07,52.0000,55.8800,48.1600,49.5200,15050300
2005-09-30,53.4550,56.8600,50.9600,54.3200,17322800
2005-09-23,54.9700,56.2500,53.0000,53.0000,10096600
2005-09-16,50.4600,58.8200,50.2100,55.5200,36893300
2005-09-09,51.4650,54.1200,50.1500,50.6400,9900500
2005-09-02,48.7400,51.5000,47.7000,51.3500,8456600
2005-08-26,46.2300,49.1300,46.0800,48.8800,7049200
2005-08-19,46.6200,47.7500,45.7100,45.9600,5810200
2005-08-12,47.6700,48.0500,45.6000,46.9400,7975900
2005-08-05,47.8600,49.0500,47.4000,47.5100,6248100
2005-07-29,47.9850,48.6000,46.2500,47.8500,10937300
2005-07-22,46.6500,49.3700,45.2500,48.1600,13841600
2005-07-15,42.8400,47.6700,42.0000,47.2500,11168200
2005-07-08,41.4500,42.8900,39.5500,42.4200,8352200
2005-07-01,41.1500,41.8000,40.2700,41.7900,14765700
2005-06-24,42.1150,43.0200,39.2600,40.6900,17809500
2005-06-17,39.8400,42.5400,39.1700,42.1000,8841100
2005-06-10,40.0900,41.3500,39.0000,39.9500,9055100
2005-06-03,41.6000,43.2300,39.7800,40.0900,13197400
2005-05-27,39.8100,41.5200,39.0500,41.2000,12297600
2005-05-20,38.6600,39.9700,37.8900,39.4200,19341500
2005-05-13,37.3100,39.2800,36.8700,37.0000,11388700
2005-05-06,38.2900,40.0500,36.0200,37.2300,17035200
2005-04-29,39.8200,40.9000,36.8900,37.9100,10083100
2005-04-22,36.8100,40.1700,36.4000,40.1000,11539600
2005-04-15,36.7000,38.5000,35.5500,37.0700,13894900
2005-04-08,33.9900,37.9900,33.5000,36.4200,19246400
2005-04-01,32.9500,34.4400,31.9700,33.7600,11887000
2005-03-24,33.2700,33.7100,32.6200,32.9300,4672200
2005-03-18,32.8100,35.2400,32.3500,33.0500,9149000
2005-03-11,33.4000,33.9000,32.4900,32.8000,22900500
2005-03-04,27.9900,29.2900,27.1000,28.6800,11973000
2005-02-25,27.4900,28.3900,27.2200,28.1700,4008800
2005-02-18,28.3000,28.9800,27.1100,27.4900,6214500
2005-02-11,28.0000,28.7400,26.2100,28.1400,5680500
2005-02-04,27.3800,28.0000,26.7100,27.9000,6535300
2005-01-28,28.5400,29.4198,26.9300,27.4000,9338800
2005-01-21,29.2900,29.9400,28.6200,28.7600,8011400
2005-01-14,27.3800,30.0000,27.2000,29.8500,13102300
2005-01-07,26.6700,27.4000,24.7000,27.2300,11470400
2004-12-31,26.4500,27.1700,26.0000,26.5200,4570000
2004-12-23,27.0650,27.6800,25.7500,26.5400,7570600
2004-12-17,28.7650,29.2500,26.8400,27.0110,9610800
2004-12-10,29.0300,29.2700,27.6800,28.8400,10550400
2004-12-03,27.4900,29.7920,27.0000,28.6000,13712200
2004-11-26,26.6900,27.6300,26.3200,27.3900,9773700
2004-11-19,29.7700,30.4600,26.4000,26.8500,24869900
2004-11-12,30.1800,32.5800,29.1800,30.4100,14873700
2004-11-05,29.5000,31.6500,29.1400,30.3800,13412000
2004-10-29,28.1000,30.2700,27.5200,29.6200,8632250
2004-10-22,62.1900,63.7500,56.0400,56.1200,9897200
2004-10-15,61.2500,63.3500,60.4800,62.1300,5349900
2004-10-08,59.1000,63.2100,58.9200,61.0400,7955100
2004-10-01,58.1600,59.4200,57.4000,58.8800,3433200
2004-09-24,59.3200,60.1800,58.0300,58.1700,3438300
2004-09-17,57.5800,59.4700,57.4100,59.3900,4809700
2004-09-10,56.9700,57.8000,55.5500,57.6500,6016300
2004-09-03,57.2400,58.1500,54.9700,56.7500,3545600
2004-08-27,55.1900,57.7900,52.5400,57.2300,4790600
2004-08-20,50.2000,55.1300,49.9600,55.0100,4633400
2004-08-13,49.9000,52.8700,49.3700,50.1400,4909500
2004-08-06,53.4200,53.7300,49.0000,49.7600,4557400
2004-07-30,50.0800,53.8500,48.5000,53.3300,6017400
2004-07-23,54.2200,54.3100,46.6500,50.5400,12505900
2004-07-16,56.3000,56.3900,53.6400,54.2600,5751500
2004-07-09,56.8300,57.5700,55.1700,56.2900,2741100
2004-07-02,58.7100,58.9900,56.2200,56.9500,3803900
2004-06-25,55.5500,60.3500,54.0500,58.8200,4568100
2004-06-18,53.9990,56.4500,53.6200,55.7000,4650400
2004-06-10,58.6000,58.7000,53.0900,53.8600,8430900
2004-06-04,56.8500,59.7700,55.9700,58.7900,6824800
2004-05-28,54.8800,57.2900,54.0900,57.0000,4064800
2004-05-21,56.6600,56.7000,52.6000,54.4200,7867600
2004-05-14,52.5600,57.2800,50.3300,56.9700,8389100
2004-05-07,51.5900,54.9600,50.1700,52.9800,6582900
2004-04-30,57.5000,60.6000,45.0000,51.6000,21758700
2004-04-23,52.6400,58.5000,52.0700,56.9400,7550400
2004-04-16,50.6500,52.9000,50.4900,52.4100,4250400
2004-04-08,50.8200,53.1400,50.2600,50.9400,5287300
2004-04-02,46.0000,51.2000,45.9000,51.0000,5829000
2004-03-26,46.8800,47.2100,45.0700,46.4700,4913600
2004-03-19,44.4000,48.9200,43.5400,47.2600,11655900
2004-03-12,44.6500,45.3100,42.7900,44.4000,5298700
2004-03-05,41.2300,44.8800,41.1000,44.3900,5566600
2004-02-27,40.6100,41.6100,39.1700,40.9900,5949200
2004-02-20,40.8200,41.1400,37.4800,39.6800,5674400
2004-02-13,42.5000,42.9200,40.1800,40.1800,7377800
2004-02-06,40.2200,42.3800,40.2200,42.2100,6427900
2004-01-30,43.6100,44.4000,40.2300,40.4700,9149100
2004-01-23,42.6000,45.6500,41.2000,43.7900,9115500
2004-01-16,46.8500,47.5000,38.5180,42.1600,21459500
2004-01-09,45.2000,48.0000,42.8600,46.6100,8710800
2004-01-02,44.0900,45.7000,43.9700,45.2100,2863600
2003-12-26,43.2700,45.1100,42.8500,44.1000,2492000
2003-12-19,46.3000,46.7000,42.8300,43.4800,6901800
2003-12-12,45.7000,45.8500,43.1900,45.5900,7402700
2003-12-05,45.9200,48.1500,44.7900,45.9290,9287800
2003-11-28,42.8010,46.5000,42.8000,45.7300,6041800
2003-11-21,41.2200,43.6700,40.0300,42.6500,8845200
2003-11-14,39.8900,42.3500,36.5200,41.4100,10646900
2003-11-07,42.2600,42.5100,39.1900,40.0200,5575000
2003-10-31,40.6700,42.2100,40.0000,41.6900,6145300
2003-10-24,42.1000,42.4800,38.4900,40.2300,14898500
2003-10-17,44.8400,46.2300,41.6800,42.0000,5305500
2003-10-10,44.7600,46.8500,44.2700,44.8300,7431700
2003-10-03,42.6100,46.4100,42.4700,44.5400,11508300
2003-09-26,45.6900,45.9000,42.5000,42.5000,12622500
2003-09-19,45.5300,47.6900,44.6700,45.8900,6609500
2003-09-12,44.6400,48.8800,43.8800,45.4800,11335100
2003-09-05,38.4400,45.1300,37.9800,44.8700,7547800
2003-08-29,38.8200,39.8300,37.5410,38.4900,4572200
2003-08-22,35.9700,40.0000,35.7000,38.7800,6456400
2003-08-15,33.7100,36.2500,33.7000,35.9100,4274900
2003-08-08,35.9300,36.3440,32.7000,33.5100,4951400
2003-08-01,34.8300,37.8000,34.5500,35.8800,10068700
2003-07-25,32.1700,36.7900,31.1620,34.6600,8427000
2003-07-18,32.4100,34.0500,31.2600,32.1800,4955600
2003-07-11,31.5800,32.9500,31.0100,31.9200,4300500
2003-07-03,31.4900,32.4900,28.5200,31.1300,5582400
2003-06-27,32.2000,33.4000,30.0200,31.2200,7410300
2003-06-20,33.9500,35.5000,30.3400,32.0500,8649300
2003-06-13,34.6100,35.7000,32.0000,33.8300,7553300
2003-06-06,31.8500,37.1300,30.5000,34.7600,16011600
2003-05-30,31.2400,35.8500,30.1000,31.4800,21999300
2003-05-23,31.8000,32.9500,28.7900,31.1000,7939100
2003-05-16,27.4000,32.4500,27.0000,31.4800,11149500
2003-05-09,27.5200,30.1500,26.5000,27.4200,9735500
2003-05-02,27.8500,28.0900,25.7200,27.5200,11549700
2003-04-25,25.4500,29.0800,25.1700,27.8800,7292600
2003-04-17,25.1600,26.5000,24.7200,25.4400,3960200
2003-04-11,28.2900,28.6600,25.0000,25.1900,10575500
2003-04-04,26.9800,29.1000,26.0000,27.8100,6574200
2003-03-28,26.6100,27.9500,25.7000,27.1000,6679500
2003-03-21,24.5000,26.9800,24.2200,26.6600,5480000
2003-03-14,23.9500,24.9500,23.1900,24.5000,4800500
2003-03-07,21.8300,24.5000,21.8000,24.0000,5516800
2003-02-28,22.0200,22.1800,20.7600,21.9000,2729400
2003-02-21,21.8800,22.2800,21.1400,22.0300,1305300
2003-02-14,22.5000,22.8500,20.1500,21.3900,4484600
2003-02-07,22.4400,22.8400,21.5200,22.5200,3894900
2003-01-31,23.0900,23.1400,20.7100,22.3900,8992100
2003-01-24,24.5000,24.8300,23.1900,23.3100,2292700
2003-01-17,23.6700,25.0500,23.4500,24.4100,3273100
2003-01-10,22.1000,23.8900,21.9100,23.5800,2787200
2003-01-03,21.8300,22.4700,21.3300,22.2500,2144700
2002-12-27,22.6100,23.6800,21.7200,21.8100,1727900
2002-12-20,21.3500,22.9300,21.0500,22.7600,3380100
2002-12-13,22.3600,22.9400,20.7500,21.5700,5092600
2002-12-06,24.6900,25.4600,20.5000,22.4600,5536500
2002-11-29,25.0000,25.3900,22.8600,24.6000,2624600
2002-11-22,24.0400,25.5000,22.5200,25.0000,4180100
2002-11-15,22.4000,24.1500,20.8400,24.0300,4271500
2002-11-08,23.5400,24.8300,21.7600,22.4100,5246700
2002-11-01,20.6700,23.5500,20.5100,23.5100,5641300
2002-10-25,17.2600,21.6800,16.9800,20.6800,6501000
2002-10-18,15.7500,17.7200,15.6000,17.2900,2379200
2002-10-11,15.8100,16.8000,15.0600,15.8100,2953900
2002-10-04,16.2500,17.8500,15.5300,15.9200,3982100
2002-09-27,16.8500,18.0000,14.8500,16.2600,3642800
2002-09-20,17.6400,17.8500,16.5200,17.1100,3020000
2002-09-13,17.0100,18.3800,16.5500,17.6500,2300600
2002-09-06,17.2500,17.7200,15.9300,17.2500,2937300
2002-08-30,20.4500,20.5900,17.3400,17.3800,3485300
2002-08-23,19.3300,21.3500,18.6500,20.3000,3553900
2002-08-16,19.0400,19.8000,17.7500,19.3300,3151000
2002-08-09,16.9900,19.4300,15.8000,19.0600,4368900
2002-08-02,15.0600,17.9800,15.0600,17.2200,6260000
2002-07-26,14.7900,15.7400,12.9700,15.0500,6125600
2002-07-19,12.2000,16.0000,11.9300,14.6800,7305700
2002-07-12,13.2900,13.8800,11.3700,12.0200,4780700
2002-07-05,15.2500,15.4500,11.7800,13.5000,4162300
2002-06-28,16.1700,16.4800,11.3200,15.3000,6052600
2002-06-21,17.3000,18.4500,15.9100,16.1000,3810800
2002-06-14,17.8500,18.4000,15.8000,17.1200,5491600
2002-06-07,18.0100,18.7200,16.1300,18.0000,6601300
2002-05-31,19.2000,19.4000,17.8300,18.0000,2000900
2002-05-24,20.9000,21.1500,18.4400,18.9300,4682600
2002-05-17,18.4700,21.4500,18.4700,21.0000,3394800
2002-05-10,18.9900,20.1500,17.5500,18.4100,3725400
2002-05-03,19.1100,20.4000,18.3800,19.0000,4496900
2002-04-26,22.6300,22.6400,18.6400,19.3000,7057000
2002-04-19,23.6100,24.3400,22.7400,22.8600,2819100
2002-04-12,23.1200,24.4500,22.1800,23.8100,3822100
2002-04-05,24.7800,25.2000,23.0000,23.2100,3674800
2002-03-28,25.7400,25.9500,24.0800,24.7500,2574200
2002-03-22,23.3100,26.1900,23.3100,25.7000,5681200
2002-03-15,22.1000,23.6500,21.5200,23.3100,4698900
2002-03-08,26.0800,27.8000,21.9200,22.5000,13939500
2002-03-01,26.0500,27.4700,24.4900,25.8900,5424600
2002-02-22,26.9500,28.2400,25.4200,26.0500,4799300
2002-02-15,28.2500,29.7000,26.2900,27.0400,8170000
2002-02-08,27.9700,28.3500,25.0000,28.1400,7142700
2002-02-01,27.3600,28.7900,22.6500,28.1600,8793900
2002-01-25,26.2000,28.0500,25.4100,27.1600,4493300
2002-01-18,28.7600,29.2500,25.5300,25.8300,6066200
2002-01-11,31.4600,32.0600,28.5700,28.7600,4800500
2002-01-04,33.0400,33.1700,28.8700,30.6400,5152000
2001-12-28,31.1500,33.2700,30.9500,32.9400,2068800
2001-12-21,30.6500,32.0800,28.8000,30.9200,7649200
2001-12-14,32.0500,33.6000,29.5100,30.7600,12723100
2001-12-07,35.1300,37.0000,30.6000,31.5000,11463900
2001-11-30,38.2700,38.5000,33.6800,34.8900,8698700
2001-11-23,36.5500,38.5400,35.7300,38.3000,4349700
2001-11-16,34.9900,38.8800,33.5500,35.9100,9894100
2001-11-09,34.6900,37.9800,34.5800,34.9800,8301200
2001-11-02,33.5700,35.7600,30.7500,34.5800,6403200
2001-10-26,30.0800,34.3900,28.5000,33.4400,9355700
2001-10-19,27.8400,33.6000,27.6000,30.3900,10295600
2001-10-12,25.4300,28.5000,23.4500,27.9300,5665900
2001-10-05,25.7200,27.6000,23.5000,23.9800,6228400
2001-09-28,22.2500,27.7000,21.2200,26.4300,5225300
2001-09-21,26.4700,27.0000,20.5000,21.3200,5543500
2001-09-10,27.3300,28.1300,26.8000,27.7500,968700
2001-09-07,28.1900,29.4600,26.4500,27.4100,3349500
2001-08-31,27.8600,29.5000,26.6000,27.8100,5466700
2001-08-24,23.7300,28.4000,20.6600,27.9200,7949800
2001-08-17,25.7500,25.8000,21.8300,23.7400,4362500
2001-08-10,27.0500,27.7000,24.3500,25.7500,2810100
2001-08-03,27.9500,28.1800,25.8400,27.3500,3261600
2001-07-27,28.3000,29.1600,24.4000,27.8100,7144300
2001-07-20,27.0400,28.6800,25.7600,28.0600,4436400
2001-07-13,27.0400,29.5000,24.9000,26.7000,7779800
2001-07-06,29.0000,29.1600,26.4800,26.6000,1795300
2001-06-29,27.5100,29.2500,25.0000,28.8500,6741400
2001-06-22,30.7000,32.6000,26.3000,26.8700,15910000
2001-06-15,32.8500,33.7000,28.6200,30.9000,10485700
2001-06-08,32.0500,36.4800,31.0300,32.8500,19715900
2001-06-01,28.1500,32.2400,27.4300,30.7400,11502200
2001-05-25,23.3000,28.0400,22.7000,28.0300,10238400
2001-05-18,18.8000,23.1700,17.8000,22.9900,13313000
2001-05-11,17.3400,20.5000,17.2700,19.3000,14278600
2001-05-04,16.4000,18.2000,15.3800,16.7700,12889700
2001-04-27,19.0800,19.1300,14.4000,15.9300,27831200
2001-04-20,19.5800,22.0000,18.6100,19.2500,7036200
2001-04-12,18.6500,20.2600,17.7500,19.5200,5307500
2001-04-06,24.7500,24.8600,16.8800,18.6300,15157300
2001-03-30,21.4700,26.8800,21.3800,25.0000,8028100
2001-03-23,18.7500,21.5000,16.9400,20.8100,9095200
2001-03-16,23.5000,23.7500,18.6300,18.6900,5759000
2001-03-09,27.0000,28.0000,23.6300,24.4400,3553700
2001-03-02,25.8100,27.2500,24.0600,26.5600,3140300
2001-02-23,26.5000,27.3800,21.9400,25.0000,4294000
2001-02-16,26.6900,28.6900,26.0000,26.4400,4689900
2001-02-09,26.9700,28.0000,24.9400,26.4400,3682000
2001-02-02,29.6600,31.1900,25.6900,26.7500,6950800
2001-01-26,26.1900,33.2500,26.0000,28.9400,9906600
2001-01-19,27.6300,28.0600,24.2500,26.2500,8337500
2001-01-12,23.9400,29.0000,18.7500,26.9400,33208700
2001-01-05,33.1900,33.5000,23.6300,24.6900,15232300
2000-12-29,37.1900,37.3800,26.8800,32.5000,11619500
2000-12-22,47.0000,47.7500,33.0000,36.0600,9056400
2000-12-15,64.3800,65.8800,39.5000,44.7500,13124700
2000-12-08,63.5000,70.0000,55.5000,64.0600,7814000
2000-12-01,63.6900,66.8800,54.8100,62.0200,5355400
2000-11-24,50.9400,60.5600,49.1300,60.3800,4274800
2000-11-17,60.0000,60.0600,49.3800,52.1300,7844500
2000-11-10,72.1300,74.1900,60.3800,62.3100,3950500
2000-11-03,62.1300,74.8800,59.8800,72.3800,4454600
2000-10-27,72.0000,72.5000,60.0000,62.2500,4726500
2000-10-20,57.6900,74.3800,56.5000,73.0600,6731400
2000-10-13,48.0000,57.6300,43.8800,56.1900,5663400
2000-10-06,58.7500,59.8800,46.1300,48.0000,4863000
2000-09-29,69.7500,69.8800,52.5900,59.5000,11792000
2000-09-22,69.6300,71.4400,59.8800,68.8800,6271700
2000-09-15,61.7500,71.0600,60.5000,70.0000,5103600
2000-09-08,75.7500,76.0000,63.3800,64.0000,2974300
2000-09-01,68.3100,76.0000,66.0000,74.7500,5457000
2000-08-25,57.4100,68.2500,54.8800,67.3800,4324300
2000-08-18,62.0600,62.2500,56.2500,57.7500,2422200
2000-08-11,56.0000,61.8800,53.5000,61.0000,3059400
2000-08-04,49.3800,56.2500,47.5000,54.2500,3356700
2000-07-28,49.9400,53.5000,41.7500,49.4400,5365700
2000-07-21,51.8100,52.0000,44.5000,48.3800,4634500
2000-07-14,54.7500,56.6300,49.2500,51.1300,4924000
2000-07-07,58.5000,58.7500,50.5000,54.0000,4624800
2000-06-30,64.7500,65.0000,49.8800,58.8800,7099500
2000-06-23,56.3800,68.5000,53.3800,62.7500,7716600
2000-06-16,49.3800,57.0000,47.0000,56.6300,4530100
2000-06-09,37.7500,49.3800,37.7500,47.7500,3638700
2000-06-02,39.1900,39.7500,36.6300,37.5000,2483500
2000-05-26,40.0000,40.3800,31.0000,37.0600,6780100
2000-05-19,47.1900,48.0000,38.6900,38.8800,6046100
2000-05-12,49.5000,51.5000,45.5000,47.3100,4218200
2000-05-05,48.9400,50.7500,43.3100,50.7500,6804800
2000-04-28,33.7500,48.8800,30.0000,47.0600,8625700
2000-04-20,28.0000,42.0000,25.0000,36.0000,3999833
2000-04-14,103.5000,109.9000,85.0000,90.1300,2783900
2000-04-07,108.6000,108.9000,69.5000,103.0000,3443100
2000-03-31,125.1000,128.8000,83.2500,99.5600,2710000
2000-03-24,134.0000,136.4000,86.9400,123.1300,2937200
2000-03-17,166.9000,173.3000,109.5000,127.9000,3842800
2000-03-10,174.5000,187.0000,162.5000,168.5000,1407100
2000-03-03,143.8000,180.3000,143.8000,180.0000,1506000
2000-02-25,136.1000,152.8000,121.0000,142.2000,2287500
2000-02-18,118.0000,148.6000,113.3000,137.0000,3777700
2000-02-11,85.9400,120.5000,85.7500,118.4000,4977100
2000-02-04,72.0000,91.1300,68.0000,91.1300,1579000
2000-01-28,66.0000,81.5000,64.8800,73.2500,2336600
2000-01-21,62.8800,68.5000,59.3100,64.8800,1027900
2000-01-14,60.5000,64.8800,55.0000,63.6300,1286200
