timestamp,open,high,low,close,volume
2018-02-27,1.6900,1.8400,1.6100,1.7300,351464
2018-02-23,1.7000,1.8300,1.5732,1.6500,617539
2018-02-16,1.4900,1.6900,1.4683,1.6500,550870
2018-02-09,1.4000,1.9900,1.3600,1.4550,2338386
2018-02-02,1.3000,1.5000,1.2600,1.4100,1638580
2018-01-26,1.1300,1.3400,1.1200,1.2500,1097769
2018-01-19,1.2300,1.2300,1.0700,1.1200,403557
2018-01-12,1.1600,1.2376,1.0700,1.1900,743045
2018-01-05,1.0200,1.2000,1.0041,1.1890,649905
2017-12-29,1.0600,1.1000,0.9700,1.0100,754187
2017-12-22,1.0400,1.1500,0.9620,1.1000,748216
2017-12-15,0.9001,1.0600,0.8820,1.0200,1282515
2017-12-08,0.9900,0.9900,0.8500,0.9000,466203
2017-12-01,1.0300,1.0400,0.9200,0.9800,490877
2017-11-24,1.0100,1.0400,0.9610,1.0000,409830
2017-11-17,1.0280,1.0500,0.9150,1.0100,386746
2017-11-10,1.0500,1.0540,1.0000,1.0200,170306
2017-11-03,1.0230,1.0900,1.0000,1.0200,97720
2017-10-27,1.0400,1.1100,0.9500,1.0400,266397
2017-10-20,1.1100,1.1400,1.0000,1.0400,410447
2017-10-13,1.3000,1.3000,1.1100,1.1300,436143
2017-10-06,1.2500,1.2900,1.0900,1.2900,1808945
2017-09-29,1.0500,1.2200,0.9700,1.1100,642389
2017-09-22,0.9900,1.0700,0.8820,1.0400,671968
2017-09-15,0.9080,0.9990,0.8500,0.9420,964635
2017-09-08,1.1000,1.1250,0.8000,0.8750,1275927
2017-09-01,1.1500,1.2000,1.0500,1.0500,268716
2017-08-25,1.1000,1.2000,1.0500,1.1500,210305
2017-08-18,1.2600,1.3000,1.0000,1.1750,408108
2017-08-11,1.3000,1.3360,1.2000,1.2500,227185
2017-08-04,1.3000,1.3950,1.2000,1.3000,571159
2017-07-28,1.3000,1.3500,1.2000,1.2500,1466341
2017-07-21,1.4000,1.6100,1.2500,1.2500,1018747
2017-07-14,1.4500,1.6000,1.3000,1.3750,153296
2017-07-07,1.4500,1.5500,1.3000,1.4000,89180
2017-06-30,1.2000,1.7000,1.2000,1.4500,523008
2017-06-23,1.1500,1.2500,1.1000,1.2000,159961
2017-06-16,1.1500,1.2500,1.1000,1.1500,122578
2017-06-09,1.2660,1.3000,1.1500,1.2000,118683
2017-06-02,1.3500,1.3750,1.2000,1.2500,110165
2017-05-26,1.2550,1.7000,1.2250,1.4000,191580
2017-05-19,1.5260,1.6000,1.2000,1.2500,339356
2017-05-12,1.4000,1.7000,1.2500,1.5500,287753
2017-05-05,1.7500,1.7500,1.3000,1.4250,335092
2017-04-28,1.7000,1.8000,1.6000,1.7500,56776
2017-04-21,1.8000,1.9000,1.6000,1.6500,147989
2017-04-13,1.8000,1.8500,1.6500,1.7500,100033
2017-04-07,1.8000,2.0500,1.7500,1.8500,224605
2017-03-31,2.0000,2.4000,1.8000,1.8000,295184
2017-03-24,2.0550,2.1000,1.9000,2.0000,95149
2017-03-17,2.2500,2.3500,2.0500,2.1000,195433
2017-03-10,2.2500,2.5000,2.1000,2.2500,396071
2017-03-03,2.1000,2.3000,2.0050,2.3000,219338
2017-02-24,2.2500,2.4500,2.0240,2.1500,504632
2017-02-17,1.6500,2.2000,1.6500,2.1500,282056
2017-02-10,1.7000,1.8500,1.4950,1.5450,190127
2017-02-03,1.9000,1.9000,1.6500,1.7500,90272
2017-01-27,1.8100,1.9000,1.6975,1.9000,95671
2017-01-20,2.0000,2.0000,1.6500,1.8000,157113
2017-01-13,2.0000,2.1905,1.8000,2.0500,215898
2017-01-06,1.8500,2.1369,1.8000,1.9500,182165
2016-12-30,2.2450,2.3000,1.6500,1.7500,336214
2016-12-23,2.2968,2.3500,2.1000,2.2500,135555
2016-12-16,2.1500,2.5000,2.1000,2.3000,219652
2016-12-09,2.3000,2.4500,2.1000,2.2000,131267
2016-12-02,2.2000,2.7000,2.1000,2.2750,192992
2016-11-25,2.1000,2.3000,1.9500,2.3000,99193
2016-11-18,1.7000,2.3000,1.7000,2.2334,198814
2016-11-11,1.7500,1.9500,1.3500,1.9000,179664
2016-11-04,2.1000,2.4500,1.5250,1.7500,575353
2016-10-28,2.5600,2.7200,2.1389,2.1400,281423
2016-10-21,2.3000,2.6600,2.2501,2.5800,177748
2016-10-14,2.3700,2.5000,2.2500,2.2700,96111
2016-10-07,2.4600,2.5700,2.3400,2.4000,122789
2016-09-30,2.3260,2.7058,2.1600,2.4800,1098578
2016-09-23,2.4000,2.4999,2.1500,2.3200,397459
2016-09-16,2.5200,3.2800,2.3000,2.3100,1227434
2016-09-09,2.3100,2.5500,2.1600,2.5400,795919
2016-09-02,2.2688,2.3900,2.2200,2.3100,192817
2016-08-26,2.3000,2.3317,2.1500,2.2800,85830
2016-08-19,2.2600,2.3492,2.2101,2.2379,80453
2016-08-12,2.4000,2.4900,2.1400,2.2899,244221
2016-08-05,2.4000,2.4800,2.2100,2.3918,295431
2016-07-29,2.5000,2.5000,2.2000,2.4000,179496
2016-07-22,2.5002,2.8699,2.3101,2.4400,335435
2016-07-15,2.8300,3.0811,2.4600,2.5000,105552
2016-07-08,2.9000,3.1500,2.6800,2.7200,122990
2016-07-01,3.0500,3.2300,2.7900,2.8900,128015
2016-06-24,3.2200,3.2200,2.7500,3.0100,119095
2016-06-17,2.9552,3.1400,2.8609,3.1400,37484
2016-06-10,3.0700,3.0700,2.8250,3.0100,80471
2016-06-03,3.1900,3.4000,2.8766,3.0500,162493
2016-05-27,2.4500,3.1300,2.2600,3.0600,177940
2016-05-20,2.2000,2.8100,2.1299,2.4500,236998
2016-05-13,3.1300,3.4000,2.0968,2.2000,511875
2016-05-06,3.6200,3.7600,3.1000,3.2200,288465
2016-04-29,3.9300,4.1200,3.5200,3.5300,69951
2016-04-22,3.7200,4.0700,3.6850,3.9800,71273
2016-04-15,3.6500,3.7800,3.5300,3.7700,62399
2016-04-08,3.4700,3.8401,3.4400,3.6701,145260
2016-04-01,3.1500,3.6500,3.0600,3.4600,794823
2016-03-24,3.5900,3.8500,3.4100,3.5500,92560
2016-03-18,3.5400,3.8375,3.2500,3.5700,215179
2016-03-11,3.1000,3.6123,3.0655,3.5100,135856
2016-03-04,3.4400,3.4500,3.1300,3.2500,120171
2016-02-26,3.3500,3.5200,3.0700,3.3000,90327
2016-02-19,3.2400,3.5700,3.1200,3.3800,55476
2016-02-12,3.3500,3.3900,3.0100,3.1800,74023
2016-02-05,3.2800,3.4000,3.0000,3.4000,132151
2016-01-29,3.6400,3.8900,3.0811,3.2700,207390
2016-01-22,4.3100,4.3400,3.3000,3.6500,511461
2016-01-15,4.3000,4.5200,4.0000,4.2500,414312
2016-01-08,4.6200,4.6200,4.0000,4.2000,331771
2015-12-31,4.7400,5.0000,4.4400,4.7500,124364
2015-12-24,4.9200,5.3500,4.7700,4.8200,327522
2015-12-18,3.1600,5.1700,3.0000,4.9200,852089
2015-12-11,3.7000,3.7000,3.1700,3.1900,128286
2015-12-04,4.2400,4.4100,3.6960,3.7600,130079
2015-11-27,3.7900,4.2470,3.7200,4.2300,60106
2015-11-20,4.2000,4.2000,3.4000,3.7600,391056
2015-11-13,4.0500,4.3600,3.8600,4.2250,382659
2015-11-06,4.0700,4.4400,3.8100,4.0400,781983
2015-10-30,4.1300,4.2300,3.9899,4.0600,687099
2015-10-23,4.4800,4.6299,4.0100,4.1001,693132
2015-10-16,4.3800,4.6500,4.3100,4.5200,337840
2015-10-09,4.1400,4.3900,3.9433,4.3500,180672
2015-10-02,4.1500,4.4900,3.8700,4.0700,481460
2015-09-25,5.0000,5.0100,4.1300,4.1800,248430
2015-09-18,4.9000,5.1899,4.7600,4.9400,242603
2015-09-11,4.8800,5.1500,4.7500,4.9000,124488
2015-09-04,5.1200,5.1200,4.6100,5.0500,103120
2015-08-28,5.0700,5.2000,4.4400,5.1500,175979
2015-08-21,4.6300,5.8000,4.6000,5.0800,533511
2015-08-14,4.6100,4.9200,4.4801,4.5600,190890
2015-08-07,4.8200,4.8600,4.2600,4.5600,193200
2015-07-31,4.8500,5.1400,4.8000,4.9100,75024
2015-07-24,5.2000,5.3100,4.8100,4.9200,141793
2015-07-17,5.1600,5.7100,5.0000,5.2300,303564
2015-07-10,5.5400,5.6500,4.9500,5.1400,175601
2015-07-02,5.7000,5.7000,5.0800,5.4700,248508
2015-06-26,4.6600,5.8600,4.4800,5.6500,481124
2015-06-19,4.8500,5.1500,4.4000,4.8200,346406
2015-06-12,4.2500,4.9899,3.9200,4.8700,237318
2015-06-05,4.7900,4.8700,4.0600,4.2399,323275
2015-05-29,5.0500,5.0500,4.5900,4.8400,84055
2015-05-22,4.6600,5.1195,4.3800,5.0723,189777
2015-05-15,4.8300,5.1950,4.6900,4.8800,130096
2015-05-08,5.0600,5.5000,4.3000,4.8900,332146
2015-05-01,5.3800,5.6500,5.0200,5.1100,313754
2015-04-24,5.5400,5.7299,5.1100,5.3700,257583
2015-04-17,5.6400,6.2400,5.3910,5.5300,781321
2015-04-10,5.5400,6.1400,5.2700,5.5800,776369
2015-04-02,5.2200,6.0560,4.7000,5.6000,798078
2015-03-27,5.3500,5.3500,4.5006,4.9400,245454
2015-03-20,6.0400,6.1304,4.5800,5.0200,858745
2015-03-13,4.7000,6.0900,4.5200,5.8000,997060
2015-03-06,4.3400,4.7600,4.0200,4.6100,241373
2015-02-27,4.1800,4.4900,3.7800,4.3300,166334
2015-02-20,4.1400,4.5000,3.6700,4.1700,249604
2015-02-13,4.7200,4.8900,4.0000,4.0000,172010
2015-02-06,4.7600,5.0000,4.3500,4.6110,74136
2015-01-30,4.4600,5.1000,4.1756,4.7514,150327
2015-01-23,4.7000,4.7000,3.6100,4.3800,93192
2015-01-16,4.2400,4.7300,3.9200,4.5200,165695
2015-01-09,3.9900,4.2300,3.5000,4.1904,119343
2015-01-02,3.5000,3.8500,3.5000,3.7870,54127
2014-12-26,2.8000,4.4400,2.8000,3.7501,424120
2014-12-19,2.8400,2.9800,2.5200,2.8000,60924
2014-12-12,2.6201,2.8400,2.5000,2.7000,37984
2014-12-05,2.7723,2.9500,2.6600,2.8900,34199
2014-11-28,2.7200,2.7811,2.6501,2.7811,8479
2014-11-21,2.9999,3.0835,2.6200,2.8800,53163
2014-11-14,3.2532,3.2800,2.9201,3.0001,21905
2014-11-07,3.3632,3.5300,3.0300,3.3000,122392
2014-10-31,3.3999,3.4300,2.9000,3.2600,23319
2014-10-24,3.2299,3.4200,3.0000,3.4000,26224
2014-10-17,3.4500,3.4600,3.0000,3.1700,31364
2014-10-10,3.5900,3.9000,3.4000,3.4300,57770
2014-10-03,3.8000,3.8599,3.3000,3.4600,43739
2014-09-26,4.2100,4.4148,3.7000,3.9899,30047
2014-09-19,4.6500,5.2000,4.0500,4.3100,40266
