timestamp,open,high,low,close,volume
2018-02-27,2.9200,3.0500,2.8990,2.9800,155476
2018-02-23,2.8900,2.9900,2.7246,2.8900,132592
2018-02-16,2.7700,2.9500,2.6500,2.8800,587741
2018-02-09,2.7800,2.8058,2.5100,2.7500,201431
2018-02-02,2.8500,2.9800,2.7500,2.8000,133248
2018-01-26,2.8500,2.9900,2.7500,2.8900,282027
2018-01-19,2.9100,2.9600,2.7610,2.7900,196145
2018-01-12,2.8300,3.0100,2.8100,2.9400,194518
2018-01-05,3.1700,3.2250,2.8000,2.8500,265286
2017-12-29,3.0500,3.3400,3.0000,3.1500,503665
2017-12-22,2.9000,3.1900,2.8569,3.0700,267585
2017-12-15,2.9500,3.0100,2.8601,2.8900,262007
2017-12-08,3.0800,3.2500,2.7600,2.9500,586949
2017-12-01,2.8800,3.2300,2.1400,3.0500,770860
2017-11-24,2.6900,2.9700,2.6900,2.8600,107108
2017-11-17,2.5800,2.8000,2.5100,2.7200,186484
2017-11-10,2.9100,3.0000,2.5600,2.6000,251426
2017-11-03,2.6500,2.9900,2.5800,2.9200,455465
2017-10-27,2.9100,2.9900,2.5900,2.6300,237487
2017-10-20,2.9600,3.0400,2.8100,2.8900,147502
2017-10-13,3.1100,3.1600,2.9400,2.9900,391188
2017-10-06,2.5600,3.2400,2.5500,3.1100,498499
2017-09-29,2.6500,2.7300,2.5000,2.5600,305521
2017-09-22,2.7200,3.0100,2.4700,2.6500,368600
2017-09-15,2.4500,3.2600,2.3900,2.7200,904631
2017-09-08,2.4100,2.4900,2.3000,2.4400,175099
2017-09-01,2.2000,2.5000,2.1000,2.4000,326629
2017-08-25,2.2000,2.2100,2.0600,2.2000,416806
2017-08-18,2.2500,2.2800,2.0000,2.2000,159665
2017-08-11,2.4200,2.4800,2.1700,2.2400,138204
2017-08-04,2.0800,2.4500,2.0000,2.4000,431762
2017-07-28,1.8400,2.0800,1.7100,2.0500,294476
2017-07-21,1.7000,1.8500,1.6600,1.8300,171127
2017-07-14,1.6900,1.7000,1.6000,1.6900,84722
2017-07-07,1.7300,1.7400,1.6200,1.7000,48189
2017-06-30,1.7100,1.7700,1.6200,1.7400,204316
2017-06-23,1.7300,1.8600,1.7000,1.7100,168666
2017-06-16,1.6800,1.8800,1.6800,1.7300,217322
2017-06-09,1.6600,1.9500,1.6500,1.6700,275381
2017-06-02,1.6600,1.8100,1.6300,1.6900,263948
2017-05-26,1.6900,1.8600,1.6300,1.6800,189970
2017-05-19,1.7500,1.7700,1.5500,1.6500,398998
2017-05-12,1.7600,1.7900,1.7100,1.7500,104881
2017-05-05,1.8300,2.2400,1.6600,1.7600,563518
2017-04-28,1.7000,1.8900,1.6200,1.8400,203478
2017-04-21,1.6200,1.8000,1.5600,1.7000,436955
2017-04-13,1.6300,1.7100,1.5500,1.6200,179059
2017-04-07,1.7800,1.8800,1.6300,1.6300,353353
2017-03-31,1.8700,1.9000,1.6600,1.8000,278481
2017-03-24,1.9800,2.0200,1.7900,1.8500,208949
2017-03-17,1.9700,2.0900,1.9100,1.9900,284342
2017-03-10,2.0900,2.3500,1.9200,1.9300,483106
2017-03-03,2.1800,2.1800,2.0100,2.0900,245614
2017-02-24,2.0000,2.3800,1.8600,2.1700,506209
2017-02-17,1.9000,2.0000,1.8500,1.9800,151673
2017-02-10,1.9600,2.0100,1.7600,1.8800,127925
2017-02-03,1.9000,2.0500,1.7200,1.9500,417997
2017-01-27,2.0000,2.1400,1.9000,1.9200,433943
2017-01-20,2.0000,2.0700,1.9000,2.0000,288936
2017-01-13,2.1000,2.1700,1.9500,2.0200,409282
2017-01-06,2.0600,2.1700,2.0200,2.0900,249591
2016-12-30,2.3200,2.3200,1.9600,2.0100,565857
2016-12-23,2.3400,2.3600,2.0200,2.3200,469686
2016-12-16,2.7300,2.8300,2.2200,2.3600,636144
2016-12-09,2.8400,2.9800,2.6100,2.7100,1222894
2016-12-02,2.2500,2.9900,1.8500,2.7800,1854638
2016-11-25,2.3500,2.4100,2.2000,2.2300,327510
2016-11-18,2.3000,2.5300,2.1600,2.3100,1767089
2016-11-11,1.6000,2.3049,1.5200,2.2200,726440
2016-11-04,1.5345,1.7300,1.5300,1.5800,223807
2016-10-28,1.7000,1.9000,1.6000,1.6300,268980
2016-10-21,1.5000,1.7400,1.3700,1.7000,1326227
2016-10-14,1.6600,1.6700,1.4200,1.4900,519861
2016-10-07,1.8100,1.8400,1.6300,1.6800,411036
2016-09-30,1.7600,1.9400,1.7600,1.8200,514023
2016-09-23,1.6800,1.8500,1.6600,1.8000,624001
2016-09-16,1.7500,1.8900,1.6200,1.7000,690096
2016-09-09,1.2300,1.9900,1.1700,1.7600,8138796
2016-09-02,1.1500,1.2900,1.1390,1.2200,424426
2016-08-26,1.0700,1.1900,1.0500,1.1200,237698
2016-08-19,1.0600,1.1500,1.0500,1.0600,149270
2016-08-12,1.2400,1.2500,1.0600,1.0700,221572
2016-08-05,1.0600,1.3300,1.0056,1.2000,558370
2016-07-29,1.1000,1.1700,1.0100,1.0100,347843
2016-07-22,1.1000,1.2400,0.9601,1.0400,347073
2016-07-15,1.0700,1.1800,1.0700,1.1200,147434
2016-07-08,1.0300,1.1000,1.0000,1.0600,226734
2016-07-01,1.0000,1.1400,0.9511,1.0200,152571
2016-06-24,1.0500,1.1400,0.9620,1.0300,125559
2016-06-17,1.1000,1.1400,0.8500,1.0700,198592
2016-06-10,0.9100,1.0600,0.8995,0.9900,234051
2016-06-03,0.8500,1.0000,0.7121,0.8700,1498288
2016-05-27,0.9097,0.9100,0.7200,0.8000,944138
2016-05-20,0.9400,0.9400,0.8400,0.9008,188505
2016-05-13,0.9900,1.0300,0.8520,0.9400,110863
2016-05-06,1.0000,1.1300,0.9700,0.9800,259598
2016-04-29,1.1100,1.1100,1.0000,1.0500,142577
2016-04-22,1.0700,1.1200,1.0100,1.0100,94017
2016-04-15,1.0501,1.1100,1.0500,1.0700,129683
2016-04-08,1.0600,1.1300,1.0500,1.0800,147440
2016-04-01,1.0600,1.1800,0.9800,1.0600,308012
2016-03-24,1.0800,1.1690,1.0100,1.0200,119259
2016-03-18,1.1220,1.1700,1.0000,1.0700,151054
2016-03-11,1.1600,1.2300,1.1000,1.1100,77631
2016-03-04,1.1600,1.2400,1.0889,1.1300,130377
2016-02-26,1.0717,1.1600,1.0200,1.1600,216153
2016-02-19,1.0900,1.2700,1.0100,1.0200,105072
2016-02-12,1.1780,1.2999,0.9500,1.0360,211541
2016-02-05,0.9900,1.2900,0.9792,1.1826,215457
2016-01-29,1.1300,1.1500,0.9900,1.0300,124807
2016-01-22,1.2040,1.2800,1.1240,1.1500,75357
2016-01-15,1.1300,1.2800,1.1300,1.1900,74720
2016-01-08,1.3500,1.3500,1.1300,1.1600,36221
2015-12-31,1.5700,1.6000,1.1800,1.2900,260452
2015-12-24,1.3500,1.5500,1.3010,1.4100,98820
2015-12-18,1.3500,1.3800,1.2898,1.3300,131358
2015-12-11,1.4200,1.4200,1.3000,1.3200,74641
2015-12-04,1.5100,1.5399,1.3300,1.4600,135264
2015-11-27,1.3300,1.5900,1.3200,1.5100,135300
2015-11-20,1.5500,1.6400,1.2600,1.3300,159330
2015-11-13,1.6200,1.6500,1.5400,1.5900,589511
2015-11-06,1.3000,1.7000,1.3000,1.6200,301673
2015-10-30,1.2600,1.3999,1.2600,1.2700,197138
2015-10-23,1.3700,1.4000,1.2500,1.2600,79370
2015-10-16,1.2500,1.3600,1.1400,1.3600,561333
2015-10-09,1.1000,1.2800,1.1000,1.2800,296050
2015-10-02,1.2900,1.3000,1.1000,1.1200,320487
2015-09-25,1.3700,1.4000,1.2200,1.2700,290589
2015-09-18,1.3800,1.4000,1.3000,1.4000,152130
2015-09-11,1.5600,1.5900,1.3500,1.3800,101665
2015-09-04,1.5500,1.5900,1.4700,1.5400,46958
2015-08-28,1.6200,1.6500,1.3300,1.5300,535302
2015-08-21,1.6200,1.6600,1.5700,1.6401,347385
2015-08-14,1.6300,1.6800,1.5615,1.5700,227405
2015-08-07,1.5800,1.6700,1.5020,1.6300,107751
2015-07-31,1.6900,1.6999,1.4700,1.5700,150385
2015-07-24,1.6600,1.7100,1.5500,1.7000,194794
2015-07-17,1.6200,1.7000,1.5600,1.6000,211804
2015-07-10,1.6200,1.7000,1.5800,1.6300,156859
2015-07-02,1.6600,1.7200,1.5000,1.6200,128389
2015-06-26,1.6900,1.7100,1.5600,1.7100,234131
2015-06-19,1.6600,1.7100,1.5600,1.6400,126109
2015-06-12,1.6890,1.7100,1.5400,1.6300,173709
2015-06-05,1.6600,1.7400,1.6300,1.6800,297657
2015-05-29,1.7500,1.7500,1.6200,1.6700,166347
2015-05-22,1.6100,1.8000,1.5400,1.7200,337954
2015-05-15,1.7000,1.7500,1.5801,1.6199,550650
2015-05-08,1.6400,1.8000,1.5800,1.6700,154354
2015-05-01,1.6400,1.7300,1.4200,1.6100,247932
2015-04-24,1.6500,1.7500,1.5201,1.7000,174811
2015-04-17,1.4300,1.7000,1.4300,1.6500,265822
2015-04-10,1.6800,1.6800,1.4200,1.4300,411321
2015-04-02,0.4300,2.4000,0.3500,1.6900,554627
2015-03-27,0.4200,0.4400,0.3800,0.4400,720543
2015-03-20,0.4317,0.4350,0.3900,0.3900,94491
2015-03-13,0.4560,0.4765,0.3900,0.4200,309608
2015-03-06,0.4999,0.5500,0.4305,0.4600,960109
2015-02-27,0.5400,0.5800,0.4500,0.4998,499472
2015-02-20,0.4899,0.5400,0.4360,0.5100,1160181
2015-02-13,0.4900,0.4900,0.4500,0.4750,203509
2015-02-06,0.4760,0.6499,0.4530,0.5099,140475
2015-01-30,0.5300,0.6100,0.4500,0.4700,298990
2015-01-23,0.6200,0.6200,0.5000,0.5100,256291
2015-01-16,0.6299,0.6699,0.5560,0.5899,146897
2015-01-09,0.6901,0.7000,0.5800,0.6000,300893
2015-01-02,0.7500,0.8200,0.6722,0.7000,472194
2014-12-26,1.0000,1.0100,0.7000,0.7155,465291
2014-12-19,1.1700,1.2000,0.9500,1.0100,165068
2014-12-12,1.2000,1.2200,1.1100,1.1601,79091
2014-12-05,1.0400,1.2000,1.0300,1.2000,164124
2014-11-28,1.0000,1.1000,0.9700,1.1000,81161
2014-11-21,1.0300,1.0799,1.0001,1.0499,40419
2014-11-14,1.0010,1.0900,0.9901,1.0500,65944
2014-11-07,1.0200,1.0800,0.8700,1.0800,230809
2014-10-31,0.9299,1.0800,0.8701,1.0400,126490
2014-10-24,0.8500,0.9699,0.8100,0.9698,256190
2014-10-17,0.9000,0.9420,0.8900,0.8900,148766
2014-10-10,0.9400,0.9686,0.9002,0.9002,96067
2014-10-03,0.9700,0.9879,0.9200,0.9300,58404
2014-09-26,1.0700,1.0700,0.9201,0.9880,141019
2014-09-19,1.0200,1.0700,0.9400,1.0500,144839
2014-09-12,1.0000,1.0900,0.9200,1.0200,151595
2014-09-05,0.9600,1.0600,0.9368,1.0100,199439
2014-08-29,0.9000,0.9300,0.8900,0.9280,85923
2014-08-22,1.0700,1.0900,0.9000,0.9000,155783
2014-08-15,0.9700,1.1201,0.8500,1.0500,514925
2014-08-08,1.0200,1.1000,0.9375,0.9599,398141
2014-08-01,1.0200,1.0850,1.0000,1.0100,76800
2014-07-25,1.1200,1.1600,1.0230,1.0500,163027
2014-07-18,1.1700,1.2100,1.1400,1.1401,34476
2014-07-11,1.1600,1.2400,1.1200,1.1650,96772
2014-07-03,1.1515,1.1800,1.1300,1.1600,154277
2014-06-27,1.1100,1.1800,1.0900,1.1800,86740
2014-06-20,1.1500,1.1700,1.0700,1.1500,29378
2014-06-13,1.2100,1.2200,1.0900,1.1500,96669
2014-06-06,1.1200,1.1700,1.0600,1.1300,119680
2014-05-30,1.0900,1.2100,1.0500,1.1500,120639
2014-05-23,1.0300,1.1100,1.0200,1.0900,86644
2014-05-16,1.0499,1.0600,1.0000,1.0299,221303
2014-05-09,1.1600,1.2000,1.0100,1.0499,233281
2014-05-02,1.0500,1.2000,1.0000,1.1300,244754
2014-04-25,1.1000,1.1200,1.0100,1.0900,139573
2014-04-17,1.1300,1.1400,0.9600,1.0800,271388
2014-04-11,1.1700,1.2400,1.1300,1.1300,213779
2014-04-04,1.2500,1.2900,1.1700,1.1900,228561
2014-03-28,1.4900,1.4900,1.1200,1.2300,673644
2014-03-21,1.5100,1.5400,1.3900,1.4800,513215
2014-03-14,1.6800,1.7500,1.4400,1.5100,697610
2014-03-07,1.4600,1.7500,1.4100,1.6100,676459
2014-02-28,1.5400,1.6000,1.4200,1.4400,632683
2014-02-21,1.4600,1.6400,1.4500,1.5000,1016340
2014-02-14,1.2100,1.5599,1.1500,1.4200,1129994
2014-02-07,1.4300,1.4300,1.2200,1.2400,527988
2014-01-31,1.2700,1.4500,1.1900,1.4300,500871
2014-01-24,1.4500,1.4500,1.2100,1.2900,1187326
2014-01-17,1.1000,1.3900,1.0599,1.3600,1794531
2014-01-10,1.0700,1.2100,1.0100,1.1000,584800
2014-01-03,1.0300,1.1200,0.9846,1.0400,343905
2013-12-27,1.0500,1.0800,0.9900,1.0212,296969
2013-12-20,1.0000,1.1000,1.0000,1.0200,339327
2013-12-13,1.1500,1.1500,1.0000,1.0100,396457
2013-12-06,1.0200,1.5000,1.0175,1.1200,2656287
2013-11-29,0.9900,1.0301,0.9700,1.0300,46014
2013-11-22,0.9100,1.0100,0.8701,0.9900,144292
2013-11-15,0.8801,0.9600,0.8700,0.9270,225342
2013-11-08,0.9600,0.9600,0.8600,0.9000,77440
2013-11-01,0.9300,0.9599,0.7799,0.9500,131907
2013-10-25,0.9200,0.9600,0.8700,0.8999,71974
2013-10-18,0.9300,0.9900,0.9000,0.9300,69718
2013-10-11,1.0000,1.0000,0.9100,0.9600,40547
2013-10-04,0.8900,1.1000,0.8600,0.9900,196264
2013-09-27,0.8899,0.9700,0.8375,0.9480,146780
2013-09-20,0.9000,0.9100,0.8301,0.8900,214442
2013-09-13,0.9401,1.0000,0.8500,0.9006,99681
2013-09-06,0.9500,1.0100,0.8500,0.9400,96472
2013-08-30,0.9901,1.0200,0.9301,0.9900,59789
2013-08-23,0.9600,1.0000,0.9100,0.9900,74440
2013-08-16,0.9300,1.0190,0.9100,0.9284,92973
2013-08-09,0.9800,1.0200,0.9200,0.9400,89004
2013-08-02,0.9500,1.0000,0.9296,0.9899,67515
2013-07-26,1.0100,1.0200,0.9300,0.9700,115968
2013-07-19,1.0000,1.0299,0.9200,0.9910,150567
2013-07-12,1.0300,1.1000,0.9601,1.0000,154020
2013-07-05,1.0582,1.0900,0.9903,1.0400,87410
2013-06-28,0.9900,1.0900,0.9200,1.0200,146667
2013-06-21,1.0600,1.0800,0.9200,1.0400,56147
2013-06-14,1.0100,1.0400,0.8900,1.0200,135717
2013-06-07,1.0500,1.0500,0.9600,0.9600,184071
2013-05-31,1.0200,1.0800,1.0100,1.0500,90228
2013-05-24,1.0800,1.1000,1.0200,1.0899,42540
2013-05-17,1.1000,1.1000,1.0100,1.0900,110647
2013-05-10,1.0000,1.0800,0.9810,1.0800,146266
2013-05-03,1.0100,1.0800,0.9700,1.0000,138211
2013-04-26,1.0200,1.0900,0.9611,1.0073,212795
2013-04-19,1.0200,1.0800,1.0000,1.0500,60524
2013-04-12,1.0500,1.0800,1.0000,1.0600,143859
2013-04-05,1.0607,1.1500,1.0500,1.0600,130608
2013-03-28,1.1100,1.1300,1.0500,1.0700,93857
2013-03-22,1.1000,1.1300,1.0400,1.1300,165332
2013-03-15,1.1100,1.2000,1.0500,1.1100,294520
2013-03-08,1.0500,1.1500,1.0000,1.1200,247145
2013-03-01,1.0300,1.1000,1.0000,1.0800,62120
2013-02-22,0.9800,1.0100,0.9400,1.0100,296909
2013-02-15,1.0000,1.0600,0.9750,0.9988,226981
2013-02-08,1.0900,1.1000,0.9500,1.0092,389620
2013-02-01,1.1200,1.1500,1.0200,1.1500,204452
2013-01-25,1.0900,1.1200,1.0400,1.1200,94472
2013-01-18,1.1752,1.1752,1.0400,1.1300,140159
2013-01-11,1.1300,1.1900,1.0500,1.1800,118672
2013-01-04,1.0700,1.1900,0.9100,1.1500,448654
2012-12-28,1.2200,1.2500,1.0300,1.0700,177066
2012-12-21,1.1100,1.2400,1.0800,1.2400,159208
2012-12-14,1.1600,1.1600,1.0600,1.1000,83018
2012-12-07,1.1100,1.2400,1.0600,1.1499,85327
2012-11-30,1.1300,1.2100,1.0700,1.1300,144432
2012-11-23,1.0500,1.1400,1.0100,1.0900,165038
2012-11-16,1.1300,1.2200,1.0400,1.0400,198629
2012-11-09,1.2550,1.2550,1.1500,1.1600,210614
2012-11-02,1.3500,1.3500,1.1900,1.2900,58220
2012-10-26,1.2800,1.3500,1.1300,1.3500,159817
2012-10-19,1.2400,1.3000,1.2100,1.3000,73467
2012-10-12,1.3200,1.3500,1.2400,1.3000,66889
2012-10-05,1.3200,1.3600,1.2200,1.3500,53911
2012-09-28,1.2400,1.4000,1.2200,1.3200,122378
2012-09-21,1.2700,1.3200,1.1700,1.3000,48802
2012-09-14,1.3500,1.4000,1.2000,1.2200,64031
2012-09-07,1.3100,1.4000,1.3000,1.4000,43269
2012-08-31,1.4300,1.4500,1.2700,1.3100,95852
2012-08-24,1.3310,1.4600,1.3200,1.4500,49594
2012-08-17,1.3100,1.4500,1.2000,1.4000,170682
2012-08-10,1.4600,1.4900,1.2400,1.3900,153363
2012-08-03,1.5700,1.6000,1.4300,1.4600,101860
2012-07-27,1.5000,1.6225,1.3500,1.5300,137635
2012-07-20,1.6900,1.7000,1.5000,1.5000,69696
2012-07-13,1.4500,1.6600,1.3000,1.6500,142524
2012-07-06,1.5000,1.5900,1.4100,1.4200,23730
2012-06-29,1.5100,1.5700,1.4400,1.5000,61136
2012-06-22,1.2700,1.5900,1.2300,1.5900,115110
2012-06-15,1.2500,1.3300,1.2248,1.3300,57161
2012-06-08,1.3700,1.4100,1.2400,1.2800,110051
2012-06-01,1.3200,1.4200,1.1900,1.3700,577493
2012-05-25,1.3600,1.3700,1.3000,1.3500,257322
2012-05-18,1.4500,1.5000,1.2800,1.3200,381447
2012-05-11,1.4200,1.5900,1.3100,1.5200,494416
2012-05-04,1.6300,1.6600,1.3200,1.4100,178029
2012-04-27,1.6400,1.6900,1.6000,1.6700,151439
2012-04-20,1.7000,1.7000,1.6000,1.6600,157709
2012-04-13,1.6500,1.7500,1.6000,1.6300,128940
2012-04-05,1.7100,1.7500,1.6500,1.6500,311365
2012-03-30,1.7600,1.7800,1.6500,1.7200,270268
2012-03-23,1.6900,1.8000,1.6700,1.7000,227398
2012-03-16,1.8300,1.8300,1.6700,1.7100,396527
2012-03-09,1.6600,1.8300,1.6500,1.8300,119042
2012-03-02,1.7900,1.8500,1.6500,1.6981,159764
2012-02-24,1.7100,1.8200,1.6400,1.7700,120574
2012-02-17,1.7300,1.7899,1.6700,1.7200,49474
2012-02-10,1.8700,1.8700,1.5900,1.6900,161466
2012-02-03,1.7601,1.9100,1.7300,1.8481,113935
2012-01-27,1.8300,1.9500,1.7500,1.8000,85648
2012-01-20,1.8900,1.9600,1.7700,1.8500,74981
2012-01-13,1.9200,2.0900,1.8400,1.9200,104400
2012-01-06,2.1600,2.1600,1.7000,1.9800,80453
2011-12-30,1.9500,2.0399,1.8701,1.8701,49472
2011-12-23,2.0300,2.0800,1.9100,1.9800,97892
2011-12-16,2.1400,2.1800,1.9300,2.0500,144457
2011-12-09,2.2500,2.3400,2.1400,2.1500,124267
2011-12-02,2.2200,2.3400,2.0700,2.2500,99208
2011-11-25,2.2600,2.3299,2.0900,2.1600,64718
2011-11-18,2.2150,2.4900,2.1300,2.2800,216934
2011-11-11,2.2900,2.3200,2.0900,2.2600,152662
2011-11-04,2.1600,2.2900,2.0200,2.2400,68321
2011-10-28,2.2100,2.3400,2.0200,2.3200,199225
2011-10-21,1.7900,2.3400,1.7900,2.2800,130120
2011-10-14,1.7200,1.9500,1.6700,1.9200,72379
2011-10-07,1.9200,1.9200,1.6100,1.8100,125031
2011-09-30,1.8600,2.1400,1.6000,1.9000,125317
2011-09-23,1.9500,2.0500,1.7500,1.8900,112291
2011-09-16,2.0100,2.0800,1.7600,1.9500,187685
2011-09-09,1.9500,2.1500,1.8700,1.9200,137405
2011-09-02,2.2700,2.2700,1.9400,1.9900,225922
2011-08-26,2.3099,2.3099,2.1000,2.2000,69133
2011-08-19,2.3200,2.4600,2.0800,2.1900,101940
2011-08-12,2.0700,2.4000,1.7300,2.2300,257157
2011-08-05,2.4000,2.5199,2.0600,2.3600,148490
2011-07-29,2.5700,2.5700,2.3300,2.4500,95736
2011-07-22,2.6300,2.6300,2.4101,2.5500,97679
2011-07-15,2.5400,2.6700,2.3300,2.6000,163006
2011-07-08,2.6700,2.6700,2.4900,2.5500,83717
2011-07-01,2.5100,2.7299,2.4800,2.6300,266223
2011-06-24,2.4400,2.5600,2.4200,2.5600,212401
2011-06-17,2.5600,2.5600,2.3400,2.5300,210876
2011-06-10,2.3300,2.5800,2.2700,2.5500,254018
2011-06-03,2.5400,2.5771,2.2900,2.4500,226007
2011-05-27,2.1900,2.6100,2.1700,2.4700,444988
2011-05-20,2.4400,2.4610,1.9600,2.1900,615715
2011-05-13,2.7600,2.8100,2.3900,2.5000,353376
2011-05-06,2.9800,2.9800,2.6200,2.7200,214757
2011-04-29,2.8000,2.9200,2.6700,2.9200,137379
2011-04-21,2.7300,2.9200,2.6900,2.8400,212822
2011-04-15,2.6800,2.7100,2.0500,2.6600,339009
2011-04-08,2.4600,3.0000,2.4600,2.7100,653592
2011-04-01,2.1700,2.5700,2.0701,2.4600,367493
2011-03-25,2.0400,2.1700,1.9500,2.1000,145248
2011-03-18,2.0000,2.0600,1.8500,2.0000,120577
2011-03-11,2.0100,2.0600,1.9000,2.0000,108111
2011-03-04,1.9600,2.1000,1.8800,2.0300,199070
2011-02-25,2.0000,2.2799,1.8000,1.9500,318381
2011-02-18,2.1900,2.3700,1.9500,2.0000,627612
2011-02-11,1.6293,2.1500,1.5700,2.0900,482269
2011-02-04,1.5500,1.6500,1.5200,1.6150,64865
2011-01-28,1.5600,1.6011,1.5000,1.5200,216083
2011-01-21,1.6800,1.7500,1.4600,1.5500,369917
2011-01-14,1.4000,1.6000,1.3300,1.4900,334029
2011-01-07,1.3899,1.4200,1.2700,1.3900,130329
2010-12-31,1.4000,1.4200,1.2800,1.3900,222619
2010-12-23,1.2517,1.4000,1.2500,1.3800,94617
2010-12-17,1.2800,1.3501,1.2500,1.3000,90092
2010-12-10,1.2800,1.3399,1.2500,1.3000,103449
2010-12-03,1.4000,1.4000,1.2500,1.3200,155371
2010-11-26,1.4200,1.4200,1.3100,1.3900,108802
2010-11-19,1.3600,1.4300,1.3500,1.4200,40022
2010-11-12,1.4200,1.4700,1.3600,1.3900,59012
2010-11-05,1.3500,1.4700,1.3500,1.4200,143367
2010-10-29,1.2900,1.4000,1.2700,1.3400,115553
2010-10-22,1.3000,1.3600,1.2600,1.3100,102425
2010-10-15,1.2500,1.4299,1.2000,1.3000,165601
2010-10-08,1.2400,1.3300,1.1600,1.2600,466507
2010-10-01,1.4300,1.4600,1.1100,1.2300,380292
2010-09-24,1.3900,1.7699,1.3200,1.3900,807123
2010-09-17,1.4800,1.5100,1.3300,1.3500,133070
2010-09-10,1.3100,1.5100,1.2800,1.4800,123034
2010-09-03,1.4600,1.4600,1.2500,1.2900,108581
2010-08-27,1.2500,1.6400,1.2300,1.4000,433767
2010-08-20,1.2300,1.3500,1.1900,1.2600,266465
2010-08-13,1.2500,1.2500,1.1000,1.2000,191605
2010-08-06,1.3000,1.3000,1.1200,1.2500,197490
2010-07-30,1.1200,1.5300,1.0700,1.2800,1568546
2010-07-23,0.9700,1.3000,0.9200,1.1000,837420
2010-07-16,0.9800,1.0300,0.9600,0.9600,107667
2010-07-09,0.9644,1.0200,0.9161,0.9800,68515
2010-07-02,0.9500,1.0101,0.9500,0.9700,56199
2010-06-25,1.0000,1.0300,0.9100,0.9585,438665
2010-06-18,0.9900,1.0300,0.9400,1.0300,67242
2010-06-11,1.0400,1.0430,0.9500,1.0000,48497
2010-06-04,0.9800,1.0500,0.9300,1.0400,164380
2010-05-28,0.9300,1.0000,0.8700,0.9990,95119
2010-05-21,1.0100,1.0300,0.9300,0.9499,109713
2010-05-14,1.0000,1.0500,1.0000,1.0200,68824
2010-05-07,1.0100,1.0600,0.9600,1.0200,151531
2010-04-30,1.0100,1.0400,0.9300,1.0000,96874
2010-04-23,1.0000,1.0400,0.9200,0.9900,146321
2010-04-16,0.9700,1.0800,0.9300,1.0000,268390
2010-04-09,0.9600,0.9789,0.9300,0.9500,36567
2010-04-01,0.9500,0.9700,0.9300,0.9600,78305
2010-03-26,1.1000,1.1000,0.9700,0.9900,127196
2010-03-19,0.9830,1.1200,0.9600,1.0900,230054
2010-03-12,1.0000,1.0800,0.9600,0.9900,563386
2010-03-05,1.0200,1.2500,0.9636,1.0000,343297
2010-02-26,0.9600,1.0300,0.9600,1.0300,31357
2010-02-19,0.9100,1.0800,0.8800,0.9600,155796
2010-02-12,1.1700,1.3200,0.8800,1.0300,458244
2010-02-05,1.1300,1.2100,1.1000,1.1400,58193
2010-01-29,1.2500,1.2750,1.0900,1.1600,77442
2010-01-22,1.2100,1.3500,1.2000,1.2100,53387
2010-01-15,1.2200,1.4100,1.1600,1.2800,238938
2010-01-08,1.2900,1.3900,1.1300,1.1700,70329
2009-12-31,1.3300,1.4300,1.2201,1.2330,21776
2009-12-24,1.4800,1.4800,1.2000,1.3500,75418
2009-12-18,1.3600,1.5000,1.1200,1.5000,127317
2009-12-11,1.2600,1.4100,1.2000,1.3800,86706
2009-12-04,1.2700,1.3200,1.1500,1.2800,80855
2009-11-27,1.2200,1.2981,1.0900,1.2199,46233
2009-11-20,1.1900,1.3800,1.1600,1.2400,70290
2009-11-13,1.1300,1.2599,1.0800,1.1700,32448
2009-11-06,1.2999,1.3000,1.0500,1.1100,71305
2009-10-30,1.3000,1.3500,1.2000,1.2400,84775
2009-10-23,1.3800,1.5500,1.3000,1.3700,186983
2009-10-16,1.3900,1.5400,1.3500,1.4100,96765
2009-10-09,1.4500,1.4900,1.3400,1.4200,88636
2009-10-02,1.5500,1.5900,1.4500,1.4601,99433
2009-09-25,1.6300,1.6300,1.4600,1.5500,155763
2009-09-18,1.5200,1.6200,1.3100,1.6200,296824
2009-09-11,1.5100,1.5900,1.4000,1.4800,247117
2009-09-04,1.2800,1.8000,1.2800,1.4299,736550
2009-08-28,1.1000,2.1700,1.0499,1.2400,1516292
2009-08-21,1.0700,1.0700,0.8850,1.0400,224312
2009-08-14,0.9500,1.0900,0.9200,1.0000,194991
2009-08-07,0.9751,1.0400,0.9600,0.9600,161851
2009-07-31,0.9600,1.0000,0.8600,0.9700,249100
2009-07-24,0.8600,1.0000,0.8100,0.9900,176366
2009-07-17,0.9000,0.9499,0.7900,0.7900,171363
2009-07-10,0.9700,0.9700,0.7800,0.8800,221778
2009-07-02,0.9200,1.0200,0.9200,0.9500,242367
2009-06-26,1.1200,1.1500,0.9200,0.9200,2161533
2009-06-19,1.0400,1.1200,1.0300,1.1100,155028
2009-06-12,1.1700,1.1800,1.0300,1.0400,172968
2009-06-05,1.1300,1.1800,1.0100,1.1400,162688
2009-05-29,0.9900,1.2000,0.9900,1.1000,155369
2009-05-22,1.1301,1.1900,1.0000,1.0000,125028
2009-05-15,1.1700,1.2200,1.0100,1.1100,179007
2009-05-08,1.2000,1.3400,1.0600,1.2000,107873
2009-05-01,1.2500,1.2500,1.1400,1.1400,88410
2009-04-24,1.2600,1.4100,1.2000,1.2500,69849
2009-04-17,1.3600,1.4800,1.2100,1.3000,104806
2009-04-09,1.2700,1.4400,1.1400,1.3900,97384
2009-04-03,1.1600,1.3400,1.1000,1.3000,72852
2009-03-27,1.2500,1.3900,1.0500,1.1900,138450
2009-03-20,1.2700,1.3500,1.0101,1.2500,133952
2009-03-13,0.7800,1.2900,0.7500,1.2600,206733
2009-03-06,1.0100,1.0300,0.7900,0.8400,162428
2009-02-27,1.1900,1.2500,1.0000,1.0000,231757
2009-02-20,1.3500,1.3809,1.1600,1.1700,85816
2009-02-13,1.2200,1.4100,1.0700,1.3400,190083
2009-02-06,1.2000,1.3700,1.2000,1.2600,168644
2009-01-30,1.3900,1.4300,1.1600,1.2800,292012
2009-01-23,1.4700,1.6100,1.4100,1.4100,78483
2009-01-16,1.5600,1.6100,1.4300,1.5100,175141
2009-01-09,1.6800,1.7600,1.5300,1.5700,202989
2009-01-02,1.7400,1.7500,1.5200,1.6700,363866
2008-12-26,1.6800,1.7000,1.4700,1.6600,79267
2008-12-19,1.5500,1.8200,1.4300,1.6800,351810
2008-12-12,2.0600,2.1600,1.4000,1.5500,1275233
2008-12-05,2.2000,2.2000,1.8000,2.0200,241838
2008-11-28,2.0200,2.7400,1.8200,2.2500,200206
2008-11-21,2.4800,2.6100,1.8900,2.0000,199674
2008-11-14,2.7300,2.7500,2.1300,2.5000,153821
2008-11-07,3.1400,3.4200,2.5500,2.6800,151876
2008-10-31,3.0900,3.1900,2.5200,3.1500,183534
2008-10-24,2.8500,3.4600,2.8000,3.1100,159701
2008-10-17,2.6000,3.5200,2.5000,2.7700,439783
2008-10-10,3.8100,3.8100,1.7500,2.7000,620777
2008-10-03,4.1300,4.2900,3.5000,3.8900,180860
2008-09-26,3.9600,4.2000,3.6000,4.1300,149754
2008-09-19,3.6500,4.3700,3.3200,4.0000,550018
2008-09-12,3.8000,3.9400,3.5000,3.6400,196634
2008-09-05,4.2000,4.2300,3.5000,3.8000,310306
2008-08-29,4.3000,4.3900,3.9500,4.0900,171560
2008-08-22,4.6300,4.7900,4.2200,4.3000,169348
2008-08-15,4.3200,4.9500,4.1400,4.6200,271717
2008-08-08,4.1600,4.4200,4.0301,4.3400,218704
2008-08-01,4.5800,4.6900,4.0000,4.1700,247636
2008-07-25,4.1500,4.9300,4.1500,4.6300,285853
2008-07-18,3.6800,4.1600,3.6000,4.0800,300461
2008-07-11,3.6500,3.8500,3.5000,3.7200,303199
2008-07-03,3.7800,4.0700,3.4600,3.6400,838684
2008-06-27,4.8700,4.8700,3.8137,3.8200,2146029
2008-06-20,5.3400,5.7900,4.6000,4.6600,786180
2008-06-13,5.5400,6.0800,5.1200,5.3100,871115
2008-06-06,5.0000,5.7500,4.7600,5.5000,434198
2008-05-30,4.5500,5.0000,4.5200,4.9800,273895
2008-05-23,4.6700,5.0000,4.3500,4.6000,666988
2008-05-16,5.9600,5.9800,4.5401,4.7000,1327014
2008-05-09,5.3500,5.9800,4.3300,5.9000,2851972
2008-05-02,4.5000,5.2300,4.4601,5.2300,1649550
2008-04-25,3.8200,4.4900,3.8200,4.4800,1048864
2008-04-18,3.7300,3.9000,3.4700,3.7800,346987
2008-04-11,3.7000,3.9000,3.5600,3.8201,417540
2008-04-04,3.3600,3.8500,3.2600,3.6200,751542
2008-03-28,3.4000,3.4800,3.2500,3.3900,198623
2008-03-20,2.9100,3.4000,2.9000,3.4000,170303
2008-03-14,3.4000,3.4400,2.9000,3.1800,232045
2008-03-07,3.0400,3.4400,3.0160,3.1200,301802
2008-02-29,2.9700,3.2000,2.7500,3.1100,317465
2008-02-22,3.0500,3.5800,2.8000,2.9500,792778
2008-02-15,3.4600,4.4399,3.1200,3.1200,2035625
2008-02-08,2.7000,3.4400,2.6100,3.4000,561713
2008-02-01,2.6500,2.7700,2.5100,2.6800,163098
2008-01-25,2.8900,2.8900,2.3500,2.6500,231010
2008-01-18,2.3500,2.7300,2.2400,2.6700,292186
2008-01-11,2.3100,2.3900,2.0500,2.2800,353596
2008-01-04,1.9000,2.1300,1.8500,2.0500,145848
2007-12-28,1.8500,1.9400,1.6901,1.9000,91493
2007-12-21,1.6300,1.9500,1.6200,1.8100,325441
2007-12-14,1.8099,2.0100,1.6000,1.6500,127770
2007-12-07,1.7900,1.8800,1.7200,1.8000,320992
2007-11-30,2.0000,2.1000,1.7700,1.7700,253680
2007-11-23,1.7600,2.0400,1.5200,2.0400,133664
2007-11-16,1.9900,1.9900,1.6100,1.7500,125991
2007-11-09,1.8200,1.9700,1.7500,1.9700,185742
2007-11-02,2.0900,2.0900,1.8800,1.9400,230894
2007-10-26,2.1000,2.1400,2.0000,2.0600,234495
2007-10-19,2.2100,2.3700,2.0200,2.1300,318634
2007-10-12,2.3500,2.5800,2.3000,2.4400,983452
2007-10-05,1.9700,2.4200,1.9700,2.3500,653916
2007-09-28,1.9200,2.1500,1.9000,2.0400,365367
2007-09-21,2.1300,2.2200,1.7000,1.9700,1416982
2007-09-14,1.6000,2.5700,1.6000,2.0700,2817269
2007-09-07,1.6500,1.6500,1.5488,1.6500,91502
2007-08-31,1.4700,1.6000,1.4000,1.5300,115681
2007-08-24,1.3300,1.4500,1.2500,1.4300,70570
2007-08-17,1.2500,1.4000,1.2500,1.3600,68500
2007-08-10,1.3300,1.3600,1.1800,1.2600,94820
2007-08-03,1.2800,1.3600,1.1400,1.3200,63894
2007-07-27,1.4000,1.5000,1.2400,1.3000,112484
2007-07-20,1.4700,1.4700,1.3600,1.3970,15246
2007-07-13,1.5000,1.6600,1.4300,1.5000,53961
2007-07-06,1.5000,1.6224,1.3900,1.5200,59464
2007-06-29,1.4400,1.5000,1.2600,1.4500,45130
2007-06-22,1.3600,1.4800,1.2700,1.4306,20475
2007-06-15,1.3500,1.4000,1.2200,1.4000,14715
2007-06-08,1.2700,1.3400,1.1000,1.2600,46209
2007-06-01,1.2500,1.3000,1.1800,1.3000,53620
2007-05-25,1.2600,1.3000,1.1200,1.3000,44691
2007-05-18,1.1600,1.2700,1.1300,1.2600,32600
2007-05-11,1.1200,1.1300,1.0300,1.1200,23198
2007-05-04,1.1399,1.1599,1.0600,1.1200,25350
2007-04-27,1.1800,1.1900,1.0800,1.1099,39624
2007-04-20,1.1700,1.2200,1.0900,1.2100,51432
2007-04-13,1.1699,1.2500,1.1300,1.2200,63054
2007-04-05,1.0800,1.1500,1.0500,1.1500,22314
2007-03-30,1.1600,1.3500,1.0500,1.0800,36371
2007-03-23,1.1000,1.1899,1.1000,1.1785,15200
2007-03-16,1.0401,1.8900,1.0200,1.1000,198254
2007-03-09,1.0300,1.1000,1.0100,1.0700,104677
2007-03-02,1.0600,1.1400,1.0100,1.0700,87581
2007-02-23,1.1601,1.1782,0.9900,1.0700,180292
2007-02-16,1.2800,1.3000,1.0900,1.1900,73960
2007-02-09,1.3400,1.3500,1.2300,1.2800,40561
2007-02-02,1.3500,1.4200,1.2900,1.3200,107554
2007-01-26,1.3400,1.4400,1.3200,1.3699,32377
2007-01-19,1.3500,1.5200,1.3500,1.4400,136299
2007-01-12,1.3500,1.5000,1.3100,1.3300,70211
2007-01-05,1.3200,1.4100,1.3200,1.4100,5951
2006-12-29,1.4200,1.4800,1.2700,1.4700,58100
2006-12-22,1.3000,1.4800,1.2800,1.3800,58046
2006-12-15,1.5000,1.5000,1.3100,1.3100,34474
2006-12-08,1.3500,1.6900,1.2600,1.5600,57943
2006-12-01,1.4500,1.4500,1.3100,1.3400,15100
2006-11-24,1.4004,1.5000,1.3900,1.4400,18391
2006-11-17,1.2900,1.3900,1.2400,1.3900,22916
2006-11-10,1.2900,1.3300,1.2600,1.3100,25470
2006-11-03,1.2799,1.4300,1.2799,1.2800,39323
2006-10-27,1.2800,1.3400,1.2700,1.2900,18100
2006-10-20,1.2000,1.4200,1.2000,1.3300,54688
2006-10-13,1.2699,1.2800,1.2000,1.2100,36700
2006-10-06,1.2600,1.2800,1.0900,1.2800,24408
2006-09-29,1.3400,1.4000,1.2600,1.2900,63448
2006-09-22,1.3300,1.4074,1.2600,1.3500,78873
2006-09-15,1.3500,1.4300,1.3200,1.3300,76910
2006-09-08,1.3800,1.3800,1.3400,1.3600,85137
2006-09-01,1.4400,1.5100,1.3100,1.3800,56425
2006-08-25,1.4600,1.4600,1.4200,1.4500,58600
2006-08-18,1.4800,1.5000,1.3700,1.5000,70769
2006-08-11,1.5000,1.5500,1.3600,1.4493,21500
2006-08-04,1.6000,1.6700,1.4700,1.5700,50950
2006-07-28,1.6300,1.7000,1.5000,1.6000,19894
2006-07-21,1.7500,1.7500,1.6000,1.6499,19222
2006-07-14,1.6800,1.8000,1.6800,1.7500,41628
2006-07-07,1.8000,1.8000,1.3700,1.6801,75262
2006-06-30,1.7000,1.7500,1.1100,1.1100,96095
2006-06-23,1.6900,1.7500,1.6000,1.7000,34118
2006-06-16,1.7400,1.7400,1.4400,1.7000,59820
2006-06-09,1.7000,1.7400,1.6500,1.7400,19036
2006-06-02,1.7500,1.7500,1.6500,1.7100,30600
2006-05-26,1.8300,1.8300,1.6500,1.7200,69525
2006-05-19,1.7100,1.8400,1.5000,1.7300,106474
2006-05-12,1.7100,1.8800,1.7100,1.7200,28000
2006-05-05,1.9000,1.9000,1.4500,1.7200,126628
2006-04-28,2.0100,2.0804,1.8000,1.9000,25293
2006-04-21,1.9800,2.0500,1.8200,1.9000,54095
2006-04-13,1.7800,2.1500,1.7300,1.9900,146657
2006-04-07,1.6600,1.7700,1.6600,1.7000,33989
2006-03-31,1.6720,1.7800,1.6600,1.7500,19593
2006-03-24,1.6780,1.8090,1.6700,1.7300,35678
2006-03-17,1.8100,1.8100,1.6200,1.7000,89477
2006-03-10,1.8000,1.8400,1.6600,1.7900,55300
2006-03-03,1.9000,1.9100,1.6500,1.8500,39635
2006-02-24,1.8800,1.9300,1.7700,1.8500,42900
2006-02-17,1.8600,1.9000,1.6600,1.8900,31823
2006-02-10,1.8800,2.0200,1.8400,1.8700,232786
2006-02-03,1.8200,1.9800,1.8200,1.8800,39795
2006-01-27,1.8500,1.9400,1.8200,1.9400,126800
2006-01-20,1.8800,1.8800,1.7500,1.8500,21700
2006-01-13,2.0200,2.0200,1.5500,1.7500,37400
2006-01-06,2.0200,2.1900,1.9000,2.0200,20000
2005-12-30,2.1500,2.2300,1.7500,2.0800,227900
2005-12-23,2.1000,2.2500,2.1000,2.1500,37700
2005-12-16,2.1000,2.1900,2.0100,2.1900,32100
2005-12-09,1.9900,2.1600,1.9200,2.1300,38800
2005-12-02,1.8700,2.0200,1.8200,2.0100,39000
2005-11-25,1.8500,1.9300,1.7700,1.9000,37100
2005-11-18,1.8500,1.9000,1.6900,1.8300,26600
2005-11-11,1.7600,1.9500,1.6700,1.8400,34900
2005-11-04,1.9100,1.9200,1.7600,1.8300,11000
2005-10-28,1.8799,1.9900,1.6500,1.9200,25200
2005-10-21,1.8000,1.9600,1.5900,1.8799,32800
2005-10-14,1.9900,2.0000,1.7500,1.8200,31600
2005-10-07,2.0100,2.0100,1.9100,1.9900,15300
2005-09-30,2.0300,2.1000,1.9500,2.0500,6900
2005-09-23,2.0900,2.1100,1.9000,2.1000,12700
2005-09-16,1.9600,2.1600,1.8500,2.0000,42000
2005-09-09,1.9500,1.9900,1.8500,1.9900,26900
2005-09-02,1.9100,1.9900,1.8500,1.9500,31600
2005-08-26,1.9900,2.0500,1.8500,1.9100,19100
2005-08-19,1.8800,1.9900,1.8500,1.9700,45800
2005-08-12,2.0000,2.0000,1.8500,1.9800,73700
2005-08-05,2.0800,2.0800,1.9300,1.9900,72500
2005-07-29,2.0500,2.1100,1.9800,2.0800,129700
2005-07-22,2.1300,2.2400,2.0200,2.1000,46300
2005-07-15,2.2000,2.3100,2.0000,2.2400,132200
2005-07-08,2.1200,2.2000,2.0100,2.1500,72900
2005-07-01,2.2700,2.2800,2.0000,2.2000,50100
2005-06-24,2.2000,2.4000,2.1200,2.2600,73100
2005-06-17,2.3200,2.4500,2.1000,2.1610,57500
2005-06-10,2.4100,2.4600,2.1000,2.3700,29900
2005-06-03,2.3900,2.8900,2.3600,2.4401,39800
2005-05-27,2.4000,2.6000,2.1700,2.3900,58900
2005-05-20,2.1600,2.6100,2.1600,2.2600,104800
2005-05-13,2.0100,2.4900,1.9300,2.1500,102500
2005-05-06,2.3800,2.4900,2.0000,2.0100,79600
2005-04-29,2.4300,2.4500,2.2700,2.3800,22100
2005-04-22,2.5000,2.5000,2.2000,2.2000,25500
2005-04-15,2.8900,2.8900,2.2400,2.5210,155300
2005-04-08,2.8300,2.9100,2.5400,2.9100,138300
2005-04-01,2.8200,3.0000,2.7600,2.8300,66100
2005-03-24,3.0300,3.1300,2.8100,2.9740,35000
2005-03-18,2.7200,3.0600,2.7200,3.0100,104400
2005-03-11,2.7400,3.0000,2.7000,2.7600,42400
2005-03-04,3.0000,3.0290,2.7500,2.9400,46800
2005-02-25,3.4500,3.4500,2.9800,3.0010,85300
2005-02-18,2.9900,3.5500,2.9100,3.4400,249000
2005-02-11,3.0290,3.1900,2.9000,3.0100,24300
2005-02-04,3.0900,3.2400,2.9000,3.0200,43500
2005-01-28,3.0600,3.1000,2.8400,3.0100,130900
2005-01-21,3.0100,3.0600,2.8900,2.9000,30800
2005-01-14,3.0300,3.0700,2.7500,3.0100,286000
2005-01-07,3.1400,4.0000,2.9700,3.0300,524400
2004-12-31,2.8300,3.2100,2.7500,3.1400,51600
2004-12-23,3.0000,3.0100,2.6100,2.9000,108400
2004-12-17,2.6800,3.0200,2.6500,3.0000,62000
2004-12-10,2.6200,2.9000,2.6000,2.8300,87200
2004-12-03,2.9000,2.9000,2.5700,2.7000,61900
2004-11-26,3.0700,3.1400,2.6200,2.7000,56300
2004-11-19,2.8000,3.8000,2.5000,2.8710,164700
2004-11-12,2.4100,2.9400,2.0500,2.6700,174100
2004-11-05,2.7100,2.7100,1.9000,2.3300,117400
2004-10-29,2.2500,2.7300,2.2500,2.7100,61200
2004-10-22,2.3500,2.4200,2.2700,2.3200,16400
2004-10-15,2.6800,2.6800,1.9800,2.3900,114000
2004-10-08,2.9200,3.1100,2.6700,2.7400,16300
2004-10-01,2.6000,2.9200,2.5700,2.9000,101100
2004-09-24,3.1500,3.2400,2.6000,2.6600,163500
2004-09-17,3.2500,3.3500,3.1100,3.2400,46500
2004-09-10,3.2800,3.3900,3.0900,3.3000,109400
2004-09-03,3.2500,3.4100,3.1100,3.3100,56700
2004-08-27,2.9800,3.4900,2.9700,3.3300,59500
2004-08-20,3.5100,3.5100,2.8600,3.0400,145500
2004-08-13,3.9790,3.9900,3.3000,3.3400,53100
2004-08-06,3.9900,4.2000,3.7000,3.9300,122100
2004-07-30,4.2000,4.2000,3.9800,4.1000,227300
2004-07-23,4.2300,4.3200,3.9900,4.2200,243100
2004-07-16,3.9600,4.2500,3.9400,4.1800,48100
2004-07-09,4.2500,4.2600,3.8900,4.1200,46300
2004-07-02,3.9900,4.3000,3.9000,4.2700,112700
2004-06-25,3.5000,4.0000,3.3300,3.9500,164900
2004-06-18,3.3200,3.5000,3.1200,3.4390,117000
2004-06-10,3.8400,3.8400,3.2400,3.3410,299200
2004-06-04,4.3000,4.3000,3.8500,3.8500,43200
2004-05-28,4.2200,4.4500,3.5500,4.1900,185100
2004-05-21,4.2100,4.5000,4.0800,4.5000,86700
2004-05-14,4.5000,4.8000,4.1000,4.3000,300300
2004-05-07,4.2900,4.8900,3.9400,4.3400,136700
2004-04-30,5.0000,5.2000,3.7400,4.1700,969800
2004-04-23,4.0600,4.9500,4.0100,4.6400,369300
2004-04-16,4.1800,4.6600,3.7700,4.1500,359800
2004-04-08,3.4900,4.8000,3.4900,4.0700,745800
2004-04-02,3.2400,3.7500,3.2100,3.7290,173600
2004-03-26,3.6200,3.6200,3.0900,3.2000,91600
2004-03-19,3.2900,3.9000,3.0000,3.4500,390600
2004-03-12,3.3550,3.3800,2.8600,3.2500,270200
2004-03-05,3.3900,3.4900,3.1000,3.3300,168800
2004-02-27,3.5500,3.5500,3.3200,3.3900,241600
2004-02-20,3.4850,3.9020,3.2500,3.6000,494500
2004-02-13,3.2110,3.5000,3.0100,3.3400,570100
2004-02-06,2.5100,3.5600,2.3900,3.4900,1111400
2004-01-30,1.6670,2.9300,1.6300,2.4000,1156500
2004-01-23,1.6700,1.7500,1.5900,1.6600,55900
2004-01-16,1.5600,1.7500,1.5600,1.6600,58000
2004-01-09,1.7500,1.8600,1.6700,1.6900,53600
2004-01-02,1.7500,1.8200,1.6500,1.7400,146400
2003-12-26,1.6000,1.7200,1.5900,1.7100,133300
2003-12-19,1.6300,1.7500,1.5900,1.5900,31900
2003-12-12,1.6200,1.7400,1.5600,1.6300,17700
2003-12-05,1.7000,1.8000,1.5200,1.7200,50500
2003-11-28,1.7700,1.8400,1.7300,1.7700,15900
2003-11-21,1.9900,1.9900,1.7200,1.7500,54400
2003-11-14,2.0000,2.0400,1.8600,1.9700,69400
2003-11-07,1.8610,1.9000,1.6800,1.8500,61500
2003-10-31,1.6100,2.1000,1.6100,1.9500,139200
2003-10-24,1.6000,2.0500,1.5500,1.9400,123000
2003-10-17,1.6100,1.6500,1.4000,1.6200,59300
2003-10-10,1.4700,1.6500,1.3500,1.6000,116500
2003-10-03,1.8000,1.8800,1.5000,1.5900,58700
2003-09-26,1.8000,1.9500,1.7700,1.8600,22600
2003-09-19,1.7500,2.1400,1.6700,1.8900,266800
2003-09-12,1.8600,1.9700,1.7000,1.8500,60200
2003-09-05,1.8810,1.9500,1.8000,1.8900,45400
2003-08-29,1.8800,2.0000,1.7500,1.9800,121700
2003-08-22,1.8000,2.0000,1.6600,1.9000,162400
2003-08-15,2.0700,2.2800,1.6700,1.7700,227100
2003-08-08,1.4100,2.4000,1.3400,2.0200,673300
2003-08-01,1.3400,1.4700,1.2500,1.4300,84400
2003-07-25,1.5400,1.5500,1.3000,1.3500,175700
2003-07-18,1.0900,1.5500,1.0500,1.4400,258400
2003-07-11,1.2000,1.2000,1.0900,1.2000,18500
2003-07-03,1.1390,1.2600,1.1100,1.2000,21200
2003-06-27,1.0600,1.1500,1.0100,1.1390,29500
2003-06-20,1.1300,1.2400,0.9500,1.0400,59500
2003-06-13,1.0800,1.1100,1.0000,1.1100,65000
2003-06-06,1.3900,1.4100,1.0500,1.0900,119800
2003-05-30,1.2200,1.3900,1.1000,1.3900,97700
2003-05-23,1.1200,1.2600,1.0700,1.2500,42000
2003-05-16,0.9900,1.1200,0.9900,1.1200,28800
2003-05-09,0.9000,1.0000,0.8600,0.9900,24100
2003-05-02,0.8600,0.9800,0.8600,0.9800,10300
2003-04-25,1.0000,1.0000,0.8600,0.9000,34100
2003-04-17,1.0000,1.0500,0.9700,0.9900,64800
2003-04-11,0.8700,1.0000,0.8600,0.9900,21000
2003-04-04,0.9500,1.0000,0.8700,0.9900,4400
2003-03-28,1.0400,1.0400,0.9500,0.9900,23600
2003-03-21,1.0100,1.0500,0.9800,1.0400,8200
2003-03-14,0.9900,1.0300,0.9700,1.0300,22200
2003-03-07,1.0000,1.0400,0.9200,1.0000,15400
2003-02-28,0.9900,1.1000,0.9200,1.0500,21800
2003-02-21,0.9100,1.0500,0.8700,1.0000,14300
2003-02-14,0.8200,0.9500,0.8000,0.9100,17800
2003-02-07,1.0500,1.0500,0.6000,0.8600,48500
2003-01-31,1.1000,1.1230,1.0000,1.0500,18700
2003-01-24,1.0400,1.1800,0.9600,1.1170,41100
2003-01-17,1.1400,1.1400,0.9000,1.0900,25000
2003-01-10,0.9010,1.1400,0.8000,1.1400,22000
2003-01-03,0.9500,0.9600,0.8800,0.9000,20300
2002-12-27,0.8500,1.0110,0.7900,0.9600,23000
2002-12-20,0.9000,0.9300,0.7700,0.9090,47900
2002-12-13,0.8950,0.9400,0.8400,0.9300,22500
2002-12-06,0.8500,0.9000,0.8400,0.8900,5400
2002-11-29,0.9500,0.9500,0.7500,0.8500,20200
2002-11-22,0.8000,1.0500,0.8000,0.9500,86300
2002-11-15,0.7690,0.9000,0.7200,0.8290,111600
2002-11-08,0.7500,0.7900,0.6500,0.7900,8700
2002-11-01,0.7500,0.9000,0.6500,0.7900,17900
2002-10-25,0.8000,0.8000,0.7400,0.7850,11800
2002-10-18,0.7500,0.8000,0.7300,0.7940,12400
2002-10-11,0.7500,0.8900,0.7200,0.8700,29600
2002-10-04,0.7300,0.9000,0.7300,0.9000,15200
2002-09-27,0.7500,0.9000,0.7500,0.8900,6400
2002-09-20,0.7500,0.7500,0.7200,0.7200,1800
2002-09-13,0.8000,0.8000,0.7210,0.7210,2200
2002-09-06,0.8000,0.8000,0.7200,0.8000,4800
2002-08-30,0.8000,0.8000,0.7700,0.8000,3600
2002-08-23,0.8000,0.8100,0.7940,0.8100,12000
2002-08-16,0.8000,0.8000,0.7400,0.7400,2400
2002-08-09,0.7910,0.8100,0.7100,0.8000,17300
2002-08-02,0.8100,0.8100,0.7000,0.7910,36500
2002-07-26,0.8200,0.8200,0.6700,0.8100,13700
2002-07-19,0.9500,0.9500,0.7600,0.8140,42000
2002-07-12,0.9000,1.0100,0.8700,0.9500,7000
2002-07-05,0.9500,1.2000,0.8700,1.0230,16200
2002-06-28,1.0500,1.1210,0.9500,1.1210,20100
2002-06-21,1.1000,1.1900,1.0000,1.1500,26500
2002-06-14,1.1100,1.2900,1.1000,1.1100,13500
2002-06-07,1.1600,1.2800,1.1200,1.2000,24900
2002-05-31,1.3000,1.8000,1.2500,1.3650,88500
2002-05-24,1.4500,1.5000,1.3000,1.3500,20000
2002-05-17,1.3000,1.5500,1.1500,1.5500,23900
2002-05-10,1.4500,1.5100,1.1800,1.5000,37900
2002-05-03,1.5000,1.6500,1.3000,1.4900,43800
2002-04-26,1.8000,1.8000,1.3300,1.5000,58200
2002-04-19,1.4500,2.0000,1.4500,1.8500,116700
2002-04-12,1.4900,1.5900,1.3500,1.5790,66700
2002-04-05,1.4000,1.5170,1.2700,1.5170,33000
2002-03-28,1.3200,1.4000,1.2970,1.3500,54800
2002-03-22,1.5600,1.5600,1.3000,1.3700,42500
2002-03-15,1.7500,1.8200,1.1100,1.4300,209300
2002-03-08,0.9500,1.6300,0.8600,1.4500,325600
2002-03-01,0.9500,1.0000,0.8600,1.0000,66200
2002-02-22,0.9900,0.9900,0.8500,0.9500,8000
2002-02-15,0.8600,0.9900,0.8600,0.9900,15600
2002-02-08,0.9000,0.9100,0.8600,0.9100,6200
2002-02-01,0.9000,0.9100,0.8600,0.9100,14500
2002-01-25,0.9000,0.9000,0.8100,0.9000,54200
2002-01-18,0.9300,1.0000,0.8900,0.9000,36500
2002-01-11,0.9600,1.1600,0.9400,1.0400,218600
2002-01-04,0.9400,0.9900,0.9000,0.9600,28000
2001-12-28,0.8700,0.9400,0.8100,0.9200,67800
2001-12-21,0.9200,0.9800,0.6500,0.9400,14700
2001-12-14,0.9800,1.0000,0.9000,0.9800,27900
2001-12-07,0.9500,0.9800,0.9200,0.9800,10800
2001-11-30,0.9000,0.9800,0.8800,0.9300,12400
2001-11-23,0.9000,1.0000,0.9000,0.9800,10500
2001-11-16,1.0100,1.0500,0.9000,1.0000,21300
2001-11-09,1.1000,1.1500,1.0000,1.0500,23300
2001-11-02,1.2000,1.2500,1.0000,1.2000,24100
2001-10-26,1.0200,1.2500,0.9000,1.2300,12400
2001-10-19,1.2000,1.2200,1.0100,1.1700,9600
2001-10-12,1.2600,1.2700,0.9600,1.2200,21000
2001-10-05,1.0500,1.0500,0.9500,0.9800,6500
2001-09-28,1.0000,1.0500,0.8400,1.0500,16500
2001-09-21,1.2500,1.2500,0.7000,0.8800,90200
2001-09-10,1.1000,1.1300,1.1000,1.1300,900
2001-09-07,1.3000,1.3300,1.1000,1.2500,10300
2001-08-31,1.3500,1.4000,1.2500,1.4000,3400
2001-08-24,1.3600,1.4000,1.2200,1.4000,7900
2001-08-17,1.1000,1.4000,1.1000,1.3600,37000
2001-08-10,1.3500,1.3500,1.1400,1.2900,25300
2001-08-03,1.5000,1.5400,1.3700,1.3800,23600
2001-07-27,1.3800,1.5000,1.3600,1.4800,36400
2001-07-20,1.2500,1.4400,1.2200,1.4400,21300
2001-07-13,1.2000,1.3500,1.1600,1.3500,23800
2001-07-06,1.2000,1.2500,1.1600,1.2500,20100
2001-06-29,1.2500,1.3800,1.1300,1.2500,38300
2001-06-22,1.3900,1.4400,1.2300,1.2500,53100
2001-06-15,1.5700,1.6500,1.3500,1.5300,32000
2001-06-08,1.5100,2.0500,1.5100,1.5900,387900
2001-06-01,1.1100,1.5400,1.0500,1.4900,153400
2001-05-25,1.0300,1.1000,1.0000,1.0000,37800
2001-05-18,0.9000,1.2000,0.9000,1.2000,47100
2001-05-11,0.8300,0.9500,0.8300,0.9500,9700
2001-05-04,0.9100,0.9300,0.8700,0.9000,17300
2001-04-27,1.0000,1.0000,0.9000,0.9300,18500
2001-04-20,0.9700,1.0200,0.9500,1.0000,7000
2001-04-12,1.0000,1.0200,0.9500,1.0200,3800
2001-04-06,0.8750,1.0000,0.8750,1.0000,23500
2001-03-30,1.0630,1.1250,0.9375,1.0630,9400
2001-03-23,1.0000,1.0630,0.9375,1.0000,33500
2001-03-16,0.8750,1.0000,0.8125,1.0000,21900
2001-03-09,1.0000,1.0000,0.9375,1.0000,8900
2001-03-02,1.0000,1.1250,0.9375,1.0630,24100
2001-02-23,1.0160,1.3130,1.0000,1.1250,30800
2001-02-16,1.1880,1.2500,1.0000,1.1250,24400
2001-02-09,1.0630,1.3750,0.9375,1.2500,116300
2001-02-02,0.8750,1.1250,0.8750,1.0000,22700
2001-01-26,0.8125,1.1880,0.7500,0.9688,76400
2001-01-19,0.7500,0.8750,0.6406,0.8125,76200
2001-01-12,0.8125,0.9063,0.7500,0.7500,36700
2001-01-05,0.8125,0.8438,0.6250,0.8438,29800
2000-12-29,0.7500,0.8800,0.6875,0.8125,170600
2000-12-22,0.7344,0.9375,0.5938,0.8750,91300
2000-12-15,0.6875,0.9375,0.6250,0.9375,41500
2000-12-08,0.6875,0.8750,0.5625,0.7500,39200
2000-12-01,0.6250,1.0000,0.6250,0.8750,61400
2000-11-24,1.0000,1.0000,0.7500,0.9375,274300
2000-11-17,1.0000,1.0630,0.9688,1.0310,35500
2000-11-10,1.0000,1.0630,1.0000,1.0310,56400
2000-11-03,1.0000,1.0940,0.7500,1.0630,64000
2000-10-27,1.0000,1.0630,0.8750,1.0630,40200
2000-10-20,1.0000,1.1250,0.9375,0.9375,278700
2000-10-13,1.2500,1.2500,0.9688,1.1250,53200
2000-10-06,1.2500,1.3750,1.2190,1.3750,58000
2000-09-29,1.3750,1.3750,1.2500,1.3750,9600
2000-09-22,1.2500,1.3750,1.1560,1.3750,50200
2000-09-15,1.3750,1.4380,1.1880,1.3130,44200
2000-09-08,1.3750,1.5000,1.2500,1.3750,168800
2000-09-01,1.2500,1.4380,1.2190,1.3750,34000
2000-08-25,1.1880,1.3130,1.0630,1.3130,36200
2000-08-18,1.3130,1.3440,1.0630,1.1880,38200
2000-08-11,1.2500,1.3130,1.1880,1.3130,38700
2000-08-04,1.4690,1.4690,1.1880,1.2500,64100
2000-07-28,1.5000,1.6250,1.4060,1.4100,20800
2000-07-21,1.5000,1.6250,1.3130,1.6250,64400
2000-07-14,1.2810,1.4380,1.2810,1.3750,16000
2000-07-07,1.3130,1.3130,1.2800,1.2800,20900
2000-06-30,1.3440,1.4060,1.3130,1.3130,24400
2000-06-23,1.5000,1.6250,1.2500,1.3750,31900
2000-06-16,1.6250,1.7500,1.2500,1.3750,78000
2000-06-09,1.4380,1.6880,1.4380,1.6250,31200
2000-06-02,1.1880,1.5000,1.1250,1.5000,52200
2000-05-26,1.5000,1.6250,1.1250,1.2190,66900
2000-05-19,1.6880,2.0000,1.5000,1.6250,77200
2000-05-12,1.6250,1.8800,1.6250,1.7500,34300
2000-05-05,1.5940,1.7500,1.5000,1.5630,31200
2000-04-28,1.6250,1.8130,1.5000,1.6250,58200
2000-04-20,1.6560,2.0000,1.5630,1.6250,66900
2000-04-14,2.0000,2.0000,1.6250,1.8750,73100
2000-04-07,2.2500,2.6250,1.8130,2.1250,182100
2000-03-31,2.5310,3.0000,2.1250,2.2500,245400
2000-03-24,2.8130,2.9380,2.0630,2.3130,296700
2000-03-17,2.9690,3.8750,2.6880,2.7190,395600
2000-03-10,2.5000,3.1250,2.3750,2.8750,576900
2000-03-03,2.7500,2.7500,2.0000,2.5000,322300
2000-02-25,2.1250,2.8130,2.0000,2.7500,755500
2000-02-18,1.7500,2.0000,1.6880,1.9690,297000
2000-02-11,1.5940,1.9690,1.5630,1.7500,418400
2000-02-04,1.5630,1.6250,1.5000,1.5000,24600
2000-01-28,1.5630,1.6880,1.5000,1.6250,171500
2000-01-21,1.6250,1.6250,1.3750,1.5940,186200
2000-01-14,1.2810,1.7500,1.2500,1.6250,249800
