timestamp,open,high,low,close,volume
2018-02-27,54.2800,54.5800,53.1200,53.5500,4744127
2018-02-23,55.0000,58.0300,53.6300,54.2000,13901397
2018-02-16,55.7900,60.4700,52.0000,55.7700,17768170
2018-02-09,59.5200,60.0700,52.5450,55.0200,11676966
2018-02-02,66.4600,66.6769,61.1100,61.1700,8370879
2018-01-26,69.1200,70.0000,65.5888,66.8000,6499670
2018-01-19,68.3100,69.9600,67.3700,69.0600,5539790
2018-01-12,66.5400,68.3848,65.9100,67.9100,5792455
2018-01-05,61.3100,66.8800,60.8700,66.3800,6574461
2017-12-29,61.4200,62.0255,60.8000,61.1600,3540774
2017-12-22,61.4300,62.9100,61.0900,61.8900,8180065
2017-12-15,64.3800,64.8500,60.6601,60.9700,11940686
2017-12-08,71.0000,71.7200,60.6800,64.3800,12875825
2017-12-01,144.9200,145.0390,133.0010,138.4900,11222061
2017-11-24,141.7900,145.9800,140.3700,144.3800,3690199
2017-11-17,136.2300,140.9400,134.5529,140.5200,4533925
2017-11-10,132.1000,138.1800,131.8400,136.3600,4505020
2017-11-03,126.0000,134.7000,120.1100,132.8800,8552590
2017-10-27,122.9100,125.5900,119.5010,125.4000,3138172
2017-10-20,118.6000,122.4600,116.6900,122.4400,2933325
2017-10-13,116.6800,119.6600,116.0000,118.2900,2686668
2017-10-06,110.6900,117.0400,110.5100,116.2100,2764268
2017-09-29,113.3800,113.8000,107.9000,110.2800,2989500
2017-09-22,112.5400,115.3500,112.4300,113.4300,2598088
2017-09-15,108.9900,112.1800,108.9100,111.9500,3311278
2017-09-08,107.3500,108.9300,105.4800,107.9100,1739170
2017-09-01,104.2600,110.5000,103.3200,108.3300,3576603
2017-08-25,101.4300,104.2000,99.6900,102.7600,2857832
2017-08-18,103.1900,105.9800,101.0000,101.5300,3526160
2017-08-11,100.6000,105.1800,99.4800,101.5200,4316569
2017-08-04,95.5700,110.6900,94.5000,100.3100,10051992
2017-07-28,92.6400,96.5600,92.4700,94.8000,3501055
2017-07-21,89.3400,92.0300,87.5900,91.8400,2853262
2017-07-14,89.0500,90.6200,87.4300,89.4700,3854249
2017-07-07,85.5800,89.5400,84.4600,89.0200,2839307
2017-06-30,92.1100,93.6317,84.6800,84.9000,4856442
2017-06-23,92.3700,94.8200,89.9000,91.7400,3095998
2017-06-16,93.9900,94.0000,87.0300,91.2100,4974584
2017-06-09,93.5600,97.9900,92.8100,93.8900,3920178
2017-06-02,93.7400,94.4290,90.5400,93.7400,2710258
2017-05-26,91.6000,94.2273,91.1800,93.6500,2774460
2017-05-19,92.0500,93.1400,87.6100,90.9000,4226112
2017-05-12,90.0300,91.5200,88.5500,91.2500,3383523
2017-05-05,86.6100,90.2900,84.1600,90.0000,6309733
2017-04-28,83.5800,86.0000,83.3600,85.3400,3317443
2017-04-21,79.8300,83.3300,79.4700,82.5400,2968398
2017-04-13,84.5300,85.2600,79.6400,79.8300,2960546
2017-04-07,85.2000,86.8800,82.7700,84.2200,4386013
2017-03-31,79.4000,84.6135,78.0100,83.9500,2754555
2017-03-24,81.0000,81.4100,77.3400,80.4000,3258139
2017-03-17,80.1700,81.0000,78.1270,80.7500,3829476
2017-03-10,79.9300,81.1400,79.1900,79.9200,3212694
2017-03-03,77.9300,80.2600,76.7300,80.2200,4009271
2017-02-24,75.7600,78.9000,75.5550,77.8200,3787709
2017-02-17,69.4100,77.9400,68.6500,76.4400,2274962
2017-02-10,69.2300,70.6299,68.1200,69.9400,1693122
2017-02-03,67.1400,69.7100,65.8800,69.6200,2132681
2017-01-27,64.2500,67.7500,64.1000,66.8900,2070503
2017-01-20,66.0700,67.9600,64.3000,64.6400,2713299
2017-01-13,63.5500,66.5200,63.0200,66.3200,2199109
2017-01-06,63.4200,64.6000,62.3600,63.2600,1799867
2016-12-30,64.1600,65.1896,63.0100,63.6200,1189189
2016-12-23,64.5100,65.3800,63.5600,64.0300,2272621
2016-12-16,65.9500,65.9500,63.5100,64.5100,3202466
2016-12-09,58.4300,64.7400,57.8100,63.0400,4796032
2016-12-02,60.8500,61.3700,57.4200,58.0000,2796057
2016-11-25,59.3800,61.5000,58.9700,60.7500,1844011
2016-11-18,55.7100,59.8500,55.7100,58.8500,3855795
2016-11-11,52.0000,55.9400,51.2600,55.4300,3352688
2016-11-04,51.5700,55.8472,49.6810,50.7700,3383888
2016-10-28,53.4100,54.7700,50.8800,51.4700,2271713
2016-10-21,51.6900,53.8600,51.4400,52.9900,2079706
2016-10-14,52.2900,52.8500,50.9700,51.5800,1330540
2016-10-07,52.8700,53.0300,51.1600,51.8700,1805396
2016-09-30,51.0000,53.4600,50.7200,52.8600,2148725
2016-09-23,49.9200,52.1700,49.7300,51.0600,1742663
2016-09-16,47.3000,50.3700,47.2500,49.5700,1699376
2016-09-09,50.4500,51.0600,47.8000,48.0400,1068563
2016-09-02,50.2900,51.1400,49.4500,50.4900,1315923
2016-08-26,49.8000,50.6300,49.4200,50.1900,1563659
2016-08-19,50.0100,50.5800,49.1700,50.0000,1245231
2016-08-12,49.3200,50.6200,49.0300,49.9700,1814219
2016-08-05,45.3600,53.4500,44.9200,49.4500,5851034
2016-07-29,43.7100,45.3600,43.3800,45.1700,1522777
2016-07-22,43.5000,44.0100,43.0700,43.6800,891646
2016-07-15,43.0700,44.4000,43.0700,43.3700,1442348
2016-07-08,43.0000,43.2200,41.9300,42.7200,977388
2016-07-01,40.2400,43.6800,38.7100,43.1000,1903266
2016-06-24,42.5700,43.2400,40.1600,40.8500,1548914
2016-06-17,43.6400,44.2100,41.2600,42.0500,2326804
2016-06-10,44.2100,45.2300,43.7400,43.8800,1348293
2016-06-03,43.1100,44.3200,42.8500,44.2400,1406660
2016-05-27,40.0500,43.0900,39.8700,43.0200,1629964
2016-05-20,39.7900,40.8200,39.0150,40.1100,1475156
2016-05-13,40.4700,41.1200,39.5200,39.5700,1691054
2016-05-06,35.5300,42.4800,35.1500,40.6100,5367900
2016-04-29,37.5400,37.9900,35.3545,35.5300,2250929
2016-04-22,38.2000,38.6200,37.1603,37.5900,1880696
2016-04-15,37.4700,39.2150,37.0000,38.3800,1463555
2016-04-08,39.2900,39.2900,36.6100,37.2400,2213350
2016-04-01,37.6500,39.5050,36.9800,39.1600,2149658
2016-03-24,41.1500,41.5800,36.5500,37.4200,2121356
2016-03-18,39.1800,41.4100,38.0000,41.2800,1966800
2016-03-11,40.2100,40.4250,38.6100,39.3300,1856748
2016-03-04,37.3200,40.6700,36.5350,40.3700,2308041
2016-02-26,37.0300,37.5800,36.2550,37.2800,1949216
2016-02-19,33.7700,36.9100,33.4500,36.7400,2624813
2016-02-12,30.4300,33.7700,29.4500,33.4400,3859020
2016-02-05,31.9300,32.3150,30.6000,30.9000,1833823
2016-01-29,31.1100,32.2900,30.0801,32.2500,2867638
2016-01-22,30.1700,31.5000,29.5500,31.3200,2997374
2016-01-15,28.4000,31.3500,28.0100,29.9300,3676876
2016-01-08,33.0400,33.4950,28.2900,28.4500,3237757
2015-12-31,34.4400,35.1100,33.7600,33.7700,1177833
2015-12-24,33.9800,35.1400,33.4600,34.9200,1250869
2015-12-18,35.2400,35.7000,33.5900,33.8100,2704933
2015-12-11,37.3300,37.4900,34.8200,35.2900,2323591
2015-12-04,37.2900,37.5600,35.4450,37.2900,3056324
2015-11-27,36.6000,37.4500,36.3100,37.2700,1160796
2015-11-20,34.7900,37.6100,34.7501,36.7100,2620724
2015-11-13,35.3400,36.4500,34.5100,34.9400,2316720
2015-11-06,37.6600,38.0600,32.4000,35.4900,6142425
2015-10-30,36.6000,37.7800,34.9200,37.6000,2108992
2015-10-23,35.0400,36.9300,34.6600,36.5600,1567616
2015-10-16,35.6300,36.4100,34.2200,35.1500,1776449
2015-10-09,35.7300,36.9900,35.3600,35.5700,3818693
2015-10-02,33.7400,35.4000,33.1300,35.3800,2841736
2015-09-25,38.8500,38.9200,33.5800,33.9600,3507240
2015-09-18,36.7900,39.0400,36.5800,38.7400,3164003
2015-09-11,34.8800,37.2000,34.4600,36.8500,2732714
2015-09-04,35.2100,35.9000,34.0800,34.3700,2657160
2015-08-28,33.7600,35.8600,32.9743,35.4900,5741353
2015-08-21,36.9000,37.2300,35.5300,35.6000,3934747
2015-08-14,37.4500,38.3000,36.8500,36.9900,5173826
2015-08-07,45.2600,45.2600,32.3500,37.2400,10374962
2015-07-31,44.6900,45.9500,44.1600,45.2700,2887818
2015-07-24,46.5800,46.8000,44.9800,45.0100,1971687
2015-07-17,47.7500,47.7800,46.1900,46.3800,3404869
2015-07-10,47.5300,48.5600,46.5000,47.5700,3142497
2015-07-02,48.3600,49.0000,46.9300,47.9500,3043898
2015-06-26,50.2500,50.5000,48.0101,48.7300,12771055
2015-06-19,48.9000,51.3300,47.8300,50.1400,3141854
2015-06-12,50.6100,50.8800,49.0000,49.4100,2832613
2015-06-05,50.9200,51.9500,49.5800,50.9400,2650230
2015-05-29,48.1800,51.1600,48.0200,50.4700,2337657
2015-05-22,48.7400,49.6800,48.1100,48.5100,1842134
2015-05-15,46.6000,49.1900,45.5200,48.7400,2505892
2015-05-08,45.9200,48.6700,44.8500,46.5400,5657101
2015-05-01,47.6000,48.2900,44.8400,45.9300,2737892
2015-04-24,50.4600,50.9000,47.0500,47.5000,2612121
2015-04-17,51.4000,52.4799,49.7700,50.0800,1757045
2015-04-10,50.0600,51.7935,49.9300,51.4600,2449670
2015-04-02,48.9400,50.5700,48.3700,50.4900,1836850
2015-03-27,49.8700,49.9500,47.0100,48.6600,2903748
2015-03-20,48.7500,50.0000,48.3300,49.7100,3450053
2015-03-13,46.4100,48.7700,45.6900,48.6000,2569107
2015-03-06,44.8100,47.2800,44.8000,46.1600,3349737
2015-02-27,42.4700,44.8700,41.7700,44.6900,2741081
2015-02-20,41.1300,42.7400,40.9100,42.6200,2276340
2015-02-13,38.0400,42.5000,37.8800,41.8200,5724535
2015-02-06,36.9200,38.9680,36.2600,38.5100,2108196
2015-01-30,39.0200,39.3000,36.7100,36.7500,2448143
2015-01-23,37.2600,39.7300,36.7000,38.9900,1771747
2015-01-16,38.1000,38.3900,36.1201,37.2000,2221858
2015-01-09,40.4000,40.5300,37.5700,38.0100,2628229
2015-01-02,41.9100,42.4900,40.4800,40.8400,1075359
2014-12-26,40.3100,42.2800,40.3100,42.0500,702821
2014-12-19,40.4500,40.8299,38.6800,40.3100,2936118
2014-12-12,41.8500,42.3750,40.0000,40.1400,1916277
2014-12-05,40.6000,42.2500,39.7700,41.9900,1805928
2014-11-28,40.6800,41.6100,40.5300,40.7100,1091551
2014-11-21,40.8900,41.1700,39.3300,40.6300,2182716
2014-11-14,40.6200,41.7700,40.5200,41.0000,1662833
2014-11-07,39.6500,41.4000,39.5600,40.6200,2968585
2014-10-31,38.1100,39.6100,36.0400,39.5600,4897243
2014-10-24,37.2100,39.9400,37.2000,38.4700,2277673
2014-10-17,36.0900,38.0100,35.1600,37.2600,3415889
2014-10-10,39.5400,39.6475,35.8400,35.9000,3100633
2014-10-03,40.9100,41.4900,38.0100,39.4500,3569041
2014-09-26,42.8700,43.0800,40.6000,41.5100,2858718
2014-09-19,42.7100,43.8000,41.6000,43.0900,12678000
2014-09-12,42.5100,43.0300,41.5400,42.2200,1940900
2014-09-05,42.4800,43.9700,42.0000,42.4200,1752600
2014-08-29,44.1000,44.1000,41.4514,41.9800,2092700
2014-08-22,42.2100,44.2500,42.0200,43.7900,2135000
2014-08-15,42.6300,43.3800,40.7601,41.7300,1891300
2014-08-08,41.5600,42.5400,41.0000,42.2600,2268000
2014-08-01,38.1300,45.7999,37.4300,41.4000,6912400
2014-07-25,38.9800,40.2800,37.6800,37.9600,2386400
2014-07-18,39.4000,39.8650,37.8425,39.2000,2093100
2014-07-11,40.4200,40.6500,38.5000,38.7600,2534600
2014-07-03,37.7800,40.5950,37.5300,40.3300,2555300
2014-06-27,38.3800,39.6700,37.2700,37.7100,2625300
2014-06-20,36.7700,38.5800,36.1400,38.0600,1975600
2014-06-13,37.8000,38.4700,36.4600,36.8600,1464000
2014-06-06,36.0900,38.0600,34.7000,37.8700,1842000
2014-05-30,35.5700,36.9500,35.4100,36.0000,1703800
2014-05-23,34.4500,35.4800,33.7100,35.2200,1738400
2014-05-16,33.3800,35.1600,32.8600,34.5200,2230200
2014-05-09,33.6800,34.2800,32.4300,33.1000,2360500
2014-05-02,34.8000,35.5100,33.0700,33.9800,3869700
2014-04-25,33.2000,37.3730,32.6710,34.6300,2996600
2014-04-17,33.2900,33.7600,30.6650,33.1100,2079600
2014-04-11,33.7100,35.4400,32.8900,32.9200,2220300
2014-04-04,33.1900,36.7000,33.0400,33.9600,2726000
2014-03-28,35.5600,35.5700,32.8300,33.0200,2133400
2014-03-21,36.3000,36.7600,35.4200,35.4800,1885500
2014-03-14,37.4000,37.6800,35.7100,36.0400,1465900
2014-03-07,37.2200,38.3300,36.2801,37.5800,1947700
2014-02-28,37.9200,38.3994,37.1397,37.6600,1662900
2014-02-21,36.7400,39.5400,36.1078,37.7100,2713400
2014-02-14,38.8200,40.1400,33.2000,36.6200,6170400
2014-02-07,39.4000,39.7384,36.9232,38.9000,2650000
2014-01-31,37.6600,39.9900,37.0000,39.4500,2818100
2014-01-24,38.0100,38.7900,37.4550,37.5700,1870600
2014-01-17,36.9300,38.4490,36.7100,37.8500,2180600
2014-01-10,38.3200,38.5699,36.7200,37.0500,2409900
2014-01-03,38.0900,38.6000,37.5800,38.1000,2217600
2013-12-27,36.8400,38.4680,36.7200,38.0500,1429300
2013-12-20,33.6200,36.9800,33.5550,36.6900,3887500
2013-12-13,33.1900,33.7900,32.5200,33.3700,2129700
2013-12-06,33.0500,33.3200,31.9000,33.0000,2179400
2013-11-29,32.4900,33.5000,32.2500,32.9500,1493200
2013-11-22,31.9700,32.2500,30.5200,32.2300,2210300
2013-11-15,31.1000,31.9500,30.8300,31.8500,1540100
2013-11-08,30.9200,31.3600,29.7800,30.6900,2358400
2013-11-01,31.1500,35.0000,30.5000,30.7450,4412000
2013-10-25,31.0400,31.3900,30.5200,31.2100,1436600
2013-10-18,30.7700,31.8300,30.6701,31.0900,2209000
2013-10-11,30.5300,31.1500,29.2200,31.0400,2196900
2013-10-04,30.8500,31.7700,30.3007,30.8200,2133000
2013-09-27,31.2800,32.3500,31.2800,31.4100,1684800
2013-09-20,62.2600,62.3200,30.1200,31.3600,1955700
2013-09-13,60.3800,65.2000,59.8100,61.6500,1844800
2013-09-06,57.7200,61.5000,57.5000,60.3800,1330300
2013-08-30,56.8000,57.6000,54.1400,56.9800,744100
2013-08-23,55.7200,57.2700,54.5100,56.8100,774300
2013-08-16,54.6500,57.9000,54.6500,55.9100,836300
2013-08-09,55.0200,56.0100,54.5691,54.9100,536600
2013-08-02,50.2100,59.0200,49.5200,55.1900,2177200
2013-07-26,51.2400,51.8900,50.1800,50.2400,639400
2013-07-19,51.9900,52.4300,50.7400,51.4800,634900
2013-07-12,46.8900,52.4900,46.6000,51.8300,941900
2013-07-05,45.7100,48.0000,45.3300,46.3000,759400
2013-06-28,44.7700,46.4800,43.9200,45.2200,814000
2013-06-21,45.2800,46.3400,44.5000,45.0700,738900
2013-06-14,44.6900,45.7200,43.9900,44.8800,580800
2013-06-07,44.9700,45.9800,44.2001,44.6100,1007500
2013-05-31,44.8400,45.4650,43.7800,44.9300,524300
2013-05-24,44.9900,46.3700,42.9300,44.0500,1036200
2013-05-17,44.0000,45.2600,43.7200,45.2400,1101900
2013-05-10,41.7300,44.4400,41.5900,44.2000,1471800
2013-05-03,37.7300,42.7400,37.7300,41.6300,2015800
2013-04-26,37.6200,38.3700,36.8700,37.5100,795800
2013-04-19,39.1800,39.6600,37.2200,37.7300,1096300
2013-04-12,40.0200,40.2900,39.1700,39.5800,813800
2013-04-05,42.0400,42.0499,39.6200,39.8200,622500
2013-03-28,41.0900,42.4200,40.6700,42.1500,362200
2013-03-22,40.5700,41.8500,40.5300,41.0600,639800
2013-03-15,41.5600,41.8380,40.8350,41.2100,481700
2013-03-08,41.3200,42.1620,40.5850,41.7900,389100
2013-03-01,41.9100,41.9100,40.3400,41.5600,549000
2013-02-22,41.5000,42.4100,40.8000,41.7100,651800
2013-02-15,41.6500,43.5300,40.8800,41.6600,1154400
2013-02-08,40.2200,42.8900,40.1200,41.7600,1101500
2013-02-01,39.9800,40.6900,39.0625,40.5400,703900
2013-01-25,39.1800,39.9000,38.5400,39.9000,705900
2013-01-18,38.0500,39.4100,37.6500,39.3100,771500
2013-01-11,38.1000,38.3000,36.7600,38.1600,990500
2013-01-04,35.6900,38.6000,35.4700,38.2600,1016600
2012-12-28,36.3000,36.9800,35.7500,35.7500,391900
2012-12-21,35.2500,36.5800,35.2500,36.2900,895400
2012-12-14,36.6700,38.6700,34.2400,35.1100,1083400
2012-12-07,36.1000,36.9800,35.2600,36.6200,617400
2012-11-30,34.3800,36.1500,34.3800,35.8200,833500
2012-11-23,33.6900,34.8400,33.1501,34.4900,734800
2012-11-16,35.0500,35.4599,32.2900,33.1804,648800
2012-11-09,35.6700,36.8700,34.3400,34.9600,607800
2012-11-02,35.6000,37.0599,35.0100,35.7500,476800
2012-10-26,35.4800,36.2800,34.8500,35.6600,485300
2012-10-19,36.3100,37.1900,35.3300,35.6400,712400
2012-10-12,36.2100,36.3700,35.2300,36.1200,609300
2012-10-05,34.9000,37.2300,34.6400,36.3400,967500
2012-09-28,37.6700,38.6000,33.0800,34.5800,1691200
2012-09-21,37.1300,38.9900,37.0100,37.9400,1093000
2012-09-14,39.0800,39.0800,36.4500,37.3200,1276700
2012-09-07,36.0700,38.8900,35.3400,38.7900,994700
2012-08-31,36.4400,36.8700,34.6700,36.0900,614300
2012-08-24,36.6600,37.6200,35.9100,36.3600,610000
2012-08-17,36.3000,36.7000,35.2400,36.6700,510300
2012-08-10,34.0000,36.4200,33.5433,36.2600,1101300
2012-08-03,32.4800,34.2500,29.7300,33.9400,1414400
2012-07-27,29.9400,32.5400,29.8000,32.4500,589500
2012-07-20,30.4300,31.8700,30.0100,30.6800,460500
2012-07-13,31.7000,31.8000,29.2400,30.5100,1131300
2012-07-06,31.7700,33.3400,31.5700,31.8400,647400
2012-06-29,31.2400,31.7200,29.6600,31.6500,1423700
2012-06-22,32.2100,32.9600,31.5400,31.7900,1614000
2012-06-15,34.4500,34.7999,32.2400,32.3400,1337400
2012-06-08,33.8900,34.8900,32.4100,34.3200,1776700
2012-06-01,36.3200,36.9800,33.7400,33.8100,783300
2012-05-25,34.5400,36.5100,34.2300,36.0000,964800
2012-05-18,35.4400,37.0000,34.1200,34.3600,1065600
2012-05-11,36.9400,37.4000,35.8900,36.0900,901500
2012-05-04,39.6500,42.3400,37.0700,37.0900,1973500
2012-04-27,38.9900,40.4300,38.0100,39.6400,1203900
2012-04-20,39.6400,40.8900,38.8900,39.4500,1286600
2012-04-13,40.9600,41.8950,39.3813,39.7200,1086400
2012-04-05,41.9300,43.8300,41.4200,41.7400,585700
2012-03-30,43.3900,44.4000,41.8300,42.3600,714900
2012-03-23,43.1900,44.4100,42.1001,42.9400,917500
2012-03-16,42.2200,43.5600,42.0500,43.4000,1016800
2012-03-09,42.0300,42.5500,40.2000,42.4200,849500
2012-03-02,42.0600,43.4900,40.9000,42.0500,1133500
2012-02-24,42.0800,42.9500,41.6636,42.6200,779400
2012-02-17,40.4500,44.8000,40.4400,42.9500,1569900
2012-02-10,43.8300,44.2000,39.7400,41.3100,1243000
2012-02-03,41.2700,44.6600,41.0000,44.2600,1055800
2012-01-27,40.8300,41.8600,39.9400,41.8300,666400
2012-01-20,40.5900,41.4900,40.2600,40.9600,955500
2012-01-13,38.4700,40.8400,38.2450,40.0600,1791500
2012-01-06,36.9100,38.7300,35.9100,38.3800,1115200
2011-12-30,35.6600,36.9900,34.3800,35.7900,550000
2011-12-23,35.2700,36.0000,34.1900,35.7600,634000
2011-12-16,36.0400,36.5660,34.2000,35.0300,1521400
2011-12-09,35.0600,37.1200,33.3000,36.8300,1205100
2011-12-02,32.0600,35.7500,31.5700,34.2700,1122100
2011-11-25,33.2900,33.3400,30.3000,30.8000,556700
2011-11-18,35.5600,36.4100,33.4800,33.9800,961800
2011-11-11,34.9700,35.8700,33.6700,35.4100,839900
2011-11-04,33.6400,35.2600,31.2800,35.1500,1445800
2011-10-28,32.3800,35.2600,32.0000,34.5100,1237900
2011-10-21,31.6300,32.6900,30.1600,32.3500,1066900
2011-10-14,28.6500,32.0000,28.1800,31.8700,968300
2011-10-07,26.6300,29.7200,24.9100,28.5800,1914300
2011-09-30,27.8400,30.2000,27.0200,27.1000,1395500
2011-09-23,29.5300,29.7200,26.0200,27.6400,1702200
2011-09-16,28.1000,30.2900,27.6400,30.1500,1942400
2011-09-09,28.5300,30.8400,27.8400,28.2600,1634400
2011-09-02,34.1700,36.4400,29.4100,29.6200,2678800
2011-08-26,30.9000,33.9500,29.7900,33.7800,1740600
2011-08-19,32.3800,33.4600,29.1200,30.0000,1384400
2011-08-12,31.5000,32.5800,28.9300,32.0600,2068600
2011-08-05,34.6600,37.4900,32.0100,32.6700,2928800
2011-07-29,35.9300,36.6000,33.2100,33.9500,912900
2011-07-22,34.7400,36.9000,34.5500,36.4700,1148200
2011-07-15,35.8100,36.1000,33.8700,35.0200,1037600
2011-07-08,36.2100,36.6800,35.5000,36.3900,612600
2011-07-01,33.6900,36.1500,33.1600,35.9900,866200
2011-06-24,32.7200,34.8500,32.3100,33.6900,1710800
2011-06-17,33.2400,33.9300,32.7200,32.9500,1416300
2011-06-10,34.4500,34.7900,32.6100,33.2200,1157400
2011-06-03,34.5600,35.6700,33.6800,34.2800,1739200
2011-05-27,32.2400,34.2850,31.0900,34.1400,1455000
2011-05-20,34.6600,34.7200,32.6201,32.9600,1141800
2011-05-13,35.2700,36.2500,34.7800,34.8600,1644300
2011-05-06,30.8200,36.8900,30.7710,35.3100,3823700
2011-04-29,29.8000,31.4900,29.5300,31.2800,1334300
2011-04-21,28.1600,30.1300,28.0100,29.7800,1077800
2011-04-15,28.8000,28.8600,28.0000,28.7500,1410300
2011-04-08,28.4600,29.2700,28.2900,28.8000,1105800
2011-04-01,28.3400,28.8700,27.3400,28.3600,1394600
2011-03-25,25.2300,28.5000,25.0400,28.0400,1682300
2011-03-18,26.7000,27.0700,24.6100,24.7600,2641400
2011-03-11,28.9600,29.1000,26.7100,26.8600,1181800
2011-03-04,28.3900,29.3400,26.3301,28.7400,1873400
2011-02-25,29.6000,29.6600,26.9500,28.0900,1824300
2011-02-18,31.9600,32.2400,28.5400,29.7000,2871100
2011-02-11,33.7700,34.9700,31.1500,31.8400,2916600
2011-02-04,31.5800,33.0890,31.1700,32.9500,1346900
2011-01-28,30.3500,32.6700,29.9600,31.1700,1508600
2011-01-21,29.7700,30.1900,28.0850,29.6200,939900
2011-01-14,27.8300,29.9500,27.6500,29.9300,886000
2011-01-07,29.6000,30.4000,27.0700,28.0800,1303000
2010-12-31,30.7000,30.8000,29.4200,29.4200,502400
2010-12-23,31.1000,31.6300,30.6700,30.8500,479400
2010-12-17,28.8500,31.3600,28.7900,31.1000,3008400
2010-12-10,28.8200,29.0200,28.3600,29.0200,946100
2010-12-03,28.7900,29.2000,27.9500,28.8500,985000
2010-11-26,28.7200,29.4900,28.3116,29.0900,452200
2010-11-19,28.5500,29.3500,26.9800,28.9600,998700
2010-11-12,28.7800,29.8100,28.1800,28.3300,1072700
2010-11-05,26.7100,29.9400,26.2100,29.5900,3170200
2010-10-29,27.3100,27.4999,26.0700,26.7000,768500
2010-10-22,27.1500,27.8700,26.2600,27.1600,877700
2010-10-15,27.0100,27.9900,26.8600,27.1000,1279900
2010-10-08,26.0100,27.4300,25.8900,26.9000,1767000
2010-10-01,22.9000,27.4000,22.6560,26.2000,3928700
2010-09-24,22.3600,23.0000,22.1300,22.8000,998900
2010-09-17,22.3800,23.1300,21.8100,22.3100,2277400
2010-09-10,21.0700,21.0700,20.3200,20.5600,335200
2010-09-03,19.9700,21.3800,19.2000,21.1200,872100
2010-08-27,19.8500,20.2100,19.0200,20.0100,950700
2010-08-20,19.7200,20.5800,19.2900,19.7500,741200
2010-08-13,21.5200,21.8800,19.8600,19.8900,1189900
2010-08-06,18.9600,21.3700,18.6500,21.3300,1846800
2010-07-30,18.5200,19.4100,18.3300,18.6500,770000
2010-07-23,17.4600,18.5000,17.1200,18.4800,1325600
2010-07-16,17.6400,18.6000,17.2901,17.4600,881100
2010-07-09,17.4400,17.8625,16.7600,17.7400,813700
2010-07-02,19.1000,19.2200,16.9900,17.1300,779100
2010-06-25,19.8400,19.9500,18.8600,19.0200,1745700
2010-06-18,17.9900,19.7100,17.8700,19.5000,893800
2010-06-11,18.1500,18.2200,17.0800,17.7600,776200
2010-06-04,18.9100,19.2900,18.0100,18.0850,848100
2010-05-28,19.1400,19.5200,17.9000,19.0900,846000
2010-05-21,20.6100,21.1700,18.4300,19.1200,859600
2010-05-14,20.1900,21.3200,20.1900,20.5900,1336900
2010-05-07,20.9700,22.5900,19.3000,19.7100,1694100
2010-04-30,21.6900,21.8900,20.8300,20.9100,934600
2010-04-23,19.5200,21.7900,19.0900,21.7800,1033200
2010-04-16,19.0000,19.9400,18.7200,19.5500,816800
2010-04-09,18.8500,19.5600,18.7380,19.0400,491900
2010-04-01,18.8100,19.0000,18.3400,18.7200,497600
2010-03-26,18.9300,19.4700,18.5800,18.8000,663100
2010-03-19,19.2400,19.8000,18.9600,19.0200,470700
2010-03-12,19.3900,19.6300,18.8050,19.2200,581000
2010-03-05,19.0100,19.8100,18.9600,19.4400,642100
2010-02-26,19.0000,19.1300,18.6400,18.9000,495600
2010-02-19,18.9300,19.0800,18.6800,18.9700,918500
2010-02-12,16.9200,18.9900,16.6000,18.7400,1142700
2010-02-05,16.3900,16.8900,16.1700,16.8900,532277
2010-01-29,17.1600,17.1600,16.3600,16.3700,592200
2010-01-22,17.0500,18.1400,16.8700,16.9500,663000
2010-01-15,17.6000,17.6300,16.7101,17.0700,405800
2010-01-08,17.8800,18.2900,17.1600,17.5500,359600
2009-12-31,18.0300,18.1300,17.6800,17.7100,306300
2009-12-24,17.1600,17.9900,17.0400,17.9200,362400
2009-12-18,17.1400,17.8600,16.9400,17.1100,777700
2009-12-11,17.5300,17.8900,16.7500,17.0800,488300
2009-12-04,16.6400,17.6400,16.0540,17.5900,1223700
2009-11-27,17.4200,17.7300,16.6100,16.6300,329100
2009-11-20,17.1200,18.1700,17.0000,17.1400,586700
2009-11-13,17.1500,17.7300,16.7600,17.0300,467500
2009-11-06,16.1500,17.1900,15.8300,16.9500,874300
2009-10-30,16.8300,17.3000,15.9300,16.0900,795400
2009-10-23,17.2200,17.5900,16.7000,16.8600,541162
2009-10-16,16.9000,17.2100,16.6700,17.1100,608000
2009-10-09,15.8000,16.8700,15.6400,16.8100,675400
2009-10-02,16.4800,16.9500,15.5906,15.6800,563400
2009-09-25,17.2100,17.4700,16.3500,16.4400,496600
2009-09-18,16.3300,17.8700,16.2600,17.4200,799700
2009-09-11,16.4100,16.7200,16.0800,16.5000,385500
2009-09-04,16.1100,16.5400,15.9200,16.3300,828800
2009-08-28,16.1000,16.5900,15.7800,16.2700,444284
2009-08-21,15.7200,16.1400,15.2100,16.1200,764400
2009-08-14,16.3600,16.5600,15.7100,15.9100,669900
2009-08-07,16.6900,16.8800,16.3500,16.4400,1382000
2009-07-31,16.2400,16.9800,16.0700,16.5000,1423200
2009-07-24,15.5100,16.7800,15.3503,16.2500,1280800
2009-07-17,13.8000,15.6100,13.5800,15.4300,816200
2009-07-10,14.0800,14.2900,13.6200,13.7800,1231800
2009-07-02,14.2300,14.7300,13.9400,14.0900,946600
2009-06-26,14.4100,14.4100,13.6200,14.2800,2283200
2009-06-19,14.2900,14.7100,13.8300,14.4400,835200
2009-06-12,13.5900,14.5400,13.3600,14.3700,945800
2009-06-05,13.1900,13.9700,13.0600,13.7600,1338800
2009-05-29,12.8700,13.3500,12.5702,13.0900,1063400
2009-05-22,13.2300,13.6300,12.8900,12.9600,1567700
2009-05-15,13.3600,13.6900,12.4100,13.1000,1341500
2009-05-08,14.1900,14.3900,12.8400,13.5800,3786000
2009-05-01,13.7500,14.7200,13.5100,14.0500,1199000
2009-04-24,14.3400,14.6300,13.3800,13.9600,1368500
2009-04-17,14.3400,14.8500,13.4700,14.6500,1134800
2009-04-09,14.1800,14.6700,13.1300,14.6700,807300
2009-04-03,13.2800,14.5900,12.6500,14.3100,1183300
2009-03-27,12.8100,14.0200,12.5000,13.4700,1092900
2009-03-20,10.9100,12.9300,10.7200,12.4700,1707800
2009-03-13,9.8100,11.1000,9.4600,10.8500,1516900
2009-03-06,11.0000,11.0600,9.6700,9.9500,1999000
2009-02-27,12.8400,12.8800,10.9100,11.0000,2178800
2009-02-20,12.7800,13.1700,12.0500,12.7000,1530500
2009-02-13,13.8100,13.9900,12.9300,13.1800,1191600
2009-02-06,12.9400,14.0000,12.8100,13.8200,1148500
2009-01-30,13.2500,13.9995,12.9500,13.0600,1132000
2009-01-23,13.1800,13.5700,12.7500,13.2400,1287500
2009-01-16,13.5000,13.8900,12.7700,13.3100,1319200
2009-01-09,14.7400,14.7400,13.5900,13.7400,1518900
2009-01-02,13.7500,15.3000,13.6400,15.2000,660100
2008-12-26,13.7000,13.8876,12.8200,13.8300,915000
2008-12-19,13.2300,14.1400,12.4500,13.6200,1985200
2008-12-12,13.6100,13.8882,12.1500,13.1400,1450800
2008-12-05,13.3600,13.3800,11.4400,13.3100,2043500
2008-11-28,11.8500,13.6500,11.7400,13.6300,1339400
2008-11-21,13.7500,13.8700,10.8200,11.7400,1964400
2008-11-14,16.1700,16.2300,13.4100,13.8800,1577400
2008-11-07,15.9500,17.3500,15.3400,15.8400,1418100
2008-10-31,14.2500,16.5000,14.0000,16.0200,1831400
2008-10-24,15.8300,16.6900,14.1600,14.4400,1089700
2008-10-17,17.7300,18.4100,14.8500,15.7400,1524700
2008-10-10,19.0400,19.2400,14.7500,17.1100,2751700
2008-10-03,20.9900,21.2300,18.9300,19.4400,2445200
2008-09-26,22.6800,23.0900,20.2500,21.2900,1022200
2008-09-19,19.7100,25.0000,19.2700,23.0000,2927700
2008-09-12,19.8800,20.7700,19.4000,20.0000,1167400
2008-09-05,20.5900,21.0000,19.0000,19.4400,1084600
2008-08-29,19.6300,20.8000,19.2400,20.2300,1098800
2008-08-22,20.3400,20.7000,19.1500,19.7200,1393800
2008-08-15,20.0400,21.2200,19.7400,20.2000,1787600
2008-08-08,18.1900,20.3200,17.6600,20.0400,2266100
2008-08-01,23.9500,23.9500,16.5700,18.2700,5928500
2008-07-25,23.3100,24.6000,23.0100,23.8200,1381400
2008-07-18,22.2300,23.9200,21.4300,23.2700,1077900
2008-07-11,22.2100,23.0600,21.6600,22.0000,1660700
2008-07-03,23.2800,23.6100,21.9000,21.9600,1289100
2008-06-27,26.3400,27.3300,23.1500,23.2300,2680400
2008-06-20,27.0900,27.3500,25.9300,26.2300,1341000
2008-06-13,27.5000,27.5000,26.1800,27.1400,1071600
2008-06-06,27.7200,28.1000,27.1600,27.3700,1481542
2008-05-30,26.3700,27.9300,26.3700,27.8600,1338422
2008-05-23,26.6300,27.2000,26.0000,26.4000,1697000
2008-05-16,25.5400,26.8200,25.5400,26.6700,1428300
2008-05-09,24.9600,25.9600,24.7300,25.5300,1247600
2008-05-02,22.6100,26.4500,22.5300,24.9600,2872500
2008-04-25,22.3700,23.2300,21.9600,22.8700,1057900
2008-04-18,22.2000,22.7800,21.8100,22.5100,1427300
2008-04-11,22.9600,23.3400,22.1000,22.2500,950857
2008-04-04,21.3200,23.0000,21.2500,22.7000,1536100
2008-03-28,21.1500,22.1600,21.0800,21.2400,1338600
2008-03-20,19.6200,21.1100,19.3800,21.1100,2167900
2008-03-14,19.8300,20.7020,19.2100,20.2500,2347100
2008-03-07,19.3800,20.0000,19.0500,19.7200,1725100
2008-02-29,18.8200,19.9700,18.7400,19.3300,2086600
2008-02-22,19.4300,19.7100,18.5000,18.8500,2068100
2008-02-15,15.0600,20.0600,14.6700,19.4300,4170500
2008-02-08,16.1700,16.4100,14.8700,15.0200,1196200
2008-02-01,16.0200,16.2600,15.1100,16.1800,2467200
2008-01-25,16.1500,17.4400,15.5200,16.1800,2153100
2008-01-18,17.7600,18.0800,16.4500,16.5100,966700
2008-01-11,19.0100,19.1400,17.5000,17.5400,1052400
2008-01-04,20.1500,20.4000,18.6300,18.8900,1155200
2007-12-28,21.0500,21.2400,19.9900,20.0800,648400
2007-12-21,19.5100,21.1000,19.4100,20.9900,1536400
2007-12-14,20.6700,21.0500,19.5700,19.5700,1142500
2007-12-07,20.1200,20.9800,19.7100,20.6700,811900
2007-11-30,20.6400,21.2600,20.0400,20.2700,1386600
2007-11-23,20.3300,20.7800,19.9500,20.6500,747600
2007-11-16,20.7100,21.7200,20.1600,20.5900,1381000
2007-11-09,19.5700,21.5000,19.5700,20.6900,2621000
2007-11-02,18.1300,22.3500,16.7400,20.0000,3432400
2007-10-26,17.2900,18.3300,17.2900,18.0400,1001400
2007-10-19,18.8600,18.9600,17.4200,17.4200,1155700
2007-10-12,18.9400,19.1900,18.7600,18.8900,1859500
2007-10-05,17.7100,19.2800,17.6700,19.0200,994600
2007-09-28,17.6800,18.1700,17.1000,17.7600,1246300
2007-09-21,17.2900,18.4300,17.2100,17.6600,1984400
2007-09-14,17.2400,17.5700,16.6800,17.3600,2008500
2007-09-07,18.4000,18.8200,17.1200,17.1900,1361400
2007-08-31,18.7000,18.9900,17.6400,18.4500,2085900
2007-08-24,19.4600,19.4600,18.1100,18.8000,2783400
2007-08-17,23.2000,23.2100,17.2300,19.2800,3201300
2007-08-10,20.5200,25.8700,20.2200,22.9300,4621800
2007-08-03,20.9700,21.7500,20.3600,20.3800,1450900
2007-07-27,23.4600,23.6100,20.9800,21.0300,1742500
2007-07-20,23.5400,23.9100,22.8500,23.4800,1916000
2007-07-13,22.2800,23.7000,21.7400,23.4600,1761900
2007-07-06,22.6600,22.7800,21.9500,22.2600,980000
2007-06-29,23.1000,23.3000,22.4300,22.5100,1466200
2007-06-22,23.4900,23.7200,22.9700,23.1000,1983100
2007-06-15,22.7200,23.5000,22.3300,23.4900,1903600
2007-06-08,23.3900,23.5400,22.3600,22.8300,1583700
2007-06-01,23.3000,23.6500,22.9000,23.4600,1359500
2007-05-25,23.5700,24.2400,22.9700,23.1800,1627500
2007-05-18,23.2200,23.7500,22.9700,23.6000,2000500
2007-05-11,23.4800,23.7400,22.5400,23.3000,1502100
2007-05-04,21.8500,23.7900,21.5100,23.5700,2230800
2007-04-27,21.4700,21.9700,21.2000,21.7800,1264600
2007-04-20,22.2000,23.0800,20.2000,21.5600,2363800
2007-04-13,21.8400,22.3100,21.6200,22.3100,995500
2007-04-05,21.6300,21.9200,21.2300,21.8000,665900
2007-03-30,21.9400,22.2300,21.3400,21.6700,1093000
2007-03-23,21.4800,22.0600,21.2400,21.9300,968100
2007-03-16,21.3700,21.8400,20.8300,21.3600,1374500
2007-03-09,20.9400,21.8400,20.9100,21.4600,1143000
2007-03-02,23.2600,23.3600,20.9800,21.0200,1158400
2007-02-23,22.2400,23.2800,22.1500,23.1600,683800
2007-02-16,22.2300,23.1000,22.0300,22.3800,1705300
2007-02-09,22.1600,22.7500,21.9000,22.2900,1065000
2007-02-02,21.9700,22.5000,21.3900,22.2300,1737500
2007-01-26,23.3500,24.1200,21.8700,22.0300,2913300
2007-01-19,24.5700,24.8500,23.1400,23.5100,1469500
2007-01-12,23.7500,24.5900,23.5800,24.4500,960900
2007-01-05,23.9400,24.5000,23.6600,23.7500,578700
2006-12-29,23.3200,24.4900,23.3200,23.8200,788700
2006-12-22,23.3400,23.7000,22.6900,23.3900,1018600
2006-12-15,23.6200,23.7700,23.0800,23.3100,1274200
2006-12-08,23.8000,24.4500,23.2500,23.5400,1043500
2006-12-01,25.1800,25.4000,23.5600,23.8500,1409000
2006-11-24,24.9600,25.4700,24.8000,25.2000,552600
2006-11-17,23.9200,25.6800,23.8600,24.9900,1145800
2006-11-10,23.1000,23.9400,22.9700,23.9400,1224500
2006-11-03,23.0100,23.4500,22.3200,22.9400,1401400
2006-10-27,22.7200,23.6600,22.2700,23.0300,1578100
2006-10-20,26.4800,26.9800,21.6500,22.7600,5050400
2006-10-13,24.8600,26.6700,24.5300,26.3600,1139000
2006-10-06,25.2000,25.2900,23.8300,25.0000,1610000
2006-09-29,23.8600,25.5900,23.7900,25.2600,1949300
2006-09-22,25.0000,25.3000,23.3400,23.8000,1540300
2006-09-15,24.8000,25.6100,24.4100,25.1400,1081400
2006-09-08,25.4300,25.8900,24.6100,25.0200,589400
2006-09-01,23.9400,25.9600,23.8800,25.3200,1448500
2006-08-25,24.8100,24.8700,23.5500,23.8800,1238400
2006-08-18,23.2900,25.3300,23.2900,25.0200,995200
2006-08-11,24.0700,24.3500,22.3900,23.1800,1439300
2006-08-04,23.3800,25.5900,22.8700,24.3500,1488000
2006-07-28,21.3700,23.5400,21.3200,23.4900,1394800
2006-07-21,23.5000,24.1200,20.8700,21.1600,2192300
2006-07-14,25.0700,25.4100,23.0900,23.4600,1602400
2006-07-07,25.8500,26.2000,25.0100,25.0200,540500
2006-06-30,25.1700,26.3300,24.3600,26.0300,1209900
2006-06-23,25.7600,26.0500,24.7200,25.0500,987200
2006-06-16,24.9600,26.4400,24.2500,25.7700,1992800
2006-06-09,25.9500,25.9800,24.6600,25.0800,1044200
2006-06-02,26.7700,26.7700,24.6800,25.9500,1457500
2006-05-26,25.4500,27.2400,25.0900,26.7800,1167700
2006-05-19,26.6600,26.8600,25.1900,25.5800,1391300
2006-05-12,27.7400,28.5400,26.1800,26.7300,1766600
2006-05-05,26.5400,28.0000,25.8100,27.9400,1458500
2006-04-28,29.2000,29.4500,25.4600,26.6500,3004300
2006-04-21,28.3900,29.8500,27.9100,29.1000,1160400
2006-04-13,29.1300,29.1400,27.5100,28.4700,602300
2006-04-07,29.6400,30.0100,28.8600,29.1400,870600
2006-03-31,28.2400,29.7000,27.8600,29.6400,1030300
2006-03-24,28.4500,28.5700,27.8000,28.4300,789400
2006-03-17,28.4900,29.0000,28.1780,28.4100,1424500
2006-03-10,29.2100,29.2100,28.0000,28.5700,1135200
2006-03-03,27.9100,29.2800,27.4100,29.0500,1692000
2006-02-24,27.9200,28.2000,27.4800,27.9000,555500
2006-02-17,28.0800,28.6900,27.5500,27.9600,827700
2006-02-10,28.3000,29.0200,27.7300,28.2900,1483300
2006-02-03,29.3000,29.7600,28.2600,28.3700,1358500
2006-01-27,29.9400,30.2000,27.1800,29.3400,3168500
2006-01-20,30.0200,30.4000,29.3000,29.5600,899000
2006-01-13,32.3300,33.2400,28.6600,30.0200,3140400
2006-01-06,30.3200,32.3600,29.2300,32.2100,1329400
2005-12-30,31.4600,31.7100,29.4400,30.0900,434200
2005-12-23,31.2900,31.9000,30.4700,31.3800,602400
2005-12-16,29.4800,32.7000,29.4800,31.5300,1879800
2005-12-09,31.1500,31.1500,28.5700,29.5500,1145300
2005-12-02,31.4400,31.7000,29.8700,31.3100,995400
2005-11-25,30.7400,31.5000,30.6200,31.2100,513900
2005-11-18,30.8200,31.2200,29.9900,30.7000,941200
2005-11-11,30.8300,31.4200,30.0000,30.8700,855400
2005-11-04,28.1800,30.7700,27.9600,30.6600,1036000
2005-10-28,28.2500,28.8900,26.9300,28.0400,848400
2005-10-21,29.3400,29.6000,26.7800,28.1600,1711300
2005-10-14,30.1800,30.6100,27.9900,29.4300,1433800
2005-10-07,30.0100,31.7300,28.8200,30.0300,1209100
2005-09-30,29.1900,30.3500,28.2500,30.0700,806300
2005-09-23,31.1700,31.3700,28.3600,29.0100,726100
2005-09-16,30.4500,31.5000,29.2800,31.2500,1476100
2005-09-09,30.4300,31.0800,29.5160,30.5700,700400
2005-09-02,29.7100,30.6700,28.7100,30.3500,883000
2005-08-26,30.9400,31.3400,29.5500,29.7200,762700
2005-08-19,30.8400,31.4400,30.0600,30.7200,799900
2005-08-12,31.3500,31.9700,30.4500,30.8900,879800
2005-08-05,33.2000,33.5800,30.9651,31.0500,938300
2005-07-29,32.8100,33.4900,31.6100,33.3700,1045700
2005-07-22,28.7200,33.7600,28.2700,32.9300,3584600
2005-07-15,27.6000,28.7500,27.2500,28.7500,854700
2005-07-08,26.1300,27.5000,25.4259,27.4400,847800
2005-07-01,25.6900,26.7200,25.1200,26.2600,884900
2005-06-24,26.4400,27.2800,25.4600,25.5900,622200
2005-06-17,26.2900,26.8400,25.8800,26.5500,953400
2005-06-10,25.6200,26.9300,25.6200,26.4200,777200
2005-06-03,25.8900,26.1300,25.6000,25.7000,839600
2005-05-27,25.9200,26.1800,25.4000,25.9700,658500
2005-05-20,24.7300,26.4600,24.4900,26.0000,1125700
2005-05-13,23.9500,25.4000,23.3600,24.6300,1441400
2005-05-06,21.7600,23.9700,21.7000,23.9000,1629200
2005-04-29,23.1200,23.4400,21.4000,21.8400,2041600
2005-04-22,23.3100,24.5200,22.9700,23.2000,1142200
2005-04-15,25.9400,25.9500,23.2400,23.3100,1388100
2005-04-08,25.1100,26.2100,24.7200,25.9000,1345800
2005-04-01,24.7800,25.3400,23.9200,25.1400,1330000
2005-03-24,25.5300,26.2600,24.8000,24.8000,562000
2005-03-18,26.7700,27.4700,25.4100,25.6500,1006300
2005-03-11,27.9700,28.4300,26.6200,26.9000,1653000
2005-03-04,28.2500,28.3000,27.4700,27.8900,1115000
2005-02-25,27.8000,28.2600,27.0300,28.2600,1356700
2005-02-18,28.0500,28.4400,27.6800,27.9800,1134500
2005-02-11,26.5000,28.3200,26.5000,28.2500,1257600
2005-02-04,25.1700,26.9200,25.1700,26.9200,1202900
2005-01-28,25.5000,26.1700,24.6100,25.2400,2184700
2005-01-21,25.1100,25.3600,23.8000,24.1200,1010800
2005-01-14,24.7000,25.6400,24.4600,24.9800,890100
2005-01-07,27.8000,27.8500,24.7100,24.8100,1535800
2004-12-31,28.1000,28.3000,27.4000,27.9000,677500
2004-12-23,27.2800,28.0700,26.9860,27.9700,688500
2004-12-17,27.3000,28.0000,26.9700,27.3400,1124900
2004-12-10,28.0500,29.9000,26.8300,27.1000,2864300
2004-12-03,26.0600,28.0800,25.6500,27.9300,1568000
2004-11-26,26.5500,26.6900,25.7000,25.8000,1104900
2004-11-19,26.3000,27.7400,26.1500,26.7000,1419600
2004-11-12,27.0900,27.0900,26.0800,26.4000,958300
2004-11-05,25.3100,27.3100,25.3100,26.9700,1628600
2004-10-29,24.9100,25.9600,24.6400,25.6000,1946900
2004-10-22,24.4400,26.3000,23.1400,25.0000,4783800
2004-10-15,25.5000,26.1500,24.3900,24.5400,2221700
2004-10-08,27.4600,28.3000,25.5000,25.5200,1924100
2004-10-01,24.8500,27.4100,24.6600,27.3200,3124100
2004-09-24,28.0500,28.7500,23.5000,24.9700,4601500
2004-09-17,28.1500,28.8200,27.3800,28.1000,1435900
2004-09-10,27.5300,28.2100,26.1300,28.1100,1511700
2004-09-03,28.1800,28.7000,26.4700,27.4400,1191200
2004-08-27,28.4900,28.5500,27.5700,28.2000,1223300
2004-08-20,25.2700,28.4400,25.2700,28.1900,2005600
2004-08-13,27.1000,27.8500,25.1500,25.4800,3992600
2004-08-06,29.7400,29.8000,27.1000,27.1000,1873800
2004-07-30,28.3300,30.8000,27.7900,30.0800,3266300
2004-07-23,32.4100,33.8500,26.1000,28.4000,9746300
2004-07-16,35.4200,35.6200,31.8200,32.0900,2190000
2004-07-09,37.0600,37.0600,35.4400,35.5800,1564000
2004-07-02,36.9600,38.4800,35.9500,37.1100,2365600
2004-06-25,36.5200,37.1900,35.5900,36.7500,1859900
2004-06-18,33.9900,36.2900,32.9000,36.1400,2634900
2004-06-10,33.1000,34.0000,32.7800,33.8600,1264600
2004-06-04,32.6300,33.4000,31.4500,32.8600,718500
2004-05-28,32.3500,33.1400,31.8000,33.0200,1271500
2004-05-21,30.7200,32.4000,30.0900,32.1300,1171700
2004-05-14,31.4881,32.5000,30.2500,31.2000,1152700
2004-05-07,32.1900,33.2900,31.5100,31.5700,1849500
2004-04-30,34.6900,35.1200,31.5300,31.8600,1912500
2004-04-23,33.8200,35.5000,31.9100,35.1100,1933500
2004-04-16,35.7100,35.8900,33.4400,33.8400,1455200
2004-04-08,34.7000,35.8600,33.9300,35.6600,1267300
2004-04-02,32.5600,34.8900,32.4500,34.8900,1396400
2004-03-26,30.5500,32.5900,29.4000,32.4000,1578100
2004-03-19,33.0700,33.0700,30.1100,30.6900,1255000
2004-03-12,34.3800,34.8500,30.8300,32.8600,1921800
2004-03-05,33.1200,34.7400,32.9900,34.7200,1543300
2004-02-27,32.6100,33.4500,31.4710,33.2600,1542200
2004-02-20,31.7500,33.2900,31.6500,32.4700,1982000
2004-02-13,30.8700,31.8600,30.4200,31.6000,1479000
2004-02-06,32.0000,32.9600,29.1500,31.0300,2165300
2004-01-30,31.8000,35.0500,31.0600,32.0500,3511500
2004-01-23,31.9900,32.6400,30.1100,30.9900,1192000
2004-01-16,30.2900,32.1000,30.2100,31.7000,1023100
2004-01-09,28.8500,31.5000,28.5200,30.7100,1380900
2004-01-02,27.7600,29.1600,27.7500,28.3900,882900
2003-12-26,26.9200,28.2400,26.7500,27.6600,575100
2003-12-19,28.2500,28.2500,26.2360,26.9800,1128400
2003-12-12,27.9000,28.0000,26.1140,27.5000,1191900
2003-12-05,28.0500,28.3890,26.9500,27.6000,1405700
2003-11-28,26.3000,28.0100,26.1600,27.4700,989500
2003-11-21,27.1100,27.2900,25.9000,26.0800,934300
2003-11-14,28.0400,28.0500,26.5500,27.2500,978300
2003-11-07,26.9500,28.4300,26.8500,28.0400,1169900
2003-10-31,26.1900,27.5800,25.6100,26.8500,1365000
2003-10-24,28.5500,29.3000,25.0000,25.7300,2061000
2003-10-17,30.2000,31.1100,27.6900,28.8600,1767400
2003-10-10,29.2200,30.1700,28.8899,30.0300,1070600
2003-10-03,25.9600,29.3500,25.9000,29.1000,1567100
2003-09-26,29.5000,30.0300,26.0200,26.0900,1712200
2003-09-19,28.8000,30.2000,28.5000,29.8500,1427700
2003-09-12,30.5900,31.7900,28.3500,28.7500,1664100
2003-09-05,30.9700,31.6900,30.6500,30.7900,1336600
2003-08-29,28.6000,30.9600,28.1800,30.6600,1358100
2003-08-22,28.0500,29.8500,27.8000,28.8100,1499600
2003-08-15,25.7400,28.1800,25.7100,28.0000,1727900
2003-08-08,27.9300,27.9800,25.7400,25.7710,1992200
2003-08-01,27.0100,28.9700,26.7800,27.8500,2138400
2003-07-25,24.7500,28.8700,23.6800,27.0000,3029300
2003-07-18,25.5500,26.0000,23.9900,24.6500,1331600
2003-07-11,23.4000,26.0500,23.2100,25.1500,1833200
2003-07-03,21.9800,23.3000,20.5500,23.0000,974700
2003-06-27,21.7500,22.6500,21.0960,21.9200,1076400
2003-06-20,22.6250,23.7400,21.7100,22.0000,1100200
2003-06-13,22.7200,23.2000,21.9000,22.7200,792300
2003-06-06,23.0200,24.0000,22.4900,22.7000,1405100
2003-05-30,21.0500,22.8800,21.0300,22.8800,918600
2003-05-23,21.1000,21.6700,20.2000,21.6000,1216800
2003-05-16,22.7200,23.1400,21.0400,21.5400,1279500
2003-05-09,22.8100,23.1400,21.8600,22.5900,1056700
2003-05-02,21.4500,23.0300,21.3600,22.7100,1021800
2003-04-25,21.6000,22.4900,21.3700,21.5600,1703700
2003-04-17,18.2800,21.9500,17.9100,21.6800,3387000
2003-04-11,22.0600,22.7500,18.1700,18.2900,3551200
2003-04-04,21.4000,22.6100,20.7600,21.5200,1433200
2003-03-28,23.6700,23.7300,21.5100,21.6900,1600500
2003-03-21,23.0400,24.4000,22.9900,24.1000,2165200
2003-03-14,22.7200,23.7400,21.4100,23.1800,2020400
2003-03-07,23.0000,23.3400,21.3400,22.7200,2616900
2003-02-28,22.1600,22.9500,21.1800,22.7000,1906700
2003-02-21,22.7600,23.0400,21.5200,22.1600,1274300
2003-02-14,21.9400,22.7500,20.3600,22.6200,1917100
2003-02-07,21.3400,23.3900,21.2500,21.8400,2479600
2003-01-31,19.3200,22.6500,18.1700,21.2700,3326100
2003-01-24,19.8200,20.7700,19.0600,19.1800,854000
2003-01-17,22.0000,22.6700,19.6900,20.0400,1567100
2003-01-10,19.3100,22.3000,19.2800,21.8200,2005300
2003-01-03,18.4800,19.4700,17.9600,19.2400,868900
2002-12-27,17.4100,19.2500,17.4100,18.4200,1039500
2002-12-20,17.5000,18.1200,16.6600,17.4400,1576900
2002-12-13,19.5400,19.5800,17.4000,17.5000,1706500
2002-12-06,22.6000,23.2000,19.1900,19.6500,2475300
2002-11-29,21.9100,23.3000,21.6800,22.4500,1509600
2002-11-22,20.1500,22.0000,19.3000,21.9500,1488800
2002-11-15,19.0000,20.1000,17.7000,20.0000,1410600
2002-11-08,19.7500,20.8400,18.4700,19.0300,1996700
2002-11-01,19.7100,20.0000,18.2000,19.6500,1597700
2002-10-25,18.0200,19.8900,17.7500,19.5600,1872500
2002-10-18,15.3800,18.3100,15.1000,18.0500,3286700
2002-10-11,14.1600,16.0000,13.0100,15.4400,1181100
2002-10-04,14.8600,15.5700,13.6100,14.1300,1732700
2002-09-27,14.4200,15.7500,13.8200,14.8600,2226200
2002-09-20,15.6000,15.6400,13.8300,14.4300,1478600
2002-09-13,15.9400,17.2900,15.3500,15.7500,878600
2002-09-06,15.3700,16.1600,14.8800,15.9700,1046500
2002-08-30,17.0700,17.6800,15.5000,15.7500,1121900
2002-08-23,16.8700,18.3700,16.8700,17.0900,1332500
2002-08-16,15.5800,17.2400,14.8200,16.8500,1788500
2002-08-09,14.6100,15.8800,13.7500,15.6000,2617400
2002-08-02,15.2600,16.2500,14.6100,14.6800,2802800
2002-07-26,16.2500,16.5400,14.4100,15.2000,2783300
2002-07-19,18.3900,18.5500,16.0300,16.2300,2919400
2002-07-12,20.5000,21.1000,17.6200,18.1000,2566900
2002-07-05,19.9700,20.8500,18.7000,20.5000,1473200
2002-06-28,19.4500,20.7000,18.5500,20.0500,1929800
2002-06-21,20.2000,21.5100,19.2400,19.5700,2629500
2002-06-14,22.0600,22.3500,18.8200,19.7800,1986200
2002-06-07,22.9000,22.9400,21.0000,22.4400,2350800
2002-05-31,24.5800,24.8700,22.6800,22.8800,1412100
2002-05-24,26.1500,26.2300,24.0000,24.5800,1141100
2002-05-17,24.9000,26.8000,24.3700,26.2100,2435500
2002-05-10,24.2800,26.2000,24.0100,24.7700,1267200
2002-05-03,24.8000,25.7100,23.1400,24.2900,1384500
2002-04-26,27.1400,27.4500,24.3400,24.7500,1408100
2002-04-19,26.6200,29.3900,26.5700,27.0900,1141900
2002-04-12,27.0500,27.5200,25.8500,26.6000,997400
2002-04-05,29.6800,29.6800,26.9800,27.1000,1166900
2002-03-28,29.2900,29.7500,28.1800,29.0600,936200
2002-03-22,26.5300,30.0000,26.5000,29.2100,2399300
2002-03-15,26.9100,27.1300,24.6100,25.6000,1463400
2002-03-08,23.7000,28.8900,23.7000,27.1300,1447400
2002-03-01,21.4400,24.0000,21.4400,23.7100,637800
2002-02-22,23.1200,23.2600,21.4400,21.6000,433100
2002-02-15,22.1000,23.7000,22.0100,23.0700,828800
2002-02-08,23.0400,23.2600,21.2000,22.1000,1157000
2002-02-01,24.7900,25.2700,22.2500,23.0700,2094200
2002-01-25,23.8600,25.0500,22.6100,24.6100,1163700
2002-01-18,26.2500,26.4400,23.4900,23.8600,1312700
2002-01-11,26.9500,27.7500,25.7800,26.5600,918000
2002-01-04,25.9500,27.3000,24.8900,26.9900,974300
2001-12-28,24.7500,26.2900,24.4300,25.6400,586000
2001-12-21,23.4100,25.1400,23.2000,24.5600,1397100
2001-12-14,24.7500,25.5000,23.1900,23.9800,869000
2001-12-07,22.6900,27.1400,21.7500,24.7700,2134300
2001-11-30,22.2000,23.1000,21.8700,22.4000,1436900
2001-11-23,21.6500,22.4700,20.8600,22.2000,1024300
2001-11-16,20.7000,22.5800,20.1600,21.5200,896100
2001-11-09,19.7300,22.6400,19.7300,20.5000,2335100
2001-11-02,19.4700,20.0400,18.7500,19.8700,3036200
2001-10-26,19.6000,20.4100,18.9800,19.5000,6800100
2001-10-19,22.8200,23.1400,18.7100,19.6500,6180000
2001-10-12,21.1000,24.0500,20.1700,23.7400,1564500
2001-10-05,19.5900,21.8400,17.6000,20.7600,2881500
2001-09-28,22.1500,22.9900,19.6200,19.6200,1226200
2001-09-21,23.8000,24.1900,19.6000,21.2100,1752100
2001-09-10,24.2300,24.7400,23.7100,24.5700,503600
2001-09-07,27.4000,27.8900,23.1400,24.2100,1472000
2001-08-31,26.6100,28.0400,26.1300,27.6800,1044700
2001-08-24,26.7800,27.0500,25.3600,26.6400,1014000
2001-08-17,28.0000,28.1000,26.2500,26.9000,545700
2001-08-10,30.7500,31.2000,27.2900,27.9400,795200
2001-08-03,29.8800,32.2900,29.5000,31.0000,1649600
2001-07-27,28.7500,31.0000,27.4500,29.9500,1271300
2001-07-20,29.3800,29.7600,27.2100,29.5000,1010300
2001-07-13,27.2200,30.4500,26.8000,29.3500,1231800
2001-07-06,30.0000,30.0100,26.7500,27.3500,1110200
2001-06-29,25.1500,35.5700,24.8000,33.8500,1671500
2001-06-22,25.7900,26.2300,24.1100,25.2100,1923800
2001-06-15,28.9900,29.0700,24.8900,25.9100,1414200
2001-06-08,30.1800,30.3100,28.2600,29.1800,1530100
2001-06-01,33.0500,33.0500,29.7500,30.1800,1569700
2001-05-25,30.6500,34.4000,30.6000,33.1400,1998600
2001-05-18,30.0300,31.5000,29.4000,30.5000,1444700
2001-05-11,30.1000,31.0500,28.6900,30.2500,1053900
2001-05-04,30.1200,30.7400,27.5000,30.0000,1133400
2001-04-27,30.5000,30.7900,28.0500,29.5300,1668100
2001-04-20,27.7300,32.4300,24.5100,31.0500,3351100
2001-04-12,24.7500,28.2800,24.5500,27.7200,1225600
2001-04-06,25.0300,25.1300,21.3100,24.5000,1476800
2001-03-30,25.3800,28.1300,22.8800,24.7500,1558400
2001-03-23,20.1300,26.1900,19.2500,25.3800,1676800
2001-03-16,23.0000,23.3100,19.7500,20.1300,1124000
2001-03-09,22.4400,24.0000,21.5000,23.0000,1207200
2001-03-02,23.0000,23.5600,19.8800,21.1300,1406500
2001-02-23,26.5600,26.6300,21.8800,22.6300,1432000
2001-02-16,23.1600,28.1300,22.6900,26.5600,1133800
2001-02-09,24.7500,26.3100,22.2500,23.1300,866300
2001-02-02,25.9100,28.1900,23.2700,24.7500,1150600
2001-01-26,25.0200,27.7500,23.8800,25.3100,1873100
2001-01-19,23.3100,26.1900,22.0000,25.4500,1333400
2001-01-12,21.1900,23.3800,19.8100,23.2500,1559900
2001-01-05,22.0600,23.2500,18.8100,20.8800,1800300
2000-12-29,20.8800,22.6300,18.9400,22.1300,1860800
2000-12-22,16.3100,22.3800,16.1300,21.1900,4299100
2000-12-15,18.6400,20.4400,18.1900,19.1900,2924900
2000-12-08,17.9100,19.7500,17.3800,18.8100,2558300
2000-12-01,27.2500,27.5600,16.7500,17.8800,4812900
2000-11-24,27.5600,27.8100,24.6300,26.1300,925000
2000-11-17,28.0000,31.1300,26.3800,27.6300,1394300
2000-11-10,31.2500,33.2500,27.8800,27.8800,1271300
2000-11-03,28.4400,33.6300,27.1900,30.8100,1182700
2000-10-27,30.1600,31.5000,26.2500,28.0600,1202000
2000-10-20,32.4400,32.6900,25.3400,30.5600,1650800
2000-10-13,34.0000,34.0000,27.0000,32.0000,1708000
2000-10-06,40.0000,40.0000,33.5000,33.9400,1008400
2000-09-29,39.0600,39.5600,33.6300,39.4400,2078800
2000-09-22,39.0000,39.1300,35.0000,38.8800,1009400
2000-09-15,39.0000,40.0000,33.0000,38.6300,2661700
2000-09-08,40.5900,40.6300,38.7500,39.0600,1617000
2000-09-01,43.3100,45.0000,38.1300,40.8800,1922400
2000-08-25,46.6300,47.8800,42.3100,43.5200,687800
2000-08-18,41.1600,47.7500,40.3800,46.5600,1029000
2000-08-11,44.2500,45.3800,40.0000,41.0600,1787200
2000-08-04,45.3800,49.5600,42.1300,44.0600,2080100
2000-07-28,46.8800,51.6300,45.4400,45.4400,1813000
2000-07-21,54.0000,56.1900,45.9400,46.8800,2283400
2000-07-14,50.0000,54.5000,45.1300,50.6300,2872300
2000-07-07,51.0300,52.6300,45.2500,49.7500,1370700
2000-06-30,58.7500,59.8800,46.7500,51.7500,2902500
2000-06-23,61.9400,62.3800,58.0000,58.4400,1527300
2000-06-16,60.8800,64.0000,57.8100,62.0000,1315700
2000-06-09,57.1300,62.9400,56.6300,60.3800,1339200
2000-06-02,53.2500,60.5000,53.0600,57.9400,1577200
2000-05-26,49.8800,55.7500,48.2500,53.1300,2175400
2000-05-19,54.6300,56.7500,48.5000,49.5600,1114500
2000-05-12,55.1300,55.6300,51.5000,54.3800,1690700
2000-05-05,57.1300,58.5000,51.1300,56.1300,843600
2000-04-28,55.5000,57.0000,48.2200,56.8800,1699500
2000-04-20,54.1300,60.0600,47.5600,55.8800,2062500
2000-04-14,65.0000,67.5000,51.5600,56.0000,1842100
2000-04-07,58.1300,64.8100,51.8800,64.5000,2134200
2000-03-31,58.3100,60.3800,52.5000,57.6900,1579600
2000-03-24,50.0000,73.1300,46.4400,58.0000,3781300
2000-03-17,53.6300,56.0000,46.3800,49.9400,1443300
2000-03-10,48.2500,56.5000,48.2500,54.5600,1729400
2000-03-03,45.0000,48.7500,42.7500,48.5300,2511700
2000-02-25,43.0000,47.6300,40.3800,44.9400,1037500
2000-02-18,43.8800,46.2500,42.1300,43.1900,960200
2000-02-11,44.1900,46.0000,42.6300,43.8800,1073400
2000-02-04,42.1300,45.1300,39.0000,44.1900,2128100
2000-01-28,43.5000,45.0000,39.7500,42.3800,1923300
2000-01-21,42.0000,44.0000,39.3800,43.6300,2067600
2000-01-14,35.5600,42.3800,35.5000,42.2500,2021500
