timestamp,open,high,low,close,volume
2018-02-27,14.9500,15.3000,14.8290,14.9800,30448
2018-02-23,14.5500,14.9999,14.4000,14.7800,79228
2018-02-16,13.9100,14.5384,13.8800,14.4700,88159
2018-02-09,14.7500,14.8367,13.3300,13.8200,263279
2018-02-02,15.6900,15.7600,14.7400,14.8250,228015
2018-01-26,15.3300,16.3400,15.3200,15.9600,151805
2018-01-19,15.7700,16.2047,15.2701,15.3387,174400
2018-01-12,15.2400,15.8500,14.9810,15.7000,158356
2018-01-05,15.0000,15.2200,14.8500,15.1400,103573
2017-12-29,14.8400,15.5496,14.7000,15.0600,138265
2017-12-22,14.2600,15.8700,14.1000,15.0300,201414
2017-12-15,14.6400,14.6784,14.0800,14.2900,210251
2017-12-08,14.5000,14.8657,14.2710,14.6602,185007
2017-12-01,14.1800,14.4999,14.0100,14.4999,166448
2017-11-24,13.9200,14.2400,13.9150,14.1900,125357
2017-11-17,13.9800,13.9800,13.4600,13.8600,224950
2017-11-10,14.1500,14.5189,13.9410,14.0600,210222
2017-11-03,13.8900,14.2200,13.8500,14.1510,200056
2017-10-27,13.6000,13.9400,13.5110,13.9300,151829
2017-10-20,13.5600,13.8000,13.4900,13.6000,144483
2017-10-13,13.5700,13.6500,13.3900,13.5600,141422
2017-10-06,13.4000,13.6940,13.4000,13.6200,181026
2017-09-29,13.4300,13.5300,13.1800,13.4100,142920
2017-09-22,13.6200,13.7000,13.4200,13.5200,162022
2017-09-15,13.4200,13.7200,13.3800,13.6300,145331
2017-09-08,13.7000,13.7990,13.2700,13.4600,120441
2017-09-01,13.2600,13.6515,13.1400,13.5200,92882
2017-08-25,13.0900,13.4300,13.0600,13.3100,126597
2017-08-18,13.1000,13.4900,13.0329,13.0900,164426
2017-08-11,13.9200,14.3500,12.3600,13.0100,455412
2017-08-04,13.5400,13.9700,13.5400,13.9700,227697
2017-07-28,13.3300,13.5600,13.2500,13.5100,167672
2017-07-21,13.2000,13.4464,13.1780,13.3500,160833
2017-07-14,13.1900,13.3730,13.1200,13.2500,152900
2017-07-07,13.3000,13.5899,13.0000,13.2200,164511
2017-06-30,13.3700,13.5700,13.1000,13.1800,191008
2017-06-23,13.2300,13.4700,13.1300,13.1600,189862
2017-06-16,12.9000,13.2400,12.8402,13.1800,284701
2017-06-09,13.2700,13.4590,13.0205,13.2000,242029
2017-06-02,12.6100,13.3700,12.6100,13.2800,202681
2017-05-26,12.7200,13.1727,12.6701,12.8200,268931
2017-05-19,12.7400,12.8790,12.3800,12.6000,220988
2017-05-12,12.6700,12.8500,12.6000,12.6900,263360
2017-05-05,12.1800,12.7000,12.1800,12.6300,231056
2017-04-28,12.0300,12.4621,11.9800,12.2000,229376
2017-04-21,12.3400,12.4100,11.9500,11.9700,294485
2017-04-13,12.4800,12.5600,11.8500,12.0600,265593
2017-04-07,11.9800,12.9000,11.8000,12.2200,307370
2017-03-31,11.9400,12.1157,11.7600,12.0100,217054
2017-03-24,11.8100,12.3500,11.7740,12.0000,246688
2017-03-17,11.5800,11.8700,11.4100,11.7600,255383
2017-03-10,11.7500,11.7900,11.3300,11.5100,205387
2017-03-03,11.8000,11.8300,11.5300,11.8000,211623
2017-02-24,11.3100,11.7825,11.3100,11.7400,236793
2017-02-17,11.4200,11.5800,11.2830,11.3276,277098
2017-02-10,11.2900,11.5100,11.2487,11.3479,222549
2017-02-03,11.1200,11.4000,11.0200,11.2900,199152
2017-01-27,10.9100,11.4140,10.9100,11.1900,234908
2017-01-20,10.9600,11.1451,10.8500,10.9100,141825
2017-01-13,10.8400,10.9700,10.8000,10.9500,106604
2017-01-06,10.6200,10.9500,10.5300,10.8700,161267
2016-12-30,10.6700,10.7800,10.5100,10.5300,174066
2016-12-23,10.6300,10.7000,10.4700,10.6100,197422
2016-12-16,10.5000,10.7700,10.5000,10.6300,207642
2016-12-09,10.4500,10.5700,10.4000,10.5010,336527
2016-12-02,10.5300,10.5600,10.4200,10.4350,152878
2016-11-25,10.4900,10.5900,10.4000,10.5500,121683
2016-11-18,10.5200,10.5700,10.3400,10.4400,188393
2016-11-11,10.4700,10.6900,10.4400,10.5600,135099
2016-11-04,10.9500,11.0100,10.4800,10.5534,85070
2016-10-28,11.0200,11.0700,10.9500,10.9700,84876
2016-10-21,10.9600,11.0790,10.8664,10.9700,63526
2016-10-14,11.1700,11.2700,10.9700,10.9700,135330
2016-10-07,11.3800,11.4600,11.1100,11.1600,101472
2016-09-30,11.3200,11.4800,11.2255,11.4400,159135
2016-09-23,11.1900,11.4200,11.0999,11.3500,101463
2016-09-16,11.1400,11.2200,11.0100,11.1500,246170
2016-09-09,11.5300,11.6300,11.2000,11.2250,226406
2016-09-02,11.5300,11.6200,11.3404,11.5400,191343
2016-08-26,11.5400,11.6700,11.5000,11.5253,135444
2016-08-19,11.6300,11.7810,11.5100,11.5800,97648
2016-08-12,11.4400,11.5700,11.3200,11.5600,118337
2016-08-05,11.4600,11.5100,11.3200,11.4900,123923
2016-07-29,11.2700,11.4700,11.2128,11.4400,111650
2016-07-22,11.1200,11.2800,11.1200,11.2600,117207
2016-07-15,11.0700,11.2300,10.9800,11.1500,123555
2016-07-08,10.8700,11.0600,10.7500,11.0375,78125
2016-07-01,10.7300,10.9800,10.3696,10.9800,165216
2016-06-24,10.9500,11.0700,10.6998,10.7200,98252
2016-06-17,10.8600,10.9390,10.6400,10.8200,117021
2016-06-10,11.0400,11.1900,10.8500,10.8500,106127
2016-06-03,11.1000,11.1300,10.9500,11.0300,60046
2016-05-27,10.7400,11.1399,10.7400,11.0800,118799
2016-05-20,10.7600,10.8500,10.6200,10.7600,84477
2016-05-13,10.7500,10.8800,10.6800,10.7100,91120
2016-05-06,11.1300,11.1700,10.7300,10.8400,110421
2016-04-29,11.1400,11.2600,10.9500,11.0100,96642
2016-04-22,11.0500,11.3100,10.9800,11.1300,104399
2016-04-15,10.8600,11.0800,10.8400,11.0000,147289
2016-04-08,11.0300,11.1000,10.7501,10.8500,124952
2016-04-01,10.8600,11.1500,10.8200,11.0900,129839
2016-03-24,11.0000,11.1291,10.8700,10.8800,94581
2016-03-18,10.7700,10.9900,10.6600,10.9700,76634
2016-03-11,10.6100,10.7900,10.4800,10.7796,86070
2016-03-04,10.1300,10.6710,10.0800,10.6300,77376
2016-02-26,10.0200,10.2400,9.8700,10.1200,134485
2016-02-19,9.7600,10.0600,9.7000,10.0000,64218
2016-02-12,10.0600,10.0600,9.3001,9.6400,161591
2016-02-05,10.4100,10.5800,10.1600,10.1750,90213
2016-01-29,10.0300,10.5400,9.9300,10.5400,105641
2016-01-22,10.0900,10.2100,9.3700,10.0600,134776
2016-01-15,10.7800,10.8200,9.9000,10.0200,167752
2016-01-08,11.2500,11.3500,10.7900,10.7940,198835
2015-12-31,11.5000,11.5889,11.3000,11.4200,150015
2015-12-24,11.3400,11.5431,11.1800,11.4200,201694
2015-12-18,10.9500,11.5100,10.9500,11.2800,232509
2015-12-11,11.4900,11.6300,11.0717,11.0800,177056
2015-12-04,11.6900,11.8200,11.4400,11.4400,254201
2015-11-27,11.8300,11.9400,11.6400,11.7100,117666
2015-11-20,11.4700,11.9400,11.3900,11.8780,199128
2015-11-13,11.9100,11.9100,11.4800,11.4800,114335
2015-11-06,11.9200,12.2000,11.8350,11.9050,93611
2015-10-30,12.0300,12.2000,11.9000,11.9600,123977
2015-10-23,11.7700,12.0800,11.7700,12.0200,117770
2015-10-16,11.6900,11.9300,11.6000,11.8600,161751
2015-10-09,11.4200,11.7600,11.3600,11.7600,153726
2015-10-02,11.6100,11.6100,10.9400,11.2700,230650
2015-09-25,11.9900,11.9900,11.4900,11.5900,96129
2015-09-18,12.0100,12.1000,11.8000,11.9003,110169
2015-09-11,11.8500,12.1600,11.8500,11.9800,66137
2015-09-04,11.9500,12.3200,11.8089,11.8800,90060
2015-08-28,11.2900,12.2000,10.8700,12.0800,243202
2015-08-21,12.8300,12.8900,11.8700,11.9300,165308
2015-08-14,12.8700,13.1300,12.7000,12.7900,88677
2015-08-07,13.2500,13.5600,12.8100,12.8610,145455
2015-07-31,13.4100,13.4500,13.0000,13.3500,138239
2015-07-24,13.7500,13.9300,13.4300,13.6400,123870
2015-07-17,13.5700,13.8300,13.4800,13.7700,67946
2015-07-10,13.3900,13.7000,13.1600,13.4300,84380
2015-07-02,13.7300,13.8100,13.3300,13.5600,90513
2015-06-26,13.7100,13.9600,13.6301,13.8600,106811
2015-06-19,13.6700,13.8900,13.6100,13.7000,116240
2015-06-12,13.6800,13.8600,13.5100,13.8500,80408
2015-06-05,13.9000,14.0300,13.7600,13.7600,103097
2015-05-29,13.8900,13.9100,13.6700,13.8000,65819
2015-05-22,13.9100,14.0700,13.8000,13.8600,80463
2015-05-15,13.9100,14.0300,13.7000,13.9000,81035
2015-05-08,13.9700,13.9700,13.7400,13.8700,84821
2015-05-01,14.0100,14.1000,13.9000,13.9400,80908
2015-04-24,13.7800,14.0486,13.6800,14.0300,112867
2015-04-17,13.8100,14.0000,13.6500,13.7500,132329
2015-04-10,13.3300,13.8100,13.3300,13.7600,221823
2015-04-02,13.5700,13.6622,13.3900,13.4500,96369
2015-03-27,13.7500,13.8000,13.3600,13.4600,138008
2015-03-20,13.5000,13.8000,13.4300,13.7200,150963
2015-03-13,13.5200,13.6000,13.2800,13.4300,78979
2015-03-06,13.7300,13.8100,13.5200,13.5500,98876
2015-02-27,13.3700,13.7500,13.3700,13.7000,118322
2015-02-20,13.4600,13.4900,13.2700,13.4800,61431
2015-02-13,13.0500,13.5100,12.9700,13.3800,132389
2015-02-06,13.1600,13.3300,12.9800,13.1600,132617
2015-01-30,13.2000,13.4900,12.9800,13.0100,150743
2015-01-23,13.0600,13.3700,12.9001,13.2600,84941
2015-01-16,13.1100,13.2299,12.7200,12.9499,118553
2015-01-09,13.0100,13.3400,12.7100,13.0800,129914
2015-01-02,13.5700,13.6500,13.0644,13.1340,151561
2014-12-26,13.4600,13.7900,13.4600,13.7100,98608
2014-12-19,13.3400,13.5000,12.7400,13.5000,216471
2014-12-12,13.8400,13.8400,13.2600,13.3000,131060
2014-12-05,14.2100,14.2100,13.8715,13.9300,102818
2014-11-28,13.9900,14.3200,13.9800,14.2399,101322
2014-11-21,13.7500,14.0300,13.7100,13.9900,111057
2014-11-14,13.5000,13.7400,13.4300,13.7400,88878
2014-11-07,13.5600,13.6500,13.4000,13.4800,115158
2014-10-31,13.5600,13.8000,13.3900,13.6200,134515
2014-10-24,12.8000,13.5900,12.7900,13.5300,137740
2014-10-17,12.8000,13.0900,11.5200,12.8200,260823
2014-10-10,13.4200,13.5900,12.7300,12.9000,213088
2014-10-03,13.8500,13.9500,13.2600,13.4200,143652
2014-09-26,14.1100,14.1600,13.8800,14.0000,108147
2014-09-19,14.1100,14.3900,14.0400,14.1900,197623
2014-09-12,14.3600,14.4000,13.9700,14.0400,85932
2014-09-05,14.5200,14.5815,14.4000,14.4400,62949
2014-08-29,14.4300,14.5400,14.3600,14.4700,88975
2014-08-22,14.3000,14.4800,14.2500,14.3800,85947
2014-08-15,14.0000,14.5200,13.9100,14.2900,80655
2014-08-08,14.0600,14.2300,13.8100,13.9300,95608
2014-08-01,14.7600,14.7700,14.0300,14.0400,110311
2014-07-25,14.4300,14.7600,14.4200,14.7100,83090
2014-07-18,14.7600,15.0000,14.4200,14.5100,140250
2014-07-11,14.8600,14.9500,14.6700,14.7800,76602
2014-07-03,14.8400,14.9500,14.6600,14.9400,50657
2014-06-27,14.7900,14.9400,14.6600,14.8500,120240
2014-06-20,14.7000,14.8700,14.5700,14.7800,97199
2014-06-13,14.8900,14.8900,14.5200,14.6400,122458
2014-06-06,14.7800,14.8900,14.4800,14.8824,112878
2014-05-30,14.8800,14.9000,14.6600,14.7900,121893
2014-05-23,14.4300,14.9000,14.4300,14.8700,93176
2014-05-16,14.6900,14.7400,14.4500,14.4700,87845
2014-05-09,14.7200,14.8600,14.5666,14.6200,98484
2014-05-02,14.8700,14.8700,14.7200,14.8300,79185
2014-04-25,14.6300,14.8900,14.6000,14.7939,164469
2014-04-17,14.5000,14.8300,14.3500,14.7500,78691
2014-04-11,14.6300,14.6500,14.3000,14.4800,103755
2014-04-04,14.8300,14.9300,14.6200,14.7100,104822
2014-03-28,14.7300,14.7400,14.5300,14.7200,85558
2014-03-21,14.6500,14.8000,14.4172,14.7000,109755
2014-03-14,14.7900,15.0200,14.6201,14.6400,66552
2014-03-07,15.0000,15.1200,14.7575,14.8500,132464
2014-02-28,14.8200,15.1400,14.7380,15.0800,147310
2014-02-21,14.7100,14.9000,14.4600,14.8800,73230
2014-02-14,14.1500,14.6400,14.1500,14.6400,125580
2014-02-07,13.9600,14.1700,13.7801,14.1600,156125
2014-01-31,14.3200,14.3200,13.8400,13.9900,120778
2014-01-24,14.3900,14.5064,14.2000,14.3100,143126
2014-01-17,14.1100,14.3900,14.0401,14.3000,134955
2014-01-10,14.1200,14.2100,13.9200,14.0700,154725
2014-01-03,14.0000,14.2100,13.8600,14.0200,93812
2013-12-27,13.8500,14.2300,13.8200,14.0514,134495
2013-12-20,13.5300,13.8000,13.5100,13.8000,149272
2013-12-13,13.6200,13.8100,13.4001,13.5500,109390
2013-12-06,13.8000,13.9300,13.5600,13.6800,141668
2013-11-29,13.8100,14.0500,13.6800,13.8700,112476
2013-11-22,13.8100,13.9100,13.6900,13.8601,133066
2013-11-15,13.5100,13.8000,13.5100,13.7800,99131
2013-11-08,13.8100,13.8900,13.5600,13.5900,118290
2013-11-01,13.9700,14.0900,13.8000,13.8500,91031
2013-10-25,13.7500,14.1000,13.7100,14.0100,161581
2013-10-18,13.4800,13.7400,13.3176,13.7200,108693
2013-10-11,13.4700,13.6400,13.0600,13.4900,85408
2013-10-04,13.5000,13.6300,13.3610,13.5599,90908
2013-09-27,13.6100,13.6185,13.3200,13.5500,127523
2013-09-20,13.7900,13.8500,13.5800,13.6800,120536
2013-09-13,13.5500,13.7200,13.5200,13.6700,107483
2013-09-06,13.3100,13.6897,13.1800,13.6000,90274
2013-08-30,13.4100,13.5900,13.1300,13.1700,72319
2013-08-23,13.6000,13.6000,13.1000,13.4501,86046
2013-08-16,13.7200,13.8200,13.4600,13.5600,106106
2013-08-09,13.7900,13.8700,13.5100,13.6510,103399
2013-08-02,13.8300,13.8700,13.7000,13.8700,81506
2013-07-26,13.6800,13.9600,13.6400,13.8100,96298
2013-07-19,13.5600,13.8500,13.5300,13.6000,71541
2013-07-12,13.1400,13.6799,13.1000,13.6100,138912
2013-07-05,13.4800,13.5500,13.1800,13.2200,104305
2013-06-28,12.9700,13.3800,12.1400,13.3600,280104
2013-06-21,14.4700,14.4800,13.1200,13.1200,185043
2013-06-14,14.4100,14.5400,14.0900,14.4200,144187
2013-06-07,14.4900,14.5000,14.1000,14.4500,101326
2013-05-31,14.5300,14.7100,14.2400,14.3700,121317
2013-05-24,14.5900,14.7200,14.4200,14.4600,127700
2013-05-17,14.4600,14.7500,14.3200,14.6400,133508
2013-05-10,14.6600,14.7500,14.3200,14.4200,152231
2013-05-03,14.5500,14.8100,14.2500,14.7300,198622
2013-04-26,14.4000,14.6200,14.2301,14.4200,119290
2013-04-19,14.5300,14.5300,13.9000,14.2900,122809
2013-04-12,14.5800,14.7038,14.1200,14.4400,153035
2013-04-05,14.5600,14.8000,14.4900,14.5900,120044
2013-03-28,14.8100,14.8300,14.4100,14.6700,111024
2013-03-22,14.9300,15.0200,14.3901,14.6900,105860
2013-03-15,14.8000,15.7200,14.6600,14.7800,178687
2013-03-08,14.5500,14.8600,14.4000,14.7600,180095
2013-03-01,14.3300,14.7790,14.2401,14.4600,212248
2013-02-22,14.3900,14.4400,14.1510,14.3700,135759
2013-02-15,14.4100,14.4300,14.1100,14.3300,195276
2013-02-08,14.3400,14.5400,14.2200,14.4900,120063
2013-02-01,14.4400,14.4500,14.2500,14.3600,148076
2013-01-25,14.2500,14.4300,14.1300,14.3700,159193
2013-01-18,14.1800,14.3100,14.0700,14.2700,148120
2013-01-11,13.9000,14.2000,13.8200,14.1900,139487
2013-01-04,13.5900,14.1090,13.3300,13.9900,141027
2012-12-28,13.6600,13.8920,13.4800,13.6200,136876
2012-12-21,13.6500,13.8300,13.5130,13.7600,151782
2012-12-14,13.3400,13.6300,13.3300,13.5600,195775
2012-12-07,13.6900,13.6900,13.3500,13.3900,127945
2012-11-30,13.5000,13.7600,13.3400,13.5900,120935
2012-11-23,13.1400,13.5000,13.0800,13.5000,78164
2012-11-16,13.3200,13.4000,12.2300,12.9800,250058
2012-11-09,13.6500,13.7200,13.2600,13.3900,127734
2012-11-02,13.5300,13.7300,13.4400,13.6500,96610
2012-10-26,13.7100,13.8000,13.4601,13.5300,126911
2012-10-19,13.7400,13.9499,13.6300,13.6800,162487
2012-10-12,13.9900,14.0000,13.6400,13.7000,123978
2012-10-05,13.6000,14.0600,13.6000,14.0100,207688
2012-09-28,14.1300,14.1300,13.5799,13.6800,295826
2012-09-21,13.9500,14.1100,13.8800,14.0900,110085
2012-09-14,13.5500,14.1500,13.5200,14.0300,159794
2012-09-07,13.5500,13.6900,13.4400,13.6100,177196
2012-08-31,13.7800,13.7900,13.5200,13.6300,107553
2012-08-24,13.8000,13.8600,13.5100,13.7300,134583
2012-08-17,13.8000,14.0000,13.7060,13.8289,114219
2012-08-10,13.9000,13.9000,13.5400,13.7800,112533
2012-08-03,13.4800,13.6900,13.4200,13.6000,94221
2012-07-27,13.0800,13.6000,13.0000,13.5500,113933
2012-07-20,13.0700,13.3000,13.0400,13.1000,162625
2012-07-13,13.0600,13.4000,13.0000,13.1800,197384
2012-07-06,13.1100,13.4000,13.0600,13.1000,96715
2012-06-29,12.8600,13.3000,12.8000,13.1300,156061
2012-06-22,13.1100,13.3200,12.9700,13.0200,115347
2012-06-15,13.1000,13.1700,12.8500,13.1200,140025
2012-06-08,12.9800,13.2800,12.7400,13.0599,125224
2012-06-01,13.7100,13.7300,13.0100,13.0600,67762
2012-05-25,13.5700,13.8800,13.5300,13.6000,83954
2012-05-18,14.0500,14.0800,13.5000,13.5000,83400
2012-05-11,14.3600,14.5900,14.0510,14.1090,62409
2012-05-04,14.6500,14.7000,14.4100,14.5100,76605
2012-04-27,14.7000,14.8200,14.5300,14.6800,80064
2012-04-20,14.7100,14.8700,14.5800,14.8200,70103
2012-04-13,15.1100,15.1500,14.4400,14.6000,78082
2012-04-05,15.2000,15.4600,14.9400,15.2200,56338
2012-03-30,14.8700,15.3000,14.8600,15.1912,81971
2012-03-23,14.8000,14.9400,14.6110,14.9100,115384
2012-03-16,14.9700,15.0000,14.6710,14.8920,123033
2012-03-09,15.0100,15.0300,14.5000,14.8999,109606
2012-03-02,15.0700,15.2300,14.9800,15.0700,74090
2012-02-24,15.0700,15.1700,14.9000,15.0900,93641
2012-02-17,14.9300,15.0800,14.8000,15.0800,65725
2012-02-10,14.8600,15.0000,14.7200,14.7900,97534
2012-02-03,14.5800,15.0000,14.5400,14.9400,86836
2012-01-27,14.4000,14.7100,14.2500,14.7100,53973
2012-01-20,14.2600,14.4700,14.0100,14.4500,54759
2012-01-13,13.7400,14.2190,13.7101,14.1600,82836
2012-01-06,13.7200,14.0200,13.6800,13.7900,68973
2011-12-30,13.9700,14.1500,13.5100,13.6399,113236
2011-12-23,13.8600,13.9100,13.6100,13.9000,104338
2011-12-16,14.1700,14.2500,13.7500,13.9000,82804
2011-12-09,14.8600,14.8992,14.1658,14.2700,89284
2011-12-02,14.2100,14.9800,14.0700,14.8000,130866
2011-11-25,14.1600,14.8400,13.9400,13.9875,166852
2011-11-18,14.7100,14.8500,14.3800,14.4970,85580
2011-11-11,14.5700,14.8690,14.0000,14.6200,146818
2011-11-04,14.9200,14.9500,13.8100,14.4500,173675
2011-10-28,14.2200,15.1000,14.1900,14.9900,104619
2011-10-21,14.7300,14.7300,13.7500,14.2400,104707
2011-10-14,13.7300,14.1900,13.5800,13.9700,103779
2011-10-07,13.6900,13.9900,12.6500,13.5900,137093
2011-09-30,13.8300,14.4500,13.6800,13.8200,107146
2011-09-23,14.4200,14.8000,13.5700,13.6600,101749
2011-09-16,14.2500,14.8100,14.0300,14.5200,91143
2011-09-09,14.1500,14.7700,14.1500,14.3400,55760
2011-09-02,14.3100,14.9900,14.3100,14.5600,83412
2011-08-26,14.0900,14.5800,13.6900,14.1900,84115
2011-08-19,14.4400,14.7600,13.3900,13.6100,183249
2011-08-12,12.5900,14.6000,12.0000,14.3400,294305
2011-08-05,15.4900,15.7200,13.3100,13.9700,251983
2011-07-29,15.7300,15.8900,15.2000,15.2500,107230
2011-07-22,15.5300,15.9400,15.3200,15.8500,100195
2011-07-15,15.6500,15.7900,15.3200,15.5300,128432
2011-07-08,15.6000,16.0000,15.4500,15.7300,71084
2011-07-01,15.3500,15.6700,15.2500,15.6200,76042
2011-06-24,15.1800,15.4300,15.1000,15.3200,82962
2011-06-17,15.4300,15.5550,15.0000,15.2800,134998
2011-06-10,15.9200,16.0000,15.2800,15.3401,140964
2011-06-03,15.9700,16.1200,15.7600,15.9399,85235
2011-05-27,15.6300,15.9300,15.5600,15.9000,95655
2011-05-20,15.3700,15.7300,15.3400,15.6900,101099
2011-05-13,15.6800,15.7400,15.3400,15.3400,112088
2011-05-06,16.3300,16.4600,15.6126,15.7300,172459
2011-04-29,15.7600,16.3700,15.7300,16.2700,119121
2011-04-21,15.2700,15.8600,15.0310,15.7200,130052
2011-04-15,15.3400,15.4400,15.1300,15.3300,93533
2011-04-08,15.3200,15.5600,15.1610,15.3900,139578
2011-04-01,15.3300,15.3646,15.1100,15.3600,89797
2011-03-25,15.0800,15.3800,15.0800,15.3300,103443
2011-03-18,14.9000,15.0800,14.3300,14.9300,136415
2011-03-11,15.5800,15.5800,14.8600,15.0150,163903
2011-03-04,15.3600,15.6200,15.2201,15.5800,110464
2011-02-25,15.2000,15.4300,15.0600,15.4000,95700
2011-02-18,15.3900,15.6700,15.2200,15.2700,158967
2011-02-11,15.0100,15.4500,15.0100,15.4200,146981
2011-02-04,14.7400,15.2000,14.6500,15.0500,142999
2011-01-28,14.7100,15.1900,14.6800,14.7000,105728
2011-01-21,14.9600,15.0800,14.6700,14.7200,80483
2011-01-14,14.7200,15.0500,14.5500,14.9360,115518
2011-01-07,14.7200,15.2400,14.5800,14.8200,139153
2010-12-31,14.6000,14.9000,14.2600,14.6000,149610
2010-12-23,14.6500,14.7500,14.2500,14.6028,108251
2010-12-17,14.6700,14.9800,14.5500,14.7400,126142
2010-12-10,14.5400,14.6000,14.3500,14.5900,115861
2010-12-03,14.7900,14.7900,14.3400,14.5100,154738
2010-11-26,14.5800,14.9200,14.4100,14.7800,79367
2010-11-19,14.8200,14.9700,14.1000,14.6800,212653
2010-11-12,14.8800,15.0800,14.7000,14.7000,371484
2010-11-05,14.6800,15.0800,14.5400,14.9800,381246
2010-10-29,14.7900,14.8700,14.5500,14.6000,294751
2010-10-22,14.8000,14.8199,14.4500,14.7400,438329
2010-10-15,14.7200,14.8000,14.4300,14.8000,231300
2010-10-08,14.6400,14.8800,14.4810,14.6600,672573
2010-10-01,14.6300,14.7800,14.3900,14.7200,265182
2010-09-24,14.3000,14.6500,14.2100,14.6300,320816
2010-09-17,14.3100,14.3800,14.0800,14.2900,459239
2010-09-10,13.9500,14.3600,13.7500,14.1900,210428
2010-09-03,13.4300,14.0001,13.2300,13.9300,235990
2010-08-27,13.7800,13.8600,13.2700,13.3600,299447
2010-08-20,13.7800,13.8800,13.5000,13.6700,195901
2010-08-13,13.9400,13.9400,13.4300,13.6700,113193
2010-08-06,13.6700,14.1000,13.4600,13.8600,146616
2010-07-30,13.6300,13.8200,13.5500,13.6000,83345
2010-07-23,13.4000,13.6300,13.1600,13.5500,108799
2010-07-16,12.9800,13.3800,12.9800,13.3800,115525
2010-07-09,12.9900,13.2500,12.8600,13.0400,90759
2010-07-02,13.2500,13.2500,12.7300,12.8000,94110
2010-06-25,13.3200,13.3860,13.0400,13.2200,93922
2010-06-18,13.1400,13.5200,13.0200,13.2100,133962
2010-06-11,13.1100,13.1100,12.7000,13.0288,91577
2010-06-04,13.0700,13.4100,12.9200,12.9600,74270
2010-05-28,12.9200,13.2900,12.0800,13.2500,159897
2010-05-21,13.4800,13.9400,12.4001,12.8700,241996
2010-05-14,13.7300,14.2600,13.5400,13.5500,188150
2010-05-07,14.7300,14.9100,12.7500,13.2000,317508
2010-04-30,15.1200,15.1200,14.6600,14.6700,221673
2010-04-23,14.8800,15.1200,14.6300,15.1200,268674
2010-04-16,15.1400,15.1400,14.7200,14.8399,169249
2010-04-09,15.0800,15.1800,14.8600,15.0301,157807
2010-04-01,14.9900,15.0300,14.7100,14.9600,98227
2010-03-26,14.6600,15.0700,14.3400,14.9500,217452
2010-03-19,14.3900,14.7500,14.2200,14.7100,195563
2010-03-12,14.4700,14.6568,13.9200,14.3299,266798
2010-03-05,14.2500,14.7500,14.0800,14.4700,165419
2010-02-26,14.3700,14.5699,14.0500,14.1100,106681
2010-02-19,13.8500,14.2800,13.5900,14.1700,92240
2010-02-12,12.9400,14.0200,12.6400,13.6163,125623
2010-02-05,13.7400,14.1200,12.4500,12.8000,184502
2010-01-29,14.8200,14.8200,13.6100,13.7700,153861
2010-01-22,15.0900,15.2000,14.4700,14.5700,116375
2010-01-15,14.8400,15.2700,14.7200,15.0300,137992
2010-01-08,14.5300,14.9500,14.4300,14.9000,81724
2009-12-31,14.4900,14.7100,14.0500,14.3500,80074
2009-12-24,14.3800,14.3800,14.0100,14.3105,64808
2009-12-18,14.3000,14.4800,14.1500,14.2200,113009
2009-12-11,14.2000,14.3100,13.8700,14.2026,135329
2009-12-04,13.6900,14.3000,13.6800,14.1300,120340
2009-11-27,13.9800,13.9800,13.3300,13.6700,110970
2009-11-20,13.9900,14.1400,13.5600,13.7500,237735
2009-11-13,13.5800,13.9100,13.3700,13.8000,908446
2009-11-06,13.1500,13.5000,12.6500,13.4099,252962
2009-10-30,14.1300,14.2700,12.9400,13.3000,158743
2009-10-23,14.2000,14.4700,14.0000,14.0100,139342
2009-10-16,14.2200,14.4700,14.1300,14.2600,123863
2009-10-09,13.7300,14.3700,13.7100,14.2500,120715
2009-10-02,13.9800,14.2000,13.6100,13.6100,103154
2009-09-25,14.1900,14.2100,13.6800,13.8000,154983
2009-09-18,13.5800,14.5152,13.5800,14.2100,124104
2009-09-11,13.3500,13.8000,13.2500,13.6790,78260
2009-09-04,13.0500,13.3500,12.9000,13.3500,97500
2009-08-28,13.2300,13.5000,12.7900,13.1590,152025
2009-08-21,13.1500,13.2000,12.6500,13.0800,169113
2009-08-14,12.9000,13.5700,12.7536,13.1500,134944
2009-08-07,12.9600,13.1100,12.6200,12.9500,181813
2009-07-31,12.2400,12.9700,12.1000,12.9025,191312
2009-07-24,12.3300,12.6700,11.6600,12.3000,185253
2009-07-17,11.1300,12.1600,11.0000,11.8800,116639
2009-07-10,11.5600,11.6200,10.7600,10.9600,123303
2009-07-02,11.7000,11.9500,11.5000,11.6500,84710
2009-06-26,11.4300,11.8400,10.7500,11.6200,138289
2009-06-19,11.8400,11.8400,11.1200,11.5500,148460
2009-06-12,11.7000,12.1299,11.3800,11.8400,166435
2009-06-05,11.1200,12.0000,11.1199,11.7237,244566
2009-05-29,10.7200,11.3100,10.6390,11.1300,198099
2009-05-22,10.2500,10.7700,10.1500,10.7700,225109
2009-05-15,10.2500,10.4100,10.0000,10.0700,190639
2009-05-08,9.9600,10.5600,9.9120,10.5000,247826
2009-05-01,9.6400,9.9900,9.2000,9.8500,99282
2009-04-24,9.5100,9.7800,9.2400,9.6800,114482
2009-04-17,9.3700,9.7100,9.2200,9.6500,121929
2009-04-09,9.1900,9.6000,9.1200,9.4000,78127
2009-04-03,9.0100,9.5950,8.7100,9.4100,82985
2009-03-27,8.7500,9.4900,8.7500,9.3000,111815
2009-03-20,8.6600,9.0000,8.5500,8.7044,168063
2009-03-13,7.2700,8.7000,7.1700,8.6380,173060
2009-03-06,8.3500,8.3500,7.3500,7.6600,252463
2009-02-27,8.8400,8.9000,8.1500,8.5000,123339
2009-02-20,10.0700,10.0700,8.2300,8.6701,150297
2009-02-13,10.0000,10.8500,9.5000,10.0500,145253
2009-02-06,9.2600,10.1891,9.2600,10.0600,113903
2009-01-30,9.6900,10.3900,9.4500,9.5492,112008
2009-01-23,10.2000,10.2000,9.2500,9.4500,84414
2009-01-16,10.2600,10.4000,9.3500,9.7500,115117
2009-01-09,10.1900,11.0500,10.0000,10.0300,180320
2009-01-02,9.4300,10.1600,9.0000,10.1480,152629
2008-12-26,9.2900,9.7800,8.9500,9.5600,114567
2008-12-19,8.5700,9.1900,8.1700,9.0000,131281
2008-12-12,8.4300,9.3400,8.1300,8.4000,170394
2008-12-05,8.3500,8.3600,7.6300,7.9500,108056
2008-11-28,7.5800,9.0200,7.5200,8.4999,103185
2008-11-21,8.7500,8.7500,7.0000,7.4800,231666
2008-11-14,9.5400,9.5500,8.1500,8.7800,144662
2008-11-07,9.5400,10.1700,9.1800,9.5100,128261
2008-10-31,8.4400,9.6700,8.4400,9.5400,201333
2008-10-24,9.8000,10.3400,8.5500,8.8799,194261
2008-10-17,8.4000,10.0200,8.4000,9.3600,250737
2008-10-10,10.4200,10.4200,6.5000,7.4200,508395
2008-10-03,11.2600,11.6400,9.1682,10.6100,147907
2008-09-26,12.7300,12.7500,11.4100,11.6300,148808
2008-09-19,12.7000,12.9000,10.0100,12.5500,183256
2008-09-12,14.2300,14.2300,12.7600,13.0900,161274
2008-09-05,14.9300,14.9300,13.8000,13.9200,58187
2008-08-29,14.1600,14.6400,14.0000,14.5500,65884
2008-08-22,14.5600,14.8200,14.0000,14.4200,92592
2008-08-15,15.1500,15.2400,14.2600,14.7000,108755
2008-08-08,15.2100,15.6700,14.7500,15.0700,56759
2008-08-01,15.0400,15.3000,14.7100,15.1100,65756
2008-07-25,15.1200,15.3300,14.6300,15.1100,103962
2008-07-18,14.7800,15.1100,13.6200,15.0100,153638
2008-07-11,15.0600,15.4000,14.5000,14.6900,92659
2008-07-03,15.0700,15.3599,14.8600,15.1410,61277
2008-06-27,15.9600,15.9600,15.2200,15.2500,102817
2008-06-20,16.1900,16.2700,15.6701,15.7500,128375
2008-06-13,16.8800,18.0000,15.8500,16.2200,113630
2008-06-06,17.0100,17.4000,16.6800,16.8900,73106
2008-05-30,16.4400,17.3000,16.4400,17.0200,78253
2008-05-23,17.1000,17.3100,16.5200,16.5600,129295
2008-05-16,16.6800,17.1600,16.4600,17.0400,106107
2008-05-09,17.0000,17.0399,16.4200,16.5700,76503
2008-05-02,16.8400,17.1800,16.5100,16.9200,99533
2008-04-25,16.4600,16.7000,16.2900,16.6500,84380
2008-04-18,15.6400,16.6700,15.6000,16.4100,108238
2008-04-11,16.8600,16.8800,15.5500,15.7600,118711
2008-04-04,16.2500,17.1900,16.0300,16.6700,99300
2008-03-28,16.5300,16.5500,15.9300,16.1500,91913
2008-03-20,15.0500,16.2700,14.9900,16.1500,120256
2008-03-14,16.0000,16.4000,15.1300,15.6200,133933
2008-03-07,16.3800,16.4600,15.8700,15.9900,142112
2008-02-29,16.5300,17.1500,16.4500,16.5500,144731
2008-02-22,16.0000,16.5700,15.7000,16.4000,93536
2008-02-15,16.4800,17.0300,15.2800,15.6000,216222
2008-02-08,17.9200,18.0000,15.9500,16.4000,129702
2008-02-01,16.5100,18.0000,16.5000,17.8500,83085
2008-01-25,15.9000,17.2499,15.2500,17.0000,218796
2008-01-18,19.0200,19.1900,17.0100,17.3500,137949
2008-01-11,19.0500,19.4500,18.5800,18.9900,72970
2008-01-04,19.1200,19.6000,18.6400,18.8799,66100
2007-12-28,18.9000,19.8100,18.9000,19.0500,67917
2007-12-21,18.8500,19.2700,18.1400,18.7100,111900
2007-12-14,19.8000,19.9000,18.9200,19.1200,118200
2007-12-07,18.7600,20.0000,18.6300,19.9000,85600
2007-11-30,18.1100,20.0000,17.6700,19.0900,120600
2007-11-23,18.0800,18.5500,17.7500,18.0700,62700
2007-11-16,18.8100,18.9300,18.1300,18.3000,104600
2007-11-09,19.3000,20.0800,18.2300,18.9299,108901
2007-11-02,19.3500,19.5900,19.2200,19.5700,84700
2007-10-26,18.5000,19.3100,18.1500,19.2900,110000
2007-10-19,18.5800,18.8200,18.3400,18.5899,165600
2007-10-12,18.0300,18.5300,17.9900,18.3800,105000
2007-10-05,17.9200,19.0800,17.7900,18.1100,131400
2007-09-28,17.5100,17.8800,17.3600,17.8799,89700
2007-09-21,16.9500,17.7200,16.8200,17.4800,108900
2007-09-14,16.9500,17.1300,16.6500,17.0300,86900
2007-09-07,16.9100,17.1400,16.7400,16.9000,102700
2007-08-31,17.2000,17.3599,16.4500,16.9900,85600
2007-08-24,15.9000,17.3500,15.5960,17.1200,136800
2007-08-17,16.1900,16.2700,11.9301,15.5300,287100
2007-08-10,16.6200,16.9700,15.6700,16.0900,165200
2007-08-03,17.1700,17.6600,16.7000,16.7000,147900
2007-07-27,18.4500,18.5500,16.8800,17.1100,184000
2007-07-20,18.5400,18.6900,18.0100,18.4800,116500
2007-07-13,18.4100,18.5700,18.0100,18.5700,111500
2007-07-06,17.8800,18.3450,17.8800,18.2140,59000
2007-06-29,18.1900,18.3300,17.4800,18.0200,128100
2007-06-22,18.3400,18.4000,17.9500,18.1300,198700
2007-06-15,17.9700,18.4100,17.3700,18.3400,199800
2007-06-08,18.2300,18.4300,17.7000,17.8800,151100
2007-06-01,17.9200,18.4600,17.5500,18.3300,130300
2007-05-25,18.2300,18.3100,17.3000,17.7100,240500
2007-05-18,17.9500,18.3200,17.5800,18.2500,154300
2007-05-11,17.9200,18.3900,17.7500,18.0000,156000
2007-05-04,17.7500,18.0600,17.4000,17.8600,119100
2007-04-27,17.7600,17.8800,17.2100,17.7300,149700
2007-04-20,17.4300,17.9500,17.4200,17.7300,121200
2007-04-13,17.3000,17.4200,17.2300,17.4200,96900
2007-04-05,17.1400,17.3000,17.0900,17.2000,66200
2007-03-30,16.9200,17.2800,16.9100,17.1400,66300
2007-03-23,16.8200,17.1000,16.7400,16.9700,85900
2007-03-16,16.5100,16.8400,16.2100,16.8400,132900
2007-03-09,16.0504,16.5900,15.6800,16.5001,111000
2007-03-02,17.2000,17.3900,15.9200,16.1200,158300
2007-02-23,16.9000,17.1900,16.7100,17.1900,109900
2007-02-16,17.1600,17.1600,16.7500,16.9400,101050
2007-02-09,17.2300,17.3500,17.0600,17.2000,103200
2007-02-02,17.1000,17.3900,16.9300,17.2500,94700
2007-01-26,16.7800,17.1700,16.6600,17.1700,136200
2007-01-19,16.6800,16.9500,16.5500,16.8600,141600
2007-01-12,17.0000,17.0300,16.5000,16.7000,156000
2007-01-05,17.0800,17.1000,16.4700,17.0301,111800
2006-12-29,16.5400,17.1100,16.5300,17.0000,43100
2006-12-22,16.8500,17.0500,16.2000,16.5500,88300
2006-12-15,16.5000,17.0400,16.2400,16.8200,119400
2006-12-08,16.4300,16.5600,16.1500,16.5000,124800
2006-12-01,16.0200,16.7900,15.9900,16.5700,102600
2006-11-24,15.7700,16.2600,15.7700,16.1200,124100
2006-11-17,15.6700,15.9400,15.5800,15.9000,139900
2006-11-10,15.7700,15.9700,15.5700,15.6700,119300
2006-11-03,15.7200,15.9500,15.5800,15.7000,117800
2006-10-27,15.8000,15.9100,15.5900,15.7000,131200
2006-10-20,15.8700,15.9500,15.5000,15.8000,130900
2006-10-13,15.4500,15.9000,15.4500,15.8500,82200
2006-10-06,15.2600,15.9100,15.2200,15.4100,135500
2006-09-29,15.2300,15.4600,15.1400,15.2400,92200
2006-09-22,15.5600,15.5600,15.0400,15.2100,196200
2006-09-15,15.3000,15.6500,15.3000,15.5700,86900
2006-09-08,15.3000,15.7300,15.1800,15.3000,151800
2006-09-01,15.3400,15.6000,15.1500,15.3000,124700
2006-08-25,15.6400,15.6400,15.0800,15.3000,177400
2006-08-18,15.1500,15.8500,15.0000,15.5600,219300
2006-08-11,15.1100,15.2900,14.8000,15.0800,133800
2006-08-04,15.0000,15.5000,14.8200,15.1500,157200
2006-07-28,14.8300,15.0400,14.5300,14.9900,164700
2006-07-21,14.5800,14.8500,14.3900,14.8100,110500
2006-07-14,14.7800,14.8896,14.5000,14.5600,199800
2006-07-07,14.8000,14.8500,14.4800,14.6800,62100
2006-06-30,14.3300,14.7900,14.1400,14.7000,123900
2006-06-23,13.9200,14.2500,13.8800,14.2500,113600
2006-06-16,14.5200,14.5200,13.7000,13.9400,152600
2006-06-09,14.5800,14.8000,14.3400,14.4950,125800
2006-06-02,14.1400,14.6500,14.0500,14.5500,101800
2006-05-26,14.5700,14.6100,13.9400,14.2200,169000
2006-05-19,14.6800,14.9200,14.5600,14.6300,208400
2006-05-12,14.5700,15.0600,14.5600,14.7500,298500
2006-05-05,14.4000,14.5400,14.3000,14.5400,368900
2006-04-28,14.2800,14.4600,14.1600,14.4400,238400
2006-04-21,14.1000,14.5500,14.1000,14.2400,211000
2006-04-13,14.4000,14.5000,14.0800,14.1000,160200
2006-04-07,14.6300,14.7100,14.3500,14.3600,246500
2006-03-31,14.4100,14.7000,14.3600,14.7000,152200
2006-03-24,14.3800,14.4900,14.3400,14.4500,130100
2006-03-17,14.2700,14.4700,14.0800,14.4600,160200
2006-03-10,14.4200,14.6500,14.0800,14.3500,228000
2006-03-03,14.2800,14.5500,14.2310,14.4800,229700
2006-02-24,14.2300,14.5000,14.1200,14.2100,180900
2006-02-17,14.1700,14.3800,14.0000,14.2200,185700
2006-02-10,14.2300,14.4000,14.0500,14.1500,181100
2006-02-03,14.2100,14.3800,14.0500,14.2400,146600
2006-01-27,14.2000,14.5000,14.0000,14.2600,286500
2006-01-20,14.4000,14.6900,14.0501,14.3000,145300
2006-01-13,14.3000,14.7400,14.1200,14.3500,189100
2006-01-06,14.0800,14.3300,13.8900,14.3300,120800
2005-12-30,13.6800,14.1700,13.2000,14.1700,440000
2005-12-23,13.4200,13.9300,13.4000,13.6000,302800
2005-12-16,13.3700,13.6000,13.1900,13.3700,253600
2005-12-09,13.3000,13.7200,13.2200,13.3100,230500
2005-12-02,13.3000,13.6500,13.1900,13.4000,221600
2005-11-25,15.0000,15.0000,13.2500,13.4000,279900
2005-11-18,15.0000,15.0200,15.0000,15.0000,173800
2005-11-11,15.0000,15.0200,15.0000,15.0000,183300
2005-11-04,15.0000,15.0100,15.0000,15.0100,171800
