timestamp,open,high,low,close,volume
2018-02-27,9.3300,9.4200,9.2400,9.2500,297790
2018-02-23,9.3000,9.3400,9.1700,9.3200,695466
2018-02-16,8.7400,9.3200,8.7400,9.2900,792441
2018-02-09,9.3000,9.3000,8.5700,8.8200,1834496
2018-02-02,9.8100,9.8200,9.2900,9.3000,1099244
2018-01-26,9.5600,9.8700,9.5100,9.8200,1305481
2018-01-19,9.5000,9.5500,9.3500,9.5500,833555
2018-01-12,9.4000,9.5000,9.3400,9.4400,1022828
2018-01-05,9.1400,9.4300,9.0899,9.4000,927633
2017-12-29,9.1200,9.2500,9.0700,9.0800,661613
2017-12-22,9.0300,9.2500,9.0200,9.2500,940089
2017-12-15,8.9800,9.0700,8.9393,8.9800,1057091
2017-12-08,9.1800,9.1900,9.0000,9.0200,925660
2017-12-01,9.1700,9.1952,9.0500,9.1100,704301
2017-11-24,8.9000,9.1900,8.9000,9.1900,413982
2017-11-17,9.1300,9.1401,8.7300,8.9000,1286726
2017-11-10,9.3200,9.3500,9.0783,9.1000,879286
2017-11-03,9.0400,9.3500,9.0000,9.3050,1459091
2017-10-27,9.1200,9.1500,8.9600,9.0100,911316
2017-10-20,9.2200,9.2200,9.0508,9.1050,917981
2017-10-13,9.1800,9.2000,9.0001,9.1600,999578
2017-10-06,9.0500,9.2000,9.0000,9.1600,1040427
2017-09-29,8.9200,9.0800,8.9150,9.0400,821020
2017-09-22,8.9100,9.0200,8.8500,8.9400,956080
2017-09-15,8.8000,8.9000,8.7700,8.8500,885575
2017-09-08,8.8500,8.8700,8.7300,8.8000,764357
2017-09-01,8.7800,8.8900,8.6801,8.8900,864539
2017-08-25,8.5200,8.7799,8.5200,8.7400,894033
2017-08-18,8.6500,8.7200,8.5000,8.5400,1374095
2017-08-11,9.0300,9.1000,8.3200,8.5900,2227953
2017-08-04,8.9300,9.1200,8.8800,8.9900,1311506
2017-07-28,8.7900,8.9000,8.7400,8.9000,1397520
2017-07-21,8.6900,8.8000,8.6500,8.7800,1060334
2017-07-14,8.5000,8.6900,8.4300,8.6800,1032373
2017-07-07,8.6000,8.6000,8.4100,8.4800,1162129
2017-06-30,8.4500,8.5500,8.4000,8.5300,1170130
2017-06-23,8.5200,8.5699,8.3900,8.4600,1080226
2017-06-16,8.3300,8.5072,8.2800,8.4600,1230931
2017-06-09,8.4400,8.6000,8.3700,8.3700,1099415
2017-06-02,8.3800,8.4900,8.3665,8.4700,831788
2017-05-26,8.2700,8.4899,8.2700,8.4000,1444715
2017-05-19,8.2900,8.3900,8.1100,8.2600,1912983
2017-05-12,8.1400,8.2800,8.0300,8.2600,1751383
2017-05-05,8.2800,8.4200,8.0800,8.1908,2474570
2017-04-28,8.0200,8.3200,8.0000,8.2300,1779602
2017-04-21,7.9400,8.0400,7.9200,7.9500,1459072
2017-04-13,7.8700,7.9630,7.8500,7.9100,1060296
2017-04-07,7.8100,7.9600,7.7807,7.8700,1427619
2017-03-31,7.7000,7.8350,7.6500,7.8000,1491166
2017-03-24,7.7300,7.7500,7.6300,7.7200,1059875
2017-03-17,7.5900,7.7500,7.5500,7.7300,1216111
2017-03-10,7.7300,7.7700,7.5300,7.5850,1840390
2017-03-03,7.7400,7.8200,7.7003,7.7400,1801835
2017-02-24,7.6900,7.7800,7.6635,7.7200,1067437
2017-02-17,7.6200,7.7110,7.5900,7.6700,1517358
2017-02-10,7.5200,7.6300,7.5000,7.5900,1675154
2017-02-03,7.4000,7.5300,7.3100,7.5200,1319793
2017-01-27,7.2500,7.4300,7.2200,7.4300,1705194
2017-01-20,7.2600,7.2798,7.1800,7.2400,906134
2017-01-13,7.1700,7.2599,7.1400,7.2400,1031402
2017-01-06,7.0100,7.2200,6.9550,7.1800,5057978
2016-12-30,7.1300,7.1600,6.9500,6.9700,1656635
2016-12-23,7.2100,7.2390,7.0600,7.1000,1354270
2016-12-16,7.1100,7.2400,7.0700,7.2200,1374498
2016-12-09,7.0400,7.2400,7.0300,7.1200,1214906
2016-12-02,7.2800,7.3000,6.9700,7.0200,1663717
2016-11-25,7.1900,7.3100,7.1200,7.2600,534960
2016-11-18,7.0200,7.1900,6.9300,7.1700,753478
2016-11-11,7.0500,7.0500,6.9100,6.9900,791657
2016-11-04,7.2200,7.2500,6.9700,6.9800,976054
2016-10-28,7.3000,7.3600,7.1800,7.1800,657464
2016-10-21,7.2400,7.2700,7.1500,7.2500,740297
2016-10-14,7.3600,7.4500,7.1900,7.2400,1002767
2016-10-07,7.4900,7.5200,7.2800,7.3100,756620
2016-09-30,7.4000,7.5200,7.3300,7.5100,816552
2016-09-23,7.3300,7.4800,7.2800,7.4300,804314
2016-09-16,7.3000,7.3700,7.1600,7.3000,1008999
2016-09-09,7.5200,7.6000,7.3200,7.3300,903518
2016-09-02,7.4700,7.5400,7.4000,7.5200,747504
2016-08-26,7.5200,7.5600,7.4300,7.4500,1079805
2016-08-19,7.4400,7.5700,7.4000,7.5600,1164223
2016-08-12,7.3800,7.4500,7.2800,7.4000,1112689
2016-08-05,7.5000,7.5000,7.3000,7.4000,1215174
2016-07-29,7.3800,7.5000,7.3160,7.4800,1257431
2016-07-22,7.2000,7.3800,7.1800,7.3800,843349
2016-07-15,7.0800,7.3300,7.0800,7.1800,2246956
2016-07-08,7.0200,7.0900,6.9300,7.0600,1026288
2016-07-01,6.8000,7.0600,6.5600,7.0500,1364123
2016-06-24,6.9900,7.1100,6.8000,6.8700,1266389
2016-06-17,7.0200,7.1100,6.8200,6.9300,1351581
2016-06-10,7.1400,7.2700,7.0300,7.0300,931224
2016-06-03,7.0800,7.1500,6.9940,7.1400,539173
2016-05-27,6.9300,7.1100,6.9000,7.0700,761585
2016-05-20,6.9400,7.0100,6.8500,6.9400,917009
2016-05-13,6.9600,7.0500,6.8900,6.9000,991767
2016-05-06,7.1000,7.2000,6.9800,7.0100,899908
2016-04-29,7.1100,7.2000,7.0500,7.1300,641256
2016-04-22,7.0000,7.1700,6.9800,7.1500,552863
2016-04-15,6.8600,7.0400,6.8100,7.0300,715062
2016-04-08,6.9600,6.9800,6.7529,6.8200,829910
2016-04-01,6.7600,7.0500,6.7300,6.9600,889781
2016-03-24,6.9000,6.9100,6.7000,6.7300,598959
2016-03-18,6.7700,6.9400,6.6700,6.9000,771163
2016-03-11,6.7000,6.7900,6.5700,6.7700,894445
2016-03-04,6.3900,6.7500,6.3500,6.7200,840382
2016-02-26,6.3300,6.4300,6.1810,6.4000,892959
2016-02-19,6.0700,6.2700,6.0300,6.2300,813683
2016-02-12,6.2800,6.2800,5.9000,6.0250,1312209
2016-02-05,6.4400,6.5900,6.3600,6.3800,797838
2016-01-29,6.3200,6.5500,6.2100,6.5100,1206119
2016-01-22,6.3900,6.4100,5.8600,6.3300,1610362
2016-01-15,6.9200,6.9200,6.3000,6.3700,1503202
2016-01-08,7.0500,7.2250,6.9199,6.9200,3169475
2015-12-31,7.1900,7.2400,7.1200,7.1600,1749121
2015-12-24,7.1500,7.2400,7.0300,7.2200,1602037
2015-12-18,7.0100,7.2500,6.9000,7.0900,1407730
2015-12-11,7.4200,7.4200,7.0000,7.0100,949996
2015-12-04,7.4000,7.4800,7.3400,7.4500,1078565
2015-11-27,7.4500,7.4900,7.3600,7.4100,533182
2015-11-20,7.3000,7.5000,7.2700,7.4500,682177
2015-11-13,7.6000,7.6399,7.2700,7.2800,755431
2015-11-06,7.6500,7.8000,7.6200,7.6500,747958
2015-10-30,7.7300,7.7300,7.5000,7.6800,1021032
2015-10-23,7.4800,7.7800,7.4592,7.7100,1177742
2015-10-16,7.4200,7.5000,7.2000,7.4700,1632966
2015-10-09,7.0800,7.4000,7.0800,7.3900,948166
2015-10-02,7.1800,7.1800,6.8500,7.0316,1169224
2015-09-25,7.4300,7.5000,7.1800,7.2600,818340
2015-09-18,7.4100,7.5449,7.3100,7.4200,1023336
2015-09-11,7.4300,7.5100,7.3800,7.3900,856432
2015-09-04,7.5600,7.6200,7.3300,7.4300,1063035
2015-08-28,7.1900,7.6800,6.7000,7.6420,1636352
2015-08-21,8.0700,8.1300,7.5600,7.5900,1332604
2015-08-14,8.2800,8.3000,8.0100,8.1200,1103404
2015-08-07,8.3200,8.4700,8.2100,8.2400,599774
2015-07-31,8.3600,8.4300,8.1100,8.3500,878883
2015-07-24,8.6600,8.6800,8.3900,8.4000,985755
2015-07-17,8.6200,8.7900,8.5900,8.6200,785777
2015-07-10,8.6300,8.6600,8.3500,8.5800,746417
2015-07-02,8.7400,8.7500,8.5000,8.7300,919011
2015-06-26,8.9100,9.0400,8.7600,8.7700,1129116
2015-06-19,8.7100,8.9400,8.6900,8.8800,1043110
2015-06-12,8.6600,8.8000,8.6200,8.7700,661605
2015-06-05,9.0000,9.0149,8.7700,8.7900,914677
2015-05-29,9.0200,9.0400,8.9600,8.9600,505137
2015-05-22,8.9900,9.1200,8.9600,9.0600,754433
2015-05-15,8.9800,9.0500,8.8500,8.9900,721858
2015-05-08,9.0400,9.1000,8.9200,9.0400,928906
2015-05-01,9.1100,9.1600,8.9400,9.0400,733893
2015-04-24,8.9500,9.1100,8.9200,9.0800,722956
2015-04-17,8.8600,9.1100,8.8000,8.9500,1008364
2015-04-10,8.7300,8.9400,8.7100,8.8500,646107
2015-04-02,8.8000,8.8500,8.7100,8.8000,505242
2015-03-27,8.8500,8.9500,8.7200,8.7800,603590
2015-03-20,8.7500,8.9332,8.7000,8.8700,854163
2015-03-13,8.9300,8.9800,8.6400,8.7100,678131
2015-03-06,9.0800,9.1400,8.9400,8.9700,651695
2015-02-27,8.9800,9.0900,8.9300,9.0800,709608
2015-02-20,8.9300,9.0000,8.8600,8.9900,426447
2015-02-13,8.7500,8.9340,8.6500,8.9200,583499
2015-02-06,8.6600,8.8500,8.6000,8.7600,602463
2015-01-30,8.8000,8.8500,8.5200,8.6000,650522
2015-01-23,8.6300,8.8900,8.5600,8.8400,473496
2015-01-16,8.7000,8.7800,8.4400,8.6400,754824
2015-01-09,8.8800,8.8800,8.5100,8.7400,940330
2015-01-02,8.6400,9.2300,8.5700,8.9600,3246775
2014-12-26,8.6100,8.7600,8.5100,8.7600,777595
2014-12-19,8.5400,8.6400,8.2200,8.5900,1036783
2014-12-12,8.8800,8.8900,8.4500,8.5000,762773
2014-12-05,9.0000,9.0700,8.8900,8.9900,697937
2014-11-28,8.9700,9.1100,8.9600,9.0400,516777
2014-11-21,8.8400,9.0200,8.8200,8.9800,820750
2014-11-14,8.9700,9.0500,8.8600,8.8700,615201
2014-11-07,9.0400,9.0700,8.8800,8.9500,733505
2014-10-31,8.9600,9.1000,8.8600,9.0100,709647
2014-10-24,8.4900,8.9900,8.4600,8.9800,920758
2014-10-17,8.6300,8.6600,7.7600,8.4700,1924602
2014-10-10,9.0900,9.1700,8.5800,8.6100,910623
2014-10-03,9.2700,9.2700,8.9000,9.0800,885262
2014-09-26,9.5800,9.6100,9.2500,9.3200,728628
2014-09-19,9.3900,9.6300,9.3400,9.5700,735619
2014-09-12,9.5700,9.6400,9.3300,9.3700,985569
2014-09-05,9.6000,9.7300,9.5900,9.6600,738887
2014-08-29,9.6000,9.7300,9.5900,9.6200,812761
2014-08-22,9.5100,9.7600,9.4700,9.5700,1212165
2014-08-15,9.2600,9.5500,9.2200,9.4800,825923
2014-08-08,9.2700,9.3800,9.0200,9.2400,1008045
2014-08-01,10.1600,10.1600,9.2400,9.2900,1220436
2014-07-25,9.7500,9.9200,9.7000,9.8800,884512
2014-07-18,9.8000,9.8520,9.7100,9.7700,755093
2014-07-11,9.8100,9.8500,9.6700,9.7600,854404
2014-07-03,9.7900,9.8900,9.7600,9.8100,534813
2014-06-27,9.6800,9.7800,9.5600,9.7600,755881
2014-06-20,9.6500,9.7800,9.5500,9.6500,918478
2014-06-13,9.6000,9.6600,9.5100,9.6000,870961
2014-06-06,9.5800,9.7099,9.5600,9.6300,1060129
2014-05-30,9.4700,9.5801,9.4200,9.5800,928502
2014-05-23,9.2500,9.4800,9.2000,9.4000,891493
2014-05-16,9.2400,9.2600,9.1600,9.2400,811019
2014-05-09,9.2300,9.2500,9.1600,9.2100,648636
2014-05-02,9.1600,9.2400,9.0600,9.2400,663822
2014-04-25,9.0500,9.1800,9.0500,9.1500,884401
2014-04-17,8.9300,9.1000,8.8500,9.1000,795800
2014-04-11,9.1000,9.1000,8.8600,8.8900,1206205
2014-04-04,9.0000,9.2300,8.9800,9.1100,872328
2014-03-28,9.0500,9.0500,8.8900,8.9800,644201
2014-03-21,9.0100,9.1200,8.9500,9.0300,621238
2014-03-14,9.1200,9.1500,8.9500,8.9600,990784
2014-03-07,9.0500,9.2500,9.0200,9.0900,796608
2014-02-28,9.0500,9.1600,9.0400,9.1299,916587
2014-02-21,9.0000,9.0800,8.9600,9.0500,617994
2014-02-14,8.7800,9.0400,8.7800,9.0000,680890
2014-02-07,8.7200,8.8400,8.5400,8.8100,707690
2014-01-31,8.9300,8.9400,8.6000,8.7300,847293
2014-01-24,9.0500,9.1000,8.8800,8.9200,709732
2014-01-17,9.0200,9.0500,8.9000,9.0000,832699
2014-01-10,8.9500,9.0200,8.8700,9.0000,996968
2014-01-03,9.0800,9.0800,8.8300,8.8900,684211
2013-12-27,8.9100,9.1000,8.8799,9.0400,617553
2013-12-20,8.7300,8.8700,8.6500,8.8400,991416
2013-12-13,8.7500,8.7700,8.5600,8.6400,773313
2013-12-06,8.9300,8.9600,8.7100,8.8200,676008
2013-11-29,8.9700,9.0000,8.8200,8.9200,516003
2013-11-22,8.9900,9.0200,8.8700,8.9600,826683
2013-11-15,8.9800,8.9800,8.6900,8.9700,1282963
2013-11-08,8.8300,8.9600,8.6400,8.9200,1531696
2013-11-01,8.8600,8.9600,8.7801,8.8300,720080
2013-10-25,8.7000,8.9550,8.7000,8.8800,896986
2013-10-18,8.4600,8.7100,8.3300,8.6900,811245
2013-10-11,8.4800,8.5100,8.2801,8.4700,791499
2013-10-04,8.5000,8.5900,8.4600,8.5099,682659
2013-09-27,8.4300,8.5400,8.4300,8.5300,757117
2013-09-20,8.4200,8.5900,8.3500,8.4600,1286568
2013-09-13,8.2600,8.3800,8.1800,8.3400,949791
2013-09-06,8.2500,8.3700,8.2000,8.3100,948096
2013-08-30,8.3000,8.3300,8.1600,8.2100,585468
2013-08-23,8.2900,8.3400,8.1900,8.2800,858120
2013-08-16,8.4300,8.4800,8.2500,8.3300,889191
2013-08-09,8.5200,8.5600,8.4000,8.4300,686360
2013-08-02,8.5600,8.5600,8.4300,8.5500,704356
2013-07-26,8.4900,8.6000,8.4500,8.5300,885852
2013-07-19,8.5700,8.6100,8.4200,8.4700,1190119
2013-07-12,8.3700,8.5300,8.2400,8.5300,1000190
2013-07-05,8.3700,8.5000,8.2800,8.4300,406549
2013-06-28,8.2400,8.4100,7.9700,8.3400,1005794
2013-06-21,8.6700,8.7510,8.2800,8.3100,1051757
2013-06-14,8.7400,8.7900,8.4200,8.5900,1164106
2013-06-07,8.9000,8.9000,8.5600,8.7000,1036061
2013-05-31,9.1300,9.1500,8.8300,8.8600,662875
2013-05-24,9.1600,9.2500,9.0200,9.0300,829002
2013-05-17,9.0600,9.2400,9.0500,9.1400,950662
2013-05-10,9.1300,9.2100,9.0599,9.1100,757080
2013-05-03,8.9700,9.2000,8.9100,9.1300,753352
2013-04-26,8.7300,8.9900,8.6600,8.9800,652683
2013-04-19,8.8000,8.8300,8.4500,8.7000,773388
2013-04-12,8.8100,8.8600,8.6900,8.8100,884886
2013-04-05,9.0100,9.0200,8.7700,8.8300,891320
2013-03-28,8.9500,8.9900,8.7810,8.9600,809147
2013-03-22,8.8600,9.0000,8.6800,8.9000,1088030
2013-03-15,8.9000,9.0200,8.8300,8.8300,1015881
2013-03-08,8.7600,8.9500,8.7010,8.8700,914051
2013-03-01,8.6800,8.8700,8.6200,8.7500,1057026
2013-02-22,8.8400,8.9200,8.6300,8.6700,1069059
2013-02-15,8.8600,8.9100,8.7800,8.8600,922400
2013-02-08,8.9300,8.9900,8.8000,8.8800,1016284
2013-02-01,8.9400,8.9600,8.8000,8.9400,1188967
2013-01-25,8.9000,8.9800,8.8500,8.9100,820247
2013-01-18,8.7800,8.9300,8.7100,8.9200,827568
2013-01-11,8.6000,8.7600,8.5800,8.7600,1078466
2013-01-04,8.2900,8.6400,8.2600,8.6200,906589
2012-12-28,8.4400,8.5000,8.2250,8.2700,697387
2012-12-21,8.3200,8.5100,8.3200,8.4200,1287009
2012-12-14,8.3100,8.4100,8.2700,8.3500,870293
2012-12-07,8.4400,8.4600,8.2700,8.3100,916433
2012-11-30,8.2500,8.4400,8.2200,8.3900,1124370
2012-11-23,8.0600,8.3000,8.0101,8.3000,810748
2012-11-16,8.2900,8.2900,7.5600,7.9400,1690329
2012-11-09,8.6000,8.6001,8.1800,8.2200,959151
2012-11-02,8.5700,8.7200,8.5100,8.6000,469124
2012-10-26,8.5900,8.6800,8.4800,8.5500,955651
2012-10-19,8.6300,8.7500,8.5200,8.5500,989715
2012-10-12,8.6600,8.7000,8.5000,8.5700,1097171
2012-10-05,8.6000,8.7100,8.5000,8.6800,1163735
2012-09-28,8.6100,8.6500,8.4800,8.5400,931140
2012-09-21,8.5300,8.6590,8.4801,8.6300,950621
2012-09-14,8.3900,8.6800,8.3100,8.5400,1552363
2012-09-07,8.3000,8.4300,8.2100,8.3600,1132200
2012-08-31,8.3200,8.3700,8.2300,8.3000,1038901
2012-08-24,8.4000,8.4400,8.2700,8.3500,760087
2012-08-17,8.4300,8.4700,8.3500,8.3700,950354
2012-08-10,8.2700,8.4299,8.2500,8.4199,911749
2012-08-03,8.2400,8.3400,8.0700,8.2900,1152668
2012-07-27,8.1100,8.3000,7.9000,8.3000,1624455
2012-07-20,8.4700,8.5400,8.1500,8.1700,1874895
2012-07-13,8.4800,8.5700,8.2900,8.4400,864075
2012-07-06,8.2900,8.6300,8.2900,8.4300,509470
2012-06-29,8.1000,8.4600,8.0400,8.4100,1160917
2012-06-22,8.0100,8.2500,7.9900,8.1900,659166
2012-06-15,8.1200,8.1200,7.9200,8.0100,928804
2012-06-08,7.7800,8.1000,7.6800,8.0300,782519
2012-06-01,8.0600,8.1700,7.7600,7.7700,747549
2012-05-25,7.9200,8.1300,7.8700,8.0300,1311936
2012-05-18,8.4600,8.5000,7.8600,7.8600,1447034
2012-05-11,8.5200,8.7000,8.4600,8.5200,811629
2012-05-04,8.7200,8.8600,8.5600,8.5700,1078024
2012-04-27,8.5600,8.7600,8.4900,8.7300,1028641
2012-04-20,8.6100,8.7400,8.4900,8.6200,1021065
2012-04-13,8.5200,8.6300,8.4100,8.5300,991598
2012-04-05,8.7500,8.8200,8.6100,8.6600,880624
2012-03-30,8.7300,8.8100,8.6300,8.8000,1391284
2012-03-23,8.7700,8.8500,8.6600,8.7000,1075430
2012-03-16,8.7400,8.8800,8.6000,8.7600,1349007
2012-03-09,8.7200,8.8300,8.4800,8.6900,1292482
2012-03-02,8.5900,8.8900,8.5600,8.7000,1603618
2012-02-24,8.5000,8.6400,8.3900,8.6200,1338773
2012-02-17,8.4000,8.4900,8.2700,8.4900,1551039
2012-02-10,8.2000,8.4500,8.2000,8.3300,1566736
2012-02-03,7.9600,8.2900,7.9460,8.2200,1326254
2012-01-27,7.8700,8.0370,7.7500,8.0000,1089049
2012-01-20,7.6200,7.8575,7.5800,7.8400,839594
2012-01-13,7.5200,7.6900,7.4700,7.5500,1056286
2012-01-06,7.4000,7.5600,7.1600,7.5100,1404909
2011-12-30,7.2600,7.3600,7.1200,7.3000,1138188
2011-12-23,7.1700,7.3500,7.0400,7.3000,1078595
2011-12-16,7.4100,7.4100,7.0900,7.1500,1051808
2011-12-09,7.6200,7.7300,7.4000,7.4900,1171696
2011-12-02,7.2300,7.6400,7.1600,7.5300,964183
2011-11-25,7.2600,7.3100,7.0300,7.0300,493721
2011-11-18,7.7300,7.7300,7.3600,7.3900,1076980
2011-11-11,7.6700,7.9000,7.4500,7.7300,947950
2011-11-04,7.8800,7.8800,7.4000,7.7000,1012143
2011-10-28,7.6600,7.9700,7.4700,7.9600,1202285
2011-10-21,7.4900,7.6100,7.2800,7.5800,940671
2011-10-14,7.0800,7.5600,7.0800,7.5100,755056
2011-10-07,6.9700,7.1100,6.5100,6.9800,1713413
2011-09-30,7.3100,7.5000,7.0700,7.0800,1139437
2011-09-23,7.6400,7.7600,7.1000,7.2500,860103
2011-09-16,7.4300,7.8300,7.3100,7.7200,800427
2011-09-09,7.5700,7.8900,7.4400,7.5000,653201
2011-09-02,7.8700,8.1300,7.7700,7.8000,748750
2011-08-26,7.5400,7.9200,7.3500,7.7700,1064160
2011-08-19,7.8000,8.0300,7.3400,7.3400,1133773
2011-08-12,7.5200,7.6800,6.9100,7.6600,2060819
2011-08-05,8.5700,8.5700,7.4300,7.8100,1764842
2011-07-29,8.7600,8.7800,8.3100,8.3900,1172337
2011-07-22,8.5600,8.8210,8.4400,8.8100,1019230
2011-07-15,8.6900,8.7070,8.5200,8.5800,1133014
2011-07-08,8.7100,8.8600,8.6400,8.7400,994996
2011-07-01,8.3300,8.8200,8.2800,8.8200,740778
2011-06-24,8.3100,8.5300,8.2300,8.3200,915499
2011-06-17,8.3000,8.5400,7.9300,8.3300,1052593
2011-06-10,8.7600,8.7700,8.3800,8.4400,938997
2011-06-03,8.8800,8.9400,8.6900,8.7300,717881
2011-05-27,8.6200,8.8400,8.5900,8.8200,1016503
2011-05-20,8.6800,8.8000,8.6200,8.7400,727313
2011-05-13,8.7700,8.8700,8.6200,8.7000,918914
2011-05-06,9.0900,9.1000,8.7400,8.7800,1108194
2011-04-29,8.9300,9.1100,8.8600,9.0500,1133895
2011-04-21,8.6500,8.9200,8.5200,8.9100,741199
2011-04-15,8.8400,8.8800,8.6200,8.7500,1115913
2011-04-08,8.6600,8.8900,8.6600,8.8200,911062
2011-04-01,8.6300,8.7500,8.5300,8.7300,942176
2011-03-25,8.4700,8.6400,8.4100,8.5900,1151572
2011-03-18,8.4800,8.4800,8.0900,8.3300,1257245
2011-03-11,8.7300,8.7400,8.3900,8.5100,1115372
2011-03-04,8.6700,8.7500,8.6000,8.7000,982691
2011-02-25,8.7700,8.7700,8.4500,8.6100,937572
2011-02-18,8.7200,8.8300,8.6701,8.8100,1040270
2011-02-11,8.7500,8.8200,8.6400,8.7000,740469
2011-02-04,8.5500,8.7600,8.5400,8.7000,988479
2011-01-28,8.4700,8.6700,8.4699,8.5200,967708
2011-01-21,8.6100,8.6700,8.4200,8.4700,796016
2011-01-14,8.3200,8.6199,8.3200,8.6100,909083
2011-01-07,8.4600,8.5400,8.3510,8.3900,980457
2010-12-31,8.3600,8.4600,8.3000,8.3700,848922
2010-12-23,8.2500,8.4400,8.2000,8.4000,604018
2010-12-17,8.2700,8.3500,8.1000,8.2300,1398405
2010-12-10,8.2800,8.4000,8.2300,8.2500,926488
2010-12-03,8.1500,8.3400,8.0700,8.2900,1108930
2010-11-26,8.0800,8.1900,8.0100,8.1700,741804
2010-11-19,8.2500,8.2800,7.8000,8.1300,1228068
2010-11-12,8.5000,8.5500,8.1400,8.2000,1034672
2010-11-05,8.3200,8.5600,8.1500,8.5500,992941
2010-10-29,8.2500,8.3200,8.1700,8.2400,1366764
2010-10-22,8.2300,8.2601,8.0300,8.1600,1464549
2010-10-15,8.1600,8.2500,8.1000,8.2100,951066
2010-10-08,8.1100,8.1800,8.0170,8.1700,1093808
2010-10-01,7.9700,8.1400,7.9200,8.1100,1071964
2010-09-24,7.8500,7.9800,7.7700,7.9600,969593
2010-09-17,7.7400,7.9200,7.7100,7.8200,1165093
2010-09-10,7.5800,7.7100,7.5400,7.7100,751206
2010-09-03,7.3100,7.6250,7.1354,7.5900,988311
2010-08-27,7.4300,7.4300,7.1000,7.2960,1058738
2010-08-20,7.4200,7.5900,7.2800,7.3600,1046623
2010-08-13,7.6800,7.6800,7.2300,7.4400,958358
2010-08-06,7.5900,7.7100,7.4800,7.6400,1264358
2010-07-30,7.3900,7.5500,7.3700,7.5000,1054018
2010-07-23,7.2400,7.3900,7.1400,7.3600,1159363
2010-07-16,6.9800,7.2400,6.9700,7.2100,1459639
2010-07-09,6.8700,7.0200,6.8000,7.0100,834615
2010-07-02,7.0900,7.1600,6.6100,6.7500,967211
2010-06-25,7.2300,7.2600,7.0300,7.1100,823759
2010-06-18,7.0100,7.2400,6.9500,7.1500,996556
2010-06-11,6.9200,6.9700,6.6900,6.9400,971844
2010-06-04,7.0000,7.2100,6.8700,6.9000,696024
2010-05-28,6.8600,7.1280,6.5500,7.1000,955156
2010-05-21,7.3800,7.5000,6.5800,6.9300,1374201
2010-05-14,7.5400,7.6700,7.2800,7.4000,1109404
2010-05-07,8.0800,8.1666,6.4900,7.1800,2223888
2010-04-30,8.2700,8.3100,8.0200,8.1072,1013438
2010-04-23,8.0900,8.2600,8.0600,8.2400,1086135
2010-04-16,8.2100,8.3100,8.1000,8.1800,961187
2010-04-09,8.1100,8.2400,8.0900,8.2000,885782
2010-04-01,8.0600,8.1400,8.0100,8.1200,823497
2010-03-26,8.0000,8.1100,7.9300,8.0300,1109753
2010-03-19,7.9600,8.1400,7.9000,8.0100,901409
2010-03-12,7.9400,8.0100,7.8700,7.9700,829198
2010-03-05,7.7100,7.9400,7.6600,7.9400,974700
2010-02-26,7.6700,7.7100,7.4500,7.6700,1218734
2010-02-19,7.4500,7.6500,7.3900,7.6500,909484
2010-02-12,7.1500,7.4500,7.0700,7.4300,1062340
2010-02-05,7.5600,7.8000,6.9200,7.1400,1342737
2010-01-29,7.7800,7.8400,7.4300,7.5400,1138946
2010-01-22,8.0500,8.1500,7.7300,7.7300,1098596
2010-01-15,8.1600,8.1800,8.0200,8.0600,976751
2010-01-08,7.8800,8.1500,7.8670,8.1300,1173252
2009-12-31,7.8800,7.9300,7.7800,7.8600,897502
2009-12-24,7.6900,7.9100,7.6730,7.8800,791427
2009-12-18,7.8100,7.8500,7.6100,7.6700,1126017
2009-12-11,7.7300,7.8300,7.5200,7.7800,1243389
2009-12-04,7.6600,7.9000,7.6100,7.6800,1225931
2009-11-27,7.7900,7.8200,7.5600,7.6200,849991
2009-11-20,7.7000,7.7700,7.5100,7.7400,1632605
2009-11-13,7.5600,7.6800,7.4500,7.6500,966254
2009-11-06,7.3800,7.5600,7.1600,7.5300,1018637
2009-10-30,7.9600,7.9974,7.3000,7.3400,1041951
2009-10-23,7.9600,8.1000,7.8200,7.9500,967651
2009-10-16,7.8400,7.9600,7.7400,7.9100,897034
2009-10-09,7.5200,7.9300,7.4900,7.8400,927560
2009-10-02,7.6300,7.8400,7.1400,7.4800,1074239
2009-09-25,7.6800,7.9900,7.6000,7.6000,837469
2009-09-18,7.4400,8.0300,7.3400,7.7600,1240503
2009-09-11,7.5000,7.5400,7.3600,7.4900,614100
2009-09-04,7.3500,7.4800,7.0800,7.4600,971871
2009-08-28,7.4400,7.4500,7.2200,7.3500,965017
2009-08-21,7.0900,7.4900,7.0500,7.3900,934568
2009-08-14,7.1900,7.4200,6.9200,7.3351,1373848
2009-08-07,7.0500,7.2100,6.9500,7.1400,764814
2009-07-31,6.8900,7.1900,6.8100,7.0300,799671
2009-07-24,6.7800,6.9700,6.7000,6.9700,819412
2009-07-17,6.2600,6.7600,6.2600,6.7500,965808
2009-07-10,6.5700,6.7000,5.8840,6.2478,999283
2009-07-02,6.9600,7.1000,6.6600,6.7500,766323
2009-06-26,6.8900,6.9200,6.1700,6.9000,1119886
2009-06-19,7.1900,7.1923,6.7000,6.9000,1160174
2009-06-12,7.4800,7.6524,6.8500,7.1272,1574425
2009-06-05,7.2200,7.7000,7.1700,7.6000,1283926
2009-05-29,6.6800,7.3200,6.6500,7.2500,981221
2009-05-22,6.4700,6.8800,6.4400,6.6800,1130396
2009-05-15,6.6000,6.6600,6.1000,6.3800,1192393
2009-05-08,6.6300,6.8200,6.5300,6.6500,973090
2009-05-01,6.1200,6.6500,6.1100,6.5600,997265
2009-04-24,5.9600,7.3800,5.7500,6.3000,1212826
2009-04-17,5.9900,6.2000,5.8000,6.0200,886726
2009-04-09,5.7400,5.9900,5.5300,5.9400,760357
2009-04-03,5.3400,5.7700,5.1600,5.7400,756657
2009-03-27,5.2700,5.6894,5.2400,5.5700,930568
2009-03-20,5.4300,5.4300,4.8200,5.1400,1116978
2009-03-13,4.1400,4.9900,4.0700,4.9100,1248153
2009-03-06,4.7300,4.8000,4.0600,4.3800,1539098
2009-02-27,5.3300,5.3400,4.7700,5.0300,1136818
2009-02-20,6.2700,6.2900,5.0700,5.3000,1274293
2009-02-13,6.4500,6.5900,6.2000,6.3200,1014335
2009-02-06,6.0600,6.4400,5.8300,6.4400,962782
2009-01-30,5.9100,6.3500,5.7500,6.1100,1147563
2009-01-23,6.0600,6.0600,5.6000,5.7800,680513
2009-01-16,6.3700,6.4400,5.4700,6.1100,1615915
2009-01-09,6.1700,6.4900,5.9500,6.3500,1285575
2009-01-02,5.4200,6.1000,5.2800,6.1000,1257360
2008-12-26,5.3700,5.5100,5.1300,5.5100,967327
2008-12-19,4.8900,5.4500,4.6500,5.3500,1364149
2008-12-12,4.8700,5.1900,4.6500,4.8600,1291538
2008-12-05,5.0000,5.0001,4.2600,4.7400,1046302
2008-11-28,4.3000,5.2000,4.3000,5.1600,671737
2008-11-21,5.5000,6.0700,3.5700,4.3900,1735252
2008-11-14,6.1900,6.2000,4.8500,5.6300,1221750
2008-11-07,6.2500,7.7100,5.8000,6.2000,744910
2008-10-31,5.5200,6.3500,5.2500,6.3500,929074
2008-10-24,6.5100,6.6000,5.5600,5.8100,906158
2008-10-17,4.9900,6.7100,4.9900,6.2100,1403547
2008-10-10,7.2000,7.3000,3.5800,4.5500,2703024
2008-10-03,8.4400,8.4400,7.0100,7.6100,984223
2008-09-26,8.9500,8.9930,8.1000,8.6200,1144042
2008-09-19,9.0800,9.5400,6.9400,8.9000,2516286
2008-09-12,10.4600,10.4600,9.3200,9.5000,835169
2008-09-05,10.7300,10.7746,10.0500,10.1600,546818
2008-08-29,10.6300,10.6900,10.3300,10.6300,810019
2008-08-22,10.6500,10.6500,10.2200,10.6400,719926
2008-08-15,10.8400,10.8900,10.4600,10.6400,548049
2008-08-08,11.1900,11.1900,10.7500,10.9200,455785
2008-08-01,10.9800,11.1500,10.6800,11.1400,574522
2008-07-25,10.9900,11.1500,10.7600,10.9600,546475
2008-07-18,10.7300,10.9000,9.5500,10.8400,1089580
2008-07-11,11.0400,11.0500,10.4100,10.6300,551561
2008-07-03,10.7100,11.1300,10.4100,10.9400,448116
2008-06-27,12.0900,12.1400,11.1500,11.1920,710262
2008-06-20,11.9900,12.3600,11.9200,12.2100,614664
2008-06-13,12.6000,12.6800,11.7800,12.1300,567412
2008-06-06,12.6600,13.4600,12.3700,12.6000,530276
2008-05-30,12.3600,12.7300,12.3000,12.6200,436567
2008-05-23,12.5200,13.0300,12.2900,12.3800,979047
2008-05-16,12.3600,12.5800,12.1900,12.5000,644277
2008-05-09,12.2900,12.3900,12.1100,12.2800,594282
2008-05-02,11.7800,12.3900,11.7100,12.3800,690683
2008-04-25,11.7200,11.9800,11.5000,11.8100,767445
2008-04-18,11.3100,12.0700,11.0400,11.7700,767244
2008-04-11,11.7100,11.9700,11.2500,11.2500,589278
2008-04-04,11.1400,11.7300,11.0200,11.6900,579212
2008-03-28,10.9800,11.5700,10.9600,11.1100,608068
2008-03-20,10.2000,11.0300,10.0700,10.8400,831340
2008-03-14,11.2500,11.3000,10.4100,10.6800,861975
2008-03-07,11.8300,11.9800,11.0600,11.3000,686988
2008-02-29,11.8200,12.2400,11.6377,11.8000,799148
2008-02-22,11.5400,11.8500,11.4000,11.6682,662820
2008-02-15,11.9500,12.3900,11.2600,11.4800,963020
2008-02-08,12.8500,12.9400,11.9200,12.1500,569959
2008-02-01,11.9900,12.8900,11.9300,12.8900,622136
2008-01-25,11.0800,12.2400,10.8500,12.0500,828266
2008-01-18,12.9700,13.0700,11.9100,12.0100,899723
2008-01-11,12.6900,13.1400,12.5200,12.9300,806010
2008-01-04,12.5900,13.1400,12.3900,12.7580,980924
2007-12-28,12.2000,12.8900,12.1900,12.6600,1421750
2007-12-21,12.6000,12.7600,11.9701,12.3200,2159763
2007-12-14,12.6900,12.9300,12.3200,12.5800,1795400
2007-12-07,12.6200,12.8300,12.1900,12.7100,1713607
2007-11-30,12.2900,12.9300,11.7100,12.7700,1682970
2007-11-23,12.2400,12.3600,11.7700,12.3000,1063400
2007-11-16,12.2100,12.7200,12.1300,12.2600,1118999
2007-11-09,12.9200,14.8800,12.0100,12.3900,1115000
2007-11-02,13.1200,13.2400,12.9100,12.9700,928300
2007-10-26,13.1400,13.4600,12.8500,13.0700,1031900
2007-10-19,13.3800,13.5000,13.0200,13.2900,834750
2007-10-12,13.6300,13.8200,13.2600,13.3800,634003
2007-10-05,13.2600,13.8700,13.1000,13.6200,839400
2007-09-28,13.7900,13.8700,13.1400,13.1900,949270
2007-09-21,13.2400,13.8000,12.9300,13.7700,699940
2007-09-14,13.8700,13.9200,13.0000,13.3400,566600
2007-09-07,13.7600,14.0800,13.6200,13.9700,468200
2007-08-31,13.6500,14.0900,12.9500,13.7200,529000
2007-08-24,13.3500,13.8900,13.0000,13.6600,455400
2007-08-17,13.9500,14.1000,11.0100,13.3500,1355000
2007-08-10,14.0500,14.3800,13.4000,13.8700,571800
2007-08-03,14.7500,14.7600,14.0000,14.1200,1142600
