timestamp,open,high,low,close,volume
2018-02-27,11.8200,11.8800,11.7200,11.8000,350630
2018-02-23,11.7700,11.8300,11.6800,11.7700,767237
2018-02-16,11.3100,11.7600,11.3000,11.7400,1006817
2018-02-09,11.8000,11.8150,10.6000,11.2900,2523142
2018-02-02,12.2700,12.2800,11.8000,11.8400,1077229
2018-01-26,12.1900,12.4200,12.1000,12.2500,1105879
2018-01-19,12.1800,12.1800,11.9800,12.1400,869366
2018-01-12,12.0000,12.1400,11.9400,12.1000,927888
2018-01-05,11.9100,12.0500,11.7980,12.0100,1050360
2017-12-29,11.9100,11.9400,11.7500,11.8500,949047
2017-12-22,11.9200,12.0000,11.8500,11.9300,899927
2017-12-15,11.8700,11.9400,11.7836,11.8800,1071597
2017-12-08,11.8900,11.9500,11.7600,11.9200,1349384
2017-12-01,11.9700,11.9700,11.7400,11.8700,909218
2017-11-24,11.7600,11.9500,11.7100,11.9300,528974
2017-11-17,11.7000,11.7700,11.4100,11.7400,998071
2017-11-10,11.9800,12.0700,11.5500,11.6600,1246950
2017-11-03,11.8900,12.0900,11.8900,11.9900,862316
2017-10-27,11.9500,12.0100,11.8100,11.8700,780001
2017-10-20,11.9200,11.9900,11.8800,11.9200,1140997
2017-10-13,12.0800,12.0800,11.7900,11.8900,1407693
2017-10-06,11.9400,12.0300,11.8300,12.0200,1832836
2017-09-29,11.8600,11.9700,11.7500,11.9000,960290
2017-09-22,11.7600,11.9200,11.7400,11.7900,902164
2017-09-15,11.8500,11.8500,11.6500,11.7200,1299828
2017-09-08,11.9900,11.9900,11.7800,11.8200,886584
2017-09-01,11.7700,11.9800,11.6100,11.9700,986627
2017-08-25,11.5800,11.8800,11.5500,11.7600,699374
2017-08-18,11.7000,11.9000,11.5700,11.5800,995298
2017-08-11,12.0400,12.0400,11.2800,11.6800,2052002
2017-08-04,12.1000,12.1500,11.9400,11.9700,1286140
2017-07-28,11.9900,12.1500,11.9000,12.1200,803165
2017-07-21,11.8100,12.0800,11.8100,12.0000,997081
2017-07-14,11.8500,11.8850,11.6500,11.8300,1468370
2017-07-07,11.9500,12.0000,11.7500,11.8000,930955
2017-06-30,11.7400,11.9300,11.6900,11.8400,992966
2017-06-23,11.9100,12.0200,11.6900,11.6900,1728560
2017-06-16,11.7600,11.9200,11.6400,11.8300,962830
2017-06-09,11.9700,12.1000,11.7400,11.7900,1097217
2017-06-02,11.7500,11.9800,11.7200,11.9000,815376
2017-05-26,11.4500,11.7800,11.4300,11.6900,1092262
2017-05-19,11.5000,11.6900,11.3000,11.4200,1404246
2017-05-12,11.6100,11.6700,11.4000,11.4700,1090384
2017-05-05,11.6500,11.7800,11.4996,11.6700,1398750
2017-04-28,11.5000,11.7300,11.4600,11.6500,1174373
2017-04-21,11.2500,11.4500,11.2450,11.4200,1105209
2017-04-13,11.2200,11.3400,11.1800,11.2400,1121521
2017-04-07,11.4100,11.4500,11.2100,11.2100,1257844
2017-03-31,11.1300,11.4300,11.0800,11.3900,1156233
2017-03-24,11.2600,11.3235,10.9950,11.1600,952711
2017-03-17,11.0500,11.2799,10.9200,11.2600,1164196
2017-03-10,11.4400,11.4483,10.8900,11.0100,1772628
2017-03-03,11.3700,11.4800,11.2600,11.4200,1676053
2017-02-24,11.3300,11.4000,11.2700,11.3400,884786
2017-02-17,11.2600,11.4200,11.2464,11.3000,1440781
2017-02-10,11.2200,11.3850,11.1500,11.2200,1515983
2017-02-03,11.1700,11.2500,11.0700,11.2000,1440452
2017-01-27,10.9300,11.2100,10.8500,11.2000,1085138
2017-01-20,10.9700,11.0300,10.8500,10.9300,922169
2017-01-13,10.8400,10.9800,10.7500,10.9800,736855
2017-01-06,10.5600,10.8800,10.5350,10.8300,873260
2016-12-30,10.6600,10.7500,10.4100,10.5500,1593672
2016-12-23,10.7200,10.7300,10.5600,10.6800,1731000
2016-12-16,10.4900,10.7200,10.3900,10.7000,1833886
2016-12-09,10.2800,10.5000,10.2800,10.4800,1369403
2016-12-02,10.4100,10.4700,10.2300,10.2700,1069824
2016-11-25,10.3600,10.5300,10.3500,10.4000,824879
2016-11-18,10.0100,10.4300,9.9110,10.3800,1120343
2016-11-11,10.1400,10.2700,9.9500,10.0200,1343194
2016-11-04,10.5400,10.5600,10.0500,10.0700,915029
2016-10-28,10.8700,10.9500,10.4970,10.5000,846437
2016-10-21,10.8900,10.9500,10.7000,10.8000,764816
2016-10-14,10.8600,10.9900,10.7500,10.8800,997737
2016-10-07,11.0000,11.3311,10.8200,10.8400,1409525
2016-09-30,11.0700,11.2100,10.9400,11.0100,858859
2016-09-23,11.0900,11.2300,10.9700,11.1000,699079
2016-09-16,10.7900,11.0900,10.6300,11.0700,1351313
2016-09-09,11.2600,11.3900,10.7800,10.8200,968183
2016-09-02,11.4500,11.4700,11.1300,11.2500,947962
2016-08-26,11.3200,11.4400,11.2500,11.4090,724962
2016-08-19,11.1900,11.4300,11.1500,11.3300,916136
2016-08-12,11.2300,11.2500,11.0300,11.1200,1114548
2016-08-05,11.4500,11.4600,11.1000,11.3000,852258
2016-07-29,11.3500,11.5000,11.2000,11.4400,1070396
2016-07-22,10.9100,11.3400,10.9100,11.3400,1062604
2016-07-15,10.9000,11.2200,10.8500,10.9200,1468707
2016-07-08,10.6500,10.9200,10.6450,10.9200,1130202
2016-07-01,10.2400,10.6801,10.1800,10.6400,1054803
2016-06-24,10.3800,10.6000,10.1902,10.3200,1186990
2016-06-17,10.3400,10.3800,10.1600,10.3650,1025377
2016-06-10,10.3900,10.5100,10.3000,10.3400,1151663
2016-06-03,10.3000,10.4300,10.2700,10.3900,805155
2016-05-27,10.0800,10.3300,10.0800,10.3100,977897
2016-05-20,10.1900,10.2800,10.1000,10.1000,957083
2016-05-13,10.0900,10.2000,10.0800,10.1600,832765
2016-05-06,10.3300,10.3800,10.1800,10.2100,1043108
2016-04-29,10.4100,10.5800,10.2600,10.2800,1143019
2016-04-22,10.2700,10.4600,10.2100,10.4600,1414134
2016-04-15,10.1600,10.5300,10.1201,10.3600,1059867
2016-04-08,10.3800,10.3800,10.1000,10.1500,783749
2016-04-01,10.1700,10.4300,10.0900,10.3400,786779
2016-03-24,10.3700,10.4400,10.1200,10.1300,648973
2016-03-18,10.0300,10.4300,9.9400,10.4000,1236320
2016-03-11,9.8400,10.0700,9.6500,10.0400,1292323
2016-03-04,9.4100,10.0000,9.3800,9.8300,1454567
2016-02-26,9.1600,9.4400,9.0100,9.4100,1065903
2016-02-19,8.9500,9.1600,8.8900,9.1000,1186540
2016-02-12,9.2400,9.2400,8.6350,8.8700,1647010
2016-02-05,9.4500,9.6100,9.2300,9.4300,1642388
2016-01-29,9.3900,9.5000,9.0900,9.4900,1482128
2016-01-22,9.3500,9.4000,8.6900,9.3800,1781973
2016-01-15,10.1200,10.1500,9.1100,9.2900,2341531
2016-01-08,10.5100,10.7403,10.0600,10.0700,1605529
2015-12-31,10.9400,11.0300,10.4700,10.5100,1738432
2015-12-24,10.4200,11.0500,10.3550,11.0200,2230777
2015-12-18,10.1100,10.5200,9.7900,10.4100,3203059
2015-12-11,10.8600,10.8700,10.1400,10.1700,2021737
2015-12-04,10.9200,11.0700,10.8400,10.9200,1141397
2015-11-27,10.9400,11.0000,10.7850,10.8900,624905
2015-11-20,10.9700,11.1150,10.8900,10.9000,1058231
2015-11-13,11.3700,11.3899,10.8798,10.9300,839888
2015-11-06,11.6400,11.7500,11.3100,11.3800,1141260
2015-10-30,11.6300,11.7200,11.4900,11.6100,859308
2015-10-23,11.4000,11.7100,11.3300,11.6100,884513
2015-10-16,11.3200,11.4600,11.1990,11.4000,1175418
2015-10-09,10.7100,11.3200,10.6700,11.3000,1426026
2015-10-02,11.2000,11.2000,10.5450,10.6500,1540928
2015-09-25,11.4300,11.5600,11.1225,11.1800,1028635
2015-09-18,10.9400,11.5000,10.7500,11.4800,1451765
2015-09-11,10.9800,11.1900,10.8900,10.9200,1432825
2015-09-04,11.4200,11.4600,10.9700,11.0300,1346373
2015-08-28,10.7500,11.5000,10.0100,11.4700,2036228
2015-08-21,11.8700,12.0000,11.4800,11.5100,1611905
2015-08-14,12.1500,12.2149,11.7500,11.9100,1269573
2015-08-07,12.3900,12.5000,12.1300,12.1300,1200436
2015-07-31,12.1300,12.3000,12.0100,12.2800,1976690
2015-07-24,13.2200,13.2286,12.1900,12.2300,1965833
2015-07-17,13.1800,13.3100,13.0400,13.2700,961034
2015-07-10,13.2600,13.5000,12.9900,13.0800,981226
2015-07-02,13.1900,13.5799,12.7600,13.3900,1428796
2015-06-26,14.1900,14.2500,13.3100,13.3200,980728
2015-06-19,14.0000,14.2400,13.9000,14.1600,828338
2015-06-12,14.3600,14.4200,13.9500,14.0400,733179
2015-06-05,14.4200,14.5500,14.2700,14.4700,701678
2015-05-29,14.2800,14.5500,14.1000,14.3500,616093
2015-05-22,14.3300,14.4400,14.2200,14.2300,711423
2015-05-15,14.2500,14.3600,14.0220,14.3600,795718
2015-05-08,14.2000,14.4500,14.1100,14.2600,805727
2015-05-01,14.4200,14.4700,14.1100,14.1800,736428
2015-04-24,14.5500,14.6600,14.2500,14.3700,965901
2015-04-17,14.5100,14.5800,14.3200,14.5200,688275
2015-04-10,14.1000,14.6000,14.0500,14.4700,1117704
2015-04-02,14.2400,14.3000,14.0500,14.1500,575451
2015-03-27,14.5000,14.5500,14.0000,14.1700,981904
2015-03-20,14.3300,14.5500,14.2400,14.5000,746290
2015-03-13,14.3600,14.4500,14.0700,14.2600,980789
2015-03-06,14.5000,14.8900,14.4400,14.5100,904982
2015-02-27,14.6800,14.9000,14.5600,14.5900,722913
2015-02-20,14.3300,14.8000,14.2500,14.6300,751706
2015-02-13,14.2400,14.5000,14.1500,14.4200,801772
2015-02-06,13.9900,14.5000,13.8500,14.2300,779336
2015-01-30,14.2400,14.2900,13.9500,13.9900,812176
2015-01-23,13.8300,14.2600,13.7000,14.2300,739587
2015-01-16,13.8300,13.9600,13.6700,13.8900,869455
2015-01-09,13.9000,13.9600,13.6500,13.7500,881133
2015-01-02,14.1500,14.1500,13.7100,13.9100,644603
2014-12-26,13.9400,14.2900,13.6400,14.2000,620852
2014-12-19,13.7400,13.9300,13.2200,13.8900,1015745
2014-12-12,14.2700,14.3300,13.6000,13.6500,1013542
2014-12-05,14.4700,14.5100,14.2300,14.3600,705681
2014-11-28,14.6500,14.6500,14.4000,14.4900,559848
2014-11-21,14.4700,14.5600,14.3200,14.5100,833763
2014-11-14,14.4800,14.6500,14.2600,14.4800,868242
2014-11-07,14.4600,14.7200,14.2900,14.4000,754780
2014-10-31,14.1600,14.6100,14.0700,14.4700,768544
2014-10-24,13.7000,14.2200,13.6000,14.2100,1008980
2014-10-17,13.6200,13.7900,12.5110,13.6900,2456116
2014-10-10,14.2600,14.2600,13.6500,13.7300,1103391
2014-10-03,14.1700,14.3900,14.0500,14.2600,1088351
2014-09-26,14.5200,14.5700,14.2400,14.2800,1001017
2014-09-19,14.3600,14.5400,14.2800,14.4900,1072109
2014-09-12,14.5200,14.5600,14.2800,14.3300,891136
2014-09-05,14.7700,14.7900,14.5500,14.6000,957094
2014-08-29,14.7800,14.9200,14.7200,14.7700,902006
2014-08-22,14.5000,14.8000,14.5000,14.7600,1125032
2014-08-15,14.3100,14.6500,14.2000,14.5500,972010
2014-08-08,14.0200,14.2800,13.3900,14.2700,1498870
2014-08-01,14.8200,14.8800,13.9400,14.0200,1723016
2014-07-25,14.5400,14.8700,14.5238,14.8200,682330
2014-07-18,14.6300,14.7800,14.4400,14.4900,955989
2014-07-11,15.0000,15.1300,14.6100,14.6600,1029547
2014-07-03,14.9700,15.0900,14.7100,15.0500,792814
2014-06-27,14.9400,15.0400,14.6500,14.9700,891131
2014-06-20,14.6300,14.9500,14.5300,14.9500,840195
2014-06-13,14.5300,16.6000,14.4801,14.6300,989225
2014-06-06,14.5100,14.5800,14.1700,14.5800,1275299
2014-05-30,14.4000,14.5700,14.3000,14.5100,908733
2014-05-23,14.2900,14.6200,14.0700,14.4000,1237394
2014-05-16,14.1400,14.3900,14.0700,14.2100,1261380
2014-05-09,14.0400,14.2500,13.9500,14.1800,1030065
2014-05-02,13.9400,14.1600,13.8700,13.9800,854772
2014-04-25,13.8000,13.9700,13.6600,13.8700,1165234
2014-04-17,13.7000,13.9950,13.6000,13.8100,1156491
2014-04-11,14.0000,14.0000,13.6000,13.6600,1305495
2014-04-04,13.5500,14.2500,13.4600,13.9900,1512210
2014-03-28,13.7200,13.7400,13.3800,13.4800,856407
2014-03-21,13.6200,13.8900,13.5600,13.6400,1095697
2014-03-14,13.7000,13.8600,13.4300,13.5500,1076866
2014-03-07,13.7900,13.9700,13.5500,13.7700,1061058
2014-02-28,13.6600,13.9000,13.6555,13.7900,1068204
2014-02-21,13.4700,13.6900,13.3801,13.6500,1030419
2014-02-14,13.0400,13.5000,13.0201,13.5000,991614
2014-02-07,13.1500,13.2400,12.8800,13.1000,723134
2014-01-31,13.1300,13.1500,12.8600,13.1000,794767
2014-01-24,13.1600,13.4000,13.0300,13.0900,642921
2014-01-17,13.1100,13.1800,12.8900,13.1600,766712
2014-01-10,13.1000,13.1800,12.8700,13.1800,946486
2014-01-03,12.9500,13.1000,12.7700,12.9900,734947
2013-12-27,13.1500,13.3500,12.8900,13.0000,628827
2013-12-20,12.7200,13.1100,12.6400,13.0500,1141424
2013-12-13,12.7300,12.8200,12.6000,12.6900,858069
2013-12-06,12.9700,12.9900,12.7000,12.7800,775185
2013-11-29,12.8100,13.0000,12.7700,13.0000,581611
2013-11-22,12.9700,12.9900,12.7500,12.8500,931946
2013-11-15,12.8500,12.9600,12.6500,12.9200,762070
2013-11-08,12.8800,12.9000,12.6700,12.8000,757824
2013-11-01,12.9000,12.9400,12.7200,12.8800,843065
2013-10-25,12.6300,12.9400,12.5704,12.9400,1066224
2013-10-18,12.3700,12.7200,12.2700,12.6300,967322
2013-10-11,12.3300,12.4400,12.1200,12.4000,750613
2013-10-04,12.4000,12.6000,12.2100,12.4200,1150954
2013-09-27,12.4500,12.5000,12.3700,12.4300,807768
2013-09-20,12.3200,12.5000,12.1700,12.4600,997611
2013-09-13,12.1800,12.2700,12.0600,12.2000,1019596
2013-09-06,12.1400,12.2700,12.0600,12.2000,1092896
2013-08-30,12.2300,12.3700,12.0100,12.1200,848397
2013-08-23,12.3300,12.3300,12.0100,12.2600,857410
2013-08-16,12.4200,12.5700,12.2600,12.2700,1084909
2013-08-09,12.7500,12.7500,12.3700,12.4900,821317
2013-08-02,12.6000,12.7200,12.3800,12.6900,847646
2013-07-26,12.5300,12.7900,12.5000,12.6400,710265
2013-07-19,12.4400,12.5600,12.3600,12.5400,798415
2013-07-12,11.9800,12.3900,11.9500,12.3800,1089509
2013-07-05,12.4600,12.6000,11.9800,12.0800,763135
2013-06-28,12.1700,12.4499,11.6900,12.3900,1456514
2013-06-21,12.5100,12.6700,12.1400,12.2800,1224599
2013-06-14,12.7400,12.7600,12.1700,12.5100,1247096
2013-06-07,12.8900,13.0000,12.5100,12.7500,2070673
2013-05-31,13.1400,13.1800,12.8300,12.8900,949145
2013-05-24,13.4000,13.4900,12.9800,13.0600,1146096
2013-05-17,13.2900,13.4700,13.2220,13.3800,1176715
2013-05-10,12.9700,13.3000,12.9600,13.2800,1154878
2013-05-03,12.8600,13.0900,12.8500,12.9900,984417
2013-04-26,12.6500,12.9100,12.5800,12.9100,903345
2013-04-19,12.7000,12.7000,12.5200,12.6500,977730
2013-04-12,12.6100,12.7200,12.5300,12.7000,1072593
2013-04-05,12.7900,12.8300,12.4300,12.6400,1067776
2013-03-28,12.7300,12.8400,12.6600,12.8100,784436
2013-03-22,12.5700,12.7700,12.5000,12.7400,1216053
2013-03-15,12.6600,12.7400,12.6000,12.6800,854587
2013-03-08,12.5500,12.7300,12.4328,12.6850,981767
2013-03-01,12.4800,12.5900,12.3500,12.5400,1118826
2013-02-22,12.6200,12.6900,12.4100,12.5100,863018
2013-02-15,12.6800,12.7000,12.5300,12.6300,1144404
2013-02-08,12.7800,12.8000,12.5800,12.6500,1106070
2013-02-01,12.7800,12.8200,12.6400,12.7800,992506
2013-01-25,12.7500,12.8900,12.7200,12.8100,805947
2013-01-18,12.6400,12.7800,12.6300,12.7600,973102
2013-01-11,12.4800,12.7300,12.4800,12.7000,1232491
2013-01-04,11.9700,12.5900,11.9700,12.5300,928288
2012-12-28,12.0500,12.2000,11.9500,11.9900,764952
2012-12-21,12.0800,12.2400,12.0300,12.1000,1163230
2012-12-14,12.0200,12.1300,11.9800,12.0800,1143042
2012-12-07,12.2100,12.2900,11.9500,12.0800,820535
2012-11-30,12.2100,12.3400,12.1000,12.2600,795558
2012-11-23,11.9500,12.2600,11.9300,12.2200,657839
2012-11-16,12.1200,12.1500,11.5200,11.9400,1823303
2012-11-09,12.5000,12.5300,12.1100,12.1300,1006010
2012-11-02,12.4600,12.5500,12.3900,12.5100,404898
2012-10-26,12.4900,12.5700,12.4199,12.5000,835775
2012-10-19,12.4000,12.5800,12.3300,12.5300,929867
2012-10-12,12.6100,12.6800,12.2900,12.4000,1135626
2012-10-05,12.5900,12.6799,12.5400,12.6500,1260461
2012-09-28,12.7500,12.8000,12.5400,12.6600,882833
2012-09-21,12.6500,12.8500,12.6000,12.7700,777775
2012-09-14,12.6200,12.7500,12.5500,12.6500,864516
2012-09-07,12.7300,12.7300,12.5200,12.5600,613657
2012-08-31,12.6300,12.7600,12.5300,12.7200,666270
2012-08-24,12.8400,12.8401,12.5200,12.5900,847316
2012-08-17,12.7600,12.9100,12.6900,12.8500,610100
2012-08-10,12.8800,12.9000,12.6200,12.7800,684895
2012-08-03,12.7300,12.8700,12.6500,12.8000,928819
2012-07-27,12.4700,12.7390,12.4000,12.7300,710038
2012-07-20,12.6600,12.6800,12.4000,12.4800,719067
2012-07-13,12.4400,12.6300,12.3700,12.5800,596340
2012-07-06,12.5400,12.7500,12.3000,12.4900,429463
2012-06-29,12.3000,12.6000,12.2400,12.5700,922057
2012-06-22,11.9700,12.3000,11.9500,12.3000,847065
2012-06-15,11.8900,11.9900,11.7500,11.9800,721140
2012-06-08,11.7100,11.9200,11.6600,11.8700,919511
2012-06-01,12.0200,12.0700,11.7000,11.7500,458973
2012-05-25,11.6500,12.0500,11.6500,11.9700,795677
2012-05-18,12.2200,12.2900,11.6400,11.6800,1228027
2012-05-11,12.3800,12.4500,12.1400,12.3100,900794
2012-05-04,12.6300,12.6500,12.3100,12.3700,999983
2012-04-27,12.2700,12.6400,12.2300,12.6400,753779
2012-04-20,12.5500,12.9000,12.3000,12.3600,915279
2012-04-13,12.3500,12.5600,12.1300,12.5000,893464
2012-04-05,12.7500,12.7800,12.4400,12.5100,688441
2012-03-30,12.5600,12.7600,12.4200,12.7600,793415
2012-03-23,12.6300,12.7068,12.4900,12.5300,786604
2012-03-16,12.5800,12.8100,12.5100,12.6400,895450
2012-03-09,12.8200,12.8200,12.3600,12.6100,1404233
2012-03-02,12.9200,12.9300,12.6400,12.9200,1168202
2012-02-24,12.6900,12.9700,12.6400,12.9600,806085
2012-02-17,12.5700,12.8100,12.5300,12.7200,1105388
2012-02-10,12.8600,12.8800,12.5300,12.5900,1688205
2012-02-03,12.3600,12.9200,12.3300,12.8900,1283711
2012-01-27,12.3800,12.5000,12.3100,12.3800,1193919
2012-01-20,12.2700,12.4000,12.1700,12.4000,707319
2012-01-13,12.1400,12.3500,12.0300,12.2900,1238340
2012-01-06,11.8500,12.1500,11.6800,12.1100,1182818
2011-12-30,11.7800,11.9000,11.3600,11.5600,921356
2011-12-23,11.6100,11.8500,11.4500,11.8500,930443
2011-12-16,11.5000,11.6400,11.3700,11.5800,940780
2011-12-09,11.5200,11.7500,11.5100,11.6200,965327
2011-12-02,11.3600,11.5400,11.2600,11.4700,847479
2011-11-25,11.3400,11.4100,11.0600,11.2100,534625
2011-11-18,11.7000,11.7200,11.3900,11.4400,1046099
2011-11-11,11.8300,12.0800,11.6100,11.6800,890105
2011-11-04,11.9100,12.0500,11.6600,11.8700,797649
2011-10-28,11.5500,12.1200,11.5400,12.0800,1130074
2011-10-21,11.5100,11.7200,11.3100,11.5500,745889
2011-10-14,10.8700,11.5400,10.8600,11.5200,1018780
2011-10-07,11.0200,11.0900,10.3200,10.8000,1501661
2011-09-30,11.2000,11.3700,11.0000,11.1000,997287
2011-09-23,11.5700,11.7700,11.0000,11.1600,1070524
2011-09-16,11.4500,11.8000,11.4100,11.7700,670824
2011-09-09,11.3900,12.1200,11.3900,11.5200,826368
2011-09-02,11.7200,12.0200,11.6100,11.7500,1084392
2011-08-26,11.4000,11.6100,11.1200,11.5700,937123
2011-08-19,11.7200,11.9400,11.1500,11.3000,1299949
2011-08-12,11.4500,11.6000,10.6800,11.5600,3604816
2011-08-05,12.6200,12.7500,11.3000,11.8300,2087122
2011-07-29,12.9900,13.0000,12.0700,12.4500,1660723
2011-07-22,12.7700,13.1200,12.6900,13.1000,696454
2011-07-15,12.9100,13.0400,12.7300,12.8500,813136
2011-07-08,13.0100,13.1840,12.9500,13.0400,578591
2011-07-01,12.8800,13.1100,12.7500,13.0900,734829
2011-06-24,12.7100,13.0500,12.7000,12.9900,731308
2011-06-17,12.8700,12.8900,12.4100,12.7900,1182101
2011-06-10,13.4200,13.4900,12.7100,12.8600,1119355
2011-06-03,13.6200,13.6700,13.4500,13.5100,584256
2011-05-27,13.5200,13.6500,13.4810,13.5900,606226
2011-05-20,13.5900,13.6200,13.4800,13.5500,619052
2011-05-13,13.4600,13.6400,13.4100,13.6200,678771
2011-05-06,13.7900,13.8000,13.2500,13.5200,822224
2011-04-29,13.6300,13.7600,13.5900,13.7300,738566
2011-04-21,13.4100,13.7300,13.3700,13.7000,608505
2011-04-15,13.6100,13.6300,13.3400,13.4400,864863
2011-04-08,13.5600,13.7500,13.5200,13.6400,818259
2011-04-01,13.6200,13.6800,13.5200,13.6000,809676
2011-03-25,13.4800,13.7500,13.3600,13.6200,1033228
2011-03-18,13.3200,13.4200,12.9300,13.3500,844502
2011-03-11,13.7200,13.7400,13.1200,13.3600,1115758
2011-03-04,13.4500,13.8399,13.3600,13.7200,1266700
2011-02-25,13.3900,13.4600,13.2000,13.4400,745782
2011-02-18,13.3300,13.5500,13.2400,13.5100,1009978
2011-02-11,13.1300,13.3400,13.0300,13.3400,945848
2011-02-04,12.9900,13.1600,12.9500,13.1300,687312
2011-01-28,12.7300,13.0200,12.7200,12.9420,884976
2011-01-21,12.7900,12.8000,12.6300,12.7700,642835
2011-01-14,12.5000,12.7700,12.4000,12.7700,996252
2011-01-07,12.6300,12.6900,12.4100,12.4800,1806474
2010-12-31,12.6300,12.7100,12.5100,12.6600,709794
2010-12-23,12.3000,12.5800,12.2830,12.5600,764226
2010-12-17,12.7700,12.7812,11.9900,12.3600,2133891
2010-12-10,12.8400,13.0300,12.6700,12.8200,889542
2010-12-03,13.0800,13.1700,12.7600,12.9200,775114
2010-11-26,12.9400,13.1200,12.8500,13.1100,671605
2010-11-19,13.1300,13.1700,12.4500,13.0100,1283450
2010-11-12,13.3500,13.5200,13.1496,13.1600,908890
2010-11-05,13.2400,13.5800,13.1100,13.4400,1539149
2010-10-29,13.0800,13.2500,13.0600,13.1900,775409
2010-10-22,12.9700,13.1000,12.8800,13.1000,838812
2010-10-15,12.9700,13.0900,12.8900,12.9600,885848
2010-10-08,12.8900,12.9800,12.8500,12.9600,872538
2010-10-01,12.8400,12.9500,12.7100,12.9000,885017
2010-09-24,12.7400,12.9500,12.7100,12.7900,1025261
2010-09-17,12.4700,12.7400,12.4100,12.7400,956746
2010-09-10,12.4000,12.4900,12.3100,12.4700,975249
2010-09-03,12.4500,12.5522,12.3700,12.4600,1047260
2010-08-27,12.6000,12.6400,12.3500,12.5100,1062172
2010-08-20,12.3500,12.6000,12.3500,12.5600,794605
2010-08-13,12.6900,12.7500,12.1900,12.4800,1054074
2010-08-06,12.6900,12.7500,12.6000,12.6800,865466
2010-07-30,12.4100,12.7200,12.4100,12.5850,968525
2010-07-23,12.1900,12.4200,12.0100,12.4200,742831
2010-07-16,12.1600,12.2200,12.0400,12.1500,631544
2010-07-09,11.9700,12.1300,11.9000,12.1100,709209
2010-07-02,12.1500,12.1800,11.7500,11.9200,939375
2010-06-25,12.0700,12.1300,11.8400,12.0800,964451
2010-06-18,11.6000,12.0200,11.5400,11.9600,940458
2010-06-11,11.5700,11.5900,11.2000,11.5600,729781
2010-06-04,11.6400,11.7700,11.4600,11.5000,830277
2010-05-28,11.4000,11.8399,11.0900,11.7500,1236787
2010-05-21,12.2000,12.2200,11.1100,11.5000,2121871
2010-05-14,12.0100,12.4900,11.9810,12.1400,1133461
2010-05-07,13.0100,13.0600,10.0900,11.6600,2660918
2010-04-30,12.9000,13.0600,12.8300,12.9800,946515
2010-04-23,12.6300,12.9500,12.6200,12.9100,1165025
2010-04-16,12.7300,12.7850,12.6100,12.6600,1282979
2010-04-09,12.6700,12.7300,12.5000,12.6300,1439418
2010-04-01,12.2100,12.4000,12.1500,12.3200,589088
2010-03-26,12.0800,12.3900,12.0200,12.1500,929972
2010-03-19,12.1600,12.3900,11.9400,12.1680,1332261
2010-03-12,12.1900,12.2400,12.0500,12.1100,1082619
2010-03-05,11.8600,12.1900,11.8200,12.1900,1093820
2010-02-26,11.6100,11.8000,11.5900,11.7900,776359
2010-02-19,11.3500,11.6400,11.2900,11.5600,770573
2010-02-12,11.1800,11.3400,11.0800,11.2700,801175
2010-02-05,11.6500,11.7900,10.6800,11.1800,1432710
2010-01-29,11.7300,11.8000,11.3700,11.5300,1042381
2010-01-22,12.1400,12.2100,11.6300,11.7500,662914
2010-01-15,12.1400,12.2100,11.9700,12.1000,725903
2010-01-08,11.6500,12.1400,11.5300,12.1200,1088050
2009-12-31,11.7500,11.7900,11.4800,11.5425,556556
2009-12-24,11.4500,11.7800,11.4460,11.7500,589629
2009-12-18,11.5400,11.5500,11.3600,11.4200,1131633
2009-12-11,11.3000,11.5400,11.2500,11.5000,1218224
2009-12-04,11.1500,11.5297,11.0400,11.3000,942993
2009-11-27,11.3300,11.4300,10.9700,11.1900,845544
2009-11-20,11.7400,11.7500,11.2200,11.2700,1044929
2009-11-13,11.6200,11.7000,11.3900,11.6300,771998
2009-11-06,11.0800,11.6000,11.0200,11.5800,837538
2009-10-30,11.8600,11.9000,10.9500,11.0100,1160125
2009-10-23,11.5600,11.8800,11.5100,11.7600,722562
2009-10-16,11.4900,11.7500,11.2500,11.5400,1073645
2009-10-09,11.2200,11.6700,11.2200,11.4500,744644
2009-10-02,11.3800,11.6900,11.0500,11.2100,836137
2009-09-25,11.3600,11.6100,11.1200,11.2949,881576
2009-09-18,11.0700,11.7700,11.0300,11.4000,903026
2009-09-11,11.1100,11.2100,11.0100,11.1000,541454
2009-09-04,11.0300,11.1300,10.6000,11.1300,894117
2009-08-28,10.9500,11.3000,10.9500,11.0200,957005
2009-08-21,10.6000,10.9700,10.4500,10.9500,893674
2009-08-14,11.1000,11.2600,10.8800,11.0000,737682
2009-08-07,10.9600,11.3570,10.8100,11.0690,883977
2009-07-31,10.9500,11.2100,10.4000,10.9200,1062418
2009-07-24,10.5000,10.9500,10.4200,10.9500,705472
2009-07-17,9.6500,10.5000,9.6300,10.4700,907226
2009-07-10,9.9500,9.9900,8.9600,9.5500,1155806
2009-07-02,10.1500,10.3500,9.8200,9.9300,598557
2009-06-26,10.5400,10.5400,9.7100,10.0600,1095963
2009-06-19,10.7100,10.7100,10.0400,10.6000,835640
2009-06-12,10.5700,10.8800,10.4200,10.6700,763624
2009-06-05,10.6100,10.8480,10.4900,10.8000,1094287
2009-05-29,10.2400,10.4900,10.1500,10.4600,1006054
2009-05-22,9.4200,10.3000,9.4200,10.1400,1373047
2009-05-15,9.6000,9.8500,8.8100,9.3900,1288564
2009-05-08,9.2400,9.7500,9.2400,9.7100,1249184
2009-05-01,8.9900,9.2900,8.9000,9.2900,1030880
2009-04-24,9.0100,9.1500,8.7500,9.0200,1129397
2009-04-17,8.7600,9.1100,8.5300,9.0900,975062
2009-04-09,8.3900,8.9500,8.2400,8.9500,686502
2009-04-03,8.0000,8.5780,8.0000,8.4300,565024
2009-03-27,8.0900,8.5100,7.9900,8.4600,958101
2009-03-20,8.2600,8.3000,7.7500,7.8840,945911
2009-03-13,6.3000,7.9900,6.2200,7.9700,2112660
2009-03-06,7.7000,7.7994,6.4100,6.6200,2751695
2009-02-27,7.6300,8.3700,7.2000,8.1100,2072180
2009-02-20,8.5100,8.5100,7.1400,7.4760,1929710
2009-02-13,8.8700,9.1700,8.4660,8.7400,1556242
2009-02-06,8.9800,9.0900,8.7600,8.9540,894391
2009-01-30,8.9700,9.2000,8.6700,8.9900,1012329
2009-01-23,8.8100,9.2900,8.4600,8.8500,1769287
2009-01-16,9.4000,9.4300,7.6600,8.8400,1837621
2009-01-09,8.8500,9.4800,8.6000,9.3100,2137829
2009-01-02,8.1300,8.8360,7.8000,8.7600,1098352
2008-12-26,7.6500,8.2000,7.6365,8.1600,1201687
2008-12-19,6.5000,7.7900,6.2900,7.5300,2195953
2008-12-12,7.4900,7.4900,6.5000,6.7600,1379939
2008-12-05,6.9900,7.0900,6.2700,6.6300,1103788
2008-11-28,5.9000,7.0000,5.9000,6.8900,1009933
2008-11-21,6.9500,7.4900,5.1000,5.9200,2477393
2008-11-14,9.1900,9.1900,6.7000,6.9600,1382416
2008-11-07,9.0200,9.4700,8.5000,8.7500,1475145
2008-10-31,8.3200,9.1422,8.0600,8.7400,1037233
2008-10-24,8.7100,9.0400,8.1800,8.4000,1171707
2008-10-17,8.1900,9.1500,7.1700,8.7300,3011635
2008-10-10,9.5000,9.5400,6.5000,7.5500,3711575
2008-10-03,10.0200,10.5600,8.7000,9.6900,1496058
2008-09-26,11.4800,11.4800,9.7600,10.4200,1303935
2008-09-19,11.2700,11.6000,8.6200,11.2000,2574573
2008-09-12,12.7700,12.9600,11.8400,11.9300,759400
2008-09-05,13.1900,13.2900,12.5100,12.6000,567146
2008-08-29,12.8700,13.4000,12.7060,13.1100,498921
2008-08-22,13.0700,13.1100,12.7600,13.0300,445206
2008-08-15,12.8300,13.2500,12.5600,13.0600,618102
2008-08-08,13.3800,13.3800,12.6600,12.7700,583567
2008-08-01,12.7500,13.2000,12.6100,13.1300,484446
2008-07-25,12.7700,13.2000,12.5100,12.7400,842407
2008-07-18,12.1500,12.6700,10.8900,12.5100,1440020
2008-07-11,12.8100,12.9300,12.0300,12.1800,826452
2008-07-03,12.9200,13.4200,12.7700,12.8900,464396
2008-06-27,13.9400,13.9500,12.7200,12.9500,741515
2008-06-20,14.2300,14.2300,13.6700,13.7600,493203
2008-06-13,14.6900,14.6900,13.8700,14.0900,506885
2008-06-06,14.3300,14.7500,14.3100,14.5000,580805
2008-05-30,14.2500,14.6500,14.1000,14.3100,529606
2008-05-23,14.0800,14.4460,14.0100,14.1700,614013
2008-05-16,14.0900,14.1500,13.8200,14.0800,535600
2008-05-09,14.2200,14.3100,13.9000,14.0800,506876
2008-05-02,14.2300,14.4100,13.9100,14.2200,671349
2008-04-25,13.5500,14.3300,13.5500,14.1700,652465
2008-04-18,13.0900,13.6800,12.5000,13.5500,670238
2008-04-11,13.3000,13.6000,12.8200,12.9000,621018
2008-04-04,12.4000,13.4000,12.4000,13.2600,690130
2008-03-28,12.3400,13.2000,12.3188,12.4000,861835
2008-03-20,11.8300,12.4000,11.4400,12.2300,1311649
2008-03-14,13.3100,13.3100,12.1700,12.3200,1000555
2008-03-07,13.6500,13.8600,13.0200,13.3600,888537
2008-02-29,13.5900,14.0000,13.5001,13.7000,745244
2008-02-22,13.5500,13.6700,12.9100,13.6200,723613
2008-02-15,14.5000,14.5800,12.9200,13.2800,1177306
2008-02-08,14.5500,14.7699,14.2700,14.4100,765572
2008-02-01,14.1700,14.5200,13.9672,14.4300,764567
2008-01-25,12.8200,14.1800,12.5400,14.0900,939022
2008-01-18,13.9500,14.2500,13.3300,13.4400,1068671
2008-01-11,13.7000,14.1000,13.4000,13.9700,1152307
2008-01-04,13.0800,13.8000,12.8560,13.6400,1293323
2007-12-28,13.0100,13.6376,12.8600,13.0200,1583975
2007-12-21,13.1800,13.1900,12.6500,12.9000,2121541
2007-12-14,13.8000,13.8500,13.1100,13.1900,1388600
2007-12-07,13.4600,13.9600,13.3700,13.7600,1215467
2007-11-30,12.9400,13.6200,12.3700,13.6000,1610227
2007-11-23,13.5000,13.5000,12.6300,12.9400,766445
2007-11-16,13.0900,13.8000,13.0400,13.3100,1014260
2007-11-09,14.0000,14.1300,13.0300,13.2000,1310625
2007-11-02,14.8600,15.0000,14.0000,14.1300,704700
2007-10-26,14.9100,15.0500,14.6100,14.8700,671400
2007-10-19,15.2800,15.3500,14.7500,14.9900,783000
2007-10-12,15.4900,15.5800,15.2400,15.2700,494800
2007-10-05,15.4000,15.5500,15.2400,15.4400,572549
2007-09-28,15.1000,15.4900,14.9500,15.3400,708500
2007-09-21,14.3100,15.1600,14.1500,15.0000,913200
2007-09-14,14.9500,15.0200,14.2300,14.3100,756400
2007-09-07,14.5000,15.0000,14.4100,14.9200,783800
2007-08-31,14.4800,14.6000,14.0800,14.3200,799500
2007-08-24,14.8000,14.9100,14.3100,14.5100,1012100
2007-08-17,14.0800,14.8400,10.8100,14.6500,3438500
2007-08-10,15.1000,15.2500,14.0000,14.0600,1251600
2007-08-03,15.1000,15.4400,14.7300,15.2500,764800
2007-07-27,15.3000,15.3400,14.0900,15.0700,2221700
2007-07-20,15.7800,15.9100,15.1300,15.3400,1265200
2007-07-13,16.4600,16.4900,15.7500,15.8876,768200
2007-07-06,16.2500,16.5000,16.2100,16.4600,321600
2007-06-29,16.0200,16.3500,15.5200,16.2600,1172600
2007-06-22,16.4100,16.4800,16.0200,16.0600,845000
2007-06-15,16.5100,16.8500,16.3100,16.4100,852900
2007-06-08,17.1600,17.2800,16.1600,16.6000,854700
2007-06-01,17.0600,17.3800,17.0500,17.2500,487200
2007-05-25,17.1500,17.2500,16.9600,17.1300,634538
2007-05-18,17.1400,17.2000,17.1100,17.1700,476600
2007-05-11,17.2100,17.2600,17.0800,17.1400,466360
2007-05-04,17.0100,17.2500,16.9300,17.1800,462400
2007-04-27,16.9500,17.1400,16.8600,17.0100,505900
2007-04-20,17.0500,17.1500,16.8700,16.9500,541500
2007-04-13,17.1000,17.1500,16.7900,17.0400,552300
2007-04-05,16.9200,17.1600,16.9000,17.1000,350000
2007-03-30,16.9800,17.0400,16.7900,16.9400,555800
2007-03-23,16.3800,17.0200,16.3800,16.9800,654200
2007-03-16,16.6300,16.6700,16.2400,16.3500,590600
2007-03-09,16.6800,16.8400,16.4800,16.6300,666900
2007-03-02,17.0400,17.0800,16.7000,16.7600,649422
2007-02-23,17.1000,17.1000,16.8500,17.0100,656500
2007-02-16,17.1800,17.1998,16.8800,17.0800,724663
2007-02-09,17.4500,17.5100,17.0901,17.2000,667900
2007-02-02,17.2700,17.4700,17.2500,17.4000,539400
2007-01-26,17.2800,17.3900,17.2200,17.3400,743300
2007-01-19,17.0200,17.2600,16.9600,17.2600,434000
2007-01-12,17.0000,17.3000,16.9000,17.0300,664700
2007-01-05,17.2500,17.4800,16.8100,17.0000,512800
2006-12-29,17.0400,17.3500,17.0100,17.3000,303900
2006-12-22,17.0200,17.2500,17.0000,17.0900,535200
2006-12-15,16.9500,17.1800,16.9000,17.0400,554800
2006-12-08,17.0400,17.1099,16.9000,16.9100,558800
2006-12-01,16.8500,17.2500,16.8500,17.1300,510800
2006-11-24,16.8500,17.0700,16.7900,16.9000,447800
2006-11-17,16.8900,16.9000,16.5500,16.8600,730700
2006-11-10,16.7300,17.0400,16.7000,16.8300,642000
2006-11-03,17.0700,17.0800,16.7100,16.7800,626200
2006-10-27,17.0100,17.2500,16.9300,17.0700,722400
2006-10-20,16.9700,17.0800,16.8200,17.0000,576000
2006-10-13,17.0000,17.7500,16.8000,16.9300,619100
2006-10-06,16.8900,16.9000,16.6000,16.8500,628900
2006-09-29,16.6100,16.8900,16.5600,16.8899,612600
2006-09-22,16.7000,16.8800,16.5300,16.5500,695000
2006-09-15,16.4000,16.7300,16.3100,16.6800,680200
2006-09-08,16.6800,16.6900,16.2500,16.3400,553700
2006-09-01,16.4500,16.7200,16.3700,16.6600,638500
2006-08-25,16.5100,16.5300,16.3100,16.4600,682000
2006-08-18,16.2600,16.4600,16.1300,16.4600,700600
2006-08-11,16.3800,16.4100,16.1000,16.2300,755700
2006-08-04,16.0900,16.3300,16.0600,16.3200,691800
2006-07-28,16.0000,16.1500,16.0000,16.0900,627600
2006-07-21,15.9400,16.1000,15.8000,16.0200,649400
2006-07-14,16.1100,16.1100,15.9000,16.0000,784800
2006-07-07,16.0400,16.1100,16.0300,16.1000,400500
2006-06-30,16.0400,16.0500,15.8500,15.9900,797400
2006-06-23,16.0000,16.1000,16.0000,16.0000,1007200
2006-06-16,16.6900,16.7300,15.9900,16.0200,2050800
2006-06-09,16.9200,16.9300,16.5000,16.6500,731600
2006-06-02,16.4500,16.8799,16.4100,16.8200,488300
2006-05-26,16.2000,16.5000,16.1700,16.4500,672800
2006-05-19,16.0200,16.1700,15.8900,16.1400,637400
2006-05-12,16.0900,16.3500,16.0000,16.0500,491900
2006-05-05,16.0200,16.1200,15.9100,16.1000,384700
2006-04-28,15.9200,16.0600,15.8400,16.0200,360600
2006-04-21,16.0000,16.0500,15.6600,15.9700,603300
2006-04-13,16.3200,16.3500,16.0100,16.0100,293800
2006-04-07,16.2600,16.4700,16.2600,16.3200,404000
2006-03-31,16.4100,16.5000,16.3000,16.3700,407700
2006-03-24,16.4400,16.6200,16.2700,16.3600,559000
2006-03-17,16.2800,16.5400,16.2400,16.4800,508700
2006-03-10,16.4300,16.5200,16.1600,16.2300,372300
2006-03-03,16.4700,16.5300,16.3101,16.4000,397200
2006-02-24,16.1000,16.4500,16.0600,16.4500,407000
2006-02-17,16.1800,16.2400,16.0600,16.1800,443700
2006-02-10,16.2500,16.3200,16.0600,16.1300,480200
2006-02-03,16.2300,16.2300,15.8600,16.2200,534200
2006-01-27,16.1200,16.5000,16.0600,16.1600,508600
2006-01-20,16.2500,16.2900,16.0000,16.1500,368500
2006-01-13,16.0200,16.2300,15.8810,16.1800,493300
2006-01-06,15.7400,16.1400,15.6100,15.9700,444700
2005-12-30,15.9300,16.0700,15.6000,15.7000,381800
2005-12-23,15.6500,16.0400,15.4000,16.0300,625700
2005-12-16,15.9400,16.0400,15.6600,15.6600,533500
2005-12-09,15.9000,15.9900,15.5500,15.8500,595900
2005-12-02,15.4800,15.9300,15.4800,15.9100,513600
2005-11-25,15.5900,15.6700,15.4600,15.5200,394000
2005-11-18,16.0300,16.0599,15.4500,15.6300,600600
2005-11-11,15.8000,16.1500,15.7400,16.1300,516500
2005-11-04,15.6000,15.8500,15.4100,15.7700,486600
2005-10-28,15.6400,15.8400,15.6200,15.6900,406900
2005-10-21,15.5000,15.7800,15.4500,15.7400,441200
2005-10-14,16.2500,16.3100,14.9100,15.5100,710500
2005-10-07,16.3300,16.5500,16.1200,16.1500,343700
2005-09-30,16.2800,16.4300,16.0000,16.3900,544700
2005-09-23,16.5000,16.6400,16.1500,16.2400,515800
2005-09-16,16.7200,16.7800,16.3800,16.4900,425000
2005-09-09,16.5500,16.7800,16.5500,16.7400,321500
2005-09-02,16.3500,16.7000,16.3200,16.6200,402600
2005-08-26,16.2200,16.4700,16.1745,16.4200,431900
2005-08-19,16.3700,16.4000,16.1500,16.1700,507100
2005-08-12,16.4000,16.7300,16.3900,16.4000,474900
2005-08-05,16.7600,16.7800,16.3500,16.3700,578800
2005-07-29,16.5900,16.7300,16.3900,16.7300,501200
2005-07-22,16.5800,16.6400,16.4500,16.5900,617900
2005-07-15,16.7500,16.8500,16.4500,16.5600,595600
2005-07-08,16.5000,16.8400,16.4700,16.7600,514600
2005-07-01,16.4000,16.5000,16.2300,16.4760,584800
2005-06-24,16.1700,16.4500,16.1300,16.3410,786000
2005-06-17,16.0900,16.1700,15.9000,16.1700,531000
2005-06-10,16.0700,16.2700,16.0600,16.2000,505800
2005-06-03,16.0300,16.1500,15.9000,16.1090,441600
2005-05-27,15.7000,16.0400,15.6700,16.0300,634600
2005-05-20,15.4400,15.7000,15.2000,15.6900,671000
2005-05-13,15.6900,15.7800,15.4800,15.4800,457600
2005-05-06,15.2600,15.8900,15.2500,15.6700,552100
2005-04-29,15.2900,15.5400,15.1900,15.2700,567000
2005-04-22,14.7100,15.2900,14.6200,15.2400,674200
2005-04-15,15.4700,15.4800,14.7000,14.7500,696100
2005-04-08,15.1500,15.5100,15.1400,15.4000,595900
2005-04-01,14.8700,15.3900,14.7500,15.1500,730900
2005-03-24,15.0500,15.1300,14.5200,14.9900,916100
2005-03-18,15.5400,15.6000,14.9000,15.1300,1335700
2005-03-11,16.1800,16.2900,15.4100,15.5100,992200
2005-03-04,16.1500,16.2400,16.0600,16.1800,661000
2005-02-25,15.8000,16.2300,15.4300,16.1500,871100
2005-02-18,16.7900,16.8300,15.9000,15.9600,791100
2005-02-11,16.8200,17.0000,16.7200,16.7800,570700
2005-02-04,16.3400,16.8500,16.3400,16.8200,493400
2005-01-28,16.5200,16.5300,16.2100,16.4100,662400
2005-01-21,16.6200,16.6500,16.4200,16.4500,504400
2005-01-14,16.7500,16.8200,16.6000,16.6700,472500
2005-01-07,17.2100,17.2700,16.6500,16.7500,722400
2004-12-31,17.0700,17.2600,16.9200,17.1800,462400
2004-12-23,16.8900,17.0600,16.7820,17.0400,464900
2004-12-17,16.7400,16.7900,16.4000,16.7700,818600
2004-12-10,16.8400,17.0000,16.6600,16.7400,672100
2004-12-03,16.9100,16.9100,16.5700,16.8500,741800
2004-11-26,16.7700,16.9300,16.7000,16.8900,534600
2004-11-19,16.6900,16.9700,16.5300,16.7700,807300
2004-11-12,16.5800,16.5900,15.9000,16.5900,983000
2004-11-05,16.8000,17.1200,16.5000,16.5800,962300
2004-10-29,16.5400,16.8200,16.4100,16.7400,673100
2004-10-22,16.5300,16.5700,16.3800,16.5200,614000
2004-10-15,16.4800,16.6200,16.3500,16.5300,612800
2004-10-08,16.2900,16.5400,16.2200,16.5100,610100
2004-10-01,16.2900,16.3400,16.1000,16.2600,660700
2004-09-24,16.3000,16.4400,16.1700,16.2600,847300
2004-09-17,16.4000,16.4100,16.0100,16.2700,721500
2004-09-10,16.3300,16.4700,16.1300,16.4400,602700
2004-09-03,16.2600,16.3300,16.1200,16.3000,682100
2004-08-27,16.0600,16.2400,15.8500,16.1300,699400
2004-08-20,15.8100,16.1000,15.7700,16.0500,715200
2004-08-13,16.0300,16.0400,15.6100,15.8000,673100
2004-08-06,15.9000,16.0800,15.8200,15.9700,644400
2004-07-30,15.7400,15.9000,15.5200,15.9000,505400
2004-07-23,15.8900,15.8900,15.5100,15.6400,533800
2004-07-16,15.6900,15.8400,15.6200,15.7400,588100
2004-07-09,15.5700,15.8000,15.4800,15.6700,504700
2004-07-02,15.1900,15.6500,15.1100,15.6300,528700
2004-06-25,15.2400,15.3900,15.0400,15.1700,683300
2004-06-18,15.3500,15.3600,15.0600,15.2200,799400
2004-06-10,15.1500,15.4700,15.0400,15.3800,682100
2004-06-04,15.2700,15.3500,14.9000,15.1300,560200
2004-05-28,15.0800,15.3900,14.8100,15.2700,717200
2004-05-21,14.8500,15.0800,14.6500,15.0200,796600
2004-05-14,14.3500,14.8900,13.3800,14.7500,1192800
2004-05-07,15.3000,15.3300,14.2500,14.3000,1123100
2004-04-30,15.1800,15.4400,14.8000,15.1500,1152200
2004-04-23,15.6400,15.7500,14.8500,15.0800,1032800
2004-04-16,16.4200,16.5700,15.2800,15.4900,1166100
2004-04-08,16.7000,16.7000,16.0300,16.4200,620800
2004-04-02,16.5000,16.8200,16.3000,16.6900,904100
2004-03-26,16.1500,16.4100,15.9000,16.4000,943900
2004-03-19,16.4600,16.4600,16.0100,16.1700,934700
2004-03-12,16.4400,16.4900,16.0000,16.4000,855600
2004-03-05,16.4500,16.4700,15.8000,16.3500,1099000
2004-02-27,16.0500,16.4100,14.8900,16.3500,1872900
2004-02-20,16.9000,16.9100,15.7600,16.0500,1267700
2004-02-13,17.0900,17.1500,16.7500,16.7800,999200
2004-02-06,16.9800,17.1400,16.8500,17.0500,1035500
2004-01-30,17.2000,17.2100,16.7500,16.9800,1201900
2004-01-23,16.9400,17.3400,16.8200,17.0600,927600
2004-01-16,16.8600,17.3000,16.7700,16.9400,1065900
2004-01-09,16.4100,16.9500,16.4000,16.7600,1051100
2004-01-02,16.9200,17.2000,16.4600,16.5100,632200
2003-12-26,16.6500,17.0700,16.6000,16.9500,608200
2003-12-19,16.7000,16.9000,16.3000,16.6500,1004200
2003-12-12,16.7500,17.0000,16.3000,16.5900,1065800
2003-12-05,16.5000,16.6800,16.2100,16.5500,978700
2003-11-28,15.9300,16.5700,15.7500,16.4000,606000
2003-11-21,16.2000,16.3000,15.6800,15.9000,1168200
2003-11-14,16.1000,16.3800,15.9200,16.2100,1088400
2003-11-07,16.0000,16.1800,15.7600,16.0400,922700
2003-10-31,15.8500,16.0800,15.7100,16.0000,966200
2003-10-24,15.9500,15.9500,15.5000,15.6700,948100
2003-10-17,15.6600,15.8900,15.4500,15.8300,1014900
2003-10-10,15.4000,15.6900,15.3200,15.6200,847100
2003-10-03,15.1000,15.4500,15.0100,15.4200,734600
2003-09-26,15.1100,15.1100,14.8700,15.0900,775000
2003-09-19,15.1500,15.2400,14.9600,15.0800,781900
2003-09-12,15.0200,15.2500,14.9000,15.2500,866700
2003-09-05,14.9400,15.0200,14.8500,15.0000,599600
2003-08-29,14.8100,14.9400,14.4500,14.8700,671700
2003-08-22,14.9600,14.9800,14.7000,14.8700,655300
2003-08-15,15.0000,15.0500,14.6600,14.9000,858200
2003-08-08,15.0000,15.0600,14.1500,15.0000,816600
2003-08-01,15.1000,15.1500,14.8500,15.0400,696000
2003-07-25,15.2500,15.2500,14.8500,15.1300,725900
2003-07-18,15.4400,15.4500,15.1200,15.2900,975600
2003-07-11,15.3000,15.4200,15.1600,15.4000,770500
2003-07-03,15.3000,15.3500,15.1500,15.3000,469600
2003-06-27,15.5300,15.5300,15.0600,15.3400,964800
2003-06-20,15.5900,15.6000,15.3700,15.5000,1163900
2003-06-13,15.5000,15.6500,15.3500,15.5400,1181100
2003-06-06,15.6300,15.7500,15.2000,15.5000,1565300
