timestamp,open,high,low,close,volume
2018-02-27,4.1500,5.1400,4.1500,4.7400,277566
2018-02-23,4.0100,4.3100,3.9300,4.2600,90706
2018-02-16,3.8620,4.1400,3.6500,3.9340,86885
2018-02-09,4.2000,4.2000,3.5900,3.8500,256534
2018-02-02,4.2800,4.4100,4.0010,4.2200,199709
2018-01-26,4.1500,4.3790,4.1000,4.3000,206566
2018-01-19,4.1700,4.4600,4.0200,4.1100,259323
2018-01-12,3.7001,4.1001,3.7001,4.0800,175420
2018-01-05,3.5400,4.1200,3.5398,3.9000,382448
2017-12-29,3.3100,3.6000,3.2500,3.5100,212521
2017-12-22,3.3900,3.4899,3.2500,3.3400,325896
2017-12-15,3.6700,3.6700,3.2500,3.4500,130291
2017-12-08,3.4200,3.9300,3.0400,3.7000,399340
2017-12-01,3.6000,3.7100,3.4100,3.4300,308349
2017-11-24,3.6100,3.7800,3.1800,3.5800,280754
2017-11-17,2.9500,3.5500,2.9100,3.5000,403415
2017-11-10,2.9500,3.1800,2.8800,3.0100,173432
2017-11-03,3.2000,3.2200,2.6300,2.9200,402577
2017-10-27,3.3300,3.4400,3.0600,3.2100,161638
2017-10-20,3.6300,3.7200,3.2800,3.3500,182245
2017-10-13,3.6000,3.7100,3.5600,3.6700,171022
2017-10-06,3.6600,3.8100,3.4500,3.6300,524424
2017-09-29,3.8000,3.8700,3.5800,3.5800,199284
2017-09-22,3.8900,3.9400,3.7100,3.8000,189852
2017-09-15,3.9500,4.0900,3.6300,3.8000,290901
2017-09-08,4.1200,4.1700,3.8400,3.9900,175154
2017-09-01,4.2500,4.2900,3.9300,3.9700,147563
2017-08-25,4.2600,4.3200,4.1100,4.2400,82253
2017-08-18,3.9000,4.3500,3.9000,4.2800,103158
2017-08-11,3.9600,4.0500,3.8000,4.0000,180868
2017-08-04,4.0900,4.2000,3.9500,4.0000,145940
2017-07-28,4.0900,4.2800,3.9300,4.1000,166507
2017-07-21,4.1200,4.4400,4.0000,4.0800,118132
2017-07-14,4.2600,4.3000,3.9300,4.1000,141676
2017-07-07,4.6300,4.7100,4.2500,4.3200,126218
2017-06-30,4.4700,4.8500,4.3700,4.6500,227125
2017-06-23,4.5000,4.6300,4.1200,4.5000,158088
2017-06-16,4.7700,4.9700,4.4400,4.5100,127835
2017-06-09,4.7000,4.8800,4.4100,4.8100,48044
2017-06-02,4.4500,4.7600,4.4000,4.7600,100007
2017-05-26,4.8500,4.8500,4.4600,4.4900,137391
2017-05-19,4.9800,5.5400,4.8200,4.9100,274623
2017-05-12,5.1500,5.3600,4.7600,4.9800,174138
2017-05-05,4.8300,5.1500,4.7000,5.1400,96035
2017-04-28,4.5300,4.9900,4.5300,4.8500,158962
2017-04-21,4.2300,4.7100,4.2200,4.5300,122641
2017-04-13,4.6200,4.7700,4.1000,4.2700,186967
2017-04-07,5.0400,5.1000,4.5000,4.6900,165869
2017-03-31,4.3000,5.2000,4.2300,5.0300,324399
2017-03-24,5.5000,5.7300,4.2800,4.4000,866319
2017-03-17,5.0000,7.7900,4.8800,5.7300,192328
2017-03-10,5.0600,5.3100,4.9200,5.0500,159289
2017-03-03,5.1500,5.3500,4.6000,5.1600,197026
2017-02-24,5.1500,5.9400,4.8200,5.0500,1035097
2017-02-17,5.6300,5.6900,5.0600,5.2300,380631
2017-02-10,4.4900,5.8900,4.4900,5.5200,246070
2017-02-03,4.4900,4.8900,4.1000,4.5600,188931
2017-01-27,3.5500,4.4999,3.5500,4.4999,207399
2017-01-20,3.9200,3.9852,3.4500,3.6200,111229
2017-01-13,3.3800,3.9800,3.2300,3.8874,145887
2017-01-06,2.8500,3.4799,2.8500,3.2800,176630
2016-12-30,2.9000,3.0000,2.6500,2.8300,270195
2016-12-23,3.3100,3.4900,2.8500,2.9300,268753
2016-12-16,3.6700,3.7400,3.1800,3.3300,154293
2016-12-09,3.6000,3.8400,3.6000,3.7289,179936
2016-12-02,4.0600,4.1000,3.5600,3.5600,65973
2016-11-25,4.1900,4.2000,3.8000,4.0500,39422
2016-11-18,3.4200,4.5999,3.3600,4.1500,212675
2016-11-11,3.5300,3.9700,3.3500,3.3700,321487
2016-11-04,4.1600,4.3000,3.2643,3.4400,174635
2016-10-28,4.2500,4.3689,4.1000,4.1500,63175
2016-10-21,4.3000,4.3700,4.0000,4.2500,100569
2016-10-14,4.7200,4.7800,4.2800,4.3100,267335
2016-10-07,4.7040,5.0000,4.3500,4.6600,222539
2016-09-30,4.8500,5.0000,4.6200,4.6400,111516
2016-09-23,4.8200,4.9099,4.6100,4.8800,174615
2016-09-16,4.7800,5.1400,4.2240,5.0200,328462
2016-09-09,4.7700,4.9900,4.7600,4.7900,76550
2016-09-02,5.0200,5.1500,4.8000,4.9200,89422
2016-08-26,5.4600,5.5300,4.8700,4.9600,126504
2016-08-19,6.1200,6.3480,5.3900,5.4500,163854
2016-08-12,6.2400,6.3900,5.8800,6.1500,177034
2016-08-05,5.4800,6.5000,5.4800,6.2500,318354
2016-07-29,0.5700,6.0000,0.5050,5.5400,898935
2016-07-22,0.5850,0.6400,0.5215,0.5479,379595
2016-07-15,0.5600,0.6090,0.5250,0.5850,374927
2016-07-08,0.6495,0.6499,0.5300,0.5700,561948
2016-07-01,0.5400,0.6500,0.4920,0.6300,1305580
2016-06-24,0.5153,0.6290,0.4500,0.5450,1134344
2016-06-17,0.5300,0.5600,0.5000,0.5006,456311
2016-06-10,0.5420,0.5601,0.5300,0.5300,501162
2016-06-03,0.5300,0.5680,0.5100,0.5400,960453
2016-05-27,0.5800,0.6099,0.5400,0.5400,458928
2016-05-20,0.6100,0.6496,0.5301,0.5701,739564
2016-05-13,0.6590,0.7500,0.5720,0.6100,1716021
2016-05-06,0.7100,0.7500,0.6600,0.7049,1003793
2016-04-29,0.6800,0.7200,0.6600,0.6900,461707
2016-04-22,0.7100,0.7800,0.6800,0.6816,810434
2016-04-15,0.6800,0.7150,0.6350,0.6693,524121
2016-04-08,0.7300,0.7800,0.6800,0.7000,463859
2016-04-01,0.7800,0.8000,0.7301,0.7372,441875
2016-03-24,0.8200,0.8680,0.7301,0.7900,619136
2016-03-18,1.0400,1.3300,0.7300,0.8100,4648290
2016-03-11,0.5800,0.8501,0.5702,0.8301,1119786
2016-03-04,0.5581,0.6200,0.5486,0.5800,448114
2016-02-26,0.6090,0.6325,0.5400,0.5900,359390
2016-02-19,0.5000,0.6400,0.5000,0.6105,628503
2016-02-12,0.5500,0.5600,0.4500,0.5000,510925
2016-02-05,0.5500,0.5900,0.4950,0.5500,464245
2016-01-29,0.6400,0.6610,0.4900,0.5501,935565
2016-01-22,0.6500,0.6950,0.5500,0.6325,698852
2016-01-15,0.5400,0.6599,0.4800,0.6500,1545871
2016-01-08,1.0500,1.0900,0.4010,0.5200,5417406
2015-12-31,1.1600,1.1700,1.0500,1.0800,1173260
2015-12-24,1.0800,1.1700,1.0500,1.1600,1136922
2015-12-18,1.0500,1.1200,1.0100,1.0700,1803791
2015-12-11,1.2400,1.2400,1.0400,1.0600,2141889
2015-12-04,1.2900,1.3500,1.1600,1.1700,2263771
2015-11-27,1.2000,1.3800,1.1450,1.2600,978797
2015-11-20,1.1300,1.2400,1.1200,1.2000,869821
2015-11-13,1.4000,1.4000,1.1200,1.1200,1287269
2015-11-06,1.1500,1.5000,1.1500,1.3400,1909939
2015-10-30,1.1900,1.2700,1.0700,1.2400,1991599
2015-10-23,1.4000,1.4000,1.1700,1.2100,1147957
2015-10-16,1.4200,1.4500,1.3300,1.3700,674030
2015-10-09,1.5100,1.5600,1.3000,1.3800,1191608
2015-10-02,1.6100,1.6600,1.4500,1.4800,991062
2015-09-25,1.8000,1.9200,1.6100,1.6300,1175943
2015-09-18,1.9600,1.9700,1.7500,1.7900,980408
2015-09-11,1.7300,2.0300,1.7000,1.9700,1601798
2015-09-04,1.4600,1.7535,1.4300,1.7200,1393946
2015-08-28,1.2500,1.4800,1.1500,1.4400,965763
2015-08-21,1.4000,1.5100,1.2700,1.3300,1121874
2015-08-14,1.1700,1.6000,1.1200,1.4000,2587201
2015-08-07,1.6700,1.7500,1.1000,1.1500,2648825
2015-07-31,1.8200,1.9000,1.6300,1.6500,1085756
2015-07-24,1.9200,1.9400,1.8200,1.8300,956996
2015-07-17,1.9600,2.0302,1.8500,1.9000,1671673
2015-07-10,1.8300,1.9900,1.8100,1.8900,1186950
2015-07-02,1.8400,1.9900,1.8000,1.8500,915303
2015-06-26,1.9900,2.1200,1.8200,1.8700,6174664
2015-06-19,2.1500,2.1500,1.8200,2.0000,3744472
2015-06-12,2.3000,2.3500,2.0700,2.1300,2506709
2015-06-05,2.1500,2.4299,2.0900,2.2500,5506353
2015-05-29,2.8800,2.8999,2.0300,2.1300,10795577
2015-05-22,2.3900,3.4700,2.2501,2.8800,10307732
2015-05-15,2.3700,2.4300,2.2500,2.3800,1450069
2015-05-08,2.7800,2.9000,2.1500,2.3600,2541317
2015-05-01,2.9700,3.0850,2.7800,2.7900,1531165
2015-04-24,2.9300,3.1200,2.7000,2.9100,2122372
2015-04-17,2.9500,3.0000,2.8000,2.8300,1341546
2015-04-10,2.7200,3.1400,2.6600,2.9800,2130318
2015-04-02,2.7600,2.9400,2.3400,2.7100,2782183
2015-03-27,3.1500,3.3500,2.6700,2.7700,2737100
2015-03-20,4.2400,4.2499,3.1300,3.1700,3267810
2015-03-13,3.7900,4.1800,3.7500,4.0300,1962506
2015-03-06,3.7300,4.1500,3.7300,3.7900,1264522
2015-02-27,4.1000,4.1000,3.7200,3.7600,877985
2015-02-20,3.8300,4.2600,3.7300,4.0700,1016201
2015-02-13,3.5200,3.8800,3.4100,3.7800,947595
2015-02-06,3.5300,3.6310,3.4400,3.5100,715968
2015-01-30,3.6000,3.7500,3.4400,3.5400,784647
2015-01-23,3.7500,3.7500,3.4200,3.5800,708879
2015-01-16,4.0300,4.1500,3.4500,3.6500,2492472
2015-01-09,3.6900,4.0300,3.4500,3.8800,1578749
2015-01-02,3.4500,4.0960,3.4500,3.7300,1715235
2014-12-26,3.3300,3.4400,3.2000,3.3900,894316
2014-12-19,3.5800,3.6000,3.1200,3.3400,1668196
2014-12-12,3.7900,3.7900,3.0800,3.5800,2233443
2014-12-05,3.9200,4.0547,3.6000,3.7500,1734239
2014-11-28,4.0000,4.1800,3.7500,3.9400,1837959
2014-11-21,6.8800,7.2200,3.5600,4.0400,11345416
2014-11-14,4.9000,6.4600,4.8600,6.1700,2408438
2014-11-07,5.1400,5.2199,4.6300,4.8500,1141648
2014-10-31,5.3200,5.3400,5.0200,5.1300,684308
2014-10-24,5.3500,5.5000,5.0900,5.3200,669037
2014-10-17,5.0400,5.4800,4.9700,5.3300,856165
2014-10-10,5.4700,5.7000,4.9700,4.9800,789027
2014-10-03,5.9100,6.1800,5.0900,5.2000,1166231
2014-09-26,5.2400,5.9500,5.1800,5.8900,854090
2014-09-19,5.6000,5.6000,5.1000,5.2400,1042541
2014-09-12,5.5600,5.7500,5.4100,5.6000,567093
2014-09-05,5.7900,5.9300,5.5000,5.5800,809580
2014-08-29,5.7500,5.9300,5.6500,5.7500,614619
2014-08-22,5.9800,6.0500,5.6200,5.7800,716000
2014-08-15,6.0500,6.1300,5.6200,5.9500,901632
2014-08-08,6.1200,6.5500,5.8200,5.9800,1077182
2014-08-01,6.2500,6.3300,6.0000,6.2100,783722
2014-07-25,5.9700,6.3200,5.8960,6.1700,850104
2014-07-18,6.0100,6.2000,5.6500,5.8800,773757
2014-07-11,6.3900,6.4500,5.6200,6.0100,1374303
2014-07-03,6.6300,6.7410,6.3300,6.3800,1041229
2014-06-27,6.8800,6.9100,6.3000,6.6200,4200489
2014-06-20,7.0000,7.0964,6.4600,6.6800,1402753
2014-06-13,6.8900,7.2300,6.7000,6.9700,1565309
2014-06-06,6.8200,6.9700,6.5000,6.8600,1074901
2014-05-30,6.3100,7.0001,6.3000,6.8100,1320576
2014-05-23,5.3000,6.2400,5.2900,6.2300,1424707
2014-05-16,5.0400,5.4800,4.9000,5.3000,1162320
2014-05-09,6.0200,6.2900,4.5600,4.9200,2082571
2014-05-02,6.5400,6.6200,5.5700,6.0800,1408511
2014-04-25,6.4600,6.9900,6.4600,6.4700,1244899
2014-04-17,6.7600,6.9900,6.2700,6.4600,1230717
2014-04-11,7.0200,7.1100,6.3001,6.4000,1371641
2014-04-04,6.9600,7.3900,6.6600,6.9400,1307836
2014-03-28,7.2500,7.5000,6.2300,6.9700,2083018
2014-03-21,7.5500,7.6700,7.1000,7.1500,1176184
2014-03-14,7.2500,7.9800,7.0300,7.4900,2564745
2014-03-07,6.9500,7.2500,6.9000,7.1600,1569773
2014-02-28,7.0000,7.4500,6.8500,7.0000,1530556
2014-02-21,6.9700,7.1000,6.8800,6.9900,739272
2014-02-14,7.2000,7.4501,6.8699,6.9000,1156148
2014-02-07,7.2700,7.3900,6.8500,7.1800,1154112
2014-01-31,7.2900,7.5000,6.6700,7.2600,1782309
2014-01-24,6.9500,7.9084,6.9200,7.3400,1724451
2014-01-17,7.0300,7.1700,6.8000,6.9100,1352527
2014-01-10,8.1900,8.2900,6.8901,7.1400,2953053
2014-01-03,6.9700,8.2900,6.7600,8.0800,2279816
2013-12-27,6.2800,7.2800,6.2000,6.9600,1524559
2013-12-20,6.1300,6.2400,5.9900,6.2400,1268936
2013-12-13,6.4000,6.5010,6.0600,6.1900,913595
2013-12-06,6.4100,6.5700,6.1000,6.3500,1073268
2013-11-29,6.2300,6.4400,6.0900,6.4000,646069
2013-11-22,6.2500,6.4800,5.9800,6.0800,1117090
2013-11-15,6.5000,6.5000,6.0900,6.2200,1206095
2013-11-08,6.1300,6.9800,6.0800,6.5000,1252813
2013-11-01,6.7000,6.7400,6.0800,6.2100,1681096
2013-10-25,7.0500,7.1100,6.7000,6.7500,1490744
2013-10-18,6.9200,7.2200,6.8500,7.0400,1230882
2013-10-11,7.1000,7.1500,6.6700,6.9800,2433026
2013-10-04,8.7000,8.9200,7.0000,7.0900,2571826
2013-09-27,8.9900,9.1000,8.5000,8.7800,1113773
2013-09-20,9.8900,9.8900,7.8800,9.0100,3050437
2013-09-13,8.0500,9.8900,7.9342,9.2500,3243470
2013-09-06,7.5000,8.0900,7.3000,7.7500,1286751
2013-08-30,7.6700,7.7299,7.2600,7.4150,649249
2013-08-23,7.2800,7.8300,7.2800,7.6900,1157268
2013-08-16,6.8500,7.5900,6.8500,7.1100,1055883
2013-08-09,6.8100,8.2300,6.8100,6.9000,1558696
2013-08-02,7.4600,7.4800,6.5000,6.7000,1372977
2013-07-26,7.2000,8.9000,6.7100,7.4100,4278454
2013-07-19,0.6000,6.6700,0.5425,6.6500,4504209
2013-07-12,0.5700,0.6400,0.5200,0.5300,13440853
2013-07-05,0.5700,0.5710,0.5502,0.5700,2056049
2013-06-28,0.5270,0.5670,0.5126,0.5550,4036751
2013-06-21,0.5400,0.5490,0.5090,0.5090,2735726
2013-06-14,0.5600,0.5600,0.5315,0.5400,1663653
2013-06-07,0.5879,0.5879,0.5400,0.5450,2521613
2013-05-31,0.6000,0.6000,0.5600,0.5600,2395614
2013-05-24,0.5500,0.5999,0.5500,0.5900,2461861
2013-05-17,0.5770,0.6175,0.5630,0.5900,5598636
2013-05-10,0.5800,0.5900,0.5210,0.5600,3969325
2013-05-03,0.6498,0.6499,0.5000,0.5665,22788749
2013-04-26,0.6400,0.6650,0.6232,0.6400,3177548
2013-04-19,0.6500,0.6870,0.6250,0.6250,2295072
2013-04-12,0.6800,0.7000,0.6250,0.6550,4968785
2013-04-05,0.6700,0.6975,0.6000,0.6781,5067305
2013-03-28,0.6495,0.6992,0.6200,0.6800,3731726
2013-03-22,0.6400,0.6600,0.6100,0.6600,3811519
2013-03-15,0.6000,0.6490,0.5923,0.6350,3573917
2013-03-08,0.6200,0.6200,0.5031,0.6000,7174851
2013-03-01,0.6300,0.6300,0.5950,0.6050,1891628
2013-02-22,0.6500,0.6500,0.5800,0.6100,2690008
2013-02-15,0.6500,0.6500,0.6200,0.6200,2375240
2013-02-08,0.6850,0.6850,0.6410,0.6500,2529374
2013-02-01,0.6100,0.6800,0.6100,0.6600,3352879
2013-01-25,0.6200,0.6400,0.6033,0.6100,2313157
2013-01-18,0.6200,0.6445,0.5701,0.6200,3486625
2013-01-11,0.6700,0.7000,0.6131,0.6200,6193624
2013-01-04,0.5900,0.6700,0.5900,0.6575,3109592
2012-12-28,0.6130,0.6200,0.6000,0.6000,1770818
2012-12-21,0.6500,0.6500,0.6050,0.6100,3006896
2012-12-14,0.6400,0.6650,0.6020,0.6303,3085157
2012-12-07,0.6310,0.6700,0.6200,0.6305,2335272
2012-11-30,0.6430,0.6950,0.6300,0.6300,3184959
2012-11-23,0.6600,0.6884,0.6300,0.6500,1876649
2012-11-16,0.6250,0.6900,0.6000,0.6600,3458812
2012-11-09,0.6500,0.6900,0.6100,0.6155,2955637
2012-11-02,0.6600,0.6875,0.6100,0.6383,2047441
2012-10-26,0.7299,0.7300,0.6500,0.6650,7510402
2012-10-19,0.7400,0.7400,0.6855,0.7150,3651112
2012-10-12,0.7800,0.7800,0.6906,0.7050,7737311
2012-10-05,0.6999,0.7700,0.6600,0.6890,10771551
2012-09-28,0.7010,0.7300,0.6830,0.6900,4257126
2012-09-21,0.7300,0.7400,0.6700,0.7097,4375189
2012-09-14,0.7400,0.7490,0.6531,0.6970,6410595
2012-09-07,0.6200,0.7300,0.5836,0.7101,4384131
2012-08-31,0.5836,0.6500,0.5836,0.6200,2790815
2012-08-24,0.6300,0.6600,0.5650,0.6180,4872216
2012-08-17,0.7000,0.7400,0.6500,0.6500,4075115
2012-08-10,0.7900,0.8000,0.6466,0.7220,7125584
2012-08-03,0.7200,0.8435,0.7000,0.8000,7277906
2012-07-27,0.6900,0.7700,0.6500,0.7100,4543084
2012-07-20,0.6900,0.7200,0.6533,0.6700,5788327
2012-07-13,0.6300,0.7500,0.5950,0.6849,11993490
2012-07-06,0.5000,0.5797,0.4900,0.5640,4755946
2012-06-29,0.4495,0.5006,0.4119,0.4901,2920173
2012-06-22,0.5400,0.5400,0.4100,0.4197,9284655
2012-06-15,0.4400,0.6100,0.4351,0.4600,9200856
2012-06-08,0.4246,0.4400,0.4002,0.4290,2762206
2012-06-01,0.3900,0.4495,0.3803,0.4192,5227078
2012-05-25,0.3740,0.3900,0.3529,0.3720,3570074
2012-05-18,0.3700,0.3800,0.3400,0.3549,4756661
2012-05-11,0.3900,0.4338,0.3500,0.3700,8294111
2012-05-04,0.3680,0.4000,0.3600,0.3854,7384584
2012-04-27,0.3660,0.3700,0.3306,0.3600,5426174
2012-04-20,0.3390,0.3500,0.3100,0.3400,3700412
2012-04-13,0.3490,0.3600,0.3050,0.3252,2452473
2012-04-05,0.3895,0.3895,0.3000,0.3401,2637097
2012-03-30,0.5500,0.5900,0.3650,0.3775,6988502
2012-03-23,0.6500,0.6500,0.5325,0.5900,902683
2012-03-16,0.6013,0.6300,0.5560,0.6100,1223404
2012-03-09,0.5501,0.6027,0.5300,0.6000,2052892
2012-03-02,0.7493,0.7493,0.5501,0.5602,1770821
2012-02-24,0.6700,0.6815,0.6096,0.6150,962628
2012-02-17,0.7490,0.9000,0.6300,0.6521,1518470
2012-02-10,0.6700,0.7600,0.6525,0.6805,2017322
2012-02-03,0.6400,0.6700,0.6000,0.6700,1805088
2012-01-27,0.7210,0.8190,0.6197,0.6300,2973618
2012-01-20,0.6500,0.7900,0.5499,0.7400,3138247
2012-01-13,0.5250,0.5800,0.5044,0.5599,1645644
2012-01-06,0.5300,0.5300,0.4913,0.5230,921088
2011-12-30,0.5500,0.5500,0.4645,0.5070,1813365
2011-12-23,0.5900,0.5901,0.5200,0.5527,1146575
2011-12-16,0.5845,0.6200,0.5500,0.5500,1477797
2011-12-09,0.5592,0.6300,0.5500,0.5986,1961575
2011-12-02,0.5300,0.5506,0.4303,0.5500,2001324
2011-11-25,0.6200,0.6200,0.5100,0.5100,1000796
2011-11-18,0.6350,0.6890,0.5700,0.5800,1669577
2011-11-11,0.6700,0.6900,0.6100,0.6200,1673148
2011-11-04,0.6700,0.7000,0.6150,0.6565,1541717
2011-10-28,0.6500,0.7100,0.6100,0.7000,1887895
2011-10-21,0.6700,0.6900,0.6115,0.6513,1274531
2011-10-14,0.6700,0.7340,0.6499,0.6793,1037346
2011-10-07,0.6500,0.7500,0.5701,0.6600,1701975
2011-09-30,0.5600,0.7300,0.5500,0.6500,2501073
2011-09-23,0.6695,0.6700,0.5700,0.5700,1254257
2011-09-16,0.6800,0.7000,0.6201,0.6600,1658180
2011-09-09,0.6600,0.7305,0.6356,0.6496,667697
2011-09-02,0.6710,0.9600,0.6700,0.6800,1988860
2011-08-26,0.6800,0.7099,0.6101,0.6695,1604395
2011-08-19,0.6700,0.8290,0.6500,0.6600,3591376
2011-08-12,0.6200,0.6700,0.6000,0.6350,2445634
2011-08-05,0.8700,0.9000,0.6500,0.6652,3405044
2011-07-29,1.0500,1.0501,0.7900,0.8500,5057894
2011-07-22,1.4200,1.4500,0.9500,1.0500,9600723
2011-07-15,1.5300,1.5500,1.3500,1.4100,876319
2011-07-08,1.4400,1.5400,1.4000,1.5300,515122
2011-07-01,1.6900,1.6900,1.3700,1.4300,990338
2011-06-24,1.4400,1.7600,1.3600,1.7200,1317673
2011-06-17,1.4000,1.5000,1.3700,1.4400,995791
2011-06-10,1.5900,1.6300,1.3100,1.4000,904247
2011-06-03,1.6400,1.7600,1.5900,1.5900,1236140
2011-05-27,1.6000,1.6800,1.5200,1.6000,928248
2011-05-20,1.6400,1.7900,1.6000,1.6200,1415211
2011-05-13,1.7500,1.7800,1.5829,1.6700,1180075
2011-05-06,1.9700,2.0200,1.6000,1.7400,2073058
2011-04-29,1.9000,1.9800,1.8200,1.9800,1406310
2011-04-21,2.0000,2.0500,1.9000,1.9100,1209510
2011-04-15,1.8300,2.0800,1.8200,2.0100,2402392
2011-04-08,1.7900,1.9500,1.6900,1.8000,2208429
2011-04-01,1.6800,1.7600,1.6200,1.7200,1126944
2011-03-25,1.7300,1.7300,1.5800,1.6500,1379649
2011-03-18,1.6700,1.6700,1.4600,1.6300,1201537
2011-03-11,1.5700,2.1000,1.5200,1.6300,3566671
2011-03-04,1.3000,1.6800,1.2800,1.4900,1625065
2011-02-25,1.4000,1.4000,1.1410,1.2800,1089657
2011-02-18,1.3900,1.5000,1.3800,1.3900,545908
2011-02-11,1.5200,1.5200,1.3400,1.3700,599682
2011-02-04,1.4100,1.4800,1.3800,1.3900,929580
2011-01-28,1.4400,1.6100,1.4000,1.4000,872492
2011-01-21,1.5500,1.6000,1.4200,1.4300,618539
2011-01-14,1.5400,1.5500,1.4200,1.5100,1151491
2011-01-07,1.4000,1.5000,1.3900,1.4600,876547
2010-12-31,1.3900,1.5000,1.3600,1.4100,927274
2010-12-23,1.3700,1.5000,1.3200,1.4100,1295176
2010-12-17,1.4900,1.6500,1.3600,1.3800,1673301
2010-12-10,1.5600,1.7500,1.4500,1.4600,2577667
2010-12-03,1.3400,1.5100,1.2800,1.5100,1439610
2010-11-26,1.3900,1.5500,1.3200,1.3500,676035
2010-11-19,1.9400,1.9400,1.1000,1.3900,2948911
2010-11-12,1.8600,1.9300,1.8300,1.8700,378338
2010-11-05,1.8900,2.1200,1.8500,1.8500,1103806
2010-10-29,1.9600,2.0000,1.7900,1.8800,1040125
2010-10-22,1.9000,2.0301,1.8400,1.9500,718723
2010-10-15,1.9000,1.9600,1.8296,1.9000,458835
2010-10-08,2.1000,2.1500,1.8000,1.8700,694511
2010-10-01,1.8400,2.0900,1.8000,2.0900,1187273
2010-09-24,1.6900,1.9300,1.6900,1.8200,961339
2010-09-17,1.6700,1.8500,1.6700,1.6700,565493
2010-09-10,1.8200,1.8200,1.6400,1.7300,401497
2010-09-03,1.6900,1.8500,1.5500,1.7700,819883
2010-08-27,1.9300,1.9300,1.5200,1.7000,988476
2010-08-20,1.8000,1.9100,1.6900,1.8200,785369
2010-08-13,2.1000,2.1000,1.7500,1.8100,832652
2010-08-06,1.9400,2.1500,1.9400,2.0800,940835
2010-07-30,1.8800,2.0300,1.7500,1.9100,1083758
2010-07-23,1.6900,1.8800,1.6001,1.8600,953623
2010-07-16,1.7901,1.8100,1.6300,1.6800,1248594
2010-07-09,1.8400,1.9000,1.6600,1.6800,1040026
2010-07-02,2.0500,2.0700,1.6500,1.8000,2463178
2010-06-25,2.5200,2.6000,1.9400,2.0700,4284193
2010-06-18,2.4800,2.5800,2.3000,2.5200,632270
2010-06-11,2.4000,2.4100,2.1100,2.4100,1145300
2010-06-04,2.7900,2.7900,2.2000,2.3300,1657014
2010-05-28,3.0100,3.1700,2.6800,2.8000,2139729
2010-05-21,3.5000,3.5000,2.5700,2.9700,3781161
2010-05-14,2.6800,3.5000,2.5900,3.4100,2981048
2010-05-07,2.4600,2.7700,2.2100,2.5500,2393806
2010-04-30,2.0000,2.4300,1.9500,2.4300,1076275
2010-04-23,2.0200,2.1400,1.8000,2.0120,1429244
2010-04-16,1.7400,2.1400,1.5900,2.0200,3905771
2010-04-09,1.8200,1.8500,1.5800,1.5900,723725
2010-04-01,1.7000,1.8700,1.6500,1.6700,515638
2010-03-26,1.9000,1.9000,1.6600,1.6800,813823
2010-03-19,1.6300,1.9500,1.5800,1.9400,2028953
2010-03-12,1.3400,1.6500,1.3400,1.6000,973977
2010-03-05,1.4100,1.4400,1.3400,1.3400,450075
2010-02-26,1.4300,1.5000,1.3400,1.4200,1004728
2010-02-19,1.3100,1.4701,1.3000,1.4100,1076842
2010-02-12,1.7900,1.9300,1.2600,1.2900,1985521
2010-02-05,1.7900,1.9500,1.7001,1.7900,294275
2010-01-29,1.6500,2.1500,1.6300,1.8000,775157
2010-01-22,1.9800,2.1500,1.5200,1.5899,1445383
2010-01-15,1.5000,1.8000,1.4200,1.7668,259208
2010-01-08,1.5000,1.5000,1.3300,1.4900,113939
2009-12-31,1.5500,1.6000,1.3300,1.5500,113469
2009-12-24,1.2800,1.6800,1.2800,1.6000,124408
2009-12-18,1.6500,1.6800,1.3000,1.3000,163332
2009-12-11,1.6501,1.7400,1.6500,1.6500,58077
2009-12-04,1.7500,1.9000,1.5900,1.6500,198389
2009-11-27,1.7400,2.5000,1.5900,1.7000,93022
2009-11-20,1.7000,1.7699,1.5100,1.7200,115420
2009-11-13,1.5000,1.7400,1.4501,1.7100,166263
2009-11-06,1.8500,1.9199,1.5800,1.6500,304403
2009-10-30,1.9400,2.0500,1.8500,1.9000,127917
2009-10-23,1.9300,2.0000,1.8100,2.0000,106093
2009-10-16,2.0600,2.0900,1.9000,1.9900,99820
2009-10-09,2.0000,2.1800,1.8600,2.1000,150039
2009-10-02,1.8800,2.1400,1.5500,2.0100,155897
2009-09-25,2.0000,2.3300,1.8700,1.9899,324774
2009-09-18,1.8500,2.0300,1.7700,2.0300,105624
2009-09-11,1.9300,2.1100,1.7500,1.8800,182397
2009-09-04,1.8500,1.9800,1.8000,1.8425,106363
2009-08-28,1.6300,1.9200,1.5100,1.7800,125863
2009-08-21,1.8000,1.8000,1.4000,1.6500,179621
2009-08-14,1.7300,1.8900,1.6501,1.8499,82613
2009-08-07,1.7600,1.8900,1.7000,1.7501,77180
2009-07-31,1.7500,1.9400,1.7000,1.7500,121886
2009-07-24,1.8100,2.0500,1.6900,1.7900,131826
2009-07-17,1.9200,2.0900,1.7000,1.8400,163388
2009-07-10,1.7900,1.9800,1.6800,1.9200,119006
2009-07-02,1.7000,2.2000,1.6998,1.8900,329685
2009-06-26,2.3700,2.5000,1.6400,1.7000,439775
2009-06-19,2.3000,2.4800,1.9200,2.3000,253992
2009-06-12,2.2300,2.5000,2.0100,2.1300,145948
2009-06-05,2.1400,2.7200,2.0000,2.2960,384607
2009-05-29,1.9600,2.2300,1.7000,2.1400,142234
2009-05-22,1.6900,2.2000,1.5800,1.9800,504072
2009-05-15,1.8000,2.0000,1.1000,1.8800,264797
2009-05-08,1.2700,1.8000,1.2700,1.7500,212897
2009-05-01,1.0800,1.2500,0.9222,1.1501,119287
2009-04-24,1.1700,1.1700,0.8399,1.0300,53278
2009-04-17,1.2000,1.3000,0.8000,1.0501,177697
2009-04-09,0.9900,1.2300,0.9899,1.1800,137493
2009-04-03,0.8700,1.0000,0.8700,0.9900,52331
2009-03-27,0.8007,0.9400,0.8000,0.9400,16070
2009-03-20,0.8301,1.0800,0.7699,0.8500,56939
2009-03-13,0.5500,0.9800,0.5500,0.9800,74300
2009-03-06,0.8000,0.8000,0.4500,0.4540,42564
2009-02-27,0.8000,0.8500,0.6200,0.7000,31626
2009-02-20,0.7600,0.8000,0.6600,0.7600,28329
2009-02-13,0.8000,0.8199,0.7300,0.7400,22046
2009-02-06,0.8800,0.8800,0.7500,0.8000,28077
2009-01-30,0.8000,1.0000,0.7500,0.8399,138513
2009-01-23,0.5100,0.9500,0.5000,0.8499,235271
2009-01-16,0.6000,0.6600,0.4500,0.4800,15306
2009-01-09,0.5000,0.6200,0.5000,0.6000,21826
2009-01-02,0.5000,0.6000,0.4300,0.6000,60146
2008-12-26,0.5300,0.6800,0.4100,0.5000,53108
2008-12-19,0.5800,0.7000,0.5000,0.5000,60025
2008-12-12,0.8800,0.8800,0.5500,0.5500,56540
2008-12-05,0.9000,1.4000,0.5001,0.8000,88859
2008-11-28,0.8000,0.9000,0.7000,0.9000,8738
2008-11-21,0.9700,0.9700,0.7500,0.7500,22990
2008-11-14,0.9291,1.0000,0.7600,0.9700,29688
2008-11-07,1.1500,1.5500,0.9000,0.9480,178286
2008-10-31,0.7500,1.1300,0.6500,1.1300,46050
2008-10-24,1.1085,1.2000,0.7000,0.7500,77006
2008-10-17,0.9600,1.3200,0.9100,1.0000,81430
2008-10-10,1.2000,2.1500,0.4100,0.9600,209997
2008-10-03,1.0900,1.6500,1.0000,1.2999,44624
2008-09-26,1.7900,1.8000,1.0000,1.0900,130189
2008-09-19,1.3000,1.7200,1.2100,1.6500,35594
2008-09-12,1.5900,1.6200,1.2001,1.2500,39735
2008-09-05,1.0600,1.6820,0.9000,1.5000,285489
2008-08-29,0.7200,1.2500,0.7000,1.0500,43833
2008-08-22,0.8500,0.9200,0.7500,0.7500,17110
2008-08-15,0.8500,0.8800,0.7500,0.8800,21800
2008-08-08,0.9500,0.9500,0.7600,0.8500,28944
2008-08-01,0.7900,1.1199,0.7100,0.8999,121688
2008-07-25,0.8800,0.8800,0.7100,0.8400,6811
2008-07-18,0.7500,0.9500,0.7100,0.9211,97167
2008-07-11,0.9200,0.9599,0.7100,0.8193,9519
2008-07-03,1.0000,1.0000,0.8700,0.9600,12300
2008-06-27,0.8248,0.9800,0.8000,0.9800,48426
2008-06-20,0.7500,0.9400,0.7500,0.8500,25227
2008-06-13,0.7301,0.8100,0.7100,0.8094,32200
2008-06-06,1.1900,1.1900,0.7100,0.7300,59931
2008-05-30,0.7400,1.1100,0.4100,1.0100,360053
2008-05-23,1.2500,1.3000,0.6500,0.7400,194955
2008-05-16,1.2500,1.4000,1.2255,1.3000,39000
2008-05-09,1.3000,1.3500,1.1000,1.3000,10055
2008-05-02,1.3000,1.3400,1.2700,1.3000,4902
2008-04-25,1.3999,1.3999,1.1800,1.3500,8000
2008-04-18,1.3900,1.4300,1.2300,1.3999,13400
2008-04-11,1.2700,1.4499,1.2700,1.3899,13200
2008-04-04,1.2500,1.4800,1.2500,1.4100,17100
2008-03-28,1.7000,1.7000,1.3800,1.4000,36330
2008-03-20,1.5700,1.8400,1.4500,1.7000,56100
2008-03-14,1.7201,1.7499,1.5500,1.6999,32200
2008-03-07,1.6800,1.8100,1.5500,1.7800,74450
2008-02-29,1.5700,1.8400,1.3000,1.6501,66950
2008-02-22,1.6700,1.7000,1.5000,1.5700,37900
2008-02-15,1.5700,1.6700,1.3200,1.6000,81300
2008-02-08,1.4800,1.6800,1.1800,1.5000,63400
2008-02-01,1.6300,1.7500,1.5000,1.5000,43500
2008-01-25,1.8500,2.2400,1.5100,1.6300,55300
2008-01-18,1.7000,1.9500,1.6300,1.8700,37390
2008-01-11,1.5100,1.7900,1.5000,1.7299,132519
2008-01-04,1.3400,1.6300,1.2800,1.5500,75900
2007-12-28,1.7000,1.7000,1.3600,1.5000,54200
2007-12-21,1.7600,1.9000,1.6000,1.7001,107400
2007-12-14,1.8500,2.0000,1.4200,1.6000,92500
2007-12-07,1.9500,2.0999,1.7500,1.8300,40700
2007-11-30,2.5100,2.5100,1.9900,2.0900,45165
2007-11-23,2.3700,2.4000,1.9500,2.3000,83500
2007-11-16,2.4900,2.5000,2.2500,2.3999,63202
2007-11-09,3.3200,3.3200,2.1000,2.4800,124500
2007-11-02,3.7500,3.8500,3.1500,3.2500,64500
2007-10-26,3.9000,3.9000,3.4000,3.6500,106300
2007-10-19,4.2500,4.4200,3.7500,3.9499,56800
2007-10-12,4.4700,4.4700,4.1500,4.2500,43700
2007-10-05,4.6700,4.7515,4.4601,4.5000,22800
2007-09-28,4.9600,5.1000,4.7000,4.7000,50000
2007-09-21,4.6300,5.2000,4.6300,4.9600,99200
2007-09-14,4.8500,5.2500,4.3500,4.8200,81200
2007-09-07,5.0000,5.0000,4.1200,4.9600,106000
2007-08-31,5.1000,5.1000,4.6000,5.0000,29600
2007-08-24,5.8500,5.9500,4.8000,5.1600,93900
2007-08-17,7.0000,7.1000,4.5000,5.6200,245200
2007-08-10,0.4500,6.1500,0.4500,6.1500,134550
2007-08-03,0.5000,0.5100,0.4250,0.4800,16850
2007-07-27,0.5200,0.5500,0.4000,0.4950,267940
2007-07-20,0.5200,0.5200,0.4400,0.5000,175309
2007-07-13,0.5700,0.5700,0.4500,0.5000,63351
2007-07-06,0.5500,0.5700,0.4400,0.5700,56400
2007-06-29,0.4350,0.5500,0.4350,0.5300,136904
2007-06-22,0.4900,0.4900,0.4000,0.4500,80553
2007-06-15,0.5000,0.5000,0.4200,0.4200,38641
2007-06-08,0.4000,0.5000,0.4000,0.4700,20194
2007-06-01,0.4800,0.5100,0.4000,0.4700,247594
2007-05-25,0.5100,0.5300,0.4400,0.4400,229656
2007-05-18,0.4700,0.5100,0.4600,0.4600,90570
2007-05-11,0.5500,0.5500,0.4700,0.4700,28105
2007-05-04,0.3900,0.5500,0.3900,0.5300,111057
2007-04-27,0.5200,0.5900,0.3700,0.3700,591140
2007-04-20,0.6100,0.6100,0.5200,0.5500,36693
2007-04-13,0.5700,0.6200,0.5500,0.6100,47778
2007-04-05,0.5300,0.6400,0.5000,0.6000,40120
2007-03-30,0.5900,0.5900,0.4900,0.5300,182376
2007-03-23,0.5500,0.6500,0.4800,0.5100,250558
2007-03-16,0.3500,0.5500,0.3500,0.5200,252217
2007-03-09,0.3500,0.3900,0.2600,0.3300,483876
2007-03-02,0.4600,0.4600,0.2520,0.3100,301625
2007-02-23,0.4700,0.4800,0.4450,0.4600,209435
2007-02-16,0.4700,0.5000,0.4200,0.4800,240169
2007-02-09,0.5500,0.5500,0.4700,0.4700,148200
2007-02-02,0.6000,0.6400,0.5300,0.5400,147973
2007-01-26,0.6200,0.7000,0.5600,0.6500,96432
2007-01-19,0.7000,0.7000,0.6000,0.6700,47047
2007-01-12,0.7500,0.7900,0.6100,0.6100,86863
2007-01-05,0.8000,0.8000,0.7500,0.8000,10026
2006-12-29,0.7300,0.8000,0.7300,0.7500,85444
2006-12-22,0.6500,0.7500,0.4500,0.6700,212108
2006-12-15,0.7000,0.7000,0.6000,0.6000,82189
2006-12-08,0.6800,0.8000,0.6000,0.6900,127347
2006-12-01,0.6900,0.6900,0.6000,0.6800,154286
2006-11-24,0.7000,0.7100,0.6000,0.6900,42037
2006-11-17,0.7000,0.7000,0.6000,0.7000,61303
2006-11-10,0.9100,1.0100,0.6000,0.7000,145731
2006-11-03,1.0100,1.0100,0.8000,1.0100,178288
2006-10-27,0.8500,1.0100,0.7500,1.0100,117575
2006-10-20,0.9000,0.9000,0.7000,0.8500,15491
2006-10-13,0.7500,0.9000,0.5500,0.9000,99018
2006-10-06,0.9000,1.0100,0.7500,0.8500,52839
2006-09-29,0.7000,1.0100,0.7000,1.0000,141902
2006-09-22,0.6700,0.8500,0.6700,0.6800,8542
2006-09-15,0.6800,0.8500,0.6700,0.8500,52266
2006-09-08,0.7000,0.7000,0.5500,0.6800,121314
2006-09-01,0.0620,0.7000,0.0590,0.7000,531100
2006-08-25,0.0550,0.0650,0.0450,0.0600,463852
2006-08-18,0.0600,0.0620,0.0550,0.0550,62113
2006-08-11,0.0500,0.0640,0.0500,0.0600,687360
2006-08-04,0.0520,0.0525,0.0500,0.0500,76900
2006-07-28,0.0450,0.0500,0.0400,0.0500,130200
2006-07-21,0.0620,0.0630,0.0420,0.0450,413800
2006-07-14,0.0450,0.0600,0.0450,0.0600,465957
2006-07-07,0.0520,0.0520,0.0450,0.0450,69024
2006-06-30,0.0500,0.0600,0.0450,0.0520,701800
2006-06-23,0.0650,0.0650,0.0550,0.0650,56620
2006-06-16,0.0690,0.0690,0.0600,0.0650,154648
2006-06-09,0.0600,0.0750,0.0450,0.0600,1184921
2006-06-02,0.0600,0.0600,0.0600,0.0600,0
2006-05-26,0.0700,0.0700,0.0600,0.0600,51583
2006-05-19,0.0600,0.0700,0.0510,0.0700,121500
2006-05-12,0.0500,0.0700,0.0500,0.0600,234564
2006-05-05,0.0600,0.0600,0.0550,0.0550,86252
2006-04-28,0.0800,0.0800,0.0500,0.0700,84832
2006-04-21,0.0700,0.0800,0.0610,0.0800,113463
2006-04-13,0.0800,0.0850,0.0700,0.0700,61105
2006-04-07,0.0700,0.0880,0.0610,0.0825,499355
2006-03-31,0.0750,0.0800,0.0700,0.0750,158769
2006-03-24,0.0600,0.0870,0.0510,0.0750,1031675
2006-03-17,0.0600,0.0600,0.0550,0.0600,120145
2006-03-10,0.0700,0.0700,0.0500,0.0600,812600
2006-03-03,0.0550,0.0600,0.0550,0.0550,70000
2006-02-24,0.0600,0.0600,0.0600,0.0600,40399
2006-02-17,0.0750,0.0850,0.0600,0.0600,366500
2006-02-10,0.0700,0.0700,0.0650,0.0700,51515
2006-02-03,0.0800,0.0800,0.0650,0.0650,97770
2006-01-27,0.0650,0.0950,0.0650,0.0900,323950
2006-01-20,0.0750,0.0750,0.0500,0.0650,253400
2006-01-13,0.0900,0.0950,0.0750,0.0750,347200
2006-01-06,0.0800,0.0950,0.0700,0.0950,169500
2005-12-30,0.0800,0.1000,0.0750,0.0800,940300
2005-12-23,0.0500,0.0750,0.0400,0.0700,611100
2005-12-16,0.0550,0.0550,0.0350,0.0500,180500
2005-12-09,0.0300,0.1000,0.0300,0.0600,486000
2005-12-02,0.0450,0.0450,0.0300,0.0300,322400
2005-11-25,0.0500,0.0500,0.0300,0.0400,121000
2005-11-18,0.0600,0.0600,0.0500,0.0500,43600
2005-11-11,0.0800,0.0800,0.0600,0.0600,15500
2005-11-04,0.0800,0.0800,0.0800,0.0800,1000
2005-10-28,0.0400,0.0800,0.0400,0.0600,68200
2005-10-21,0.0600,0.0700,0.0400,0.0700,73400
2005-10-14,0.0300,0.0600,0.0300,0.0600,63800
2005-10-07,0.0400,0.0400,0.0300,0.0300,50000
2005-09-30,0.0700,0.0700,0.0400,0.0400,27600
2005-09-23,0.0800,0.0800,0.0700,0.0700,34000
2005-09-16,0.0900,0.0900,0.0800,0.0800,11000
2005-09-09,0.0600,0.0900,0.0600,0.0900,30000
2005-09-02,0.1000,0.1000,0.0600,0.0600,170800
2005-08-26,0.0800,0.1050,0.0750,0.1000,170600
2005-08-19,0.0600,0.0800,0.0500,0.0800,178400
2005-08-12,0.0450,0.0600,0.0450,0.0600,155600
2005-08-05,0.0440,0.0450,0.0440,0.0450,17500
2005-07-29,0.0500,0.0500,0.0410,0.0410,28100
2005-07-22,0.0290,0.0500,0.0290,0.0500,110000
2005-07-15,0.0400,0.0400,0.0290,0.0290,15000
2005-07-08,0.0400,0.0400,0.0400,0.0400,0
2005-07-01,0.0400,0.0400,0.0400,0.0400,20000
2005-06-24,0.0450,0.0450,0.0400,0.0400,55000
2005-06-17,0.0300,0.0400,0.0290,0.0400,118600
2005-06-10,0.0250,0.0300,0.0110,0.0200,263000
2005-06-03,0.0300,0.0300,0.0250,0.0250,10200
2005-05-27,0.0300,0.0300,0.0300,0.0300,1000
2005-05-20,0.0250,0.0400,0.0250,0.0400,22600
2005-05-13,0.0500,0.0500,0.0300,0.0400,40000
2005-05-06,0.0400,0.0500,0.0200,0.0400,153000
2005-04-29,0.0500,0.0500,0.0400,0.0400,10200
2005-04-22,0.0300,0.0500,0.0300,0.0500,74000
2005-04-15,0.0300,0.0300,0.0300,0.0300,300
2005-04-08,0.0310,0.0310,0.0300,0.0300,700
2005-04-01,0.0350,0.0350,0.0310,0.0310,35000
2005-03-24,0.0350,0.0350,0.0350,0.0350,5000
2005-03-18,0.0350,0.0350,0.0350,0.0350,6100
2005-03-11,0.0450,0.0450,0.0350,0.0450,32000
2005-03-04,0.0500,0.0700,0.0400,0.0450,24800
2005-02-25,0.0600,0.0600,0.0500,0.0600,26000
2005-02-18,0.0600,0.0600,0.0600,0.0600,100
2005-02-11,0.0600,0.0600,0.0600,0.0600,0
2005-02-04,0.0600,0.0600,0.0600,0.0600,500
2005-01-28,0.0700,0.0700,0.0600,0.0600,16100
2005-01-21,0.0550,0.0700,0.0500,0.0700,70000
2005-01-14,0.0600,0.0600,0.0550,0.0550,10500
2005-01-07,0.0600,0.0600,0.0600,0.0600,55000
2004-12-31,0.0550,0.0600,0.0550,0.0550,98400
2004-12-23,0.0550,0.0700,0.0550,0.0700,10000
2004-12-17,0.0550,0.0600,0.0550,0.0550,10800
2004-12-10,0.0600,0.0600,0.0550,0.0550,133500
2004-12-03,0.0600,0.0600,0.0500,0.0600,30100
2004-11-26,0.0700,0.0700,0.0700,0.0700,24500
2004-11-19,0.0650,0.0900,0.0650,0.0900,68000
2004-11-12,0.0500,0.0500,0.0450,0.0450,34500
2004-11-05,0.0600,0.0600,0.0450,0.0500,161000
2004-10-29,0.0700,0.0700,0.0600,0.0600,15600
2004-10-22,0.0900,0.0900,0.0600,0.0700,132000
2004-10-15,0.1000,0.1050,0.0800,0.0900,55000
2004-10-08,0.0900,0.1000,0.0800,0.1000,10500
2004-10-01,0.0750,0.1050,0.0750,0.0900,181700
2004-09-24,0.0900,0.0900,0.0750,0.0750,27000
2004-09-17,0.0950,0.1000,0.0900,0.0900,27000
2004-09-10,0.1050,0.1050,0.1050,0.1050,0
2004-09-03,0.0900,0.1100,0.0900,0.1050,157500
2004-08-27,0.0750,0.0750,0.0750,0.0750,9800
2004-08-20,0.0700,0.0700,0.0700,0.0700,21000
2004-08-13,0.0800,0.0800,0.0700,0.0700,13000
2004-08-06,0.1000,0.1000,0.0800,0.0800,1200
2004-07-30,0.0700,0.1000,0.0700,0.1000,10000
2004-07-23,0.1000,0.1000,0.0700,0.0700,26500
2004-07-16,0.0900,0.1000,0.0700,0.1000,96100
2004-07-09,0.0900,0.1000,0.0900,0.0900,15300
2004-07-02,0.1200,0.1200,0.0900,0.1000,338900
2004-06-25,0.1100,0.1400,0.1000,0.1200,31000
2004-06-18,0.1500,0.1500,0.1100,0.1100,38700
2004-06-10,0.2100,0.2100,0.1600,0.1600,63900
2004-06-04,0.1450,0.3000,0.1400,0.2000,328400
2004-05-28,0.1000,0.1500,0.0900,0.1450,129700
2004-05-21,0.0700,0.1100,0.0600,0.1000,162100
2004-05-14,0.1200,0.1200,0.0625,0.0700,206300
2004-05-07,0.1000,0.1200,0.0900,0.1200,118100
2004-04-30,0.1600,0.1600,0.1100,0.1200,119700
2004-04-23,0.1400,0.1600,0.1200,0.1600,10200
2004-04-16,0.1400,0.1800,0.1100,0.1200,75300
2004-04-08,0.1400,0.2200,0.1400,0.2200,5200
2004-04-02,0.1400,0.2200,0.1400,0.1400,2600
2004-03-26,0.1700,0.1700,0.1400,0.1400,2500
2004-03-19,0.1600,0.1700,0.1400,0.1700,6600
2004-03-12,0.1400,0.1600,0.1400,0.1600,41500
2004-03-05,0.1400,0.1400,0.1300,0.1300,8200
2004-02-27,0.1400,0.1400,0.1400,0.1400,0
2004-02-20,0.1400,0.1400,0.1400,0.1400,0
2004-02-13,0.1700,0.1700,0.1300,0.1400,45400
2004-02-06,0.1700,0.1700,0.1300,0.1700,46300
2004-01-30,0.1500,0.1800,0.1100,0.1700,50900
2004-01-23,0.1500,0.1500,0.1500,0.1500,3500
2004-01-16,0.1800,0.1800,0.1500,0.1500,100
2004-01-09,0.1500,0.1800,0.1500,0.1800,10000
2004-01-02,0.1200,0.1900,0.1200,0.1500,49600
2003-12-26,0.2000,0.2200,0.1500,0.2000,55200
2003-12-19,0.2000,0.3000,0.2000,0.2700,18000
2003-12-12,0.1500,0.3000,0.1500,0.2500,111100
2003-12-05,0.1200,0.1500,0.1100,0.1500,400
2003-11-28,0.1500,0.1500,0.1500,0.1500,0
2003-11-21,0.1800,0.1800,0.1200,0.1500,44000
2003-11-14,0.1200,0.2300,0.1000,0.1800,349700
2003-11-07,0.1500,0.1700,0.1200,0.1200,19600
2003-10-31,0.2500,0.2500,0.1500,0.1600,50900
2003-10-24,0.3100,0.3100,0.2383,0.2500,16200
2003-10-17,0.3000,0.3100,0.2900,0.3100,110300
2003-10-10,0.3000,0.3000,0.3000,0.3000,0
2003-10-03,0.3100,0.3100,0.2900,0.3000,33500
2003-09-26,0.1500,0.3400,0.1500,0.3100,129500
2003-09-19,0.1800,0.1992,0.1400,0.1992,86300
2003-09-12,0.1300,0.1800,0.1300,0.1800,3200
2003-09-05,0.1300,0.1800,0.1300,0.1300,18200
2003-08-29,0.1500,0.1500,0.1500,0.1500,0
2003-08-22,0.1200,0.1600,0.1200,0.1500,66000
2003-08-15,0.0900,0.1200,0.0900,0.1200,3000
2003-08-08,0.1000,0.1000,0.1000,0.1000,0
2003-08-01,0.1100,0.1100,0.0900,0.1000,130200
2003-07-25,0.0800,0.1200,0.0800,0.1200,0
2003-07-18,0.1200,0.1200,0.0800,0.0900,0
2003-07-11,0.1200,0.1200,0.1000,0.1000,0
2003-07-03,0.1300,0.1600,0.1200,0.1200,0
2003-06-27,0.0700,0.1300,0.0700,0.1300,0
2003-06-20,0.1000,0.1000,0.0700,0.0700,0
2003-06-13,0.1000,0.1000,0.0900,0.1000,0
2003-06-06,0.1300,0.1300,0.0900,0.0900,0
2003-05-30,0.1100,0.1300,0.0700,0.1300,0
2003-05-23,0.0700,0.1500,0.0700,0.1100,0
2003-05-16,0.0600,0.0800,0.0600,0.0700,0
2003-05-09,0.0600,0.0600,0.0600,0.0600,0
2003-05-02,0.0800,0.0800,0.0600,0.0600,0
2003-04-25,0.1000,0.1000,0.0800,0.0800,0
2003-04-17,0.1000,0.1000,0.0900,0.1000,0
2003-04-11,0.1500,0.1500,0.1000,0.1000,0
2003-04-04,0.0900,0.1500,0.0900,0.1500,200000
2003-03-28,0.1400,0.1500,0.0900,0.0900,0
2003-03-21,0.1400,0.1400,0.0900,0.0900,0
2003-03-14,0.1200,0.1500,0.1200,0.1400,0
2003-03-07,0.1000,0.1500,0.1000,0.1200,100000
2003-02-28,0.1000,0.1100,0.0800,0.0800,0
2003-02-21,0.1100,0.1200,0.1000,0.1000,0
2003-02-14,0.0300,0.1300,0.0300,0.1300,200000
2003-02-07,0.0300,0.0400,0.0300,0.0400,0
2003-01-31,0.0300,0.0300,0.0300,0.0300,0
2003-01-24,0.0500,0.0500,0.0300,0.0300,0
2003-01-17,0.0400,0.0400,0.0400,0.0400,0
2003-01-10,0.0700,0.0700,0.0400,0.0400,0
2003-01-03,0.0400,0.0700,0.0400,0.0700,100000
2002-12-27,0.0600,0.0700,0.0400,0.0400,0
2002-12-20,0.0400,0.0400,0.0400,0.0400,0
2002-12-13,0.0800,0.1000,0.0400,0.0400,0
2002-12-06,0.0800,0.1100,0.0800,0.0800,0
2002-11-29,0.0600,0.1000,0.0600,0.1000,0
2002-11-22,0.0800,0.0800,0.0600,0.0600,0
2002-11-15,0.0800,0.0800,0.0600,0.0800,0
2002-11-08,0.1000,0.1000,0.0800,0.0900,0
2002-11-01,0.0600,0.1000,0.0600,0.1000,100000
2002-10-25,0.0500,0.0600,0.0500,0.0600,0
2002-10-18,0.0500,0.0500,0.0500,0.0500,100000
2002-10-11,0.0500,0.0500,0.0500,0.0500,0
2002-10-04,0.0500,0.0500,0.0500,0.0500,0
2002-09-27,0.0600,0.0800,0.0500,0.0500,100000
2002-09-20,0.0600,0.0600,0.0500,0.0500,100000
2002-09-13,0.0600,0.0600,0.0600,0.0600,0
2002-09-06,0.0600,0.0600,0.0500,0.0600,1400000
2002-08-30,0.0700,0.0700,0.0600,0.0600,0
2002-08-23,0.0700,0.0800,0.0700,0.0700,100000
2002-08-16,0.0700,0.0700,0.0700,0.0700,0
2002-08-09,0.0700,0.0700,0.0700,0.0700,0
2002-08-02,0.0700,0.0800,0.0700,0.0700,0
2002-07-26,0.0800,0.0800,0.0800,0.0800,100000
2002-07-19,0.0800,0.0900,0.0700,0.0700,100000
2002-07-12,0.0700,0.0900,0.0700,0.0900,0
2002-07-05,0.0700,0.0700,0.0700,0.0700,0
2002-06-28,0.0700,0.0700,0.0700,0.0700,0
2002-06-21,0.0700,0.0900,0.0700,0.0800,300000
2002-06-14,0.1000,0.1000,0.0700,0.0900,800000
2002-06-07,0.1000,0.1100,0.0600,0.1000,600000
2002-05-31,0.2100,0.2100,0.0800,0.0900,0
2002-05-24,0.2400,0.2800,0.1900,0.2100,100000
2002-05-17,0.2300,0.2300,0.1300,0.2200,100000
2002-05-10,0.2300,0.2300,0.2300,0.2300,0
2002-05-03,0.3400,0.3400,0.2300,0.2300,0
2002-04-26,0.3100,0.3500,0.3100,0.3500,0
2002-04-19,0.3300,0.3300,0.3300,0.3300,0
2002-04-12,0.3500,0.3700,0.3200,0.3200,0
2002-04-05,0.3500,0.3500,0.3100,0.3100,0
2002-03-28,0.4000,0.4100,0.3500,0.3500,0
2002-03-22,0.4000,0.4200,0.3700,0.3700,0
2002-03-15,0.5300,0.5300,0.3900,0.4000,0
2002-03-08,0.5200,0.5200,0.4300,0.4700,0
2002-03-01,0.4600,0.5700,0.4100,0.5000,100000
2002-02-22,0.4600,0.4900,0.4300,0.4500,0
2002-02-15,0.4800,0.5700,0.4500,0.4600,0
2002-02-08,0.5200,0.5600,0.4700,0.4800,0
2002-02-01,0.5900,0.5900,0.4700,0.5000,100000
2002-01-25,0.5300,0.6000,0.4700,0.5500,200000
2002-01-18,0.6000,0.6700,0.5600,0.5600,0
2002-01-11,0.4400,0.6800,0.4200,0.6400,500000
2002-01-04,0.4100,0.4600,0.4000,0.4400,100000
2001-12-28,0.4200,0.4800,0.4000,0.4100,0
2001-12-21,0.4100,0.4400,0.3500,0.4400,0
2001-12-14,0.4000,0.4800,0.3900,0.4300,0
2001-12-07,0.5300,0.5300,0.4000,0.4200,0
2001-11-30,0.4400,0.5200,0.4200,0.5200,0
2001-11-23,0.5500,0.5900,0.4000,0.4800,0
2001-11-16,0.6000,0.6000,0.4200,0.4200,0
2001-11-09,0.6300,0.7200,0.5100,0.5700,0
2001-11-02,0.6700,0.7000,0.6100,0.6900,0
2001-10-26,0.6100,0.7400,0.6000,0.7300,100000
2001-10-19,0.5000,0.6000,0.4200,0.5700,0
2001-10-12,0.4200,0.5100,0.4200,0.5000,0
2001-10-05,0.4500,0.4800,0.4000,0.4800,0
2001-09-28,0.3000,0.4600,0.3000,0.4300,0
2001-09-21,0.5100,0.5400,0.3000,0.3300,0
2001-09-10,0.5500,0.5500,0.5100,0.5100,0
2001-09-07,0.6300,0.6300,0.5500,0.5500,0
2001-08-31,0.7000,0.7200,0.5700,0.6300,0
2001-08-24,0.6800,0.7600,0.6200,0.7100,0
2001-08-17,0.7000,0.8100,0.6500,0.6900,200000
2001-08-10,0.6900,0.7300,0.6300,0.7200,100000
2001-08-03,0.7100,0.7400,0.6900,0.7200,0
2001-07-27,0.7100,0.7800,0.6700,0.7400,300000
2001-07-20,0.4400,0.8200,0.4400,0.8000,700000
2001-07-13,0.4100,0.4400,0.4000,0.4300,200000
2001-07-06,0.4500,0.4700,0.4200,0.4500,0
2001-06-29,0.3600,0.5000,0.3400,0.4900,300000
2001-06-22,0.4000,0.4000,0.3600,0.3600,0
2001-06-15,0.3700,0.4900,0.3700,0.4000,400000
2001-06-08,0.3700,0.3800,0.3300,0.3700,200000
2001-06-01,0.4600,0.4600,0.3700,0.3700,0
2001-05-25,0.4000,0.4900,0.3800,0.4600,400000
2001-05-18,0.4000,0.4400,0.3500,0.4400,0
2001-05-11,0.4400,0.4400,0.3800,0.3800,0
2001-05-04,0.3500,0.4500,0.3200,0.3400,0
2001-04-27,0.2500,0.3500,0.2400,0.3500,0
2001-04-20,0.2500,0.2800,0.2000,0.2800,0
2001-04-12,0.2000,0.3000,0.2000,0.2500,0
2001-04-06,0.2969,0.3125,0.1875,0.3125,0
2001-03-30,0.2813,0.2969,0.2813,0.2969,0
2001-03-23,0.3125,0.3750,0.2188,0.2813,0
2001-03-16,0.3125,0.3750,0.3125,0.3125,0
2001-03-09,0.3750,0.4063,0.3125,0.3125,100000
2001-03-02,0.3750,0.4063,0.3125,0.3438,0
2001-02-23,0.3750,0.3750,0.3750,0.3750,100000
2001-02-16,0.3750,0.4375,0.3438,0.3750,0
2001-02-09,0.3438,0.4063,0.3438,0.3750,100000
2001-02-02,0.3750,0.4375,0.3281,0.3438,100000
2001-01-26,0.5000,0.5000,0.4063,0.4375,200000
2001-01-19,0.3906,0.7500,0.3906,0.5000,300000
2001-01-12,0.2813,0.4219,0.2656,0.4063,800000
2001-01-05,0.5156,0.5156,0.2500,0.2813,1500000
2000-12-29,0.5625,0.5938,0.4375,0.5000,0
2000-12-22,0.5625,0.6250,0.4063,0.5000,300000
2000-12-15,0.5938,0.7188,0.5313,0.5625,100000
2000-12-08,0.5938,0.6875,0.5313,0.6875,0
2000-12-01,0.7500,0.7500,0.5000,0.6563,100000
2000-11-24,1.1250,1.1250,0.6250,0.7500,100000
2000-11-17,1.0625,1.3125,0.9688,1.1250,0
2000-11-10,1.1875,1.2813,1.0313,1.0625,0
2000-11-03,1.2500,1.2500,1.0000,1.1875,0
2000-10-27,1.0625,1.3750,1.0625,1.2500,0
2000-10-20,1.1875,1.3750,1.0313,1.0938,0
2000-10-13,1.6250,1.6250,1.1250,1.2500,0
2000-10-06,1.8125,1.9375,1.6250,1.6250,0
2000-09-29,1.4063,1.8125,1.3438,1.7500,0
2000-09-22,1.4375,1.5000,1.3750,1.4063,0
2000-09-15,1.4375,1.6250,1.3750,1.4688,100000
2000-09-08,1.8125,1.8125,1.4375,1.5000,0
2000-09-01,1.9063,1.9375,1.7813,1.9375,0
2000-08-25,1.9375,1.9688,1.6875,1.8750,0
2000-08-18,1.7188,2.0000,1.7188,1.9375,0
2000-08-11,1.8750,1.8750,1.5938,1.7188,0
2000-08-04,2.0625,2.1250,1.8750,1.8750,0
2000-07-28,2.1875,2.3125,2.0000,2.1250,0
2000-07-21,2.0625,2.3125,1.9063,2.1875,0
2000-07-14,1.6563,2.0313,1.6250,2.0313,0
2000-07-07,1.8750,1.9375,1.6250,1.6250,0
2000-06-30,1.8750,2.0000,1.8750,1.8750,0
2000-06-23,2.1563,2.4375,1.7500,1.9375,0
2000-06-16,2.4063,2.4063,2.1250,2.1563,0
2000-06-09,2.2813,2.4063,2.1250,2.3125,0
2000-06-02,1.8750,2.1250,1.6875,2.0625,0
2000-05-26,2.5000,2.5000,1.8750,1.8750,0
2000-05-19,2.3750,2.5000,2.1250,2.4375,0
2000-05-12,2.5000,2.5938,2.1250,2.4063,0
2000-05-05,2.2813,2.8125,2.1250,2.5625,0
2000-04-28,2.5625,2.5625,2.2813,2.2813,0
2000-04-20,2.5938,2.6250,2.2500,2.5625,0
2000-04-14,3.0625,3.0625,2.5000,2.6563,100000
2000-04-07,3.0000,3.0938,2.9375,3.0000,0
2000-03-31,3.0313,3.0938,2.9375,3.0000,0
2000-03-24,3.0000,3.0625,2.7500,3.0000,0
2000-03-17,2.9375,3.0313,2.9375,3.0000,0
2000-03-10,3.1250,3.1875,2.9375,3.0000,0
2000-03-03,3.2188,3.2188,2.6563,3.1875,0
2000-02-25,3.0000,3.0938,2.9375,3.0938,0
2000-02-18,3.3125,3.3750,2.9375,3.0000,0
2000-02-11,3.3125,3.5625,3.0625,3.3750,0
2000-02-04,3.4063,3.4063,2.8750,3.1563,100000
2000-01-28,4.1250,4.2500,3.2813,3.2813,400000
2000-01-21,3.0625,4.1250,3.0625,4.0625,1300000
2000-01-14,2.3125,3.3750,2.2500,3.0625,700000
