timestamp,open,high,low,close,volume
2018-02-27,2.4000,2.4300,2.3139,2.3800,1641226
2018-02-23,2.3800,2.4700,2.3300,2.3700,4565466
2018-02-16,2.4100,2.4390,2.2700,2.3500,6905086
2018-02-09,2.6600,2.7100,2.2300,2.3800,7464244
2018-02-02,2.8600,2.9000,2.6550,2.6700,5094642
2018-01-26,2.7700,2.8800,2.6800,2.8400,6316796
2018-01-19,2.8000,2.8500,2.6500,2.7600,3958965
2018-01-12,3.0600,3.0700,2.7500,2.8000,6514426
2018-01-05,2.8500,3.0800,2.8300,3.0500,4496290
2017-12-29,2.8100,2.9600,2.8100,2.8400,3751731
2017-12-22,2.9900,3.0100,2.7800,2.8400,5778203
2017-12-15,3.0400,3.0900,2.8700,2.9700,6425307
2017-12-08,2.9100,3.0300,2.8100,3.0300,5583408
2017-12-01,2.8900,3.0450,2.8700,2.9100,4987812
2017-11-24,2.8900,2.9500,2.7900,2.9000,2784511
2017-11-17,2.7200,3.0000,2.6400,2.9100,5550217
2017-11-10,2.5000,2.8000,2.3500,2.7300,8629483
2017-11-03,2.4300,2.5900,2.3100,2.4900,6028817
2017-10-27,2.9400,2.9400,2.3300,2.4200,8318268
2017-10-20,3.1000,3.1800,2.8700,2.9200,4818719
2017-10-13,3.1600,3.2600,3.0300,3.0700,5455554
2017-10-06,2.9000,3.2500,2.8600,3.1600,12046575
2017-09-29,2.6700,3.1400,2.6200,2.8600,11742378
2017-09-22,2.5800,2.6800,2.4400,2.6600,5918607
2017-09-15,2.6400,2.7100,2.4600,2.5700,7143739
2017-09-08,2.5200,2.7800,2.4700,2.6000,5655930
2017-09-01,2.3900,2.5200,2.3700,2.5200,9208915
2017-08-25,2.3300,2.3700,2.3100,2.3600,4154870
2017-08-18,2.4600,2.5100,2.3000,2.3300,4508027
2017-08-11,2.5300,2.7800,2.3600,2.4500,7197989
2017-08-04,2.3000,2.6400,2.2800,2.5200,8935465
2017-07-28,2.3500,2.4200,2.2700,2.3000,5356538
2017-07-21,2.4500,2.5300,2.3400,2.3600,4631002
2017-07-14,2.5100,2.5800,2.4500,2.4800,4162731
2017-07-07,2.4800,2.6200,2.4500,2.5200,4261139
2017-06-30,2.6500,2.6800,2.4500,2.4700,5188250
2017-06-23,2.3300,2.6400,2.3200,2.6200,9853720
2017-06-16,2.2600,2.4400,2.2200,2.3200,11942365
2017-06-09,2.8900,2.9100,2.2000,2.2400,21765602
2017-06-02,3.0800,3.1000,2.8100,2.8900,15350257
2017-05-26,3.1000,3.1800,3.0300,3.0600,6921691
2017-05-19,3.1500,3.2700,3.0400,3.0800,6490348
2017-05-12,3.2100,3.2200,2.9500,3.1500,9893679
2017-05-05,3.3300,3.3300,3.1600,3.2000,8205489
2017-04-28,3.2400,3.4200,3.1600,3.3300,6364342
2017-04-21,3.3000,3.3200,3.2000,3.2000,7133007
2017-04-13,3.3100,3.3500,3.2000,3.2800,4397087
2017-04-07,3.6300,3.6500,3.2000,3.3000,7928337
2017-03-31,3.3000,3.7500,3.2700,3.6100,13142845
2017-03-24,3.4100,3.4500,3.0500,3.3300,10120865
2017-03-17,3.4600,3.5500,3.1800,3.4200,11921960
2017-03-10,3.6500,3.9400,3.3600,3.4700,11542813
2017-03-03,3.2500,3.7200,3.2500,3.6400,11402135
2017-02-24,3.5200,3.5900,3.2100,3.2600,5845688
2017-02-17,3.4000,3.6000,3.3100,3.4900,6373016
2017-02-10,3.4400,3.5200,3.2600,3.3600,6935906
2017-02-03,3.3700,3.4500,3.1600,3.4300,14285071
2017-01-27,3.4200,3.5200,3.2300,3.3800,7112544
2017-01-20,3.6200,3.6400,3.2500,3.4100,7179108
2017-01-13,3.9200,4.0200,3.5800,3.6400,10184678
2017-01-06,3.5500,3.9100,3.4300,3.8500,8336054
2016-12-30,3.7400,3.8000,3.5000,3.5400,5644528
2016-12-23,3.8400,4.0700,3.5700,3.7600,7364008
2016-12-16,3.7000,3.9000,3.6150,3.8300,9506476
2016-12-09,3.6200,3.9700,3.5501,3.7500,9956350
2016-12-02,4.4300,4.4800,3.5100,3.5500,12667774
2016-11-25,4.5000,4.9100,4.2800,4.4300,8136803
2016-11-18,4.3500,5.0200,4.2700,4.4300,16280352
2016-11-11,3.2000,4.3400,3.1100,4.3200,21366607
2016-11-04,3.1700,3.2112,2.8500,3.0900,11557278
2016-10-28,3.3500,3.4000,3.1300,3.1800,8547164
2016-10-21,3.4500,3.6200,3.3000,3.3400,6919378
2016-10-14,4.2600,4.3400,3.4400,3.4400,11313965
2016-10-07,4.0100,4.4900,3.9200,4.1400,13085890
2016-09-30,3.8100,4.4500,3.7700,4.0400,16349281
2016-09-23,3.6800,3.8700,3.5800,3.8300,9274606
2016-09-16,3.4400,3.7250,3.4400,3.6500,10742429
2016-09-09,3.3700,3.7300,3.3200,3.4500,9532998
2016-09-02,3.7000,3.7000,3.2300,3.3500,6469521
2016-08-26,3.9500,4.0700,3.3600,3.4900,15554925
2016-08-19,4.4600,4.5600,3.8400,3.9500,15974569
2016-08-12,4.6700,4.7600,4.3200,4.4600,9794924
2016-08-05,4.6500,4.7500,4.4900,4.6600,5155168
2016-07-29,4.7500,4.8299,4.5800,4.6200,6542478
2016-07-22,4.6800,4.8100,4.4700,4.7400,9043477
2016-07-15,4.7000,4.7200,4.3950,4.7000,8504895
2016-07-08,4.5500,4.7300,4.4500,4.6400,5375852
2016-07-01,4.2700,4.6500,4.0900,4.5900,12090391
2016-06-24,4.3400,4.6800,4.1500,4.3600,14139143
2016-06-17,4.1200,4.4500,3.9700,4.2700,16437435
2016-06-10,4.7100,4.9000,4.0700,4.1200,13563467
2016-06-03,4.4000,5.1300,4.3800,4.5600,15403655
2016-05-27,4.0500,4.5000,4.0300,4.3300,13975204
2016-05-20,3.7200,4.1200,3.6500,4.0300,13670022
2016-05-13,3.4900,4.0000,3.4100,3.7400,14237876
2016-05-06,4.0900,4.3800,3.4000,3.4900,17632064
2016-04-29,4.0800,4.4600,3.8400,4.0000,17167490
2016-04-22,4.9700,4.9700,3.9500,4.0700,21425525
2016-04-15,4.6600,4.8200,4.3200,4.6400,20028047
2016-04-08,3.9700,4.9600,3.9500,4.6700,22192481
2016-04-01,3.5600,3.9700,3.3000,3.9500,12501509
2016-03-24,3.2100,4.0000,3.1900,3.5300,16589549
2016-03-18,3.4500,3.6500,2.9600,3.2300,25842656
2016-03-11,3.7600,4.3300,3.4200,3.4800,44102770
2016-03-04,7.5800,8.7500,6.8000,8.1900,21035399
2016-02-26,7.1600,7.7000,6.2600,7.6200,21408894
2016-02-19,7.4800,7.8900,6.7300,7.0000,12251149
2016-02-12,7.0900,7.3400,6.2500,7.2500,17864029
2016-02-05,8.3900,8.3900,6.7000,7.2600,25057268
2016-01-29,11.1300,11.3743,7.9199,8.3000,18285202
2016-01-22,11.7100,12.1600,9.9200,11.3000,11581172
2016-01-15,12.8800,12.9400,9.6600,11.1400,17072286
2016-01-08,15.2300,15.6100,12.6800,12.7300,8466491
2015-12-31,16.3400,16.6499,15.6700,15.6800,3696074
2015-12-24,15.5100,16.6411,15.1800,16.5000,3787410
2015-12-18,14.3800,15.7600,13.6800,15.5200,7427279
2015-12-11,16.9000,17.3000,14.3600,14.4400,8005082
2015-12-04,17.8600,18.5600,16.5200,16.8900,10763145
2015-11-27,17.1300,18.6200,16.7600,17.8400,11165074
2015-11-20,14.1200,17.4500,13.8600,16.1900,12964329
2015-11-13,13.7100,15.7700,13.6000,14.2300,9666967
2015-11-06,12.1500,14.4200,11.9900,13.7700,10408394
2015-10-30,13.2200,13.8110,11.3900,12.0600,10334983
2015-10-23,14.3000,14.3800,12.1300,13.2700,8741462
2015-10-16,12.8700,14.5600,12.5700,13.9900,17541620
2015-10-09,12.0200,12.8400,10.5000,12.8000,10167128
2015-10-02,11.9900,12.1600,10.1100,11.8800,11882225
2015-09-25,15.6100,15.7600,11.9000,12.1800,9323641
2015-09-18,15.5100,16.0000,15.0600,15.4500,6419162
2015-09-11,14.4200,15.4700,14.1500,15.4500,4354801
2015-09-04,15.3400,15.8400,13.5100,14.1300,6488834
2015-08-28,12.1000,15.4600,11.9300,15.3600,11744343
2015-08-21,16.4600,16.5648,12.9500,13.5300,11574043
2015-08-14,21.6000,22.1500,15.9100,16.3400,19395397
2015-08-07,23.4700,24.4800,20.7600,21.5800,5924655
2015-07-31,24.2900,24.8812,22.5200,23.5500,7362300
2015-07-24,26.9300,27.1800,24.3600,24.4100,4634448
2015-07-17,25.1000,28.0800,24.3700,26.8100,7732516
2015-07-10,24.2400,25.8280,23.9500,24.8900,6220746
2015-07-02,24.5000,25.7800,23.6200,24.3500,4933701
2015-06-26,25.7800,26.8500,24.4500,25.0300,4540832
2015-06-19,25.2300,26.3200,24.3300,25.5600,5430527
2015-06-12,26.6300,26.8635,24.5500,25.3400,5250885
2015-06-05,27.7400,29.9400,25.8100,26.6600,10463774
2015-05-29,27.8300,29.8550,27.4700,28.8700,5997687
2015-05-22,25.6200,28.0700,25.3500,27.8000,5464826
2015-05-15,25.7600,26.5000,25.0800,25.8100,6862647
2015-05-08,24.9000,26.2200,23.8950,25.8400,7795326
2015-05-01,30.1700,30.2400,23.6200,24.7400,17567008
2015-04-24,27.0300,30.2799,26.5200,30.1000,10124946
2015-04-17,28.5000,29.6050,26.2300,26.7600,10348271
2015-04-10,26.1700,28.8800,26.0038,28.5600,7209128
2015-04-02,27.8200,29.2000,25.9900,26.4300,8010623
2015-03-27,29.8200,30.5000,25.1200,27.1700,12666362
2015-03-20,29.9500,32.8200,29.3500,30.3800,12262174
2015-03-13,29.5100,30.4699,27.5400,29.7400,8390122
2015-03-06,25.6100,31.0400,25.2900,29.3900,15462416
2015-02-27,23.5000,26.4900,23.2500,25.5400,26606324
2015-02-20,21.1000,22.1400,20.9300,21.2100,3942678
2015-02-13,19.2800,21.1400,19.0400,20.9700,5337307
2015-02-06,21.4800,21.6900,18.6400,19.5000,8772354
2015-01-30,22.6900,24.1500,21.2300,21.4200,8644720
2015-01-23,20.8000,23.9200,20.3400,22.7500,11836922
2015-01-16,19.2000,20.4299,17.8100,20.3000,20516115
2015-01-09,18.1700,19.7200,18.1100,19.1100,7659053
2015-01-02,18.1900,18.8400,18.0600,18.4100,3925565
2014-12-26,18.6400,18.9000,16.9600,18.2400,5214452
2014-12-19,18.1700,19.4500,16.2000,18.9200,10291585
2014-12-12,18.3500,19.3500,17.5200,18.0300,10544395
2014-12-05,20.1000,20.3200,17.8900,18.2700,11251422
2014-11-28,20.9500,21.7000,19.7800,20.2800,9843854
2014-11-21,16.6200,21.3900,16.3000,20.8300,55569903
2014-11-14,13.4600,15.2700,13.1300,14.1600,13774021
2014-11-07,16.7500,17.2300,12.8000,13.4200,14217951
2014-10-31,15.3800,17.7500,14.8000,16.7500,9529846
2014-10-24,14.7600,15.9900,14.4100,15.5000,8192461
2014-10-17,12.8500,15.6700,12.2200,14.8700,12924060
2014-10-10,13.8200,13.9100,12.5350,12.5500,9106929
2014-10-03,14.1600,14.2400,12.1100,13.7900,11948966
2014-09-26,13.9200,14.7100,13.1600,14.3500,7917764
2014-09-19,15.0400,15.0400,13.8000,14.0500,7438900
2014-09-12,15.2600,15.6750,14.8800,15.1400,6200600
2014-09-05,16.2100,16.5800,14.9600,15.2000,7680100
2014-08-29,14.7600,17.0000,14.7600,15.9100,11216400
2014-08-22,15.2400,15.8800,13.8100,14.5500,11312400
2014-08-15,14.6600,15.5390,14.5000,15.0400,7936100
2014-08-08,13.1100,14.6000,12.8499,14.4100,9028500
2014-08-01,13.6000,14.2500,12.5500,12.9600,8156400
2014-07-25,12.7000,14.3700,12.4600,13.5700,11180500
2014-07-18,14.9500,15.0900,11.9300,12.8500,11067100
2014-07-11,17.1800,17.2400,13.4000,14.7100,12191400
2014-07-03,16.5400,18.3000,16.2450,17.2400,7188900
2014-06-27,16.8600,17.4500,16.3100,16.6200,7932700
2014-06-20,17.0300,18.1000,16.3100,16.7900,10921900
2014-06-13,15.1400,18.1200,15.0400,17.1500,16898100
2014-06-06,14.6400,15.9300,12.9100,15.1400,13295200
2014-05-30,13.4100,15.1300,13.4001,14.6100,8636600
2014-05-23,13.2400,13.8200,12.3550,13.3000,9738000
2014-05-16,13.2200,15.9700,12.3700,13.3300,22199400
2014-05-09,14.2600,14.4000,10.7600,12.7900,14984200
2014-05-02,14.0900,15.1000,13.1500,14.5100,11203300
2014-04-25,14.4600,16.1600,13.8100,14.0400,11689800
2014-04-17,14.3900,14.9300,12.5000,14.2400,12823700
2014-04-11,15.8100,17.2000,13.9300,14.0200,14539500
2014-04-04,17.0900,18.5200,15.6100,15.9700,15119200
2014-03-28,21.7800,21.9799,16.8600,16.9500,18383100
2014-03-21,23.9500,25.3400,21.3200,21.5200,10658400
2014-03-14,25.0300,25.3800,23.0350,23.1400,9780900
2014-03-07,27.3600,28.4500,25.2100,25.3600,13371900
2014-02-28,31.8500,33.3300,28.6800,29.2200,11644800
2014-02-21,26.7800,31.8250,26.7600,31.5600,8932300
2014-02-14,25.2200,28.2000,25.1010,27.1800,9319900
2014-02-07,25.7200,26.1515,22.7550,25.3500,12414700
2014-01-31,26.8100,27.1900,25.0100,25.7800,7793100
2014-01-24,28.4700,30.4800,27.0000,27.1400,7845000
2014-01-17,25.0300,29.3400,24.2600,28.3200,14803900
2014-01-10,24.8000,24.8000,22.2400,24.3900,8038500
2014-01-03,23.4900,24.8400,22.8600,24.2800,6300500
2013-12-27,23.7000,24.6900,22.8600,23.2900,7381000
2013-12-20,22.9200,24.2400,22.5200,23.3200,12169200
2013-12-13,25.9000,26.0121,21.7400,22.5200,11066000
2013-12-06,28.2500,28.2800,24.6400,25.8700,14313400
2013-11-29,26.2800,28.0000,25.2300,27.7600,9918400
2013-11-22,24.8900,29.4290,23.7000,28.3100,12225000
2013-11-15,26.7500,26.7500,24.3400,24.8400,10383700
2013-11-08,22.7500,29.1753,20.8500,25.6500,19510700
2013-11-01,24.6500,24.9280,22.0713,22.6200,11632200
2013-10-25,25.4700,26.0000,22.7900,24.6500,18362100
2013-10-18,26.0400,28.5860,25.1100,25.8000,12885100
2013-10-11,31.8800,33.1599,25.2000,27.2200,25179600
2013-10-04,34.5300,38.8400,32.2000,32.5500,20533200
2013-09-27,29.7200,37.9800,29.4100,36.0100,23207500
2013-09-20,24.4800,29.3100,24.2100,28.9600,13702500
2013-09-13,24.0000,24.9825,22.9300,23.9000,6801400
2013-09-06,22.0900,25.1000,21.9500,23.7900,6974100
2013-08-30,23.8000,23.9900,21.3800,21.7200,7156300
2013-08-23,20.0300,23.9200,19.9750,23.5900,8508500
2013-08-16,19.5400,20.6000,19.2800,20.1200,7477900
2013-08-09,21.6500,22.4000,18.5700,18.9500,8882000
2013-08-02,20.2700,21.8900,19.6630,21.5700,5304100
2013-07-26,21.1100,21.8800,19.2010,20.2700,6730200
2013-07-19,20.7000,21.7100,20.0000,21.0800,7818900
2013-07-12,21.4000,21.9800,19.2000,20.3300,14755500
2013-07-05,16.0600,21.4200,16.0000,21.2700,16012900
2013-06-28,13.8100,15.9150,13.4600,15.6100,11466600
2013-06-21,16.2500,16.4100,13.5800,14.0600,8882300
2013-06-14,15.1700,16.4800,14.7400,16.0500,12957200
2013-06-07,13.5300,14.6000,12.9500,14.5700,11219100
2013-05-31,12.6200,13.2600,12.3300,12.7850,3899200
2013-05-24,12.8400,13.0550,11.9000,12.4100,4554600
2013-05-17,12.0400,13.4800,12.0200,12.6900,5214300
2013-05-10,12.4600,13.0000,11.3400,12.0900,5341000
2013-05-03,13.7600,13.9400,12.3300,12.5200,5511000
2013-04-26,13.0400,14.0900,12.8300,13.4500,7965200
2013-04-19,11.9100,13.1200,11.0100,13.0300,10325700
2013-04-12,11.2000,12.3360,10.9899,11.9400,6034700
2013-04-05,11.4700,11.7200,10.7300,11.1300,5845200
2013-03-28,11.2200,11.9599,10.7000,11.5800,4499100
2013-03-22,11.9600,12.1500,10.8600,11.2100,6898100
2013-03-15,12.1600,12.4800,11.6600,12.0600,13892200
2013-03-08,10.2900,12.4900,9.1300,12.3200,20405800
2013-03-01,9.4400,10.6560,8.9800,10.2600,14479300
2013-02-22,8.3400,9.4000,8.3100,9.3600,8342800
2013-02-15,7.6500,8.5300,7.6200,8.3000,5723100
2013-02-08,7.5400,7.9200,6.9000,7.6700,13512600
2013-02-01,7.3000,7.6500,7.1000,7.5600,3081100
2013-01-25,7.5700,7.6700,7.1300,7.3100,2936700
2013-01-18,7.6100,7.6600,7.1150,7.3200,3483500
2013-01-11,7.0800,7.7000,6.9000,7.6200,5401500
2013-01-04,6.6300,7.1900,6.5001,7.0800,4120100
2012-12-28,6.6200,6.9000,6.4200,6.6600,3433200
2012-12-21,6.7100,6.8100,6.3600,6.6300,4592300
2012-12-14,6.1700,7.2000,6.1500,6.7000,15327600
2012-12-07,6.0300,6.2400,5.3800,5.5200,3628300
2012-11-30,5.6200,6.2690,5.5800,5.9400,4324100
2012-11-23,5.2600,5.6400,5.1900,5.6200,1638100
2012-11-16,5.4000,5.6700,5.0200,5.1800,3258700
2012-11-09,5.8600,5.9500,5.2700,5.3800,3152800
2012-11-02,5.5000,5.9700,5.4800,5.9392,1761100
2012-10-26,5.6300,5.7100,5.2500,5.4700,2932600
2012-10-19,5.8600,6.1800,5.5700,5.6400,2333800
2012-10-12,6.4100,6.4599,5.8200,5.8800,2786500
2012-10-05,6.3000,6.7100,6.2200,6.4600,3681000
2012-09-28,6.2900,6.3900,6.0100,6.3000,3328100
2012-09-21,5.9000,6.6150,5.7600,6.3800,5119600
2012-09-14,5.8200,6.0500,5.6400,5.8800,3538400
2012-09-07,5.6500,6.1200,5.5600,5.8100,3826800
2012-08-31,5.1400,5.6600,5.0500,5.6400,4968300
2012-08-24,4.6400,5.1100,4.4700,5.1100,2893500
2012-08-17,4.5500,4.8200,4.4600,4.6500,2671000
2012-08-10,4.8800,5.0000,4.5500,4.5600,2913000
2012-08-03,5.2900,5.3100,4.7200,4.8600,3118800
2012-07-27,5.3300,5.4300,5.0200,5.2700,2990800
2012-07-20,5.2500,5.5600,5.2100,5.4000,3660800
2012-07-13,5.3300,5.6200,5.0000,5.3000,3857800
2012-07-06,5.1300,5.7200,5.0700,5.3550,3517800
2012-06-29,4.7700,5.3000,4.6600,5.1750,2909913
2012-06-22,4.3200,4.8800,4.3000,4.8600,6310800
2012-06-15,4.3900,4.3900,4.0200,4.3400,3610400
2012-06-08,4.0300,4.4900,3.9100,4.3400,3976300
2012-06-01,4.5800,4.6000,3.9500,3.9900,6308800
2012-05-25,4.1200,4.7000,4.0300,4.5000,16323200
2012-05-18,4.1400,4.6200,3.9900,4.1100,8335100
2012-05-11,4.0600,4.2400,3.9000,4.1300,4798100
2012-05-04,4.3900,4.7850,3.9600,4.0500,6858600
2012-04-27,4.0800,4.4100,3.8800,4.3800,3063000
2012-04-20,4.2000,4.3600,4.0600,4.1700,2833300
2012-04-13,4.9300,4.9800,4.0400,4.1800,5943900
2012-04-05,5.0700,5.3000,4.8700,5.0200,3095300
2012-03-30,5.0000,5.4700,4.9500,5.0900,6269800
2012-03-23,4.4900,5.0300,4.4600,4.9600,5063600
2012-03-16,3.9200,4.5100,3.8200,4.4800,5427000
2012-03-09,3.7900,4.0000,3.5200,3.9000,5498600
2012-03-02,3.9400,4.0500,3.6900,3.7700,6452600
2012-02-24,4.8900,4.9000,3.8500,3.8500,10241000
2012-02-17,5.1200,5.2400,4.7500,4.8700,1818600
2012-02-10,5.0000,5.3400,4.8700,5.0700,2312900
2012-02-03,4.4500,5.6600,4.3900,4.9800,5672600
2012-01-27,3.9901,4.5500,3.8500,4.4900,2659200
2012-01-20,3.3800,4.2300,3.2100,3.9800,5047800
2012-01-13,3.1200,3.2000,3.0500,3.1500,1051110
2012-01-06,2.6500,3.2000,2.6500,3.1200,974000
2011-12-30,2.7200,2.7500,2.5300,2.6000,876600
2011-12-23,2.9200,2.9200,2.6500,2.7700,947400
2011-12-16,2.8500,2.9200,2.6700,2.9200,1274800
2011-12-09,2.9400,2.9500,2.7200,2.8900,970000
2011-12-02,2.4000,3.0400,2.3900,2.9000,1056311
2011-11-25,2.8600,2.9800,2.2900,2.2900,1252400
2011-11-18,2.8300,3.0000,2.5400,2.7200,1070100
2011-11-11,2.9300,3.0800,2.6400,2.8500,968200
2011-11-04,3.0200,3.2500,2.9000,2.9400,1188100
2011-10-28,2.5200,3.2800,2.5000,3.0300,1569700
2011-10-21,2.5500,2.6300,2.4000,2.5000,682100
2011-10-14,2.4100,2.6200,2.3100,2.5900,840600
2011-10-07,2.2700,2.4400,2.0500,2.3700,1490200
2011-09-30,2.5300,2.6500,2.2700,2.2850,1353500
2011-09-23,2.7300,2.9300,2.4500,2.5100,1300700
2011-09-16,2.7000,2.7900,2.5000,2.7900,1073900
2011-09-09,2.6700,3.0800,2.6150,2.6900,1026100
2011-09-02,2.8500,3.1700,2.7200,2.7600,1102800
2011-08-26,2.6600,2.8790,2.5000,2.8200,1013900
2011-08-19,2.6300,2.9900,2.5400,2.6000,1150800
2011-08-12,2.5800,2.7899,2.2600,2.6200,2284300
2011-08-05,3.6100,3.6450,2.6300,2.8000,2149300
2011-07-29,3.6000,3.6800,3.4900,3.5900,953900
2011-07-22,3.7100,3.7100,3.4500,3.6500,1299200
2011-07-15,3.6600,3.8800,3.4900,3.7100,1179500
2011-07-08,3.5300,3.7300,3.4400,3.6900,994300
2011-07-01,3.5400,3.6900,3.4500,3.5200,1466700
2011-06-24,3.1600,3.6000,3.1100,3.5800,3361600
2011-06-17,3.2500,3.3500,3.0200,3.1600,1852100
2011-06-10,3.4890,3.6100,3.2100,3.2300,1268400
2011-06-03,3.7800,3.8000,3.4400,3.5800,2649200
2011-05-27,3.5200,3.8000,3.3500,3.7600,1860300
2011-05-20,3.9200,4.0010,3.2700,3.5400,7923400
2011-05-13,4.0000,4.1200,3.6600,3.8650,939409
2011-05-06,4.2700,4.2900,3.9100,4.0100,1198300
2011-04-29,3.9300,4.3000,3.9100,4.2600,1290700
2011-04-21,4.0200,4.1200,3.9000,3.9300,1186800
2011-04-15,4.1800,4.2000,4.0300,4.0500,1359800
2011-04-08,4.4500,4.7000,4.1000,4.2000,2636700
2011-04-01,3.8700,4.4000,3.8000,4.4000,1804200
2011-03-25,3.8400,3.9600,3.7800,3.8500,1166400
2011-03-18,3.8100,3.9300,3.6100,3.8100,1105100
2011-03-11,4.1200,4.1500,3.8100,3.8400,1183500
2011-03-04,3.9400,4.2700,3.7900,4.0900,2229000
2011-02-25,3.6900,4.0200,3.6100,3.8700,1858100
2011-02-18,3.5000,3.8500,3.4600,3.7200,1035200
2011-02-11,3.6000,3.7401,3.4800,3.5000,1035200
2011-02-04,3.8900,3.9000,3.4500,3.5800,1588700
2011-01-28,3.7400,3.8900,3.4000,3.7900,2637000
2011-01-21,3.9500,3.9500,3.5500,3.7400,1458000
2011-01-14,3.8500,4.0400,3.6850,3.9000,1507700
2011-01-07,4.1800,4.2400,3.7600,3.8600,2346000
2010-12-31,4.1700,4.2500,4.0900,4.1200,1222900
2010-12-23,4.3000,4.3799,4.1200,4.1450,960800
2010-12-17,4.2300,4.2900,4.0900,4.2700,1495900
2010-12-10,4.1300,4.2900,4.0700,4.2300,925800
2010-12-03,4.3200,4.4000,4.0500,4.1200,1320700
2010-11-26,4.8300,4.9800,4.0900,4.3000,3239900
2010-11-19,4.3500,4.6500,4.1500,4.6200,1232300
2010-11-12,4.7100,4.8900,4.2600,4.3400,1139500
2010-11-05,4.4900,4.7300,4.0600,4.7000,1592300
2010-10-29,4.5200,4.5900,4.3000,4.4500,1063600
2010-10-22,4.6300,4.7300,4.4500,4.4900,1418100
2010-10-15,4.4600,4.7800,4.2900,4.6300,1893600
2010-10-08,4.1400,4.9600,3.9000,4.4100,11856700
2010-10-01,4.2600,4.2601,3.7500,4.1300,1675900
2010-09-24,3.8200,4.2900,3.8200,4.1600,2122900
2010-09-17,3.5600,3.9800,3.4600,3.7800,3069600
2010-09-10,3.5300,3.6100,3.3205,3.4900,2776300
2010-09-03,4.4200,4.8000,2.9100,3.5300,8604400
2010-08-27,4.4500,4.5500,4.2100,4.4600,1147169
2010-08-20,4.6000,4.8800,4.3900,4.4100,1412400
2010-08-13,5.1500,5.1500,4.5801,4.6400,1944300
2010-08-06,5.2100,5.5900,4.9300,5.1100,2145900
2010-07-30,5.0000,5.3100,4.8600,5.1300,1874800
2010-07-23,4.5100,5.0400,4.4000,4.9600,3559600
2010-07-16,4.7900,5.0400,4.4500,4.5100,2201200
2010-07-09,4.6500,4.8500,4.2500,4.8000,1759800
2010-07-02,5.0000,5.1400,4.2700,4.5400,2418200
2010-06-25,5.0700,5.1400,4.6200,5.0500,3276500
2010-06-18,5.2200,5.4000,4.9600,5.0300,2524600
2010-06-11,6.7100,6.7300,4.5300,5.1300,7945200
2010-06-04,6.6500,6.8800,6.3100,6.5600,2753900
2010-05-28,7.0600,7.4400,6.3500,6.7100,3991200
2010-05-21,9.1600,9.4900,6.3600,6.9700,10042600
2010-05-14,8.2400,9.2800,7.5500,9.0100,5157000
2010-05-07,8.2600,8.5600,7.1400,7.5000,5904000
2010-04-30,7.2500,8.4800,7.1400,8.1700,5196900
2010-04-23,7.0400,7.4400,6.9100,7.2300,1759600
2010-04-16,6.9600,7.4100,6.5100,7.0300,3063200
2010-04-09,6.2300,7.0700,5.7200,6.8600,3491700
2010-04-01,6.1300,6.5900,5.9900,6.1700,1927000
2010-03-26,5.6000,6.4800,5.4100,6.1500,4312100
2010-03-19,5.2500,5.7900,5.0500,5.6000,2687200
2010-03-12,5.1800,5.5500,5.1500,5.2400,1601600
2010-03-05,5.1500,5.6000,4.9601,5.1200,3902200
2010-02-26,4.6300,5.1800,4.6100,5.1400,2590500
2010-02-19,4.4800,4.7500,4.4300,4.6100,1102000
2010-02-12,4.4800,4.6200,4.3800,4.4600,1231400
2010-02-05,4.4500,4.5300,4.3500,4.4600,1185300
2010-01-29,4.6000,4.6400,4.3500,4.4600,1218800
2010-01-22,4.6300,4.8300,4.4399,4.5200,1144400
2010-01-15,4.7200,4.9900,4.5800,4.6000,2289200
2010-01-08,4.6900,4.7800,4.5100,4.7000,1426400
2009-12-31,4.6400,4.7500,4.5000,4.6700,1259600
2009-12-24,4.4200,4.7000,4.2700,4.6800,1400000
2009-12-18,4.9500,5.0700,4.2200,4.4200,3354500
2009-12-11,4.5600,4.6500,4.4000,4.4900,1077800
2009-12-04,4.5500,4.8600,4.4000,4.5400,1409300
2009-11-27,4.9800,5.0500,4.4500,4.5600,825700
2009-11-20,5.3500,5.3700,4.7500,4.8800,1000900
2009-11-13,5.1000,5.3900,4.9300,5.2900,1905000
2009-11-06,4.3700,5.1200,4.1900,5.0500,1727600
2009-10-30,4.7000,4.7000,4.1600,4.3600,2106400
2009-10-23,5.2200,5.2399,4.5400,4.7400,2120200
2009-10-16,5.2900,5.3200,4.9000,5.1500,1655100
2009-10-09,5.7500,5.7500,5.1100,5.2600,2088200
2009-10-02,5.0600,5.7400,5.0000,5.6600,3523600
2009-09-25,5.4500,5.4900,4.8500,4.9500,1142500
2009-09-18,5.5600,5.6000,5.3700,5.4700,1079100
2009-09-11,5.7000,5.7900,5.3300,5.5400,905800
2009-09-04,5.9200,5.9200,5.0800,5.4600,941400
2009-08-28,6.0800,6.8500,5.9500,5.9500,1033000
2009-08-21,5.6500,6.1700,4.8000,6.0300,1855300
2009-08-14,7.0000,7.0000,5.7500,5.8100,838000
2009-08-07,7.7300,7.8100,6.7600,6.8000,945700
2009-07-31,7.6500,8.1000,7.3301,7.6000,1385600
2009-07-24,7.1500,7.9300,6.9600,7.6300,919300
2009-07-17,7.1000,7.3400,6.8500,6.9300,460100
2009-07-10,7.3400,7.6900,6.7000,7.1000,1240400
2009-07-02,7.8500,8.2800,7.4400,7.4400,873800
2009-06-26,9.2300,9.2700,7.7300,7.7400,1868900
2009-06-19,10.6000,10.6300,8.7400,9.3200,900800
2009-06-12,11.2000,11.2199,10.1600,10.5400,646600
2009-06-05,9.0200,11.8200,9.0200,11.0000,8471100
2009-05-29,7.8600,9.0200,7.7000,9.0200,336300
2009-05-22,7.8200,8.9800,7.6500,7.9500,268000
2009-05-15,7.8200,8.6700,7.5100,7.6900,228300
2009-05-08,9.8200,10.5000,7.5100,8.0500,292100
2009-05-01,8.2000,10.2800,7.6101,9.7100,439600
2009-04-24,7.4500,8.2200,7.3000,7.7100,194700
2009-04-17,7.1900,7.9200,7.0550,7.7500,145700
2009-04-09,7.0200,7.4810,6.7900,7.3500,109200
2009-04-03,6.0200,7.2599,5.7700,7.2000,135200
2009-03-27,6.8600,7.1500,5.7900,6.2300,227900
2009-03-20,6.3700,7.2400,6.0300,6.8500,155600
2009-03-13,5.2500,6.9900,5.2330,6.5500,200000
2009-03-06,6.8000,7.0000,5.1300,5.3500,236800
2009-02-27,8.0300,8.3300,6.8000,6.8600,190300
2009-02-20,9.3800,9.6375,7.7200,7.9500,113000
2009-02-13,11.0600,11.7500,9.2900,9.9000,223400
2009-02-06,7.3000,11.3501,7.2700,11.1600,314200
2009-01-30,6.9100,8.4500,6.6100,7.4300,194400
2009-01-23,7.5100,7.6900,6.4337,6.9100,180000
2009-01-16,7.2800,7.6400,6.1000,7.3600,115500
2009-01-09,7.9900,8.8400,7.1100,7.1500,172800
2009-01-02,6.4000,8.4800,6.1500,7.9900,216800
2008-12-26,5.9100,6.4700,5.6000,6.4400,139600
2008-12-19,4.7600,5.9300,4.5100,5.9300,477500
2008-12-12,5.2400,6.3000,4.5800,4.9400,225100
2008-12-05,6.6600,6.8000,4.3600,5.1700,225600
2008-11-28,5.5800,6.4900,4.9200,6.4900,93000
2008-11-21,6.2500,6.2501,4.2400,5.5500,235000
2008-11-14,6.4500,7.0000,5.9000,6.2400,185300
2008-11-07,7.7400,8.0000,5.8500,6.4100,218600
2008-10-31,6.1800,7.7500,5.6000,7.7500,230900
2008-10-24,7.2400,7.5801,6.0000,6.2300,245300
2008-10-17,7.8200,9.0000,6.0800,7.0500,375100
2008-10-10,10.9100,11.4000,4.6100,7.8100,674000
2008-10-03,11.7200,13.0000,9.8000,11.0900,256300
2008-09-26,12.4700,12.4900,11.2300,11.8300,388900
2008-09-19,10.9200,12.6500,9.7300,12.5300,821500
2008-09-12,11.7000,11.9600,9.6700,11.1100,616200
2008-09-05,14.2000,14.2000,10.8800,11.6700,489900
2008-08-29,13.7500,14.7600,13.0700,13.8300,325000
2008-08-22,15.2100,15.3400,13.2600,13.8600,219800
2008-08-15,13.3600,16.0000,12.9600,15.1800,380500
2008-08-08,16.4000,16.4400,12.9200,13.3600,508200
2008-08-01,16.3000,16.7900,15.4500,16.2900,318500
2008-07-25,15.8700,16.9800,15.4700,16.3800,572800
2008-07-18,14.4200,15.8900,14.0100,15.5800,761400
2008-07-11,14.5900,15.1800,13.6400,14.4900,840900
2008-07-03,13.0100,15.0300,13.0000,14.4600,909600
2008-06-27,14.5300,15.0300,12.5900,13.6300,3062700
2008-06-20,16.3200,16.7800,14.0500,15.0300,699800
2008-06-13,17.5100,18.1700,15.8400,16.1800,816300
2008-06-06,14.0100,17.9000,14.0100,17.4300,9571000
2008-05-30,14.4600,14.4900,12.8700,14.0100,339900
2008-05-23,14.9600,14.9600,12.7600,14.1900,475900
2008-05-16,11.7800,14.9400,11.3800,14.7800,540200
2008-05-09,11.3700,11.9300,11.2600,11.6200,187400
2008-05-02,11.0000,11.4700,10.6600,11.3600,151400
2008-04-25,10.3700,11.0000,9.9100,10.8400,435800
2008-04-18,10.4700,13.8900,9.9600,10.2200,1789900
2008-04-11,10.6000,10.8900,9.8900,10.3800,172900
2008-04-04,9.7900,12.2500,9.5000,10.5800,256900
2008-03-28,7.0800,9.9100,7.0800,9.6100,131400
2008-03-20,7.2600,7.5300,6.9300,7.1900,39600
2008-03-14,7.4100,8.0000,6.9500,7.5400,280700
2008-03-07,0.6908,0.7600,0.6300,0.6300,788309
2008-02-29,0.7200,0.7400,0.6800,0.6900,393600
2008-02-22,0.6700,0.8000,0.6500,0.6900,644400
2008-02-15,0.7400,0.7500,0.6800,0.6800,608400
2008-02-08,0.7000,0.7500,0.6500,0.7300,683461
2008-02-01,0.5800,0.7000,0.5600,0.7000,920400
2008-01-25,0.5500,0.6400,0.5200,0.6000,793200
2008-01-18,0.5800,0.6200,0.5600,0.5900,618000
2008-01-11,0.6500,0.6700,0.4700,0.5800,1395600
2008-01-04,0.4800,0.6400,0.4800,0.6200,1645200
2007-12-28,0.4600,0.5300,0.4600,0.4700,1486800
2007-12-21,0.5000,0.5300,0.4600,0.4900,2180400
2007-12-14,0.5400,0.5500,0.4700,0.5100,1036800
2007-12-07,0.4700,0.5700,0.4500,0.5500,1624800
2007-11-30,0.6000,0.6200,0.4500,0.4800,3286800
2007-11-23,0.4200,0.5400,0.4100,0.5400,1472400
2007-11-16,0.4800,0.5200,0.4100,0.4200,1803600
2007-11-09,0.6200,0.6200,0.4000,0.5000,1416000
2007-11-02,0.6200,0.6400,0.5100,0.5500,774000
2007-10-26,0.7000,0.7900,0.6000,0.6100,3541200
2007-10-19,0.5000,0.6900,0.4500,0.5500,1514400
2007-10-12,0.5300,0.5500,0.4500,0.5000,579600
2007-10-05,0.5800,0.5800,0.4800,0.5100,694027
2007-09-28,0.6500,0.6700,0.5500,0.5600,780000
2007-09-21,0.6800,0.7300,0.6500,0.6700,546000
2007-09-14,0.7300,0.7700,0.6200,0.6900,894000
2007-09-07,0.5500,0.7500,0.5300,0.7300,1226400
2007-08-31,0.4200,0.5500,0.4200,0.5300,700800
2007-08-24,0.5200,0.5900,0.4000,0.4300,1347600
2007-08-17,0.5800,0.6100,0.5100,0.5300,677065
2007-08-10,0.5700,0.6000,0.5000,0.5500,1430400
2007-08-03,0.7200,0.7300,0.5700,0.6000,954000
2007-07-27,0.7200,0.7500,0.7000,0.7100,591550
2007-07-20,0.8400,0.8800,0.7100,0.7300,789600
2007-07-13,0.8600,0.9300,0.8300,0.8502,545917
2007-07-06,0.8100,0.8900,0.8100,0.8600,330000
2007-06-29,0.7500,0.9300,0.7500,0.8300,1272203
2007-06-22,0.9000,0.9100,0.7400,0.7400,1651200
2007-06-15,0.9000,0.9400,0.8900,0.9000,705600
2007-06-08,0.9500,0.9800,0.9000,0.9300,786000
2007-06-01,0.9300,1.0300,0.9000,0.9500,591849
2007-05-25,1.1000,1.1000,0.9205,0.9205,912100
2007-05-18,0.9500,1.1000,0.8600,1.0400,2198400
2007-05-11,0.9500,1.0500,0.9100,0.9400,1460400
2007-05-04,1.2200,1.2200,0.9100,0.9500,1904357
2007-04-27,1.2200,1.2600,1.1100,1.1400,1194000
2007-04-20,1.4000,1.4000,1.1500,1.2400,2858400
2007-04-13,1.4000,1.5000,1.3500,1.4200,585600
2007-04-05,1.4500,1.4500,1.3500,1.4000,376800
2007-03-30,1.3400,1.4900,1.3100,1.4600,824400
2007-03-23,1.3000,1.3600,1.3000,1.3400,679200
2007-03-16,1.3300,1.3500,1.2800,1.3100,556800
2007-03-09,1.3600,1.4400,1.3000,1.3000,988800
2007-03-02,1.5000,1.5500,1.3700,1.3900,919200
2007-02-23,1.3800,1.4800,1.3600,1.4800,467663
2007-02-16,1.4600,1.4800,1.3700,1.3900,639600
2007-02-09,1.4000,1.4600,1.3500,1.4400,618000
2007-02-02,1.3400,1.3900,1.3200,1.3800,494400
2007-01-26,1.3400,1.3800,1.3000,1.3600,556800
2007-01-19,1.4200,1.4400,1.3300,1.3600,416400
2007-01-12,1.3300,1.4300,1.3300,1.4000,634800
2007-01-05,1.3200,1.4000,1.3100,1.3500,360000
2006-12-29,1.3600,1.4000,1.2700,1.3400,2138400
2006-12-22,1.3600,1.4100,1.3100,1.4000,967200
2006-12-15,1.4400,1.4600,1.3600,1.3700,650400
2006-12-08,1.4800,1.5400,1.3700,1.4500,902400
2006-12-01,1.6000,1.6200,1.4400,1.4700,826800
2006-11-24,1.4600,1.6100,1.4500,1.6000,903600
2006-11-17,1.3900,1.4800,1.3300,1.4500,1353600
2006-11-10,1.3600,1.4400,1.3400,1.4000,762000
2006-11-03,1.4500,1.4800,1.3300,1.3800,1429200
2006-10-27,1.5400,1.5400,1.4200,1.4500,1093200
2006-10-20,1.4000,1.6700,1.3700,1.5500,2425200
2006-10-13,1.3900,1.4700,1.3300,1.4000,620400
2006-10-06,1.3500,1.4800,1.2800,1.4200,1267200
2006-09-29,1.2900,1.3500,1.2500,1.3100,818400
2006-09-22,1.4000,1.5500,1.2900,1.3200,1328400
2006-09-15,1.4200,1.4500,1.3700,1.4400,657600
2006-09-08,1.4600,1.4800,1.4000,1.4500,321600
2006-09-01,1.4500,1.5200,1.4100,1.4700,466800
2006-08-25,1.4000,1.5000,1.4000,1.4600,332400
2006-08-18,1.4200,1.4400,1.3000,1.4200,986400
2006-08-11,1.4700,1.4900,1.4000,1.4200,348000
2006-08-04,1.5100,1.6000,1.4500,1.4900,656400
2006-07-28,1.4400,1.6500,1.3700,1.5200,526800
2006-07-21,1.4500,1.5300,1.3500,1.3500,572400
2006-07-14,1.5700,1.6000,1.4400,1.4700,558000
2006-07-07,1.6400,1.6700,1.5500,1.5900,314400
2006-06-30,1.5200,1.7300,1.5200,1.6100,942000
2006-06-23,1.6000,1.6300,1.4900,1.5400,698400
2006-06-16,1.5500,1.6300,1.4600,1.5900,904800
2006-06-09,1.7000,1.7000,1.5300,1.5500,1081200
2006-06-02,1.7000,1.7500,1.6500,1.6800,686400
2006-05-26,1.7000,1.8400,1.6400,1.7000,933600
2006-05-19,1.7500,1.7900,1.6300,1.6800,1040400
2006-05-12,1.8800,1.9700,1.7200,1.7600,2023200
2006-05-05,1.8000,2.0200,1.7800,1.9100,2086800
2006-04-28,1.9300,1.9600,1.7800,1.7800,1491600
2006-04-21,2.0000,2.0500,1.9000,1.9200,1879200
2006-04-13,2.0800,2.1100,1.9000,2.0300,2518800
2006-04-07,2.5500,2.5500,2.0700,2.0800,3163200
2006-03-31,2.5000,2.5400,2.2300,2.5100,5437200
2006-03-24,1.9300,2.8200,1.8500,2.4800,18693600
2006-03-17,1.8800,2.0000,1.8600,1.9300,1816800
2006-03-10,1.9900,2.0100,1.7600,1.9400,2340000
2006-03-03,1.8700,2.1900,1.8400,1.9900,4609200
2006-02-24,1.8500,2.1500,1.8500,2.0100,3956400
2006-02-17,1.7900,1.9200,1.7200,1.8400,1548000
2006-02-10,1.9200,1.9400,1.6400,1.7700,2418000
2006-02-03,1.9200,2.0300,1.9200,1.9300,1546800
2006-01-27,1.9000,2.0300,1.9000,1.9500,1482000
2006-01-20,2.0200,2.0500,1.8900,1.9400,1484400
2006-01-13,2.1000,2.1200,1.9400,2.0000,2576400
2006-01-06,1.8700,2.0900,1.8300,2.0800,3292800
2005-12-30,1.8600,1.9000,1.7200,1.8800,2676000
2005-12-23,1.9100,1.9300,1.7500,1.8700,3133200
2005-12-16,1.6400,2.2200,1.6100,1.8700,7764000
2005-12-09,1.8400,1.8400,1.6100,1.6300,1117200
2005-12-02,1.6500,1.8400,1.6300,1.8400,1599600
2005-11-25,1.8100,1.8400,1.6400,1.6400,1183200
2005-11-18,1.6000,1.9700,1.5400,1.8500,4846800
2005-11-11,1.6100,1.6500,1.4300,1.4600,1327200
2005-11-04,1.3500,1.6800,1.3200,1.5800,2799600
2005-10-28,1.3300,1.6800,1.2900,1.3200,3700800
2005-10-21,1.3000,1.4500,1.2700,1.3400,1016400
2005-10-14,1.2800,1.4200,1.2500,1.2900,990000
2005-10-07,1.2900,1.3200,1.2300,1.2800,723600
2005-09-30,1.3400,1.4000,1.2800,1.3000,518400
2005-09-23,1.3400,1.4400,1.3200,1.3900,369600
2005-09-16,1.4000,1.4400,1.3400,1.3800,537600
2005-09-09,1.4000,1.5000,1.3800,1.4000,1099200
2005-09-02,1.3100,1.4300,1.2800,1.4000,879600
2005-08-26,1.3600,1.3600,1.2600,1.3200,650400
2005-08-19,1.3000,1.3300,1.2400,1.2900,697200
2005-08-12,1.2800,1.3300,1.2600,1.3000,987600
2005-08-05,1.3500,1.4000,1.2800,1.3100,789600
2005-07-29,1.3800,1.5600,1.3100,1.3400,1830000
2005-07-22,1.3200,1.4600,1.3000,1.4000,1626000
2005-07-15,1.3700,1.3900,1.2300,1.3100,904800
2005-07-08,1.2200,1.3700,1.0900,1.3700,1964400
2005-07-01,1.1900,1.2400,1.1300,1.2200,1456800
2005-06-24,1.2500,1.3200,1.1500,1.2100,3942000
2005-06-17,1.2700,1.3000,1.2000,1.2700,2103600
2005-06-10,1.3700,1.3700,1.2400,1.2800,1418400
2005-06-03,1.4000,1.4500,1.3000,1.3200,1383600
2005-05-27,1.4200,1.5100,1.3700,1.4500,1311600
2005-05-20,1.3400,1.6300,1.2500,1.3600,2043600
2005-05-13,1.2700,1.3500,1.2300,1.2600,1369200
2005-05-06,1.2100,1.4500,1.2000,1.2500,1443600
2005-04-29,1.4900,1.5300,1.2000,1.2200,1281600
2005-04-22,1.3300,1.5300,1.3000,1.5000,1269600
2005-04-15,1.5000,1.5200,1.3100,1.3300,1489200
2005-04-08,1.6000,1.6000,1.4900,1.5000,1290000
2005-04-01,1.6200,1.6500,1.5500,1.6000,1254000
2005-03-24,1.5700,1.6700,1.5400,1.6200,894000
2005-03-18,1.6500,1.9400,1.5500,1.5900,3578400
2005-03-11,1.6100,1.7100,1.6000,1.6500,1455600
2005-03-04,1.6600,1.7900,1.6100,1.6600,1689600
2005-02-25,1.6800,1.7200,1.5500,1.6200,1455600
2005-02-18,1.8000,1.8200,1.6700,1.6900,1454400
2005-02-11,1.8100,1.9000,1.7200,1.7900,1236000
2005-02-04,1.8300,1.9100,1.7400,1.8500,1588800
2005-01-28,1.9300,1.9900,1.7400,1.7600,1680000
2005-01-21,2.0000,2.0500,1.9000,1.9300,962400
2005-01-14,2.1200,2.2800,1.9500,2.0400,2593200
2005-01-07,2.1000,2.1400,1.9600,2.0800,2038800
2004-12-31,2.0000,2.4700,1.9100,2.0100,6021600
2004-12-23,1.8400,2.0500,1.8400,2.0000,2007600
2004-12-17,1.8500,1.9000,1.8300,1.8700,1452000
2004-12-10,1.8200,2.0000,1.8100,1.9000,2275200
2004-12-03,1.8100,1.9200,1.8000,1.8300,1716000
2004-11-26,1.8300,1.9200,1.7900,1.8000,932400
2004-11-19,1.9200,1.9700,1.8300,1.8500,1555200
2004-11-12,2.1200,2.1300,1.8800,1.9300,1491600
2004-11-05,1.9200,2.1800,1.8500,2.0800,1833600
2004-10-29,1.7900,1.9700,1.7000,1.8700,1744800
2004-10-22,1.7900,1.8900,1.6600,1.7500,1378800
2004-10-15,1.7600,1.9100,1.7400,1.7600,834000
2004-10-08,1.8500,1.8900,1.7300,1.7600,1095600
2004-10-01,1.8500,1.8500,1.6500,1.8200,1814400
2004-09-24,2.0300,2.0500,1.8200,1.8300,1035600
2004-09-17,2.1400,2.3100,2.0100,2.0400,1191600
2004-09-10,2.1400,2.2100,1.9900,2.1500,841200
2004-09-03,1.9000,2.5400,1.7500,2.0300,1666800
2004-08-27,2.0000,2.0400,1.8500,1.9100,782400
2004-08-20,1.6400,1.9400,1.5700,1.9300,1041600
2004-08-13,1.7000,1.7900,1.5700,1.6000,897600
2004-08-06,2.0400,2.0400,1.6700,1.7200,1428000
2004-07-30,1.9000,2.0900,1.5400,2.0000,3451200
2004-07-23,2.4800,2.5700,1.8000,1.8800,3364800
2004-07-16,2.3200,2.8000,2.2600,2.4500,1741200
2004-07-09,2.5000,2.5300,2.3000,2.3200,826800
2004-07-02,2.4200,2.7400,2.4200,2.5100,1569600
2004-06-25,2.4000,2.6100,2.3200,2.5100,1356000
2004-06-18,2.4100,2.5200,2.3100,2.4800,1573200
2004-06-10,2.6000,2.6500,2.4100,2.4500,967200
2004-06-04,2.3900,2.6000,2.3700,2.5700,886800
2004-05-28,2.6700,2.6700,2.3000,2.4300,1792800
2004-05-21,2.7600,2.8400,2.5100,2.6000,1923600
2004-05-14,2.5600,2.8300,2.5000,2.7600,1983600
2004-05-07,2.8100,3.0400,2.6200,2.6700,2382000
2004-04-30,2.7900,3.2200,2.6500,2.7900,7076400
2004-04-23,2.2700,2.8000,2.2700,2.7700,6358800
2004-04-16,2.3600,2.4900,2.2100,2.2800,1964400
2004-04-08,2.5000,2.6400,2.3800,2.4700,2144400
2004-04-02,2.5600,2.7300,2.4500,2.6200,2971200
2004-03-26,2.4500,2.7100,2.1000,2.4800,6951600
2004-03-19,2.5000,2.5000,2.1300,2.2000,2419200
2004-03-12,2.6700,2.7600,2.3200,2.5200,3063600
2004-03-05,2.7900,2.8000,2.5800,2.6800,1952400
2004-02-27,2.8300,2.8300,2.5000,2.6100,3565200
2004-02-20,2.8800,3.0000,2.7500,2.7600,3738000
2004-02-13,3.2900,3.3600,2.6900,2.8300,5852400
2004-02-06,3.6800,3.7000,3.1100,3.2600,2374800
2004-01-30,3.5000,3.9000,3.3500,3.6700,2740800
2004-01-23,3.5200,3.9200,3.3600,3.5000,3036000
2004-01-16,3.1100,3.5200,3.0000,3.2800,5150400
2004-01-09,2.7100,3.2000,2.7100,3.1100,2760000
2004-01-02,2.9700,2.9700,2.6500,2.7600,1339200
2003-12-26,2.6000,3.0200,2.6000,2.8600,2361600
2003-12-19,2.6500,2.7400,2.5200,2.5600,2290800
2003-12-12,2.4800,2.5900,2.4300,2.5300,1582800
2003-12-05,2.6200,2.7400,2.4300,2.4800,1574400
2003-11-28,2.3500,3.2500,2.2900,2.6300,2556000
2003-11-21,2.5800,2.5800,2.3100,2.3500,1875600
2003-11-14,2.5500,3.1400,2.3300,2.5800,7480800
2003-11-07,2.3200,2.6300,2.2500,2.4500,3207600
2003-10-31,2.4300,2.4300,2.2500,2.3100,1882800
2003-10-24,2.9300,3.0300,2.1600,2.3700,6235200
2003-10-17,2.9600,3.1500,2.8000,2.9500,3241200
2003-10-10,2.7000,3.0500,2.5000,2.8700,3765600
2003-10-03,2.5600,2.7900,2.4000,2.6400,3681600
2003-09-26,2.6400,2.7700,2.2500,2.4100,3357600
2003-09-19,2.2000,2.8900,2.1800,2.6800,5187600
2003-09-12,2.3800,2.3900,2.0600,2.2200,1814400
2003-09-05,2.3500,2.4600,2.3000,2.3500,1130400
2003-08-29,2.2900,2.3600,2.1500,2.3500,1063200
2003-08-22,2.1000,2.4900,2.1000,2.2700,1292400
2003-08-15,2.1000,2.4200,1.9900,2.2100,1035600
2003-08-08,2.3000,2.3300,2.0000,2.1000,1480800
2003-08-01,2.5900,2.6800,2.3000,2.3300,1221600
2003-07-25,2.3800,2.7500,2.2500,2.5900,2371200
2003-07-18,2.5000,2.5400,2.1400,2.3600,2421600
2003-07-11,2.6500,2.7600,2.2500,2.4700,3165600
2003-07-03,2.7200,3.0000,2.5900,2.6400,4644000
2003-06-27,2.6300,3.0200,2.4400,2.6200,2473200
2003-06-20,2.6500,2.8600,2.2900,2.6000,3448800
2003-06-13,3.2000,3.2100,2.5600,2.6800,4600800
2003-06-06,2.6400,3.4500,2.2700,3.0500,6728400
2003-05-30,1.6700,2.3500,1.6700,2.3200,5053200
2003-05-23,1.4400,1.8800,1.4400,1.6500,4194000
2003-05-16,1.3000,1.5000,1.3000,1.4400,1638000
2003-05-09,1.3200,1.4100,1.1600,1.2900,1076400
2003-05-02,1.5200,1.5200,1.2000,1.3100,2732400
2003-04-25,1.1700,2.1400,1.1000,1.4500,4288800
2003-04-17,1.0700,1.1500,1.0300,1.1400,799200
2003-04-11,1.1000,1.1200,1.0100,1.0700,909600
2003-04-04,1.0900,1.1400,0.9500,1.0600,1477200
2003-03-28,1.0200,1.1300,1.0100,1.1300,1502400
2003-03-21,0.9800,1.3000,0.9600,1.0600,5810400
2003-03-14,1.0200,1.0400,0.9500,0.9700,1010400
2003-03-07,1.0800,1.1000,0.8800,0.9800,1914000
2003-02-28,1.1200,1.1700,1.0500,1.0900,1660800
2003-02-21,1.1300,1.1400,1.0900,1.1300,1256400
2003-02-14,1.1700,1.1800,1.1000,1.1000,1341600
2003-02-07,1.1800,1.2200,1.1000,1.1800,2055600
2003-01-31,1.0800,1.2400,1.0300,1.1700,4753200
2003-01-24,1.0700,1.4500,1.0300,1.1000,14739600
2003-01-17,1.2300,1.2400,1.0600,1.0900,670800
2003-01-10,1.2200,1.2500,1.1000,1.2000,610800
2003-01-03,1.0900,1.2200,1.0100,1.2100,826800
2002-12-27,0.9900,1.1400,0.9500,1.0900,1125600
2002-12-20,1.1300,1.2100,0.9000,0.9600,2250000
2002-12-13,1.2400,1.3000,1.0500,1.1400,729600
2002-12-06,1.5100,1.5400,1.2000,1.2000,1128000
2002-11-29,1.1400,1.6000,1.0800,1.4800,1324800
2002-11-22,1.1400,1.2200,1.0500,1.1100,926400
2002-11-15,1.2900,1.3100,1.0600,1.1400,582000
2002-11-08,1.2900,1.5500,1.2600,1.3100,720000
2002-11-01,1.0500,1.5600,0.9800,1.2500,1222800
2002-10-25,1.0300,1.1000,0.9600,1.0500,608400
2002-10-18,0.9300,1.0500,0.9200,1.0300,499200
2002-10-11,1.0000,1.1000,0.9000,1.0000,592800
2002-10-04,1.1600,1.1700,0.9800,1.0100,344400
2002-09-27,1.0300,1.1700,0.9500,1.1600,526800
2002-09-20,1.1600,1.1700,1.0000,1.0800,537600
2002-09-13,1.0700,1.2500,1.0600,1.1700,784800
2002-09-06,1.0200,1.1100,1.0000,1.0700,372000
2002-08-30,1.0500,1.1300,0.9500,1.1200,559200
2002-08-23,1.0700,1.1800,0.9800,1.0300,750000
2002-08-16,0.9000,1.0100,0.8800,1.0000,470400
2002-08-09,0.8700,0.9900,0.7600,0.9000,354000
2002-08-02,0.7800,1.1000,0.6800,0.8800,866400
2002-07-26,0.9000,0.9200,0.6600,0.7700,831600
2002-07-19,0.9300,0.9400,0.8200,0.8500,949200
2002-07-12,1.0300,1.0500,0.8500,0.9300,843600
2002-07-05,1.0500,1.1800,0.9700,1.0100,834000
2002-06-28,1.0000,1.2500,0.9400,1.1200,3664800
2002-06-21,1.0000,1.2500,0.9600,1.0400,1687200
2002-06-14,1.0100,1.0800,0.9200,0.9900,1191600
2002-06-07,1.0900,1.1400,1.0000,1.0300,1046400
2002-05-31,1.2600,1.3300,1.0300,1.0900,1878000
2002-05-24,1.2300,1.3000,1.0500,1.2600,2016000
2002-05-17,1.3500,1.4900,1.1600,1.2600,2365200
2002-05-10,1.6900,1.7000,1.3000,1.3800,1119600
2002-05-03,1.8900,1.8900,1.5500,1.7400,1034400
2002-04-26,2.1500,2.2100,1.6700,1.8000,1764000
2002-04-19,2.4000,2.4600,2.0000,2.0800,1484400
2002-04-12,1.6300,2.3800,1.6300,2.3800,1946400
2002-04-05,1.6400,1.8000,1.5700,1.7400,871200
2002-03-28,1.6700,1.7700,1.5100,1.7300,1468800
2002-03-22,1.7100,1.7500,1.4700,1.6700,852000
2002-03-15,1.6500,1.9000,1.5600,1.6900,2126400
2002-03-08,1.2800,1.5800,1.1500,1.5800,3403200
2002-03-01,1.4700,1.6300,1.2700,1.2900,4387200
2002-02-22,3.0000,3.0900,0.9100,1.4200,23636400
2002-02-15,3.0100,3.2000,2.9200,3.0700,672000
2002-02-08,3.2100,3.2200,2.9200,3.0000,874800
2002-02-01,3.2500,3.3900,3.0300,3.2000,1118400
2002-01-25,3.3200,3.4100,3.0200,3.2000,913200
2002-01-18,3.5400,3.6700,3.1600,3.2300,1209600
2002-01-11,3.9600,4.0500,3.5000,3.6200,1070400
2002-01-04,3.9100,4.0800,3.7300,3.9000,1281600
2001-12-28,3.6400,4.0300,3.5800,3.9900,1333200
2001-12-21,3.5200,3.8500,3.3500,3.6500,1962000
2001-12-14,3.7600,3.9800,3.4400,3.5500,1846800
2001-12-07,3.7400,4.3400,3.5000,3.7100,3231600
2001-11-30,3.3900,3.9900,3.2200,3.8400,4184400
2001-11-23,2.9400,3.3300,2.8700,3.2500,2251200
2001-11-16,2.7800,3.1100,2.6500,2.9500,2073600
2001-11-09,3.4300,3.4800,2.7400,2.8200,3967200
2001-11-02,4.0700,4.1500,3.2800,3.3400,2955600
2001-10-26,3.5900,4.4300,3.4400,4.1600,6012000
2001-10-19,5.8000,5.8000,3.2600,3.4400,16891200
2001-10-12,3.0400,6.9300,2.5100,5.1500,37966800
2001-10-05,2.7600,3.1500,2.2500,3.0200,751200
2001-09-28,2.9000,2.9000,2.1500,2.3700,1420800
2001-09-21,2.4600,2.9900,2.3700,2.7800,710400
2001-09-10,3.1000,3.1900,2.9700,3.0000,127200
2001-09-07,3.5000,3.5500,3.0500,3.1000,694800
2001-08-31,4.0500,4.1500,3.5000,3.5300,842400
2001-08-24,3.9600,4.0500,3.4600,4.0400,505200
2001-08-17,4.0500,4.3000,3.9100,3.9600,567600
2001-08-10,4.0100,4.0800,3.7500,3.9100,948000
2001-08-03,5.1500,5.7000,3.7000,4.0200,2910000
2001-07-27,5.5000,5.5900,4.7500,5.0700,656400
2001-07-20,5.9900,6.2400,5.2500,5.5000,344400
2001-07-13,5.4500,6.0000,5.2200,5.9900,492000
2001-07-06,6.1100,6.3500,5.1600,5.3000,1197600
2001-06-29,4.7200,6.5400,4.4000,5.6500,1689600
2001-06-22,5.4000,5.4000,4.5500,4.5900,489600
2001-06-15,5.2000,5.8500,5.0800,5.2000,920400
2001-06-08,4.9800,5.8900,4.8800,5.2100,2508000
2001-06-01,4.8100,5.0000,4.6300,4.9900,825600
2001-05-25,4.7000,5.0000,4.7000,4.8200,332400
2001-05-18,4.9500,5.1000,4.6800,4.8700,361200
2001-05-11,4.7900,5.1000,4.6500,5.0200,423600
2001-05-04,5.0000,5.0400,4.5500,5.0000,340800
2001-04-27,5.0200,5.1000,4.8300,4.9900,312000
2001-04-20,5.6100,5.6100,4.7500,5.0600,1044000
2001-04-12,4.0100,5.9000,3.9500,5.7500,536400
2001-04-06,4.6200,4.7500,3.3700,4.0000,561600
2001-03-30,4.4700,4.6600,4.0600,4.3100,559200
2001-03-23,4.3100,4.6200,3.2800,4.3100,673200
2001-03-16,5.0600,5.1900,4.0600,4.2500,906000
2001-03-09,5.6900,6.0600,5.0000,5.0300,882000
2001-03-02,5.4400,6.5000,4.8700,5.5000,978000
2001-02-23,6.3400,6.6200,5.1900,5.4400,366000
2001-02-16,7.2500,7.3100,6.1200,6.2500,392400
2001-02-09,7.2500,7.6200,6.8100,7.2500,303600
2001-02-02,7.6200,8.5000,7.0600,7.3100,438000
2001-01-26,7.2200,8.2500,6.9400,7.8700,651600
2001-01-19,6.8700,7.9400,6.3100,7.2500,1046400
2001-01-12,5.3700,6.8100,5.2500,6.8100,1437600
2001-01-05,6.9400,7.1900,5.1200,5.2800,1531200
2000-12-29,6.1600,7.2500,6.0900,6.8700,870000
2000-12-22,7.4400,8.0600,5.8700,6.1200,1104000
2000-12-15,8.3400,9.0600,7.0000,7.0300,658800
2000-12-08,7.4100,8.6900,7.0300,8.5000,610800
2000-12-01,9.0900,9.5000,7.0300,7.5000,862800
2000-11-24,8.1600,9.3400,7.3700,8.8700,913200
2000-11-17,8.7800,9.6200,8.0300,8.4700,829200
2000-11-10,9.6200,11.3700,9.0000,9.6200,2324400
2000-11-03,8.2500,9.6200,7.9400,9.5000,1483200
2000-10-27,7.5000,8.9400,7.3100,8.2500,1040400
2000-10-20,8.2700,8.5000,7.1200,7.3700,1365600
2000-10-13,8.8400,9.6200,7.3700,8.3100,1212000
2000-10-06,11.0600,11.0600,8.5300,9.1200,1268400
2000-09-29,10.6200,10.9400,10.0000,10.8100,3477600
2000-09-22,11.5300,11.5300,9.8100,10.5600,1699200
2000-09-15,11.1900,11.8100,9.9400,11.8100,1616400
2000-09-08,10.1600,12.3700,9.9400,11.5600,6376800
2000-09-01,8.3700,9.9400,8.2500,9.9100,2838000
2000-08-25,7.6200,8.6900,7.6200,8.4400,1036800
2000-08-18,7.5000,7.7500,6.7500,7.6200,717600
2000-08-11,7.9400,8.0000,6.6200,7.3700,496800
2000-08-04,6.3700,8.0000,6.0300,7.6200,996000
2000-07-28,8.0000,8.0600,6.1900,6.5000,655200
2000-07-21,8.7500,8.7500,7.5000,8.0000,1333200
2000-07-14,9.4700,9.8700,8.4400,8.5000,1276800
2000-07-07,10.5000,10.5600,8.7500,9.5000,2113200
2000-06-30,9.1900,11.5000,8.8100,10.5600,3702000
2000-06-23,6.9400,9.8700,6.8100,9.5000,1588800
2000-06-16,6.6900,7.0600,6.1200,7.0000,578400
2000-06-09,5.0000,7.3700,4.8700,6.6200,1399200
2000-06-02,4.9700,5.1200,4.6200,4.9400,1324800
2000-05-26,5.7500,6.0000,4.1200,4.6600,1018800
2000-05-19,6.5000,7.0600,5.8100,5.8100,702000
2000-05-12,6.8700,7.0000,5.8700,6.6200,730800
2000-05-05,7.0300,7.8100,6.0600,6.8100,817200
2000-04-28,7.0000,7.1200,5.8700,6.8700,700800
2000-04-20,4.8700,7.7500,4.1600,7.0000,1701600
2000-04-14,8.2500,8.7500,4.9700,5.0000,2199600
2000-04-07,9.6900,10.1900,7.3700,8.6200,2715600
2000-03-31,10.8700,11.2500,7.8100,9.5000,2882400
2000-03-24,12.3700,12.8700,8.4400,10.6600,4756800
2000-03-17,11.0000,14.7500,10.1900,12.0000,6211200
2000-03-10,14.6200,18.7500,12.1200,14.4400,6154800
2000-03-03,10.9700,14.8700,10.0600,14.5000,5209200
2000-02-25,11.0000,12.2500,10.3700,10.8100,5206800
2000-02-18,9.9400,11.1900,7.5000,10.5000,6589200
2000-02-11,6.1600,10.0000,5.8700,9.2500,6790800
2000-02-04,6.0000,6.7500,5.2500,6.1600,2890800
2000-01-28,6.0600,7.0900,5.2500,5.8100,7886400
2000-01-21,3.7800,5.9400,3.7500,5.6200,4532400
2000-01-14,2.9400,4.7500,2.5600,3.8700,6518400
