timestamp,open,high,low,close,volume
2018-02-27,14.5000,14.5500,13.9000,14.2000,117680
2018-02-23,12.1500,15.3000,12.1400,14.7500,243105
2018-02-16,12.1000,12.5600,11.9262,12.2500,143133
2018-02-09,12.7500,12.7750,12.0500,12.0500,162368
2018-02-02,12.1500,13.4000,12.1500,12.7500,267695
2018-01-26,12.2550,12.3000,11.0000,12.2500,109409
2018-01-19,12.3500,12.8500,12.1000,12.4000,73164
2018-01-12,12.2000,12.9500,11.8000,12.3500,129883
2018-01-05,12.1500,12.5000,11.9000,12.2500,85909
2017-12-29,12.0000,12.5253,11.9500,12.2500,253201
2017-12-22,12.9000,13.3000,12.0000,12.0500,156730
2017-12-15,13.2000,13.6000,12.8500,12.9500,136195
2017-12-08,14.2000,14.2500,13.0500,13.1500,82404
2017-12-01,14.3000,14.7500,13.7500,14.0500,152252
2017-11-24,13.4000,14.4000,13.1000,14.3500,112895
2017-11-17,12.6100,13.5500,12.2500,13.2500,154928
2017-11-10,13.9000,14.3500,12.0000,12.4000,186158
2017-11-03,13.7000,14.3000,13.4000,13.9500,209481
2017-10-27,13.1200,14.3000,13.1200,13.7500,156403
2017-10-20,13.6000,14.1000,12.9000,13.0500,150057
2017-10-13,13.9000,14.2000,13.5000,13.5500,110601
2017-10-06,13.6500,14.0500,13.4000,13.9000,157368
2017-09-29,12.8000,13.8000,12.2500,13.6000,240919
2017-09-22,12.5000,13.0000,12.1000,12.8500,246222
2017-09-15,12.4000,12.9500,12.0500,12.5000,212025
2017-09-08,12.0000,12.8500,11.8500,12.4000,351135
2017-09-01,12.2000,12.2500,11.5000,12.0500,338749
2017-08-25,11.6500,12.2500,11.5000,12.2000,193108
2017-08-18,11.6000,12.0500,11.3300,11.7000,224549
2017-08-11,11.9500,12.0000,11.3500,11.4500,385685
2017-08-04,12.0000,12.4000,11.0000,11.9000,445847
2017-07-28,13.4500,14.8000,11.5100,11.9500,428945
2017-07-21,13.4000,13.7000,11.6500,13.4000,154720
2017-07-14,13.0500,13.5000,13.0000,13.4500,192191
2017-07-07,13.2000,13.5000,13.0500,13.1500,123546
2017-06-30,13.2000,13.7500,13.0500,13.2000,147274
2017-06-23,13.7000,13.8500,13.1000,13.2000,194501
2017-06-16,13.2500,13.7000,13.0500,13.6500,221824
2017-06-09,12.9500,13.3500,12.2000,13.2000,385895
2017-06-02,13.7500,13.9500,12.8000,13.0000,285954
2017-05-26,13.6500,14.3000,13.6500,13.8000,143474
2017-05-19,14.2000,14.5000,13.6000,13.6000,275557
2017-05-12,13.9500,14.5300,13.9300,14.1000,290482
2017-05-05,14.2100,14.7000,13.7500,14.0000,282173
2017-04-28,16.1500,16.5000,13.6500,14.1500,558921
2017-04-21,15.2000,16.1000,15.2000,15.8500,149433
2017-04-13,15.3500,15.5000,14.8000,15.2500,148232
2017-04-07,16.4500,16.5000,14.8000,15.2500,349490
2017-03-31,16.5500,16.9500,16.4000,16.4500,148188
2017-03-24,17.3000,17.6500,16.6000,16.7000,168704
2017-03-17,17.2000,17.6500,16.7500,17.3500,183732
2017-03-10,16.3500,17.5500,16.3300,17.2500,258872
2017-03-03,16.3000,16.7000,16.2500,16.6000,129869
2017-02-24,16.6500,16.7000,15.9000,16.4500,204558
2017-02-17,15.9000,16.8000,15.6000,16.6000,390679
2017-02-10,17.1000,17.1500,15.0000,15.8500,597949
2017-02-03,18.0000,18.0500,17.0000,17.1500,514127
2017-01-27,19.2500,19.4500,17.0000,18.2000,524217
2017-01-20,20.0000,20.1500,19.0000,19.3500,175815
2017-01-13,20.5500,21.0000,20.1000,20.3000,183264
2017-01-06,21.0000,21.5000,19.7500,20.8000,149220
2016-12-30,21.0500,21.6000,20.4500,20.7000,125239
2016-12-23,19.9500,21.4500,19.9500,21.4500,192431
2016-12-16,20.1500,21.3000,19.9750,20.0500,330954
2016-12-09,19.0000,20.2450,18.9500,20.0500,262852
2016-12-02,19.3500,20.0000,18.7000,18.9500,220904
2016-11-25,19.7500,19.8500,18.7500,19.4500,156471
2016-11-18,19.3500,19.6000,18.3500,19.6000,232426
2016-11-11,16.8000,19.2500,16.3500,19.2500,231727
2016-11-04,16.7000,17.0000,16.1000,16.3500,113482
2016-10-28,18.1500,18.4000,16.0050,16.4500,215203
2016-10-21,18.2000,18.5000,17.7750,17.9500,95772
2016-10-14,18.7900,18.9836,18.0100,18.1100,82338
2016-10-07,18.6500,18.7900,18.3000,18.7600,72024
2016-09-30,18.5000,19.0300,18.2200,18.8000,156484
2016-09-23,18.4500,19.3857,18.2900,18.5300,131627
2016-09-16,17.7000,18.5700,17.7000,18.4400,161795
2016-09-09,17.9100,18.2700,17.7800,17.8000,92706
2016-09-02,17.8200,18.9500,17.8000,18.0000,182528
2016-08-26,18.0900,18.2300,17.5900,17.8700,145917
2016-08-19,19.6000,19.7000,16.8200,18.0700,533374
2016-08-12,19.5100,19.9600,18.8400,19.7300,137268
2016-08-05,20.0200,20.2500,18.7500,19.4100,294804
2016-07-29,18.5200,20.2800,18.2500,20.0100,503523
2016-07-22,18.2000,18.7300,18.1900,18.5900,174023
2016-07-15,17.7100,18.5800,17.5901,18.2400,247356
2016-07-08,17.7500,17.8767,17.0570,17.6700,168180
2016-07-01,17.3900,18.1600,17.1852,17.8700,226128
2016-06-24,18.2900,18.9200,17.4300,17.7600,259484
2016-06-17,18.1600,18.4450,17.6200,17.9900,163070
2016-06-10,18.1600,18.7000,17.9940,18.2200,140588
2016-06-03,17.8300,18.3000,17.4800,18.2000,165054
2016-05-27,17.2500,17.9000,16.8607,17.8200,160992
2016-05-20,17.5400,18.0000,16.8200,17.1800,228751
2016-05-13,18.1900,18.3700,17.5000,17.6000,169145
2016-05-06,18.4800,18.8900,17.9300,18.1600,221587
2016-04-29,16.5500,18.9900,16.0542,18.5600,400527
2016-04-22,16.2600,16.9600,16.1500,16.4600,112973
2016-04-15,16.2800,16.6063,15.6300,16.2600,155792
2016-04-08,15.8400,16.2800,15.2700,16.2600,220396
2016-04-01,15.4200,16.2500,15.0000,15.7800,227125
2016-03-24,15.4250,15.9600,14.9300,15.3500,117852
2016-03-18,14.4900,15.7200,14.1000,15.5500,249348
2016-03-11,14.6700,14.8600,14.2000,14.5400,179128
2016-03-04,14.7500,14.9300,14.4500,14.6800,184586
2016-02-26,14.2300,15.0000,14.0000,14.7300,157372
2016-02-19,13.8200,14.5600,13.0800,13.9500,268175
2016-02-12,13.1300,13.9800,13.0000,13.5900,220179
2016-02-05,14.6500,14.8900,13.3900,13.4900,482925
2016-01-29,13.7500,15.0000,12.8000,14.8000,407772
2016-01-22,12.8900,14.0300,12.5667,13.7300,268161
2016-01-15,12.6700,13.5000,12.2700,12.6600,280789
2016-01-08,13.3600,13.8600,12.3200,12.5600,216826
2015-12-31,14.1300,14.4800,13.3800,13.4100,137070
2015-12-24,13.2500,14.4500,13.1700,14.2700,122744
2015-12-18,12.3300,13.5000,12.2500,13.2000,218482
2015-12-11,12.9200,12.9700,12.0200,12.2500,243505
2015-12-04,14.0000,14.0000,12.5000,12.8600,221317
2015-11-27,13.2100,14.2900,13.2100,13.9200,175467
2015-11-20,12.2900,13.7000,11.8401,13.2400,482847
2015-11-13,15.6700,16.5100,11.5900,12.4100,919851
2015-11-06,14.0200,15.7800,14.0200,15.7400,245651
2015-10-30,14.0900,14.9200,13.3900,14.0300,242772
2015-10-23,14.1600,14.6990,13.4300,14.0700,198727
2015-10-16,13.9400,14.3400,12.9400,14.2600,169397
2015-10-09,14.0900,14.8097,13.7100,14.0500,185713
2015-10-02,13.5100,14.6680,12.7600,14.0200,385935
2015-09-25,15.9700,15.9800,13.2600,13.6300,539480
2015-09-18,17.0000,17.0899,15.9100,15.9800,286773
2015-09-11,17.1800,17.5600,16.5700,16.9700,139004
2015-09-04,16.9800,17.8000,16.4100,16.8300,324635
2015-08-28,16.5000,17.4400,16.1600,17.2100,330092
2015-08-21,18.0000,18.6300,16.6100,16.8900,388825
2015-08-14,19.0200,19.4100,18.0325,18.1800,200741
2015-08-07,19.6000,19.9500,18.2720,18.7700,410071
2015-07-31,19.3700,20.1300,18.3300,19.6800,496985
2015-07-24,16.3400,20.2800,15.3000,19.3800,876397
2015-07-17,16.3000,17.4900,16.2800,16.4700,271079
2015-07-10,15.5500,16.3600,15.5500,16.2300,306040
2015-07-02,15.8700,16.0540,15.4101,15.7300,276036
2015-06-26,16.0100,16.1800,15.6100,16.0400,211657
2015-06-19,15.6200,16.0100,14.9700,15.8900,238526
2015-06-12,15.5500,16.2900,15.3940,15.5500,239018
2015-06-05,15.3500,15.5900,15.0080,15.5100,204402
2015-05-29,15.0000,15.5500,14.7300,15.1900,212568
2015-05-22,13.1200,15.5300,13.0701,14.9700,431909
2015-05-15,13.2000,13.7300,12.9000,13.2700,254979
2015-05-08,13.9600,14.0280,13.1600,13.2700,242300
2015-05-01,14.2500,14.8000,13.0900,13.8000,312235
2015-04-24,15.4700,15.7300,13.5000,14.2500,502564
2015-04-17,15.6000,16.7500,14.9300,15.3000,403599
2015-04-10,14.8800,15.6100,14.8800,15.5600,225586
2015-04-02,14.9400,15.1000,14.3000,14.9300,148546
2015-03-27,15.2800,15.3300,14.1600,14.6400,223342
2015-03-20,15.3800,15.5400,14.6500,15.2300,207979
2015-03-13,13.4400,15.4040,13.4000,15.3100,285546
2015-03-06,13.9700,14.0000,13.4000,13.4500,198803
2015-02-27,13.5000,14.2842,13.3000,13.9200,243775
2015-02-20,13.6000,13.8400,13.0900,13.4800,189552
2015-02-13,12.9600,13.7200,12.8700,13.5700,148235
2015-02-06,11.8000,13.7400,11.8000,12.9700,434203
2015-01-30,11.9900,12.3200,11.2290,11.7800,359962
2015-01-23,11.7400,12.0000,11.5100,11.9400,180037
2015-01-16,12.2600,12.4100,11.2100,11.7700,223170
2015-01-09,12.5500,13.0200,11.5500,12.1300,322247
2015-01-02,12.8300,12.9300,12.0100,12.5600,175841
2014-12-26,12.5200,13.4600,12.4000,12.8300,117125
2014-12-19,12.0000,13.2400,11.5700,12.5900,360402
2014-12-12,12.7400,12.9950,11.5200,11.9200,367862
2014-12-05,13.0100,13.2795,12.6700,12.8200,177776
2014-11-28,13.0400,13.4000,12.9000,13.1000,158321
2014-11-21,12.5000,14.2300,12.4900,13.0700,372224
2014-11-14,14.0400,14.4000,12.1400,12.5000,544905
2014-11-07,14.5700,14.8190,13.8210,14.0300,234347
2014-10-31,13.7300,14.9900,13.4600,14.6800,477463
2014-10-24,13.8100,14.4200,13.1450,13.7900,229881
2014-10-17,11.0100,14.8600,10.8900,13.8700,508817
2014-10-10,12.2600,12.3200,10.8200,11.0600,631707
2014-10-03,12.5600,13.1100,12.2397,12.2900,340003
2014-09-26,12.9700,13.3199,12.2600,12.7700,362516
2014-09-19,13.3500,13.4600,12.7100,13.1000,370800
2014-09-12,13.3000,13.6900,13.2000,13.3800,289200
2014-09-05,13.4500,14.1467,13.0500,13.3000,204100
2014-08-29,13.6800,14.4310,13.2580,13.3900,376100
2014-08-22,13.2000,13.7600,13.0300,13.6100,274600
2014-08-15,13.8600,13.8600,12.6431,13.0100,793400
2014-08-08,13.2200,13.8500,12.8700,13.7800,802600
2014-08-01,13.2300,13.5900,12.7500,13.2000,1034000
2014-07-25,15.8700,16.6600,12.9590,13.2300,1362700
2014-07-18,15.7100,16.0700,15.1900,15.9900,895700
2014-07-11,16.5000,16.5300,15.0000,15.4600,650500
2014-07-03,17.3600,17.3600,16.3200,16.5400,735200
2014-06-27,19.0100,19.6300,17.1800,17.2300,2469800
2014-06-20,19.4100,19.9300,18.5300,19.0400,802300
2014-06-13,18.9100,19.7100,18.0200,19.4900,755500
2014-06-06,17.0500,18.9300,16.3700,18.8500,749500
2014-05-30,17.0000,17.8600,16.5100,17.0000,461100
2014-05-23,15.4000,16.9500,15.3400,16.7800,478300
2014-05-16,14.8300,16.2500,14.7500,15.4200,557100
2014-05-09,15.2000,15.7500,14.0500,14.8200,822700
2014-05-02,16.4200,16.5900,14.5900,15.4300,1308100
2014-04-25,20.4200,21.2200,15.3100,16.6400,1865300
2014-04-17,19.7600,20.8900,19.5000,20.3600,522200
2014-04-11,23.0000,23.2500,19.2300,19.6300,650200
2014-04-04,22.6800,25.3900,22.2510,22.9800,633800
2014-03-28,24.5000,24.8799,22.1100,22.6200,618400
2014-03-21,22.1100,24.8700,22.0800,24.4500,707200
2014-03-14,23.2800,23.4000,20.7600,22.1100,573500
2014-03-07,23.1500,24.3900,22.3500,23.2500,533700
2014-02-28,25.9900,26.1900,22.7900,23.4000,830800
2014-02-21,24.5000,26.5900,23.0000,26.0900,794000
2014-02-14,22.8900,24.6780,21.2200,24.4200,2032600
2014-02-07,25.0000,25.4100,22.4200,23.0000,1000100
2014-01-31,20.3300,25.0000,20.1000,24.9500,1101600
2014-01-24,18.6200,20.7800,17.8500,20.0700,784500
2014-01-17,17.4100,19.4100,17.2801,18.4900,491400
2014-01-10,19.6000,19.6796,17.2700,17.4100,552700
2014-01-03,20.9000,20.9600,18.5100,19.3300,472100
2013-12-27,18.5000,20.6791,18.3500,20.6000,358400
2013-12-20,17.6500,18.5000,17.6500,18.5000,307800
2013-12-13,18.1600,18.3900,17.1500,17.7800,180900
2013-12-06,17.8500,18.5000,17.0900,18.0000,290900
2013-11-29,17.7000,17.8735,17.2000,17.7900,188100
2013-11-22,18.1800,18.1999,17.1500,17.5100,269200
2013-11-15,15.8600,18.7100,15.8200,17.9900,828500
2013-11-08,14.5800,16.8300,14.3600,15.9600,679400
2013-11-01,16.1600,16.3800,14.0700,14.6500,652000
2013-10-25,16.1200,16.6000,15.1300,16.0900,417300
2013-10-18,14.1200,17.1200,14.0800,16.2100,667300
2013-10-11,14.0800,14.6100,12.7540,14.3400,342800
2013-10-04,13.2200,14.6190,13.1000,14.3500,290600
2013-09-27,12.9700,15.2900,12.7000,13.4200,741700
2013-09-20,13.1300,13.4790,12.6500,12.8500,302300
2013-09-13,12.8900,13.1500,12.6500,12.9200,285200
2013-09-06,12.7300,13.2300,12.6000,12.7600,261200
2013-08-30,12.2500,13.0200,11.6600,12.6000,574200
2013-08-23,11.9800,12.2400,11.1000,12.2200,345900
2013-08-16,11.7000,12.4590,11.6200,11.8200,403400
2013-08-09,12.0700,12.2000,11.3801,11.7900,367100
2013-08-02,11.1400,12.5900,10.3500,12.1800,680900
2013-07-26,12.7100,13.8000,10.1800,11.1000,1193900
2013-07-19,13.2500,14.4599,12.6100,12.7700,820500
2013-07-12,11.0300,14.3800,11.0000,13.1700,1144800
2013-07-05,9.4400,11.3900,8.7600,11.0300,717900
2013-06-28,10.0400,10.1000,9.3000,9.4200,681500
2013-06-21,11.8000,13.5900,10.1600,10.2300,1604300
2013-06-14,10.9400,11.7500,10.5700,11.6500,492000
2013-06-07,8.5600,11.3700,8.5000,10.8800,876200
2013-05-31,7.8900,8.5900,7.6600,8.4400,214600
2013-05-24,7.8300,8.2420,7.3500,7.6700,407100
2013-05-17,7.4200,7.8800,7.3300,7.7500,194700
2013-05-10,7.7500,7.8900,7.2800,7.5200,282600
2013-05-03,6.5500,7.7100,6.4100,7.6600,437800
2013-04-26,5.8700,6.6400,5.7701,6.4800,206900
2013-04-19,5.9600,6.0499,5.7500,5.9200,66600
2013-04-12,5.9000,6.0700,5.7200,5.9100,93200
2013-04-05,6.0300,6.0900,5.7200,5.7600,103300
2013-03-28,5.9900,6.0400,5.7500,6.0000,44900
2013-03-22,5.8900,5.9800,5.5800,5.9800,26500
2013-03-15,5.9400,5.9800,5.8001,5.9000,65800
2013-03-08,5.7000,6.3500,5.6920,5.9600,150100
2013-03-01,5.5500,5.7200,5.4501,5.7000,58800
2013-02-22,5.4000,5.6500,5.3999,5.5000,94200
2013-02-15,5.5500,5.6500,5.1600,5.4100,97900
2013-02-08,5.4700,5.6500,5.3100,5.5500,107300
2013-02-01,4.9100,5.3602,4.9000,5.3400,128800
2013-01-25,4.9500,5.0200,4.8600,4.9500,28700
2013-01-18,4.9000,5.0500,4.8000,5.0000,59600
2013-01-11,4.8500,5.0500,4.8300,4.9600,30400
2013-01-04,4.0500,4.9999,4.0000,4.9100,91200
2012-12-28,4.6300,4.8888,4.1700,4.2600,143400
2012-12-21,4.8600,4.8985,4.6200,4.6900,51600
2012-12-14,4.6900,4.9000,4.6201,4.8100,63400
2012-12-07,4.6600,4.7700,4.5500,4.6200,21600
2012-11-30,4.4500,4.8400,4.4500,4.7485,54537
2012-11-23,4.1100,4.6000,4.1100,4.4100,67000
2012-11-16,4.4200,4.4300,4.0100,4.1900,172300
2012-11-09,4.8765,4.8900,4.4200,4.4200,42200
2012-11-02,5.0300,5.1500,4.6800,4.8000,19000
2012-10-26,5.0100,5.1400,4.8200,5.0200,21800
2012-10-19,5.2000,5.3982,4.9500,5.0100,34700
2012-10-12,5.1900,5.3484,4.9400,5.2900,35900
2012-10-05,5.1800,5.3884,5.0119,5.2900,44300
2012-09-28,5.1800,5.2500,5.0000,5.1100,44200
2012-09-21,5.1400,5.2900,5.0900,5.1600,104500
2012-09-14,5.2300,5.2500,4.9300,5.1500,83800
2012-09-07,5.1899,5.2400,5.0800,5.2400,10200
2012-08-31,5.1000,5.2000,4.9110,5.1200,52700
2012-08-24,5.0900,5.2000,4.8500,5.1200,58700
2012-08-17,4.7500,5.1500,4.6201,5.0800,84400
2012-08-10,4.7700,4.8895,4.4200,4.7000,78900
2012-08-03,4.7500,5.0000,4.6500,4.8344,37700
2012-07-27,4.7400,5.2300,4.5600,5.0100,75100
2012-07-20,4.9000,5.1199,4.6500,4.8200,34300
2012-07-13,5.3700,5.7700,4.7400,4.8750,133400
2012-07-06,4.9100,5.3400,4.8000,5.2800,42200
2012-06-29,4.4500,4.8800,4.3500,4.8100,72000
2012-06-22,4.4000,4.5300,4.3500,4.4600,48800
2012-06-15,4.4300,4.4800,4.2025,4.4300,58100
2012-06-08,4.0700,4.4900,4.0200,4.4100,129800
2012-06-01,4.2900,4.4000,4.0500,4.0700,158100
2012-05-25,4.0000,4.6792,3.9000,4.3000,218700
2012-05-18,4.3001,4.4400,3.9000,3.9900,147500
2012-05-11,4.5500,4.6000,4.3300,4.3600,118900
2012-05-04,4.3000,4.6514,4.2500,4.5775,348100
2012-04-27,4.9300,5.2000,4.1100,4.3100,308000
2012-04-20,5.0400,5.0400,4.8000,5.0200,112200
2012-04-13,5.2000,5.3192,4.8500,4.9900,157000
2012-04-05,5.4600,5.6000,5.1400,5.1899,119600
2012-03-30,5.4700,5.6700,5.3900,5.4300,78800
2012-03-23,5.5200,5.6300,5.3900,5.4500,99000
2012-03-16,5.5100,5.6700,5.4600,5.5300,90000
2012-03-09,5.7000,5.8200,5.3500,5.5200,366500
2012-03-02,5.9100,5.9600,5.6300,5.7400,200200
2012-02-24,5.8600,6.0900,5.8500,5.9100,131200
2012-02-17,5.8600,6.0300,5.7700,5.8400,121400
2012-02-10,5.8600,6.1100,5.7800,5.8600,346400
2012-02-03,5.9000,6.1800,5.4800,5.8600,603500
2012-01-27,6.6500,7.3300,5.8800,5.9000,907700
2012-01-20,6.6400,6.7500,6.4180,6.6300,208400
2012-01-13,7.0600,7.1000,6.4600,6.6000,282800
2012-01-06,7.6400,7.7890,7.0000,7.0400,204300
2011-12-30,6.7400,7.7500,6.7300,7.6100,622700
2011-12-23,5.8400,6.6100,5.7600,6.5500,263300
2011-12-16,5.6000,5.8600,5.5500,5.7900,144800
2011-12-09,6.0000,6.0100,5.5000,5.6700,124800
2011-12-02,6.0200,6.1500,5.7600,5.9000,276400
2011-11-25,6.0900,6.2300,5.8007,5.8600,129300
2011-11-18,6.0900,6.8900,6.0560,6.2300,391900
2011-11-11,5.7500,6.1000,5.3500,6.0000,323400
2011-11-04,5.6500,5.7800,5.0510,5.7500,229000
2011-10-28,5.7000,5.8500,4.9700,5.6600,358900
2011-10-21,5.5600,5.7100,5.1500,5.6800,243000
2011-10-14,5.8300,5.9300,5.5110,5.5800,116000
2011-10-07,5.8600,5.9900,4.8701,5.6700,310400
2011-09-30,6.6600,6.6600,5.6000,5.9000,315000
2011-09-23,7.1100,7.2300,6.3200,6.5800,484200
2011-09-16,6.9900,7.3500,6.9200,7.2900,255600
2011-09-09,6.9200,7.4400,6.6500,7.0800,233200
2011-09-02,6.5000,7.5300,6.5000,7.1000,481100
2011-08-26,6.5000,6.7900,6.1800,6.4400,300800
2011-08-19,6.7900,7.2500,6.3000,6.4300,308200
2011-08-12,6.5500,7.1300,5.6900,6.8400,738100
2011-08-05,8.2100,8.3400,6.9000,7.0000,875900
2011-07-29,7.1200,8.3500,7.1200,8.0500,486400
2011-07-22,6.9100,7.4500,6.6700,7.2600,268300
2011-07-15,7.3500,7.7399,6.8100,6.9400,312800
2011-07-08,7.3500,7.7600,7.0500,7.4700,211800
2011-07-01,6.5500,7.5400,6.5500,7.3400,768800
2011-06-24,6.5200,6.7099,6.3900,6.5800,113954
2011-06-17,6.6600,6.9000,6.3500,6.5900,222400
2011-06-10,6.7800,6.9800,6.1610,6.6200,297000
2011-06-03,6.5900,7.0000,6.0700,6.8200,314800
2011-05-27,5.9500,6.6800,5.7700,6.5800,227600
2011-05-20,6.4400,6.5000,5.9100,6.1900,189300
2011-05-13,5.9900,6.8400,5.9600,6.4500,442000
2011-05-06,5.9100,6.1800,5.7200,6.0100,393100
2011-04-29,5.0800,6.0900,5.0200,5.8900,900100
2011-04-21,4.8300,5.2200,4.5500,5.0600,226700
2011-04-15,4.2100,4.9300,4.1600,4.8800,507300
2011-04-08,5.2000,5.2000,3.8600,4.1900,605600
2011-04-01,5.1599,5.2400,5.0000,5.1900,270600
2011-03-25,5.0000,5.3700,4.9300,5.1500,252600
2011-03-18,4.8900,5.1600,4.7710,4.9300,405300
2011-03-11,5.1900,5.2600,4.7000,5.0600,475600
2011-03-04,5.3400,5.4799,4.9000,5.2000,470400
2011-02-25,5.1700,5.4800,4.6300,5.3400,672300
2011-02-18,6.5000,6.8700,5.1500,5.3501,1581300
2011-02-11,4.9400,6.3500,4.8400,6.3300,1935200
2011-02-04,4.6800,5.1410,4.5500,4.8100,414100
2011-01-28,4.0800,4.6000,3.9000,4.5300,302000
2011-01-21,4.1100,4.2500,4.0200,4.0706,76500
2011-01-14,4.0300,4.2000,3.9501,4.1500,135100
2011-01-07,4.1499,4.1900,3.4400,4.0100,410000
2010-12-31,4.2000,4.2500,4.0500,4.0500,101600
2010-12-23,4.3000,4.4161,3.9400,4.1600,273000
2010-12-17,3.5900,4.1900,3.4300,4.1900,346900
2010-12-10,3.3000,3.5700,3.2900,3.5299,314100
2010-12-03,3.3500,3.3500,3.0919,3.2800,219500
2010-11-26,3.1400,3.4500,3.0500,3.3500,192300
2010-11-19,2.9400,3.1500,2.8000,3.1499,206900
2010-11-12,2.9600,3.0600,2.8600,2.8800,128000
2010-11-05,2.8100,3.1000,2.8100,2.9700,54400
2010-10-29,3.0000,3.1500,2.8200,2.8200,76400
2010-10-22,3.0000,3.1500,2.9200,3.0000,86200
2010-10-15,2.9300,3.0000,2.9100,3.0000,44000
2010-10-08,2.9219,3.0200,2.8900,2.9500,73100
2010-10-01,2.9232,2.9700,2.7700,2.9400,87500
2010-09-24,2.8600,2.9800,2.8500,2.9000,79400
2010-09-17,2.6900,2.9400,2.6200,2.9400,119600
2010-09-10,2.5200,2.6500,2.4600,2.6500,82500
2010-09-03,2.5500,2.6504,2.4800,2.5400,120300
2010-08-27,2.5700,2.6301,2.4300,2.5500,70000
2010-08-20,2.4700,2.8000,2.4500,2.6800,148100
2010-08-13,2.6100,2.6400,2.3000,2.4980,105600
2010-08-06,2.4000,2.7500,2.4000,2.6100,53200
2010-07-30,2.3900,2.5200,2.3700,2.3700,60700
2010-07-23,2.4400,2.4400,2.2500,2.3800,51000
2010-07-16,2.3300,2.5000,2.2500,2.3200,38500
2010-07-09,2.4000,2.4300,2.3000,2.3999,43100
2010-07-02,2.4300,2.6300,2.2500,2.4400,91000
2010-06-25,2.4800,2.7300,2.3200,2.3200,126300
2010-06-18,2.4800,2.6600,2.3800,2.5600,72200
2010-06-11,2.5100,2.6300,2.3500,2.4820,97700
2010-06-04,2.5500,2.7200,2.5000,2.5300,78400
2010-05-28,2.6600,2.7400,2.5500,2.5800,41400
2010-05-21,2.6500,2.7500,2.6000,2.7100,73500
2010-05-14,2.6000,2.8100,2.6000,2.6500,77500
2010-05-07,2.5000,2.7400,2.4300,2.5000,246600
2010-04-30,2.8000,2.9499,2.5000,2.5000,251100
2010-04-23,2.7070,2.9600,2.7070,2.8000,98800
2010-04-16,2.7500,2.8000,2.6000,2.6725,131600
2010-04-09,2.7100,2.8500,2.5700,2.7700,108300
2010-04-01,3.1000,3.1200,2.5900,2.7000,169200
2010-03-26,2.6000,3.1000,2.6000,3.0400,312500
2010-03-19,2.6000,2.7600,2.4300,2.6700,262400
2010-03-12,2.8400,2.9090,2.5600,2.5600,194300
2010-03-05,2.9000,3.5705,2.8000,2.8800,1212200
2010-02-26,2.5001,2.9000,2.5001,2.8660,192100
2010-02-19,2.4600,2.7700,2.2700,2.4800,211800
2010-02-12,2.1600,2.3801,1.9800,2.3800,212900
2010-02-05,2.0000,2.1500,1.9000,2.1500,236700
2010-01-29,2.2900,2.3200,1.8100,2.0000,388500
2010-01-22,2.6600,2.7200,2.2600,2.2800,258700
2010-01-15,2.6800,2.8700,2.5400,2.7000,278700
2010-01-08,2.5600,2.9700,2.3875,2.6799,653100
2009-12-31,2.2100,2.6900,2.2100,2.6000,264400
2009-12-24,2.0300,2.3700,2.0300,2.2800,280600
2009-12-18,2.6000,2.6000,2.0100,2.0300,638600
2009-12-11,2.6800,2.9100,2.4000,2.6000,739400
2009-12-04,3.2100,3.2500,2.5000,2.6800,708700
2009-11-27,3.3200,3.4000,3.1100,3.2700,183600
2009-11-20,3.5000,3.7998,3.1150,3.3000,598500
2009-11-13,3.5400,3.8400,3.2300,3.5000,506300
2009-11-06,3.9700,3.9700,3.0500,3.4500,1225500
2009-10-30,4.2900,4.4396,3.8000,3.8900,733500
2009-10-23,4.7400,4.7890,3.8900,4.3300,974400
2009-10-16,4.0100,4.9000,3.9200,4.7400,1248900
2009-10-09,4.0600,4.4500,3.7700,4.0100,1206800
2009-10-02,5.2000,5.4700,3.5700,4.1000,2455800
2009-09-25,5.0500,6.0900,4.6000,5.1550,4330100
2009-09-18,2.7800,5.2000,2.7800,5.0200,5512700
2009-09-11,2.9700,3.1099,2.6300,2.8434,443100
2009-09-04,3.0000,3.4600,2.8400,3.0200,881400
2009-08-28,2.1700,3.0000,2.1500,2.9500,418900
2009-08-21,2.3100,2.4000,2.0000,2.1499,173100
2009-08-14,1.7600,2.3400,1.7100,2.1700,307000
2009-08-07,1.7500,1.8500,1.6100,1.6900,38800
2009-07-31,1.6400,1.8700,1.5599,1.7697,69900
2009-07-24,1.5400,1.6400,1.5200,1.6400,22600
2009-07-17,1.6900,1.7000,1.5300,1.5435,32700
2009-07-10,1.5600,1.7300,1.4000,1.6000,84000
2009-07-02,2.0000,2.0000,1.4000,1.5600,165900
2009-06-26,1.6000,1.9800,1.4500,1.9500,63600
2009-06-19,1.6400,1.6500,1.5600,1.6500,61000
2009-06-12,1.5400,1.6400,1.4700,1.6199,111200
2009-06-05,1.3200,1.5490,1.2820,1.5400,146200
2009-05-29,1.3300,1.3300,1.2200,1.3000,58900
2009-05-22,1.1800,1.3300,1.1300,1.2700,106800
2009-05-15,1.4600,1.4600,1.0706,1.1500,307200
2009-05-08,1.3600,1.5900,1.2200,1.4000,201100
2009-05-01,1.2800,1.3700,1.1800,1.3101,56200
2009-04-24,1.2500,1.3900,1.2300,1.3200,86800
2009-04-17,1.1400,1.3399,1.1400,1.2899,100400
2009-04-09,1.3000,1.3000,1.0600,1.2393,35700
2009-04-03,1.1200,1.3400,1.0600,1.2999,84100
2009-03-27,1.1499,1.2000,1.0000,1.1400,60600
2009-03-20,1.0700,1.1600,1.0600,1.1500,36200
2009-03-13,0.9700,1.1800,0.9700,1.0700,33800
2009-03-06,1.1200,1.2000,0.8500,1.1200,40900
2009-02-27,1.1200,1.2000,1.0400,1.1600,56700
2009-02-20,1.0900,1.1900,1.0100,1.1600,23100
2009-02-13,1.2500,1.3400,1.1100,1.1599,44900
2009-02-06,1.1300,1.2500,1.1100,1.2200,21400
2009-01-30,1.2500,1.2500,1.1000,1.1920,47400
2009-01-23,1.3500,1.3700,1.1800,1.2000,58100
2009-01-16,1.2000,1.3500,1.1150,1.3000,190800
2009-01-09,1.1700,1.2300,1.1200,1.1500,29500
2009-01-02,1.0500,1.3100,1.0100,1.1700,51100
2008-12-26,1.0500,1.4000,1.0450,1.1001,59800
2008-12-19,0.9000,1.3500,0.8600,1.1500,66100
2008-12-12,0.9201,0.9800,0.8500,0.9400,11900
2008-12-05,0.7400,0.9200,0.5500,0.9200,31600
2008-11-28,0.8300,0.9600,0.6500,0.7499,18700
2008-11-21,0.8700,1.0000,0.8000,0.8700,40000
2008-11-14,0.9600,0.9700,0.8100,0.8100,37400
2008-11-07,0.9100,1.0800,0.8800,0.9500,19600
2008-10-31,0.8600,1.0500,0.8500,1.0200,29700
2008-10-24,1.0000,1.0500,0.8400,0.8900,45600
2008-10-17,1.0800,1.0800,0.8400,0.9999,52500
2008-10-10,1.0500,1.1600,0.9499,0.9501,123300
2008-10-03,1.2500,1.2900,1.0000,1.0600,64200
2008-09-26,1.2500,1.3500,1.2000,1.2230,46100
2008-09-19,1.3500,1.4000,1.1760,1.3300,102600
2008-09-12,1.3700,1.3900,1.1101,1.3120,27500
2008-09-05,1.2101,1.3900,1.2101,1.3700,19700
2008-08-29,1.2000,1.3800,1.2000,1.3000,38100
2008-08-22,1.2400,1.2800,1.1600,1.1701,35900
2008-08-15,1.2000,1.2400,1.0300,1.1900,64200
2008-08-08,1.1900,1.2100,1.0601,1.1999,46400
2008-08-01,1.1500,1.2000,1.0500,1.2000,95900
2008-07-25,1.2000,1.2500,1.1000,1.1000,17300
2008-07-18,1.1500,1.3000,1.1000,1.3000,20000
2008-07-11,1.3600,1.3600,1.0100,1.1500,27600
2008-07-03,1.2100,1.3900,1.2000,1.3600,12714
2008-06-27,1.3700,1.4000,1.2000,1.2000,45600
2008-06-20,1.4200,1.6699,1.3500,1.4500,23700
2008-06-13,1.5000,1.6900,1.4200,1.5100,34500
2008-06-06,1.5500,1.7400,1.3700,1.5200,37600
2008-05-30,1.5000,1.5000,1.3100,1.5000,36700
2008-05-23,1.9000,1.9400,1.5000,1.5000,62700
2008-05-16,1.7000,1.9800,1.5500,1.8700,127300
2008-05-09,1.4200,1.7700,1.3400,1.7020,144000
2008-05-02,1.3400,1.4200,1.3000,1.3300,88100
2008-04-25,1.2200,1.5800,1.2200,1.3100,145000
2008-04-18,1.1500,1.2900,1.1400,1.2600,68100
2008-04-11,1.1501,1.1899,1.1200,1.1500,115200
2008-04-04,1.1800,1.1800,1.0300,1.1500,142400
2008-03-28,1.0777,1.1900,1.0200,1.1800,123700
2008-03-20,0.9901,1.1800,0.9900,1.0400,33500
2008-03-14,1.0301,1.0400,1.0000,1.0000,18900
2008-03-07,1.0000,1.0600,0.9700,1.0500,251600
2008-02-29,1.0200,1.0600,0.9600,0.9800,67100
2008-02-22,1.0001,1.0600,1.0000,1.0400,11600
2008-02-15,1.0100,1.1100,0.9500,1.0500,74500
2008-02-08,1.0000,1.0800,0.9800,0.9800,25300
2008-02-01,1.1000,1.1000,0.9800,1.0400,23000
2008-01-25,1.0500,1.0500,0.9800,1.0500,27700
2008-01-18,1.0000,1.2000,0.8000,1.0500,141200
2008-01-11,0.9200,1.0200,0.8600,0.8600,40100
2008-01-04,0.8600,2.0000,0.7900,1.0000,73682
2007-12-28,1.0100,1.0500,0.8500,1.0000,117900
2007-12-21,1.0600,1.2000,0.9800,1.0400,77100
2007-12-14,0.9800,1.0800,0.8200,1.0400,88300
2007-12-07,1.1100,1.1100,0.9300,1.0300,107100
2007-11-30,0.9700,1.0600,0.9400,1.0200,26500
2007-11-23,1.0400,1.0700,0.9300,1.0100,47900
2007-11-16,1.0400,1.1200,0.9300,1.0500,48400
2007-11-09,1.1100,1.1600,1.0000,1.0700,52400
2007-11-02,1.1200,1.2200,1.1000,1.1700,38000
2007-10-26,1.0700,1.1900,1.0300,1.1200,46200
2007-10-19,1.0300,1.1900,1.0100,1.0700,84000
2007-10-12,1.0600,1.0900,1.0000,1.0200,41600
2007-10-05,1.1300,1.1300,1.0000,1.0700,63100
2007-09-28,1.0200,1.0900,1.0000,1.0400,70100
2007-09-21,1.0700,1.0700,0.9800,1.0200,93139
2007-09-14,1.0000,1.0900,0.9500,1.0600,61100
2007-09-07,0.9700,1.0700,0.9700,1.0400,16400
2007-08-31,1.0300,1.1600,0.9000,0.9600,44800
2007-08-24,0.9000,1.0600,0.8800,1.0300,94200
2007-08-17,0.7700,0.9400,0.5900,0.9000,137300
2007-08-10,1.0700,1.0700,0.7200,0.7500,98300
2007-08-03,1.0900,1.1100,0.9900,1.0700,48100
2007-07-27,1.1100,1.1500,1.0200,1.1000,34400
2007-07-20,1.1200,1.1500,1.0700,1.1300,77800
2007-07-13,1.1700,1.1800,1.1100,1.1300,59200
2007-07-06,1.1200,1.2000,1.0800,1.1700,74300
2007-06-29,1.1400,1.2000,1.0700,1.1300,51700
2007-06-22,1.2600,1.2800,1.1200,1.1800,53700
2007-06-15,1.2900,1.3200,1.2200,1.2800,15900
2007-06-08,1.2700,1.3000,1.2000,1.2400,29700
2007-06-01,1.1900,1.3300,1.1800,1.2600,11619
2007-05-25,1.3400,1.3500,1.1600,1.1900,113300
2007-05-18,1.2600,1.4200,1.2400,1.3400,28500
2007-05-11,1.3500,1.3800,1.1800,1.2200,94800
2007-05-04,1.2000,1.5200,1.1800,1.3300,176500
2007-04-27,1.2000,1.2600,1.1800,1.1800,32400
2007-04-20,1.2200,1.2700,1.1800,1.2300,24200
2007-04-13,1.2700,1.2900,1.1800,1.2700,51100
2007-04-05,1.2100,1.3000,1.2000,1.2500,53900
2007-03-30,1.2600,1.2800,1.1800,1.2200,40200
2007-03-23,1.2300,1.3400,1.2100,1.2600,27600
2007-03-16,1.2000,1.3100,1.2000,1.2500,31200
2007-03-09,1.2500,1.3300,1.2000,1.2300,60300
2007-03-02,1.4000,1.4800,1.1300,1.2900,113500
2007-02-23,1.4300,1.4400,1.3200,1.4100,23900
2007-02-16,1.5000,1.5500,1.3100,1.4200,43700
2007-02-09,1.4000,1.5000,1.3700,1.5000,19460
2007-02-02,1.4800,1.4900,1.3900,1.4000,16100
2007-01-26,1.5000,1.6700,1.3200,1.4400,107200
2007-01-19,1.4600,1.5800,1.4000,1.5000,62300
2007-01-12,1.3900,1.4600,1.3200,1.4500,38000
2007-01-05,1.3900,1.4700,1.3900,1.4300,16400
2006-12-29,1.3000,1.4600,1.3000,1.4300,94200
2006-12-22,1.3100,1.3900,1.2500,1.3600,64000
2006-12-15,1.3300,1.4600,1.3000,1.3400,67800
2006-12-08,1.4100,1.4100,1.3000,1.3900,89400
2006-12-01,1.4900,1.4900,1.3700,1.4700,20500
2006-11-24,1.5100,1.5100,1.3200,1.4900,8400
2006-11-17,1.4000,1.5700,1.3000,1.5000,97300
2006-11-10,1.4000,1.6000,1.3500,1.4500,65500
2006-11-03,1.3400,1.4500,1.3400,1.3900,52800
2006-10-27,1.3500,1.5000,1.2000,1.3400,147700
2006-10-20,1.2700,1.4500,1.2300,1.2500,42000
2006-10-13,1.2400,1.3900,1.2100,1.3000,42400
2006-10-06,1.3500,1.3500,1.2100,1.3000,33800
2006-09-29,1.3000,1.4300,1.2000,1.2600,35300
2006-09-22,1.3600,1.6900,1.2800,1.4200,39700
2006-09-15,1.4000,1.5500,1.2700,1.4500,41600
2006-09-08,1.7400,1.7400,1.3500,1.4900,26900
2006-09-01,1.2200,1.6000,1.2100,1.4700,55400
2006-08-25,1.2600,1.3700,1.2100,1.2300,44100
2006-08-18,1.4400,1.6900,1.2500,1.2800,42000
2006-08-11,1.2200,1.4300,1.2100,1.3700,69400
2006-08-04,1.3000,1.4000,1.2100,1.2100,27400
2006-07-28,1.2000,1.3300,1.2000,1.2400,20600
2006-07-21,1.2100,2.2500,1.2000,1.2100,32600
2006-07-14,1.3100,1.3100,1.2100,1.2200,23900
2006-07-07,1.2700,1.3300,1.2500,1.3000,6300
2006-06-30,1.3900,1.4400,1.2500,1.3300,22300
2006-06-23,1.2500,1.5800,1.2500,1.4700,35000
2006-06-16,1.2600,1.3300,1.1700,1.2900,42000
2006-06-09,1.5000,1.5300,1.2100,1.3500,37000
2006-06-02,1.3000,1.7500,1.3000,1.5000,41400
2006-05-26,1.3700,1.3700,1.2100,1.3000,78000
2006-05-19,1.7000,1.7000,1.3000,1.3500,64600
2006-05-12,1.6700,1.7500,1.5400,1.6200,40000
2006-05-05,1.5700,1.7900,1.5200,1.6100,61200
2006-04-28,1.9000,1.9000,1.5000,1.5700,150700
2006-04-21,2.1100,2.2500,1.9000,1.9000,86500
2006-04-13,1.9400,2.4300,1.8200,2.1100,229000
2006-04-07,1.9500,1.9900,1.8400,1.9200,50400
2006-03-31,1.7800,2.0500,1.7700,1.9500,76000
2006-03-24,2.0000,2.0200,1.6800,1.7800,82400
2006-03-17,1.5800,1.9800,1.4600,1.7700,107900
2006-03-10,1.8700,2.1000,1.4700,1.6400,199100
2006-03-03,1.3200,1.7000,1.2100,1.5000,165600
2006-02-24,1.5000,1.5000,1.3000,1.3000,38600
2006-02-17,1.5000,1.5000,1.3000,1.3700,70400
2006-02-10,1.2500,1.4800,1.1500,1.4600,179100
2006-02-03,1.2100,1.3500,1.2000,1.2500,227600
2006-01-27,1.2000,1.4700,1.2000,1.2600,128700
2006-01-20,1.2000,1.2400,1.1300,1.2100,70900
2006-01-13,1.2500,1.2500,1.1100,1.2000,97300
2006-01-06,1.6800,1.6800,1.3000,1.3000,77300
2005-12-30,1.1300,1.3500,1.1100,1.3500,129500
2005-12-23,1.1400,1.2100,1.1200,1.1300,119400
2005-12-16,1.2500,1.2500,1.0900,1.2100,118600
2005-12-09,1.1800,1.2100,1.0900,1.1200,145700
2005-12-02,1.2400,1.2400,1.1200,1.1200,52500
2005-11-25,1.2500,1.2500,1.1800,1.2300,19800
2005-11-18,1.2000,1.2500,1.1500,1.2200,31000
2005-11-11,1.2500,1.5300,1.1500,1.2000,48200
2005-11-04,1.2000,1.2700,1.1800,1.2000,47900
2005-10-28,1.2200,1.2700,1.2000,1.2000,62700
2005-10-21,1.2000,1.3000,1.1400,1.2000,64900
2005-10-14,1.2200,1.3000,1.2000,1.2000,17000
2005-10-07,1.2800,1.3000,1.2200,1.2200,20800
2005-09-30,1.2500,1.5300,1.2200,1.2800,89200
2005-09-23,1.2900,1.5000,1.2600,1.3200,59200
2005-09-16,1.3500,1.3900,1.2500,1.3900,24900
2005-09-09,1.3500,1.3800,1.1600,1.3500,29800
2005-09-02,1.4100,1.4100,1.1600,1.1800,51400
2005-08-26,1.3500,1.4000,1.2200,1.3400,19300
2005-08-19,1.4800,1.5400,1.2500,1.4100,59900
2005-08-12,1.3000,1.4800,1.2700,1.3000,24500
2005-08-05,1.3200,1.8000,1.1100,1.3300,34500
2005-07-29,1.2300,1.3500,1.2000,1.3100,32300
2005-07-22,1.1100,1.3300,1.1100,1.3200,18100
2005-07-15,1.3200,1.3500,1.2500,1.3000,33000
2005-07-08,1.5000,1.5000,1.1300,1.2700,31800
2005-07-01,1.5000,1.5200,1.1600,1.3400,56200
2005-06-24,1.6100,1.6100,1.2800,1.4200,17600
2005-06-17,1.3000,1.5700,1.1800,1.3600,23000
2005-06-10,1.3600,1.5100,1.2500,1.3700,31300
2005-06-03,1.2100,1.6300,1.1200,1.4800,14800
2005-05-27,1.5800,1.6500,1.2100,1.6200,29300
2005-05-20,1.1500,1.3900,1.1200,1.3600,27000
2005-05-13,1.3900,1.3900,1.1200,1.3400,14500
2005-05-06,1.2200,1.3700,1.1100,1.3700,25500
2005-04-29,1.5500,1.5500,1.0200,1.2200,48000
2005-04-22,1.5500,1.5500,1.3100,1.4900,15700
2005-04-15,1.5200,1.5200,1.3000,1.5100,47000
2005-04-08,1.4900,1.5500,1.3000,1.3500,43800
2005-04-01,1.4500,1.4900,1.2900,1.4900,51600
2005-03-24,1.4900,1.5500,1.4100,1.4700,13700
2005-03-18,1.5000,1.6200,1.4000,1.4900,43700
2005-03-11,1.7800,1.7800,1.4700,1.6000,77200
2005-03-04,1.8700,1.8700,1.6500,1.7000,17300
2005-02-25,1.7300,1.9000,1.6200,1.7800,37200
2005-02-18,1.7000,1.8800,1.7000,1.7400,33900
2005-02-11,1.7000,2.0900,1.7000,1.7900,50300
2005-02-04,1.8700,1.9100,1.6500,1.7500,49300
2005-01-28,1.6900,1.8700,1.6200,1.6400,36200
2005-01-21,1.7500,1.8800,1.6700,1.7300,47300
2005-01-14,2.0500,2.2600,1.7400,1.7900,54100
2005-01-07,2.2400,2.4300,1.9600,2.2100,106000
2004-12-31,1.6900,2.3500,1.6900,2.0700,126700
2004-12-23,1.7200,1.9600,1.6400,1.8500,97200
2004-12-17,2.1300,2.1300,1.6100,1.9700,116100
2004-12-10,2.2000,2.2900,2.0000,2.1400,35500
2004-12-03,2.4500,2.4900,2.0000,2.1000,109000
2004-11-26,1.9200,2.8200,1.9200,2.4100,162500
2004-11-19,1.5800,2.2400,1.5300,2.2000,229600
2004-11-12,1.4400,1.6200,1.4400,1.5800,47000
2004-11-05,1.3400,1.5900,1.3400,1.5100,62100
2004-10-29,1.4300,1.5000,1.3800,1.4100,30300
2004-10-22,1.4600,1.5200,1.4100,1.4700,23400
2004-10-15,1.4200,1.5700,1.4000,1.5000,55300
2004-10-08,1.7600,1.7600,1.4000,1.4900,45400
2004-10-01,1.6200,1.7500,1.5200,1.7300,17300
2004-09-24,1.6100,1.8600,1.6100,1.6500,31300
2004-09-17,1.6000,1.8000,1.5500,1.6200,34700
2004-09-10,1.6300,1.8000,1.5200,1.7400,18400
2004-09-03,1.5000,1.7400,1.4800,1.6100,30900
2004-08-27,1.6100,1.7500,1.3800,1.5100,24000
2004-08-20,1.4400,1.7300,1.4300,1.6100,41800
2004-08-13,1.3500,1.8000,1.3500,1.4600,44500
2004-08-06,1.5100,1.7900,1.3500,1.4600,27400
2004-07-30,1.3900,2.0400,1.3500,1.5600,41600
2004-07-23,1.7000,1.7200,1.3800,1.6500,84600
2004-07-16,2.1400,2.1400,1.7100,1.7100,50700
2004-07-09,2.2600,2.2600,1.7900,1.9000,52700
2004-07-02,2.2000,2.3900,1.9800,2.2800,71600
2004-06-25,2.3200,2.4800,2.1700,2.2400,36300
2004-06-18,2.4800,2.5200,2.1500,2.5200,70500
2004-06-10,2.5800,2.5800,2.4600,2.4900,38100
2004-06-04,2.5600,2.5800,2.5000,2.5100,11100
2004-05-28,2.5100,2.6000,2.4800,2.5100,50900
2004-05-21,2.6100,2.6600,2.5000,2.5000,62200
2004-05-14,2.8800,2.8800,2.6000,2.6200,28600
2004-05-07,2.6800,3.2400,2.5000,2.6400,98000
2004-04-30,3.0600,3.3000,2.6800,2.6800,84600
2004-04-23,2.9100,3.3000,2.7100,3.0300,71900
2004-04-16,3.3500,3.9900,2.7700,2.8700,294600
2004-04-08,2.7300,3.7800,2.7000,3.2500,737000
2004-04-02,2.2900,2.6000,2.2000,2.4600,223800
2004-03-26,2.3500,2.5200,2.2000,2.3000,45200
2004-03-19,2.6100,2.6200,2.2000,2.3500,109400
2004-03-12,2.6000,2.7400,2.4400,2.6500,62700
2004-03-05,2.4900,2.9800,2.3800,2.7000,80800
2004-02-27,2.5000,2.5500,2.2000,2.4200,49600
2004-02-20,2.6600,3.0000,2.5200,2.6000,59400
2004-02-13,2.6700,2.8600,2.6100,2.6500,39000
2004-02-06,3.1900,3.1900,2.5000,2.6900,66000
2004-01-30,2.7000,3.3000,2.7000,3.0400,246200
2004-01-23,3.1000,3.1000,2.6000,2.7800,404100
2004-01-16,2.4400,3.0700,2.2100,3.0700,420700
2004-01-09,2.2200,2.4400,2.0500,2.2300,163400
2004-01-02,2.0000,2.4900,1.8000,2.2200,187900
2003-12-26,2.0500,2.3500,2.0200,2.0500,34600
2003-12-19,2.3200,2.4400,1.9800,2.1500,69900
2003-12-12,2.3500,2.5000,2.1300,2.2100,49900
2003-12-05,2.4500,2.5100,2.3500,2.5000,42700
2003-11-28,2.6000,2.7000,2.4000,2.5000,33000
2003-11-21,2.4600,2.7500,2.3700,2.4000,58000
2003-11-14,2.7900,2.8500,2.4100,2.4700,39600
2003-11-07,2.5400,2.7800,2.5000,2.5500,31300
2003-10-31,2.5700,2.6800,2.5000,2.6700,24400
2003-10-24,2.8100,2.8400,2.4200,2.6900,25700
2003-10-17,2.9200,2.9400,2.8000,2.8400,32100
2003-10-10,2.9000,3.0100,2.8000,2.9200,24700
2003-10-03,3.0000,3.0000,2.8500,2.9000,20500
2003-09-26,2.9200,3.0400,2.8800,2.9900,32200
2003-09-19,2.8500,3.0300,2.7400,2.9400,41600
2003-09-12,3.0200,3.1000,2.2000,2.8000,97000
2003-09-05,2.9500,3.0100,2.9100,2.9200,29500
2003-08-29,3.0300,3.0300,2.8000,2.9300,22300
2003-08-22,2.9500,3.0700,2.8600,2.9100,22800
2003-08-15,3.0000,3.0400,2.9500,2.9900,24700
2003-08-08,2.9500,3.0400,2.9500,2.9600,58800
2003-08-01,2.3800,3.0500,2.3100,2.9600,89700
2003-07-25,2.2900,2.4300,2.2000,2.2900,36400
2003-07-18,2.2400,2.3900,2.2000,2.2500,28700
2003-07-11,2.1500,2.2900,2.1500,2.2200,21000
2003-07-03,2.0900,2.2900,2.0200,2.1600,27700
2003-06-27,2.0000,2.1000,1.9800,2.0100,26600
2003-06-20,2.0600,2.1300,2.0000,2.0000,10100
2003-06-13,2.2500,2.2900,2.0500,2.1000,17500
2003-06-06,2.9000,2.9000,2.1000,2.1100,102600
2003-05-30,2.2300,2.4500,1.7900,2.2000,25500
2003-05-23,2.3800,2.9000,2.2100,2.2100,39700
2003-05-16,1.6400,2.5200,1.6400,2.4000,36400
2003-05-09,1.5200,1.6600,1.5200,1.6400,14900
2003-05-02,1.4000,1.5500,1.3600,1.5100,141700
2003-04-25,1.2900,1.4300,1.2800,1.3500,10800
2003-04-17,1.2800,1.3700,1.2800,1.3700,8100
2003-04-11,1.2500,1.3400,1.1600,1.3400,16900
2003-04-04,1.2900,1.3300,1.1900,1.2400,23100
2003-03-28,1.3900,1.3900,1.3000,1.3000,5500
2003-03-21,1.3700,1.4500,1.3200,1.3900,15700
2003-03-14,1.4700,1.4700,1.3500,1.3700,21700
2003-03-07,1.4100,1.5000,1.4100,1.4500,5500
2003-02-28,1.4400,1.5000,1.3500,1.4800,3900
2003-02-21,1.4500,1.5500,1.3000,1.4000,19900
2003-02-14,1.3000,1.4800,1.3000,1.4700,17300
2003-02-07,1.4300,1.5000,1.3500,1.3500,4700
2003-01-31,1.4500,1.5600,1.3500,1.4300,14500
2003-01-24,1.5500,1.6100,1.3500,1.4800,5000
2003-01-17,1.7000,1.7300,1.5500,1.6000,15600
2003-01-10,1.7500,1.8200,1.5100,1.6900,17100
2003-01-03,1.3500,1.7500,1.3300,1.6700,35300
2002-12-27,1.4000,1.4900,1.2400,1.3700,44000
2002-12-20,1.4500,1.7500,1.3200,1.4300,45000
2002-12-13,1.5600,1.5600,1.3200,1.4500,38100
2002-12-06,1.6600,1.8400,1.5000,1.5700,22400
2002-11-29,1.9600,1.9600,1.6100,1.7800,18300
2002-11-22,1.5300,1.9000,1.5300,1.8700,20200
2002-11-15,1.5600,1.7000,1.4300,1.6700,22200
2002-11-08,1.9000,2.0500,1.4000,1.6700,29400
2002-11-01,1.3500,1.9500,1.3100,1.8700,39800
2002-10-25,1.6600,1.6600,1.2600,1.4000,15700
2002-10-18,1.5500,1.6800,1.3000,1.6600,20100
2002-10-11,1.3300,1.7000,1.3000,1.5600,28900
2002-10-04,1.6000,1.6500,1.1500,1.4400,45400
2002-09-27,1.8700,1.9000,1.4300,1.6000,24200
2002-09-20,1.9000,2.0300,1.7400,1.8700,15100
2002-09-13,1.8000,2.0500,1.7100,2.0300,28800
2002-09-06,1.8500,2.0900,1.6500,1.9500,22200
2002-08-30,1.9400,2.0500,1.6500,1.8500,26200
2002-08-23,1.7000,2.1000,1.7000,2.0000,23100
2002-08-16,1.8100,2.1800,1.7800,2.0300,28400
2002-08-09,1.7500,2.3500,1.7500,1.8800,23000
2002-08-02,2.1200,2.2700,1.7500,2.2600,14300
2002-07-26,2.2500,2.2700,1.7100,1.7500,17900
2002-07-19,1.5100,2.3000,1.5100,2.2600,17400
2002-07-12,1.7100,2.5000,1.7100,1.9200,17700
2002-07-05,1.7100,1.9500,1.7000,1.7100,2600
2002-06-28,2.2400,2.2400,1.5500,2.0200,39700
2002-06-21,2.2000,2.3900,1.9000,1.9500,54600
2002-06-14,2.2600,2.4000,1.8700,2.0000,14100
2002-06-07,2.3300,2.3300,1.7500,2.2900,12400
2002-05-31,2.1700,2.4500,2.0900,2.1600,14800
2002-05-24,2.3200,2.5000,2.1700,2.5000,5400
2002-05-17,2.3500,2.7200,2.2100,2.4500,15700
2002-05-10,2.1800,2.4000,2.1000,2.2600,51500
2002-05-03,2.1900,2.3000,2.1500,2.2900,16500
2002-04-26,2.3600,2.3900,2.1600,2.2000,38800
2002-04-19,2.4800,2.6200,2.3300,2.3500,22900
2002-04-12,2.6600,2.6800,2.5000,2.5000,19300
2002-04-05,2.8300,2.8400,2.5000,2.8300,11300
2002-03-28,2.8000,2.9700,2.7100,2.7100,15900
2002-03-22,2.9100,2.9100,2.5200,2.8000,19900
2002-03-15,2.7500,3.0000,2.6100,2.8000,7400
2002-03-08,2.6000,3.2000,2.6000,2.7700,23600
2002-03-01,2.5000,2.7500,2.4500,2.6500,25300
2002-02-22,2.8000,2.8200,2.4000,2.5000,22400
2002-02-15,3.2900,3.3000,2.8000,2.8000,42400
2002-02-08,3.5500,3.5500,2.8000,3.1700,27500
2002-02-01,3.8500,4.0400,3.4500,3.5900,14700
2002-01-25,4.0700,4.4800,3.9000,4.0000,24000
2002-01-18,4.0200,4.8300,3.5800,4.1300,50300
2002-01-11,3.2500,4.4500,3.2500,4.1100,85400
2002-01-04,2.9500,3.2800,2.9000,3.2800,205800
2001-12-28,2.8000,3.3000,2.6800,3.1000,144700
2001-12-21,2.4600,2.9500,2.2800,2.8900,142300
2001-12-14,2.6100,2.8000,2.4600,2.4800,71800
2001-12-07,2.7500,2.7700,2.6000,2.6900,58000
2001-11-30,2.9600,2.9600,2.7100,2.7500,168100
2001-11-23,3.0500,3.1000,2.7500,2.9600,39600
2001-11-16,2.9700,3.1500,2.8400,3.0400,79700
2001-11-09,3.0500,3.1800,2.7000,2.9700,64200
2001-11-02,2.8100,3.4400,2.5100,2.8300,48300
2001-10-26,3.0000,3.0000,2.7800,2.8500,78800
2001-10-19,3.0000,3.2500,2.7500,2.9800,108700
2001-10-12,2.7300,3.1900,2.0500,2.8500,158100
2001-10-05,2.1400,2.7000,2.0000,2.6600,147800
2001-09-28,3.0800,3.1000,1.9000,1.9100,657600
2001-09-21,3.3100,3.6200,2.4500,3.0000,702600
2001-09-10,3.8800,4.0000,3.2500,3.6000,38500
2001-09-07,4.3500,4.8400,3.8800,4.0000,47500
2001-08-31,5.5900,5.5900,4.2700,4.7500,123100
2001-08-24,5.8200,6.0000,5.3000,5.5900,130400
2001-08-17,6.9500,7.0500,5.7600,6.0000,124600
2001-08-10,7.7500,8.1000,7.0000,8.0500,40900
2001-08-03,7.2900,8.2500,7.0500,8.0500,32900
2001-07-27,7.1100,7.2500,5.9800,7.1500,102800
2001-07-20,7.6500,7.8000,7.1000,7.3100,42500
2001-07-13,8.2000,8.2500,7.5000,7.7000,54400
2001-07-06,9.0000,9.0000,7.7000,8.2000,24300
2001-06-29,8.6100,9.0000,8.2000,9.0000,42100
2001-06-22,9.5100,9.7200,8.3300,8.7200,52500
2001-06-15,9.4100,10.4600,9.1200,9.5000,117400
2001-06-08,9.8000,9.8800,9.0000,9.3800,36500
2001-06-01,10.5500,10.6000,9.0100,9.6000,43300
2001-05-25,10.4500,11.2500,9.9500,10.5500,59000
2001-05-18,10.7300,10.9700,10.2900,10.4600,33300
2001-05-11,11.0500,11.5000,9.5500,10.8800,135300
2001-05-04,10.0000,11.1300,9.0000,11.0300,100400
2001-04-27,8.8500,10.7400,8.2700,9.5500,208500
2001-04-20,7.7200,9.0000,7.2600,8.8900,102700
2001-04-12,7.6000,7.7400,7.0000,7.6300,80000
2001-04-06,8.6900,8.8800,7.0000,7.5600,90100
2001-03-30,7.6700,8.9400,7.6200,8.8100,106000
2001-03-23,7.0200,7.6200,6.9400,7.6200,143100
2001-03-16,7.8100,7.8800,6.8800,6.9400,204000
2001-03-09,8.8400,8.8400,7.0900,7.9700,125100
2001-03-02,8.5000,9.1200,8.1900,8.7500,130600
2001-02-23,10.3800,10.3800,8.1900,8.3100,144400
2001-02-16,11.0000,11.7500,9.8100,10.2500,167400
2001-02-09,10.5000,11.2500,9.9400,10.9400,285400
2001-02-02,10.3100,11.5000,9.8900,10.6900,195800
2001-01-26,11.0000,11.2500,9.0000,9.8800,404900
2001-01-19,11.3800,11.8100,9.3800,11.1200,667300
2001-01-12,7.8800,11.1200,7.5000,10.9800,279100
2001-01-05,6.8800,8.2200,6.0600,7.3800,279800
2000-12-29,6.6200,8.0600,6.1900,6.5000,645000
2000-12-22,9.1200,9.1200,6.2500,6.8400,385600
2000-12-15,9.1900,10.8800,8.0600,9.1900,388600
2000-12-08,6.2500,9.0000,5.8800,8.9400,363500
2000-12-01,7.1900,7.3800,5.5000,6.0000,742900
2000-11-24,8.7200,8.7200,6.0000,7.0000,524000
2000-11-17,9.9200,10.1200,8.3800,8.9400,291800
2000-11-10,11.5000,11.5000,9.0000,9.7500,293800
2000-11-03,11.0000,11.7500,9.0000,11.2500,286300
2000-10-27,15.8600,15.8800,9.7500,11.0000,383400
2000-10-20,12.8400,17.3100,10.7500,15.6900,829600
2000-10-13,9.5600,11.7500,8.1200,11.1200,516700
2000-10-06,12.1200,12.3800,9.0000,9.7500,287100
2000-09-29,13.0000,13.1200,9.7500,12.3800,502000
2000-09-22,14.0600,14.7500,11.2500,12.7500,351700
2000-09-15,15.8800,16.0000,13.5600,14.0600,628300
2000-09-08,18.9400,18.9400,15.6200,16.0000,403200
2000-09-01,18.0600,21.0000,17.5000,18.9400,1017200
2000-08-25,16.1600,17.8800,15.7500,17.4400,373200
2000-08-18,17.1200,18.7500,16.0000,16.3800,645000
2000-08-11,15.7500,19.3100,14.5000,17.0600,1542700
2000-08-04,15.0600,16.5000,13.1200,14.5000,588500
2000-07-28,22.0000,22.5000,14.6200,15.0000,1264600
2000-07-21,19.1200,24.3800,18.7500,22.1200,1823300
2000-07-14,18.2500,23.5000,17.0000,19.0000,3547800
2000-07-07,14.6200,17.7500,14.3800,17.3100,2324800
2000-06-30,14.2500,15.8800,13.5000,14.2500,1097600
2000-06-23,14.0600,16.0000,13.3800,14.2500,1213000
2000-06-16,15.5600,19.5600,14.0000,14.0600,814200
2000-06-09,15.2500,16.5000,13.2500,15.4400,477800
2000-06-02,13.3800,16.3100,12.3800,15.2500,462800
2000-05-26,16.7500,16.7500,12.2500,13.3800,165500
2000-05-19,19.7500,19.7500,15.7500,16.2500,149700
2000-05-12,21.1600,21.7500,18.7500,19.6900,138300
2000-05-05,21.8100,23.7500,19.0000,20.8800,283500
2000-04-28,21.1900,24.0000,19.3800,21.7500,381700
2000-04-20,13.5600,24.0000,13.2500,23.0000,498700
2000-04-14,35.5600,36.0000,13.8800,15.0000,521900
2000-04-07,30.7500,35.0000,21.1200,34.6200,488800
2000-03-31,32.0000,32.0000,23.0000,29.3800,467900
2000-03-24,39.0000,39.0000,26.0000,31.0000,452700
2000-03-17,43.2500,46.8800,30.0000,38.2500,624100
2000-03-10,51.9400,53.5000,40.0000,44.7500,598800
2000-03-03,55.0300,57.0000,45.7500,48.7500,923900
2000-02-25,43.5000,48.8800,37.5000,46.2500,570100
2000-02-18,43.2500,52.8800,40.2500,43.1200,886200
2000-02-11,40.5000,64.0000,39.1200,41.5000,2046900
2000-02-04,21.0000,39.5000,18.8800,35.2500,1249800
2000-01-28,24.0000,27.7500,19.0600,21.5000,716900
2000-01-21,14.1200,23.8800,14.1200,22.8100,1142100
2000-01-14,15.5600,16.8800,13.8800,14.1200,180600
