timestamp,open,high,low,close,volume
2018-01-05,7.6800,9.8000,7.6100,9.3800,1440165
2017-12-29,6.1500,7.6500,6.1500,7.5800,794700
2017-12-22,6.0500,9.2400,6.0500,6.2000,3737900
2017-12-15,5.6400,7.3300,5.5000,6.0500,1375000
2017-12-08,5.2100,8.6000,5.1200,5.7500,2431300
2017-12-01,5.6500,6.4000,5.0500,5.2700,2347100
2017-11-24,4.3300,12.4000,4.2600,5.8600,8978900
2017-11-17,4.0100,4.8500,3.9100,4.4000,938800
2017-11-10,4.1300,4.4500,3.5000,4.0300,833100
2017-11-03,4.2600,4.4700,4.1100,4.1600,156000
2017-10-27,4.9000,5.1000,4.0600,4.3000,707800
2017-10-20,5.8500,5.9100,4.7500,4.8200,544400
2017-10-13,5.7000,8.2500,4.5600,5.8000,19528600
2017-10-06,3.4000,3.5800,3.1500,3.3200,132100
2017-09-29,3.0200,3.4700,2.9500,3.3600,123100
2017-09-22,3.3400,3.3400,2.6100,2.9600,193700
2017-09-15,3.4100,3.4100,3.1700,3.3300,74600
2017-09-08,3.4200,4.3800,3.2300,3.3300,913400
2017-09-01,3.4600,3.4600,3.1500,3.2600,53600
2017-08-25,3.3600,3.3800,3.1000,3.3100,66200
2017-08-18,3.4800,3.4900,3.1000,3.2700,58600
2017-08-11,4.2700,4.6400,3.2800,3.2900,1221800
2017-08-04,4.0700,4.4400,3.7700,3.7700,183900
2017-07-28,4.1100,4.1900,4.0000,4.0900,81500
2017-07-21,4.1500,4.3500,4.0100,4.0900,119100
2017-07-14,4.4200,4.7100,4.1300,4.1400,152400
2017-07-07,4.5700,4.6600,4.3200,4.4300,80900
2017-06-30,4.4400,4.7700,4.3400,4.4900,273400
2017-06-23,4.4300,5.0000,4.1500,4.5300,600300
2017-06-16,4.1600,6.0000,4.0900,4.4000,3730400
2017-06-09,4.0500,4.8200,4.0100,4.2800,582200
2017-06-02,4.4500,4.8400,3.7000,4.1900,801300
2017-05-26,3.6000,5.5200,3.5300,4.4800,2321500
2017-05-19,4.2100,4.3400,3.3100,3.6000,745000
2017-05-12,3.2700,6.9900,3.2600,4.0200,18803500
2017-05-05,3.8100,3.9400,3.2100,3.3100,432100
2017-04-28,3.4600,5.1000,3.3100,3.8400,4242900
2017-04-21,4.6100,4.7200,3.4400,3.4800,2295400
2017-04-13,6.6500,6.7000,4.6000,4.7500,2520000
2017-04-07,2.8300,10.7000,2.7700,6.7200,23858000
2017-03-31,2.7800,3.2800,2.5400,2.8700,340200
2017-03-24,2.8000,3.4500,2.3100,2.7500,924400
2017-03-17,0.7000,0.7100,0.6600,0.6900,64400
2017-03-10,0.7000,0.7500,0.6700,0.7100,144900
2017-03-03,0.7900,0.7900,0.6700,0.7500,240900
2017-02-24,0.7700,0.8000,0.7500,0.7800,68200
2017-02-17,0.8000,0.8200,0.7500,0.7800,139500
2017-02-10,0.7100,0.8500,0.7100,0.8200,351300
2017-02-03,0.7300,0.7600,0.7000,0.7100,199600
2017-01-27,0.7400,0.8200,0.7000,0.7300,297900
2017-01-20,0.7900,0.8500,0.7000,0.7400,604700
2017-01-13,0.7400,0.8200,0.6600,0.7500,327400
2017-01-06,0.6400,0.9200,0.6400,0.7900,794400
2016-12-30,0.6300,0.7300,0.6000,0.6600,160400
2016-12-23,0.7200,0.7600,0.6400,0.6600,185100
2016-12-16,0.7700,0.8200,0.6900,0.7100,70100
2016-12-09,0.7100,0.9200,0.6700,0.7900,188800
2016-12-02,0.7300,0.7400,0.6800,0.7100,93800
2016-11-25,0.8400,0.8400,0.7300,0.7500,117500
2016-11-18,0.7600,1.1600,0.6500,0.8000,1662300
2016-11-11,0.6300,0.8000,0.6100,0.7800,228300
2016-11-04,0.7900,0.8100,0.6000,0.6300,208500
2016-10-28,0.9200,0.9200,0.7300,0.7600,184700
2016-10-21,0.9500,0.9600,0.8300,0.8900,204800
2016-10-14,1.0000,1.0000,0.9200,0.9600,210800
2016-10-07,1.0200,1.1100,0.9500,0.9800,198700
2016-09-30,1.0200,1.0800,1.0100,1.0400,113100
2016-09-23,1.0700,1.0800,1.0000,1.0100,152600
2016-09-16,1.0500,1.2000,1.0100,1.0600,487200
2016-09-09,1.1200,1.1500,1.0400,1.0800,182100
2016-09-02,1.1700,1.2300,1.1000,1.1100,312500
2016-08-26,1.1200,1.2000,1.0400,1.1600,290700
2016-08-19,1.1400,1.1700,1.0100,1.1200,626000
2016-08-12,1.2900,1.3700,1.1400,1.2600,540600
2016-08-05,1.3000,1.3200,1.1600,1.2900,685000
2016-07-29,1.5400,1.8000,1.2000,1.3200,5334000
2016-07-22,1.0400,1.8300,0.9700,1.5100,6491000
2016-07-15,0.9400,1.2300,0.9400,1.0400,1939200
2016-07-08,0.9600,0.9900,0.9300,0.9500,116200
2016-07-01,1.0500,1.0800,0.9300,0.9800,695000
2016-06-24,0.9500,1.3700,0.9000,1.0300,8181200
2016-06-17,0.9700,1.0300,0.9100,0.9100,167400
2016-06-10,0.9500,1.3500,0.9200,0.9700,929400
2016-06-03,0.9600,0.9700,0.9200,0.9600,25300
2016-05-27,0.9400,1.0400,0.9100,0.9400,51200
2016-05-20,1.0500,1.0700,0.9100,0.9700,79100
2016-05-13,1.1200,1.1700,1.0000,1.0500,104600
2016-05-06,1.1500,1.4300,1.0100,1.1500,203400
2016-04-29,1.2300,1.2300,1.1000,1.1400,89300
2016-04-22,1.1900,1.2700,1.1800,1.2200,46300
2016-04-15,1.2200,1.2800,1.1800,1.2100,46500
2016-04-08,1.2100,1.2900,1.1600,1.2400,72100
2016-04-01,1.4000,1.4000,1.1500,1.2000,183000
2016-03-24,1.2500,1.4000,1.2000,1.4000,108800
2016-03-18,1.2300,1.3500,1.2300,1.2500,12200
2016-03-11,1.4000,1.4700,1.2000,1.3000,76900
2016-03-04,1.3500,1.4900,1.1500,1.4000,76700
2016-02-26,1.1500,1.4900,1.1500,1.3400,27700
2016-02-19,1.2400,1.6300,1.0900,1.1900,41700
2016-02-12,1.1700,1.2500,1.1000,1.2400,58300
2016-02-05,1.1000,1.2400,1.0600,1.1500,42800
2016-01-29,1.1800,1.2900,1.0900,1.1200,72600
2016-01-22,1.2100,1.3000,1.1600,1.2100,58900
2016-01-15,1.4000,1.4100,1.1700,1.1900,61300
2016-01-08,1.3700,1.7000,1.3400,1.4100,136400
2015-12-31,1.6400,1.6500,1.3400,1.4300,71200
2015-12-24,1.2300,1.7800,1.2300,1.6000,179400
2015-12-18,1.2800,1.4000,1.1800,1.2700,287600
2015-12-11,1.5200,1.7400,1.2200,1.2800,222000
2015-12-04,1.1400,2.6300,1.1000,1.5200,2585900
2015-11-27,1.1200,1.2000,1.0700,1.1400,45100
2015-11-20,1.1000,1.2800,1.0600,1.1100,50100
2015-11-13,1.4200,1.5000,1.1600,1.2700,36900
2015-11-06,1.3300,1.4700,1.3200,1.4200,20100
2015-10-30,1.3200,1.5600,1.3200,1.3300,28400
2015-10-23,1.2200,1.7400,1.2200,1.5700,73800
2015-10-16,1.4100,1.4100,1.2000,1.2100,12800
2015-10-09,1.1000,1.4400,1.0600,1.3700,41900
2015-10-02,1.3500,1.4500,1.0100,1.1000,73300
2015-09-25,1.4800,1.4800,1.3600,1.3600,13100
2015-09-18,1.4500,1.5300,1.3800,1.4800,23800
2015-09-11,1.5400,1.5800,1.4500,1.4800,13100
2015-09-04,1.4900,1.5800,1.3200,1.5500,70300
2015-08-28,1.6000,1.6000,1.2900,1.4800,121200
2015-08-21,1.7500,2.0400,1.3500,1.6700,137100
2015-08-14,2.1500,2.3300,1.7500,1.9800,69500
2015-08-07,2.7100,2.8700,2.1200,2.1600,48000
2015-07-31,2.6500,2.8600,2.6500,2.7000,15200
2015-07-24,3.0000,3.0000,2.6300,2.6400,37600
2015-07-17,2.8100,2.9900,2.7900,2.9000,15900
2015-07-10,3.0100,3.0600,2.6700,2.8000,58700
2015-07-02,3.0100,3.0500,2.9300,3.0100,30000
2015-06-26,3.1200,3.3300,2.9700,3.1000,15200
2015-06-19,3.0000,3.2800,2.9900,3.0900,46300
2015-06-12,3.0700,3.0700,2.9200,3.0500,56300
2015-06-05,3.0500,3.1600,3.0000,3.0200,19000
2015-05-29,3.0900,3.1800,3.0100,3.0300,38400
2015-05-22,3.0500,3.2000,2.9600,3.0900,59600
2015-05-15,3.3700,3.5200,3.0200,3.0700,74800
2015-05-08,3.4300,3.5300,3.3000,3.3700,33000
2015-05-01,3.5100,3.6000,3.3700,3.4200,51300
2015-04-24,3.4000,3.5700,3.2600,3.4100,43000
2015-04-17,3.4000,3.5900,3.2400,3.3800,63400
2015-04-10,3.2500,3.6000,3.2100,3.4100,93600
2015-04-02,3.6100,3.6100,3.0300,3.2500,149300
2015-03-27,3.5400,3.7500,3.3200,3.6500,33200
2015-03-20,3.7100,3.7100,3.2700,3.4100,72100
2015-03-13,3.6800,3.8700,3.5700,3.7300,41300
2015-03-06,3.4500,3.9200,3.4400,3.7300,96900
2015-02-27,3.2300,3.5900,3.2300,3.3500,44500
2015-02-20,3.2300,3.2700,3.2200,3.2300,18000
2015-02-13,3.2700,3.4000,3.2200,3.2300,38800
2015-02-06,3.0400,3.2600,2.9200,3.2600,99100
2015-01-30,3.2200,3.2900,2.8800,3.0400,94600
2015-01-23,3.3900,3.4400,3.2000,3.2800,25400
2015-01-16,3.4000,3.5900,3.2000,3.3900,56800
2015-01-09,3.6500,4.0000,3.3200,3.4200,339600
2015-01-02,3.3500,3.4800,3.2100,3.4000,56000
2014-12-26,3.4900,3.4900,3.2950,3.4100,39700
2014-12-19,3.8400,3.8400,3.3300,3.4700,84400
2014-12-12,3.6800,4.6400,3.5200,3.7900,336700
2014-12-05,4.0000,4.4600,3.6200,3.6700,116700
2014-11-28,4.0600,4.2600,3.9700,3.9700,28300
2014-11-21,3.8100,4.3600,3.6800,4.0800,81400
2014-11-14,3.8500,4.6400,3.8000,3.9300,252400
2014-11-07,3.4400,3.8900,3.3500,3.8500,89500
2014-10-31,3.6400,3.6900,3.3400,3.4900,72800
2014-10-24,3.1200,3.8700,3.0700,3.6200,96700
2014-10-17,3.1500,3.3000,2.9100,3.1700,84400
2014-10-10,4.0400,4.0400,3.2000,3.2200,84400
2014-10-03,4.2100,4.2100,3.9000,4.0300,49700
2014-09-26,4.3000,4.3000,3.9700,4.1800,93100
2014-09-19,4.6500,4.6500,4.2000,4.3000,152100
2014-09-12,4.9900,5.0700,4.6500,4.6900,120800
2014-09-05,5.1100,5.1700,4.9200,4.9500,50100
2014-08-29,4.9400,5.2000,4.8500,5.1100,112300
2014-08-22,5.0900,5.1900,4.8000,4.8700,174300
2014-08-15,5.5000,5.7000,4.7500,5.0100,352800
2014-08-08,5.4000,5.6200,5.3100,5.5000,109000
2014-08-01,5.5600,5.6800,5.3300,5.4200,106800
2014-07-25,5.4700,5.8000,5.4200,5.6100,179400
2014-07-18,5.4000,5.6300,5.2800,5.4600,188700
2014-07-11,5.5419,5.6600,5.3600,5.4100,99700
2014-07-03,5.4700,5.7000,5.4000,5.5400,73300
2014-06-27,5.7500,5.8000,5.3600,5.4700,168000
2014-06-20,5.7400,5.8500,5.5500,5.7200,112900
2014-06-13,5.3900,5.9400,5.3600,5.7100,342200
2014-06-06,5.3800,5.6500,5.2200,5.3900,204400
2014-05-30,5.3300,5.5200,5.2600,5.3800,118300
2014-05-23,5.4500,5.4600,5.2300,5.3300,109200
2014-05-16,5.3500,6.0200,5.2900,5.4300,350300
2014-05-09,5.5000,5.5400,5.2100,5.3500,70300
2014-05-02,5.5000,5.5000,5.2200,5.4600,89800
2014-04-25,5.4200,5.6800,5.4100,5.5300,112900
2014-04-17,5.5700,5.6800,5.1300,5.4200,214500
2014-04-11,5.6300,5.9000,5.4400,5.5800,226200
2014-04-04,7.0600,7.2000,5.6300,5.7200,1996300
2014-03-28,5.6100,5.6700,5.1100,5.4300,254500
2014-03-21,5.4000,5.7100,5.3500,5.5600,148000
2014-03-14,6.0900,6.3500,5.4000,5.4200,317700
2014-03-07,5.9900,6.6900,5.8500,6.0900,593000
2014-02-28,5.6100,6.2500,5.4700,5.9200,730500
2014-02-21,5.6250,6.0000,5.3400,5.5800,251400
2014-02-14,5.2100,5.8000,5.1500,5.6300,323800
2014-02-07,5.1000,5.3500,5.0500,5.2400,205800
2014-01-31,5.3800,5.4700,5.1200,5.1400,208500
2014-01-24,5.6000,6.2000,5.3700,5.3800,582800
2014-01-17,5.7600,5.8000,5.2300,5.6000,319400
2014-01-10,5.8000,6.1500,5.6200,5.7500,435300
2014-01-03,5.8200,6.0800,5.4000,5.8000,527400
2013-12-27,5.1700,5.7900,5.0700,5.7900,330900
2013-12-20,5.2000,5.3700,5.0500,5.1700,171400
2013-12-13,5.2900,5.5400,5.0800,5.1900,306700
2013-12-06,5.3500,5.5000,5.1600,5.2900,191300
2013-11-29,5.3700,5.5100,5.1000,5.3800,192300
2013-11-22,5.9000,5.9900,5.0300,5.3100,536500
2013-11-15,6.8500,7.3900,5.5000,5.8800,1601600
2013-11-08,5.9700,6.7000,5.8800,6.7000,1109000
2013-11-01,5.8600,6.0000,5.5400,5.9100,358500
2013-10-25,6.3100,7.0400,5.8100,5.8500,1011700
2013-10-18,5.6300,6.7500,5.6300,6.2700,1535000
2013-10-11,5.5500,6.3200,5.2900,5.6900,1054400
2013-10-04,5.5200,5.8900,5.2700,5.5400,701600
2013-09-27,5.2600,6.1500,5.1100,5.5400,1341200
2013-09-20,5.2000,5.4300,5.0500,5.2700,463100
2013-09-13,5.2300,5.7200,5.0600,5.1300,499200
2013-09-06,4.9400,5.4500,4.9400,5.1700,581700
2013-08-30,5.4900,5.5300,4.8200,4.9400,741500
2013-08-23,5.6800,5.8800,5.3100,5.4500,981800
2013-08-16,6.5100,7.7900,5.5700,5.7300,5222600
2013-08-09,5.5000,6.7400,5.3000,6.4700,2712500
2013-08-02,5.4800,5.8500,5.1500,5.4500,1265200
2013-07-26,5.1800,6.0900,5.0800,5.4900,2278100
2013-07-19,5.2000,5.6500,5.0600,5.1800,1066800
2013-07-12,5.4500,5.8300,4.9700,5.2200,1915500
2013-07-05,5.3700,7.6000,5.3500,5.4000,7639700
2013-06-28,4.7100,5.5000,4.3700,5.3100,2450800
2013-06-21,5.5700,5.7500,4.5700,4.7400,1510700
2013-06-14,5.8200,6.3900,5.4000,5.4600,1088600
2013-06-07,6.9000,7.3600,5.6400,5.8700,1135600
2013-05-31,7.6800,7.8500,6.2100,6.8500,4435400
2013-05-24,3.5300,10.8500,3.4200,7.6800,22389900
2013-05-17,3.4200,4.3300,3.3400,3.5700,858300
2013-05-10,3.3200,3.5900,3.3200,3.4500,219200
2013-05-03,3.3700,3.4900,3.2400,3.3100,182000
2013-04-26,3.2100,3.7600,3.1500,3.3600,406900
2013-04-19,3.7100,4.0900,3.2100,3.2400,716700
2013-04-12,3.0300,4.6600,2.9600,3.8000,3561500
2013-04-05,3.8200,4.0800,2.9300,3.0300,503100
2013-03-28,4.0400,4.2900,3.7500,3.8200,231100
2013-03-22,3.4600,4.0000,3.3200,3.9900,224400
2013-03-15,3.4700,4.0900,3.4500,3.4700,474500
2013-03-08,3.1500,3.6200,3.1500,3.4300,156900
2013-03-01,3.6600,3.6900,3.0900,3.2300,206100
2013-02-22,4.0200,4.0700,3.5200,3.6100,193800
2013-02-15,3.9700,4.2100,3.9200,4.0200,175500
2013-02-08,4.1500,4.2100,3.9100,3.9700,208900
2013-02-01,4.7100,4.8300,4.0500,4.2300,447400
2013-01-25,4.3600,4.8800,4.3000,4.7000,619200
2013-01-18,4.3800,4.6500,4.2200,4.3600,425200
2013-01-11,4.2900,4.6500,4.1700,4.3700,583800
2013-01-04,3.7700,4.6100,3.7700,4.0400,457500
2012-12-28,4.2200,4.4900,3.6100,3.8200,415600
2012-12-21,4.4500,5.0400,4.1000,4.2400,911500
2012-12-14,4.2300,4.6600,3.7600,4.5000,1078000
2012-12-07,4.2000,5.5000,4.0100,4.0300,3685800
2012-11-30,3.8800,4.5100,3.5800,4.0000,1445900
2012-11-23,3.6600,4.7700,3.4000,3.8500,3720800
2012-11-16,2.6600,4.8300,2.6000,3.6100,3513600
2012-11-09,2.6200,2.7600,2.5400,2.7200,118100
2012-11-02,2.5800,2.8000,2.5800,2.6500,68800
2012-10-26,2.5800,2.7500,2.5300,2.5800,59000
2012-10-19,2.7000,2.7700,2.5000,2.5600,194200
2012-10-12,2.5600,3.7700,2.2600,2.7000,1933000
2012-10-05,2.8100,2.9300,2.6400,2.7000,68600
2012-09-28,2.8100,3.0400,2.7800,2.8200,53000
2012-09-21,2.7500,3.0900,2.6600,2.8100,118900
2012-09-14,2.7800,2.9200,2.6700,2.7400,69200
2012-09-07,2.6892,2.8500,2.5000,2.7800,58600
2012-08-31,3.1100,3.2500,2.6400,2.6900,158000
2012-08-24,2.8100,3.2500,2.6100,3.1200,486100
2012-08-17,2.3500,3.6300,2.2400,2.8100,2084500
2012-08-10,2.0900,3.0600,2.0800,2.3900,901100
2012-08-03,2.2500,2.2500,2.0600,2.1100,72600
2012-07-27,2.1700,2.5500,2.0300,2.2100,163400
2012-07-20,2.3500,2.5000,2.1500,2.2000,134600
2012-07-13,2.3700,2.7900,2.1200,2.3600,642300
2012-07-06,2.4900,2.6600,2.1000,2.3200,110200
2012-06-29,2.7200,2.8500,2.2400,2.4900,185400
2012-06-22,2.7700,3.3100,2.6700,2.7200,328900
2012-06-15,3.3800,3.3900,2.6000,2.7700,226600
2012-06-08,2.8900,3.5400,2.7300,3.3300,445700
2012-06-01,3.1300,3.6300,2.8000,2.8600,334000
2012-05-25,2.4700,3.9200,2.4000,3.1300,2010400
2012-05-18,4.3700,4.4800,2.3800,2.4200,1181000
2012-05-11,4.9200,4.9600,4.1100,4.4500,860900
2012-05-04,5.5000,6.3800,4.7000,4.8700,4233800
2012-04-27,3.6100,6.1000,3.5300,4.5400,5600700
2012-04-20,3.9700,4.8800,3.4300,3.6200,3581300
2012-04-13,5.7100,6.3000,3.7600,3.9700,3591800
2012-04-05,1.8800,8.8100,1.7400,5.7100,10282200
2012-03-30,2.1500,2.4900,1.6500,1.8800,358500
2012-03-23,2.2500,2.4100,2.1100,2.1500,107300
2012-03-16,2.6300,2.8000,2.0900,2.2300,201200
2012-03-09,2.8000,3.1400,2.1000,2.4400,259500
2012-03-02,2.8000,3.0000,2.5000,2.8000,99400
2012-02-24,3.1000,3.3000,2.7000,2.8000,74500
2012-02-17,3.2000,4.2000,2.9000,3.1000,175100
2012-02-10,2.6000,4.7000,2.4000,3.4000,275500
2012-02-03,2.7000,2.9000,2.4000,2.8000,25200
2012-01-27,2.6000,3.0000,2.5000,2.7000,28400
2012-01-20,3.4000,3.5000,2.3000,2.8000,81300
2012-01-13,3.4000,3.8000,2.9000,3.4000,125700
2012-01-06,3.1990,3.5000,2.8000,3.0000,26800
2011-12-30,3.4000,3.6000,2.8000,3.2000,48400
2011-12-23,2.5000,3.6000,2.1000,3.4000,124300
2011-12-16,2.8000,2.8000,2.1000,2.7000,13700
2011-12-09,2.6000,3.4000,2.4000,2.5000,53700
2011-12-02,2.2000,2.6000,2.2000,2.3000,13000
2011-11-25,2.2000,2.5000,2.1000,2.4000,10800
2011-11-18,3.9000,3.9000,2.0000,2.2000,44000
2011-11-11,4.0000,4.1000,3.5000,3.8000,15200
2011-11-04,4.4000,5.2000,3.9000,4.0000,16700
2011-10-28,3.8000,4.4000,3.6000,4.4000,10000
2011-10-21,3.8000,4.1000,3.6000,3.6000,9000
2011-10-14,3.5000,4.0000,3.0000,3.8000,20100
2011-10-07,4.2000,4.9000,2.4000,3.5000,22300
2011-09-30,4.6000,5.0000,3.7000,4.8000,15000
2011-09-23,5.7000,6.2000,4.5000,4.9000,17800
2011-09-16,6.5000,6.8000,5.2000,5.9000,29700
2011-09-09,7.0000,7.2000,6.0000,6.8000,9300
2011-09-02,6.7000,7.3000,6.5000,6.5000,11200
2011-08-26,6.3000,7.4000,5.7000,7.1000,23300
2011-08-19,7.7000,7.7000,6.0000,6.3000,31500
2011-08-12,6.8000,7.9000,6.5000,7.3000,35000
2011-08-05,8.8000,9.2000,6.7000,7.6000,56700
2011-07-29,11.0000,11.6000,8.5000,8.9000,142900
2011-07-22,10.2000,11.6000,8.7000,11.4000,118600
2011-07-15,10.4000,12.1000,9.6000,10.1000,135600
2011-07-08,9.3000,11.0000,9.3000,10.2000,48000
2011-07-01,13.9000,13.9000,8.8000,9.4000,169800
2011-06-24,15.0000,15.8000,12.0000,12.9000,17700
2011-06-17,14.4000,17.0000,12.8000,14.1000,14000
2011-06-10,18.2000,18.8000,14.1000,14.3000,29300
2011-06-03,17.9000,19.3000,17.5000,18.3000,20000
2011-05-27,20.6000,20.6000,17.7000,17.8000,29700
2011-05-20,23.0000,24.4000,20.6000,20.7000,21400
2011-05-13,23.5000,24.4000,22.5000,23.2000,7600
2011-05-06,24.2000,24.4000,23.0000,23.6000,11100
2011-04-29,25.5000,25.6000,22.7000,24.0000,25000
2011-04-21,25.6000,27.1000,21.1000,25.6000,38200
2011-04-15,29.7000,30.4000,23.5000,25.4000,53900
2011-04-08,31.8000,31.8000,29.5000,29.7000,37300
2011-04-01,31.2000,36.9000,30.7000,31.4000,83800
2011-03-25,30.8000,33.6000,30.5000,30.5000,29800
2011-03-18,33.9000,36.8000,28.2000,30.5000,86100
2011-03-11,35.6000,36.8000,33.5000,33.5000,23600
2011-03-04,40.0000,40.6000,36.7000,37.0000,20500
2011-02-25,42.9000,42.9000,38.6000,39.8000,27000
2011-02-18,42.6000,45.0000,39.5000,43.2000,70400
2011-02-11,37.2000,42.0000,36.3000,41.0000,61100
2011-02-04,39.0000,40.0000,36.5000,36.5000,20900
2011-01-28,36.0000,41.0000,35.6000,39.2000,37900
2011-01-21,35.4000,36.1000,33.0000,35.9000,15000
2011-01-14,35.0000,37.9000,34.6000,35.7000,28800
2011-01-07,35.6000,38.9000,34.5000,35.4000,38900
2010-12-31,35.8000,38.9000,34.8000,35.8000,77600
2010-12-23,37.8000,37.8000,33.3000,36.1000,27200
2010-12-17,34.7000,37.5000,28.0000,37.1000,114600
2010-12-10,36.6000,40.0000,33.5000,34.4000,30900
2010-12-03,40.5000,40.5000,34.1000,39.5000,46500
2010-11-26,40.2000,41.3000,39.6000,40.3000,16700
2010-11-19,47.1000,47.7000,39.0000,40.9000,53200
2010-11-12,46.4000,51.9000,44.8000,46.9000,83300
2010-11-05,45.1000,47.5000,44.5000,46.4000,17900
2010-10-29,44.4000,47.5000,42.3000,45.3000,33400
2010-10-22,48.0000,48.0000,43.3000,44.2000,25600
2010-10-15,44.5000,48.0000,43.5000,47.1000,21600
2010-10-08,43.1000,45.5000,42.5000,44.0000,9700
2010-10-01,42.5000,46.0000,41.4000,43.4000,33800
2010-09-24,42.0000,43.2000,40.4000,42.0000,12200
2010-09-17,42.6000,44.0000,40.0000,41.5000,13900
2010-09-10,45.0000,45.1000,41.2000,42.6000,6300
2010-09-03,44.1000,45.5000,41.0000,45.1000,10600
2010-08-27,45.6000,46.8000,40.2000,43.9000,22600
2010-08-20,48.0000,49.7000,45.0000,45.4000,32100
2010-08-13,47.7000,48.4000,45.1000,47.6000,18800
2010-08-06,49.5000,49.5000,44.6000,47.3000,11600
2010-07-30,45.8000,49.0000,44.8000,49.0000,43300
2010-07-23,45.0000,48.3000,44.5000,45.6000,22100
2010-07-16,46.1000,46.4000,42.7000,44.7000,15100
2010-07-09,46.5000,47.6000,42.1000,43.6000,29400
2010-07-02,44.8000,48.3000,40.0000,44.6000,199700
2010-06-25,43.9000,44.0000,40.5000,40.6000,13300
2010-06-18,45.0000,45.0000,42.5000,43.3000,20900
2010-06-11,42.6000,45.6000,39.0000,44.5000,35300
2010-06-04,46.3000,46.3000,41.3000,42.6000,17400
2010-05-28,44.0000,49.5000,41.3000,46.6000,44400
2010-05-21,51.9000,52.1000,40.0000,43.6000,84600
2010-05-14,38.5000,58.0000,36.0000,52.1000,187000
2010-05-07,47.5000,47.5000,32.8000,35.9000,57800
2010-04-30,48.0000,49.0000,42.7000,47.2000,46600
2010-04-23,47.9000,48.5000,47.2000,47.7000,20200
2010-04-16,50.3000,51.0000,47.8000,47.9000,26600
2010-04-09,49.9000,52.0000,48.1000,50.4000,31400
2010-04-01,50.5000,51.9000,46.5000,47.5000,60200
2010-03-26,51.1000,53.5000,49.0000,49.0000,33500
2010-03-19,57.0000,57.0000,51.1000,51.6000,37800
2010-03-12,57.4000,58.6000,54.8000,56.0000,29300
2010-03-05,53.0000,63.0000,53.0000,57.0000,78200
2010-02-26,57.4000,57.5000,51.7000,52.2000,29800
2010-02-19,55.6000,57.5000,55.0000,55.3000,17600
2010-02-12,51.3000,59.4000,50.0000,55.6000,47200
2010-02-05,51.9000,54.7000,48.2000,50.2000,46300
2010-01-29,53.5000,56.5000,46.4000,51.0000,101500
2010-01-22,69.5000,71.0000,53.5000,53.5000,112500
2010-01-15,72.1000,82.0000,65.5000,67.5000,317800
2010-01-08,53.6000,71.4000,53.6000,69.8000,172200
2009-12-31,53.5000,69.8000,51.8000,53.6000,186500
2009-12-24,45.0000,51.2000,44.0000,50.7000,25900
2009-12-18,47.8000,47.9000,41.2000,45.0000,22200
2009-12-11,39.5000,50.0000,39.0000,46.0000,73500
2009-12-04,40.0000,40.5000,38.0000,39.5000,9000
2009-11-27,43.5000,44.0000,38.5000,40.5000,5300
2009-11-20,42.6000,47.5000,40.1000,43.4000,5700
2009-11-13,45.5000,48.0000,43.0000,43.0000,5700
2009-11-06,47.5000,52.4000,42.5000,45.0000,9600
2009-10-30,52.0000,58.5000,45.0000,45.5000,14200
2009-10-23,54.5000,58.5000,45.1000,51.0000,17800
2009-10-16,45.6000,80.0000,45.0000,55.0000,16300
2009-10-09,42.3000,45.0000,41.4000,44.7000,11100
2009-10-02,42.0000,43.5000,40.5000,41.4000,37900
2009-09-25,46.5000,47.1000,38.4000,41.7000,33100
2009-09-18,41.7000,46.2000,41.1000,45.0000,17300
2009-09-11,40.5000,44.1000,39.3000,40.8000,10900
2009-09-04,41.4000,44.1000,37.5000,40.5000,17000
2009-08-28,40.5000,43.8000,37.8000,42.6000,10500
2009-08-21,43.5000,45.0000,36.3000,40.5000,11800
2009-08-14,36.9000,45.0000,36.3000,43.5000,9200
2009-08-07,45.0000,45.0000,34.5000,42.0000,10300
2009-07-31,30.3000,48.0000,30.3000,44.1000,26600
2009-07-24,28.5000,31.5000,25.5000,31.5000,7900
2009-07-17,27.0000,27.0000,24.6000,26.1000,1400
2009-07-10,30.3000,30.3000,22.5000,27.0000,4000
2009-07-02,28.5000,30.3000,27.9000,30.0000,4400
2009-06-26,25.8000,28.8000,24.3000,28.5000,4700
2009-06-19,24.3000,28.2000,19.5000,26.4000,10800
2009-06-12,31.5000,32.1000,22.5000,27.6000,7000
2009-06-05,28.5000,34.8000,27.6000,32.4000,18400
2009-05-29,21.0000,29.4000,20.1000,27.9000,13100
2009-05-22,22.2000,24.9000,19.5000,21.0000,2800
2009-05-15,30.0000,30.0000,16.5000,25.5000,9700
2009-05-08,15.0000,30.0000,14.7000,24.0000,13400
2009-05-01,14.1000,15.0000,13.5000,14.1000,1800
2009-04-24,14.7000,14.7000,13.5000,14.4000,7200
2009-04-17,14.4000,15.0000,11.4000,15.0000,1900
2009-04-09,11.1000,13.5000,10.8000,11.1000,1700
2009-04-03,11.1000,17.7000,9.3000,12.0000,4300
2009-03-27,7.5000,12.0000,7.5000,10.8000,16300
2009-03-20,7.5000,7.8000,6.3000,7.5000,10700
2009-03-13,7.8000,10.2000,6.6000,7.5000,8600
2009-03-06,12.3000,12.3000,6.3000,10.8000,1400
2009-02-27,11.1000,12.3000,9.0000,12.3000,900
2009-02-20,12.3000,12.3000,11.1000,12.0000,1300
2009-02-13,11.4000,13.2000,9.9000,11.1000,4800
2009-02-06,12.6000,13.5000,10.5000,11.4000,7900
2009-01-30,13.5000,15.0000,12.6000,13.5000,700
2009-01-23,12.3000,14.7000,12.3000,13.5000,1000
2009-01-16,15.0000,15.9000,12.0000,14.7000,1900
2009-01-09,17.4000,17.7000,13.8000,14.1000,3400
2009-01-02,12.0000,17.4000,12.0000,15.3000,3600
2008-12-26,12.9000,13.8000,12.0000,13.8000,900
2008-12-19,14.7000,16.5000,12.6000,12.6000,6100
2008-12-12,18.0000,19.2000,12.6000,15.0000,2500
2008-12-05,21.0000,21.0000,19.5000,21.0000,200
2008-11-28,22.5000,24.0000,21.0000,21.6000,1300
2008-11-21,27.0000,27.0000,18.0000,18.0000,700
2008-11-14,27.0000,28.5000,22.5000,22.5000,1000
2008-11-07,30.3000,30.3000,24.6000,25.2000,2600
2008-10-31,16.5000,30.0000,15.0000,30.0000,5500
2008-10-24,19.5000,19.5000,13.5000,17.1000,9600
2008-10-17,21.0000,30.3000,17.4000,21.0000,13000
2008-10-10,28.8000,33.0000,19.5000,28.5000,8100
2008-10-03,43.5000,43.5000,28.8000,30.3000,5800
2008-09-26,43.5000,52.5000,41.1000,48.0000,3000
2008-09-19,52.5000,58.5000,42.0000,42.0000,5400
2008-09-12,78.0000,81.0000,42.0000,52.5000,4200
2008-09-05,94.8000,97.5000,76.5000,79.5000,1800
2008-08-29,102.0000,102.0000,91.5000,97.5000,900
2008-08-22,97.5000,106.2000,97.5000,102.0000,1600
2008-08-15,98.7000,108.0000,88.2000,97.5000,1900
2008-08-08,115.5000,115.5000,96.9000,99.0000,1100
2008-08-01,123.0000,123.0000,112.8000,115.5000,3900
2008-07-25,123.0000,132.0000,117.0000,119.4000,2400
2008-07-18,115.8000,121.5000,112.5000,121.5000,2100
2008-07-11,120.0000,126.0000,111.0000,115.5000,1000
2008-07-03,120.0000,129.0000,111.0000,111.0000,500
2008-06-27,114.0000,120.0000,110.1000,120.0000,1500
2008-06-20,126.0000,130.5000,112.5000,120.0000,2700
2008-06-13,130.5000,130.5000,115.5000,126.3000,900
2008-06-06,144.0000,147.0000,124.5000,127.5000,1400
2008-05-30,132.0000,157.5000,116.4000,144.0000,1800
2008-05-23,78.0000,204.0000,78.0000,129.0000,18000
2008-05-16,51.0000,90.0000,51.0000,76.8000,2400
2008-05-09,57.0000,57.0000,48.3000,51.0000,100
2008-05-02,60.0000,60.3000,60.0000,60.3000,0
2008-04-25,48.3000,60.0000,48.3000,60.0000,0
2008-04-18,48.3000,48.3000,48.3000,48.3000,0
2008-04-11,60.3000,60.3000,48.3000,48.3000,0
2008-04-04,64.5000,75.0000,60.0000,60.3000,500
2008-03-28,51.0000,58.5000,51.0000,58.5000,300
2008-03-20,51.3000,54.0000,46.5000,46.5000,300
2008-03-14,60.0000,60.0000,51.3000,51.3000,100
2008-03-07,60.3000,60.3000,60.3000,60.3000,0
2008-02-29,66.0000,66.0000,60.0000,60.3000,300
2008-02-22,59.7000,67.5000,59.7000,66.0000,200
2008-02-15,58.5000,61.5000,58.5000,59.7000,100
2008-02-08,60.0000,76.5000,58.5000,58.5000,800
2008-02-01,60.0000,60.0000,54.0000,54.0000,0
2008-01-25,58.5000,60.0000,51.0000,60.0000,300
2008-01-18,76.5000,76.5000,58.5000,67.5000,600
2008-01-11,79.2000,79.2000,63.0000,63.0000,900
2008-01-04,76.2000,84.0000,75.0000,76.5000,300
2007-12-28,61.5000,76.2000,61.5000,75.0000,603
2007-12-21,63.0000,63.0000,58.5000,61.5000,1150
2007-12-14,63.0000,69.0000,60.0000,60.0000,1267
2007-12-07,37.2000,78.0000,36.0000,64.5000,4846
2007-11-30,30.0000,37.2000,28.5000,37.2000,1117
2007-11-23,30.9000,30.9000,25.5000,30.3000,309
2007-11-16,11.1000,50.1000,11.1000,33.9000,13590
2007-11-09,11.1000,11.1000,11.1000,11.1000,0
2007-11-02,11.1000,11.1000,11.1000,11.1000,0
2007-10-26,11.1000,11.1000,11.1000,11.1000,0
2007-10-19,11.1000,11.1000,11.1000,11.1000,0
2007-10-12,11.1000,11.1000,11.1000,11.1000,0
2007-10-05,11.1000,11.1000,11.1000,11.1000,0
2007-09-28,11.1000,11.1000,11.1000,11.1000,0
2007-09-21,11.1000,11.1000,11.1000,11.1000,0
2007-09-14,11.1000,11.1000,11.1000,11.1000,0
2007-09-07,12.0000,12.0000,11.1000,11.1000,17
2007-08-31,12.0000,12.0000,12.0000,12.0000,0
2007-08-24,12.0000,12.0000,12.0000,12.0000,0
2007-08-17,12.0000,12.0000,12.0000,12.0000,0
2007-08-10,12.0000,12.0000,12.0000,12.0000,0
2007-08-03,11.1000,12.0000,11.1000,12.0000,17
2007-07-27,11.1000,11.1000,11.1000,11.1000,43
2007-07-20,11.1000,11.1000,11.1000,11.1000,0
2007-07-13,11.1000,11.1000,11.1000,11.1000,0
2007-07-06,11.1000,11.1000,11.1000,11.1000,0
2007-06-29,11.1000,11.1000,11.1000,11.1000,0
2007-06-22,11.1000,11.1000,11.1000,11.1000,3
2007-06-15,15.0000,15.0000,15.0000,15.0000,0
2007-06-08,15.0000,15.0000,15.0000,15.0000,0
2007-06-01,15.0000,15.0000,15.0000,15.0000,0
2007-05-25,15.0000,15.0000,15.0000,15.0000,0
2007-05-18,15.3000,15.3000,15.0000,15.0000,13
2007-05-11,15.3000,15.3000,15.3000,15.3000,0
2007-05-04,15.3000,15.3000,15.3000,15.3000,0
2007-04-27,15.3000,15.3000,15.3000,15.3000,0
2007-04-20,15.3000,15.3000,15.3000,15.3000,0
2007-04-13,15.3000,15.3000,15.3000,15.3000,0
2007-04-05,15.3000,15.3000,15.3000,15.3000,0
2007-03-30,19.8000,19.8000,15.3000,15.3000,236
2007-03-23,4.5000,40.5000,4.5000,15.3000,1683
2007-03-16,4.5000,4.5000,4.5000,4.5000,0
2007-03-09,4.5000,4.5000,4.5000,4.5000,0
2007-03-02,4.5000,4.5000,4.5000,4.5000,0
2007-02-23,4.5000,4.5000,4.5000,4.5000,3
2007-02-16,4.5000,4.5000,4.5000,4.5000,0
2007-02-09,4.5000,4.5000,4.5000,4.5000,0
2007-02-02,4.5000,4.5000,4.5000,4.5000,0
2007-01-26,4.5000,4.5000,4.5000,4.5000,0
2007-01-19,4.5000,4.5000,4.5000,4.5000,0
2007-01-12,4.5000,4.5000,4.5000,4.5000,0
2007-01-05,4.5000,4.5000,4.5000,4.5000,0
2006-12-29,4.5000,4.5000,4.5000,4.5000,0
2006-12-22,4.5000,4.5000,4.5000,4.5000,0
2006-12-15,4.5000,4.5000,4.5000,4.5000,0
2006-12-08,4.5000,4.5000,4.5000,4.5000,0
2006-12-01,4.5000,4.5000,4.5000,4.5000,27
2006-11-24,4.5000,4.5000,4.5000,4.5000,0
2006-11-17,4.5000,4.5000,4.5000,4.5000,0
2006-11-10,4.5000,4.5000,4.5000,4.5000,10
2006-11-03,4.5000,4.5000,4.5000,4.5000,0
2006-10-27,4.5000,4.5000,4.5000,4.5000,0
2006-10-20,3.0000,4.5000,3.0000,4.5000,123
2006-10-13,3.0000,3.0000,3.0000,3.0000,0
2006-10-06,6.0000,6.0000,3.0000,3.0000,533
2006-09-29,10.5000,10.5000,10.5000,10.5000,0
2006-09-22,10.5000,10.5000,10.5000,10.5000,0
2006-09-15,10.5000,10.5000,10.5000,10.5000,0
2006-09-08,10.5000,10.5000,10.5000,10.5000,0
2006-09-01,10.5000,10.5000,10.5000,10.5000,0
2006-08-25,10.5000,10.5000,10.5000,10.5000,0
2006-08-18,10.5000,10.5000,10.5000,10.5000,0
2006-08-11,10.5000,10.5000,10.5000,10.5000,0
2006-08-04,10.5000,10.5000,10.5000,10.5000,0
2006-07-28,10.5000,10.5000,10.5000,10.5000,0
2006-07-21,10.5000,10.5000,10.5000,10.5000,0
2006-07-14,10.5000,10.5000,10.5000,10.5000,0
2006-07-07,10.5000,10.5000,10.5000,10.5000,0
2006-06-30,10.5000,10.5000,10.5000,10.5000,0
2006-06-23,10.5000,10.5000,10.5000,10.5000,0
2006-06-16,10.5000,10.5000,10.5000,10.5000,0
2006-06-09,10.5000,10.5000,10.5000,10.5000,0
2006-06-02,10.5000,10.5000,10.5000,10.5000,0
2006-05-26,10.5000,10.5000,10.5000,10.5000,167
2006-05-19,10.5000,10.5000,10.5000,10.5000,0
2006-05-12,10.5000,10.5000,10.5000,10.5000,0
2006-05-05,10.5000,10.5000,10.5000,10.5000,0
2006-04-28,10.5000,10.5000,10.5000,10.5000,0
2006-04-21,10.5000,10.5000,10.5000,10.5000,0
2006-04-13,10.5000,10.5000,10.5000,10.5000,0
2006-04-07,10.5000,10.5000,10.5000,10.5000,0
2006-03-31,10.5000,10.5000,10.5000,10.5000,0
2006-03-24,10.5000,10.5000,10.5000,10.5000,0
2006-03-17,10.5000,10.5000,10.5000,10.5000,30
2006-03-10,10.5000,10.5000,10.5000,10.5000,0
2006-03-03,10.5000,10.5000,10.5000,10.5000,0
2006-02-24,10.5000,10.5000,10.5000,10.5000,0
2006-02-17,10.5000,10.5000,10.5000,10.5000,0
2006-02-10,10.5000,10.5000,10.5000,10.5000,0
2006-02-03,10.5000,10.5000,10.5000,10.5000,0
2006-01-27,10.5000,10.5000,10.5000,10.5000,0
2006-01-20,10.5000,10.5000,10.5000,10.5000,0
2006-01-13,10.5000,10.5000,10.5000,10.5000,0
2006-01-06,10.5000,10.5000,10.5000,10.5000,0
2005-12-30,10.5000,10.5000,10.5000,10.5000,0
2005-12-23,10.5000,10.5000,10.5000,10.5000,0
2005-12-16,10.5000,10.5000,10.5000,10.5000,0
2005-12-09,10.5000,10.5000,10.5000,10.5000,0
2005-12-02,10.5000,10.5000,10.5000,10.5000,0
2005-11-25,10.5000,10.5000,10.5000,10.5000,0
2005-11-18,10.5000,10.5000,10.5000,10.5000,0
2005-11-11,10.5000,10.5000,10.5000,10.5000,0
2005-11-04,10.5000,10.5000,10.5000,10.5000,0
2005-10-28,10.5000,10.5000,10.5000,10.5000,0
2005-10-21,10.5000,10.5000,10.5000,10.5000,0
2005-10-14,10.5000,10.5000,10.5000,10.5000,0
2005-10-07,10.5000,10.5000,10.5000,10.5000,0
2005-09-30,10.5000,10.5000,10.5000,10.5000,3
2005-09-23,9.0000,9.0000,9.0000,9.0000,0
2005-09-16,9.0000,9.0000,9.0000,9.0000,0
2005-09-09,9.0000,9.0000,9.0000,9.0000,0
2005-09-02,9.0000,9.0000,9.0000,9.0000,0
2005-08-26,10.5000,10.5000,9.0000,9.0000,390
2005-08-19,10.5000,10.5000,10.5000,10.5000,0
2005-08-12,10.5000,10.5000,10.5000,10.5000,0
2005-08-05,10.5000,10.5000,10.5000,10.5000,0
2005-07-29,10.5000,10.5000,10.5000,10.5000,0
2005-07-22,10.5000,10.5000,10.5000,10.5000,0
2005-07-15,10.5000,10.5000,10.5000,10.5000,0
2005-07-08,10.5000,10.5000,10.5000,10.5000,0
2005-07-01,10.5000,10.5000,10.5000,10.5000,0
2005-06-24,10.5000,10.5000,10.5000,10.5000,7
2005-06-17,10.5000,10.5000,10.5000,10.5000,0
2005-06-10,10.5000,10.5000,10.5000,10.5000,0
2005-06-03,10.5000,10.5000,10.5000,10.5000,0
2005-05-27,10.5000,10.5000,10.5000,10.5000,3
2005-05-20,10.5000,10.5000,10.5000,10.5000,0
2005-05-13,10.5000,10.5000,10.5000,10.5000,0
2005-05-06,10.5000,10.5000,10.5000,10.5000,0
2005-04-29,10.5000,10.5000,10.5000,10.5000,0
2005-04-22,10.5000,10.5000,10.5000,10.5000,0
2005-04-15,10.5000,10.5000,10.5000,10.5000,0
2005-04-08,10.5000,10.5000,10.5000,10.5000,0
2005-04-01,10.5000,10.5000,10.5000,10.5000,0
2005-03-24,10.5000,10.5000,10.5000,10.5000,0
2005-03-18,10.5000,10.5000,10.5000,10.5000,0
2005-03-11,15.3000,15.3000,10.5000,10.5000,3
2005-03-04,15.3000,15.3000,15.3000,15.3000,0
2005-02-25,15.3000,15.3000,15.3000,15.3000,0
2005-02-18,15.3000,15.3000,15.3000,15.3000,0
2005-02-11,15.3000,15.3000,15.3000,15.3000,0
2005-02-04,15.3000,15.3000,15.3000,15.3000,0
2005-01-28,15.3000,15.3000,15.3000,15.3000,0
2005-01-21,15.3000,15.3000,15.3000,15.3000,0
2005-01-14,15.3000,15.3000,15.3000,15.3000,0
2005-01-07,15.3000,15.3000,15.3000,15.3000,0
2004-12-31,15.3000,15.3000,15.3000,15.3000,0
