timestamp,open,high,low,close,volume
2018-02-27,1.1800,1.2500,1.1600,1.1700,249087
2018-02-23,1.1500,1.2300,1.1200,1.1900,432941
2018-02-16,1.1700,1.2300,1.1500,1.1502,752029
2018-02-09,1.1500,1.2386,1.1400,1.1450,905745
2018-02-02,1.2700,1.3900,1.1400,1.1400,1897071
2018-01-26,1.1900,1.2900,1.1500,1.2300,2495210
2018-01-19,1.1900,1.2100,1.1400,1.1800,428749
2018-01-12,1.3100,1.3100,1.0600,1.2000,1880379
2018-01-05,1.3800,1.4400,1.2800,1.3100,660023
2017-12-29,1.3900,1.4100,1.3500,1.3700,562824
2017-12-22,1.1500,1.4500,1.1500,1.4000,2078146
2017-12-15,1.2400,1.2700,1.0800,1.1200,2208971
2017-12-08,1.3300,1.5900,1.1900,1.2400,4575816
2017-12-01,1.4500,1.4690,1.1200,1.3300,867262
2017-11-24,1.4800,1.5000,1.4100,1.4600,282204
2017-11-17,1.5100,1.5400,1.4300,1.4900,543644
2017-11-10,1.5300,1.6500,1.5000,1.5300,536296
2017-11-03,1.6500,1.6500,1.4400,1.5000,808491
2017-10-27,1.6300,1.7500,1.5100,1.5300,723016
2017-10-20,1.8200,1.8200,1.6000,1.6200,782985
2017-10-13,1.7100,2.0400,1.7100,1.7900,2663725
2017-10-06,1.6700,1.8200,1.6500,1.7200,530404
2017-09-29,1.7700,1.8500,1.6200,1.6700,937607
2017-09-22,1.8000,1.9300,1.7000,1.7900,539065
2017-09-15,1.5800,1.9200,1.5500,1.7900,1010062
2017-09-08,1.7100,1.7100,1.5300,1.5500,273351
2017-09-01,1.6400,1.7500,1.6000,1.6500,412967
2017-08-25,1.4900,1.8000,1.4600,1.6500,1250361
2017-08-18,1.5000,1.6200,1.4100,1.5100,716877
2017-08-11,1.4900,2.0600,1.4900,1.5200,7877847
2017-08-04,1.5900,1.6500,1.4800,1.4900,341539
2017-07-28,1.6300,1.7200,1.5200,1.5200,309611
2017-07-21,1.4500,1.7500,1.4000,1.6300,926686
2017-07-14,1.5600,1.6000,1.4200,1.4600,445222
2017-07-07,1.6400,1.7500,1.5500,1.5600,237121
2017-06-30,1.6800,1.7100,1.5100,1.6300,373441
2017-06-23,1.6400,1.6900,1.5000,1.6700,574175
2017-06-16,1.6500,1.7500,1.5900,1.5900,271951
2017-06-09,1.8300,1.8800,1.6500,1.6500,393029
2017-06-02,1.6400,1.9000,1.6100,1.8300,505626
2017-05-26,1.7400,1.7500,1.6300,1.6600,323035
2017-05-19,1.8100,1.8800,1.6900,1.7200,473271
2017-05-12,1.9000,1.9900,1.7000,1.7900,681162
2017-05-05,1.7500,2.0000,1.7500,1.9000,752010
2017-04-28,2.1200,2.1400,1.6100,1.7700,1474307
2017-04-21,2.1200,2.2500,2.0400,2.1000,703281
2017-04-13,2.1800,2.2500,2.0000,2.1400,782622
2017-04-07,2.2700,2.3400,2.0400,2.1700,880528
2017-03-31,2.2600,2.4000,2.2100,2.2700,1108090
2017-03-24,2.3400,2.5900,2.1100,2.3300,2113204
2017-03-17,2.6400,3.0700,2.2200,2.3500,4221530
2017-03-10,2.1500,2.6800,2.1500,2.6500,2413114
2017-03-03,2.6200,2.6500,2.1000,2.2200,4096465
2017-02-24,2.5200,2.7300,1.9900,2.1400,2758060
2017-02-17,2.1500,2.6500,1.9500,2.4200,6953902
2017-02-10,1.6700,2.1900,1.5500,2.1300,6129540
2017-02-03,1.6800,1.7000,1.5400,1.6700,2396187
2017-01-27,1.2800,1.9500,1.2800,1.6500,21935866
2017-01-20,1.3100,1.3200,1.2100,1.2800,868012
2017-01-13,1.2700,1.6000,1.2500,1.2800,3218775
2017-01-06,1.2500,1.4199,1.2200,1.2500,1496162
2016-12-30,1.3200,1.3900,1.2000,1.2200,1838522
2016-12-23,1.3300,1.4300,1.2000,1.3300,1941909
2016-12-16,1.4100,1.4400,1.1200,1.2900,1999703
2016-12-09,1.4000,1.5000,1.3100,1.3300,1271796
2016-12-02,1.7300,1.7500,1.3400,1.3500,2935946
2016-11-25,2.3800,2.3800,1.4300,1.6500,3414291
2016-11-18,1.9100,2.9000,1.7700,2.4000,2682379
2016-11-11,1.6600,2.0000,1.5000,1.9000,510165
2016-11-04,1.7400,1.9700,1.6178,1.6526,329686
2016-10-28,2.0400,2.1016,1.6800,1.7377,517866
2016-10-21,2.2300,2.3600,2.0100,2.0400,394821
2016-10-14,2.6700,2.8000,2.2300,2.2300,446354
2016-10-07,2.6800,2.9099,2.4100,2.6700,651085
2016-09-30,2.8500,3.1890,2.6100,2.7100,1256095
2016-09-23,2.8400,2.9300,2.6700,2.7400,467957
2016-09-16,3.0900,3.2000,2.4700,2.8700,1167400
2016-09-09,2.1600,3.4700,2.1600,3.0300,5120430
2016-09-02,2.4000,2.4400,2.0600,2.1599,328715
2016-08-26,2.4600,2.7000,2.3000,2.3500,532789
2016-08-19,2.8000,2.9399,2.4000,2.4900,678529
2016-08-12,2.7000,2.9800,2.5513,2.9500,429832
2016-08-05,2.7200,2.9100,2.4800,2.6000,646167
2016-07-29,2.5800,3.0500,2.5000,2.7500,826774
2016-07-22,2.9300,2.9800,2.4250,2.5500,1047413
2016-07-15,3.3500,3.4000,2.6800,2.9300,1006389
2016-07-08,3.3600,3.5700,3.2010,3.3100,688182
2016-07-01,3.3200,3.6900,3.2000,3.4500,1213198
2016-06-24,3.6000,4.1000,3.3500,3.3800,3876293
2016-06-17,3.4400,4.5800,3.1600,3.6400,8414486
2016-06-10,3.6200,4.2599,3.1500,3.2900,5949145
2016-06-03,3.3200,4.5000,3.0200,3.6400,11533620
2016-05-27,3.4300,4.9300,3.0000,3.0200,44865827
2016-05-20,1.3871,3.9700,1.0000,3.4500,42122581
2016-05-13,1.5500,1.5700,1.3600,1.3800,653106
2016-05-06,1.6300,1.7800,1.4985,1.5300,602863
2016-04-29,1.8500,2.0650,1.6100,1.6100,1441252
2016-04-22,2.1200,2.2500,1.8200,1.8600,696041
2016-04-15,3.6600,4.4400,2.0700,2.1000,1142166
2016-04-08,4.3500,5.0500,3.0000,3.6000,612200
2016-04-01,3.8600,4.8700,3.2500,4.3500,216778
2016-03-24,5.0500,5.1000,3.8000,3.9633,20569
2016-03-18,5.0500,5.2500,4.4700,4.9400,21409
2016-03-11,3.8500,6.0300,3.7200,4.8000,86087
2016-03-04,0.4701,0.5000,0.4300,0.4398,65511
2016-02-26,0.5001,0.5300,0.4300,0.4701,30808
2016-02-19,0.5800,0.5800,0.5000,0.5300,29809
2016-02-12,0.5900,0.6680,0.4957,0.5800,80905
2016-02-05,0.5700,0.7400,0.5500,0.6184,404144
2016-01-29,0.5100,0.5800,0.4800,0.5500,83728
2016-01-22,0.4400,0.5900,0.4055,0.5200,79971
2016-01-15,0.6100,0.6680,0.4150,0.5100,245400
2016-01-08,0.7500,1.2300,0.5200,0.6399,1275979
2015-12-31,0.8100,0.8198,0.6200,0.7350,762954
2015-12-24,0.9500,1.0000,0.7000,0.8100,449748
2015-12-18,0.8800,1.0083,0.7900,0.9315,516047
2015-12-11,1.0100,1.0599,0.8500,0.8800,260249
2015-12-04,1.1100,1.2025,0.8600,1.0800,673438
2015-11-27,1.1300,1.3850,1.1000,1.1200,560165
2015-11-20,1.3800,1.5900,1.0600,1.1600,161463
2015-11-13,1.7101,1.8000,1.1600,1.3300,28039
2015-11-06,1.9400,1.9700,1.5500,1.7100,20157
2015-10-30,1.9001,2.0000,1.9000,1.9000,13635
2015-10-23,1.9900,2.0000,1.8900,2.0000,22910
2015-10-16,2.0300,2.0500,1.7700,1.9900,30862
2015-10-09,2.1000,2.2300,1.8800,2.0100,44396
2015-10-02,2.6500,2.6500,1.8000,1.9800,140570
2015-09-25,2.7620,2.8300,2.7200,2.8300,17831
2015-09-18,3.0800,3.1240,2.7500,2.8300,130415
2015-09-11,3.0899,3.1500,2.9031,3.0600,33316
2015-09-04,3.0700,3.1499,2.8350,3.1000,24060
2015-08-28,3.0000,3.2000,3.0000,3.0700,22178
2015-08-21,3.1000,3.2000,3.0000,3.0499,27327
2015-08-14,3.2100,3.3500,3.0000,3.1116,46858
2015-08-07,3.0900,3.3000,3.0900,3.2020,7456
2015-07-31,3.4000,3.4000,3.0300,3.1000,26765
2015-07-24,3.3700,3.8890,3.1900,3.2040,179543
2015-07-17,3.0864,3.3001,3.0300,3.2200,64942
2015-07-10,2.9100,3.1960,2.8460,3.1000,50811
2015-07-02,2.8100,3.0500,2.7100,2.8800,32775
2015-06-26,3.0500,3.1690,2.6030,2.9250,105508
2015-06-19,2.7300,3.3000,2.6000,3.0100,169879
2015-06-12,2.7200,2.7200,2.6000,2.6650,5715
2015-06-05,2.8600,2.8799,2.7211,2.7211,17481
2015-05-29,2.7360,2.9000,2.7360,2.8600,15587
2015-05-22,2.7500,2.9200,2.5900,2.6800,53288
2015-05-15,2.8000,2.8999,2.5000,2.7400,107560
2015-05-08,2.9500,3.1100,2.8800,2.9170,40538
2015-05-01,3.1400,3.1400,2.5800,3.0101,52554
2015-04-24,3.4900,3.4900,3.0100,3.1300,56118
2015-04-17,3.1500,3.4900,3.0100,3.3380,81679
2015-04-10,2.8400,3.0800,2.5600,3.0800,57071
2015-04-02,3.1800,3.2400,2.9580,3.0088,66044
2015-03-27,2.7800,3.2900,2.6900,3.1700,140841
2015-03-20,2.5800,2.8500,2.5800,2.7600,20043
2015-03-13,2.5975,2.6850,2.4500,2.5700,40403
2015-03-06,2.6852,2.9100,2.3500,2.5900,62782
2015-02-27,2.9000,2.9100,2.6400,2.8300,39757
2015-02-20,2.6000,3.0000,2.4200,2.8600,42403
2015-02-13,2.4460,2.5400,2.1500,2.4500,126959
2015-02-06,2.4200,2.4800,2.4100,2.4400,28604
2015-01-30,2.5100,2.5399,2.3800,2.4100,81636
2015-01-23,2.8000,2.8000,2.4800,2.5100,35146
2015-01-16,3.0200,3.1200,2.5300,2.7200,124539
2015-01-09,3.1204,3.2500,3.0101,3.0600,45830
2015-01-02,3.1600,3.4100,3.0600,3.0601,80724
2014-12-26,3.5700,3.5700,3.0000,3.1700,46575
2014-12-19,3.0600,3.7000,3.0600,3.1000,285549
2014-12-12,2.7900,3.1300,2.6968,3.0900,115477
2014-12-05,2.5000,2.9900,2.3100,2.7400,143184
2014-11-28,2.3900,2.7500,2.3560,2.5026,31381
2014-11-21,2.7000,2.9200,2.2950,2.4310,87795
2014-11-14,2.6605,3.0100,2.3800,2.7300,119866
2014-11-07,2.3300,2.7799,2.1100,2.6600,82383
2014-10-31,2.3999,2.6900,1.9000,2.2900,136568
2014-10-24,2.0000,2.3800,1.7600,2.2500,175410
2014-10-17,2.0200,2.1000,1.9900,1.9900,63347
2014-10-10,2.2500,2.2500,2.0300,2.1300,38780
2014-10-03,2.2300,2.3700,2.0317,2.1100,60893
2014-09-26,2.5901,2.6500,2.0900,2.3800,56593
2014-09-19,2.9800,3.0700,2.5000,2.6400,118367
2014-09-12,3.2274,3.2800,2.9500,2.9717,99117
2014-09-05,3.2100,3.3500,3.0100,3.0355,84187
2014-08-29,3.2400,3.3500,3.1000,3.1701,175479
2014-08-22,3.2000,3.3900,3.0000,3.0500,471421
2014-08-15,4.3000,4.9000,3.0200,3.2000,197749
2014-08-08,6.6400,6.6400,4.2500,4.9000,15862
2014-08-01,6.7000,7.0000,6.6000,7.0000,7012
2014-07-25,6.5000,6.7000,6.4700,6.4700,2248
2014-07-18,6.2700,6.7400,6.2700,6.3100,5631
2014-07-11,6.5200,7.2000,6.2500,6.7000,7492
2014-07-03,6.4000,6.8900,6.2600,6.7500,13942
2014-06-27,6.3000,7.6000,6.3000,6.4100,11540
2014-06-20,6.7200,7.0200,6.2500,6.2900,3642
2014-06-13,0.3700,0.3800,0.3350,0.3350,3900
2014-06-06,0.3700,0.3700,0.3000,0.3700,200
2014-05-30,0.3699,0.3700,0.3340,0.3700,1300
2014-05-23,0.3800,0.3840,0.3300,0.3300,4900
2014-05-16,0.3800,0.3800,0.3210,0.3800,9800
2014-05-09,0.3630,0.4000,0.3500,0.3600,3200
2014-05-02,0.3838,0.4600,0.3350,0.3800,12300
2014-04-25,0.3550,0.3600,0.3500,0.3600,1500
2014-04-17,0.4000,0.4000,0.3220,0.3500,1500
2014-04-11,0.3900,0.3900,0.3000,0.3650,16300
2014-04-04,0.4000,0.4000,0.3900,0.4000,3500
2014-03-28,0.4000,0.4000,0.3900,0.4000,14800
2014-03-21,0.4000,0.4000,0.3900,0.4000,6600
2014-03-14,0.4200,0.4200,0.3900,0.4000,3600
2014-03-07,0.3900,0.4400,0.3860,0.4200,10400
2014-02-28,0.4200,0.4200,0.3900,0.3910,2400
2014-02-21,0.4400,0.4400,0.4000,0.4200,2300
2014-02-14,0.4000,0.4500,0.3900,0.4200,7200
2014-02-07,0.3700,0.4000,0.3600,0.4000,12400
2014-01-31,0.3800,0.4000,0.3500,0.3500,3800
2014-01-24,0.4000,0.4000,0.3700,0.3700,3500
2014-01-17,0.4000,0.4000,0.3700,0.4000,2400
2014-01-10,0.3700,0.4000,0.3700,0.4000,11100
2014-01-03,0.3600,0.3800,0.3400,0.3600,10400
2013-12-27,0.3600,0.3800,0.3500,0.3500,4600
2013-12-20,0.3700,0.4000,0.3600,0.3900,1300
2013-12-13,0.4000,0.4000,0.3400,0.3700,6300
2013-12-06,0.3800,0.4100,0.3600,0.4000,11600
2013-11-29,0.3400,0.3900,0.3300,0.3900,14700
2013-11-22,0.3500,0.3600,0.3200,0.3300,8400
2013-11-15,0.3000,0.3900,0.2500,0.3500,21700
2013-11-08,0.4000,0.4000,0.3400,0.3600,15000
2013-11-01,0.3800,0.4100,0.3800,0.4000,2100
2013-10-25,0.4000,0.4100,0.3800,0.3800,6100
2013-10-18,0.3600,0.4000,0.3600,0.4000,8100
2013-10-11,0.3300,0.3800,0.3000,0.3800,19300
2013-10-04,0.3200,0.3700,0.3200,0.3300,4600
2013-09-27,0.4000,0.4000,0.3200,0.3200,2300
2013-09-20,0.4000,0.4000,0.3500,0.4000,3200
2013-09-13,0.4000,0.4000,0.3200,0.4000,2400
2013-09-06,0.4000,0.4200,0.4000,0.4000,800
2013-08-30,0.4400,0.4400,0.4000,0.4100,2300
2013-08-23,0.4500,0.4500,0.3800,0.4400,3900
2013-08-16,0.3900,0.4500,0.3900,0.4500,2000
2013-08-09,0.4300,0.4300,0.4000,0.4300,1600
2013-08-02,0.4400,0.4400,0.4000,0.4300,5200
2013-07-26,0.4200,0.4500,0.3900,0.4200,5200
2013-07-19,0.4600,0.4600,0.4000,0.4400,5000
2013-07-12,0.4500,0.4600,0.4400,0.4500,3800
2013-07-05,0.4700,0.4700,0.4400,0.4600,700
2013-06-28,0.4400,0.4600,0.4400,0.4600,4100
2013-06-21,0.4500,0.4500,0.4400,0.4400,3700
2013-06-14,0.4400,0.4500,0.4400,0.4500,6400
2013-06-07,0.4200,0.4500,0.4200,0.4400,7100
2013-05-31,0.4400,0.4500,0.3900,0.4400,7200
2013-05-24,0.4400,0.4500,0.3900,0.4100,5500
2013-05-17,0.4400,0.4700,0.4100,0.4500,12900
2013-05-10,0.4400,0.4500,0.4000,0.4400,6700
2013-05-03,0.4200,0.4400,0.4100,0.4400,4200
2013-04-26,0.4500,0.4500,0.3700,0.4300,9300
2013-04-19,0.4400,0.4500,0.4000,0.4500,1200
2013-04-12,0.3600,0.4500,0.3600,0.4400,8700
2013-04-05,0.4700,0.4700,0.4500,0.4600,7300
2013-03-28,0.4800,0.4800,0.4600,0.4600,3300
2013-03-22,0.4800,0.4800,0.4700,0.4800,4400
2013-03-15,0.5000,0.5000,0.4700,0.4800,8000
2013-03-08,0.4900,0.4900,0.4700,0.4800,7500
2013-03-01,0.4900,0.4900,0.4800,0.4800,3900
2013-02-22,0.5000,0.5000,0.4700,0.4900,19500
2013-02-15,0.7300,0.7600,0.4600,0.5000,57100
2013-02-08,0.7500,0.7900,0.7300,0.7500,2500
2013-02-01,0.7500,0.7600,0.7000,0.7100,2100
2013-01-25,0.6200,0.7500,0.6200,0.7500,9200
2013-01-18,0.7500,0.7600,0.7000,0.7400,2200
2013-01-11,0.7700,0.7700,0.7200,0.7500,2200
2013-01-04,0.7200,0.7400,0.7000,0.7400,1300
2012-12-28,0.7800,0.7800,0.7200,0.7200,4200
2012-12-21,0.7500,0.7800,0.7200,0.7800,2000
2012-12-14,0.7900,0.8000,0.7200,0.7500,2500
2012-12-07,0.7500,0.8000,0.7200,0.7900,4700
2012-11-30,0.7800,0.8300,0.7200,0.7900,6900
2012-11-23,0.9100,0.9100,0.6600,0.7900,5300
2012-11-16,1.0300,1.0300,0.8500,0.8500,10000
2012-11-09,1.0300,1.0300,0.9600,1.0200,2400
2012-11-02,1.0100,1.0300,0.9600,1.0300,400
2012-10-26,0.9200,1.0800,0.9100,1.0100,4300
2012-10-19,1.0400,1.0400,0.9100,0.9900,2600
2012-10-12,1.0500,1.0600,1.0100,1.0400,1200
2012-10-05,1.0600,1.0700,1.0100,1.0700,4300
2012-09-28,1.0400,1.0500,1.0000,1.0500,4400
2012-09-21,1.0400,1.0400,0.9500,1.0000,2100
2012-09-14,1.0500,1.0800,1.0000,1.0400,2500
2012-09-07,1.0000,1.0500,0.9500,1.0500,2100
2012-08-31,1.0000,1.0500,0.9500,1.0000,600
2012-08-24,1.0000,1.0500,1.0000,1.0000,5800
2012-08-17,1.0500,1.0500,1.0000,1.0500,3800
2012-08-10,1.0600,1.0800,1.0000,1.0500,14400
2012-08-03,1.0600,1.0600,1.0300,1.0600,3200
2012-07-27,1.0700,1.0700,0.9500,1.0400,3800
2012-07-20,1.0800,1.1200,1.0300,1.0700,19800
2012-07-13,1.1400,1.1400,1.0200,1.0800,5200
2012-07-06,1.1900,1.2000,1.1000,1.1300,1700
2012-06-29,1.2200,1.2500,1.1500,1.1900,11800
2012-06-22,1.2500,1.3100,1.2100,1.2100,5300
2012-06-15,1.2400,1.3000,1.1500,1.2500,16000
2012-06-08,1.7000,1.7000,1.0000,1.1500,33000
2012-06-01,1.5100,2.0100,1.2500,1.6100,4100
2012-05-25,1.3000,1.7000,1.1300,1.5000,6200
2012-05-18,1.5500,1.5800,1.1300,1.3000,16500
2012-05-11,1.5500,1.7000,1.4600,1.5000,14700
2012-05-04,1.9000,1.9900,1.4400,1.5300,19200
2012-04-27,1.1400,2.2000,1.1000,1.9000,24500
2012-04-20,0.9500,1.2300,0.9500,1.1400,9400
2012-04-13,0.8200,0.9600,0.7600,0.9600,7200
2012-04-05,0.9000,0.9400,0.7500,0.8600,7600
2012-03-30,0.9300,0.9900,0.7500,0.8500,23400
2012-03-23,0.5900,0.9800,0.5600,0.9000,13800
2012-03-16,0.5500,0.6000,0.5500,0.5900,2700
2012-03-09,0.5000,0.6000,0.4200,0.5500,5700
2012-03-02,0.5000,0.5000,0.4900,0.5000,8400
2012-02-24,0.4000,0.5000,0.4000,0.5000,3500
2012-02-17,0.5000,0.5000,0.4700,0.4700,1200
2012-02-10,0.5000,0.5000,0.4700,0.4700,2600
2012-02-03,0.5000,0.5000,0.4700,0.4800,4600
2012-01-27,0.4500,0.5000,0.4300,0.4900,6600
2012-01-20,0.4500,0.4900,0.4500,0.4500,7400
2012-01-13,0.5000,0.5000,0.4300,0.4300,1100
2012-01-06,0.4500,0.5000,0.4000,0.5000,800
2011-12-30,0.4700,0.4800,0.4000,0.4400,4700
2011-12-23,0.4500,0.5500,0.4500,0.5000,2100
2011-12-16,0.5100,0.5400,0.4000,0.4500,8800
2011-12-09,0.6000,0.6000,0.5500,0.6000,1200
2011-12-02,0.7900,0.7900,0.5500,0.6000,3700
2011-11-25,0.8500,0.8500,0.7000,0.7500,700
2011-11-18,0.6500,0.8000,0.5100,0.7500,2500
2011-11-11,0.9500,0.9500,0.5000,0.6000,8100
2011-11-04,1.0000,1.3400,0.7500,0.9500,1400
2011-10-28,0.7400,1.1000,0.6500,0.8500,2000
2011-10-21,0.4600,0.7500,0.4100,0.7500,15200
2011-10-14,1.0500,1.0500,0.3300,0.4600,13200
2011-10-07,1.2000,1.3900,1.0000,1.1500,500
2011-09-30,1.1500,1.4500,1.1300,1.2700,800
2011-09-23,1.3800,1.4000,1.3500,1.3500,1500
2011-09-16,1.3800,1.3800,1.3800,1.3800,500
2011-09-09,1.4000,1.4000,1.4000,1.4000,0
2011-09-02,1.5000,1.5000,1.3500,1.3500,200
2011-08-26,1.4400,1.5500,1.2800,1.5500,200
2011-08-19,1.4500,1.5000,1.4000,1.4400,1200
2011-08-12,1.4500,1.5000,1.4500,1.4500,500
2011-08-05,1.4000,1.5000,1.4000,1.4500,500
2011-07-29,1.4200,1.5000,1.4200,1.5000,700
2011-07-22,1.3200,1.4700,1.3200,1.4000,800
2011-07-15,1.4300,1.4700,1.3200,1.3200,700
2011-07-08,1.3000,1.4300,1.2500,1.4300,500
2011-07-01,1.5200,1.5200,1.2200,1.3000,2100
2011-06-24,1.8000,1.8000,1.5400,1.5600,1100
2011-06-17,1.5500,1.7000,1.5500,1.7000,1000
2011-06-10,1.4500,1.8500,1.4500,1.5400,800
2011-06-03,1.6000,1.6800,1.4500,1.5000,500
2011-05-27,1.7000,1.8800,1.5000,1.5000,1800
2011-05-20,1.1500,1.9000,1.1500,1.8000,1200
2011-05-13,1.3500,1.3500,1.1100,1.2500,1700
2011-05-06,2.2000,2.2700,0.9500,1.3900,12300
2011-04-29,2.1000,3.0000,1.9000,2.2800,7900
2011-04-21,2.3000,2.7000,2.0000,2.1000,1800
2011-04-15,1.2500,3.0000,1.2500,2.4000,2800
2011-04-08,0.0200,0.0300,0.0200,0.0200,3900
2011-04-01,0.0200,0.0200,0.0100,0.0200,3400
2011-03-25,0.0200,0.0200,0.0100,0.0200,1700
2011-03-18,0.0300,0.0300,0.0200,0.0200,1400
2011-03-11,0.0300,0.0300,0.0200,0.0300,600
2011-03-04,0.0300,0.0300,0.0200,0.0300,100
2011-02-25,0.0300,0.0300,0.0200,0.0300,200
2011-02-18,0.0300,0.0300,0.0200,0.0300,700
2011-02-11,0.0400,0.0400,0.0200,0.0300,800
2011-02-04,0.0400,0.0400,0.0300,0.0400,300
2011-01-28,0.0300,0.0400,0.0300,0.0400,300
2011-01-21,0.0400,0.0400,0.0300,0.0300,400
2011-01-14,0.0300,0.0500,0.0300,0.0400,1400
2011-01-07,0.0300,0.0500,0.0300,0.0300,6300
2010-12-31,0.0200,0.0300,0.0200,0.0300,2000
2010-12-23,0.0200,0.0300,0.0200,0.0200,1200
2010-12-17,0.0200,0.0300,0.0200,0.0300,4500
2010-12-10,0.0300,0.0400,0.0200,0.0200,20000
2010-12-03,0.0400,0.0500,0.0300,0.0300,500
2010-11-26,0.0500,0.0500,0.0400,0.0400,600
2010-11-19,0.0500,0.0600,0.0400,0.0600,700
2010-11-12,0.0400,0.0500,0.0400,0.0500,500
2010-11-05,0.0400,0.0500,0.0400,0.0400,500
2010-10-29,0.0500,0.0500,0.0400,0.0500,900
2010-10-22,0.0500,0.0600,0.0500,0.0500,200
2010-10-15,0.0500,0.0600,0.0500,0.0500,500
2010-10-08,0.0600,0.0600,0.0500,0.0500,600
2010-10-01,0.0500,0.0600,0.0500,0.0500,500
2010-09-24,0.0600,0.0600,0.0500,0.0500,600
2010-09-17,0.0700,0.0700,0.0600,0.0600,1900
2010-09-10,0.0500,0.0800,0.0400,0.0600,1700
2010-09-03,0.0500,0.0500,0.0400,0.0500,600
2010-08-27,0.0500,0.0500,0.0400,0.0500,300
2010-08-20,0.0500,0.0600,0.0400,0.0500,900
2010-08-13,0.0500,0.0500,0.0400,0.0500,1100
2010-08-06,0.0500,0.0600,0.0500,0.0500,1100
2010-07-30,0.0500,0.0600,0.0500,0.0500,3900
2010-07-23,0.1300,0.1300,0.0500,0.0500,13600
2010-07-16,0.1300,0.1500,0.1200,0.1300,1700
2010-07-09,0.1200,0.1200,0.1100,0.1200,100
2010-07-02,0.1300,0.1300,0.0900,0.1200,1100
2010-06-25,0.1100,0.1300,0.1000,0.1200,600
2010-06-18,0.1300,0.1300,0.1000,0.1100,500
2010-06-11,0.1600,0.1700,0.1100,0.1300,1400
2010-06-04,0.1700,0.1800,0.1600,0.1700,200
2010-05-28,0.1700,0.1800,0.1600,0.1700,600
2010-05-21,0.1700,0.1800,0.1600,0.1700,500
2010-05-14,0.1900,0.1900,0.1700,0.1700,200
2010-05-07,0.2000,0.2000,0.1800,0.1900,1100
2010-04-30,0.2100,0.2100,0.2000,0.2000,700
2010-04-23,0.2400,0.2400,0.1900,0.2000,800
2010-04-16,0.2100,0.2800,0.2100,0.2300,2200
2010-04-09,0.1700,0.2200,0.1700,0.2100,1000
2010-04-01,0.2400,0.2400,0.1700,0.1700,2000
2010-03-26,0.2200,0.2700,0.2200,0.2300,3100
2010-03-19,0.2500,0.2500,0.2200,0.2200,2900
2010-03-12,0.2700,0.2800,0.2400,0.2500,1500
2010-03-05,0.2600,0.2800,0.2200,0.2700,6600
2010-02-26,1.3900,1.7000,0.2400,0.2500,29100
2010-02-19,1.7700,1.7700,1.2800,1.3600,1400
2010-02-12,1.9200,1.9700,1.6200,1.7700,600
2010-02-05,2.0000,2.0700,1.8700,1.9600,600
2010-01-29,2.1700,2.2100,2.0000,2.0500,700
2010-01-22,1.7900,2.3500,1.7700,2.1600,1200
2010-01-15,2.3700,2.4000,1.7700,1.7900,1600
2010-01-08,2.5200,3.0800,2.0800,2.3700,3800
2009-12-31,2.1400,2.9300,1.7000,2.5400,2200
2009-12-24,1.1900,2.2500,1.1900,2.1000,3400
2009-12-18,1.1100,1.2100,0.9900,1.1700,2400
2009-12-11,0.7600,1.0900,0.7500,1.0600,500
2009-12-04,0.7600,0.7800,0.7300,0.7600,300
2009-11-27,0.7600,0.7800,0.7100,0.7600,0
2009-11-20,0.8000,0.8100,0.7400,0.7600,0
2009-11-13,0.7800,0.8000,0.7400,0.8000,0
2009-11-06,0.7900,0.8200,0.7300,0.7800,0
2009-10-30,0.8400,0.8400,0.7100,0.7900,0
2009-10-23,0.8100,0.8300,0.6600,0.8300,0
2009-10-16,0.8100,0.8600,0.7800,0.8500,0
2009-10-09,0.8800,0.8800,0.7600,0.8500,200
2009-10-02,0.8300,0.9300,0.8100,0.8800,0
2009-09-25,0.7800,0.8600,0.7800,0.8200,100
2009-09-18,0.8200,0.8200,0.7800,0.7900,200
2009-09-11,0.8100,0.8100,0.7700,0.8100,0
2009-09-04,0.8100,0.8200,0.7100,0.8100,0
2009-08-28,0.7800,0.8600,0.7600,0.8100,0
2009-08-21,0.8700,0.8800,0.7800,0.7900,100
2009-08-14,0.9300,0.9300,0.8500,0.8900,100
2009-08-07,0.6800,0.9900,0.6600,0.8600,200
2009-07-31,0.6300,0.7100,0.5900,0.6800,100
2009-07-24,0.6600,0.6600,0.5900,0.6100,0
2009-07-17,0.7000,0.7000,0.5800,0.6100,200
2009-07-10,0.8700,0.8700,0.6900,0.7000,0
2009-07-02,0.8600,0.9100,0.8400,0.8900,0
2009-06-26,0.8700,0.9500,0.8400,0.8800,300
2009-06-19,0.8000,0.8600,0.7600,0.8600,100
2009-06-12,0.8100,0.8100,0.7600,0.8000,0
2009-06-05,0.7500,0.8100,0.6900,0.8100,100
2009-05-29,0.6700,0.7500,0.6500,0.7300,100
2009-05-22,0.6600,0.6800,0.5900,0.6700,0
2009-05-15,0.5600,0.8100,0.5100,0.6200,500
2009-05-08,0.5800,0.5900,0.5000,0.5500,0
2009-05-01,0.4000,0.6000,0.3900,0.5800,200
2009-04-24,0.4000,0.4000,0.3300,0.4000,0
2009-04-17,0.3400,0.4000,0.3400,0.4000,100
2009-04-09,0.3800,0.3800,0.3400,0.3800,0
2009-04-03,0.3900,0.3900,0.3400,0.3800,0
2009-03-27,0.3400,0.3900,0.3000,0.3900,0
2009-03-20,0.3800,0.3900,0.3000,0.3400,0
2009-03-13,0.3800,0.4000,0.3200,0.3800,0
2009-03-06,0.4700,0.4700,0.3500,0.3800,0
2009-02-27,0.4300,0.4800,0.3500,0.4700,0
2009-02-20,0.4000,0.5100,0.3700,0.4300,100
2009-02-13,0.4700,0.5500,0.4000,0.4900,0
2009-02-06,0.4400,0.5400,0.4400,0.5000,0
2009-01-30,0.4900,0.5500,0.4500,0.5500,0
2009-01-23,0.5000,0.5000,0.4500,0.4900,0
2009-01-16,0.4700,0.5900,0.4600,0.5000,0
2009-01-09,0.4000,0.6100,0.4000,0.5000,100
2009-01-02,0.4100,0.4900,0.3800,0.4700,0
2008-12-26,0.3700,0.4500,0.3000,0.4500,0
2008-12-19,0.3700,0.4500,0.3500,0.4400,0
2008-12-12,0.3000,0.4500,0.2900,0.4500,0
2008-12-05,0.2300,0.3500,0.2300,0.2800,0
2008-11-28,0.2300,0.2300,0.1900,0.2300,0
2008-11-21,0.2500,0.3500,0.1900,0.2300,100
2008-11-14,0.2800,0.2900,0.2100,0.2500,100
2008-11-07,0.2900,0.4100,0.1900,0.2800,400
2008-10-31,0.2900,0.3200,0.2600,0.3000,100
2008-10-24,0.3600,0.3900,0.3000,0.3000,100
2008-10-17,0.4000,0.4500,0.3200,0.3600,100
2008-10-10,0.4100,0.4400,0.3100,0.4000,200
2008-10-03,0.3600,0.4700,0.3500,0.4100,0
2008-09-26,0.4400,0.4900,0.3500,0.3800,100
2008-09-19,0.4400,0.5000,0.4300,0.4800,0
2008-09-12,0.4500,0.5000,0.4500,0.5000,0
2008-09-05,0.4800,0.5000,0.4400,0.4800,0
2008-08-29,0.4400,0.5300,0.4400,0.5300,0
2008-08-22,0.5500,0.5500,0.4600,0.5000,0
2008-08-15,0.4800,0.5300,0.4500,0.5300,0
2008-08-08,0.5000,0.5400,0.4800,0.5100,0
2008-08-01,0.4900,0.5500,0.4900,0.5000,0
2008-07-25,0.4800,0.5500,0.4400,0.5400,0
2008-07-18,0.5500,0.5500,0.4500,0.5500,0
2008-07-11,0.5100,0.5500,0.4800,0.5500,0
2008-07-03,0.5600,0.5600,0.4900,0.5400,0
2008-06-27,0.5000,0.5700,0.4900,0.5400,100
2008-06-20,0.5100,0.5600,0.5000,0.5000,0
2008-06-13,0.5400,0.5700,0.5000,0.5000,0
2008-06-06,0.5400,0.6100,0.5300,0.5400,0
2008-05-30,0.5300,0.5600,0.4900,0.5400,0
2008-05-23,0.6100,0.6100,0.5100,0.5600,0
2008-05-16,0.5600,0.6000,0.5600,0.6000,0
2008-05-09,0.6000,0.6000,0.5600,0.5600,100
2008-05-02,0.6100,0.6100,0.5500,0.5900,0
2008-04-25,0.5600,0.6300,0.5000,0.6100,0
2008-04-18,0.5000,0.5800,0.4400,0.5600,200
2008-04-11,0.5800,0.6500,0.4800,0.4800,100
2008-04-04,0.4900,0.6300,0.4600,0.5900,300
2008-03-28,0.6700,0.7000,0.4300,0.4400,700
2008-03-20,0.7100,0.7500,0.6600,0.6700,100
2008-03-14,0.7300,0.7700,0.6600,0.7300,0
2008-03-07,0.5900,0.7300,0.5900,0.7300,0
2008-02-29,0.5700,0.6100,0.4700,0.6100,100
2008-02-22,0.7000,0.7200,0.4800,0.5300,300
2008-02-15,0.7800,0.8000,0.6800,0.7100,100
2008-02-08,0.7400,0.7900,0.7100,0.7800,0
2008-02-01,0.8100,0.8100,0.7100,0.7100,100
2008-01-25,0.7600,0.7800,0.7000,0.7800,0
2008-01-18,0.7700,0.8300,0.7300,0.7700,300
2008-01-11,0.6100,0.8100,0.6100,0.7100,300
2008-01-04,0.5500,0.6600,0.5000,0.6200,200
2007-12-28,0.6400,0.6400,0.5100,0.5600,0
2007-12-21,0.4700,0.6400,0.4500,0.6300,600
2007-12-14,0.5100,0.5100,0.4600,0.4800,0
2007-12-07,0.5400,0.5400,0.4400,0.5000,100
2007-11-30,0.4900,0.5500,0.4300,0.5400,300
2007-11-23,0.5300,0.5300,0.4500,0.5000,0
2007-11-16,0.5400,0.5800,0.4900,0.5300,200
2007-11-09,0.5600,0.5900,0.5000,0.5500,400
2007-11-02,0.5300,0.5800,0.5000,0.5600,200
2007-10-26,0.6300,0.6300,0.5000,0.5300,100
2007-10-19,0.6100,0.6300,0.5900,0.6300,100
2007-10-12,0.6200,0.6600,0.5900,0.6100,0
2007-10-05,0.6700,0.6800,0.5900,0.6600,100
2007-09-28,0.6900,0.7100,0.5900,0.6700,100
2007-09-21,0.7100,0.7100,0.5800,0.6600,200
2007-09-14,0.7100,0.7300,0.5400,0.7100,700
2007-09-07,0.8400,0.8400,0.6900,0.7100,100
2007-08-31,0.7300,0.8400,0.7000,0.7800,400
2007-08-24,0.5700,0.7800,0.5600,0.7300,500
2007-08-17,0.5000,0.6100,0.4500,0.5700,200
2007-08-10,0.5600,0.5800,0.4600,0.5500,200
2007-08-03,0.6100,0.6200,0.5400,0.5600,300
2007-07-27,0.7100,0.7500,0.5600,0.6200,500
2007-07-20,0.7700,0.8100,0.6800,0.6800,300
2007-07-13,0.7800,0.8300,0.7700,0.7800,0
2007-07-06,0.9100,0.9100,0.7600,0.7700,200
2007-06-29,1.0100,1.0100,0.8300,0.8800,400
2007-06-22,1.0100,1.1100,0.9800,0.9800,100
2007-06-15,0.9200,1.0200,0.9200,0.9800,0
2007-06-08,1.0600,1.0600,0.9100,0.9400,100
2007-06-01,1.1100,1.1500,1.0500,1.0500,100
2007-05-25,1.1600,1.1600,1.1000,1.1100,0
2007-05-18,1.1900,1.1900,1.0800,1.1600,0
2007-05-11,1.2900,1.3100,1.0800,1.1600,200
2007-05-04,1.2100,1.3100,1.1700,1.2800,0
2007-04-27,1.3300,1.3500,1.1400,1.2100,200
2007-04-20,1.3200,1.3300,1.2500,1.2900,0
2007-04-13,1.3500,1.3600,1.2600,1.3200,200
2007-04-05,1.1700,1.4100,1.1700,1.3200,400
2007-03-30,1.0400,1.2500,1.0100,1.1700,400
2007-03-23,1.0700,1.1500,1.0300,1.0900,100
2007-03-16,1.1100,1.1100,1.0200,1.0600,0
2007-03-09,0.9500,1.0900,0.8700,1.0600,0
2007-03-02,1.2100,1.2100,0.9200,0.9500,200
2007-02-23,1.0600,1.2200,1.0000,1.1700,400
2007-02-16,1.1000,1.1300,1.0400,1.0700,0
2007-02-09,1.1200,1.1300,1.0400,1.0900,0
2007-02-02,1.1300,1.1400,0.9900,1.1100,400
2007-01-26,1.1500,1.1600,1.0600,1.0800,400
2007-01-19,0.9400,1.2300,0.9300,1.1000,700
2007-01-12,0.9400,0.9500,0.8600,0.9100,400
2007-01-05,0.9700,0.9800,0.8600,0.9000,500
2006-12-29,0.8500,0.8900,0.7600,0.8800,200
2006-12-22,0.8900,0.9400,0.7800,0.8800,300
2006-12-15,0.9200,1.0300,0.8100,0.8900,200
2006-12-08,0.6900,0.9400,0.6900,0.9300,200
2006-12-01,0.6600,0.7000,0.6400,0.6700,0
2006-11-24,0.6800,0.7100,0.6200,0.6600,300
2006-11-17,0.7000,0.7100,0.6100,0.6700,500
2006-11-10,0.8600,0.8600,0.6100,0.7100,400
2006-11-03,0.7000,0.8200,0.6600,0.7000,300
2006-10-27,0.8200,0.8700,0.6100,0.7000,800
2006-10-20,0.9900,1.0000,0.8100,0.8900,200
2006-10-13,0.9900,0.9900,0.9000,0.9100,100
2006-10-06,0.9300,1.0000,0.8600,0.9100,200
2006-09-29,0.7200,0.9700,0.7200,0.9100,500
2006-09-22,0.7100,0.8300,0.7100,0.7300,0
2006-09-15,0.7000,0.8000,0.6400,0.7500,0
2006-09-08,0.8000,0.8000,0.6900,0.7100,100
2006-09-01,0.7600,0.8100,0.7200,0.8000,0
2006-08-25,0.8500,0.8500,0.7200,0.7800,0
2006-08-18,0.8600,0.9000,0.6900,0.8600,0
2006-08-11,0.8000,0.9600,0.7300,0.8100,100
2006-08-04,0.8100,0.9100,0.7300,0.8000,100
2006-07-28,0.7700,0.8400,0.7300,0.8000,0
2006-07-21,0.8100,0.9600,0.7700,0.8600,200
2006-07-14,1.0100,1.0100,0.7600,0.7700,0
2006-07-07,1.0200,1.0600,0.9900,1.0100,0
2006-06-30,1.0800,1.1600,1.0100,1.0400,100
2006-06-23,0.9400,1.1600,0.8900,1.0100,400
2006-06-16,0.9900,1.0200,0.8600,0.9400,100
2006-06-09,0.9900,1.0300,0.9800,1.0100,0
2006-06-02,1.2200,1.2200,0.9300,1.0100,100
2006-05-26,1.2500,1.2500,1.1600,1.2100,0
2006-05-19,1.1800,1.3300,1.1800,1.2700,100
2006-05-12,1.3600,1.3700,1.1800,1.1900,0
2006-05-05,1.3400,1.4300,1.2700,1.3600,100
2006-04-28,1.4500,1.4800,1.3100,1.3400,200
2006-04-21,1.8700,1.8900,1.3800,1.4100,200
2006-04-13,1.8200,1.8700,1.6800,1.8600,0
2006-04-07,1.9100,1.9700,1.7700,1.8700,0
2006-03-31,1.8500,1.9700,1.6200,1.9100,100
2006-03-24,1.8700,1.9700,1.7800,1.8600,0
2006-03-17,2.0500,2.0700,1.8700,1.9000,100
2006-03-10,1.9100,2.0600,1.8200,2.0200,100
2006-03-03,2.1400,2.1500,1.8900,1.9200,100
2006-02-24,1.9500,2.1600,1.8700,2.1400,100
2006-02-17,2.0700,2.1300,1.8700,1.9600,0
2006-02-10,2.1700,2.2700,1.9700,2.0700,0
2006-02-03,2.0700,2.1600,1.9100,2.1600,0
2006-01-27,1.8500,2.0700,1.8100,1.9700,0
2006-01-20,2.1700,2.2200,1.7800,1.8500,100
2006-01-13,2.0500,2.2200,2.0200,2.1300,100
2006-01-06,2.0200,2.1200,1.7200,2.0200,0
2005-12-30,1.7700,2.0200,1.6200,2.0200,0
2005-12-23,2.2500,2.2500,1.5400,1.7300,100
2005-12-16,2.5700,2.5700,2.0400,2.2500,100
2005-12-09,3.3800,3.3800,2.5300,2.5700,0
2005-12-02,3.3000,3.3800,2.9800,3.2700,0
2005-11-25,2.4200,3.2800,2.3200,3.2800,0
2005-11-18,2.7300,2.7300,2.3200,2.4200,0
