timestamp,open,high,low,close,volume
2018-02-27,8.0000,8.1500,7.9500,8.0000,9611
2018-02-23,8.0050,8.1000,8.0000,8.0752,2334
2018-02-16,8.4000,8.4000,7.9500,8.1800,5986
2018-02-09,8.1500,8.9000,7.9500,8.2500,34007
2018-02-02,7.7500,8.6900,7.7000,8.2500,16600
2018-01-26,8.3000,8.3000,7.7000,7.8500,18284
2018-01-19,8.5000,8.5000,7.8993,8.2500,14735
2018-01-12,8.6000,8.9250,8.2154,8.6500,10305
2018-01-05,9.3500,9.5000,8.7000,8.7000,14262
2017-12-29,8.4000,9.1500,8.4000,8.9500,16265
2017-12-22,8.4000,8.9500,8.3000,8.9500,19149
2017-12-15,8.8000,9.2500,8.3000,8.3500,56204
2017-12-08,8.2000,9.9500,8.2000,8.9000,142788
2017-12-01,7.0000,8.5000,6.9500,8.1000,687998
2017-11-24,7.1900,7.2800,6.9500,7.0500,26511
2017-11-17,6.8000,7.1500,6.7500,7.1000,31224
2017-11-10,7.0000,7.1300,6.7000,6.7000,126003
2017-11-03,7.3300,7.5000,7.1200,7.1200,44551
2017-10-27,7.4000,7.4100,7.3000,7.3000,8970
2017-10-20,7.4500,7.5000,7.1100,7.5000,18631
2017-10-13,7.5100,7.5500,7.4000,7.4500,26278
2017-10-06,7.5000,7.6000,7.3300,7.5000,25920
2017-09-29,7.8500,7.9500,7.4000,7.4500,40797
2017-09-22,7.6500,7.9000,7.5000,7.8000,63209
2017-09-15,7.6500,7.8500,7.5000,7.6500,80344
2017-09-08,7.5500,7.7500,7.4500,7.4500,114537
2017-09-01,7.6500,7.7300,7.5000,7.5500,211684
2017-08-25,7.6500,7.7500,7.6500,7.7000,143204
2017-08-18,7.4000,7.8900,7.4000,7.7000,87070
2017-08-11,9.6500,9.6600,7.2000,7.5500,108020
2017-08-04,9.8400,9.8400,9.6000,9.6500,4642
2017-07-28,9.7000,10.2000,9.6500,9.9500,11948
2017-07-21,9.6000,9.7600,9.6000,9.7000,21040
2017-07-14,9.6000,9.7000,8.9600,9.6500,17089
2017-07-07,9.4500,9.7000,9.3000,9.7000,25321
2017-06-30,9.4500,9.4500,9.2500,9.4300,26562
2017-06-23,9.6000,9.7000,9.4000,9.4000,36461
2017-06-16,9.5000,9.8000,9.5000,9.6500,28503
2017-06-09,9.9500,9.9500,9.2000,9.6000,46531
2017-06-02,9.9000,10.0500,9.8000,9.9500,26927
2017-05-26,9.8000,10.1000,9.8000,10.0500,110160
2017-05-19,9.9500,10.3500,9.5500,9.9000,48633
2017-05-12,10.5000,11.2500,9.6000,10.0500,51075
2017-05-05,10.3500,11.0000,10.2000,10.5500,27307
2017-04-28,10.1500,10.7500,10.0000,10.5000,21398
2017-04-21,9.8000,10.0500,9.6500,9.9000,32519
2017-04-13,9.9000,9.9900,9.1000,9.7500,50282
2017-04-07,9.8000,10.2500,9.8000,9.9000,36060
2017-03-31,10.5500,10.7000,9.4000,9.9500,55593
2017-03-24,10.5500,10.7500,10.5000,10.5500,23868
2017-03-17,11.1500,11.2000,10.5000,10.7000,31735
2017-03-10,11.8500,11.8500,10.6900,11.5000,9780
2017-03-03,11.7500,12.4000,11.4000,12.0000,30739
2017-02-24,11.1500,12.0300,10.9500,11.5500,26589
2017-02-17,11.2500,11.2500,10.9300,11.1000,47215
2017-02-10,12.3500,12.5000,11.2500,11.3000,53148
2017-02-03,12.0781,12.5500,12.0781,12.4000,15159
2017-01-27,12.6000,12.6000,11.7000,12.5000,15730
2017-01-20,12.6000,12.6000,12.3550,12.6000,14958
2017-01-13,11.7000,12.5500,11.3000,12.5000,72197
2017-01-06,11.4000,11.7500,11.3000,11.7500,37730
2016-12-30,10.9901,11.4000,10.9050,11.4000,43267
2016-12-23,11.0000,11.0600,10.8000,11.0500,54893
2016-12-16,11.0500,11.0500,10.9000,11.0000,60489
2016-12-09,10.8000,11.0500,10.8000,11.0000,59304
2016-12-02,11.0000,11.0500,10.5050,10.8000,41003
2016-11-25,10.9500,11.0500,10.5683,11.0500,43208
2016-11-18,11.0000,11.0000,10.8500,10.9500,29146
2016-11-11,10.5500,11.0000,10.1100,11.0000,30143
2016-11-04,10.9500,11.0500,10.6000,10.6000,14378
2016-10-28,11.0100,11.1400,10.8500,10.9600,13588
2016-10-21,11.0193,11.3600,10.8374,11.0000,58013
2016-10-14,10.9434,11.0700,10.6200,10.8340,9481
2016-10-07,11.1510,11.2350,10.8900,11.0500,23941
2016-09-30,11.2100,11.2500,11.0801,11.2300,32909
2016-09-23,11.2499,11.3000,11.0405,11.2200,22800
2016-09-16,11.0000,11.2200,10.4700,11.2000,39420
2016-09-09,10.0400,11.2600,10.0400,11.1000,66195
2016-09-02,10.4300,10.8800,10.3600,10.7500,62910
2016-08-26,10.7699,10.8900,10.2000,10.4700,84211
2016-08-19,11.0601,11.1209,10.4500,10.7800,19863
2016-08-12,11.2500,11.4800,11.0148,11.2600,13521
2016-08-05,12.1600,12.1600,11.0600,11.2200,21222
2016-07-29,11.8600,12.5000,11.0890,12.3600,48685
2016-07-22,10.9200,11.9500,10.9200,11.6800,122391
2016-07-15,10.9900,11.3900,10.8900,10.8900,13115
2016-07-08,10.9400,11.2914,10.9400,11.1857,5879
2016-07-01,10.9695,11.5000,10.8200,11.0999,11305
2016-06-24,11.3400,11.4900,10.8900,10.9500,80549
2016-06-17,11.6500,11.7900,11.0700,11.3200,93306
2016-06-10,11.0000,11.6800,10.9800,11.6800,74042
2016-06-03,10.9900,11.1500,10.9100,11.0900,27425
2016-05-27,11.0000,11.1600,10.9400,11.1489,13080
2016-05-20,11.2560,11.3800,10.9400,11.0300,12201
2016-05-13,11.3600,11.3974,10.8100,11.2000,73361
2016-05-06,10.8300,11.3799,10.3900,11.3700,188642
2016-04-29,10.2300,10.9400,10.0600,10.9400,28437
2016-04-22,10.7900,11.0000,9.5100,10.3200,53356
2016-04-15,10.9435,11.2000,10.6790,10.8300,50098
2016-04-08,11.4200,11.4300,10.6100,11.0200,44337
2016-04-01,11.6300,11.7400,11.4000,11.4900,22137
2016-03-24,12.0700,12.2500,11.5500,11.7500,28700
2016-03-18,12.1015,12.2300,11.5500,12.0800,66718
2016-03-11,11.5400,12.1990,11.3700,11.9600,71378
2016-03-04,12.1300,12.1600,11.1000,11.4700,32608
2016-02-26,12.2000,12.2500,11.8200,12.0700,19322
2016-02-19,12.0100,12.4000,11.6700,12.0100,15061
2016-02-12,11.9000,12.5000,10.3785,12.3300,44069
2016-02-05,12.0600,12.4900,11.5000,12.4200,33477
2016-01-29,11.4000,12.2000,10.8200,12.0600,57625
2016-01-22,11.3700,11.3700,10.2600,11.3000,41422
2016-01-15,11.5100,12.4000,11.0500,11.4400,39677
2016-01-08,12.9100,13.1500,10.9500,11.9600,79228
2015-12-31,13.1600,13.1600,12.8300,12.9300,11937
2015-12-24,13.0900,13.1700,12.8000,12.8000,13108
2015-12-18,12.8000,13.4500,12.8000,12.8200,61779
2015-12-11,13.0400,13.0500,12.5200,12.7300,17394
2015-12-04,12.7900,13.0900,12.6300,12.9500,37741
2015-11-27,12.5100,12.8500,12.3500,12.7170,27812
2015-11-20,11.8500,12.8020,11.8500,12.5300,40541
2015-11-13,12.8900,12.8900,11.3600,11.8100,40644
2015-11-06,12.3200,12.9000,12.0900,12.5400,37302
2015-10-30,11.8900,12.5000,11.8000,12.1200,46528
2015-10-23,12.0300,12.4290,11.4540,11.8000,41997
2015-10-16,12.3300,12.5000,11.6500,12.0800,39141
2015-10-09,12.2700,12.5000,11.9700,12.2600,37357
2015-10-02,11.9400,12.3400,11.6500,12.3000,68781
2015-09-25,12.0000,12.4800,11.6635,11.9600,23173
2015-09-18,11.5500,12.4800,11.4150,12.0600,57465
2015-09-11,11.3500,11.5800,11.2851,11.5300,27005
2015-09-04,11.4300,11.6200,11.0500,11.4700,46599
2015-08-28,11.0000,11.7700,9.9500,11.5100,96665
2015-08-21,11.7900,12.2500,11.1510,11.7400,63629
2015-08-14,12.2300,12.6000,11.6200,11.9000,75145
2015-08-07,12.6000,13.1000,12.0000,12.1800,77174
2015-07-31,12.5900,13.0899,12.5000,12.6900,35795
2015-07-24,14.0000,14.0000,12.7100,12.7700,74569
2015-07-17,13.0000,14.0500,12.7500,14.0200,86903
2015-07-10,13.1000,13.2482,12.3100,12.7800,145570
2015-07-02,13.0000,14.1900,12.3200,13.0600,105153
2015-06-26,14.0000,14.0000,13.0100,13.1000,107068
2015-06-19,13.5500,14.6500,13.5500,14.0000,172275
2015-06-12,13.4500,13.5100,13.2200,13.5000,99399
2015-06-05,13.3900,13.4800,12.5100,13.3800,140800
2015-05-29,12.8600,13.4300,12.6500,13.2700,68947
2015-05-22,13.1000,13.1000,12.9000,13.0100,46395
2015-05-15,13.1000,13.1200,12.7100,13.0750,54909
2015-05-08,12.9900,13.4900,12.7400,13.1950,180977
2015-05-01,11.0800,12.9800,10.9800,12.9800,244884
2015-04-24,10.9000,11.1600,10.6000,11.1600,69958
2015-04-17,10.6200,10.7900,10.5000,10.7700,89512
2015-04-10,10.6400,10.7600,10.0700,10.5900,71490
2015-04-02,10.7100,10.9400,10.5000,10.7800,36311
2015-03-27,10.9500,11.0120,10.5300,10.5600,79616
2015-03-20,11.0800,11.2600,10.8500,10.9900,128268
2015-03-13,10.1700,11.3200,10.1500,10.9400,170734
2015-03-06,10.2600,10.3700,10.1100,10.2600,34627
2015-02-27,10.3000,10.6200,10.1680,10.3100,23425
2015-02-20,10.3101,10.6900,10.0900,10.2800,59226
2015-02-13,10.3200,10.4499,9.4900,10.3900,68695
2015-02-06,10.5400,10.6000,10.1100,10.4540,46522
2015-01-30,10.5500,10.7800,9.9300,10.5300,35628
2015-01-23,10.0000,11.0200,10.0000,10.4000,94199
2015-01-16,9.5000,10.3600,9.4600,10.0500,70966
2015-01-09,9.6100,9.7400,9.2500,9.5100,30436
2015-01-02,9.7200,9.9700,9.6000,9.7300,20309
2014-12-26,9.6700,9.8800,9.6500,9.7800,18845
2014-12-19,9.8000,10.0400,9.3400,9.7000,58145
2014-12-12,10.0300,10.9700,9.5600,9.6300,130478
2014-12-05,9.2100,10.2000,9.2100,10.0300,57326
2014-11-28,9.4400,9.9600,8.5800,9.3700,71857
2014-11-21,9.8100,10.0000,9.4600,9.6000,36782
2014-11-14,9.7600,9.9700,9.4001,9.8900,43801
2014-11-07,10.0500,10.0900,9.7100,9.7800,100474
2014-10-31,8.8500,9.9800,8.2200,9.7800,164897
2014-10-24,7.6000,9.1485,7.5000,8.4800,174477
2014-10-17,7.8800,7.9000,7.5100,7.6300,31325
2014-10-10,8.2200,8.3900,7.4700,7.8900,113108
2014-10-03,8.3200,8.4900,8.1200,8.3900,15773
2014-09-26,8.4400,8.4900,8.3200,8.4000,18182
2014-09-19,8.3000,8.7900,8.1100,8.5000,53285
2014-09-12,9.3100,9.3100,8.1000,8.3400,108733
2014-09-05,9.4200,9.4200,9.2500,9.3000,23051
2014-08-29,9.4400,9.6300,9.2300,9.3900,33228
2014-08-22,9.4850,9.6900,9.2801,9.3910,72341
2014-08-15,9.4880,9.6700,9.2800,9.4600,39967
2014-08-08,9.5900,9.6700,9.2200,9.4100,72627
2014-08-01,9.6700,9.7700,9.5000,9.6800,38431
2014-07-25,9.9400,9.9800,9.5500,9.7700,44323
2014-07-18,9.8700,10.0300,9.8000,10.0000,32316
2014-07-11,9.9800,10.1000,9.8100,9.9200,30402
2014-07-03,9.8900,10.2300,9.6601,10.1000,95791
2014-06-27,9.5800,10.0000,9.4590,9.9900,50577
2014-06-20,9.8400,9.9700,9.5500,9.5800,54202
2014-06-13,9.9200,10.0200,9.4600,9.8400,57393
2014-06-06,9.8800,10.1800,9.4800,9.8600,75801
2014-05-30,9.5300,10.3000,9.4700,9.8900,49927
2014-05-23,9.6800,9.7550,9.1400,9.5700,91604
2014-05-16,9.4000,9.8500,9.3600,9.7400,207252
2014-05-09,9.7300,9.9409,9.3500,9.4600,178744
2014-05-02,9.7600,10.6200,9.6500,9.7200,207723
2014-04-25,9.7500,10.0500,9.7200,9.7900,174542
2014-04-17,10.1700,10.1800,9.5654,10.0400,123595
2014-04-11,10.3800,10.4600,9.8400,10.1900,90014
2014-04-04,10.5700,10.5700,10.0300,10.3200,186147
2014-03-28,11.1900,11.1900,10.6000,10.6800,165453
2014-03-21,11.1700,11.5800,11.0000,11.2700,127546
2014-03-14,11.7000,12.2700,10.9400,11.2500,197524
2014-03-07,11.1000,12.5000,11.0200,11.5600,242588
2014-02-28,9.4000,14.3000,9.3500,10.8300,813622
2014-02-21,9.1600,9.4000,9.1500,9.4000,46232
2014-02-14,9.2500,9.4700,9.0510,9.2300,71663
2014-02-07,9.2100,9.3000,9.0100,9.2700,84893
2014-01-31,9.7600,9.7700,9.0500,9.1725,92698
2014-01-24,9.3200,9.7700,9.2500,9.7000,158843
2014-01-17,9.2000,9.3100,9.0100,9.3100,109453
2014-01-10,9.1900,9.1900,8.8100,9.1700,108669
2014-01-03,8.8900,9.2000,8.6000,9.1800,109098
2013-12-27,8.7400,9.2250,8.7400,8.8900,48142
2013-12-20,8.5500,9.2400,8.4200,8.7600,96331
2013-12-13,9.0300,9.0300,8.3400,8.6700,200208
2013-12-06,9.2000,9.3500,8.3900,8.8900,167632
2013-11-29,9.2900,9.3280,9.1300,9.2200,53484
2013-11-22,9.1900,9.4000,9.1100,9.2800,153431
2013-11-15,9.2400,9.3479,9.1200,9.1500,63175
2013-11-08,9.3000,9.4400,9.1100,9.1900,69196
2013-11-01,9.4000,9.6900,9.1100,9.3000,122116
2013-10-25,8.4100,9.3000,8.2200,9.2900,95005
2013-10-18,8.3400,8.4500,8.3400,8.4300,17254
2013-10-11,8.2600,8.4300,8.2100,8.3400,39444
2013-10-04,8.0000,8.3000,8.0000,8.2200,71424
2013-09-27,8.3400,8.3400,8.0000,8.0000,29170
2013-09-20,7.9400,8.3500,7.7710,8.3200,102947
2013-09-13,8.2600,8.3100,7.6700,7.9700,75598
2013-09-06,8.2600,8.4300,8.1700,8.3000,83289
2013-08-30,8.2100,8.4300,8.1100,8.2000,80815
2013-08-23,8.2500,8.4400,8.1800,8.3800,58040
2013-08-16,8.3400,8.7200,8.1000,8.2100,87161
2013-08-09,8.4900,8.7400,8.2300,8.3800,128660
2013-08-02,8.2000,8.4800,7.7900,8.3800,144079
2013-07-26,8.1700,8.3300,8.1000,8.1800,82065
2013-07-19,8.0600,8.3000,7.3800,8.2800,158857
2013-07-12,8.3100,8.3300,8.0000,8.1400,80885
2013-07-05,8.4200,8.6000,8.1700,8.3900,40444
2013-06-28,8.5100,8.6790,8.3500,8.5100,97015
2013-06-21,8.5800,8.7550,8.4600,8.7400,99871
2013-06-14,8.6400,9.0900,8.5900,8.7000,62501
2013-06-07,9.3700,9.4500,8.3500,8.6900,262981
2013-05-31,9.4800,9.8090,9.1100,9.4000,116512
2013-05-24,9.0100,9.4800,9.0000,9.4800,299453
2013-05-17,9.0000,9.1700,8.7501,9.1200,180431
2013-05-10,8.9200,9.5000,8.6410,9.0000,148132
2013-05-03,8.8000,9.5000,8.1500,8.8800,245393
2013-04-26,8.4800,9.1800,8.3500,8.6700,231834
2013-04-19,8.6600,8.8500,8.1900,8.4300,111956
2013-04-12,8.3700,8.9188,8.1600,8.4900,247706
2013-04-05,8.6200,8.9199,8.0000,8.3700,246463
2013-03-28,7.2000,8.9500,7.2000,8.6700,298614
2013-03-22,6.9100,7.3500,6.6900,7.2200,96057
2013-03-15,6.6000,6.9000,6.4200,6.8500,73568
2013-03-08,6.5600,6.6500,6.3200,6.6200,263616
2013-03-01,6.3200,7.0000,6.3200,6.4400,132406
2013-02-22,6.4800,6.6500,6.2500,6.4200,73117
2013-02-15,6.4400,6.7300,6.4276,6.5700,52011
2013-02-08,6.6700,6.6700,6.3800,6.4000,150925
2013-02-01,6.8700,7.0000,6.6500,6.7600,128475
2013-01-25,6.7000,6.9500,6.4900,6.8700,290754
2013-01-18,4.3100,7.0999,4.3000,6.4900,1806408
2013-01-11,4.2000,4.3700,4.1300,4.3400,27910
2013-01-04,4.0400,4.2830,3.9000,4.2700,42473
2012-12-28,4.2000,4.2000,4.0100,4.0900,22360
2012-12-21,3.9600,4.2300,3.8100,4.1600,132521
2012-12-14,3.7700,4.1300,3.7600,4.0600,37656
2012-12-07,3.9644,3.9800,3.8200,3.8500,11791
2012-11-30,4.0100,4.1000,3.8300,4.0400,21732
2012-11-23,4.1201,4.2000,3.9700,4.0500,5559
2012-11-16,4.1200,4.2200,4.0500,4.0900,13810
2012-11-09,4.2136,4.3200,4.0200,4.1600,16945
2012-11-02,4.3400,4.3500,4.0600,4.2800,4484
2012-10-26,4.2900,4.4000,4.0617,4.2900,24483
2012-10-19,4.1100,4.7600,4.1000,4.3100,87051
2012-10-12,3.9800,4.1090,3.9600,4.0900,59233
2012-10-05,4.0200,4.0200,3.9000,3.9100,16377
2012-09-28,4.0000,4.1400,3.9600,4.0500,13008
2012-09-21,4.0001,4.1500,4.0000,4.0000,20972
2012-09-14,4.0100,4.1400,3.9500,4.1200,82824
2012-09-07,4.0300,4.0400,3.8700,4.0200,27081
2012-08-31,4.0200,4.1900,3.9500,4.0300,40301
2012-08-24,3.7600,4.2300,3.7400,4.1200,48554
2012-08-17,4.0000,4.0400,3.7000,3.7400,57389
2012-08-10,3.9500,4.1600,3.8320,4.1000,28697
2012-08-03,3.9500,4.1900,3.8000,3.9800,46579
2012-07-27,3.9500,4.1000,3.8500,3.9600,46398
2012-07-20,4.1700,4.1700,3.9500,3.9600,47659
2012-07-13,4.2500,4.2600,4.0004,4.1500,54516
2012-07-06,4.1000,4.2500,3.9000,4.2400,37142
2012-06-29,4.0000,4.0900,3.9600,4.0900,8837
2012-06-22,4.0900,4.2600,3.9500,4.0500,45288
2012-06-15,4.0200,4.1700,3.9200,4.1000,71009
2012-06-08,3.8100,4.2100,3.7500,4.1800,75646
2012-06-01,3.9100,3.9500,3.7501,3.8500,23163
2012-05-25,3.7300,3.9500,3.7000,3.7500,87948
2012-05-18,3.9500,3.9900,3.7100,3.7400,96509
2012-05-11,4.5600,4.6970,3.8510,3.9200,195278
2012-05-04,4.2800,4.7200,4.2500,4.5400,84934
2012-04-27,4.2500,4.3300,4.2500,4.2992,20909
2012-04-20,4.2500,4.3300,4.2500,4.3100,11635
2012-04-13,4.1500,4.3600,4.0500,4.2800,41744
2012-04-05,4.5200,4.6100,3.9700,4.1300,289862
2012-03-30,4.5300,4.5497,4.4000,4.5000,78130
2012-03-23,4.4400,4.6000,4.4100,4.5760,32521
2012-03-16,4.5500,4.6000,4.4700,4.4800,14965
2012-03-09,4.6400,4.7000,4.4601,4.5900,12436
2012-03-02,4.8400,4.8500,4.4400,4.6500,36770
2012-02-24,4.7200,4.7890,4.4100,4.7600,55202
2012-02-17,4.7500,4.7500,4.6200,4.6300,26058
2012-02-10,4.7900,4.8500,4.6600,4.7200,50064
2012-02-03,4.9899,5.2000,4.7200,4.7700,87069
2012-01-27,4.4200,4.9000,4.3900,4.7500,72715
2012-01-20,4.3200,4.5100,4.1500,4.4100,72665
2012-01-13,4.2500,4.3700,4.1400,4.2900,24699
2012-01-06,4.4099,4.4400,4.2700,4.2700,6100
2011-12-30,4.0701,4.3500,4.0500,4.3200,101777
2011-12-23,4.1400,4.4100,3.9500,4.0850,185280
2011-12-16,4.3200,4.3900,4.0600,4.1100,121029
2011-12-09,4.6900,4.6900,4.3400,4.3400,44581
2011-12-02,4.4100,4.7900,4.2700,4.7000,91435
2011-11-25,4.5000,4.5000,4.2500,4.3000,46395
2011-11-18,4.5600,4.7090,4.3400,4.4800,53556
2011-11-11,4.2300,5.0000,4.0800,4.5900,188121
2011-11-04,4.5500,4.6200,4.2000,4.2200,201046
2011-10-28,5.2300,5.2300,4.5000,4.6000,197917
2011-10-21,5.2100,5.4220,4.9100,5.0400,30096
2011-10-14,5.2700,5.5100,4.9200,5.1800,77521
2011-10-07,4.9300,5.5000,4.9000,5.2600,59807
2011-09-30,5.2500,5.2500,4.9000,4.9200,73781
2011-09-23,6.1900,6.1900,4.9300,5.1500,94320
2011-09-16,6.0300,6.1800,5.8500,6.0500,81779
2011-09-09,6.0500,6.4100,5.8810,6.2500,25989
2011-09-02,6.3700,6.4900,6.1700,6.3100,20087
2011-08-26,7.3100,7.7300,6.0500,6.1400,66676
2011-08-19,6.7900,7.2500,5.6600,7.0700,149431
2011-08-12,5.3600,7.2800,5.2000,6.7000,206719
2011-08-05,5.3200,5.9100,5.1500,5.4800,158360
2011-07-29,5.7000,5.7000,5.1600,5.2900,119741
2011-07-22,6.1200,6.1400,5.2500,5.7400,175289
2011-07-15,6.4600,6.4600,5.8500,6.0700,150601
2011-07-08,6.4800,6.8100,6.3800,6.4600,193626
2011-07-01,6.5100,6.7200,6.0500,6.5700,417014
2011-06-24,6.3600,6.8400,5.9100,6.5500,233249
2011-06-17,7.3600,7.8300,6.4000,6.5400,270354
2011-06-10,7.8000,7.8900,6.8210,7.2600,232990
2011-06-03,8.8000,8.8000,7.5500,7.8500,185099
2011-05-27,8.5100,9.0000,8.0500,8.7500,167630
2011-05-20,8.2900,9.2000,8.1500,8.6200,395219
2011-05-13,6.6000,8.5600,6.2700,8.2900,287440
2011-05-06,7.0200,7.2000,6.1210,6.4800,92741
2011-04-29,6.3000,7.2700,6.3000,7.0800,111931
2011-04-21,6.3200,6.3910,6.0400,6.2000,64115
2011-04-15,6.6300,6.8500,6.3000,6.4500,51822
2011-04-08,6.5400,6.8400,6.3100,6.6301,103589
2011-04-01,7.0400,7.0500,6.5000,6.6400,118597
2011-03-25,5.0700,7.4890,5.0600,7.1000,307378
2011-03-18,4.9000,5.2900,4.7601,5.1500,128452
2011-03-11,4.5000,4.9400,4.2700,4.8500,136758
2011-03-04,4.5000,4.8400,4.5000,4.5000,39689
2011-02-25,4.7700,4.7700,4.4000,4.4101,30372
2011-02-18,4.7500,4.8000,4.7000,4.7300,21410
2011-02-11,4.9400,4.9600,4.7300,4.7500,28306
2011-02-04,4.7701,5.1000,4.7500,4.9300,16971
2011-01-28,4.8200,4.9800,4.7100,4.7900,41782
2011-01-21,4.9400,5.1000,4.5100,4.8500,72059
2011-01-14,3.9800,5.1199,3.8500,4.8500,201744
2011-01-07,3.7500,3.9900,3.7500,3.9700,62787
2010-12-31,3.9300,3.9400,3.6501,3.8300,8304
2010-12-23,3.9200,3.9900,3.2100,3.9400,14149
2010-12-17,3.6200,3.9799,3.6000,3.9200,28752
2010-12-10,3.7600,3.8240,3.6000,3.6200,9091
2010-12-03,3.7500,3.9600,3.6800,3.8400,12500
2010-11-26,3.9900,3.9900,3.5000,3.9100,20874
2010-11-19,4.0100,4.1000,3.5200,3.7900,58350
2010-11-12,3.5300,3.7601,3.4100,3.4500,58803
2010-11-05,3.5500,3.5500,3.1100,3.4500,22801
2010-10-29,3.4800,3.6000,3.3500,3.5500,7531
2010-10-22,3.2700,3.6500,3.2700,3.6500,7952
2010-10-15,3.4400,3.5000,3.4100,3.5000,5049
2010-10-08,3.4100,3.4600,3.2100,3.4500,9111
2010-10-01,3.4650,3.4650,3.1480,3.4200,3534
2010-09-24,3.5900,3.6500,3.3920,3.4650,24917
2010-09-17,3.4000,3.6500,3.3100,3.6500,14696
2010-09-10,3.1800,3.4100,3.1300,3.4100,21800
2010-09-03,3.2200,3.2700,3.0400,3.2400,20917
2010-08-27,3.1900,3.3400,3.0100,3.2500,21005
2010-08-20,3.5100,3.5100,3.0100,3.1010,23916
2010-08-13,3.0100,4.0000,2.9700,3.5100,94740
2010-08-06,3.0030,3.1000,3.0000,3.0100,12283
2010-07-30,3.0000,3.1400,3.0000,3.0400,31867
2010-07-23,3.0100,3.0900,2.9800,3.0000,21714
2010-07-16,3.0000,3.0135,2.9800,3.0000,11835
2010-07-09,3.0000,3.0200,2.9800,3.0000,10147
2010-07-02,3.0100,3.0180,2.9700,3.0000,38507
2010-06-25,3.1500,3.1500,3.0000,3.0000,22881
2010-06-18,3.0100,3.1300,3.0000,3.1300,80386
2010-06-11,3.0350,3.1400,2.9800,3.0000,101207
2010-06-04,3.0300,3.1500,3.0100,3.0300,26534
2010-05-28,3.0764,3.1200,3.0000,3.0200,21324
2010-05-21,3.1400,3.1400,2.9900,3.0100,75612
2010-05-14,3.0000,3.2400,3.0000,3.1100,117095
2010-05-07,3.1900,3.2000,3.0200,3.0200,12240
2010-04-30,3.0800,3.1300,3.0000,3.1300,11367
2010-04-23,3.1100,3.2400,3.0100,3.1100,65380
2010-04-16,3.1500,3.2500,3.0400,3.1500,33421
2010-04-09,3.0000,3.1100,2.9600,3.1000,43367
2010-04-01,3.0400,3.0500,3.0000,3.0000,13621
2010-03-26,3.0100,3.0700,3.0000,3.0700,91692
2010-03-19,3.1800,3.1800,2.9600,3.0300,46360
2010-03-12,3.0400,3.1800,3.0300,3.0600,5850
2010-03-05,3.0200,3.2500,2.9500,3.1000,57180
2010-02-26,3.0101,3.1700,2.9600,3.1000,2752
2010-02-19,3.2300,3.2300,2.9925,3.1100,9536
2010-02-12,3.0300,3.2500,2.9100,3.0300,47794
2010-02-05,2.9700,3.2900,2.9700,3.0500,18040
2010-01-29,2.9800,3.2700,2.9000,3.0000,35101
2010-01-22,3.0600,3.1200,2.9800,3.0300,10923
2010-01-15,3.1200,3.1200,3.0500,3.0600,5011
2010-01-08,3.1100,3.3300,3.1100,3.1499,17604
2009-12-31,3.1450,3.3800,3.1100,3.1600,11720
2009-12-24,2.9507,3.4899,2.9507,3.2600,28293
2009-12-18,3.0000,3.1000,2.9000,2.9100,20309
2009-12-11,2.7900,3.2000,2.7300,2.9901,67816
2009-12-04,2.6900,2.8000,2.6000,2.7900,43536
2009-11-27,2.7600,2.7600,2.6000,2.6800,7994
2009-11-20,2.6500,2.6620,2.6000,2.6101,7254
2009-11-13,2.6200,2.6501,2.6000,2.6500,15464
2009-11-06,2.6400,2.7300,2.6000,2.6232,9972
2009-10-30,2.6700,2.7800,2.6200,2.6500,14706
2009-10-23,2.7100,2.7300,2.6600,2.6600,65626
2009-10-16,2.8500,2.9400,2.6625,2.6910,45491
2009-10-09,2.7100,2.8500,2.7100,2.8499,27586
2009-10-02,2.7500,2.8000,2.6900,2.7500,16173
2009-09-25,2.7600,2.8000,2.7000,2.7500,80881
2009-09-18,2.7155,2.8000,2.6500,2.7800,31419
2009-09-11,2.6700,2.8299,2.6500,2.8000,21626
2009-09-04,2.7500,2.8500,2.6800,2.7200,7143
2009-08-28,2.8000,2.8500,2.7500,2.7800,17556
2009-08-21,2.7000,2.8700,2.7000,2.8000,11038
2009-08-14,2.7500,2.9000,2.6900,2.7480,10528
2009-08-07,2.7400,2.9000,2.6200,2.7500,24364
2009-07-31,2.6600,2.8800,2.4000,2.8184,57445
2009-07-24,2.8500,2.8700,2.6100,2.8500,22749
2009-07-17,2.7500,2.8800,2.6100,2.8550,16719
2009-07-10,2.9000,2.9300,2.5701,2.8800,6461
2009-07-02,2.9400,2.9400,2.6501,2.8678,5369
2009-06-26,2.9100,2.9479,2.6000,2.9000,25644
2009-06-19,3.0400,3.0400,2.7500,2.8700,16555
2009-06-12,3.0400,3.0900,2.7700,3.0200,36186
2009-06-05,3.0000,3.1500,2.8600,2.9900,41967
2009-05-29,2.5600,2.9882,2.5000,2.9600,40121
2009-05-22,2.6300,2.7300,2.4701,2.5000,69447
2009-05-15,2.5600,2.7500,2.4400,2.5500,238211
2009-05-08,2.9300,3.0900,2.5500,2.6900,55819
2009-05-01,3.1100,3.2500,2.8201,3.0972,43413
2009-04-24,2.9500,3.2500,2.2600,3.2500,165572
2009-04-17,3.0000,3.0500,2.9420,2.9800,19452
2009-04-09,3.0000,3.0000,2.9500,3.0000,11113
2009-04-03,3.1000,3.1299,2.9400,3.0000,34388
2009-03-27,3.1000,3.2000,3.0000,3.1000,19475
2009-03-20,3.0100,3.2800,3.0000,3.2100,57421
2009-03-13,3.0000,3.1600,3.0000,3.0200,20829
2009-03-06,3.2000,3.2300,3.0000,3.1700,58806
2009-02-27,3.1200,3.3000,2.9000,3.2000,75370
2009-02-20,3.6500,3.7000,3.1100,3.1700,69136
2009-02-13,3.8000,3.8000,3.7000,3.7000,84480
2009-02-06,3.9400,3.9400,3.7100,3.8000,76869
2009-01-30,3.9000,3.9600,3.7800,3.8800,117829
2009-01-23,3.9500,3.9500,3.8500,3.9500,10540
2009-01-16,4.0500,4.0600,3.8500,3.9500,45635
2009-01-09,3.9600,4.0600,3.9400,3.9500,15910
2009-01-02,3.9900,4.0000,3.5000,4.0000,118703
2008-12-26,3.9000,4.0000,3.8000,4.0000,18506
2008-12-19,3.7500,4.0000,3.7500,3.8000,81142
2008-12-12,3.7000,3.9799,3.7000,3.8000,78571
2008-12-05,4.0500,4.0500,3.7000,3.9800,2227
2008-11-28,3.7400,4.0500,3.5500,4.0500,10242
2008-11-21,4.0300,4.0700,3.4100,3.6500,39834
2008-11-14,4.0000,4.1800,3.8300,4.0300,31531
2008-11-07,4.1400,4.1500,3.7600,4.1200,11654
2008-10-31,3.6400,4.1800,3.5000,4.0900,51451
2008-10-24,3.5100,3.9900,3.2500,3.7700,20270
2008-10-17,3.9100,4.1200,3.2700,4.0000,40652
2008-10-10,4.4300,4.7400,3.9000,4.1800,25837
2008-10-03,4.7500,4.7500,3.3300,4.6500,50850
2008-09-26,4.7900,4.8801,4.6000,4.6300,33800
2008-09-19,4.7000,4.9600,4.4400,4.9600,33304
2008-09-12,4.7000,4.7400,4.4800,4.7300,21801
2008-09-05,4.6600,4.7900,4.5600,4.7900,35356
2008-08-29,4.6601,4.7600,4.5300,4.7600,8878
2008-08-22,4.7700,4.7700,3.7000,4.6601,42188
2008-08-15,3.7500,5.0000,3.7500,4.7100,123802
2008-08-08,3.7100,3.7500,3.3800,3.7400,11588
2008-08-01,3.2400,3.7200,3.1000,3.4700,19416
2008-07-25,3.6400,3.7500,3.2600,3.3120,102981
2008-07-18,3.8400,3.9000,3.6500,3.7300,40864
2008-07-11,3.7500,3.9040,3.7500,3.8545,11980
2008-07-03,3.9000,4.0000,3.6600,3.8000,56475
2008-06-27,4.0000,4.0900,3.9000,3.9200,29850
2008-06-20,4.0500,4.1500,4.0000,4.0720,13829
2008-06-13,4.0700,4.2400,4.0199,4.0500,89147
2008-06-06,4.0100,4.1400,4.0100,4.1250,14619
2008-05-30,4.1400,4.1400,4.0400,4.0400,5760
2008-05-23,4.3000,4.4300,4.0100,4.0100,15572
2008-05-16,4.4100,4.4500,4.2700,4.3500,17367
2008-05-09,4.3900,4.5000,4.2401,4.4900,144170
2008-05-02,4.5700,4.9200,4.1900,4.4000,38556
2008-04-25,4.6500,4.8900,4.5000,4.5101,23999
2008-04-18,4.7000,4.9500,4.5600,4.6500,33663
2008-04-11,4.6501,4.9900,4.5201,4.6580,33169
2008-04-04,4.6000,5.0700,4.5700,4.9100,170515
2008-03-28,4.6600,4.7500,4.5000,4.6700,41709
2008-03-20,4.7400,4.9500,4.6300,4.7500,114603
2008-03-14,4.9900,5.1700,4.6000,4.7400,68935
2008-03-07,5.1300,5.1300,4.6500,4.8400,42347
2008-02-29,4.9000,5.1500,4.8500,5.1500,24589
2008-02-22,5.0500,5.1400,4.9500,5.0500,66893
2008-02-15,5.1500,5.1700,4.9500,5.0900,105616
2008-02-08,5.3800,5.3900,5.1500,5.1500,22196
2008-02-01,4.8000,5.8100,4.5000,5.5000,41607
2008-01-25,4.8000,5.1000,4.6000,4.6600,91085
2008-01-18,5.1100,5.1100,4.9000,4.9000,47018
2008-01-11,5.5500,5.6100,5.1000,5.2600,24383
2008-01-04,5.4900,5.5900,5.3100,5.4000,37440
2007-12-28,5.2000,5.4180,5.1500,5.4000,53149
2007-12-21,5.2500,5.2500,5.0000,5.2500,64315
2007-12-14,5.2500,5.2780,5.1600,5.2000,58529
2007-12-07,5.1600,5.4900,5.0100,5.2500,78211
2007-11-30,5.6500,5.6500,5.0480,5.1500,81961
2007-11-23,5.7100,5.9400,5.6000,5.6400,20419
2007-11-16,5.9100,6.0000,5.6300,5.8500,44363
2007-11-09,5.7700,6.1900,5.5100,6.0000,121374
2007-11-02,6.5000,6.5000,5.2400,6.0000,173792
2007-10-26,6.7100,7.0800,6.1500,6.9000,59519
2007-10-19,7.0000,7.0000,6.7100,6.8060,51427
2007-10-12,7.4200,7.4200,6.7600,7.0800,112314
2007-10-05,7.2500,7.3800,6.9200,7.2600,184416
2007-09-28,6.8000,7.2500,6.7271,7.2500,126673
2007-09-21,6.9000,7.0000,6.7000,6.7000,41443
2007-09-14,6.4600,7.0500,6.4600,6.9900,99560
2007-09-07,6.1000,6.6352,6.0500,6.4800,81433
2007-08-31,6.2000,6.2000,6.0000,6.1300,67299
2007-08-24,6.1500,6.2900,6.0400,6.1500,32890
2007-08-17,5.9500,6.3500,5.9100,6.2000,154126
2007-08-10,5.6100,6.0000,5.4700,5.8000,47515
2007-08-03,4.8000,6.1900,4.8000,5.6400,470321
2007-07-27,5.9250,5.9700,4.4000,4.9000,158728
2007-07-20,5.2000,6.2500,5.1100,5.9000,80431
2007-07-13,4.5000,5.1800,4.5000,5.1000,99545
2007-07-06,4.7000,4.7500,4.4000,4.5000,79574
2007-06-29,4.6400,4.7900,4.6000,4.7000,100771
2007-06-22,5.4200,5.4200,4.6000,4.6500,140032
2007-06-15,5.6200,5.6200,5.3600,5.4000,44341
2007-06-08,5.8000,5.8000,5.6100,5.7500,17350
2007-06-01,5.7400,5.8400,5.7000,5.8100,18943
2007-05-25,6.0000,6.0400,5.7300,5.7400,36485
2007-05-18,6.3000,6.3000,6.0200,6.0200,41872
2007-05-11,6.4200,6.4200,6.3000,6.3000,32402
2007-05-04,6.5500,6.5900,6.3000,6.4200,41573
2007-04-27,6.1000,6.6000,6.1000,6.5500,127562
2007-04-20,6.0500,6.1400,6.0500,6.1000,26649
2007-04-13,6.1700,6.2000,6.0500,6.0500,42868
2007-04-05,6.4800,6.5300,6.1700,6.2500,29718
2007-03-30,6.6800,6.6800,6.4000,6.4800,46262
2007-03-23,6.6500,6.6900,6.5500,6.6800,22045
2007-03-16,6.4500,6.6500,6.2000,6.6000,186625
2007-03-09,6.1500,6.7000,6.0000,6.5000,170371
2007-03-02,6.2500,6.4500,5.9500,6.2500,94828
2007-02-23,6.2500,6.4800,6.1500,6.1600,116001
2007-02-16,5.9100,6.3000,5.9000,6.2500,244433
2007-02-09,5.1800,5.9400,5.1500,5.9100,228855
2007-02-02,4.2600,5.2400,4.2600,5.0500,147458
2007-01-26,4.0500,4.3000,4.0200,4.3000,71315
2007-01-19,4.0500,4.1500,4.0500,4.1200,26611
2007-01-12,4.3400,4.3400,4.1200,4.1200,38347
2007-01-05,4.3000,4.3500,4.3000,4.3400,74011
2006-12-29,4.3300,4.3500,4.3000,4.3400,45319
2006-12-22,4.3100,4.3400,4.2500,4.3000,23203
2006-12-15,4.3000,4.3200,4.3000,4.3200,45200
2006-12-08,4.2400,4.3200,4.2400,4.3100,133710
2006-12-01,4.2200,4.2500,4.2000,4.2400,175412
2006-11-24,4.1700,4.2300,4.1700,4.2200,104522
2006-11-17,4.1300,4.1900,4.1300,4.1700,72214
2006-11-10,4.0600,4.2000,4.0600,4.1300,93407
2006-11-03,3.6000,4.0700,3.6000,4.0700,156928
2006-10-27,3.4000,3.5000,3.2000,3.4500,80886
2006-10-20,3.4500,3.6000,3.3000,3.3500,96208
2006-10-13,3.5000,3.6000,3.4500,3.4500,44157
2006-10-06,3.6000,3.6000,3.5000,3.5200,26944
2006-09-29,3.5500,3.7500,3.5000,3.5900,66394
2006-09-22,3.6000,3.7500,3.5500,3.7500,33658
2006-09-15,3.5000,3.7500,3.5000,3.6000,66914
2006-09-08,3.4900,3.6500,3.3000,3.5100,40231
2006-09-01,3.3000,3.5000,3.1000,3.5000,79243
2006-08-25,3.2600,3.5000,3.2600,3.3000,10451
2006-08-18,3.2600,3.6000,3.2600,3.3300,13332
2006-08-11,3.0000,3.8000,3.0000,3.2500,27159
2006-08-04,3.4000,3.7000,3.4000,3.6000,16330
2006-07-28,3.5000,3.8500,3.0000,3.5000,18532
2006-07-21,3.6500,3.8000,3.0000,3.5000,31580
2006-07-14,3.7000,4.0000,3.0000,3.8500,30417
2006-07-07,3.9900,3.9900,3.5000,3.7500,63252
2006-06-30,3.7500,4.1500,3.5000,3.5000,47073
2006-06-23,4.1000,4.2000,3.7500,3.8100,52706
2006-06-16,4.0000,4.4000,4.0000,4.2500,37645
2006-06-09,4.1500,4.2500,3.8000,4.0000,124176
2006-06-02,3.5000,4.1600,3.5000,4.1500,78056
2006-05-26,3.5000,3.6000,3.0000,3.5000,23368
2006-05-19,3.7500,3.8000,3.5000,3.6000,56206
2006-05-12,3.7500,3.8800,3.7500,3.7500,12874
2006-05-05,3.9100,4.1000,3.8500,4.0000,31669
2006-04-28,3.8000,4.1000,3.7500,3.9000,46944
2006-04-21,3.6700,3.8500,3.6700,3.8500,27490
2006-04-13,3.9000,4.0000,3.6000,3.6500,29952
2006-04-07,3.6500,4.0000,3.6000,3.9000,29324
2006-03-31,3.3000,3.9500,3.1200,3.6000,304119
2006-03-24,3.0100,3.3500,3.0100,3.3000,71196
2006-03-17,3.0000,3.3000,3.0000,3.2950,57515
2006-03-10,3.0000,3.1000,3.0000,3.0000,83797
2006-03-03,2.6500,3.0500,2.6500,3.0000,217636
2006-02-24,2.6500,2.6500,2.6500,2.6500,9900
2006-02-17,2.7000,2.7000,2.5800,2.6500,56887
2006-02-10,2.6000,2.7500,2.5800,2.7000,19497
2006-02-03,2.4800,2.8500,2.4800,2.7900,67058
2006-01-27,2.3000,2.5500,2.2500,2.4800,194876
2006-01-20,2.2500,2.3000,2.2500,2.2800,19100
2006-01-13,2.3000,2.4000,2.2500,2.2500,96200
2006-01-06,2.3200,2.5000,2.3000,2.3800,154300
2005-12-30,2.4000,2.5000,2.2800,2.3900,95000
2005-12-23,2.6000,2.9000,2.2800,2.3000,145700
2005-12-16,2.5500,2.6500,2.2600,2.5000,75900
2005-12-09,2.2200,2.5000,2.2200,2.3000,64900
2005-12-02,2.2000,2.3500,2.2000,2.2200,85900
2005-11-25,2.2600,2.5000,2.1500,2.2000,33300
2005-11-18,2.1400,2.2500,2.1000,2.2500,131900
2005-11-11,2.1500,2.2000,2.1000,2.2000,50900
2005-11-04,2.3000,2.4500,2.1000,2.1000,130300
2005-10-28,2.4000,2.5000,2.0000,2.3000,176200
2005-10-21,2.1800,2.9500,2.1800,2.5000,260100
2005-10-14,1.9500,2.2500,1.9500,2.2000,436200
2005-10-07,2.2600,2.4500,1.9500,2.0000,486700
2005-09-30,2.4000,2.6000,2.2400,2.4000,60500
2005-09-23,3.1000,3.1000,2.3000,2.4000,185000
2005-09-16,3.4000,3.4000,2.5000,3.1000,38700
2005-09-09,3.3500,3.6000,3.3500,3.4100,40600
2005-09-02,3.5000,3.6300,3.3500,3.4500,66800
2005-08-26,4.0000,4.0000,2.4000,3.6300,143300
2005-08-19,4.0500,4.2800,3.8500,3.9700,140700
2005-08-12,3.8000,4.2900,3.7200,4.1700,69600
2005-08-05,4.1000,4.2000,3.8000,4.0000,44800
2005-07-29,3.6000,4.2000,3.5000,4.1500,149400
2005-07-22,3.3500,3.6600,3.3000,3.6000,34700
2005-07-15,3.5500,3.7000,3.5000,3.7000,26100
2005-07-08,3.6800,3.7000,3.5000,3.6000,23600
2005-07-01,3.3000,3.7000,3.3000,3.6800,52500
2005-06-24,3.4300,3.7000,3.3000,3.4000,59100
2005-06-17,3.4000,3.5000,3.2000,3.4000,73000
2005-06-10,3.0500,3.4000,3.0500,3.4000,38500
2005-06-03,3.4000,3.4500,3.0000,3.4000,52400
2005-05-27,3.1500,3.4200,3.0500,3.4200,48300
2005-05-20,3.2000,3.4200,3.0500,3.4200,39100
2005-05-13,2.7500,3.4000,2.7500,3.2000,74800
2005-05-06,2.6000,2.9000,2.6000,2.8000,67900
2005-04-29,2.6500,2.7000,2.5000,2.6800,34500
2005-04-22,2.6000,2.7000,2.2500,2.6000,49200
2005-04-15,2.8100,2.8500,2.6200,2.7300,53100
2005-04-08,3.0000,3.0000,2.6500,2.8100,187000
2005-04-01,3.0500,3.3200,2.6500,3.0000,101800
2005-03-24,3.1500,3.3200,3.0500,3.1500,42200
2005-03-18,3.2500,3.4900,3.1000,3.3500,66000
2005-03-11,3.3500,3.5800,3.2500,3.4500,62500
2005-03-04,3.5000,3.6500,3.4000,3.5000,87700
2005-02-25,3.2000,3.5900,3.1500,3.5000,86600
2005-02-18,3.5000,3.5500,3.1000,3.4500,70800
2005-02-11,3.6000,3.8500,2.6500,3.5200,206200
2005-02-04,3.8500,4.0000,3.6000,3.8500,140000
2005-01-28,3.9500,4.1000,3.6500,3.8500,116200
2005-01-21,4.0000,4.2000,3.9000,4.0000,82100
2005-01-14,4.2500,4.4000,3.9500,4.0500,91500
2005-01-07,4.0350,4.4000,4.0200,4.2500,101500
2004-12-31,3.7000,4.2500,3.6500,4.0000,132600
2004-12-23,3.8000,4.2500,1.4800,3.7000,116900
2004-12-17,3.8000,4.1000,3.5500,3.8500,94700
2004-12-10,4.1500,4.2000,3.9500,4.0000,171300
2004-12-03,4.2000,4.3500,4.1500,4.1500,187700
2004-11-26,4.2000,4.5500,4.2000,4.2500,88200
2004-11-19,4.4500,4.6000,4.2000,4.3000,50400
2004-11-12,4.0000,4.7000,4.0000,4.5000,141300
2004-11-05,4.0700,4.4000,4.0000,4.3800,45700
2004-10-29,3.8000,4.4000,3.8000,4.4000,31200
2004-10-22,4.2500,4.7000,3.8500,4.2000,63500
2004-10-15,4.4500,4.9000,4.2500,4.6000,38900
2004-10-08,4.9000,5.4000,4.4500,4.5000,29500
2004-10-01,4.6500,5.2500,4.3000,4.9000,69400
2004-09-24,3.7500,4.8500,3.7500,4.6000,95500
2004-09-17,4.4000,5.0000,3.7100,4.5000,91600
2004-09-10,4.2000,4.3000,3.5000,3.9000,102700
2004-09-03,3.3000,4.3000,3.3000,3.9100,84000
2004-08-27,4.5000,4.5000,3.8000,4.1000,168400
2004-08-20,4.5500,4.8200,4.1500,4.5000,105600
2004-08-13,5.6500,5.6500,4.4000,4.6000,100400
2004-08-06,5.2000,5.8000,5.2000,5.4300,52100
2004-07-30,5.4500,5.6200,5.1500,5.3000,78800
2004-07-23,5.3500,5.8500,5.3500,5.8500,78900
2004-07-16,5.7500,5.8500,5.3500,5.3500,61200
2004-07-09,5.5600,6.1500,5.5600,5.8000,67700
2004-07-02,5.2500,6.1500,5.2500,5.5600,77000
2004-06-25,5.8000,6.1000,4.5000,5.5000,259200
2004-06-18,6.1500,6.2900,6.0000,6.0000,63400
2004-06-10,5.9000,6.2900,5.9000,6.2000,31600
2004-06-04,6.4500,6.4500,5.8000,6.0000,23800
2004-05-28,5.7200,6.4500,5.6500,5.8000,37900
2004-05-21,5.3000,5.8000,5.3000,5.7000,32100
2004-05-14,5.4000,5.7500,5.2500,5.4500,27100
2004-05-07,5.2500,6.7500,4.4000,5.6500,124000
2004-04-30,5.7500,5.7500,4.2500,4.5500,147200
2004-04-23,5.7500,6.4000,5.6000,5.7500,174000
2004-04-16,6.5000,6.8500,6.0000,6.2000,73300
2004-04-08,6.5000,6.8500,6.4500,6.5500,53600
2004-04-02,6.5000,7.0000,6.5000,6.6500,50300
2004-03-26,7.0000,7.0000,6.3000,6.9500,67400
2004-03-19,6.5100,7.0000,6.2500,6.4000,92400
2004-03-12,6.6000,6.9900,6.2500,6.5000,84700
2004-03-05,6.7500,7.2500,6.5000,6.7000,66600
2004-02-27,7.9500,7.9500,6.4000,6.7500,187900
2004-02-20,7.9600,8.2000,6.6500,7.6000,370400
2004-02-13,6.2500,8.2500,6.2000,8.0500,644700
2004-02-06,6.0500,6.5000,5.7000,6.2500,384800
2004-01-30,4.5000,6.2500,4.2000,6.0000,576600
2004-01-23,4.4000,4.5500,4.2000,4.3500,174000
2004-01-16,3.9500,4.5000,3.9500,4.3000,356200
2004-01-09,3.7000,4.1500,3.7000,3.9500,154800
2004-01-02,3.5000,4.1500,3.5000,3.7000,66100
2003-12-26,4.1000,4.2000,3.5500,4.1000,92100
2003-12-19,4.0000,4.4000,3.3000,3.7500,122400
2003-12-12,4.7500,4.7500,3.2500,4.0000,381300
2003-12-05,2.9500,4.5500,2.6500,4.4000,469800
2003-11-28,2.7500,3.0000,2.6500,2.9000,94400
2003-11-21,2.6000,2.9000,2.6000,2.7500,103900
2003-11-14,2.9500,2.9500,2.6000,2.6000,105400
2003-11-07,2.0000,3.0000,2.0000,2.9000,502000
2003-10-31,1.9600,2.1300,1.7500,2.0000,276600
2003-10-24,2.0100,2.1200,1.9600,1.9900,394000
2003-10-17,1.9800,2.0500,1.9800,2.0000,539100
2003-10-10,1.9600,2.1000,1.9600,1.9800,159800
2003-10-03,2.0500,2.1200,1.9200,2.0000,180900
2003-09-26,1.9000,2.1500,1.9000,1.9500,113000
2003-09-19,2.2000,2.2000,1.9000,1.9600,391000
2003-09-12,2.0500,2.2000,1.9000,2.2000,166100
2003-09-05,2.0500,2.2000,1.9500,1.9500,84800
2003-08-29,2.0500,2.2500,2.0000,2.2000,203900
2003-08-22,1.9500,2.2000,1.9500,2.0500,127000
2003-08-15,2.0100,2.2500,1.9000,2.0500,178800
2003-08-08,1.9500,2.3000,1.9500,2.0100,65300
2003-08-01,2.0000,2.3000,1.9500,1.9500,106600
2003-07-25,2.1500,2.3500,2.0000,2.0000,144000
2003-07-18,2.3500,2.4000,2.0100,2.1500,115200
2003-07-11,1.8500,2.6000,1.8000,2.3000,244100
2003-07-03,2.2500,2.5000,1.7000,1.8500,289500
2003-06-27,2.3500,2.7500,2.1000,2.2500,346300
2003-06-20,3.0000,3.0000,2.3500,2.3500,689900
2003-06-13,1.4500,3.0500,1.4500,2.9000,773000
2003-06-06,1.4000,1.7000,1.2500,1.7000,853700
2003-05-30,1.0100,1.3500,0.9000,1.3000,463000
2003-05-23,0.8900,1.0500,0.8900,0.9700,244500
2003-05-16,0.9000,1.0000,0.1500,0.9500,521700
2003-05-09,0.8300,1.0500,0.8300,0.9500,365900
2003-05-02,0.9700,1.0500,0.0910,0.8600,1080000
2003-04-25,1.2500,1.3500,0.5000,1.0000,1965100
2003-04-17,1.4200,1.4200,1.4200,1.4200,0
2003-04-11,1.4200,1.4200,1.4200,1.4200,0
2003-04-04,1.4200,1.4200,1.4200,1.4200,0
2003-03-28,1.4200,1.4200,1.4200,1.4200,0
2003-03-21,1.4200,1.4200,1.4200,1.4200,0
2003-03-14,1.4200,1.4200,1.4200,1.4200,0
2003-03-07,1.4200,1.4200,1.4200,1.4200,0
2003-02-28,1.4200,1.4200,1.4200,1.4200,0
2003-02-21,1.4200,1.4200,1.4200,1.4200,0
2003-02-14,1.4200,1.4200,1.4200,1.4200,0
2003-02-07,1.4200,1.4200,1.4200,1.4200,0
2003-01-31,1.4200,1.4200,1.4200,1.4200,0
2003-01-24,1.5700,1.5800,1.3800,1.4200,917400
2003-01-17,3.8900,4.1600,1.4200,1.5400,6305300
2003-01-10,4.6800,4.6800,3.8400,3.9300,395300
2003-01-03,4.3200,4.6510,4.2600,4.6200,182800
2002-12-27,4.2500,4.6400,4.2000,4.3990,120300
2002-12-20,4.2000,4.7400,4.0500,4.3100,380400
2002-12-13,4.2600,4.4700,3.9500,4.2500,414000
2002-12-06,5.1500,5.2300,4.2500,4.2500,286700
2002-11-29,4.8500,5.4500,4.4600,4.8100,768300
2002-11-22,3.6700,4.6500,3.6600,4.6300,895100
2002-11-15,3.6400,3.8000,3.6000,3.6600,315300
2002-11-08,3.3700,4.0000,3.2700,3.7000,778700
2002-11-01,3.7200,3.7500,3.0000,3.2700,510300
2002-10-25,3.7400,3.8000,3.4500,3.7500,488300
2002-10-18,3.0500,3.8000,2.8800,3.7500,1199300
2002-10-11,3.2500,3.3500,2.8200,2.9990,672500
2002-10-04,3.6000,3.8100,2.8300,3.2110,2473700
2002-09-27,9.9600,10.0500,3.6700,3.9090,4478500
2002-09-20,11.1600,11.8500,9.6100,10.0000,285600
2002-09-13,11.6400,11.9900,11.0000,11.6000,274200
2002-09-06,11.6000,11.9500,11.1000,11.7000,394600
2002-08-30,11.4000,12.1700,11.2400,11.8000,460700
2002-08-23,10.2300,12.5000,10.1700,11.5900,538600
2002-08-16,11.3000,12.4500,10.4000,10.7600,598800
2002-08-09,12.0600,12.2800,10.4000,11.3000,367100
2002-08-02,11.1100,13.9700,11.1000,12.2000,694700
2002-07-26,12.0000,12.0900,10.0500,10.9500,527000
2002-07-19,13.0500,13.4900,11.8800,12.0100,403100
2002-07-12,13.3700,13.9900,12.3100,12.8100,248900
2002-07-05,14.6800,14.6900,12.0000,13.3500,383700
2002-06-28,14.4500,15.5600,13.2500,14.7300,968300
2002-06-21,15.1400,15.5000,14.2600,14.5000,299800
2002-06-14,15.7000,16.1500,14.1000,14.8900,301600
2002-06-07,18.1900,18.7000,15.0600,15.2500,667600
2002-05-31,17.7600,18.7000,17.7600,18.3000,180600
2002-05-24,16.6500,18.8000,16.1100,18.1300,521600
2002-05-17,17.5100,18.2500,16.3400,16.3700,285100
2002-05-10,17.3900,17.6500,16.0700,17.5500,326700
2002-05-03,16.2500,17.4000,15.2600,17.2000,398400
2002-04-26,15.0500,16.6500,13.7500,16.0200,905900
2002-04-19,14.7000,15.1500,14.1500,14.7500,183200
2002-04-12,16.1400,16.5000,14.3000,14.7500,252300
2002-04-05,16.7000,17.1200,15.2700,16.2200,303800
2002-03-28,14.9100,17.1200,14.7700,16.4000,685500
2002-03-22,14.0600,14.8200,14.0000,14.8100,293000
2002-03-15,15.0000,15.1400,13.9500,14.5900,347200
2002-03-08,12.3800,15.2700,12.3800,14.7500,712200
2002-03-01,14.2000,14.4300,12.3000,12.5000,1110300
2002-02-22,14.3000,14.5000,13.9500,14.1200,266200
2002-02-15,13.0400,14.4600,13.0300,14.2500,642500
2002-02-08,16.1800,16.1900,12.5600,13.0300,1085300
2002-02-01,15.4400,16.5300,14.3100,16.0000,455800
2002-01-25,17.2900,17.6900,15.1300,15.4000,933400
2002-01-18,16.6400,17.4500,15.3900,17.1500,434900
2002-01-11,17.1400,18.9900,16.5000,16.5900,970900
2002-01-04,16.5400,17.5000,16.1900,17.0700,379700
2001-12-28,17.0500,17.5900,16.5000,16.5100,163300
2001-12-21,15.2600,17.9400,15.1500,17.0500,1086000
2001-12-14,18.2900,18.2900,15.0300,15.3500,1172000
2001-12-07,18.0000,19.1900,16.8600,18.0500,867100
2001-11-30,19.1000,19.1600,16.7900,18.2700,769800
2001-11-23,19.5500,20.2200,18.5100,19.0800,818700
2001-11-16,20.6000,21.5500,18.0500,20.1000,1734900
2001-11-09,20.9900,21.8500,19.7600,20.3500,698100
2001-11-02,20.9600,21.3900,17.4100,21.0000,852300
2001-10-26,17.9900,21.4700,17.0000,20.9700,1174100
2001-10-19,21.1500,22.9400,16.5000,17.7800,1699700
2001-10-12,19.6000,22.4000,18.5000,21.1000,1386400
2001-10-05,19.1000,20.4700,17.5100,19.6300,2303500
2001-09-28,14.0700,18.7200,14.0000,18.1600,1710300
2001-09-21,12.1700,14.2200,12.0000,13.8400,917200
2001-09-10,11.0000,11.4700,10.9000,11.4700,29800
2001-09-07,10.8800,11.1400,10.6200,10.8400,51900
2001-08-31,11.5000,11.5600,10.5100,10.8900,113700
2001-08-24,11.9600,12.1200,11.4000,11.4000,118900
2001-08-17,11.9600,12.4000,11.9200,12.0000,163600
2001-08-10,11.2000,12.5500,11.2000,12.0000,184700
2001-08-03,12.0000,12.0000,11.0200,11.3500,83900
2001-07-27,10.6200,12.0000,10.6000,12.0000,76700
2001-07-20,11.6300,12.3200,9.8000,10.8000,394600
2001-07-13,11.0000,12.2500,11.0000,11.7400,90400
2001-07-06,10.6800,10.9900,10.4500,10.9900,91000
2001-06-29,10.7400,11.0900,10.1500,10.6000,253800
2001-06-22,12.5000,12.5000,10.6600,10.7200,134800
2001-06-15,12.6100,12.7000,12.0000,12.5000,112500
2001-06-08,12.6000,13.1300,12.4000,12.6000,84800
2001-06-01,12.3800,13.1500,12.0900,12.7200,78000
2001-05-25,13.7500,14.3000,12.3500,12.5500,151300
2001-05-18,12.5900,14.2000,12.5000,13.6600,104400
2001-05-11,13.2900,13.5000,12.5000,12.5000,48400
2001-05-04,12.1900,13.7600,11.5700,13.0000,138500
2001-04-27,11.0000,12.0000,10.2000,11.8800,211100
2001-04-20,10.6000,12.6000,10.3500,11.1500,243400
2001-04-12,10.5200,11.1200,10.3000,10.7600,109800
2001-04-06,10.0300,11.1200,9.5000,11.0000,192100
2001-03-30,11.5000,12.1900,9.7500,10.5000,181400
2001-03-23,12.1200,13.3800,11.1200,11.3800,97600
2001-03-16,12.3800,12.5600,11.5000,11.8800,109300
2001-03-09,12.4800,13.4400,12.3800,12.6200,52500
2001-03-02,14.0200,14.0600,12.3100,12.5000,112400
2001-02-23,14.7500,14.9200,13.6200,14.0000,94100
2001-02-16,14.9200,15.0000,14.3800,14.7500,96800
2001-02-09,13.7500,15.1200,13.6200,14.5000,104300
2001-02-02,14.1200,15.0000,14.0000,14.0000,104200
2001-01-26,14.6200,15.6900,14.3800,14.5000,184900
2001-01-19,14.8100,15.0000,13.1200,14.6200,220000
2001-01-12,12.8900,15.0000,12.6200,14.7500,127300
2001-01-05,11.8800,13.2500,11.2500,12.8800,115300
2000-12-29,11.7000,12.7500,11.1200,11.7500,137400
2000-12-22,13.6200,14.2500,10.9400,11.7500,272800
2000-12-15,13.5800,14.5000,13.1200,13.4400,137300
2000-12-08,12.6200,14.2500,12.0000,13.5600,133000
2000-12-01,13.3100,14.4400,11.0000,12.5000,194900
2000-11-24,13.2500,13.6200,12.6200,13.2500,41700
2000-11-17,13.7500,14.5000,12.6200,13.1200,149000
2000-11-10,15.4400,16.1200,13.6200,14.0000,121400
2000-11-03,15.1400,16.4400,14.7500,15.1200,173200
2000-10-27,13.3900,16.3800,13.0000,15.0000,350000
2000-10-20,9.4700,14.2500,9.1900,13.5000,807900
2000-10-13,12.3100,12.3100,8.5000,9.3100,371000
2000-10-06,12.2800,12.8800,11.9400,12.0000,112300
2000-09-29,13.0000,13.2500,12.0000,12.3100,179800
2000-09-22,13.6200,13.7500,12.5000,12.7500,171100
2000-09-15,15.0000,15.1200,13.2500,13.7500,248200
2000-09-08,14.9400,15.4400,14.7500,15.0600,115900
2000-09-01,13.9100,15.1900,13.7500,15.0000,248000
2000-08-25,13.1600,14.4400,13.1200,14.1900,195100
2000-08-18,12.9100,13.9400,12.8800,13.3800,149100
2000-08-11,14.3400,14.3800,12.4400,12.9400,318400
2000-08-04,14.8400,15.6900,14.3100,14.4400,156300
2000-07-28,15.0000,16.5000,14.7500,14.8800,229000
2000-07-21,16.4700,16.5600,14.7500,15.0000,148900
2000-07-14,14.0600,17.1200,13.9700,16.7300,363800
2000-07-07,14.0000,14.2500,13.5000,13.8800,190300
2000-06-30,14.5000,14.5000,13.1200,14.0000,241300
2000-06-23,14.5000,14.7500,12.6900,14.5600,230300
2000-06-16,12.6600,15.1200,12.6200,14.6200,294500
2000-06-09,12.4700,12.8100,12.0000,12.5600,593400
2000-06-02,13.1200,13.2500,12.2500,12.3800,293100
2000-05-26,14.4400,14.5000,11.6200,12.0000,321200
2000-05-19,14.8800,16.2500,14.2500,14.5000,126900
2000-05-12,16.2500,16.6200,14.2500,14.5000,156500
2000-05-05,16.4400,17.3800,15.8800,16.5000,193400
2000-04-28,15.2500,16.5000,14.5600,16.2500,168400
2000-04-20,11.7500,16.7500,11.2500,15.7500,469200
2000-04-14,18.0300,20.2500,11.7500,12.8800,1028500
2000-04-07,19.9400,20.0000,15.7500,18.3800,438400
2000-03-31,17.1200,20.6200,16.7500,20.2500,533200
2000-03-24,19.7500,20.0000,16.2500,17.3800,575400
2000-03-17,21.5000,24.3800,17.2500,19.6200,816100
2000-03-10,20.4700,22.8800,20.0000,21.7500,513600
2000-03-03,22.5000,23.7500,18.9400,20.2500,1840600
2000-02-25,14.6200,19.3100,14.5000,17.6900,847300
2000-02-18,14.9400,16.0000,14.1200,14.6200,460200
2000-02-11,13.5000,17.1200,13.2500,15.0000,953900
2000-02-04,12.9700,13.9400,12.4400,13.2500,298800
2000-01-28,14.3800,14.8800,12.9400,12.9400,297900
2000-01-21,13.0600,15.3100,13.0000,14.3800,668500
2000-01-14,13.0900,13.5000,11.5000,12.7500,482500
