timestamp,open,high,low,close,volume
2018-02-27,2.1800,2.2944,2.1700,2.2000,271240
2018-02-23,2.1700,2.2652,2.0710,2.1800,826697
2018-02-16,2.1300,2.3300,2.0600,2.2000,966323
2018-02-09,2.3100,2.4028,2.0100,2.1200,1760388
2018-02-02,2.6200,2.6500,2.1400,2.3500,2371780
2018-01-26,2.6500,2.7500,2.5500,2.6100,1280071
2018-01-19,2.7600,2.8000,2.5310,2.6700,1210992
2018-01-12,2.7500,2.8700,2.6700,2.7500,2047459
2018-01-05,2.7000,3.1300,2.6500,2.8000,4095247
2017-12-29,2.5700,2.9300,2.5100,2.6800,2729727
2017-12-22,2.7400,2.8200,2.4200,2.5700,2511327
2017-12-15,2.8500,2.9400,2.5700,2.7700,4222739
2017-12-08,2.5800,2.9010,2.3300,2.8600,4683600
2017-12-01,3.3800,3.4000,2.5600,2.6000,8512368
2017-11-24,2.0700,3.9600,2.0000,3.2600,50548046
2017-11-17,2.1500,2.4200,1.8000,2.0000,11430677
2017-11-10,2.0500,2.1100,1.7500,2.0000,7977822
2017-11-03,2.2700,2.3100,2.0000,2.0600,4532491
2017-10-27,3.7000,3.7700,2.2500,2.3100,6821011
2017-10-20,4.4600,4.7700,3.5400,3.7600,10128469
2017-10-13,3.3600,5.9000,3.3000,4.1500,59857692
2017-10-06,1.4900,6.0600,1.4800,3.3500,118018159
2017-09-29,1.5400,1.6700,1.4700,1.5000,877856
2017-09-22,1.7000,1.8600,1.4500,1.5600,2934693
2017-09-15,1.4200,1.5500,1.3000,1.5400,1142284
2017-09-08,1.3300,1.3800,1.2600,1.3100,496717
2017-09-01,1.3500,1.3900,1.2700,1.3300,368215
2017-08-25,1.3300,1.4100,1.2400,1.3700,886011
2017-08-18,1.3600,1.5200,1.2800,1.3400,1298909
2017-08-11,1.5000,1.5500,1.2600,1.3200,1913709
2017-08-04,1.7200,1.9500,1.4500,1.5500,4944204
2017-07-28,1.8400,1.8900,1.6600,1.6900,1004900
2017-07-21,1.8100,2.0600,1.8100,1.8500,2617121
2017-07-14,1.9500,1.9500,1.8100,1.8200,1362485
2017-07-07,2.0400,3.0000,1.8100,1.9100,14735386
2017-06-30,2.4600,2.4700,2.0300,2.0500,1667059
2017-06-23,2.5100,3.0900,2.1700,2.3900,6930913
2017-06-16,2.8500,3.6000,2.0300,3.2000,9949501
2017-06-09,3.9000,4.9600,2.5000,2.8900,5453595
2017-06-02,3.3000,3.4600,2.4000,2.6600,975827
2017-05-26,0.2500,0.2700,0.2300,0.2300,3184533
2017-05-19,0.2500,0.2500,0.2200,0.2500,4169879
2017-05-12,0.2500,0.2900,0.2200,0.2400,6922403
2017-05-05,0.2700,0.2800,0.2300,0.2500,6688273
2017-04-28,0.2900,0.3000,0.2500,0.2700,6186525
2017-04-21,0.3000,0.3200,0.2800,0.2900,5933238
2017-04-13,0.3000,0.3500,0.2800,0.3000,16151152
2017-04-07,0.2900,0.3200,0.2600,0.2800,7666164
2017-03-31,0.2700,0.3200,0.2600,0.2900,8658368
2017-03-24,0.2800,0.3100,0.2600,0.2700,8229968
2017-03-17,0.2700,0.3700,0.2400,0.2700,30201426
2017-03-10,0.2300,0.3300,0.2100,0.2800,21786357
2017-03-03,0.2300,0.2400,0.2200,0.2300,6259913
2017-02-24,0.2700,0.2700,0.2100,0.2100,10008411
2017-02-17,0.4500,0.4700,0.1900,0.2500,46697219
2017-02-10,0.3800,0.5400,0.3500,0.4500,6921199
2017-02-03,0.3938,0.3965,0.3500,0.3800,1545666
2017-01-27,0.4000,0.4089,0.3700,0.3875,2140623
2017-01-20,0.6133,0.6250,0.3600,0.3900,16243099
2017-01-13,0.3200,0.4499,0.3001,0.3900,13055940
2017-01-06,0.3130,0.3595,0.3041,0.3150,2496495
2016-12-30,0.3700,0.3701,0.2900,0.3039,2657934
2016-12-23,0.4750,0.5894,0.3100,0.3600,3986275
2016-12-16,0.6900,0.6900,0.4502,0.4700,1543008
2016-12-09,0.6600,0.7096,0.6400,0.6701,578488
2016-12-02,0.8300,0.8900,0.6200,0.6800,1265138
2016-11-25,0.8400,0.8930,0.8200,0.8400,225596
2016-11-18,0.8732,0.8999,0.7800,0.8500,611626
2016-11-11,0.9300,0.9600,0.8500,0.8650,694468
2016-11-04,1.0300,1.0900,0.8500,0.9100,583693
2016-10-28,1.0600,1.1200,1.0200,1.0370,129964
2016-10-21,1.1200,1.1700,1.0800,1.1600,321477
2016-10-14,1.1500,1.1900,1.1200,1.1300,272922
2016-10-07,1.2400,1.2400,1.1200,1.1500,347029
2016-09-30,1.2700,1.2800,1.2000,1.2200,284384
2016-09-23,1.2300,1.3000,1.2200,1.2600,313174
2016-09-16,1.3400,1.3800,1.2100,1.2200,1461519
2016-09-09,1.2200,1.2600,1.2000,1.2000,216028
2016-09-02,1.2200,1.2800,1.2000,1.2000,245370
2016-08-26,1.2900,1.3500,1.2000,1.2200,369244
2016-08-19,1.2800,1.4000,1.2100,1.3200,1065244
2016-08-12,1.2500,1.3000,1.2000,1.2000,378017
2016-08-05,1.2500,1.2600,1.1800,1.2300,216764
2016-07-29,1.2700,1.3099,1.2100,1.2300,249504
2016-07-22,1.2800,1.3000,1.2050,1.2100,268574
2016-07-15,1.3200,1.3300,1.2000,1.2530,500853
2016-07-08,1.2800,1.3600,1.2500,1.3000,271475
2016-07-01,1.2500,1.3100,1.2001,1.2800,513486
2016-06-24,1.2700,1.3600,1.2500,1.2700,214161
2016-06-17,1.4000,1.4200,1.2500,1.2800,483424
2016-06-10,1.4000,1.4300,1.3600,1.4000,239596
2016-06-03,1.4300,1.4600,1.3000,1.3800,366543
2016-05-27,1.4500,1.6000,1.3600,1.4100,523124
2016-05-20,1.4500,1.5200,1.4200,1.4200,136424
2016-05-13,1.4800,1.5500,1.4300,1.4900,232147
2016-05-06,1.7000,1.7000,1.4500,1.5100,194564
2016-04-29,1.5700,1.7200,1.4300,1.4800,206535
2016-04-22,1.5500,1.7800,1.5300,1.5900,406911
2016-04-15,1.3300,1.6000,1.3100,1.5400,400292
2016-04-08,1.4500,1.4900,1.3400,1.3700,257080
2016-04-01,1.5500,1.5800,1.4000,1.4700,240039
2016-03-24,1.5000,1.5500,1.4000,1.5500,142958
2016-03-18,1.4100,1.5099,1.3000,1.5000,266176
2016-03-11,1.3300,1.6000,1.2701,1.4150,362363
2016-03-04,1.2700,1.3400,1.1700,1.3100,243331
2016-02-26,1.2600,1.3200,1.2050,1.2900,174370
2016-02-19,1.1200,1.3000,1.1200,1.2600,276381
2016-02-12,1.2500,1.2500,1.0400,1.0900,700299
2016-02-05,1.3300,1.4300,1.2000,1.2500,236726
2016-01-29,1.3800,1.4488,1.3100,1.3200,194510
2016-01-22,1.3000,1.4300,1.1601,1.3800,533356
2016-01-15,1.8000,1.8800,1.2900,1.2900,987325
2016-01-08,1.9300,1.9900,1.7500,1.8100,315082
2015-12-31,1.9900,2.0500,1.8700,1.9200,308191
2015-12-24,1.8600,2.0100,1.8600,1.9900,257524
2015-12-18,1.9700,1.9700,1.7500,1.8800,728631
2015-12-11,1.9500,1.9900,1.8100,1.8500,432039
2015-12-04,2.0400,2.3100,1.9100,1.9400,1170000
2015-11-27,1.8600,2.0500,1.8200,2.0400,935618
2015-11-20,1.8300,1.9000,1.7620,1.8600,451509
2015-11-13,1.9800,1.9872,1.8000,1.8400,316836
2015-11-06,1.7000,2.0000,1.7000,1.8600,642718
2015-10-30,1.8600,1.8600,1.7100,1.7100,595647
2015-10-23,1.9100,2.0500,1.7800,1.8400,505930
2015-10-16,2.0000,2.2200,1.7000,1.9000,2979374
2015-10-09,1.7000,1.8500,1.6450,1.8400,622790
2015-10-02,1.9200,1.9700,1.6100,1.6800,927946
2015-09-25,2.0600,2.0800,1.8800,1.9200,636067
2015-09-18,2.0000,2.1799,1.9800,2.0500,884231
2015-09-11,2.1000,2.2601,2.0000,2.0400,591875
2015-09-04,2.0700,2.1300,1.9300,1.9700,303805
2015-08-28,1.8100,2.0600,1.8000,2.0600,667695
2015-08-21,2.1900,2.2400,1.9000,2.0000,767699
2015-08-14,2.4100,2.4100,2.1900,2.2300,796266
2015-08-07,2.3100,2.4800,2.1700,2.2300,912565
2015-07-31,2.6200,2.6300,2.2600,2.2800,1015493
2015-07-24,2.5100,2.6300,2.4000,2.5800,1080309
2015-07-17,2.2900,2.7200,2.2800,2.5400,4836367
2015-07-10,2.4700,2.4900,2.1500,2.3000,836326
2015-07-02,2.4400,2.4400,2.3305,2.3500,161978
2015-06-26,2.4100,2.5400,2.3600,2.4500,337535
2015-06-19,2.3600,2.4799,2.3600,2.3900,396501
2015-06-12,2.5300,2.7100,2.3600,2.3600,1001099
2015-06-05,2.5100,2.6000,2.4900,2.5100,574440
2015-05-29,2.6000,2.7799,2.3144,2.4700,1435131
2015-05-22,2.5800,2.8900,2.5600,2.6299,921915
2015-05-15,2.4700,2.6200,2.4200,2.5900,541978
2015-05-08,2.6300,2.6600,2.4500,2.4700,636154
2015-05-01,2.8800,2.9300,2.6000,2.6300,812490
2015-04-24,2.9300,3.0600,2.8200,2.9000,768341
2015-04-17,2.5400,3.5700,2.5200,2.9500,9643970
2015-04-10,2.7000,2.7000,2.4400,2.6000,341886
2015-04-02,2.7400,2.7499,2.5800,2.7000,171056
2015-03-27,2.6000,2.7800,2.5100,2.6900,302683
2015-03-20,2.6200,2.7400,2.4000,2.5800,478711
2015-03-13,2.8400,2.9300,2.6200,2.6400,546530
2015-03-06,2.8600,2.8900,2.6300,2.8200,448777
2015-02-27,3.1800,3.3000,2.8800,2.8900,1094320
2015-02-20,2.4000,3.5400,2.4000,3.1500,7649074
2015-02-13,2.3000,2.4300,2.2800,2.4100,203101
2015-02-06,2.2100,2.3600,2.2100,2.2800,151344
2015-01-30,2.2200,2.2800,2.1500,2.2100,179883
2015-01-23,2.3900,2.3900,2.1700,2.2100,243462
2015-01-16,2.4500,2.5700,2.3200,2.3600,334319
2015-01-09,2.4499,2.5000,2.3200,2.4400,190812
2015-01-02,2.3300,2.4000,2.2601,2.3900,527168
2014-12-26,2.4000,2.4200,2.3200,2.3300,409389
2014-12-19,2.4200,2.5000,2.3000,2.4200,353569
2014-12-12,2.4880,2.5800,2.3300,2.4200,599020
2014-12-05,2.6300,2.6300,2.3600,2.4900,366382
2014-11-28,2.7000,2.7800,2.5600,2.6700,322430
2014-11-21,2.5000,2.6200,2.3800,2.5800,264266
2014-11-14,2.5400,2.6290,2.4000,2.5300,237799
2014-11-07,2.7500,2.7800,2.4345,2.5200,332115
2014-10-31,2.5600,2.8800,2.4800,2.7400,579021
2014-10-24,2.5600,2.7000,2.4300,2.5900,237750
2014-10-17,2.6100,2.6800,2.3800,2.5500,361506
2014-10-10,2.8900,2.9600,2.5400,2.5900,527528
2014-10-03,2.9700,3.0100,2.7700,2.9100,336732
2014-09-26,3.0000,3.0500,2.9001,2.9700,334695
2014-09-19,3.2200,3.2200,3.0000,3.0300,407462
2014-09-12,3.2700,3.3410,3.1900,3.2000,205899
2014-09-05,3.2500,3.4000,3.2000,3.2500,292525
2014-08-29,3.1800,3.3000,3.1201,3.2500,293287
2014-08-22,3.1200,3.2500,3.0500,3.1600,353178
2014-08-15,3.2300,3.2900,3.0200,3.1200,446037
2014-08-08,3.2580,3.3500,3.1300,3.2100,439664
2014-08-01,3.5900,3.5900,3.2200,3.2500,712919
2014-07-25,3.0200,3.7300,2.9500,3.3900,1931400
2014-07-18,3.1600,3.1900,2.9800,3.0100,562924
2014-07-11,3.3400,3.3600,3.0200,3.1200,682516
2014-07-03,3.4900,3.5001,3.3300,3.3400,409400
2014-06-27,3.5200,3.5500,3.2990,3.4900,570960
2014-06-20,3.3500,3.6300,3.3200,3.5000,1054705
2014-06-13,3.0300,3.3800,3.0300,3.3300,1132033
2014-06-06,3.2200,3.2200,3.0100,3.0600,537946
2014-05-30,3.0500,3.3000,3.0100,3.2400,442690
2014-05-23,3.1200,3.4700,3.0100,3.0562,611336
2014-05-16,3.1000,3.2200,3.0000,3.0800,324152
2014-05-09,3.3800,3.4000,3.0200,3.0800,427186
2014-05-02,3.3800,3.4500,3.2200,3.3800,439515
2014-04-25,3.2400,3.5499,3.2300,3.3500,828005
2014-04-17,3.1100,3.2899,2.8200,3.2700,837113
2014-04-11,3.3400,3.3700,3.0700,3.1000,1326470
2014-04-04,3.4000,3.5700,3.3100,3.3800,1311245
2014-03-28,3.7100,3.7300,3.3600,3.4200,1715276
2014-03-21,3.9700,3.9800,3.6600,3.7200,1512336
2014-03-14,3.9800,4.0100,3.7900,3.9200,1601314
2014-03-07,3.7000,4.0300,3.6801,3.9700,2174955
2014-02-28,3.8300,3.9600,3.6500,3.7300,4080067
2014-02-21,3.7400,3.8200,3.5701,3.6200,1205891
2014-02-14,3.6900,3.8200,3.6000,3.7600,1076422
2014-02-07,3.7000,3.7400,3.4800,3.6600,1919897
2014-01-31,4.0000,4.0280,3.6500,3.7100,3306021
2014-01-24,3.9600,3.9800,3.7500,3.8300,1773694
2014-01-17,4.6900,4.7300,3.8900,3.9600,3823354
2014-01-10,3.9400,4.7400,3.8600,4.5700,2456085
2014-01-03,3.8600,4.1000,3.8100,3.9500,1378896
2013-12-27,3.9000,3.9700,3.7700,3.8900,809730
2013-12-20,4.0100,4.0600,3.6200,3.9200,1675900
2013-12-13,3.8400,4.5900,3.5600,4.0100,4527640
2013-12-06,3.8300,4.1000,3.6900,3.8500,994497
2013-11-29,3.6500,4.0500,3.5000,3.8400,1896868
2013-11-22,3.8700,3.8700,3.5000,3.5900,1161705
2013-11-15,4.0000,4.2200,3.7000,3.8800,1505635
2013-11-08,4.2600,4.3300,3.8400,3.9850,1698036
2013-11-01,1.2100,5.5000,1.1700,4.2900,6421788
2013-10-25,1.2000,1.3100,1.1500,1.1600,8120994
2013-10-18,1.2100,1.2300,1.1700,1.2000,4015673
2013-10-11,1.2600,1.2800,1.1500,1.2300,5023592
2013-10-04,1.1800,1.2900,1.1500,1.2700,8776966
2013-09-27,1.2200,1.2300,1.1600,1.1700,4403313
2013-09-20,1.2600,1.3200,1.1500,1.2200,11531641
2013-09-13,1.4300,1.4700,1.2000,1.2000,11873011
2013-09-06,1.1300,1.3900,1.1300,1.3600,10065976
2013-08-30,1.1900,1.2000,1.1100,1.1400,3162542
2013-08-23,1.1000,1.2000,1.0600,1.1700,5680979
2013-08-16,1.2400,1.2400,1.0500,1.1000,8647146
2013-08-09,1.2800,1.4200,1.1800,1.2400,18934062
2013-08-02,1.2300,1.2800,1.1800,1.2700,7251644
2013-07-26,1.3900,1.4300,1.1900,1.2100,10578293
2013-07-19,1.1300,1.5500,1.1100,1.4200,20600354
2013-07-12,1.1600,1.2200,1.0700,1.1300,5125642
2013-07-05,1.0700,1.2300,1.0300,1.1500,7744210
2013-06-28,1.2200,1.3000,1.0200,1.0200,13013485
2013-06-21,1.2600,1.4400,1.1200,1.2200,17324074
2013-06-14,1.6900,1.7300,1.2500,1.3000,29824323
2013-06-07,1.7500,1.9600,1.6000,1.6800,42628690
2013-05-31,1.0700,2.1000,1.0500,1.6900,125062495
2013-05-24,1.0200,1.0900,0.9160,1.0400,16214639
2013-05-17,0.9600,1.0900,0.9300,1.0100,12654684
2013-05-10,0.8900,1.1100,0.8808,0.9700,20284610
2013-05-03,0.8800,0.9047,0.8289,0.8800,4287108
2013-04-26,0.8300,1.0000,0.7500,0.8800,16351420
2013-04-19,0.9600,0.9759,0.7900,0.7950,4678353
2013-04-12,1.0000,1.0100,0.9405,0.9563,3889837
2013-04-05,1.0200,1.0800,0.9925,1.0000,4401089
2013-03-28,1.0600,1.0800,1.0100,1.0500,4304120
2013-03-22,1.1200,1.1800,1.0400,1.0600,12154833
2013-03-15,1.1800,1.1800,1.0200,1.0600,9719546
2013-03-08,0.9600,1.2300,0.9523,1.1200,23069170
2013-03-01,1.1300,1.1500,0.9005,0.9720,15119228
2013-02-22,1.2200,1.2900,1.0900,1.1500,12437116
2013-02-15,1.4000,1.5400,1.2300,1.2600,36445687
2013-02-08,1.1800,1.3200,1.1300,1.2900,36108218
2013-02-01,7.8000,8.4500,1.2500,1.3200,69230939
2013-01-25,7.9000,7.9700,7.2200,7.7200,13068008
2013-01-18,8.6100,9.4400,6.1700,7.0000,23962925
2013-01-11,8.1400,8.6900,7.8100,8.4600,7485222
2013-01-04,8.2700,8.5800,8.0000,8.0300,6920411
2012-12-28,7.6400,8.6400,7.5099,8.1700,5817405
2012-12-21,8.4500,8.4500,7.2000,7.5000,7218967
2012-12-14,7.6000,8.8600,7.1000,8.4000,12091449
2012-12-07,7.7900,8.0000,7.2700,7.3600,5168725
2012-11-30,6.8200,8.3500,6.5700,7.5000,13198470
2012-11-23,5.4900,6.7000,5.4500,6.6600,6706589
2012-11-16,4.8600,5.7200,4.6900,5.3200,6154141
2012-11-09,4.3800,4.8500,4.2500,4.6000,2730331
2012-11-02,4.3300,4.6000,4.3000,4.3800,1062645
2012-10-26,4.8400,4.9200,4.3000,4.3000,2544751
2012-10-19,4.9900,5.1200,4.6200,4.7000,4661191
2012-10-12,6.0000,6.0300,4.8500,4.9800,5245043
2012-10-05,5.5200,5.9500,5.3200,5.9400,4405265
2012-09-28,5.9200,6.0900,5.1600,5.4400,5761972
2012-09-21,5.1000,5.9799,5.0100,5.8100,8146252
2012-09-14,4.7400,5.2400,4.6500,5.1000,4731843
2012-09-07,4.5700,4.8200,4.2500,4.7800,3054742
2012-08-31,4.6900,5.1800,4.4200,4.5000,6347507
2012-08-24,4.2500,4.7900,3.8200,4.6800,5461553
2012-08-17,3.1400,4.3900,3.0400,4.2000,5374447
2012-08-10,2.7700,3.1900,2.6700,3.1300,2761832
2012-08-03,3.3200,3.4700,2.8300,2.8800,2508024
2012-07-27,3.6800,3.7100,3.2200,3.3200,1812376
2012-07-20,3.6700,3.8300,3.3810,3.7100,1892513
2012-07-13,3.9400,4.0299,3.2400,3.6390,4598270
2012-07-06,3.1500,4.0600,3.0700,3.9400,4698679
2012-06-29,2.8500,3.2600,2.6600,3.0700,6014005
2012-06-22,2.1700,2.8100,2.0600,2.8000,3783713
2012-06-15,2.2600,2.2800,2.0100,2.1500,1002681
2012-06-08,1.9800,2.4500,1.9600,2.2496,3851147
2012-06-01,1.9000,2.0000,1.8799,1.9200,700631
2012-05-25,1.8000,2.0400,1.7600,1.9000,1393456
2012-05-18,2.0200,2.0200,1.7300,1.7600,1316934
2012-05-11,1.9000,2.0500,1.8600,2.0100,1165109
2012-05-04,2.0500,2.1400,1.8600,1.9000,1617622
2012-04-27,2.0000,2.0700,1.8801,2.0400,1596827
2012-04-20,2.0500,2.0500,1.8100,1.9200,1401463
2012-04-13,1.7200,2.1000,1.7200,2.0300,2022954
2012-04-05,1.9200,1.9400,1.7600,1.7800,858866
2012-03-30,1.8900,2.0000,1.8100,1.9000,1252756
2012-03-23,1.6300,2.0400,1.6300,1.8300,2590746
2012-03-16,1.7000,1.7900,1.6400,1.6900,2793285
2012-03-09,2.0500,2.1200,1.6600,1.7100,4246131
2012-03-02,2.1300,2.2400,2.0000,2.0200,2708306
2012-02-24,2.1100,2.2000,2.0300,2.0700,1728366
2012-02-17,2.1100,2.2100,1.8000,2.1000,2682647
2012-02-10,1.9500,2.3400,1.9400,2.0300,3741067
2012-02-03,1.8100,2.1900,1.8100,1.9500,3403617
2012-01-27,1.7200,1.8600,1.6400,1.8300,1934729
2012-01-20,1.7300,1.8200,1.6400,1.7100,1691963
2012-01-13,1.9500,1.9500,1.6700,1.7300,1505859
2012-01-06,1.7200,1.9500,1.7200,1.9200,1292229
2011-12-30,1.7500,1.8000,1.6400,1.7000,1653315
2011-12-23,1.9500,1.9800,1.7400,1.7600,1715060
2011-12-16,2.0300,2.0999,1.7450,1.9800,1559205
2011-12-09,2.1800,2.2699,1.9700,2.0600,2262747
2011-12-02,2.6900,2.6900,2.1100,2.1800,3397113
2011-11-25,2.9600,3.0800,2.7300,2.8000,718103
2011-11-18,3.1300,3.1500,2.8700,3.0300,1104121
2011-11-11,3.5500,3.8399,2.7200,3.1200,2792715
2011-11-04,3.1300,3.7000,2.9000,3.5100,1708710
2011-10-28,2.8300,3.1900,2.6900,3.1400,1459323
2011-10-21,2.8200,2.9400,2.6800,2.8600,1189492
2011-10-14,2.7900,3.1000,2.7600,2.8600,1762427
2011-10-07,2.5200,2.8190,2.3000,2.7400,1434438
2011-09-30,2.9400,3.0000,2.5000,2.5000,1757425
2011-09-23,2.9600,3.2200,2.8500,2.9600,2038246
2011-09-16,3.4700,3.5500,3.0200,3.0300,2793196
2011-09-09,3.4500,3.7500,3.4100,3.5500,1280770
2011-09-02,3.2300,3.8200,3.2240,3.6000,2613743
2011-08-26,3.0000,3.2200,2.9000,3.1700,2078980
2011-08-19,3.0100,3.1800,2.8000,2.8900,2897625
2011-08-12,2.8000,3.1700,2.6500,2.9600,2993616
2011-08-05,3.9600,4.0800,2.7000,3.1100,5606900
2011-07-29,4.1300,4.1400,3.5100,3.8300,4568816
2011-07-22,3.8400,4.3700,3.7100,4.1700,5818338
2011-07-15,3.6100,4.1300,3.4900,3.8690,3885824
2011-07-08,3.2000,3.6700,3.0999,3.4600,3997189
2011-07-01,3.0700,3.4200,2.9100,3.1300,4025661
2011-06-24,3.0000,3.1001,2.8300,3.1000,452765
2011-06-17,3.1000,3.2700,2.9100,2.9800,1446260
2011-06-10,3.0801,3.4400,2.9300,3.0500,2158262
2011-06-03,3.0500,3.1800,2.8100,2.9600,1778513
2011-05-27,2.8900,3.1000,2.6500,3.0300,1159793
2011-05-20,3.0000,3.0000,2.5900,2.8900,1090537
2011-05-13,2.8300,3.1000,2.6400,2.9200,1316097
2011-05-06,3.2500,3.5000,2.6999,2.8300,3247773
2011-04-29,2.2400,3.1800,2.2200,3.1300,1984012
2011-04-21,2.2000,2.4000,2.1200,2.2800,640678
2011-04-15,2.3400,2.4000,2.1500,2.2000,710700
2011-04-08,2.3200,2.5500,2.3000,2.3500,403204
2011-04-01,2.3200,2.4800,2.2500,2.3100,364059
2011-03-25,2.4100,2.4900,2.2400,2.3500,404086
2011-03-18,2.2800,2.4500,2.1100,2.4100,344504
2011-03-11,2.4000,2.4900,2.2390,2.2400,414111
2011-03-04,2.5600,2.5600,2.3300,2.3600,338252
2011-02-25,2.6000,2.6000,2.2200,2.4900,232635
2011-02-18,2.6000,2.6400,2.4500,2.5800,330926
2011-02-11,2.5300,2.7500,2.5300,2.6000,427876
2011-02-04,2.4800,2.7900,2.4500,2.5500,454396
2011-01-28,2.8100,2.8360,2.4400,2.4900,466656
2011-01-21,2.8300,3.0600,2.7300,2.8400,505905
2011-01-14,2.7500,2.9300,2.6000,2.9300,762520
2011-01-07,2.0700,2.9700,2.0700,2.7600,1463710
2010-12-31,2.2000,2.2500,2.0400,2.0500,662937
2010-12-23,2.1000,2.2500,1.9800,2.2400,883342
2010-12-17,2.6400,2.6440,1.9800,2.0400,1201149
2010-12-10,2.8200,2.8385,2.5601,2.6200,335010
2010-12-03,2.7500,3.0200,2.6500,2.8100,263599
2010-11-26,2.9300,2.9800,2.6500,2.7100,224881
2010-11-19,3.0100,3.1600,2.8700,2.9500,422922
2010-11-12,3.0000,3.4300,2.8000,2.9700,851592
2010-11-05,3.1200,3.2500,2.9500,2.9700,262655
2010-10-29,3.2300,3.2300,2.9000,3.0600,430030
2010-10-22,3.3200,3.4499,3.1000,3.1600,375313
2010-10-15,3.8700,3.8700,3.0500,3.3400,792035
2010-10-08,3.5000,3.7800,3.0100,3.5000,636041
2010-10-01,3.0499,3.5000,2.9700,3.1101,139428
2010-09-24,3.0800,3.1800,2.9500,2.9900,125733
2010-09-17,3.1500,3.2100,3.0100,3.0100,211057
2010-09-10,3.2500,3.2500,3.0500,3.1650,45058
2010-09-03,3.1000,3.2300,3.0600,3.1899,117370
2010-08-27,3.1300,3.6399,3.1000,3.1500,164501
2010-08-20,3.2000,3.4700,3.1300,3.1300,239176
2010-08-13,3.4800,3.5400,3.1800,3.2000,97592
2010-08-06,3.3500,3.8700,3.2500,3.3800,119200
2010-07-30,3.1600,3.4900,3.1500,3.3000,74712
2010-07-23,3.0900,3.4300,3.0300,3.1800,83968
2010-07-16,3.2000,3.2000,3.0000,3.1400,37004
2010-07-09,3.1100,3.2000,2.8600,3.1900,65018
2010-07-02,3.3900,3.5100,2.8700,3.1150,129954
2010-06-25,3.6000,3.6000,3.2500,3.3900,96960
2010-06-18,3.7700,3.7700,3.4000,3.5600,131997
2010-06-11,3.6400,3.6900,3.0700,3.5800,205314
2010-06-04,3.7100,3.8699,3.4800,3.6600,98043
2010-05-28,3.9200,4.0800,3.6000,3.7000,135307
2010-05-21,4.6100,4.8400,3.6500,3.9199,221585
2010-05-14,4.1100,4.8000,3.8600,4.6300,289748
2010-05-07,5.0900,5.1276,3.8800,3.9799,604250
2010-04-30,5.2000,5.2000,4.9200,5.1000,156366
2010-04-23,5.4800,5.4900,4.9100,5.1800,325552
2010-04-16,4.4100,5.6300,4.4000,5.4400,794623
2010-04-09,4.2300,4.6000,4.1800,4.4199,136679
2010-04-01,4.3800,4.4400,3.9100,4.2300,239796
2010-03-26,4.5000,4.6070,4.1400,4.3800,240725
2010-03-19,4.2400,4.6400,3.7500,4.5500,421794
2010-03-12,4.0500,4.7500,4.0500,4.3252,647163
2010-03-05,3.0200,4.2100,2.9800,4.1800,614643
2010-02-26,3.0000,3.3500,2.9800,3.0000,384123
2010-02-19,2.9400,2.9500,2.8000,2.9400,51425
2010-02-12,2.8000,2.9832,2.7500,2.8500,76819
2010-02-05,3.0000,3.2300,2.7200,2.8000,77975
2010-01-29,3.0000,3.0500,2.8200,2.8700,87197
2010-01-22,3.0400,3.1500,3.0000,3.0000,86777
2010-01-15,3.1500,3.1990,3.0000,3.0500,54121
2010-01-08,3.2300,3.2700,3.0200,3.1200,58460
2009-12-31,3.0400,3.3500,2.9100,3.2700,82615
2009-12-24,2.7700,3.1000,2.7700,3.0200,110013
2009-12-18,2.9000,3.0000,2.8000,2.8000,182017
2009-12-11,2.8915,3.0000,2.7100,2.9200,171611
2009-12-04,3.0300,3.1000,2.8601,2.9000,214843
2009-11-27,3.1500,3.1600,3.0100,3.0300,136034
2009-11-20,3.3600,3.3600,3.1000,3.1600,121404
2009-11-13,3.1200,3.5000,3.1000,3.2600,129476
2009-11-06,3.0900,3.1899,2.9800,3.1200,92357
2009-10-30,3.4350,3.4955,3.1100,3.1300,86478
2009-10-23,3.5400,3.5510,3.4100,3.4300,179257
2009-10-16,3.4300,3.8800,3.3500,3.5400,203754
2009-10-09,3.3600,3.5499,3.3600,3.5000,164351
2009-10-02,4.4500,4.4500,3.2600,3.3600,1678595
2009-09-25,5.2400,5.2500,4.4500,4.7700,195602
2009-09-18,4.4300,4.9600,4.0860,4.8900,119256
2009-09-11,3.5900,4.1700,3.4800,4.1390,65525
2009-09-04,3.3601,3.5700,3.2100,3.5320,109150
2009-08-28,3.5101,3.6000,3.2500,3.3700,747087
2009-08-21,3.5000,3.6900,3.2800,3.5999,129432
2009-08-14,3.7400,3.7400,3.2400,3.3356,260692
2009-08-07,3.7400,3.8700,3.4400,3.6800,96655
2009-07-31,4.0000,4.1900,3.4000,3.4999,230789
2009-07-24,4.2500,4.4900,3.8045,3.8300,120578
2009-07-17,4.1500,4.4496,3.7801,4.0199,75462
2009-07-10,4.5000,4.6700,4.0000,4.0000,24815
2009-07-02,4.9900,4.9900,4.2600,4.4700,26280
2009-06-26,4.4700,4.7200,3.9999,4.7200,85353
2009-06-19,4.7500,5.0000,4.1900,4.3000,69467
2009-06-12,4.9000,5.0500,4.3200,4.7140,51990
2009-06-05,4.3200,5.0000,3.9100,4.7900,80701
2009-05-29,4.2400,4.5000,3.7501,4.0000,69666
2009-05-22,4.0000,4.4500,3.9000,4.4500,29384
2009-05-15,3.7000,4.4000,3.5000,4.0500,62601
2009-05-08,3.3600,3.6932,3.0900,3.6932,39320
2009-05-01,3.0600,3.6200,3.0600,3.3550,13739
2009-04-24,3.2500,3.5000,3.0500,3.5000,26514
2009-04-17,3.2300,3.6200,3.0500,3.2500,27094
2009-04-09,3.5000,3.7000,2.4100,3.0000,24474
2009-04-03,3.6000,3.7500,3.2100,3.5000,51550
2009-03-27,2.3400,3.6300,2.3400,3.2999,119215
2009-03-20,2.5800,2.6000,2.1900,2.6000,27399
2009-03-13,2.0800,2.5200,1.6000,2.1500,77701
2009-03-06,2.3200,2.4400,2.0000,2.1899,45399
2009-02-27,2.2500,2.3900,2.0000,2.2600,27492
2009-02-20,2.2500,2.4400,2.1500,2.3100,53186
2009-02-13,2.3000,2.5550,2.1600,2.4000,20303
2009-02-06,2.4800,2.4900,2.1500,2.4900,12995
2009-01-30,2.5000,2.7899,2.2500,2.4400,20631
2009-01-23,2.7172,2.7300,2.5300,2.6899,7903
2009-01-16,3.0000,3.0000,2.5600,2.8800,50187
2009-01-09,2.7400,2.9700,2.2101,2.7700,39739
2009-01-02,2.2500,2.7700,2.1500,2.7700,54240
2008-12-26,2.4000,2.7899,2.2999,2.3600,16255
2008-12-19,2.7500,3.0200,2.3800,2.4800,50695
2008-12-12,2.9700,3.0300,2.3200,2.3256,39487
2008-12-05,2.1900,3.0300,2.1900,2.9500,49523
2008-11-28,2.1000,2.2500,1.8600,2.1900,40698
2008-11-21,2.6200,2.8900,1.6500,2.0500,87814
2008-11-14,2.9700,2.9900,2.5000,2.6001,16012
2008-11-07,2.8500,3.2500,2.8000,3.0000,22667
2008-10-31,3.1400,3.1400,2.7200,2.8560,26558
2008-10-24,3.2100,3.4000,2.8000,2.9900,64455
2008-10-17,2.1500,3.1150,2.0200,3.0000,84709
2008-10-10,2.4000,2.6100,1.7500,2.2000,103922
2008-10-03,3.0000,3.1900,2.0000,2.4799,85494
2008-09-26,3.4000,3.4600,1.7200,3.0200,122442
2008-09-19,3.7500,3.9900,3.3200,3.4100,35020
2008-09-12,3.9000,3.9900,3.3500,3.9099,15204
2008-09-05,3.9000,3.9600,3.5900,3.7460,23390
2008-08-29,3.6500,3.9700,3.2500,3.9700,99415
2008-08-22,3.6000,4.1000,3.5110,3.8200,42657
2008-08-15,3.2700,3.7700,3.2200,3.6200,28804
2008-08-08,3.5900,3.7500,3.2200,3.3400,27846
2008-08-01,3.6700,3.9700,3.5000,3.6800,47034
2008-07-25,3.8100,4.0700,3.5000,3.8200,34914
2008-07-18,3.7500,4.2000,3.7340,4.0200,23125
2008-07-11,4.4800,4.4840,3.5501,4.0000,31018
2008-07-03,3.8500,4.2900,3.6000,4.2500,31514
2008-06-27,4.3400,4.7000,3.7800,3.9700,52200
2008-06-20,4.3000,4.5000,4.0100,4.2700,41400
2008-06-13,4.3000,4.4500,4.1000,4.1600,34200
2008-06-06,4.2900,5.1400,4.2500,4.3000,58050
2008-05-30,3.9200,4.4600,3.7500,4.4600,52650
2008-05-23,4.2100,4.6600,3.8100,3.8300,53100
2008-05-16,4.2400,5.2000,4.0000,4.2100,100800
2008-05-09,4.2400,4.3500,3.3800,4.1900,152550
2008-05-02,4.8100,5.2000,4.0500,4.3400,111150
2008-04-25,5.3900,5.8100,4.8200,4.9000,136800
2008-04-18,5.0100,5.6200,5.0000,5.3400,205200
2008-04-11,5.4800,5.6400,5.1600,5.2500,51300
2008-04-04,5.5000,6.0000,5.2000,5.7300,94950
2008-03-28,5.2600,5.4500,4.8000,5.3100,82800
2008-03-20,5.6300,5.6300,4.6500,5.2900,106200
2008-03-14,5.9000,5.9200,5.4100,5.4700,99900
2008-03-07,6.3900,6.4400,5.6500,5.9900,116550
2008-02-29,5.8400,6.6800,5.6400,6.1400,177300
2008-02-22,5.4000,6.0000,5.4000,5.9000,81000
2008-02-15,6.1000,6.1000,5.1000,5.4000,102150
2008-02-08,5.6500,6.5900,5.6000,6.0000,251550
2008-02-01,5.1500,5.9500,5.1500,5.8900,204300
2008-01-25,5.0000,5.6400,4.4900,5.5500,137700
2008-01-18,2.9900,5.9500,2.8500,5.0000,270450
2008-01-11,3.1400,3.1400,2.8000,2.9200,57600
2008-01-04,3.0200,3.5400,2.9000,3.1000,134100
2007-12-28,3.0100,3.2600,2.8500,3.0600,99000
2007-12-21,3.0500,3.2400,2.9900,2.9900,99000
2007-12-14,3.8500,3.8500,2.9000,3.0700,295650
2007-12-07,4.1500,4.1500,3.8400,3.8500,87300
2007-11-30,4.4500,4.4500,3.7900,4.1600,120600
2007-11-23,5.0200,5.1500,4.3800,4.4800,60300
2007-11-16,4.6900,5.2000,4.6900,5.1500,151200
2007-11-09,5.3200,5.4500,4.8600,5.1000,148950
2007-11-02,5.1500,5.3500,4.5000,5.2800,112950
2007-10-26,5.4000,5.5000,5.0200,5.2600,87300
2007-10-19,5.7700,5.8800,5.3900,5.4000,69750
2007-10-12,5.7200,5.9000,5.5500,5.8500,100800
2007-10-05,5.7400,6.0500,5.4500,5.7700,108450
2007-09-28,6.0200,6.1500,5.7500,5.7800,294750
2007-09-21,6.0200,6.1500,5.7500,6.0100,185850
2007-09-14,5.8500,6.2000,5.6500,6.1500,89550
2007-09-07,5.7400,6.0000,5.6600,5.9000,98100
2007-08-31,5.7000,5.8900,5.1700,5.7500,195750
2007-08-24,6.2800,6.2800,5.6500,5.6500,118800
2007-08-17,5.8500,6.2000,5.7000,6.2000,405900
2007-08-10,5.4000,6.2400,5.2100,5.9500,355500
2007-08-03,5.4500,5.8000,5.1000,5.4300,251100
2007-07-27,6.0000,6.0500,5.4500,5.5000,194850
2007-07-20,6.0100,6.3000,5.8900,5.9900,171450
2007-07-13,6.0500,6.3500,5.1500,6.0000,322200
2007-07-06,6.6800,6.6800,6.0500,6.0900,49500
2007-06-29,6.6500,6.7500,6.0000,6.6900,166950
2007-06-22,6.7300,7.3000,6.5000,6.7200,228600
2007-06-15,6.7000,7.4000,6.2000,6.8700,366750
2007-06-08,6.5800,6.8000,5.9600,6.6000,210150
2007-06-01,5.9000,7.6700,5.8900,6.4400,972000
2007-05-25,4.7400,5.8900,4.5500,5.8000,573300
2007-05-18,4.1200,5.3100,3.8600,4.6500,356850
2007-05-11,4.1300,4.2500,4.0500,4.1000,42650
2007-05-04,3.9700,4.2800,3.9500,4.1800,79250
2007-04-27,4.4000,4.4900,3.9500,4.0500,207450
2007-04-20,4.1900,5.3300,4.0600,4.5000,698400
2007-04-13,3.8100,4.2000,3.7400,4.1900,121050
2007-04-05,3.8000,3.9400,3.5500,3.8700,154350
2007-03-30,4.2100,4.5500,3.7500,3.8700,167850
2007-03-23,4.3800,4.5000,4.1100,4.1400,137700
2007-03-16,4.5100,4.8300,4.2000,4.3400,132300
2007-03-09,4.9000,4.9100,4.0100,4.5900,376650
2007-03-02,3.5000,5.4000,3.3500,4.7500,832500
2007-02-23,3.0000,3.6000,3.0000,3.3800,206550
2007-02-16,3.1200,3.1800,3.0000,3.0200,75150
2007-02-09,3.1800,3.3500,3.1500,3.1500,69300
2007-02-02,2.9400,3.2000,2.9100,3.2000,156600
2007-01-26,2.9200,3.0500,2.8100,3.0100,124200
2007-01-19,2.8000,2.8900,2.6500,2.8800,200700
2007-01-12,2.3700,2.9800,2.3600,2.8000,299250
2007-01-05,1.9400,2.6000,1.9300,2.3400,379800
2006-12-29,2.0000,2.0600,1.8000,1.9000,416250
2006-12-22,2.1800,2.1800,1.9000,2.0400,198450
2006-12-15,2.2600,2.3500,2.1500,2.1700,117000
2006-12-08,2.2500,2.2800,2.1700,2.2600,99900
2006-12-01,2.2900,2.3100,2.2500,2.2600,97200
2006-11-24,2.3300,2.3600,2.1600,2.2700,93150
2006-11-17,2.5900,2.6100,2.3100,2.3800,89550
2006-11-10,2.7000,2.9300,2.5600,2.6300,97650
2006-11-03,2.7400,2.7700,2.5200,2.7200,98100
2006-10-27,2.6000,2.8000,2.5000,2.7500,131850
2006-10-20,2.1300,2.7300,2.1300,2.6600,151650
2006-10-13,2.3800,2.3800,2.1500,2.1500,76050
2006-10-06,2.4500,2.5400,2.2500,2.2500,59850
2006-09-29,2.3600,2.6000,2.3400,2.5000,106650
2006-09-22,2.4000,2.5600,2.4000,2.4000,50850
2006-09-15,2.4200,2.6000,2.4000,2.5200,57150
2006-09-08,2.7600,2.7700,2.0100,2.4200,231300
2006-09-01,3.0500,3.2000,2.6000,2.8000,158850
2006-08-25,3.0000,3.3500,2.8100,3.1100,133200
2006-08-18,2.6700,4.0500,2.6500,3.1600,404550
2006-08-11,2.0500,2.6500,2.0500,2.6000,126450
2006-08-04,1.9900,2.1000,1.9900,2.0500,55800
2006-07-28,2.2000,2.2300,2.0000,2.0800,72900
2006-07-21,2.3000,2.3300,2.1900,2.2200,44100
2006-07-14,2.3500,2.3500,2.1000,2.2500,59400
2006-07-07,2.5000,3.0000,2.3000,2.4000,71550
2006-06-30,2.2000,2.5000,2.0800,2.5000,104400
2006-06-23,2.4500,2.4500,1.5000,2.2000,326700
2006-06-16,3.3400,3.3400,2.5100,2.5200,105300
2006-06-09,3.5500,3.5900,3.2500,3.3000,55800
2006-06-02,3.6000,3.6900,3.5500,3.5500,31500
2006-05-26,3.8000,3.8300,3.5500,3.6000,49050
2006-05-19,3.7000,3.8600,3.5000,3.8300,64800
2006-05-12,3.9600,4.2000,3.6500,3.7000,153450
2006-05-05,4.4000,4.5500,3.9000,4.1800,194400
2006-04-28,4.8500,4.8500,4.2500,4.4000,109800
2006-04-21,4.8000,4.9900,4.7000,4.9500,55350
2006-04-13,5.7500,5.7900,4.6800,4.8800,181350
2006-04-07,5.2600,5.9000,5.2600,5.8300,279900
2006-03-31,4.4500,5.4000,4.4100,5.3400,248850
2006-03-24,4.1500,4.6000,4.1500,4.5300,135450
2006-03-17,3.9500,4.2000,3.9100,4.1400,152100
2006-03-10,3.9600,4.2500,3.8000,4.0100,163350
2006-03-03,0.2700,4.6500,0.2600,3.9600,2620800
2006-02-24,0.2700,0.2900,0.2600,0.2700,648000
2006-02-17,0.2600,0.2800,0.2600,0.2600,634500
2006-02-10,0.2800,0.2800,0.2600,0.2700,823500
2006-02-03,0.2800,0.3000,0.2600,0.2800,1505250
2006-01-27,0.3000,0.3000,0.2700,0.2800,789750
2006-01-20,0.3100,0.3300,0.2900,0.3000,1032750
2006-01-13,0.2700,0.3300,0.2700,0.3100,1802250
2006-01-06,0.2700,0.2900,0.2600,0.2800,749250
2005-12-30,0.2900,0.2900,0.2600,0.2700,2733750
2005-12-23,0.2900,0.3000,0.2700,0.2900,1707750
2005-12-16,0.3000,0.3100,0.2900,0.2900,1147500
2005-12-09,0.3200,0.3200,0.2900,0.3100,1005750
2005-12-02,0.3300,0.3600,0.3100,0.3200,1768500
2005-11-25,0.2800,0.3400,0.2700,0.3200,1215000
2005-11-18,0.3100,0.3300,0.2700,0.2800,2794500
2005-11-11,0.3000,0.3400,0.2800,0.3100,1397250
2005-11-04,0.3100,0.3200,0.2900,0.3000,1242000
2005-10-28,0.3000,0.3200,0.2900,0.3200,870750
2005-10-21,0.3400,0.3400,0.3000,0.3000,1289250
2005-10-14,0.3600,0.3700,0.3300,0.3300,614250
2005-10-07,0.3600,0.3800,0.3400,0.3700,1039500
2005-09-30,0.3800,0.3900,0.3500,0.3600,675000
2005-09-23,0.4000,0.4100,0.3700,0.3800,1228500
2005-09-16,0.3800,0.4100,0.3800,0.4100,1343250
2005-09-09,0.4000,0.4000,0.3700,0.3900,1242000
2005-09-02,0.3800,0.4400,0.3700,0.3900,2065500
2005-08-26,0.4000,0.4100,0.3800,0.3900,864000
2005-08-19,0.4000,0.4100,0.3700,0.4100,1309500
2005-08-12,0.4000,0.5000,0.3800,0.4000,3874500
2005-08-05,0.3800,0.4000,0.3800,0.3900,702000
2005-07-29,0.4000,0.4100,0.3600,0.3800,1525500
2005-07-22,0.3600,0.4100,0.3400,0.3900,1127250
2005-07-15,0.3700,0.3800,0.3400,0.3600,783000
2005-07-08,0.3300,0.3800,0.3300,0.3700,492750
2005-07-01,0.3800,0.3800,0.3100,0.3300,1640250
2005-06-24,0.3900,0.4100,0.3600,0.3900,1188000
2005-06-17,0.4000,0.4100,0.3800,0.4000,938250
2005-06-10,0.4600,0.4700,0.3800,0.4000,1633500
2005-06-03,0.4200,0.5000,0.4100,0.4600,2713500
2005-05-27,0.3900,0.4300,0.3600,0.4200,1910250
2005-05-20,0.3300,0.4000,0.3000,0.3800,2180250
2005-05-13,0.2900,0.4000,0.2800,0.3300,2551500
2005-05-06,0.2700,0.2900,0.2700,0.2800,870750
2005-04-29,0.2800,0.2900,0.2500,0.2700,1336500
2005-04-22,0.3000,0.3300,0.2700,0.2900,1390500
2005-04-15,0.3400,0.3400,0.2900,0.3100,1896750
2005-04-08,0.3200,0.3400,0.2000,0.3300,4556250
2005-04-01,0.3700,0.3700,0.3000,0.3200,1302750
2005-03-24,0.3500,0.3900,0.3300,0.3700,951750
2005-03-18,0.3800,0.3900,0.3100,0.3400,2146500
2005-03-11,0.4200,0.4300,0.3300,0.3800,4137750
2005-03-04,0.4600,0.4800,0.4200,0.4300,1505250
2005-02-25,0.4800,0.4900,0.4400,0.4600,1242000
2005-02-18,0.4600,0.5100,0.4500,0.4700,2045250
2005-02-11,0.4800,0.4900,0.4500,0.4700,1269000
2005-02-04,0.5000,0.5200,0.4800,0.4900,1019250
2005-01-28,0.5300,0.5700,0.4500,0.5000,1977750
2005-01-21,0.5400,0.5700,0.4500,0.5300,2612250
2005-01-14,0.5800,0.5800,0.5100,0.5400,1660500
2005-01-07,0.5800,0.6200,0.5000,0.5700,3422250
2004-12-31,0.5900,0.6800,0.5500,0.5700,4961250
2004-12-23,0.4200,0.7000,0.4100,0.5700,8552250
2004-12-17,0.4300,0.4400,0.4000,0.4300,2666250
2004-12-10,0.4500,0.4500,0.4200,0.4400,1653750
2004-12-03,0.4500,0.4600,0.4200,0.4400,1518750
2004-11-26,0.4600,0.4900,0.4300,0.4500,1194750
2004-11-19,0.5000,0.5000,0.4400,0.4600,1741500
2004-11-12,0.4900,0.5300,0.4200,0.5000,1761750
2004-11-05,0.4900,0.5500,0.4700,0.4900,1228500
2004-10-29,0.4800,0.5000,0.4600,0.4900,1046250
2004-10-22,0.5400,0.5400,0.4700,0.4900,1181250
2004-10-15,0.5300,0.5300,0.4400,0.5200,2153250
2004-10-08,0.5100,0.5800,0.5000,0.5300,1694250
2004-10-01,0.5000,0.5200,0.4900,0.5100,864000
2004-09-24,0.5200,0.5300,0.4700,0.4900,1228500
2004-09-17,0.6000,0.6100,0.5000,0.5200,1728000
2004-09-10,0.6100,0.6200,0.5800,0.6000,499500
2004-09-03,0.6500,0.7500,0.5900,0.6100,1842750
2004-08-27,0.6100,0.6700,0.6100,0.6500,897750
2004-08-20,0.5400,0.6300,0.5300,0.6000,992250
2004-08-13,0.5800,0.6200,0.5400,0.5500,992250
2004-08-06,0.6500,0.8000,0.5700,0.6100,1944000
2004-07-30,0.4900,0.6500,0.4500,0.6400,1674000
2004-07-23,0.5200,0.5500,0.4800,0.5000,1788750
2004-07-16,0.6100,0.6300,0.5100,0.5300,1930500
2004-07-09,0.6400,0.6700,0.6100,0.6200,1073250
2004-07-02,0.6700,0.6900,0.6100,0.6500,1525500
2004-06-25,0.7100,0.7300,0.6500,0.6700,1485000
2004-06-18,0.6900,0.7900,0.6800,0.7400,1748250
2004-06-10,0.7900,0.8100,0.6500,0.6800,1586250
2004-06-04,0.6600,0.8400,0.6300,0.7800,3111750
2004-05-28,0.7800,0.8500,0.4200,0.6400,9625500
2004-05-21,0.9900,0.9900,0.7400,0.7800,5352750
2004-05-14,1.0400,1.0800,0.9700,0.9800,2092500
2004-05-07,1.0400,1.1900,0.9500,1.0700,3219750
2004-04-30,1.1600,1.1900,1.0100,1.0400,2571750
2004-04-23,1.1700,1.3300,1.1200,1.1600,4158000
2004-04-16,1.1600,1.2000,1.0900,1.1500,3705750
2004-04-08,1.2000,1.2200,1.1400,1.1600,2254500
2004-04-02,1.1300,1.2900,1.1000,1.2000,3152250
2004-03-26,1.2100,1.2500,1.1100,1.1600,2119500
2004-03-19,1.3000,1.3400,1.2000,1.2200,1910250
2004-03-12,1.2900,1.3600,1.1100,1.3000,7647750
2004-03-05,1.6000,1.6300,1.2900,1.3100,6216750
2004-02-27,1.7000,1.7000,1.2500,1.5700,11016000
2004-02-20,1.8500,2.1000,1.5200,1.6800,15248250
2004-02-13,1.5600,1.8000,1.5600,1.8000,3017250
2004-02-06,1.6600,1.7700,1.5600,1.6200,4293000
2004-01-30,1.4800,1.7000,1.4500,1.6400,5514750
2004-01-23,1.6000,1.6000,1.3800,1.4700,3064500
2004-01-16,1.4500,1.6500,1.4100,1.5600,5771250
2004-01-09,1.3000,1.6200,1.3000,1.4000,7668000
2004-01-02,1.2200,1.4500,1.2000,1.2700,6885000
2003-12-26,1.0900,1.2200,1.0800,1.2000,1964250
2003-12-19,1.1500,1.1500,1.0100,1.0900,2214000
2003-12-12,1.1500,1.3000,1.0700,1.1300,3462750
2003-12-05,1.2300,1.2500,1.1100,1.1600,2970000
2003-11-28,0.9900,1.2000,0.9300,1.1900,2517750
2003-11-21,1.0000,1.0100,0.9300,0.9700,2139750
2003-11-14,1.0300,1.1000,0.9700,1.0000,2362500
2003-11-07,0.9500,1.0300,0.9500,1.0300,1498500
2003-10-31,1.0500,1.0800,0.8600,0.9500,3071250
2003-10-24,1.0800,1.0900,1.0300,1.0500,2470500
2003-10-17,1.0900,1.1000,1.0500,1.0800,1863000
2003-10-10,1.0700,1.2200,1.0400,1.0700,1991250
2003-10-03,1.1200,1.1500,1.0500,1.0500,1701000
2003-09-26,1.1100,1.2000,1.0700,1.1400,3456000
2003-09-19,1.0600,1.2400,1.0500,1.1000,7263000
2003-09-12,1.0500,1.1400,1.0300,1.0600,2855250
2003-09-05,1.1100,1.1500,1.0500,1.0500,1883250
2003-08-29,1.0600,1.1100,1.0500,1.1000,1680750
2003-08-22,1.0400,1.1700,1.0400,1.0800,2882250
2003-08-15,1.2200,1.2300,1.0300,1.0500,2119500
2003-08-08,1.1800,1.2900,1.0700,1.2100,7101000
2003-08-01,1.0500,1.2200,0.9800,1.1700,8525250
2003-07-25,0.9300,1.0900,0.8600,1.0500,5501250
2003-07-18,0.8400,0.9900,0.8400,0.9000,4731750
2003-07-11,1.0300,1.0900,0.8400,0.8500,5818500
2003-07-03,1.1700,1.1700,0.9900,1.0300,2099250
2003-06-27,1.2800,1.2900,0.9700,1.1100,8781750
2003-06-20,1.1500,1.8000,1.1200,1.2900,20526750
2003-06-13,0.9500,1.1900,0.7800,1.1100,16517250
2003-06-06,0.7300,0.7900,0.6600,0.7900,2328750
2003-05-30,0.6300,0.7500,0.5900,0.7000,2403000
2003-05-23,0.5800,0.6500,0.5200,0.6300,1599750
2003-05-16,0.4900,0.5800,0.4800,0.5800,810000
2003-05-09,0.4200,0.6000,0.4100,0.4900,1539000
2003-05-02,0.4100,0.4300,0.4000,0.4100,310500
2003-04-25,0.4100,0.4400,0.3900,0.4100,594000
2003-04-17,0.4100,0.4400,0.4000,0.4000,459000
2003-04-11,0.4200,0.4500,0.4100,0.4300,310500
2003-04-04,0.4100,0.4500,0.4100,0.4200,553500
2003-03-28,0.4500,0.4600,0.4100,0.4100,681750
2003-03-21,0.4200,0.4600,0.4000,0.4300,506250
2003-03-14,0.4000,0.4600,0.3900,0.4000,553500
2003-03-07,0.4200,0.4300,0.3900,0.4000,216000
2003-02-28,0.4400,0.4400,0.4000,0.4200,229500
2003-02-21,0.4200,0.4600,0.4100,0.4200,330750
2003-02-14,0.4600,0.4600,0.3900,0.4100,695250
2003-02-07,0.4800,0.5200,0.4400,0.4500,486000
2003-01-31,0.5400,0.5800,0.4100,0.4800,1417500
2003-01-24,0.7200,0.7600,0.5400,0.5600,2902500
2003-01-17,0.6300,0.6400,0.5600,0.6000,978750
2003-01-10,0.4400,0.7000,0.4400,0.6200,1478250
2003-01-03,0.4500,0.5100,0.3800,0.4600,1559250
2002-12-27,0.3900,0.4400,0.3900,0.4300,317250
2002-12-20,0.3900,0.4100,0.3800,0.3900,1127250
2002-12-13,0.4000,0.4100,0.3800,0.3900,364500
2002-12-06,0.3900,0.4200,0.3800,0.4000,486000
2002-11-29,0.4000,0.4200,0.3900,0.3900,371250
2002-11-22,0.4000,0.4200,0.3800,0.4000,459000
2002-11-15,0.4200,0.4400,0.3900,0.4100,513000
2002-11-08,0.4300,0.4600,0.4000,0.4100,607500
2002-11-01,0.4000,0.4500,0.3900,0.4300,344250
2002-10-25,0.4000,0.4400,0.3800,0.4000,303750
2002-10-18,0.3800,0.4300,0.3800,0.4000,303750
2002-10-11,0.4000,0.4100,0.3600,0.3900,492750
2002-10-04,0.3900,0.4300,0.3600,0.4000,715500
2002-09-27,0.4400,0.4400,0.3800,0.3900,290250
2002-09-20,0.3900,0.4400,0.3700,0.4000,580500
2002-09-13,0.4600,0.4600,0.3700,0.3700,330750
2002-09-06,0.4500,0.4600,0.4000,0.4300,162000
2002-08-30,0.4500,0.4800,0.4200,0.4600,216000
2002-08-23,0.4000,0.4700,0.3900,0.4500,459000
2002-08-16,0.3700,0.4200,0.3600,0.3800,189000
2002-08-09,0.3800,0.4100,0.3400,0.3800,283500
2002-08-02,0.4300,0.4500,0.3400,0.3600,1066500
2002-07-26,0.4800,0.4900,0.3500,0.4500,371250
2002-07-19,0.4900,0.4900,0.4400,0.4500,249750
2002-07-12,0.5100,0.5100,0.4500,0.4900,249750
2002-07-05,0.5100,0.5300,0.4500,0.4700,162000
2002-06-28,0.5000,0.5500,0.4700,0.5100,438750
2002-06-21,0.4900,0.5100,0.4700,0.5000,195750
2002-06-14,0.4900,0.5000,0.4000,0.4900,472500
2002-06-07,0.5100,0.5100,0.4900,0.4900,276750
2002-05-31,0.5100,0.5100,0.4700,0.4900,411750
2002-05-24,0.5500,0.5800,0.5000,0.5100,573750
2002-05-17,0.5000,0.5400,0.4700,0.5400,276750
2002-05-10,0.5200,0.5400,0.4900,0.5000,378000
2002-05-03,0.5900,0.5900,0.5100,0.5100,324000
2002-04-26,0.6100,0.6200,0.5000,0.5600,783000
2002-04-19,0.6400,0.6600,0.6100,0.6100,668250
2002-04-12,0.6600,0.6800,0.6100,0.6400,850500
2002-04-05,0.7500,0.8000,0.6200,0.6300,1633500
2002-03-28,0.6300,0.7500,0.6000,0.7300,870750
2002-03-22,0.6300,0.6800,0.6100,0.6300,965250
2002-03-15,0.6400,0.6600,0.6000,0.6300,317250
2002-03-08,0.6300,0.6700,0.6100,0.6400,465750
2002-03-01,0.6000,0.6600,0.5900,0.6200,465750
2002-02-22,0.6900,0.6900,0.6000,0.6000,357750
2002-02-15,0.7000,0.7000,0.6500,0.6700,661500
2002-02-08,0.6600,0.6900,0.6100,0.6500,695250
2002-02-01,0.7900,0.7900,0.5900,0.6700,1323000
2002-01-25,0.8100,0.8500,0.7200,0.8000,1093500
2002-01-18,0.7600,0.9800,0.6500,0.9800,1005750
2002-01-11,0.7200,0.7800,0.6600,0.7500,958500
2002-01-04,0.6400,0.7500,0.6200,0.7300,1822500
2001-12-28,0.5800,0.6300,0.5400,0.6100,546750
2001-12-21,0.5500,0.6100,0.5500,0.5900,1174500
2001-12-14,0.5900,0.6000,0.5000,0.5600,1080000
2001-12-07,0.5000,0.5600,0.4700,0.5600,796500
2001-11-30,0.5500,0.5900,0.4500,0.4900,1302750
2001-11-23,0.5800,0.5900,0.5200,0.5300,600750
2001-11-16,0.6300,0.6300,0.5600,0.5800,371250
2001-11-09,0.5700,0.6300,0.5600,0.5900,290250
2001-11-02,0.6300,0.6700,0.5600,0.5900,540000
2001-10-26,0.4000,0.6500,0.4000,0.6200,742500
2001-10-19,0.5000,0.5000,0.4000,0.4100,472500
2001-10-12,0.5200,0.5400,0.4600,0.4800,600750
2001-10-05,0.5900,0.6000,0.4800,0.5100,540000
2001-09-28,0.5700,0.6300,0.4900,0.5100,492750
2001-09-21,0.6200,0.7000,0.4500,0.5200,614250
2001-09-10,0.6100,0.6500,0.6100,0.6200,67500
2001-09-07,0.7000,0.7100,0.6200,0.6400,398250
2001-08-31,0.6600,0.9000,0.6500,0.6900,897750
2001-08-24,0.6200,0.6900,0.6000,0.6900,546750
2001-08-17,0.6400,0.6600,0.6000,0.6200,351000
2001-08-10,0.6900,0.7000,0.6000,0.6300,351000
2001-08-03,0.6700,0.7200,0.6200,0.6500,486000
2001-07-27,0.6900,0.7200,0.6500,0.6700,216000
2001-07-20,0.6700,0.8200,0.6500,0.7000,506250
2001-07-13,0.7200,0.7600,0.6500,0.6700,438750
2001-07-06,0.7500,0.8500,0.6600,0.6800,688500
2001-06-29,0.8800,0.9100,0.6000,0.6000,783000
2001-06-22,0.9400,0.9400,0.8500,0.8700,526500
2001-06-15,0.9500,0.9600,0.9000,0.9300,465750
2001-06-08,0.9400,1.0100,0.9200,0.9500,573750
2001-06-01,0.9500,0.9700,0.9000,0.9500,324000
2001-05-25,1.0100,1.0300,0.9300,0.9700,769500
2001-05-18,0.9900,1.0300,0.8700,0.9400,762750
2001-05-11,0.9000,1.1000,0.9000,0.9800,931500
2001-05-04,1.0100,1.0200,0.8600,0.9200,816750
2001-04-27,1.0300,1.0400,0.8800,1.0000,1248750
2001-04-20,1.1100,1.1100,1.0100,1.0100,742500
2001-04-12,1.0900,1.1100,1.0200,1.0800,432000
2001-04-06,1.2500,1.2500,1.0300,1.0500,776250
2001-03-30,1.0700,1.4000,1.0300,1.2800,870750
2001-03-23,1.0800,1.1100,0.9500,1.0300,897750
2001-03-16,1.1100,1.2000,1.0000,1.0600,1471500
2001-03-09,1.3000,1.4900,1.1000,1.1700,1404000
2001-03-02,1.6000,1.7200,1.2600,1.4500,1316250
2001-02-23,1.4000,1.5200,1.3500,1.4000,850500
2001-02-16,1.9000,2.2000,1.3600,1.3900,1532250
2001-02-09,1.6000,2.5000,1.6000,1.8300,1336500
2001-02-02,2.5100,2.6300,1.5600,1.6900,1930500
2001-01-26,1.1200,3.7500,1.1200,2.5000,3746250
2001-01-19,1.1900,1.3100,1.0600,1.0600,594000
2001-01-12,1.1200,1.1900,0.9400,1.1900,560250
2001-01-05,1.0600,1.2500,1.0600,1.1200,641250
2000-12-29,1.0600,1.1900,1.0000,1.0000,877500
2000-12-22,1.3800,1.3800,0.7500,1.0000,1093500
2000-12-15,1.6900,2.0000,1.3100,1.3100,621000
2000-12-08,1.3100,1.6900,1.2500,1.6900,675000
2000-12-01,1.3800,1.7500,1.2500,1.3800,553500
2000-11-24,1.3800,1.6300,1.3800,1.4400,222750
2000-11-17,1.7500,1.8800,1.3100,1.4400,540000
2000-11-10,1.9400,2.0000,1.7500,1.7500,398250
2000-11-03,2.0600,2.0600,1.8100,1.9400,310500
2000-10-27,2.0000,2.0600,1.8100,2.0600,351000
2000-10-20,1.8800,2.1900,1.8100,2.1300,438750
2000-10-13,2.4400,2.4400,1.5000,1.9400,499500
2000-10-06,2.5600,2.6200,2.2500,2.3100,580500
2000-09-29,2.5600,2.9400,2.4400,2.4400,486000
2000-09-22,2.8800,2.8800,2.4400,2.5000,330750
2000-09-15,2.9400,3.0000,2.6900,2.8800,344250
2000-09-08,2.9400,3.0600,2.7500,2.9400,290250
2000-09-01,2.8100,3.0600,2.6200,2.9400,364500
2000-08-25,2.6200,2.9400,2.5000,2.9400,371250
2000-08-18,2.7500,3.3800,2.5000,2.5600,445500
2000-08-11,2.5000,2.8100,1.8800,2.6900,931500
2000-08-04,3.1300,3.1300,2.1300,2.5000,654750
2000-07-28,3.6300,3.6900,3.0000,3.0600,648000
2000-07-21,3.6300,3.7500,3.3800,3.3800,310500
2000-07-14,3.8700,3.8700,3.3800,3.6900,411750
2000-07-07,3.0000,3.8100,3.0000,3.7500,654750
2000-06-30,3.6300,3.8700,2.8800,2.8800,2045250
2000-06-23,3.6900,3.7500,3.1300,3.5000,668250
2000-06-16,3.6300,3.8700,3.5600,3.7500,486000
2000-06-09,3.6900,4.0000,3.6300,3.8700,553500
2000-06-02,3.2500,4.5000,2.9700,3.8700,904500
2000-05-26,4.0000,4.0900,3.2200,3.2500,742500
2000-05-19,4.0000,4.2500,3.7500,3.8100,438750
2000-05-12,4.3100,4.4400,3.7500,3.9700,654750
2000-05-05,3.9700,5.1900,3.8700,4.3100,391500
2000-04-28,4.2500,5.1900,3.8700,3.9700,1856250
2000-04-20,3.8400,4.2500,3.1900,4.0900,1093500
2000-04-14,5.3800,5.5000,3.8700,3.8700,1363500
2000-04-07,5.1200,6.0000,4.3800,5.4400,1302750
2000-03-31,6.2500,6.5000,5.0300,5.1200,1296000
2000-03-24,6.7200,7.5000,4.7500,6.0300,2443500
2000-03-17,7.6200,7.7500,6.4400,6.5600,1140750
2000-03-10,8.2500,8.3700,6.4100,7.5600,3314250
2000-03-03,7.0000,10.2500,6.4400,8.3700,6142500
2000-02-25,6.0000,10.1300,5.8800,6.8400,6925500
2000-02-18,3.0000,6.0000,2.9400,5.9400,7080750
2000-02-11,2.7500,3.0000,2.5000,3.0000,1626750
2000-02-04,2.7500,3.0300,2.5900,2.6200,1458000
2000-01-28,2.9100,2.9400,2.5900,2.6900,864000
2000-01-21,2.3800,3.0000,2.3400,2.8800,951750
2000-01-14,2.7500,2.9400,1.6900,2.3100,1822500
