timestamp,open,high,low,close,volume
2018-02-27,57.0800,61.8300,54.2000,59.1500,4488266
2018-02-23,54.0000,60.2455,53.4400,56.8400,7488132
2018-02-16,51.3100,56.3600,51.0000,54.1500,4382240
2018-02-09,56.9600,58.3000,46.7800,50.9200,6447636
2018-02-02,61.7500,63.2499,56.3800,56.8200,5326226
2018-01-26,58.0000,65.9700,57.3400,61.7500,8173906
2018-01-19,59.1600,60.0400,53.9100,56.7600,7794214
2018-01-12,66.0200,66.0600,57.7000,59.0100,6648063
2018-01-05,68.6000,68.9150,64.8200,66.4900,3537947
2017-12-29,66.1500,69.0200,63.5500,68.0000,3817582
2017-12-22,64.6600,68.2900,60.8000,65.9000,5486081
2017-12-15,62.5000,65.4000,61.8300,64.1300,6075507
2017-12-08,61.8800,62.9700,57.3300,62.1500,5278663
2017-12-01,61.1600,63.2100,57.6000,61.3300,6993425
2017-11-24,63.2500,65.3300,59.8500,60.9400,3556779
2017-11-17,66.4000,67.1600,62.6800,63.2100,5563379
2017-11-10,73.2600,74.6000,64.5000,66.9500,7000716
2017-11-03,76.5500,78.4300,66.6000,73.5900,6258400
2017-10-27,78.4400,79.6000,73.2300,76.9900,6574353
2017-10-20,84.5200,85.9300,75.8200,77.5000,5901977
2017-10-13,84.2300,86.2600,81.5700,84.2700,5215328
2017-10-06,82.1800,85.5600,78.3700,84.3900,5943404
2017-09-29,78.1200,83.9300,71.9900,82.4000,8253967
2017-09-22,69.6700,78.9000,69.2000,78.5600,12036056
2017-09-15,68.4000,72.7600,64.6100,69.4600,8856389
2017-09-08,77.8700,78.4200,67.0400,67.1700,6364509
2017-09-01,74.0900,79.1000,70.1500,78.2600,7243379
2017-08-25,71.9300,75.2800,70.4100,73.1600,4288303
2017-08-18,71.8400,74.7400,66.9700,71.9600,8024818
2017-08-11,78.6800,79.9800,68.2800,70.9900,7811225
2017-08-04,90.9000,92.7500,75.8700,78.5000,12767604
2017-07-28,86.9800,99.4500,84.3100,98.0200,8032450
2017-07-21,91.5500,91.8800,83.2800,86.6400,7050270
2017-07-14,96.0000,96.8500,88.6500,91.5500,8203382
2017-07-07,93.9500,96.1700,91.4700,95.6500,3479565
2017-06-30,95.0100,95.3300,88.8100,93.6300,7985239
2017-06-23,87.8000,96.9200,84.0800,95.0000,31168698
2017-06-16,60.2500,64.0300,58.1900,59.9700,8366668
2017-06-09,57.3600,60.8400,55.3600,60.4300,7053915
2017-06-02,52.1500,58.3300,49.8800,57.5900,6440870
2017-05-26,52.5600,55.9000,51.7300,52.1700,5189815
2017-05-19,47.3300,55.9200,47.3300,52.2400,10087742
2017-05-12,50.2500,50.4300,45.4200,47.6000,7410934
2017-05-05,58.2900,59.0700,48.9000,50.3700,10885354
2017-04-28,55.1100,59.7000,54.4600,57.8900,5370275
2017-04-21,55.5500,57.6800,54.0500,54.3900,5610727
2017-04-13,55.4500,57.6800,53.1000,56.1700,5871147
2017-04-07,63.6500,64.3100,53.1900,55.4600,9709011
2017-03-31,69.3000,71.9700,61.4100,63.6700,10212443
2017-03-24,71.4500,71.8700,64.3400,70.3200,8872567
2017-03-17,62.8000,74.9400,59.1300,71.3200,18366056
2017-03-10,61.6700,62.4900,58.2600,62.4000,5705565
2017-03-03,57.6900,62.2900,57.5000,62.1700,7683546
2017-02-24,65.3800,65.5900,56.5600,57.9000,8474126
2017-02-17,63.5100,66.0600,60.8100,65.8000,7315288
2017-02-10,64.1600,66.5300,58.6100,63.1300,12154863
2017-02-03,62.2400,67.1600,60.0000,64.2900,10749573
2017-01-27,60.0000,64.6500,56.9000,62.5000,12500527
2017-01-20,54.0000,59.7400,52.9500,58.2900,9862531
2017-01-13,47.0000,57.9300,47.0000,55.4600,17939418
2017-01-06,43.7000,46.7800,39.8300,46.0300,15811317
2016-12-30,45.6500,45.6800,43.3800,44.4200,4827096
2016-12-23,36.9500,46.9700,36.4000,45.3500,23014497
2016-12-16,36.0300,38.1000,35.3800,37.2000,6749468
2016-12-09,36.5000,40.3000,35.6500,36.4600,7276382
2016-12-02,37.1500,37.1900,34.0400,36.0300,8367926
2016-11-25,35.7300,37.4700,33.2300,37.3800,3830406
2016-11-18,34.0700,36.8300,34.0200,35.7300,6939532
2016-11-11,27.7500,34.0700,26.5800,33.9800,11552271
2016-11-04,30.4100,30.4100,25.8100,27.1000,8933995
2016-10-28,34.0100,34.2100,29.0600,30.5800,10263712
2016-10-21,31.3200,34.9300,30.7300,34.2400,7857822
2016-10-14,28.0100,33.9272,27.8400,31.8100,16343010
2016-10-07,36.2000,38.4600,25.5000,29.4100,31572136
2016-09-30,36.8800,38.1399,33.8800,36.0500,13190473
2016-09-23,32.6000,40.2900,30.5700,37.1400,39287589
2016-09-16,27.8300,32.6300,27.2500,32.4500,18103801
2016-09-09,23.5000,29.7500,23.2800,27.6500,19336235
2016-09-02,23.2700,26.2400,22.7300,23.4000,11336747
2016-08-26,18.0000,24.9695,16.6100,23.1500,40918390
2016-08-19,16.9400,17.7900,16.5800,17.2500,4251228
2016-08-12,17.4900,17.7500,15.2100,16.8700,5147150
2016-08-05,14.4000,17.7990,13.9800,17.4100,6279177
2016-07-29,14.2300,14.6900,13.4300,14.2800,2620308
2016-07-22,14.3900,15.1200,13.9700,14.1900,2879010
2016-07-15,14.8700,15.1150,13.5200,14.3900,2828423
2016-07-08,14.4500,15.3499,14.0900,14.7300,4289982
2016-07-01,12.9000,15.3600,11.5700,14.6900,12673322
2016-06-24,13.6800,14.2599,12.7500,13.0100,3614554
2016-06-17,14.0000,14.4000,13.0800,13.4600,3820470
2016-06-10,16.4200,17.3800,14.0500,14.1100,4531017
2016-06-03,16.8000,17.4800,16.2600,16.3000,3942226
2016-05-27,14.3500,16.8000,14.3200,16.7000,6226322
2016-05-20,12.6600,14.6500,12.2100,14.5000,4548443
2016-05-13,13.1500,13.8799,11.5800,12.5000,3625852
2016-05-06,13.9800,14.6900,12.5700,13.1100,6214585
2016-04-29,15.0000,15.1450,13.6700,13.9100,4996028
2016-04-22,14.0000,15.0600,13.2600,14.9900,5594897
2016-04-15,15.9700,16.0500,12.2500,13.8400,20040638
2016-04-08,19.2200,20.9000,15.7500,15.7700,19281434
2016-04-01,19.2100,20.9900,17.7600,19.3700,5129177
2016-03-24,19.2700,21.1900,17.8700,19.0300,2763614
2016-03-18,19.5500,20.6094,17.7500,19.4400,3997535
2016-03-11,21.5200,22.8600,18.5200,19.6800,3803651
2016-03-04,19.8100,22.8500,18.2700,21.5800,6061160
2016-02-26,18.1400,19.9500,16.7800,19.7000,5350654
2016-02-19,19.4100,20.4500,17.1700,17.9200,4013153
2016-02-12,19.3400,20.8000,17.7600,18.9700,4290873
2016-02-05,20.9700,22.0500,18.6400,19.8700,4384912
2016-01-29,22.3000,24.1800,19.8700,20.9200,5287315
2016-01-22,22.9000,23.4600,19.8000,22.5500,5591966
2016-01-15,29.3700,29.7555,21.7750,22.5200,7942563
2016-01-08,34.2400,34.7500,29.0300,29.1700,5404819
2015-12-31,33.9900,36.4200,32.5800,35.0000,4171613
2015-12-24,32.8400,34.1900,32.1000,34.1400,2747441
2015-12-18,31.8500,35.8800,30.9100,32.8000,11308544
2015-12-11,33.5600,33.7800,31.0600,31.9500,5603526
2015-12-04,32.0000,35.7600,29.6200,33.9400,13892417
2015-11-27,26.4100,32.5000,24.5000,32.2200,18027139
2015-11-20,29.2700,35.9300,25.9100,26.4100,51169604
2015-11-13,98.8900,108.4900,96.2700,99.4300,3583137
2015-11-06,100.8100,109.1800,95.3201,99.2200,4416389
2015-10-30,96.2400,104.8000,94.0100,99.9100,2919270
2015-10-23,97.0900,100.3200,87.7500,96.5200,3267834
2015-10-16,93.8600,103.4299,89.0000,97.0300,3581407
2015-10-09,95.6200,96.4650,85.0000,93.6000,4256450
2015-10-02,93.2400,96.5300,87.5001,94.8500,4853512
2015-09-25,115.8500,115.8500,91.6400,93.3500,5137343
2015-09-18,104.1000,116.7500,101.4950,114.3900,4716715
2015-09-11,85.6000,105.5700,81.9200,104.1000,7046278
2015-09-04,79.2700,85.6899,75.1310,83.8300,2796755
2015-08-28,66.8400,80.7600,65.0000,80.5400,4533258
2015-08-21,77.5200,81.3900,69.6386,72.6800,2645494
2015-08-14,81.6800,82.4800,74.3400,77.0700,2136971
2015-08-07,84.5300,87.9200,78.0200,80.5400,2885587
2015-07-31,81.8600,87.0000,81.0200,84.4300,2746617
2015-07-24,91.7200,91.8199,82.2100,82.6100,2795295
2015-07-17,80.4300,92.5500,80.2450,87.0600,4035236
2015-07-10,82.1600,86.4000,77.0000,80.0200,5183911
2015-07-02,84.8700,89.6200,82.2200,82.9400,1935583
2015-06-26,92.7500,93.4000,84.0000,86.0200,2482208
2015-06-19,83.5000,93.3700,82.0200,93.1900,2482617
2015-06-12,84.8100,87.7440,82.6500,83.3200,2289275
2015-06-05,85.8000,91.2500,82.0200,85.9800,5953808
2015-05-29,90.5200,93.8100,89.5000,92.4400,2882192
2015-05-22,92.9800,95.8900,89.0200,90.7600,2779751
2015-05-15,82.7800,102.2800,82.3400,92.7400,7734575
2015-05-08,81.8400,85.9100,75.8900,82.8700,3668848
2015-05-01,92.1900,92.1900,78.3100,82.0900,3427624
2015-04-24,87.0000,92.5997,83.2500,92.0300,3343892
2015-04-17,84.5000,94.8795,82.0300,86.1500,6775748
2015-04-10,69.1300,78.1605,68.4000,77.4000,3746627
2015-04-02,74.5200,75.8100,69.1300,69.5200,1549250
2015-03-27,78.0000,78.3300,69.1300,73.4450,2572074
2015-03-20,78.2400,83.4600,77.5400,78.2600,2846309
2015-03-13,79.1400,80.4900,75.3000,77.9800,1870166
2015-03-06,76.6500,80.3800,73.5800,79.1900,2776203
2015-02-27,73.9500,79.8000,71.5700,76.4600,2178794
2015-02-20,69.0000,75.6660,68.7129,73.8000,2137389
2015-02-13,66.2100,70.2800,65.0400,68.7900,1745375
2015-02-06,65.2800,68.7100,61.6200,66.4200,2089957
2015-01-30,64.2500,70.0200,63.2600,65.1900,1893170
2015-01-23,67.7500,71.1800,61.5100,64.7400,2789640
2015-01-16,59.4600,67.7700,55.9700,67.5600,5797419
2015-01-09,56.7100,59.6300,54.8800,59.0500,2256195
2015-01-02,56.5000,57.9700,55.0100,56.9800,1143805
2014-12-26,56.4500,57.4399,53.1500,56.2500,1257381
2014-12-19,55.6900,58.7100,51.5200,56.6400,3624869
2014-12-12,51.1000,55.5700,49.6101,55.1500,2576818
2014-12-05,47.4000,51.2600,45.5000,51.0500,2616405
2014-11-28,48.9800,49.3199,47.0700,47.5800,2392662
2014-11-21,54.6100,55.1900,47.5600,48.6000,6789606
2014-11-14,58.2500,61.4800,54.5500,54.8900,3501501
2014-11-07,59.5300,60.9650,54.5400,58.3100,3087466
2014-10-31,55.3100,62.2000,53.7290,59.6600,3904611
2014-10-24,48.0800,55.8500,48.0800,55.5800,4114438
2014-10-17,44.4500,49.3700,40.6600,48.5100,3940923
2014-10-10,48.7900,49.4599,44.4900,44.6700,3540967
2014-10-03,43.7000,49.2999,43.5300,48.8000,5925219
2014-09-26,44.0500,44.0500,39.4500,42.4900,4024440
2014-09-19,46.0000,46.4800,43.3900,44.5400,3368600
2014-09-12,43.2500,46.4899,42.8000,46.0800,4472900
2014-09-05,48.0900,49.5300,41.7700,43.3400,5746100
2014-08-29,43.8700,50.8700,43.7900,47.5600,3800200
2014-08-22,44.2300,44.4800,41.6600,43.8200,2201600
2014-08-15,40.9900,44.5600,40.0000,44.2200,3043700
2014-08-08,37.1700,42.0700,35.3300,40.8800,3246200
2014-08-01,37.6300,39.7500,35.7101,36.8000,2354700
2014-07-25,37.4000,37.7700,35.9150,37.6800,2768100
2014-07-18,38.9600,40.9800,35.8600,37.6300,4076900
2014-07-11,42.5000,42.7000,36.6200,38.6800,2941700
2014-07-03,42.2900,42.8900,41.0400,42.7700,2368200
2014-06-27,41.7500,43.1100,40.6500,42.5300,3048300
2014-06-20,45.1400,45.8425,40.8800,41.5700,3894900
2014-06-13,39.9200,45.9400,39.5800,45.2900,5235500
2014-06-06,48.1500,48.4100,36.1100,39.9200,14296200
2014-05-30,58.5900,58.7200,48.8201,51.2100,5514300
2014-05-23,55.5600,61.7000,54.4000,57.0000,3078300
2014-05-16,48.2500,60.5000,48.2400,55.9600,5096100
2014-05-09,52.7500,54.4400,46.4200,47.8300,3555900
2014-05-02,51.9500,55.9100,49.6200,53.3400,3182900
2014-04-25,54.7300,56.7950,50.2600,51.5000,2940900
2014-04-17,58.0300,58.2000,49.7700,54.8500,3279100
2014-04-11,64.3700,68.7000,56.1200,57.2800,3210400
2014-04-04,70.6100,72.4750,63.5000,64.6600,2834700
2014-03-28,79.1100,82.1899,68.5600,70.3300,6447100
2014-03-21,82.1700,87.2300,78.5800,79.9100,1698100
2014-03-14,84.0000,85.0500,79.5000,81.4000,1136200
2014-03-07,78.7800,93.3300,76.7900,83.8300,2690300
2014-02-28,75.3400,88.9900,75.1500,79.6200,4038200
2014-02-21,68.2300,76.3799,68.0100,75.0900,1922300
2014-02-14,65.7000,71.0100,65.5500,67.6300,1903000
2014-02-07,65.3300,67.8800,60.0500,65.6900,2175000
2014-01-31,69.4700,69.4900,63.3600,65.0300,3899100
2014-01-24,75.1600,75.3580,66.1100,68.3400,2736300
2014-01-17,79.2500,83.2700,72.0300,72.9000,6533300
2014-01-10,60.9900,74.7500,58.1800,73.9800,2858300
2014-01-03,58.5200,60.8000,58.2500,60.4800,1678000
2013-12-27,56.8200,59.0800,55.8857,58.7300,963300
2013-12-20,52.8500,56.9100,52.5200,56.3700,2510600
2013-12-13,55.1900,55.7000,50.4100,52.6700,1879600
2013-12-06,60.2600,63.4700,55.0400,55.2100,3611900
2013-11-29,58.8000,63.9880,57.1200,60.2890,943800
2013-11-22,51.1500,60.3900,43.8600,58.4200,2826800
2013-11-15,52.5800,53.0200,50.3000,51.2700,906200
2013-11-08,51.1600,53.3500,49.5900,52.8500,1261600
2013-11-01,63.6300,64.0000,49.8900,50.9900,3655900
2013-10-25,50.4100,59.4500,49.0600,56.9300,1771800
2013-10-18,49.8900,54.0000,48.2500,50.5800,1515800
2013-10-11,56.3100,57.0100,48.1000,50.2200,2386100
2013-10-04,58.2000,62.1800,54.3800,56.9900,2553400
2013-09-27,74.8200,74.8200,58.7400,60.5900,3400700
2013-09-20,67.5000,81.9400,65.8310,74.5580,5022900
2013-09-13,60.5900,68.1000,58.9100,66.8500,2002600
2013-09-06,65.5100,66.9700,59.0300,60.2600,1667000
2013-08-30,68.4400,70.0650,63.7100,64.5000,1766500
2013-08-23,66.8000,69.5300,66.5800,68.4400,533600
2013-08-16,73.1400,73.7800,66.0000,67.0500,472200
2013-08-09,76.1400,77.3670,71.0400,73.3500,478200
2013-08-02,74.1800,81.8100,71.7500,76.0900,1065700
2013-07-26,77.8200,80.7999,73.8100,75.7200,944500
2013-07-19,74.6700,80.5100,73.4101,78.5900,990500
2013-07-12,76.4100,77.0000,70.6300,74.7400,800100
2013-07-05,67.6000,75.4900,67.0300,75.4500,1146000
2013-06-28,62.0200,69.1800,61.5400,66.9800,1318000
2013-06-21,68.8200,70.0000,60.3300,65.0500,2302900
2013-06-14,72.0600,77.0000,66.2700,67.2300,3968700
2013-06-07,50.0000,86.2900,50.0000,71.8330,7335000
2013-05-31,35.1800,37.7800,34.0100,36.5800,535500
2013-05-24,36.9000,37.1900,32.3200,34.6000,733100
2013-05-17,36.6100,40.2700,35.0000,36.9100,1880000
2013-05-10,37.9210,38.3281,32.2201,36.5100,1370200
2013-05-03,37.5000,39.6300,36.6900,37.9100,649000
2013-04-26,32.1500,38.1300,31.3400,37.8400,690400
2013-04-19,30.7040,32.3100,29.1500,32.0000,581600
2013-04-12,29.0500,31.1800,28.5900,30.9300,493000
2013-04-05,28.5800,29.5300,27.1700,28.9100,438300
2013-03-28,28.1800,29.0000,27.7700,28.6700,199200
2013-03-22,27.7500,29.1500,27.0300,28.2300,379000
2013-03-15,26.3300,29.2999,26.3300,27.9000,607300
2013-03-08,21.8400,26.2200,21.8400,26.0500,1262900
2013-03-01,19.0500,21.9200,18.5500,21.8100,559000
2013-02-22,18.6400,19.9800,18.1500,18.7600,214400
2013-02-15,19.1800,19.5000,18.2800,18.6400,277600
2013-02-08,19.6900,20.2100,18.9100,19.1300,300500
2013-02-01,20.1400,20.2110,19.4000,19.7200,403000
2013-01-25,20.1400,21.2800,19.6615,19.9900,270800
2013-01-18,18.6300,20.1780,18.6100,20.0800,377900
2013-01-11,16.8700,19.0000,16.5000,18.7600,779400
2013-01-04,15.6000,17.2476,15.6000,16.8800,806300
2012-12-28,15.7900,16.0150,15.4000,15.6300,123500
2012-12-21,15.1600,16.4600,15.1600,15.8200,415800
2012-12-14,15.5200,16.0600,14.9500,15.0700,202100
2012-12-07,15.4800,16.1500,14.4000,15.5300,574000
2012-11-30,12.0100,16.2600,11.7800,15.3800,1186000
2012-11-23,11.8300,12.1900,11.6700,12.0300,295500
2012-11-16,12.5700,15.2500,11.1900,11.6500,4936500
2012-11-09,22.0300,23.3400,20.8600,21.4900,382600
2012-11-02,21.3000,22.5300,20.9100,22.1000,248900
2012-10-26,20.2900,21.4700,19.0500,21.3400,174200
2012-10-19,21.6700,22.2600,19.6400,20.2300,245800
2012-10-12,22.1800,22.7500,21.1717,21.6300,301900
2012-10-05,20.5500,22.5400,20.4900,22.3100,233800
2012-09-28,22.1600,22.1600,20.0100,20.4500,261500
2012-09-21,20.5700,22.4900,19.0000,22.3300,661700
2012-09-14,18.8500,21.4000,18.5200,20.5500,1175200
2012-09-07,17.5500,18.9000,17.2200,18.7600,497300
2012-08-31,18.6100,19.0000,17.0500,17.4900,320800
2012-08-24,18.2000,18.5800,17.6200,18.4200,205000
2012-08-17,15.2500,18.1800,15.0600,18.1100,208600
2012-08-10,14.4300,16.9500,13.7500,15.3000,245900
2012-08-03,18.0600,21.2600,13.2400,14.0800,369400
2012-07-27,19.2800,19.6500,17.3000,17.9700,208200
2012-07-20,21.6000,21.8700,19.6200,19.6400,111000
2012-07-13,21.5100,22.0200,21.0400,21.7400,168600
2012-07-06,22.0500,23.4200,21.0400,21.5000,169400
2012-06-29,21.2400,22.6800,20.2100,21.6800,221900
2012-06-22,19.7100,21.7400,19.6400,21.4000,700200
2012-06-15,18.7300,19.9700,18.4800,19.7500,334700
2012-06-08,17.1200,18.9900,17.0700,18.4500,322300
2012-06-01,18.7300,18.7400,16.9100,17.0400,795200
2012-05-25,18.5800,19.3400,18.4150,18.5500,461000
2012-05-18,19.0800,19.9300,18.3400,18.4900,366200
2012-05-11,18.0850,19.3700,17.7200,19.3100,518300
2012-05-04,18.2000,19.1400,17.6500,18.0000,631300
2012-04-27,17.4500,18.4900,17.4350,18.2400,353900
2012-04-20,18.7200,18.9000,17.0800,17.6400,378800
2012-04-13,18.9900,19.2400,17.8500,18.5500,432400
2012-04-05,25.1800,25.1800,18.7600,19.2400,3258300
2012-03-30,26.8600,26.8600,23.7000,25.4500,212600
2012-03-23,22.9000,27.5450,22.2300,26.5000,282500
2012-03-16,22.1100,23.0800,21.1700,23.0000,214600
2012-03-09,23.4900,24.9300,19.5000,22.0400,146200
2012-03-02,24.1700,25.3500,23.3700,23.5500,335100
2012-02-24,22.8900,24.7668,22.7400,24.4900,208400
2012-02-17,22.2300,24.2700,21.5000,23.4800,353400
2012-02-10,23.7800,27.2900,21.8700,21.9000,554500
2012-02-03,19.2400,24.0700,18.0700,23.8100,424200
2012-01-27,19.8000,19.8000,18.4100,19.6000,203000
2012-01-20,14.6700,20.0000,14.6100,19.9000,316600
2012-01-13,14.6100,14.9800,13.8600,14.5400,313900
2012-01-06,14.3700,14.9999,13.4100,14.5200,242700
2011-12-30,13.8700,14.4500,13.0000,14.0900,94600
2011-12-23,12.5500,14.8500,11.8000,14.0200,280500
2011-12-16,13.2600,13.2700,11.7800,12.4000,1623500
2011-12-09,12.9600,13.0500,11.4500,11.7800,57800
2011-12-02,14.0000,14.0000,12.2038,12.6700,223300
2011-11-25,12.5100,13.4200,12.4000,13.0100,249000
