timestamp,open,high,low,close,volume
2013-07-10,5.0000,5.0000,4.9900,4.9900,5354407
2013-07-05,4.9900,5.0100,4.9900,5.0000,27533251
2013-06-28,5.0600,5.1000,4.9800,4.9950,81404717
2013-06-21,4.6000,5.1400,4.4900,5.0800,137169346
2013-06-14,4.3700,4.6400,4.2700,4.6300,72153163
2013-06-07,4.3900,4.4550,4.1800,4.4000,42015702
2013-05-31,3.4200,4.5600,3.4000,4.4800,155562133
2013-05-24,3.2200,3.4800,3.1300,3.4200,156431901
2013-05-17,3.2200,3.2900,3.0800,3.2000,61454747
2013-05-10,3.3600,3.4200,3.2150,3.2500,61195211
2013-05-03,3.4300,3.4700,3.2500,3.3800,39495415
2013-04-26,3.2900,3.4900,3.2600,3.4400,60612908
2013-04-19,3.2100,3.3300,3.1500,3.2500,40911963
2013-04-12,3.3000,3.3100,3.1500,3.2600,20239179
2013-04-05,3.2400,3.3500,3.2250,3.3200,18321678
2013-03-28,3.2600,3.2700,3.2200,3.2400,9934632
2013-03-22,3.1800,3.2700,3.1750,3.2400,15299399
2013-03-15,3.1600,3.2500,3.1432,3.2100,29796763
2013-03-08,3.1500,3.1900,3.1200,3.1800,17610956
2013-03-01,3.1500,3.2600,3.1100,3.1800,24127415
2013-02-22,3.1600,3.1800,3.0900,3.1300,14548404
2013-02-15,3.1900,3.2800,3.1400,3.1600,17416922
2013-02-08,3.1600,3.2600,3.1300,3.2000,19163928
2013-02-01,3.2800,3.4150,3.1500,3.1900,97590497
2013-01-25,3.1700,3.3600,3.1400,3.2700,61527355
2013-01-18,3.1500,3.1900,3.1300,3.1700,33363776
2013-01-11,2.8900,3.1700,2.8800,3.1500,136191934
2013-01-04,2.8800,2.9100,2.8500,2.8800,86705202
2012-12-28,2.9000,2.9100,2.8700,2.8800,22300872
2012-12-21,2.9900,3.0000,2.8500,2.8750,313062637
2012-12-14,2.3900,3.4000,2.3800,3.3700,279420958
2012-12-07,2.3900,2.5800,2.3500,2.3900,57795002
2012-11-30,2.2200,2.4700,2.1900,2.3200,46227600
2012-11-23,2.2000,2.2500,2.1200,2.2100,23072356
2012-11-16,2.2200,2.3100,2.0500,2.1900,36941947
2012-11-09,2.1400,2.2500,2.1000,2.2100,52362741
2012-11-02,1.9000,2.2100,1.8800,2.1800,56252237
2012-10-26,1.8500,2.0200,1.7700,1.9000,88344854
2012-10-19,2.7400,2.9600,1.7700,1.8500,398689601
2012-10-12,1.3100,2.5200,1.2900,2.3200,299423837
2012-10-05,1.3900,1.4200,1.2100,1.3500,48111393
2012-09-28,1.5100,1.6100,1.3400,1.3400,60681192
2012-09-21,1.6500,1.6500,1.3600,1.5500,50836891
2012-09-14,1.6800,1.7400,1.6000,1.6200,26566672
2012-09-07,1.6000,1.6899,1.4500,1.6600,29424967
2012-08-31,1.7600,1.7700,1.5800,1.6000,35155337
2012-08-24,1.8400,1.9500,1.6000,1.7400,62436630
2012-08-17,1.6000,1.8500,1.5900,1.8200,62409420
2012-08-10,1.3200,1.8000,1.3200,1.6200,88881997
2012-08-03,1.1200,1.4600,1.0600,1.3000,69761121
2012-07-27,1.0100,1.1600,0.8320,1.0750,59010420
2012-07-20,1.0900,1.1100,1.0100,1.0200,21879833
2012-07-13,1.1100,1.1200,1.0500,1.1000,21620347
2012-07-06,1.1300,1.1500,1.0700,1.1000,26059290
2012-06-29,1.2000,1.2000,1.1200,1.1200,36641311
2012-06-22,1.1700,1.2100,1.1200,1.2000,56643316
2012-06-15,1.2200,1.2200,1.0700,1.1700,42236450
2012-06-08,1.1900,1.2300,1.1700,1.1900,42589123
2012-06-01,1.2100,1.2500,1.1500,1.1550,35129312
2012-05-25,1.1700,1.3100,1.1700,1.2100,81870787
2012-05-18,1.2600,1.2700,1.0000,1.1800,112539687
2012-05-11,1.4600,1.4800,1.2500,1.2600,67000942
2012-05-04,1.4100,1.5700,1.4100,1.5200,69179950
2012-04-27,1.6200,1.6300,1.2700,1.4200,112612210
2012-04-20,2.1700,2.1700,1.5200,1.6700,125263887
2012-04-13,2.1500,2.2200,2.0000,2.1200,39229950
2012-04-05,2.2400,2.3200,2.1200,2.1500,24337123
2012-03-30,2.3900,2.4000,2.1400,2.2800,68709066
2012-03-23,2.2500,2.4800,2.2000,2.3950,83562651
2012-03-16,2.1100,2.2700,2.0600,2.2700,76600199
2012-03-09,2.2500,2.2700,2.0700,2.1100,60915115
2012-03-02,2.0900,2.4200,2.0500,2.2400,102936427
2012-02-24,2.2100,2.3300,2.0700,2.1100,65956559
2012-02-17,2.1200,2.4801,2.0100,2.2100,95022834
2012-02-10,1.8200,2.1100,1.8000,2.0800,50595021
2012-02-03,1.8100,1.8600,1.6900,1.8100,33362994
2012-01-27,1.8500,1.8600,1.7000,1.8000,47322567
2012-01-20,1.8700,1.9450,1.8200,1.8500,25616852
2012-01-13,1.9000,1.9400,1.7900,1.8700,24632191
2012-01-06,1.9400,2.0490,1.7900,1.8800,33281915
2011-12-30,1.9600,2.0400,1.8700,1.9400,25832454
2011-12-23,2.0600,2.1400,1.8400,1.9600,64630850
2011-12-16,2.1200,2.2500,2.0200,2.0900,64323458
2011-12-09,2.1400,2.6400,1.9700,2.1450,250255644
2011-12-02,1.5800,2.4300,1.4800,2.1400,90171808
2011-11-25,1.5400,1.6900,1.4700,1.5400,22163773
2011-11-18,1.9200,1.9300,1.2800,1.4700,33761943
2011-11-11,1.9200,1.9900,1.8400,1.9300,21906231
2011-11-04,1.9600,2.2500,1.7400,1.8900,51511988
2011-10-28,1.6000,2.1399,1.5200,2.0000,51095542
2011-10-21,1.5300,1.6300,1.3800,1.5500,39606434
2011-10-14,1.5300,1.8400,1.2400,1.5900,68800079
2011-10-07,2.3500,2.5300,1.3200,1.3900,59322482
2011-09-30,2.4700,2.6600,2.2700,2.3300,18108551
2011-09-23,2.4400,2.5600,2.0700,2.4100,29705134
2011-09-16,2.6000,3.1200,2.4200,2.4500,24785195
2011-09-09,2.9700,3.1000,2.5000,2.6350,15665669
2011-09-02,2.7900,3.5000,2.7500,3.1000,34439692
2011-08-26,3.4000,3.4200,2.6800,2.7000,26419531
2011-08-19,1.9500,3.3200,1.6600,3.0100,60649731
2011-08-12,1.7200,2.0100,1.3200,1.9100,45020611
2011-08-05,2.2000,2.5000,1.6200,1.8000,61150515
2011-07-29,3.0000,3.0700,1.9800,2.1700,55996084
2011-07-22,3.2400,3.3100,2.9700,3.0300,19310939
2011-07-15,3.7500,3.7800,3.1700,3.2600,25430767
2011-07-08,4.0200,4.0700,3.7800,3.8000,18296217
2011-07-01,3.9900,3.9900,3.7500,3.8200,17322759
2011-06-24,3.4300,4.1800,3.3500,3.9800,33149715
2011-06-17,4.0000,4.0500,3.4200,3.6000,26768849
2011-06-10,4.0400,4.3500,3.9400,3.9900,21017429
2011-06-03,4.5900,4.6500,4.0400,4.0400,22437021
2011-05-27,4.4500,4.7700,4.3700,4.5600,29401820
2011-05-20,4.0000,4.6300,3.9900,4.5200,36715191
2011-05-13,4.8800,4.9700,3.9700,4.0000,36965373
2011-05-06,4.8800,5.1900,4.8100,4.8600,24958021
2011-04-29,5.4000,5.4700,4.7500,4.8600,25327762
2011-04-21,5.8000,6.0200,5.2700,5.4200,19066015
2011-04-15,5.9100,6.0800,5.7800,5.9500,14636544
2011-04-08,5.5700,6.1100,5.5500,5.9800,20867417
2011-04-01,5.4400,5.6400,5.4200,5.5800,14586699
2011-03-25,5.3300,5.6400,4.9800,5.4200,29208221
2011-03-18,5.7200,5.8000,5.2600,5.2900,17476375
2011-03-11,5.5700,5.9500,5.0200,5.7600,40685605
2011-03-04,5.1000,5.5600,4.7075,5.5525,29220043
2011-02-25,5.4700,5.5100,4.7500,5.0800,28591174
2011-02-18,5.8700,5.9800,5.1400,5.6400,38914781
2011-02-11,5.7900,5.9300,5.4200,5.8900,24544578
2011-02-04,5.2800,6.0000,5.1300,5.8400,30475636
2011-01-28,5.4900,5.5200,5.0500,5.2900,18023540
2011-01-21,5.6900,5.9400,5.4100,5.5100,22554674
2011-01-14,5.5000,5.9500,5.5000,5.6900,20837475
2011-01-07,5.1300,6.0000,5.1100,5.6100,34212262
2010-12-31,5.1400,5.2500,5.0400,5.1500,8683941
2010-12-23,5.3000,5.3600,4.6300,5.1400,17627460
2010-12-17,6.2500,6.2500,5.1700,5.2100,22478938
2010-12-10,6.0300,6.4600,6.0000,6.2000,24686239
2010-12-03,6.9100,7.0800,5.7000,6.0300,32359971
2010-11-26,7.1800,7.3700,6.7101,6.8750,7656546
2010-11-19,6.4600,7.2600,6.2500,7.2400,13527951
2010-11-12,6.7000,6.7200,5.9100,6.4100,26977144
2010-11-05,7.1600,7.2200,6.0200,6.9300,19972697
2010-10-29,7.1900,7.4400,7.0100,7.0900,6298922
2010-10-22,6.9900,7.3300,6.7000,7.1700,8489656
2010-10-15,6.9700,7.5100,6.4700,6.9300,20146237
2010-10-08,7.8600,8.0000,6.9300,7.0100,13429695
2010-10-01,7.5600,8.8200,7.5300,7.9100,14032538
2010-09-24,7.4100,7.6500,7.1200,7.5700,7252544
2010-09-17,7.3800,7.4800,7.1400,7.3850,9994724
2010-09-10,6.9400,7.5000,6.8700,7.3100,7004733
2010-09-03,6.6100,7.1000,6.3100,6.9900,12311437
2010-08-27,6.5400,6.6702,6.0700,6.6300,9236242
2010-08-20,6.1300,6.6200,6.1100,6.5200,10573786
2010-08-13,6.4400,6.5000,6.0500,6.1700,8159441
2010-08-06,7.0400,7.2300,6.3800,6.4500,12214226
2010-07-30,6.7300,7.3100,6.7200,6.9800,7755578
2010-07-23,6.5600,6.7600,5.9850,6.7500,6545014
2010-07-16,7.0000,7.0600,6.4500,6.5100,9247591
2010-07-09,7.3100,7.4400,6.9000,7.0000,7302168
2010-07-02,7.6600,7.8200,7.0400,7.2300,9940663
2010-06-25,7.7200,7.8700,7.2200,7.7000,19269478
2010-06-18,7.9000,8.0800,7.5800,7.6200,15881905
2010-06-11,7.9300,7.9900,7.4400,7.7900,9356406
2010-06-04,8.0800,8.2500,7.7900,7.9600,7129081
2010-05-28,7.7600,8.2500,7.5600,8.1400,12942533
2010-05-21,8.1100,8.4900,7.4000,7.7400,10694640
2010-05-14,8.0600,8.6000,7.6500,8.1300,14508772
2010-05-07,7.7700,8.4800,7.4700,7.6300,19311530
2010-04-30,7.8600,7.8900,7.4700,7.7200,11269832
2010-04-23,7.3700,7.9000,7.1800,7.8500,7138890
2010-04-16,7.0500,7.6400,6.9500,7.3900,11031758
2010-04-09,7.1700,7.2400,6.8700,7.0400,6853292
2010-04-01,7.2400,7.4000,7.0199,7.1000,9873311
2010-03-26,7.7700,8.0500,7.1100,7.1300,15050056
2010-03-19,8.1000,8.3800,7.6600,7.8000,10764453
2010-03-12,6.8000,8.5500,6.7300,8.1900,31245849
2010-03-05,6.3500,6.8000,6.3500,6.7700,6466890
2010-02-26,7.0000,7.3500,6.2800,6.3600,11427677
2010-02-19,6.8100,7.1100,6.7500,6.9700,4250182
2010-02-12,6.2100,6.8000,6.1500,6.7300,4319712
2010-02-05,6.4900,7.0400,5.8900,6.1900,6466583
2010-01-29,6.9600,6.9800,6.4900,6.4900,6231593
2010-01-22,7.4400,7.6400,6.7200,6.7700,7264095
2010-01-15,7.7500,7.9800,7.3500,7.4500,9609156
2010-01-08,6.9900,7.7900,6.9300,7.6900,16547401
2009-12-31,6.8700,7.0000,6.5600,6.7600,4558255
2009-12-24,6.8900,7.1800,6.7200,6.8100,5048462
2009-12-18,6.0600,6.9500,6.0000,6.9500,14315147
2009-12-11,5.9400,6.2700,5.7000,6.1800,8321192
2009-12-04,5.6900,6.2000,5.6200,5.9500,10724534
2009-11-27,5.8000,5.9700,5.3500,5.6700,6691543
2009-11-20,6.0000,6.5300,5.6000,5.6700,10940177
2009-11-13,6.9100,7.3700,5.7600,6.0700,29060770
2009-11-06,6.3600,6.7600,5.8900,6.5000,6060931
2009-10-30,7.0100,7.0400,6.1800,6.2600,8277490
2009-10-23,8.1600,8.2600,6.9200,7.0500,6647694
2009-10-16,7.8800,8.4800,7.7700,8.2100,9647495
2009-10-09,7.7000,8.1800,7.5600,7.8500,8975664
2009-10-02,8.2200,8.4000,7.5000,7.6000,9320247
2009-09-25,8.4700,9.3900,8.0300,8.2200,14350622
2009-09-18,8.4000,9.4200,8.3600,9.2000,11646228
2009-09-11,7.5700,8.6300,7.3000,8.3200,9366909
2009-09-04,7.7800,8.0000,7.0300,7.5000,5628562
2009-08-28,7.1000,7.8100,7.1000,7.8100,5179644
2009-08-21,6.5600,7.1900,6.2200,7.1500,7006481
2009-08-14,8.0500,8.7300,6.5200,6.6100,13432568
2009-08-07,8.1699,9.0000,7.5100,8.0100,5702301
2009-07-31,7.9600,8.2400,7.5600,8.1000,4545085
2009-07-24,6.4600,8.1500,6.4300,7.9100,15329777
2009-07-17,5.7100,6.4800,5.5200,6.4200,5798407
2009-07-10,5.3800,5.9504,5.0100,5.7400,7571604
2009-07-02,4.9600,5.8200,4.8000,5.4800,4925725
2009-06-26,4.6500,5.0790,4.4300,4.8700,6893881
2009-06-19,4.5400,4.7100,4.2200,4.6300,5989356
2009-06-12,4.5000,4.6300,4.3700,4.5900,2738134
2009-06-05,4.4900,4.7399,4.0500,4.6000,3460594
2009-05-29,4.6400,4.6600,4.0700,4.4500,3011069
2009-05-22,4.7200,4.9000,4.2100,4.6300,3547009
2009-05-15,6.3300,6.3900,4.4400,4.5900,5915881
2009-05-08,5.7300,6.5900,5.6600,6.5000,5380393
2009-05-01,5.6200,5.8000,5.1900,5.6300,2815042
2009-04-24,5.5400,5.9000,5.2000,5.7500,2713560
2009-04-17,5.6200,5.7400,5.0600,5.5800,4133305
2009-04-09,5.0400,5.5900,4.9500,5.5900,1584395
2009-04-03,4.9200,5.5000,4.6800,5.0700,2202210
2009-03-27,4.3500,5.0800,4.2300,5.0000,2064146
2009-03-20,3.7300,4.4700,3.5100,4.1800,2366628
2009-03-13,2.7800,3.6300,2.7800,3.5900,2616315
2009-03-06,3.2600,3.3500,2.7400,2.8200,2053753
2009-02-27,3.1800,3.4000,2.6400,3.2200,2576381
2009-02-20,3.6000,3.6100,3.0000,3.0500,1468194
2009-02-13,3.9700,4.0900,3.4600,3.6000,3107199
2009-02-06,3.9700,4.0500,3.7800,4.0300,1595693
2009-01-30,4.3000,4.5000,3.7700,4.0000,2399615
2009-01-23,4.1100,4.5700,3.8100,4.1500,3111983
2009-01-16,4.7300,4.7300,3.8100,4.0600,2266409
2009-01-09,4.9000,5.3600,4.5100,4.6200,2552940
2009-01-02,3.9700,5.2400,3.2400,4.8500,3167192
2008-12-26,3.7500,4.4000,3.6900,4.0300,3061590
2008-12-19,4.9700,5.1600,3.7000,3.7300,4509205
2008-12-12,4.1000,4.8500,3.7400,4.1000,6179250
2008-12-05,7.0000,7.8000,3.5100,4.0000,6494458
2008-11-28,4.3300,6.6700,4.0900,6.6200,2455269
2008-11-21,7.0900,7.1600,3.7700,4.1200,5055197
2008-11-14,8.3000,8.3500,6.2500,7.0500,2785159
2008-11-07,8.7400,10.0700,7.3200,8.0400,4088552
2008-10-31,6.5100,8.7300,5.5900,8.6700,4954375
2008-10-24,7.4500,8.1000,6.0000,6.6500,3567606
2008-10-17,7.1300,10.0500,7.0000,7.4400,3033094
2008-10-10,9.8600,10.3100,6.5800,7.0000,7001785
2008-10-03,11.8900,12.5000,9.9100,9.9200,4305798
2008-09-26,11.0000,12.1300,10.8400,11.6000,2507571
2008-09-19,9.3000,11.4600,9.2600,11.0300,4258623
2008-09-12,9.6200,9.7900,9.0000,9.5600,2816616
2008-09-05,9.9000,10.0900,9.2500,9.5500,1833527
2008-08-29,10.0100,10.0100,9.5000,9.8500,1234196
2008-08-22,10.6100,10.9700,9.3500,9.9700,2632737
2008-08-15,9.3900,10.6800,9.2500,10.6000,2598671
2008-08-08,9.5500,9.9000,8.9900,9.3100,3986830
2008-08-01,9.6600,10.1800,9.2400,9.7300,2905531
2008-07-25,9.6600,10.2000,8.9800,9.7000,5332529
2008-07-18,10.7400,10.8210,9.3500,9.5400,6242840
2008-07-11,11.9200,12.6000,10.4300,10.7400,4233283
2008-07-03,12.7300,13.0900,11.7500,11.9500,2096968
2008-06-27,12.9500,13.4000,12.6500,13.2300,4783657
2008-06-20,13.9000,13.9200,12.5000,12.9900,4096996
2008-06-13,14.4700,14.7800,13.0500,13.8100,2814692
2008-06-06,14.1000,14.8300,13.7000,14.4900,3155461
2008-05-30,13.3900,14.1700,12.7000,14.1700,3656907
2008-05-23,14.1200,14.6600,13.1000,13.2400,3282933
2008-05-16,13.9900,14.0400,12.5000,13.9000,7639003
2008-05-09,15.2500,17.9400,13.8100,14.1000,25558959
2008-05-02,15.0500,16.1000,14.5700,15.1700,3674347
2008-04-25,12.9800,15.5900,12.9400,14.9400,7194595
2008-04-18,14.0200,14.5000,12.9000,13.0700,4464844
2008-04-11,13.9500,14.7700,13.4500,14.1200,2652592
2008-04-04,14.4700,15.2500,12.9500,13.9200,6717464
2008-03-28,10.5000,15.8500,10.5000,14.4100,13432599
2008-03-20,11.0100,11.5100,10.1000,10.4100,3573834
2008-03-14,13.7400,13.7700,11.2000,11.4100,5286860
2008-03-07,13.8700,14.9700,12.5300,13.6000,8526432
2008-02-29,17.0600,17.3100,13.9700,14.0100,4950730
2008-02-22,17.2500,18.1300,16.4900,17.1800,3118772
2008-02-15,15.5500,18.2600,14.9800,17.1100,8364240
2008-02-08,14.2000,15.8900,14.1500,15.3500,5930359
2008-02-01,12.3300,15.9200,11.9000,14.2500,13510460
2008-01-25,12.0000,12.5600,10.2900,12.2100,5609310
2008-01-18,14.7500,14.8200,12.4600,13.3100,5431583
2008-01-11,12.6000,14.8400,12.4100,14.5200,5341440
2008-01-04,14.0300,14.0800,12.2800,12.4300,3910927
2007-12-28,15.7500,16.1200,13.9500,14.2400,1863318
2007-12-21,13.1800,16.5500,13.1800,15.7030,7591095
2007-12-14,13.2800,14.2000,12.3000,13.9200,5521480
2007-12-07,15.4500,15.9500,12.2500,13.2900,6445545
2007-11-30,12.5100,16.2000,12.2800,15.5700,7571386
2007-11-23,13.4000,13.8700,12.1200,12.4000,6164288
2007-11-16,13.5000,18.0600,12.8100,13.4900,16410005
2007-11-09,21.3900,21.4600,13.0300,13.4900,14813134
2007-11-02,20.5300,23.2300,19.0000,21.5600,7310121
2007-10-26,19.7500,22.5000,19.2500,20.4800,5570534
2007-10-19,20.0300,21.3000,19.0100,19.1700,4954305
2007-10-12,20.6100,21.9300,20.2400,20.2401,6959143
2007-10-05,24.3700,24.3700,19.9000,20.3800,7269518
2007-09-28,24.0100,25.1700,23.8100,24.4400,2090956
2007-09-21,23.4200,24.3800,22.8000,24.0900,2980528
2007-09-14,25.0700,25.3000,22.4800,23.3000,6723207
2007-09-07,21.0000,26.5799,19.8000,26.4700,11291107
2007-08-31,23.8900,23.8900,20.9600,21.4000,3221114
2007-08-24,23.4500,25.0000,23.2000,23.4800,2844110
2007-08-17,26.5000,26.9100,22.0701,23.2300,4338282
2007-08-10,28.9900,30.5000,23.6500,28.0000,7970995
2007-08-03,29.9380,31.8600,28.1400,28.8000,3137890
2007-07-27,32.5000,33.3500,29.3800,30.0899,4236724
2007-07-20,25.2300,35.4100,24.5200,32.5000,19596025
2007-07-13,26.7500,26.7500,23.8500,25.1100,2817682
2007-07-06,24.8500,26.9800,24.4300,26.6800,2065170
2007-06-29,23.5200,25.4700,23.4100,24.4300,3512754
2007-06-22,24.3600,24.4600,22.6700,23.3500,3702821
2007-06-15,19.2800,24.9300,19.2800,24.3500,16471266
2007-06-08,19.8400,19.8500,18.6000,19.2600,1880114
2007-06-01,18.7600,20.3800,18.5000,19.9300,3380066
2007-05-25,18.7500,19.2100,18.4000,19.2100,2722615
2007-05-18,17.5800,18.8100,17.2500,18.8100,4124384
2007-05-11,20.0000,20.0000,17.3000,18.1900,4655265
2007-05-04,17.7500,19.9370,17.7500,19.9370,5042995
2007-04-27,17.8200,18.2100,17.4700,17.7500,3492690
2007-04-20,19.1500,19.9000,15.8100,18.0000,20304465
2007-04-13,20.4500,20.4500,18.7500,19.2400,4580314
2007-04-05,20.5100,20.8199,20.1500,20.1600,1591718
2007-03-30,20.9000,22.0000,20.2900,20.7500,3869835
2007-03-23,20.1200,21.3700,19.7000,20.5700,5283435
2007-03-16,22.4000,22.4000,19.5200,20.0200,13470663
