timestamp,open,high,low,close,volume
2014-12-10,34.5300,34.9400,33.9600,34.4400,15243532
2014-12-05,34.9400,35.0300,34.3100,34.6500,3250186
2014-11-28,35.0500,35.2600,34.7600,35.0200,1793479
2014-11-21,35.0000,35.3300,34.6800,35.0700,3265323
2014-11-14,35.0200,35.1300,34.8400,35.0800,2651790
2014-11-07,35.2000,35.3300,34.9000,35.1000,3303630
2014-10-31,34.7200,35.5600,34.6600,35.2500,3804822
2014-10-24,34.1500,34.9300,34.0500,34.8050,5102815
2014-10-17,33.8500,34.4800,33.2400,34.2000,8860288
2014-10-10,34.4200,34.5000,33.6300,33.7800,9244366
2014-10-03,34.1600,34.5500,34.0300,34.3900,8484663
2014-09-26,34.1800,34.5000,34.0900,34.3400,7284203
2014-09-19,34.8000,34.8000,34.2300,34.2700,15571900
2014-09-12,27.1700,35.1700,26.4000,34.8000,16251500
2014-09-05,27.4500,27.9000,26.9400,27.2300,2370200
2014-08-29,26.9900,27.6900,26.7200,27.5400,1427000
2014-08-22,26.3300,27.1300,26.3200,26.8600,2198100
2014-08-15,24.9800,26.6500,24.8700,26.2550,2916400
2014-08-08,24.3100,26.0400,24.2200,24.8700,6197400
2014-08-01,23.7000,24.3100,23.3500,24.2700,2973900
2014-07-25,24.0200,24.7200,23.5310,23.6300,2716900
2014-07-18,24.5600,24.7100,23.8900,24.1000,2465500
2014-07-11,25.2700,25.3700,23.8300,24.3100,3879300
2014-07-03,25.4500,25.9400,24.9800,25.4200,2647100
2014-06-27,24.7300,25.7100,24.5600,25.5000,2725000
2014-06-20,24.7200,25.1200,24.3800,24.7300,3422400
2014-06-13,24.1900,25.0300,24.1500,24.7800,3318900
2014-06-06,23.5600,24.5000,23.3700,24.2800,2209100
2014-05-30,24.7900,24.8900,22.8700,23.5800,3755200
2014-05-23,24.4500,25.2000,24.2100,24.6300,3931500
2014-05-16,24.2800,25.1800,23.5100,24.4700,3637900
2014-05-09,24.9200,25.3700,22.2100,24.2300,7269100
2014-05-02,24.6400,25.4400,23.8700,25.0100,3697700
2014-04-25,25.3000,25.8500,24.2300,24.4700,3495600
2014-04-17,25.2100,26.1900,24.6800,25.3000,2614700
2014-04-11,26.0400,26.6400,24.7200,24.9500,4792700
2014-04-04,27.8800,28.7900,26.8500,27.1200,5193300
2014-03-28,26.4000,28.3700,25.9500,27.6050,7999100
2014-03-21,24.2200,26.3700,23.8901,26.3000,3886800
2014-03-14,25.4900,25.6100,23.6900,24.1600,2537300
2014-03-07,23.9400,25.7400,23.9400,25.5100,3253200
2014-02-28,24.7100,25.5800,24.5600,24.8600,2918100
2014-02-21,24.0700,25.5000,24.0700,24.7100,3862300
2014-02-14,21.0300,26.4200,20.7600,23.9700,7945800
2014-02-07,21.5000,21.9400,20.5200,21.2000,5361700
2014-01-31,21.6700,22.1100,21.2600,21.5000,3556500
2014-01-24,24.0000,24.1200,21.5000,21.6700,4259400
2014-01-17,23.1500,24.5000,22.3600,24.0500,4471900
2014-01-10,22.9100,23.3000,22.6500,23.3000,3670900
2014-01-03,23.2500,23.4900,22.7400,22.8200,2716600
2013-12-27,23.3500,23.8000,23.1400,23.2900,1527700
2013-12-20,21.3100,23.4200,21.2700,23.2600,7319100
2013-12-13,21.0000,21.6000,21.0000,21.1700,3603700
2013-12-06,21.4400,22.1200,20.8800,21.0100,5148600
2013-11-29,20.9300,21.5200,20.8000,21.4000,2932000
2013-11-22,21.4800,21.8700,20.9200,20.9600,6041400
2013-11-15,21.8600,22.2500,20.9500,21.4600,5821000
2013-11-08,20.0000,21.9000,18.6200,21.8600,16670400
2013-11-01,19.5200,19.8300,19.0100,19.7500,7344000
2013-10-25,19.8900,20.1200,19.4800,19.5200,4877000
2013-10-18,19.1100,20.0100,19.0600,19.8900,7449500
2013-10-11,20.6900,20.9400,18.7600,19.1800,7796100
2013-10-04,20.4600,21.8400,20.3500,20.9000,6213000
2013-09-27,21.2500,21.2700,20.5600,20.6600,5410800
2013-09-20,23.0400,23.0400,21.1600,21.2600,6700900
2013-09-13,20.8100,22.9900,20.8100,22.7500,7074800
2013-09-06,21.1600,21.5500,20.5500,20.8700,6936400
2013-08-30,22.3900,22.4700,21.0200,21.1600,7279700
2013-08-23,21.5800,22.4800,21.3900,22.3800,3590200
2013-08-16,20.7100,21.7900,20.7100,21.5800,5037900
2013-08-09,21.3800,21.3800,20.3100,21.1900,6881400
2013-08-02,23.9100,25.5900,20.5100,21.3700,12077000
2013-07-26,25.0200,25.7300,24.0000,24.1100,4174800
2013-07-19,25.5700,26.5000,24.7800,25.1700,3413600
2013-07-12,25.0300,26.0100,24.9000,25.5500,3034800
2013-07-05,24.6600,25.0400,23.8200,25.0400,2360600
2013-06-28,23.6400,24.8400,23.3500,24.7100,4543500
2013-06-21,24.8000,25.4600,23.3100,23.8400,4178100
2013-06-14,25.2100,25.8200,24.4300,24.5100,3910000
2013-06-07,26.4400,26.6100,24.4000,25.2000,6174200
2013-05-31,26.6500,27.1200,26.1800,26.3600,2578300
2013-05-24,26.4100,26.7500,25.3400,26.4000,4573700
2013-05-17,26.5500,27.2100,26.2100,26.5700,6058600
2013-05-10,31.8700,32.2500,25.1200,26.4800,14397800
2013-05-03,30.2300,31.9300,29.9100,31.8700,4690100
2013-04-26,29.4700,30.9300,28.8100,30.2100,4265000
2013-04-19,28.6200,29.7700,27.5100,29.2700,6338100
2013-04-12,27.9300,28.9700,27.4800,28.7100,3868200
2013-04-05,29.5600,29.5700,27.5000,27.9200,4387800
2013-03-28,28.7900,29.6500,28.5500,29.5600,2965000
2013-03-22,27.9500,31.0000,27.7500,28.7700,8102800
2013-03-15,27.6700,29.2500,27.4500,27.7500,6731600
2013-03-08,26.4600,27.7400,26.4300,27.7200,3531800
2013-03-01,27.4500,27.5000,25.7200,26.4200,5304000
2013-02-22,26.0400,27.5300,25.9200,27.5200,5456300
2013-02-15,21.6200,27.1700,21.4200,26.9600,10421800
2013-02-08,20.0300,21.7500,19.7100,21.6500,3141000
2013-02-01,20.7700,21.0300,20.1800,20.3200,3202900
2013-01-25,20.0600,20.8800,19.9800,20.7700,2972400
2013-01-18,19.8200,20.2000,19.3600,20.0100,3988700
2013-01-11,19.5300,20.1000,19.2700,19.8900,2484200
2013-01-04,19.0600,19.9500,18.9700,19.6600,3593400
2012-12-28,19.7600,19.8300,18.9900,19.0000,1825600
2012-12-21,19.5500,20.1500,19.1000,19.7300,5018200
2012-12-14,19.4300,19.7400,19.0900,19.4900,2965000
2012-12-07,19.0900,19.5000,18.4900,19.4700,4795500
2012-11-30,18.6200,19.0700,18.1300,18.8700,3483100
2012-11-23,17.8300,18.8600,17.7600,18.6200,2123800
2012-11-16,17.8500,17.9000,17.3000,17.6700,2404200
2012-11-09,17.7400,18.0700,17.1900,17.7500,3401200
2012-11-02,16.6900,18.1300,16.3600,17.6900,3198700
2012-10-26,16.6000,16.8600,15.9500,16.6800,2982500
2012-10-19,17.4100,17.6200,16.5000,16.6000,2138100
2012-10-12,17.5600,17.9600,17.1700,17.4100,1931100
2012-10-05,17.0400,18.0700,16.8900,17.6500,2679100
2012-09-28,17.2500,17.7500,17.0500,17.1600,4047900
2012-09-21,17.3000,17.5500,16.5800,17.3100,5166900
2012-09-14,16.3500,17.6100,16.3100,17.3800,3118800
2012-09-07,16.1700,16.7300,15.8800,16.3500,2854800
2012-08-31,16.4400,16.5500,15.8300,16.2600,2962200
2012-08-24,15.5500,16.5100,15.2500,16.4000,6540200
2012-08-17,15.5600,15.7900,15.3300,15.5200,3435300
2012-08-10,15.3000,16.3900,15.1800,15.7600,3029200
2012-08-03,16.2700,16.4200,15.0400,15.3100,5036600
2012-07-27,15.9300,16.3200,15.3700,16.2800,2863500
2012-07-20,16.3600,16.6500,15.7600,16.2400,3437200
2012-07-13,16.3900,16.7100,15.2200,16.3400,3509900
2012-07-06,16.4600,17.0000,16.1000,16.4800,2440600
2012-06-29,15.3200,16.4700,13.8000,16.3900,10772200
2012-06-22,15.9500,16.5600,15.3900,15.4700,5854800
2012-06-15,17.1400,17.2000,15.5800,16.0800,6341600
2012-06-08,16.8800,17.6000,16.6600,16.9100,5136100
2012-06-01,17.4800,17.6600,16.8000,16.8000,4148100
2012-05-25,17.1300,17.8600,16.9000,17.2900,3871900
2012-05-18,17.2900,17.8200,17.0100,17.0400,4664800
2012-05-11,16.5300,17.8300,16.3000,17.4000,7775700
2012-05-04,21.5100,21.8600,15.4300,16.6900,13246100
2012-04-27,20.8100,21.7200,20.3500,21.4900,2952400
2012-04-20,20.4200,21.5800,19.9200,21.0400,3937400
2012-04-13,19.5600,20.5000,19.5000,20.3500,3622500
2012-04-05,19.7100,20.0300,19.4100,19.9100,2896100
2012-03-30,20.5700,20.8000,19.7300,19.7400,3614600
2012-03-23,20.2800,20.7300,19.7000,20.3500,2780300
2012-03-16,20.7200,20.8000,20.0300,20.2100,4460100
2012-03-09,20.9900,21.0400,20.3100,20.7400,5446100
2012-03-02,20.5800,21.5000,20.4400,20.9500,4639000
2012-02-24,19.7600,20.8200,19.6600,20.7900,3756000
2012-02-17,19.7600,20.0000,19.0000,19.8000,3328600
2012-02-10,18.3400,20.4800,17.9400,19.6400,6812800
2012-02-03,17.3400,18.6400,17.1600,18.4200,3797500
2012-01-27,16.9700,17.5800,16.5000,17.5200,3340900
2012-01-20,17.1400,17.3700,16.6900,16.8300,2934400
2012-01-13,16.6700,17.0200,16.2000,16.9700,3379900
2012-01-06,16.6500,16.7700,16.1200,16.6600,2291700
2011-12-30,16.6300,17.1900,16.2600,16.2900,2099300
2011-12-23,15.9500,16.7400,15.5500,16.7200,3159400
2011-12-16,16.0400,16.0400,15.0800,15.8400,5076500
2011-12-09,16.0100,16.5000,15.5700,16.2600,4580400
2011-12-02,15.3300,16.0500,14.8700,15.7400,5328600
2011-11-25,15.5600,16.0900,14.8600,14.8700,4905500
2011-11-18,16.0000,16.1500,15.2700,16.0700,8110900
2011-11-11,17.0300,17.2400,15.7700,15.9700,6370200
2011-11-04,17.2600,18.3400,16.2100,17.1100,9400300
2011-10-28,16.8600,17.8900,16.0900,17.5000,3596500
2011-10-21,16.9300,16.9700,15.7900,16.7400,4278800
2011-10-14,16.2200,17.2900,16.2000,16.9800,3645200
2011-10-07,15.2200,16.4600,14.7600,15.9300,5697600
2011-09-30,16.4500,17.8300,15.3800,15.5600,6303100
2011-09-23,17.0200,17.4300,15.5600,16.3500,5140000
2011-09-16,14.6200,17.4000,14.5200,17.3600,5700700
2011-09-09,14.3700,15.7100,14.3700,14.8900,3297300
2011-09-02,14.9900,15.7400,14.6300,14.8400,5029700
2011-08-26,13.8100,14.9400,13.4900,14.7900,5699800
2011-08-19,14.5800,15.0500,13.3500,13.3800,5468600
2011-08-12,14.5000,14.9000,13.5600,14.4000,11070500
2011-08-05,18.3800,18.6900,14.7400,15.1600,12162200
2011-07-29,18.5000,19.2000,17.4300,18.0600,4616700
2011-07-22,17.7600,19.0000,17.5300,18.7800,5817200
2011-07-15,17.8000,18.4200,17.0700,17.9000,4689800
2011-07-08,17.0000,18.1800,16.6900,18.0200,3825100
2011-07-01,16.3600,17.0800,16.1600,17.0100,4122600
2011-06-24,16.6100,17.2300,16.2800,16.2900,5371600
2011-06-17,16.0800,16.9300,15.9500,16.6000,6650100
2011-06-10,17.3000,17.3100,15.7400,16.0100,5248900
2011-06-03,17.5400,18.1700,17.2600,17.3700,6338800
2011-05-27,17.5100,17.7100,16.8600,17.4000,4764300
2011-05-20,17.9700,18.1100,17.1600,17.7300,4035700
2011-05-13,17.8800,18.6700,17.5700,18.1200,6064100
2011-05-06,16.8600,19.7300,16.0900,17.9400,14234000
2011-04-29,16.0000,16.9100,15.8000,16.7500,4637800
2011-04-21,15.0800,15.9200,14.9200,15.7900,4044600
2011-04-15,15.5700,15.7900,14.9600,15.2800,3817300
2011-04-08,14.5600,15.9900,14.5400,15.6600,5481300
2011-04-01,14.4800,14.8000,14.3000,14.4000,4513000
2011-03-25,14.3000,14.6600,13.9600,14.4700,2864900
2011-03-18,14.3000,14.6100,13.8200,14.1200,4585400
2011-03-11,14.8500,15.0200,14.2000,14.4300,5027700
2011-03-04,15.2600,15.5000,14.2100,14.8000,5612500
2011-02-25,15.3100,15.4800,14.5500,15.1400,6509500
2011-02-18,14.4600,17.2000,14.4200,15.5500,12474900
2011-02-11,14.3500,14.7600,14.1200,14.3700,3718100
2011-02-04,13.7300,14.4300,13.6500,14.2900,5667300
2011-01-28,14.4000,14.7300,13.6700,13.7500,7718600
2011-01-21,15.0500,15.3000,14.3700,14.3700,6022400
2011-01-14,16.0900,16.2300,15.0800,15.2300,6246000
2011-01-07,16.1500,16.8100,15.8700,16.2100,5030000
2010-12-31,15.9000,16.1400,15.6400,16.0300,3586500
2010-12-23,16.0900,16.2100,15.7300,15.9700,3065300
2010-12-17,17.0000,17.0000,15.9600,15.9700,5753900
2010-12-10,15.9700,17.2300,15.9700,16.9800,5189200
2010-12-03,15.6100,16.3500,15.3900,16.2700,5783100
2010-11-26,15.3700,16.0000,15.0400,15.7600,2865800
2010-11-19,15.0200,15.5600,14.6000,15.3900,5090500
2010-11-12,15.4000,15.6700,14.7100,14.9300,5739300
2010-11-05,13.7700,15.6000,13.5800,15.4500,11143500
2010-10-29,13.9000,14.3500,13.2600,13.7600,4111900
2010-10-22,13.6700,14.0000,13.3300,13.8200,4007300
2010-10-15,12.9900,14.0000,12.9000,13.6600,5581400
2010-10-08,12.8900,13.2400,12.6100,12.9700,4602300
2010-10-01,13.4200,13.5300,12.6700,12.9400,5731800
2010-09-24,12.7900,13.8400,12.7500,13.8200,10022500
2010-09-17,11.6900,12.5300,11.6000,12.3100,6984000
2010-09-10,11.7900,11.8700,11.2500,11.5600,2358000
2010-09-03,11.3600,11.9400,10.8300,11.8000,6368400
2010-08-27,10.6000,11.5100,10.4400,11.4600,7858500
2010-08-20,10.5700,10.9500,10.4800,10.5600,5728900
2010-08-13,11.1500,11.2500,9.8000,10.6000,11164800
2010-08-06,11.1500,11.5800,10.6900,10.9900,7019100
2010-07-30,11.2500,11.7500,10.8200,10.9500,5711600
2010-07-23,11.1600,11.3100,10.7100,11.1900,5928200
2010-07-16,10.7800,11.6400,10.6400,11.1600,7444200
2010-07-09,10.8100,10.9500,10.2200,10.8600,4648800
2010-07-02,11.4300,11.6400,10.5000,10.6100,6951800
2010-06-25,12.2000,12.3300,11.2000,11.4700,8247100
2010-06-18,11.5800,12.1800,11.3800,12.0800,5941000
2010-06-11,11.2400,11.5100,10.6800,11.4900,7066400
2010-06-04,11.5200,11.7100,11.0100,11.2400,6919800
2010-05-28,10.7900,11.8500,10.3200,11.6300,11783200
2010-05-21,10.8000,11.7000,10.4600,10.8300,12444000
2010-05-14,9.3600,11.1700,9.3500,10.7400,16787900
2010-05-07,10.4000,10.8500,8.8800,9.1900,10970100
2010-04-30,10.2200,10.5500,9.4500,10.4000,13358900
2010-04-23,10.1500,10.4700,10.0000,10.2500,4071900
2010-04-16,9.4700,10.7000,9.4200,10.2000,6871400
2010-04-09,9.9500,10.2300,9.8000,10.0500,4994700
2010-04-01,9.9400,10.2800,9.7500,9.8800,3197700
2010-03-26,9.9800,10.3500,9.8500,9.8700,3727400
2010-03-19,10.0500,10.4800,9.9000,10.0000,4718000
2010-03-12,10.1000,10.3900,9.9100,10.1000,3873400
2010-03-05,9.5000,10.1300,9.5000,10.0900,4175300
2010-02-26,9.4600,9.6300,9.1700,9.4900,8320800
2010-02-19,9.2700,9.4600,8.6000,9.4500,8282200
2010-02-12,9.2700,9.4700,8.9900,9.2000,5517100
2010-02-05,9.3700,9.9700,8.9900,9.3100,9812100
2010-01-29,9.7400,9.9500,9.1700,9.2500,6016600
2010-01-22,10.1700,10.4300,9.5800,9.6300,5116000
2010-01-15,10.4000,10.4200,10.0400,10.1400,5257600
2010-01-08,10.2600,10.8500,10.1400,10.3800,6005900
2009-12-31,9.9500,10.3100,9.8500,10.1200,2580400
2009-12-24,9.5900,9.9400,9.5000,9.9100,2374800
2009-12-18,9.7400,9.8500,9.1100,9.5300,7624600
2009-12-11,10.0200,10.2000,9.2900,9.6800,4947500
2009-12-04,9.6000,10.1600,9.0800,10.0300,5474200
2009-11-27,10.3000,10.4400,9.5200,9.6500,1972600
2009-11-20,10.1500,10.5300,9.7500,10.0000,3445700
2009-11-13,10.4200,10.5800,10.0000,10.0800,4404900
2009-11-06,9.7500,10.4600,9.1400,10.2800,10817100
2009-10-30,12.9100,13.1400,9.6000,9.8400,15001500
2009-10-23,13.6700,13.7900,12.6200,12.8500,5707700
2009-10-16,13.6500,13.8000,13.1800,13.5000,6050300
2009-10-09,12.8400,13.9400,12.7900,13.4600,7446200
2009-10-02,12.8700,13.4000,12.4000,12.7400,7772400
2009-09-25,12.4000,13.5400,12.2500,12.7300,6124100
2009-09-18,10.8100,12.7400,10.7000,12.5300,8952000
2009-09-11,10.3900,11.1000,10.2100,10.9600,5487900
2009-09-04,10.4300,10.5700,9.7800,10.2700,5136600
2009-08-28,10.9400,11.0000,10.3600,10.5100,3056200
2009-08-21,10.1000,11.1200,10.0000,10.9300,5742100
2009-08-14,10.7600,11.1700,10.1000,10.3000,6362000
2009-08-07,11.7300,12.0600,9.5100,10.8500,9825200
2009-07-31,11.6200,11.8200,11.3500,11.5000,3334800
2009-07-24,11.3300,12.1400,11.0700,11.8200,4433600
2009-07-17,10.1200,11.3600,9.8900,11.2800,3968000
2009-07-10,9.6200,10.1800,9.3800,10.1100,7600600
2009-07-02,11.4800,11.5800,9.8200,9.9700,6055100
2009-06-26,11.2400,11.7200,10.3900,11.7200,7360900
2009-06-19,12.0000,12.2300,11.1300,11.2600,5833300
2009-06-12,11.5400,12.3900,11.4900,12.1700,5386500
2009-06-05,11.1900,11.6000,10.7500,11.2800,5780500
2009-05-29,9.9400,11.0500,9.9400,11.0500,4270700
2009-05-22,10.2100,11.1500,9.9900,10.0300,5547900
2009-05-15,10.0300,10.6000,9.2400,10.0800,6316000
2009-05-08,10.6500,11.4000,9.5900,10.2800,10069300
2009-05-01,9.7200,11.1000,9.5800,10.4800,5730000
2009-04-24,9.6800,10.0700,9.2000,9.9000,4249300
2009-04-17,9.9600,10.1600,9.2100,10.0200,4655900
2009-04-09,9.4400,10.1100,8.8600,10.0700,6592900
2009-04-03,7.8700,9.7900,7.6000,9.5400,11493100
2009-03-27,7.3600,8.7500,7.3100,8.0800,11280200
2009-03-20,6.5700,7.8200,6.2400,7.2000,9936700
2009-03-13,5.7900,6.5800,5.5800,6.4700,7150300
2009-03-06,6.0100,6.1300,5.4800,5.8400,6818200
2009-02-27,6.1500,6.4000,5.6500,6.2700,6174300
2009-02-20,6.9700,7.1600,6.0800,6.1800,4790200
2009-02-13,6.9200,7.5000,6.3400,7.1300,8265300
2009-02-06,6.0900,7.3000,6.0600,7.0000,5675300
2009-01-30,6.0700,6.6400,5.9500,6.2500,3924800
2009-01-23,5.7000,6.2200,5.4700,6.0400,6171200
2009-01-16,6.7000,6.8600,5.4700,5.7800,3967400
2009-01-09,7.0400,7.6100,6.6300,6.7200,3777600
2009-01-02,6.6000,7.1800,6.1400,7.1300,2386800
2008-12-26,7.4000,7.4300,6.4500,6.6600,2553500
2008-12-19,7.1600,7.6900,6.3500,7.6200,6001700
2008-12-12,6.9900,8.0900,6.3500,7.1500,5247700
2008-12-05,6.0000,6.8900,5.4600,6.8700,5718000
2008-11-28,5.5900,6.2100,5.3500,6.1700,4377200
2008-11-21,5.6500,6.0100,4.6600,5.4900,7193100
2008-11-14,6.6400,6.7300,5.4700,5.7100,6469700
2008-11-07,7.4000,7.4500,6.1800,6.4300,6220500
2008-10-31,6.2600,7.7200,5.9100,7.4000,7699100
2008-10-24,7.6900,7.9600,6.2100,6.3800,6761600
2008-10-17,7.5100,8.6100,6.2700,7.5000,9944700
2008-10-10,8.7800,8.8500,6.5500,7.0500,17059800
2008-10-03,10.0000,10.2700,8.8900,8.9500,9148400
2008-09-26,11.0700,11.2600,9.9500,10.1400,6803300
2008-09-19,10.3900,11.9500,9.4400,11.0000,17437600
2008-09-12,11.8000,12.0200,10.3800,11.2600,13447600
2008-09-05,12.9800,13.5000,11.4900,11.5100,10285600
2008-08-29,13.1500,13.4300,12.5800,12.8900,7796000
2008-08-22,13.4600,13.8100,12.7700,13.1800,7082300
2008-08-15,13.2000,14.0000,12.9700,13.4500,7692100
2008-08-08,11.3300,13.2600,11.2000,13.0900,14126600
2008-08-01,11.1300,11.9700,10.6000,11.2800,24891600
2008-07-25,10.2100,11.1300,9.6800,11.0600,34482800
2008-07-18,14.6700,14.6900,10.1500,10.2000,30899000
2008-07-11,15.1100,15.4700,14.0700,14.5600,8805100
2008-07-03,15.1900,15.7500,14.4800,15.0000,9806700
2008-06-27,17.1900,17.3800,14.9000,15.2400,19571700
2008-06-20,17.8400,18.0300,17.0000,17.0400,10750200
2008-06-13,18.6500,18.8000,16.7900,17.9200,15961100
2008-06-06,20.0200,20.1900,18.6000,18.6100,10064800
2008-05-30,19.0900,20.3000,19.0200,20.1100,5276900
2008-05-23,20.4400,20.4500,18.8500,19.2200,8139100
2008-05-16,19.3600,20.7400,19.2500,20.3000,8394700
2008-05-09,20.3000,21.0000,18.7400,19.2600,13643700
2008-05-02,19.7000,20.6600,19.2100,19.9300,6931700
2008-04-25,18.7500,19.8500,18.0600,19.8000,6764700
2008-04-18,16.9400,18.8500,16.7100,18.7700,7800200
2008-04-11,18.3700,18.5000,16.9500,17.0200,6464800
2008-04-04,17.2500,18.6100,16.9500,18.3000,5692600
2008-03-28,16.8200,17.8500,16.8200,17.1600,9016400
2008-03-20,17.0100,17.3300,16.1100,16.7200,14373800
2008-03-14,17.0700,18.3000,16.2400,17.4700,18268800
2008-03-07,19.2200,19.2700,17.2500,17.4600,11219800
2008-02-29,20.8800,21.1500,19.2000,19.3100,8844500
2008-02-22,22.7000,22.8000,20.5100,20.9500,8723700
2008-02-15,20.7800,23.4400,20.3000,22.4100,15208100
2008-02-08,23.5000,23.7500,20.5100,20.8000,11872700
2008-02-01,20.8800,23.4900,20.2000,23.3000,10900400
2008-01-25,17.6000,21.4300,17.0700,21.0000,11029100
2008-01-18,20.9400,22.4800,19.1000,19.4100,12772800
2008-01-11,21.1300,21.3600,18.2500,19.7700,11472900
2008-01-04,22.2200,22.4700,20.8000,21.0800,5613300
2007-12-28,23.8100,23.8200,22.0800,22.4700,4148300
2007-12-21,21.3500,23.7800,20.5000,23.6100,9011500
2007-12-14,23.8400,23.8600,21.4900,21.4900,6202700
2007-12-07,23.5000,24.2000,22.6300,23.7200,7341100
2007-11-30,21.3500,24.7400,20.5000,23.6400,10725500
2007-11-23,22.3900,22.4400,20.2200,21.3500,6420200
2007-11-16,21.4900,23.1700,20.7300,22.2300,9611500
2007-11-09,24.5300,24.6200,21.3100,21.5700,10488900
2007-11-02,26.0900,27.1900,24.5100,24.9400,12211900
2007-10-26,25.2000,26.1100,24.7000,25.6600,10061200
2007-10-19,28.3300,28.4300,24.0500,25.9800,24919400
2007-10-12,25.1200,29.9700,25.0500,28.4600,28712300
2007-10-05,22.7900,25.3500,22.3100,25.0600,7325600
2007-09-28,20.6200,25.3400,20.6000,22.4600,16623200
2007-09-21,19.9600,21.4900,19.1900,20.4800,7229300
2007-09-14,21.0600,21.1400,19.6300,19.9800,6067900
2007-09-07,20.0000,21.8000,19.9500,20.9700,6705000
2007-08-31,20.1200,20.5300,19.4000,20.0400,5893700
2007-08-24,19.4400,20.3800,19.1100,20.3100,5705700
2007-08-17,20.4300,21.3100,18.9700,19.4500,11984700
2007-08-10,19.3900,20.3200,18.0600,19.0800,17865200
2007-08-03,20.3500,22.2500,19.2700,19.4700,42887500
2007-07-27,30.2600,30.6000,25.9600,26.0100,11802200
2007-07-20,29.5400,31.4900,28.8600,29.9800,9074200
2007-07-13,30.3900,30.6300,29.1000,29.6700,6373000
2007-07-06,29.9500,30.9200,29.8500,30.5400,4971400
2007-06-29,28.7800,30.1500,28.1800,29.4600,10013700
2007-06-22,30.1000,30.2500,28.4300,28.8400,7747600
2007-06-15,30.0700,30.4500,28.2900,29.9600,12955400
2007-06-08,32.0800,32.4700,29.6700,30.2000,11639700
2007-06-01,32.9300,33.4700,30.8500,32.1400,14147500
2007-05-25,31.5000,36.7000,31.2500,32.6800,47201400
2007-05-18,28.1300,31.5900,26.5900,30.0000,33892700
2007-05-11,27.6900,28.2000,26.0600,28.1300,14536500
2007-05-04,30.4300,30.4600,26.8000,27.7200,16941800
2007-04-27,29.7100,30.3500,29.1800,29.7300,6154800
2007-04-20,31.2200,31.3400,29.1700,29.6000,8825400
2007-04-13,27.7000,29.7500,27.4100,29.5000,9956600
2007-04-05,26.4600,28.0000,26.3300,27.5900,7052500
2007-03-30,26.4900,26.9400,25.5300,26.1300,7162200
2007-03-23,26.1000,27.6300,25.7600,26.4800,9813600
2007-03-16,26.4000,27.0500,25.7400,25.8400,7471000
2007-03-09,25.0000,26.9900,24.9800,26.3900,9500100
2007-03-02,28.4100,28.5200,24.6300,25.4800,10291900
2007-02-23,27.4000,29.3300,26.3600,28.4800,14678500
2007-02-16,26.3300,27.5700,25.5400,27.4600,10161200
2007-02-09,25.9200,27.2700,25.1100,26.3300,8090900
2007-02-02,26.1300,26.6200,25.3800,25.4100,8761900
2007-01-26,24.5600,26.3800,23.9800,25.5500,10454600
2007-01-19,23.0600,24.8200,23.0000,24.3800,7760300
2007-01-12,23.5200,23.8000,22.6100,22.7800,7241200
2007-01-05,23.8100,24.1900,23.1500,23.4900,5361500
2006-12-29,23.4100,24.2400,23.3300,23.6300,4121700
2006-12-22,24.2400,24.6200,23.2400,23.5700,9013500
2006-12-15,25.0800,25.4700,24.1100,24.2000,9576400
2006-12-08,23.9400,25.3500,23.9400,25.0600,10143100
2006-12-01,23.3600,24.9400,23.1900,24.0100,29901200
2006-11-24,22.0200,24.0000,21.9900,24.0000,7495800
2006-11-17,21.5900,22.6600,21.2900,22.1100,10156300
2006-11-10,21.0900,22.1000,20.9000,21.6600,10148600
2006-11-03,19.2100,22.3300,18.5400,21.7500,24796900
2006-10-27,18.0000,19.7500,17.9100,19.2800,7902300
2006-10-20,18.2700,18.6000,17.4100,17.9900,6415900
2006-10-13,18.1100,18.5700,17.3000,18.3600,7709800
2006-10-06,18.5000,18.9900,17.9900,18.2100,7176000
2006-09-29,17.2700,18.8600,17.1200,18.5400,8424000
2006-09-22,17.5100,17.6900,16.0300,17.3000,9251000
2006-09-15,17.2000,18.4500,17.0800,17.6500,9200200
2006-09-08,17.5500,18.0000,16.9300,17.3400,5881100
2006-09-01,16.9500,18.0000,16.9200,17.5700,4291400
2006-08-25,17.5200,17.6300,16.8600,16.9800,4264100
2006-08-18,16.9000,17.8500,16.6900,17.7100,6847700
2006-08-11,17.2300,17.4100,16.3000,16.7100,7391000
2006-08-04,14.0300,18.3300,13.8000,17.4400,17691300
2006-07-28,13.4800,14.7500,13.4000,13.9900,5221900
2006-07-21,13.5000,14.4000,13.1500,13.3300,5601700
2006-07-14,14.5000,14.6200,13.4200,13.5300,5812400
2006-07-07,15.4700,15.5400,14.4300,14.4600,3674000
2006-06-30,14.7200,15.4700,14.3900,15.3500,4795600
2006-06-23,14.7100,14.8800,14.2500,14.6500,7242400
2006-06-16,14.6100,14.8700,13.2200,14.4100,14079900
2006-06-09,16.0000,16.0500,14.2400,14.6800,12238300
2006-06-02,16.5100,16.6000,15.6100,16.0100,5199400
2006-05-26,16.1300,16.7800,15.5100,16.6500,6868400
2006-05-19,16.7600,16.8800,15.7500,16.1500,7196000
2006-05-12,17.5300,18.3000,16.8200,16.8700,14488400
2006-05-05,16.8100,17.3900,16.2800,17.2800,7270400
2006-04-28,17.2500,17.4700,16.4500,16.8500,9578900
2006-04-21,17.6500,18.6500,17.2800,17.9400,6784600
2006-04-13,17.2900,17.8100,17.0400,17.7300,5328600
2006-04-07,16.9900,17.7800,16.6800,17.2800,6522500
2006-03-31,16.4500,16.9900,15.8300,16.9200,10717900
2006-03-24,16.5000,16.9100,16.1000,16.4900,5598300
2006-03-17,15.8800,16.7200,15.8200,16.4200,8115000
2006-03-10,17.5000,17.6400,15.4600,15.7000,12670800
2006-03-03,18.7500,18.9100,17.0700,17.5000,14628700
2006-02-24,17.2900,18.6000,17.0100,18.5000,7884800
2006-02-17,16.7900,17.3300,16.0800,17.1600,8014000
2006-02-10,17.7800,18.1400,16.7900,16.8800,7591400
2006-02-03,19.1800,19.2000,17.0300,17.7900,10243800
2006-01-27,18.7700,19.2100,17.8600,18.9000,10583000
2006-01-20,20.3500,20.7500,18.3000,18.7900,8292000
2006-01-13,20.5900,20.9800,20.0800,20.6400,10086400
2006-01-06,18.3000,20.6800,17.5000,20.2500,8568400
2005-12-30,18.9200,18.9300,17.8500,18.1100,5548100
2005-12-23,17.6700,19.1700,17.6000,18.8200,12913800
2005-12-16,18.3000,18.4500,16.8500,17.3800,9904500
2005-12-09,19.7700,19.8900,17.6000,18.1900,11810200
2005-12-02,18.6700,20.2600,17.9800,20.2400,8903100
2005-11-25,18.9900,19.3000,18.5400,18.6700,3797200
2005-11-18,18.0000,18.9900,17.1900,18.9500,10965600
2005-11-11,19.0100,19.2000,17.6000,17.9800,11154100
2005-11-04,17.0000,19.3400,16.3000,18.9000,15351700
2005-10-28,17.3800,17.7100,16.6000,16.9000,5461500
2005-10-21,16.2800,17.3400,15.9200,17.2200,5631700
2005-10-14,16.1000,16.7500,15.5800,16.3700,6398800
2005-10-07,17.2600,17.3700,15.2600,16.0600,9774000
2005-09-30,16.4700,17.6400,16.1000,17.0900,16589600
2005-09-23,15.4900,16.2900,14.9300,16.1000,15338800
2005-09-16,15.2400,15.5500,14.5900,15.4600,5573600
2005-09-09,14.8300,15.6100,14.7300,15.3100,5848800
2005-09-02,13.2100,14.9400,13.2000,14.7100,6314900
2005-08-26,13.8100,13.9400,12.9700,13.2900,6334100
2005-08-19,13.0900,13.9100,12.9500,13.8700,7689700
2005-08-12,13.4200,13.6000,12.2100,13.1100,9276200
2005-08-05,12.8300,13.5100,12.7000,13.2800,8276500
2005-07-29,12.8500,12.9500,12.4400,12.8400,3807900
2005-07-22,12.4300,12.9600,12.3500,12.9100,5388500
2005-07-15,12.7300,13.0500,12.2900,12.4600,5516600
2005-07-08,12.1500,12.9000,12.0800,12.7300,5889600
2005-07-01,11.6100,12.4900,11.1200,12.1900,8227300
2005-06-24,10.0300,11.6900,10.0000,11.4100,8457800
2005-06-17,10.3400,11.1500,9.7900,10.0900,7790900
2005-06-10,10.2900,10.5800,9.6600,10.2800,8087800
2005-06-03,10.7100,10.8600,10.3000,10.3300,4081600
2005-05-27,10.2300,10.7100,9.8900,10.6900,4798500
2005-05-20,9.5900,10.3300,9.3300,10.2300,5856200
2005-05-13,9.6000,9.8800,9.3200,9.5900,5311600
2005-05-06,10.3900,10.6600,9.0100,9.6700,14648700
2005-04-29,11.1800,11.1800,10.1200,10.3600,6464200
2005-04-22,10.5000,11.8000,10.3600,11.1500,8039600
2005-04-15,10.8000,11.3000,10.5000,10.5100,4591600
2005-04-08,10.4300,11.0000,10.3100,10.7900,5106900
2005-04-01,10.8000,11.0000,10.2500,10.3500,7422400
2005-03-24,10.8800,11.1800,10.5100,10.6900,4180600
2005-03-18,11.7400,11.7700,10.6800,10.8700,13182100
2005-03-11,13.0000,13.1000,11.8200,11.9300,7461200
2005-03-04,12.3600,13.0800,12.1600,12.9900,6046400
2005-02-25,12.5500,13.1000,12.1900,12.3600,11119000
2005-02-18,12.2600,13.5700,11.9300,12.6300,11618300
2005-02-11,13.2800,13.4300,11.3400,12.0900,7520300
2005-02-04,13.1100,14.1000,12.8800,13.3000,6632300
2005-01-28,12.9000,13.0800,12.0000,12.7800,6006700
2005-01-21,12.8800,13.5000,12.7000,12.8000,6253000
2005-01-14,12.6900,13.2000,12.4300,12.8400,8127400
2005-01-07,13.6500,14.6500,12.2800,12.6100,20333700
2004-12-31,13.3800,14.0000,13.2500,13.3300,6284000
2004-12-23,12.6800,13.6200,12.0800,13.3200,4522600
2004-12-17,13.2000,13.3000,12.4800,12.5500,4342000
2004-12-10,13.4000,14.0800,12.0500,12.9200,7080000
2004-12-03,12.1500,13.5600,11.8100,13.2700,11891400
2004-11-26,11.5000,12.1300,11.3700,12.0000,3566700
2004-11-19,11.6800,12.4300,11.4000,11.5600,7702500
2004-11-12,10.9900,11.6000,10.9200,11.4900,6799000
2004-11-05,9.4000,11.5000,9.1900,10.9100,10718500
2004-10-29,9.1500,9.7900,9.0300,9.2900,3597600
2004-10-22,9.0200,9.8100,8.7800,9.0900,3908400
2004-10-15,9.3400,9.9000,8.8300,9.0200,4610500
2004-10-08,10.0000,10.2500,9.1300,9.2500,4874600
2004-10-01,9.2300,9.9100,8.9500,9.9000,5093800
2004-09-24,8.9800,9.6100,8.8700,9.3500,6001300
2004-09-17,8.2500,9.3000,8.1600,8.9200,6256700
2004-09-10,7.4100,8.6400,7.2500,8.2100,8109800
2004-09-03,7.2500,7.7900,7.1000,7.2300,2623500
2004-08-27,7.9100,7.9900,7.2000,7.4300,3892500
2004-08-20,7.1200,8.0100,7.0600,7.8800,4065200
2004-08-13,6.5800,7.6100,6.4000,7.0400,8420600
2004-08-06,10.3300,10.3500,6.3100,6.6800,20138300
2004-07-30,10.5000,10.7000,9.9100,10.3800,5367100
2004-07-23,10.8000,11.1300,9.8100,10.5000,6244400
2004-07-16,10.5900,11.4500,10.5200,10.7300,4083700
2004-07-09,11.7900,11.8000,10.5400,10.7600,3987200
2004-07-02,11.8300,12.3500,11.1700,11.8000,6090800
2004-06-25,11.3900,12.4900,11.0800,11.8000,7563600
2004-06-18,10.9800,11.4700,10.6900,11.3400,4194000
2004-06-10,11.3700,11.5700,10.4600,10.9400,3035300
2004-06-04,10.9700,11.6400,10.6000,11.2400,3511500
2004-05-28,9.9400,11.2400,9.9300,10.9400,6066000
2004-05-21,9.6400,10.2800,9.4500,9.9600,3464700
2004-05-14,9.8000,10.2700,9.3000,9.8000,5116300
2004-05-07,10.3400,10.6500,9.8200,9.8300,4208000
2004-04-30,12.0400,12.0400,10.0500,10.3600,5842900
2004-04-23,11.0600,12.2400,10.8700,11.9900,4828100
2004-04-16,12.5300,12.7500,10.6200,11.1200,7066100
2004-04-08,11.2000,12.5300,10.6900,12.4800,4823400
2004-04-02,10.4100,11.3000,10.3400,11.3000,3750000
2004-03-26,9.7800,10.4000,9.1200,10.3100,3807400
2004-03-19,10.1100,10.2100,9.5200,9.8100,3822900
2004-03-12,11.5300,11.5900,9.3600,10.1600,4313600
2004-03-05,10.9600,11.6000,10.4500,11.4900,4046800
2004-02-27,10.8500,11.0700,10.3000,10.9500,4706700
2004-02-20,11.7500,11.9900,10.2700,10.9800,4243800
2004-02-13,10.5000,12.6700,10.3800,11.5200,14006900
2004-02-06,10.4000,10.9800,9.8200,10.5700,4501100
2004-01-30,10.6100,11.2500,9.8100,10.4500,7342100
2004-01-23,9.9600,11.3900,9.8900,10.6100,7818400
2004-01-16,9.7600,10.2200,9.7000,9.8300,3584700
2004-01-09,9.2700,10.4000,9.2600,9.9500,6848000
2004-01-02,9.0400,9.4100,8.9800,9.2400,2414700
2003-12-26,8.9500,9.1500,8.7100,9.0500,2926000
2003-12-19,8.9900,9.1700,8.0900,8.9900,6406700
2003-12-12,7.9600,9.0600,7.6000,8.6700,9057500
2003-12-05,8.3800,8.5000,7.6000,7.8700,4129300
2003-11-28,7.9600,8.5200,7.9600,8.3500,2328400
2003-11-21,7.5700,8.1700,7.1200,7.9400,6009500
2003-11-14,7.8500,8.0600,7.5000,7.6400,4397000
2003-11-07,8.1500,8.5000,7.5400,7.7000,9968700
2003-10-31,9.1500,9.6000,7.7200,8.1300,12180800
2003-10-24,9.5400,10.0000,8.6100,9.0400,4545400
2003-10-17,9.5100,11.1200,9.2500,9.4200,8414000
2003-10-10,8.9300,9.8000,8.8500,9.3000,5050300
2003-10-03,8.3800,8.8400,8.0500,8.7900,5546300
2003-09-26,9.4400,9.9500,7.6000,8.3000,8217900
2003-09-19,9.3800,10.0000,8.9200,9.9600,6889100
2003-09-12,9.4700,9.6100,8.6000,9.4600,5106700
2003-09-05,9.2600,9.3400,8.4000,9.1100,4995100
2003-08-29,8.0000,9.2500,7.7500,9.2500,6311800
2003-08-22,7.6900,8.6600,7.6400,8.0800,6495100
2003-08-15,7.2600,7.8500,7.1100,7.5500,3720200
2003-08-08,7.8600,7.9000,6.8500,7.1700,6144500
2003-08-01,8.2000,8.4000,6.6800,7.8900,16494300
2003-07-25,6.2000,8.0900,5.7800,7.8700,11946200
2003-07-18,7.1700,7.5700,6.0300,6.2100,4619600
2003-07-11,6.9800,7.4000,6.6000,6.9900,6617900
2003-07-03,5.9500,7.0000,5.8200,6.9000,4431500
2003-06-27,6.0000,6.2500,5.6100,5.8500,3125500
2003-06-20,5.6800,6.5000,5.6500,6.3100,5660900
2003-06-13,5.9500,5.9500,5.1000,5.6800,5623100
2003-06-06,5.2500,6.5400,5.1000,6.0000,10315200
2003-05-30,4.7900,5.2500,4.7000,5.1100,3970700
2003-05-23,4.6700,4.8200,4.2300,4.7900,3597300
2003-05-16,4.1800,4.8700,4.0700,4.8400,5872600
2003-05-09,4.3700,4.5000,3.8600,4.2200,4002700
2003-05-02,4.1300,4.5000,4.0100,4.4700,8233500
2003-04-25,4.0300,4.3200,3.6100,4.1000,5583900
2003-04-17,3.7700,4.1000,3.5500,4.0300,3742000
2003-04-11,3.5000,3.9500,3.2300,3.7700,4367500
2003-04-04,3.1000,3.6000,3.0300,3.5300,3451800
2003-03-28,3.0500,3.1600,2.9200,3.1000,1483300
2003-03-21,3.0500,3.2100,2.9500,3.0300,1438300
2003-03-14,3.1400,3.1900,2.8700,3.1500,1630300
2003-03-07,3.1900,3.2600,3.0200,3.1500,2180600
2003-02-28,3.0100,3.2000,2.9500,3.1400,1916400
2003-02-21,2.9700,3.1000,2.9100,3.0000,1450800
2003-02-14,2.7800,3.0800,2.7000,3.0000,3149000
2003-02-07,2.7500,2.9100,2.6800,2.7800,1405400
2003-01-31,2.6600,2.7600,2.6300,2.7500,800200
2003-01-24,2.7100,2.7600,2.6100,2.6700,604400
2003-01-17,2.6800,2.7200,2.6100,2.6500,731200
2003-01-10,2.7100,2.7600,2.6100,2.6700,995800
2003-01-03,2.8200,2.8700,2.7000,2.7400,920500
2002-12-27,2.8500,2.8800,2.7000,2.8300,686300
2002-12-20,2.6400,2.9400,2.6100,2.8500,2035300
2002-12-13,2.7500,2.7600,2.6100,2.7100,3361500
2002-12-06,2.7900,2.8500,2.6500,2.7600,1450400
2002-11-29,2.7400,2.8900,2.6500,2.8100,3309200
2002-11-22,2.7000,2.8600,2.5400,2.7700,3079700
2002-11-15,2.7100,2.8500,2.5400,2.7100,2033100
2002-11-08,2.5900,2.7300,2.3200,2.7100,2044300
2002-11-01,2.3000,2.6500,2.2000,2.5900,1334900
2002-10-25,2.0800,2.3100,2.0800,2.3000,453000
2002-10-18,2.0500,2.2100,2.0400,2.1400,1390800
2002-10-11,2.1200,2.2200,1.9900,2.1100,958200
2002-10-04,2.0700,2.2800,2.0300,2.1500,1037300
2002-09-27,2.2400,2.3400,2.0800,2.1200,1458800
2002-09-20,2.3600,2.3800,2.1500,2.2700,1453100
2002-09-13,2.4200,2.4300,2.3100,2.3500,1298500
2002-09-06,2.4200,2.5000,2.3500,2.4300,835600
2002-08-30,2.4600,2.5000,2.4000,2.4100,1584500
2002-08-23,2.5000,2.5400,2.4500,2.4700,1375900
2002-08-16,2.5100,2.6200,2.4100,2.5000,2553000
2002-08-09,2.3600,2.5500,2.3300,2.4900,1222800
2002-08-02,2.4100,2.5400,2.2000,2.3800,569200
2002-07-26,2.4300,2.5400,2.3100,2.4200,1179600
2002-07-19,2.7700,2.7800,2.4300,2.4700,1579600
2002-07-12,2.8800,2.9800,2.7400,2.7900,967300
2002-07-05,3.1700,3.2300,2.8200,3.0300,911700
2002-06-28,2.8500,3.3200,2.7000,3.2400,8275700
2002-06-21,2.9100,3.0000,2.8600,2.8900,2349500
2002-06-14,3.0900,3.0900,2.8000,2.9700,1534300
2002-06-07,3.2200,3.3000,2.9500,3.1000,2084400
2002-05-31,3.1400,3.3600,2.9100,3.2200,2605200
2002-05-24,2.7100,2.9900,2.6900,2.9900,2391000
2002-05-17,2.6900,2.7600,2.6200,2.6900,994700
2002-05-10,2.6800,2.7400,2.5700,2.6900,1058400
2002-05-03,2.7100,2.7400,2.6300,2.7200,750900
2002-04-26,2.6200,2.7400,2.5400,2.7100,920400
2002-04-19,2.5900,2.7300,2.5000,2.6400,728400
2002-04-12,2.7500,2.7500,2.6000,2.6000,955200
2002-04-05,2.6300,2.9300,2.6200,2.7500,1307900
2002-03-28,2.7000,2.7300,2.6100,2.6400,607400
2002-03-22,2.8900,2.9000,2.6900,2.7000,1092900
2002-03-15,3.0200,3.0500,2.6300,2.8000,951000
2002-03-08,2.5700,3.1500,2.5000,2.9600,1396800
2002-03-01,2.5000,2.6100,2.3300,2.5600,1848900
2002-02-22,2.4000,2.5800,2.3700,2.4500,888700
2002-02-15,2.4600,2.5900,2.3800,2.4200,416800
2002-02-08,2.7400,2.7400,2.2500,2.4800,828600
2002-02-01,2.8200,2.8900,2.6600,2.7300,430000
2002-01-25,2.9700,2.9700,2.6600,2.7500,328400
2002-01-18,2.8900,3.0000,2.8000,2.9200,317000
2002-01-11,3.1300,3.1800,2.9400,2.9500,332800
2002-01-04,2.8100,3.1900,2.7300,3.1100,985900
2001-12-28,2.6900,2.8400,2.6800,2.8100,488800
2001-12-21,2.7500,2.8900,2.5600,2.6800,657000
2001-12-14,2.5700,2.9000,2.5000,2.7700,1286400
2001-12-07,2.5100,2.6900,2.4000,2.6000,545600
2001-11-30,2.7200,2.7700,2.5000,2.5000,817800
2001-11-23,2.5700,2.7800,2.5000,2.7400,316500
2001-11-16,2.6000,2.6700,2.4800,2.6100,229400
2001-11-09,2.2800,2.7000,2.1500,2.6000,606500
2001-11-02,2.0500,2.4600,2.0000,2.2400,947700
2001-10-26,2.0000,2.1900,1.9300,2.0400,274500
2001-10-19,1.9300,2.1400,1.8800,1.9700,284800
2001-10-12,1.9900,2.0100,1.8700,1.9700,758200
2001-10-05,2.0600,2.0700,1.9900,2.0000,477400
2001-09-28,2.0500,2.1700,1.9900,2.0600,228100
2001-09-21,2.1500,2.2500,1.9600,2.0300,578900
2001-09-10,2.1600,2.1700,2.1300,2.1700,65400
2001-09-07,2.2200,2.2600,2.1200,2.1700,310400
2001-08-31,2.1200,2.3100,2.0800,2.1800,263400
2001-08-24,2.3700,2.3800,1.9500,2.1000,472000
2001-08-17,2.4700,2.5000,2.3500,2.3700,403900
2001-08-10,2.5300,2.5300,2.4000,2.4500,171700
2001-08-03,2.4700,2.5300,2.4500,2.5200,238000
2001-07-27,2.5700,2.5700,2.3500,2.4900,242700
2001-07-20,2.5700,2.6700,2.2000,2.5500,410300
2001-07-13,2.8800,2.9300,2.5500,2.5900,145700
2001-07-06,3.0000,3.0300,2.8300,2.8900,274200
2001-06-29,2.9800,3.2000,2.9500,3.2000,189500
2001-06-22,2.9700,3.0500,2.9700,2.9900,92100
2001-06-15,3.0700,3.1000,3.0000,3.0000,233500
2001-06-08,3.0200,3.1300,2.9900,3.0500,394300
2001-06-01,3.1800,3.2900,2.8800,3.0400,444700
2001-05-25,2.8500,3.4900,2.6600,3.1900,1995600
2001-05-18,2.8800,2.9900,2.5800,2.6300,326400
2001-05-11,3.0000,3.2300,2.8800,2.9200,341600
2001-05-04,3.0600,3.4900,2.8000,3.1000,1104000
2001-04-27,3.2500,3.5400,2.5800,3.0100,623800
2001-04-20,3.3400,3.4000,2.9000,3.0000,325000
2001-04-12,3.4900,3.7400,3.3100,3.4400,162000
2001-04-06,3.1900,3.5600,2.8800,3.2500,381300
2001-03-30,3.8800,4.0000,3.0300,3.1900,199400
2001-03-23,3.6200,3.9400,3.3400,3.6900,222800
2001-03-16,3.9200,4.0000,3.3800,3.4400,395400
2001-03-09,4.1900,4.4400,3.8800,3.9400,142000
2001-03-02,4.6900,4.8800,3.8100,4.3800,175800
2001-02-23,5.1200,5.1600,4.4400,4.6200,263800
2001-02-16,5.1600,5.5000,4.8800,5.0900,223100
2001-02-09,5.5000,5.5600,5.0000,5.1900,174600
2001-02-02,5.0600,5.8800,5.0000,5.2200,347300
2001-01-26,4.6900,5.4400,4.6900,5.0600,544100
2001-01-19,4.7500,5.3800,4.6200,4.6900,460000
2001-01-12,4.6700,4.9400,4.1200,4.6600,312500
2001-01-05,5.5000,5.5000,4.5000,4.7500,319700
2000-12-29,5.0500,5.8800,4.4100,4.9400,509400
2000-12-22,4.7200,4.9700,3.8000,4.7800,881200
2000-12-15,4.8800,4.8800,4.4400,4.6200,234600
2000-12-08,4.7500,4.7500,4.0000,4.5000,511400
2000-12-01,4.2500,4.9400,3.6200,4.5000,893400
2000-11-24,4.7300,4.8800,3.4400,3.8800,312100
2000-11-17,4.6900,5.0000,4.0600,4.6200,229500
2000-11-10,4.2200,5.2500,4.0000,4.6900,1271200
2000-11-03,4.7800,4.8100,3.6200,4.0600,2598100
2000-10-27,4.2200,5.0000,4.1600,4.5000,880800
2000-10-20,4.6100,4.8800,4.0600,4.3400,776200
2000-10-13,5.7800,6.0000,3.8800,4.4100,620000
2000-10-06,6.8800,6.8800,5.7500,5.8400,248800
2000-09-29,8.3100,8.8100,6.4400,6.4400,708100
2000-09-22,10.0600,10.7500,7.5000,8.5600,501800
2000-09-15,10.3100,10.8100,9.6200,10.3800,151800
2000-09-08,11.1200,11.6200,10.2500,10.3800,107100
2000-09-01,10.7500,12.0000,10.1900,11.2500,506700
2000-08-25,9.8800,11.0000,9.4400,11.0000,234900
2000-08-18,10.0000,10.2500,9.3100,9.8800,123700
2000-08-11,11.0000,11.0000,9.8800,10.2500,71300
2000-08-04,11.5600,11.6200,9.8800,10.5600,111700
2000-07-28,10.0600,15.1900,8.5000,11.5600,619200
2000-07-21,12.3800,12.7500,10.1200,10.3800,247500
2000-07-14,9.1900,13.0000,7.8800,11.9400,795200
2000-07-07,9.9400,10.0600,9.0000,9.3800,346800
2000-06-30,10.9700,11.1200,9.8100,10.2500,870200
2000-06-23,10.9400,13.6900,10.2500,10.8100,1066100
2000-06-16,15.0000,15.0000,10.6700,11.5000,974100
2000-06-09,11.1200,16.4400,10.5000,15.5600,714400
2000-06-02,11.0600,11.1200,8.3800,10.9400,682100
2000-05-26,12.9400,13.0000,10.1900,10.2500,152200
2000-05-19,14.7500,14.7500,12.2500,12.7500,137800
2000-05-12,16.0000,16.6900,12.7500,15.0000,188300
2000-05-05,14.1200,19.0000,13.3800,16.1200,730800
2000-04-28,11.4700,15.2500,10.5600,12.8100,902500
2000-04-20,10.7500,12.8800,9.5000,12.4400,1626800
2000-04-14,17.5300,19.3800,7.5000,11.7500,1201600
2000-04-07,19.8800,20.0000,10.8800,18.0000,3202500
