timestamp,open,high,low,close,volume
2018-02-27,212.3400,215.0350,206.2300,206.6900,1250667
2018-02-23,209.0700,220.0000,196.8700,210.2000,2920935
2018-02-16,212.2700,220.0000,202.0200,210.4100,3468703
2018-02-09,250.0100,255.3000,194.0200,209.6100,7227243
2018-02-02,266.2200,271.5000,251.0200,252.8200,2541673
2018-01-26,318.4000,318.4400,264.0900,268.9100,3846200
2018-01-19,304.4400,329.0000,302.8200,318.3500,2231580
2018-01-12,296.0000,307.9100,291.2500,301.5700,1758445
2018-01-05,283.5600,302.1099,283.1478,295.7500,1268978
2017-12-29,293.0000,296.3800,280.9100,282.2200,899979
2017-12-22,290.9100,299.7800,289.2000,295.2100,1055244
2017-12-15,292.9700,297.0600,283.9500,288.0300,1469506
2017-12-08,292.8600,295.0912,270.8900,292.9500,2577357
2017-12-01,319.0100,319.3100,278.0100,289.5700,2102008
2017-11-24,309.0000,320.7300,307.8700,318.4200,1052881
2017-11-17,308.9700,314.7600,295.8100,307.3200,2117609
2017-11-10,258.2100,310.1000,257.6000,308.9700,4362768
2017-11-03,259.5100,272.8700,253.8700,259.8700,2082272
2017-10-27,262.9500,268.0000,259.5200,261.0100,1442616
2017-10-20,254.0100,264.2800,249.5000,261.8000,1522885
2017-10-13,245.5700,258.7400,244.6300,253.7300,1372573
2017-10-06,235.4100,248.5000,230.9200,245.0900,2706343
2017-09-29,253.5100,254.1700,235.0000,235.1700,2623384
2017-09-22,255.4600,281.0000,251.5300,254.4100,3292184
2017-09-15,238.5500,256.8500,237.4900,253.7700,3044165
2017-09-08,231.0600,238.4900,225.3500,235.4300,1370015
2017-09-01,221.1200,236.2700,218.4000,232.9300,1954503
2017-08-25,218.4400,226.5500,213.4200,220.0500,2050417
2017-08-18,217.5800,237.6800,215.0000,218.3600,3515426
2017-08-11,212.8200,228.9500,210.0300,214.5300,3141617
2017-08-04,268.4200,273.2800,208.5600,210.9900,7315535
2017-07-28,269.8300,278.3900,261.3100,265.7500,1743818
2017-07-21,272.8700,276.2000,262.6800,268.9000,2572607
2017-07-14,236.8700,277.9000,234.4000,271.9600,3428362
2017-07-07,228.0700,238.8800,221.8400,236.1100,1499639
2017-06-30,241.0800,244.9100,219.0200,224.9900,2343062
2017-06-23,244.1900,251.2500,238.8000,239.0200,2907022
2017-06-16,251.5700,253.6100,230.0700,241.0000,2013677
2017-06-09,254.8300,269.1800,242.4200,249.2900,1541352
2017-06-02,248.5000,260.9900,242.5200,255.8300,1096446
2017-05-26,248.9500,253.9700,239.5100,248.4600,1509484
2017-05-19,249.4800,260.2500,241.1300,245.7400,2138426
2017-05-12,224.1800,255.0400,215.9900,248.8900,1837718
2017-05-05,216.3700,225.2600,210.8600,225.1600,1187237
2017-04-28,208.4100,217.8600,206.8500,215.6000,1034209
2017-04-21,192.7600,206.3000,191.5100,205.4700,1285399
2017-04-13,199.8000,201.5000,191.0100,192.7900,953837
2017-04-07,207.6600,208.6200,195.0300,199.6500,1262253
2017-03-31,197.4500,207.8400,195.2500,205.6400,1960159
2017-03-24,193.0000,201.8100,184.3700,197.9600,1633386
2017-03-17,186.7900,197.0800,183.0200,192.9400,5369723
2017-03-10,182.3900,186.5600,179.6000,184.1500,964083
2017-03-03,186.8700,190.3700,181.5000,183.0600,1210491
2017-02-24,194.8300,195.4000,181.7000,187.1200,1238840
2017-02-17,198.5100,200.0000,189.0100,193.6000,1708493
2017-02-10,157.7400,200.5300,156.8300,197.1900,1484062
2017-02-03,155.8500,162.3500,150.5000,158.4500,1167681
2017-01-27,147.7900,158.8180,146.4000,156.6900,1178534
2017-01-20,146.1100,149.1800,143.7400,148.1700,841244
2017-01-13,139.2500,145.8800,138.7600,145.8600,1155119
2017-01-06,139.5700,141.7500,135.7400,138.6900,791928
2016-12-30,137.9900,139.6300,135.0600,137.3850,470657
2016-12-23,138.2300,138.9700,132.1200,137.3900,1329792
2016-12-16,132.0000,139.8500,129.6200,137.8900,1821870
2016-12-09,129.2700,136.9900,128.2100,132.1400,891437
2016-12-02,132.7200,134.9700,124.9400,128.7700,957475
2016-11-25,130.9100,134.2000,129.0000,133.4000,510941
2016-11-18,127.9000,130.9400,124.7000,130.8600,1016677
2016-11-11,117.4700,126.2200,115.0000,125.8900,1376997
2016-11-04,105.6600,118.3700,100.0100,115.6000,1702336
2016-10-28,105.0700,108.8300,103.6500,105.6800,571626
2016-10-21,104.5100,106.9900,101.7900,104.5600,751136
2016-10-14,111.7100,113.0900,104.7800,104.8500,617699
2016-10-07,110.6000,113.8300,108.3000,111.1100,912671
2016-09-30,110.6000,112.4000,108.8300,110.5400,515493
2016-09-23,104.9000,111.9700,104.9000,110.9700,1007815
2016-09-16,101.8000,105.2100,101.2350,104.7000,791182
2016-09-09,105.2600,106.4700,102.3400,102.5800,405279
2016-09-02,107.5000,108.1700,104.9000,105.7200,663629
2016-08-26,111.4900,111.7999,106.6450,107.7000,783008
2016-08-19,108.6000,112.0899,107.7300,111.4500,860550
2016-08-12,106.6500,110.4799,104.5110,108.6000,1256066
2016-08-05,105.3800,107.7200,105.1200,105.8700,1200604
2016-07-29,96.3400,107.1500,94.0900,106.0500,1772795
2016-07-22,94.1000,97.5900,92.9339,96.4400,1055455
2016-07-15,93.7900,96.0500,92.9300,94.5600,502443
2016-07-08,89.8000,93.3200,88.5600,93.0100,504865
2016-07-01,88.4900,93.0000,86.3200,90.5000,1227699
2016-06-24,94.5700,94.8900,88.0000,89.3800,1505044
2016-06-17,94.3500,95.4499,92.5500,93.3700,609107
2016-06-10,97.5800,98.4900,91.5000,94.5000,664449
2016-06-03,96.0400,97.7100,94.1000,97.5300,556305
2016-05-27,87.7800,96.2000,87.3100,96.1000,1206188
2016-05-20,85.7000,87.6900,81.0000,87.4700,1035365
2016-05-13,90.5000,90.5400,85.3500,85.4900,1167197
2016-05-06,93.4000,93.4000,86.6900,90.1700,1493077
2016-04-29,94.6400,99.8200,89.7700,93.4000,1375857
2016-04-22,95.6700,96.8300,93.5200,94.8300,830871
2016-04-15,91.9200,97.7100,90.8200,95.8100,1110663
2016-04-08,92.7200,92.7200,89.3500,91.1900,1055822
2016-04-01,88.7900,94.0000,87.1500,92.5800,934296
2016-03-24,89.4600,91.8800,87.4500,88.7400,622726
2016-03-18,86.8400,90.8200,84.1201,89.4300,1636722
2016-03-11,85.7800,88.6600,84.0550,86.9100,878859
2016-03-04,84.0000,86.4100,83.4500,84.7900,1057682
2016-02-26,82.8000,85.6700,81.2600,84.0000,1178584
2016-02-19,77.6000,82.7000,76.4650,82.1500,1104856
2016-02-12,75.4700,79.7300,73.0500,76.8000,988622
2016-02-05,76.5200,79.6400,76.0400,76.4200,1416612
2016-01-29,61.0300,82.7600,60.4000,77.2700,1921356
2016-01-22,59.2500,61.3100,56.7200,61.2800,699890
2016-01-15,60.8100,62.3300,57.6500,58.6300,913127
2016-01-08,63.9500,64.0000,60.0900,60.1700,792095
2015-12-31,66.7800,67.5400,65.0500,65.1100,359037
2015-12-24,64.2800,67.9200,63.7100,66.9800,402013
2015-12-18,64.9300,66.8500,63.4350,63.8100,1134949
2015-12-11,67.8500,68.3650,64.3900,65.0000,731312
2015-12-04,68.0000,69.3935,67.0550,68.3300,652937
2015-11-27,66.7200,68.6200,65.1400,67.8500,412084
2015-11-20,61.2300,67.0800,61.2300,66.8200,941250
2015-11-13,62.9700,63.7100,60.7300,61.0600,568055
2015-11-06,54.0400,69.6700,54.0400,63.7700,988836
2015-10-30,54.2400,57.4450,52.1700,54.2000,685570
2015-10-23,55.5500,55.9100,53.5600,54.4900,659210
2015-10-16,57.9800,58.6900,55.5400,56.0000,507611
2015-10-09,55.0100,59.3648,54.6900,57.8100,551400
2015-10-02,54.6300,55.1500,52.1500,54.6800,640920
2015-09-25,58.2900,58.8300,54.3200,54.9300,644671
2015-09-18,55.3400,59.5050,55.0700,57.7800,810899
2015-09-11,55.6200,56.7500,54.7300,55.2500,576766
2015-09-04,57.4100,58.4000,54.5200,54.7200,622024
2015-08-28,54.7800,57.8600,54.5100,57.8300,972414
2015-08-21,58.6700,59.4200,56.1200,57.2000,753096
2015-08-14,58.6000,59.3200,57.1800,58.7900,616012
2015-08-07,57.9000,59.2000,56.9200,58.4100,649601
2015-07-31,58.5200,61.2700,56.2700,57.9500,830911
2015-07-24,62.3500,62.7100,58.6200,58.7300,494016
2015-07-17,62.5800,64.3400,62.4300,62.7100,435307
2015-07-10,62.1500,62.9000,61.1000,62.4800,549509
2015-07-02,64.6200,64.9000,62.3800,62.5300,392857
2015-06-26,65.1600,67.0700,63.8900,65.1100,946149
2015-06-19,65.1900,65.9100,63.6400,64.9000,829050
2015-06-12,63.7000,66.2200,63.2300,65.2400,598732
2015-06-05,62.7400,64.0700,61.1600,63.8700,529226
2015-05-29,63.1300,63.1300,61.1600,62.2400,390738
2015-05-22,63.0100,66.3700,62.5500,63.5100,525456
2015-05-15,61.3800,62.9900,61.2000,62.5900,348440
2015-05-08,60.0000,61.2500,59.4000,61.1600,826756
2015-05-01,65.0000,65.5900,58.2600,60.1400,929999
2015-04-24,67.6100,67.6900,64.9000,65.1400,359958
2015-04-17,66.7200,68.4100,65.2500,67.3800,440899
2015-04-10,64.3700,67.2700,64.0800,66.8200,342255
2015-04-02,64.4500,66.3200,63.4515,64.6100,399540
2015-03-27,67.0400,68.5000,63.8500,64.1900,547546
2015-03-20,66.4000,67.7300,64.2300,67.3300,607918
2015-03-13,64.4900,66.4800,63.2600,66.1300,473061
2015-03-06,64.0900,66.9600,63.8750,64.3600,837298
2015-02-27,64.3800,65.6200,63.3900,64.2400,491388
2015-02-20,65.0000,65.4500,63.8600,64.5700,307570
2015-02-13,64.5500,65.5200,63.1300,64.9500,556037
2015-02-06,61.9100,66.4500,61.8100,64.5000,681113
2015-01-30,55.6800,65.0800,53.9500,61.8800,1013676
2015-01-23,54.4900,55.9600,53.7600,55.8100,503210
2015-01-16,57.9000,59.1800,53.8200,54.4900,589199
2015-01-09,59.4100,59.4100,56.3000,58.0000,934687
2015-01-02,62.5700,62.9200,59.0000,60.0000,517303
2014-12-26,62.6100,63.2400,61.6000,62.6100,376884
2014-12-19,58.7500,62.5200,57.7600,62.1800,1156113
2014-12-12,59.3200,60.1000,57.8300,58.2900,888210
2014-12-05,55.3400,59.9400,54.2500,59.6500,1525376
2014-11-28,56.0600,57.4200,55.1700,55.3600,651634
2014-11-21,58.0700,58.3900,55.2200,56.0600,824767
2014-11-14,58.4500,58.9620,57.5620,58.3800,651214
2014-11-07,64.9600,65.7300,56.9400,58.4500,867098
2014-10-31,59.8100,65.2000,58.7100,65.1500,508118
2014-10-24,57.5500,61.3800,57.5100,59.6200,332566
2014-10-17,55.9300,59.6900,54.9800,57.8500,626841
2014-10-10,60.4900,60.8400,55.6800,55.7400,742410
2014-10-03,62.1600,62.6700,59.4800,60.3800,539770
2014-09-26,65.3900,65.6000,62.2300,62.9400,384610
2014-09-19,66.5000,67.4800,65.6400,65.9300,726300
2014-09-12,64.5500,66.5800,64.0700,66.5000,512300
2014-09-05,64.9200,65.6200,64.0500,64.5400,264200
2014-08-29,64.6300,65.6572,63.3600,64.4700,605900
2014-08-22,61.1900,64.5900,60.9000,64.1300,465200
2014-08-15,61.2100,62.2200,59.7000,60.6000,478700
2014-08-08,58.7000,61.5300,57.8000,61.2000,592100
2014-08-01,59.1400,60.5500,57.8200,58.4600,588100
2014-07-25,60.8800,61.8700,58.8900,59.2300,417500
2014-07-18,64.7500,64.9700,59.8830,61.2500,576800
2014-07-11,67.2000,67.2000,63.4100,64.0800,443400
2014-07-03,65.4800,68.3200,65.1500,67.5800,394000
2014-06-27,66.1200,67.8800,64.4100,65.7200,1140100
2014-06-20,62.3300,66.4300,62.2000,66.0800,738100
2014-06-13,61.5200,62.8400,60.8500,62.5900,454000
2014-06-06,59.9400,62.2900,57.8300,61.6700,469100
2014-05-30,59.3600,60.2500,58.8100,59.9800,381500
2014-05-23,57.5200,59.0100,56.8235,58.7900,619700
2014-05-16,57.5600,59.8000,55.4100,57.6000,625000
2014-05-09,59.6500,60.4000,55.5200,57.4200,549600
2014-05-02,61.5300,63.7400,58.6900,60.2500,794800
2014-04-25,63.9900,64.3900,60.6410,61.1900,443700
2014-04-17,63.2300,64.6200,60.3600,64.0300,388500
2014-04-11,65.3600,66.1500,61.8300,62.5100,554300
2014-04-04,64.7100,69.1000,64.2700,65.6300,675600
2014-03-28,69.1200,69.7500,63.9500,64.2000,624500
2014-03-21,67.2700,70.4200,66.6900,69.1600,572100
2014-03-14,69.7900,70.4700,66.2900,66.8000,489200
2014-03-07,67.5400,70.7200,66.4500,70.0200,571700
2014-02-28,66.9300,69.4820,66.5100,68.1500,735900
2014-02-21,66.0900,67.1700,65.0300,66.9400,468700
2014-02-14,64.8700,65.7900,63.6100,65.5100,261000
2014-02-07,66.8000,66.8000,63.2050,65.1300,651800
2014-01-31,73.4800,74.6500,66.7300,66.8400,776600
2014-01-24,74.7500,76.9800,72.2200,73.4500,564200
2014-01-17,72.4800,74.8200,70.8500,74.2100,507700
2014-01-10,73.5500,75.8400,72.0100,72.5600,594100
2014-01-03,73.8100,74.7200,71.7160,72.9200,316800
2013-12-27,71.8500,74.6300,71.4970,74.0500,529400
2013-12-20,71.1600,72.4500,70.6600,71.6800,959300
2013-12-13,70.7100,72.4900,70.0700,70.6500,587100
2013-12-06,68.8600,71.3200,67.8000,70.7300,572200
2013-11-29,67.6350,69.8600,66.6900,69.0400,293200
2013-11-22,65.6900,67.6900,63.5700,67.5100,363200
2013-11-15,65.1400,66.4700,64.5900,65.8400,501000
2013-11-08,64.8000,66.3700,64.0300,65.4700,475200
2013-11-01,65.4100,68.0000,64.7000,64.8200,549900
2013-10-25,65.8900,66.3300,64.2000,65.5800,285000
2013-10-18,63.4700,66.6800,63.1800,65.8720,340200
2013-10-11,61.6200,64.2400,60.5200,64.0500,357300
2013-10-04,60.4700,62.9400,60.4700,62.3600,278900
2013-09-27,60.3100,62.4500,59.7300,61.3200,240900
2013-09-20,58.9900,60.9400,57.6500,60.6700,260500
2013-09-13,56.8800,59.6700,56.5400,58.4000,214300
2013-09-06,56.8300,57.3700,55.2200,56.4600,124000
2013-08-30,56.3000,56.8600,55.1000,56.1300,222800
2013-08-23,56.1600,57.2540,55.0900,56.2700,175200
2013-08-16,57.1600,59.2500,56.0400,56.3300,195200
2013-08-09,58.4300,58.8500,56.9800,57.6700,247000
2013-08-02,58.8200,59.5000,55.1401,58.6300,743800
2013-07-26,61.4500,63.0900,58.9600,59.1000,295300
2013-07-19,61.6900,62.6000,60.8800,61.8000,274100
2013-07-12,58.6300,62.2100,58.6300,61.7400,290800
2013-07-05,55.2600,58.6000,54.9580,58.5800,234500
2013-06-28,55.3700,56.1980,54.3250,55.0700,748800
2013-06-21,57.1100,58.6050,54.4610,56.0500,317600
2013-06-14,57.7600,59.0000,56.1100,56.6600,167800
2013-06-07,57.7300,58.6900,56.0800,57.6400,259700
2013-05-31,57.8500,59.4900,57.3000,57.4000,220700
2013-05-24,57.9600,59.0000,56.4800,57.2100,453500
2013-05-17,56.5700,58.5500,55.7200,58.3200,395200
2013-05-10,55.6100,57.3000,54.8940,56.7600,300100
2013-05-03,54.4100,56.3800,53.9501,55.7300,533100
2013-04-26,50.9300,60.1400,49.7300,54.3500,705300
2013-04-19,53.2100,53.7125,50.0500,50.9300,353100
2013-04-12,53.3500,55.1122,52.6100,53.7200,230400
2013-04-05,56.5800,56.8800,52.9100,53.3300,366300
2013-03-28,55.9200,57.5468,55.0200,56.7400,340300
2013-03-22,57.4000,57.9500,55.6500,55.8900,534800
2013-03-15,58.2200,58.8600,57.2100,58.0600,355900
2013-03-08,57.4000,59.1200,55.9700,58.5000,292000
2013-03-01,58.4400,58.5400,56.3100,57.7200,278800
2013-02-22,59.9200,60.0000,57.4300,58.2900,356800
2013-02-15,58.1800,59.9900,57.8800,59.9900,430000
2013-02-08,56.1800,58.8899,56.1800,58.3800,605100
2013-02-01,56.9000,57.1099,55.1900,56.8100,743100
2013-01-25,54.3100,58.6700,51.1800,56.7800,1082000
2013-01-18,52.1200,54.5900,51.4100,54.4800,703200
2013-01-11,51.7100,52.9900,51.0000,52.1600,564200
2013-01-04,49.0400,52.7800,48.8900,51.7289,496800
2012-12-28,49.3900,49.9300,48.7110,49.2000,237500
2012-12-21,47.0600,49.9300,46.9100,49.4800,895500
2012-12-14,47.3100,49.5400,47.0400,47.8100,393200
2012-12-07,46.0600,47.7900,46.0600,47.0500,305800
2012-11-30,43.8500,46.6600,43.7500,46.2500,668100
2012-11-23,42.5200,44.0100,42.0800,43.9900,366000
2012-11-16,42.6700,43.6000,39.2500,42.0800,618600
2012-11-09,41.8700,44.8680,41.8700,43.0000,768200
2012-11-02,46.3200,46.7400,39.0801,42.2600,1262000
2012-10-26,44.8000,47.7200,44.5000,46.7000,4089800
2012-10-19,45.2100,47.2700,44.5260,44.8000,359900
2012-10-12,45.9200,48.2000,44.8400,45.1400,394400
2012-10-05,46.1100,47.1400,44.8600,46.2700,407900
2012-09-28,48.8500,49.5600,45.8600,45.8600,407400
2012-09-21,50.0500,50.2500,47.1800,49.2000,460100
2012-09-14,49.1000,50.6000,48.4700,50.4600,363100
2012-09-07,47.1700,49.4200,46.1100,48.7900,215700
2012-08-31,48.7000,48.9100,46.1200,47.0900,222300
2012-08-24,49.0200,49.9900,47.6600,48.5600,217600
2012-08-17,47.4500,49.5100,46.4200,49.3500,285400
2012-08-10,49.0400,49.9500,47.5200,47.7400,241300
2012-08-03,50.0900,51.2099,46.7600,49.1000,444800
2012-07-27,42.8500,51.5500,42.0600,50.1600,434300
2012-07-20,43.5900,44.9800,43.1600,43.8600,274072
2012-07-13,43.4600,44.4960,43.0400,43.8300,473100
2012-07-06,43.4500,44.4700,42.3900,43.7100,357400
2012-06-29,41.3900,43.3100,39.5700,43.1200,728700
2012-06-22,44.0200,45.2500,41.7700,41.8800,893400
2012-06-15,45.7500,45.7500,42.4100,44.5000,557000
2012-06-08,42.7200,45.3300,41.7500,45.0100,492900
2012-06-01,45.8200,46.6300,42.5800,42.6400,424700
2012-05-25,45.7200,47.1400,44.8200,45.5300,515600
2012-05-18,48.8600,49.2850,45.2300,45.4600,801200
2012-05-11,50.9500,52.2400,49.3800,49.4900,566100
2012-05-04,53.0000,53.6100,51.2400,51.3000,940000
2012-04-27,53.7600,56.6000,50.6500,53.1100,558000
2012-04-20,53.8900,55.8400,53.2500,54.8600,394100
2012-04-13,55.3900,55.8100,52.6600,53.6900,587400
2012-04-05,57.9200,59.4800,56.4900,56.7600,278200
2012-03-30,59.1300,59.8400,57.8400,58.3300,266900
2012-03-23,58.4600,59.8300,56.8500,58.4300,268700
2012-03-16,56.7400,59.1900,55.8500,58.4000,379900
2012-03-09,55.0100,57.0100,53.9300,56.7400,364700
2012-03-02,56.6000,57.7600,54.7700,55.1600,553700
2012-02-24,55.6700,57.9492,54.3500,57.1100,393400
2012-02-17,55.9800,56.3700,54.5300,55.5900,353900
2012-02-10,56.1300,57.9000,54.8200,55.4600,313700
2012-02-03,55.5700,57.8600,54.6000,57.2500,572900
2012-01-27,59.3700,59.8100,55.9700,56.3900,706700
2012-01-20,56.7000,59.8600,56.4000,59.5900,253100
2012-01-13,52.5700,57.3100,51.7200,56.3200,430200
2012-01-06,53.5600,54.9100,50.7740,52.2900,344900
2011-12-30,52.8900,54.8400,52.1100,52.2700,252600
2011-12-23,51.9100,53.4600,49.9700,53.2700,304500
2011-12-16,53.3900,54.1860,50.7500,51.5500,887100
2011-12-09,51.8500,54.3400,51.1600,54.0200,631400
2011-12-02,47.4200,51.9882,47.1300,50.7000,543000
2011-11-25,48.1200,48.6899,45.6400,45.6400,298900
2011-11-18,51.9900,52.9000,49.1500,49.6600,263500
2011-11-11,52.6300,53.6000,49.4500,52.3700,415200
2011-11-04,51.7800,54.2000,48.1100,53.3000,591600
2011-10-28,48.4100,54.0000,47.5300,52.5800,672400
2011-10-21,48.7400,49.3500,46.0500,48.3800,593300
2011-10-14,43.8100,49.0900,43.3800,49.0400,819400
2011-10-07,42.2700,45.3300,40.0600,42.8400,1013800
2011-09-30,43.4600,47.0400,42.4600,42.9600,727300
2011-09-23,43.3100,46.0000,42.1500,43.0900,1341500
2011-09-16,39.5900,44.0000,39.2200,43.7900,867200
2011-09-09,39.3200,42.1600,38.6800,39.9400,625000
2011-09-02,41.9800,45.0300,40.5500,40.9200,1103600
2011-08-26,40.1700,43.0000,38.3800,41.4500,1385400
2011-08-19,45.6300,47.1500,38.9800,39.1500,984200
2011-08-12,42.4400,46.6000,40.8100,45.2900,1287600
2011-08-05,48.6300,48.6300,43.0800,44.4300,1398600
2011-07-29,57.8300,58.3100,47.9000,48.0300,1539900
2011-07-22,53.4400,58.1800,53.1500,58.0000,815700
2011-07-15,58.3000,58.9691,51.8900,53.5900,1185600
2011-07-08,56.0400,59.7400,55.8000,59.1900,761600
2011-07-01,51.8700,56.1500,51.3000,55.9900,461200
2011-06-24,49.3700,53.2800,49.3700,51.8300,630300
2011-06-17,50.3000,51.5800,49.0200,49.6100,779800
2011-06-10,51.8700,52.4200,49.9700,50.0800,689400
2011-06-03,55.9000,56.7000,52.0800,52.2800,618200
2011-05-27,55.5400,55.8700,53.1200,55.3800,646500
2011-05-20,56.7800,56.9000,53.9900,56.4100,618500
2011-05-13,59.0000,60.3000,57.0000,57.1800,625000
2011-05-06,63.0100,65.6000,58.5100,59.0200,951900
2011-04-29,57.0200,64.3200,56.9100,62.5100,1074400
2011-04-21,54.2900,57.4700,52.7900,57.1700,341900
2011-04-15,54.6900,55.4900,52.6800,54.9000,589900
2011-04-08,57.4500,58.2700,54.7300,54.9200,495900
2011-04-01,58.4500,59.1900,57.4700,57.5600,602200
2011-03-25,54.9700,58.7900,54.7100,58.4300,785500
2011-03-18,57.1100,58.2500,51.5000,54.4900,1375500
2011-03-11,62.4600,62.8400,56.7500,58.2300,927900
2011-03-04,61.4500,62.5500,59.4800,62.2900,796800
2011-02-25,59.8600,61.0800,57.1200,61.0200,681800
2011-02-18,59.0000,61.9900,59.0000,61.1600,871700
2011-02-11,54.3100,59.0400,54.3100,59.0300,1162300
2011-02-04,52.8400,54.9900,52.1200,54.3100,1255000
2011-01-28,46.5100,55.8200,45.1700,53.4400,1531700
2011-01-21,48.8100,49.1600,46.4300,46.7200,725300
2011-01-14,47.0900,49.1900,46.7900,49.1100,607700
2011-01-07,45.6100,47.6500,45.0700,47.3400,551700
2010-12-31,46.1700,47.0000,45.1400,45.1400,382800
2010-12-23,46.9700,46.9700,45.9300,46.3750,304400
2010-12-17,44.7300,47.3300,44.3400,46.7400,758200
2010-12-10,43.9400,45.0000,43.9400,44.7800,399700
2010-12-03,42.3200,44.2300,41.2600,44.1100,1072800
2010-11-26,42.6300,43.1000,41.6000,42.6600,310100
2010-11-19,42.3300,43.3200,41.8300,42.9900,637700
2010-11-12,44.6100,44.6100,42.1000,42.3900,503100
2010-11-05,42.3400,46.1200,42.0400,44.8500,961900
2010-10-29,41.3300,42.6100,40.8500,41.9600,399500
2010-10-22,41.3200,42.0000,40.6800,41.2000,420400
2010-10-15,41.1800,41.5000,40.5800,41.1200,424900
2010-10-08,40.0000,41.5000,38.9300,41.0900,673300
2010-10-01,39.7200,40.5000,39.0600,40.2000,854200
2010-09-24,38.6500,40.0000,38.3300,39.6300,842500
2010-09-17,38.4300,38.9700,37.9000,38.6500,755200
2010-09-10,38.2000,38.5000,37.8000,38.1800,385400
2010-09-03,37.5500,38.5000,36.1800,38.4400,814400
2010-08-27,36.8800,37.6000,35.4300,37.5500,909200
2010-08-20,35.2400,38.1325,35.0000,36.5600,777100
2010-08-13,37.6900,38.1888,35.3200,35.3700,707800
2010-08-06,38.0400,38.2400,36.5200,37.3200,908900
2010-07-30,37.5400,39.3900,35.6800,37.0200,909700
2010-07-23,35.3600,37.4200,34.7800,37.1800,497400
2010-07-16,34.1200,36.0400,33.4500,35.3000,608600
2010-07-09,34.2300,34.9900,32.7300,34.3200,400400
2010-07-02,36.3500,36.9600,33.1700,33.3900,600900
2010-06-25,36.2900,36.3700,34.3100,36.2000,1587200
2010-06-18,35.0000,36.1800,34.8200,35.8300,526000
2010-06-11,34.4600,34.8400,32.8800,34.7100,633900
2010-06-04,35.1800,36.0700,33.8000,34.3600,654500
2010-05-28,34.5900,35.8800,33.1400,35.3000,668700
2010-05-21,36.2000,36.9800,33.5400,34.5400,701000
2010-05-14,35.4400,37.1500,35.4400,36.0600,859100
2010-05-07,37.7800,38.4900,33.8400,35.0600,1372800
2010-04-30,34.9000,38.8500,34.4600,37.6300,1957200
2010-04-23,32.7800,35.0400,32.0560,35.0400,478300
2010-04-16,32.0300,33.3815,31.8100,32.8100,468300
2010-04-09,32.1500,32.5900,31.5400,31.9200,261900
2010-04-01,32.2300,32.9100,31.4900,32.0000,274300
2010-03-26,31.9200,33.0100,31.8200,32.0600,324300
2010-03-19,32.2100,33.2200,31.9600,32.0500,536200
2010-03-12,32.0600,33.2000,31.8900,32.1500,660000
2010-03-05,31.9000,33.0000,31.6100,32.2800,1137300
2010-02-26,31.4000,32.0600,31.1900,31.7900,896500
2010-02-19,30.3900,31.6300,30.0550,31.4800,863900
2010-02-12,29.9000,30.3950,28.6919,30.2600,1115400
2010-02-05,29.7000,30.9600,29.2301,29.7700,1962200
2010-01-29,27.8300,29.9400,25.8600,29.6800,2005200
2010-01-22,29.1400,29.6600,27.6600,27.7000,360500
2010-01-15,28.9800,29.5800,28.3400,29.0000,661600
2010-01-08,29.9900,30.1500,28.6800,28.9800,1173700
2009-12-31,29.5300,30.2300,28.8900,29.7300,552200
2009-12-24,27.8100,29.6300,27.6400,29.4100,570500
2009-12-18,26.3600,27.9100,26.0300,27.9000,804900
2009-12-11,26.4900,26.9700,26.0000,26.3200,306700
2009-12-04,25.6500,26.7400,24.9600,26.6000,471500
2009-11-27,26.5000,26.7400,25.6000,25.8800,369400
2009-11-20,26.7500,27.3900,25.8700,26.1600,439200
2009-11-13,27.0300,27.0300,25.2300,26.5000,581600
2009-11-06,25.3500,28.8000,24.4400,26.9500,748700
2009-10-30,25.6200,26.6100,25.1000,25.1300,587000
2009-10-23,26.3600,27.0000,25.2200,25.7300,405000
2009-10-16,25.0700,26.4200,24.6100,26.2000,406800
2009-10-09,23.1400,25.0700,22.9700,25.0700,380600
2009-10-02,23.3000,23.7300,22.8200,22.9700,682500
2009-09-25,25.1800,25.5300,23.0500,23.2600,558200
2009-09-18,23.0300,25.7100,22.9600,25.4800,710300
2009-09-11,22.9000,23.4800,22.6600,23.0800,390400
2009-09-04,22.8300,22.9100,21.7900,22.8800,664800
2009-08-28,22.9100,23.4000,22.7400,22.9600,481000
2009-08-21,21.3100,23.4000,21.3100,23.0200,891900
2009-08-14,20.0000,21.9800,20.0000,21.6700,1072000
2009-08-07,19.8600,20.2100,19.3200,20.0600,1383000
2009-07-31,19.4200,20.3100,19.0900,19.6200,703100
2009-07-24,20.1900,20.3100,19.1400,19.5100,688400
2009-07-17,18.9300,20.3500,18.6200,20.0300,643300
2009-07-10,20.3500,20.3500,18.6300,18.8900,655800
2009-07-02,20.1100,21.1600,19.6500,20.3800,628700
2009-06-26,20.6900,21.3100,20.6000,21.0100,722000
2009-06-19,20.7200,21.2200,19.8500,20.9000,787700
2009-06-12,20.2700,21.0600,19.8300,20.9000,575400
2009-06-05,19.4000,20.4800,19.0000,20.2300,529400
2009-05-29,18.9300,19.8300,18.7500,19.5200,530000
2009-05-22,18.1000,19.5600,18.0800,19.1500,947600
2009-05-15,17.9800,18.5900,17.3100,17.9600,934100
2009-05-08,19.2000,19.6200,16.6700,18.1000,1207000
2009-05-01,18.5900,19.6800,18.4000,19.0900,698900
2009-04-24,18.2100,19.0900,17.7100,18.7400,729000
2009-04-17,17.9800,18.7200,17.1800,18.6000,656500
2009-04-09,18.2100,18.6000,16.8200,18.1900,586700
2009-04-03,17.5000,18.7500,16.7800,18.5000,762500
2009-03-27,17.7400,18.8700,17.1200,17.6900,707600
2009-03-20,16.6700,17.9200,16.2700,17.3000,963500
2009-03-13,14.5600,16.4400,14.3400,16.3800,681400
2009-03-06,15.0700,15.3200,14.2900,14.7400,1179000
2009-02-27,15.9200,16.2500,14.7100,15.3000,867100
2009-02-20,17.3800,17.5200,15.3300,15.8400,798200
2009-02-13,19.9300,20.7500,16.6200,17.8300,902700
2009-02-06,17.9600,20.3799,17.1300,20.0400,932200
2009-01-30,18.2800,19.0100,17.9800,18.0900,518200
2009-01-23,20.0700,20.2100,18.0800,18.3100,383500
2009-01-16,21.8700,22.2500,19.6300,20.2700,514100
2009-01-09,22.0400,22.7000,21.2800,21.9700,590600
2009-01-02,20.5300,22.1700,20.0500,21.8600,460300
2008-12-26,22.1000,22.1000,20.3100,20.6900,255400
2008-12-19,21.5500,22.4200,20.2500,22.1000,868100
2008-12-12,21.5300,22.4300,20.0800,21.4000,664300
2008-12-05,24.3400,24.3600,20.2900,21.2600,945400
2008-11-28,23.9800,26.0550,23.4200,24.8900,1359400
2008-11-21,23.2800,24.4900,20.4600,23.8800,804400
2008-11-14,24.2200,25.2200,22.3400,23.4700,710900
2008-11-07,25.6500,26.5700,23.7700,24.5000,595900
2008-10-31,22.4200,25.6600,21.8200,25.3000,677700
2008-10-24,25.3800,26.5800,21.8900,22.6700,1158900
2008-10-17,27.0700,31.6600,24.9400,25.2900,1819700
2008-10-10,32.6300,33.9560,26.9200,29.5800,1174300
2008-10-03,34.6600,35.6800,32.7900,33.0100,1482400
2008-09-26,36.7000,37.0600,34.5200,34.9900,927200
2008-09-19,35.4700,37.8200,35.0100,37.0000,1241800
2008-09-12,35.8600,37.0000,35.2600,36.6500,655500
2008-09-05,36.4700,36.9900,34.2600,35.0500,649000
2008-08-29,35.2600,36.8400,34.6200,35.8700,691400
2008-08-22,36.5500,37.0000,34.8000,35.5500,567700
2008-08-15,37.2800,38.5000,35.5300,36.4500,1106500
2008-08-08,33.9400,37.8200,32.0300,37.3500,1007700
2008-08-01,33.1400,35.7000,31.7700,34.0900,1078300
2008-07-25,32.2900,33.7300,31.5300,33.3500,426300
2008-07-18,31.5400,33.2800,30.2600,32.3500,481500
2008-07-11,29.5700,31.7100,29.0800,31.6600,570000
2008-07-03,30.5100,30.9100,29.5100,29.7000,541500
2008-06-27,33.1000,33.1500,30.1100,30.6200,3506300
2008-06-20,33.0800,34.1500,32.7500,32.8200,653800
2008-06-13,31.4800,33.2800,31.3900,33.2300,494800
2008-06-06,30.2500,31.6400,29.7100,31.2700,409600
2008-05-30,30.0700,30.6000,29.5600,30.2700,268500
2008-05-23,29.9700,30.9400,29.8100,30.1400,275200
2008-05-16,29.7200,30.4000,29.5100,30.0400,361900
2008-05-09,30.0000,30.0500,29.1900,29.7700,394400
2008-05-02,29.4000,30.5300,28.7700,29.9800,706900
2008-04-25,29.6200,31.0800,29.3500,30.6100,490500
2008-04-18,28.8100,30.3800,28.6300,29.8400,698800
2008-04-11,28.7700,29.6800,28.4700,28.5700,411500
2008-04-04,28.0700,29.1800,27.3600,28.8630,699800
2008-03-28,27.7200,28.4500,27.3850,27.8800,588700
2008-03-20,28.0500,28.6400,26.9900,27.7400,2132100
2008-03-14,27.8800,28.9400,27.8800,28.7000,1173900
2008-03-07,28.2200,28.5900,27.9400,28.0100,1163100
2008-02-29,28.5000,28.8900,28.0800,28.4400,1067300
2008-02-22,28.5100,28.8100,28.0800,28.7150,819500
2008-02-15,26.4000,29.0500,26.3500,28.6000,1323300
2008-02-08,26.2000,27.1000,25.2000,26.4500,593600
2008-02-01,24.0500,26.3000,23.5500,26.2500,1168400
2008-01-25,23.0500,24.9000,22.5000,24.5000,1706900
2008-01-18,23.1500,23.8000,22.2000,23.6000,3173500
2008-01-11,23.8500,24.0000,22.1000,23.2000,2537100
2008-01-04,25.2800,25.6800,23.6500,23.6500,1265600
2007-12-28,25.5700,25.6500,24.6100,25.2500,1922200
2007-12-21,27.5000,27.8500,24.8500,25.5500,14245600
2007-12-14,28.2300,28.6000,27.5500,27.8000,1206617
2007-12-07,28.6600,28.9400,27.6200,28.2200,1150700
2007-11-30,29.1800,30.1400,28.4600,28.7700,666900
2007-11-23,28.6900,29.3400,28.1100,29.2000,607700
2007-11-16,28.5100,29.5000,28.2500,28.9800,943200
2007-11-09,31.2000,31.2000,28.2700,28.4800,1191300
2007-11-02,32.4400,33.0500,30.6000,31.5600,806600
2007-10-26,32.0900,33.1500,31.3900,32.5200,568500
2007-10-19,33.0000,33.2700,32.1400,32.3000,853600
2007-10-12,32.2200,33.2500,31.6300,33.0200,845100
2007-10-05,32.1300,33.3800,31.7300,32.3400,941800
2007-09-28,31.0100,32.8900,30.1100,32.0800,589600
2007-09-21,29.5700,31.0800,28.8400,30.9500,846900
2007-09-14,29.8800,30.1900,29.0100,29.6900,693700
2007-09-07,30.0400,30.9500,29.5000,29.6700,530600
2007-08-31,30.4600,30.6800,29.3100,30.0900,847500
2007-08-24,28.7000,30.9500,28.7000,30.5000,1515000
2007-08-17,28.4600,29.2600,27.7600,28.6300,1918200
2007-08-10,28.6800,29.8700,27.1500,28.4500,1957500
2007-08-03,28.9100,29.6100,28.4100,28.6600,1777100
2007-07-27,30.7500,31.4500,28.9100,29.0000,1156300
2007-07-20,31.1800,31.3700,30.4300,30.6900,731200
2007-07-13,31.1600,31.4100,30.2500,31.2300,563100
2007-07-06,30.6500,31.4800,30.5800,31.2700,297400
2007-06-29,30.2800,31.3500,30.2800,30.5100,1198800
2007-06-22,30.8400,31.5600,30.0900,30.4100,966000
2007-06-15,30.4500,30.8700,29.7300,30.8100,1356900
2007-06-08,30.8800,31.2100,30.2600,30.4700,754400
2007-06-01,30.3200,31.4300,30.3200,30.9600,474800
2007-05-25,29.5000,30.9400,29.1500,30.2700,1004300
2007-05-18,30.4800,30.4800,28.9200,29.6000,943000
2007-05-11,31.5000,31.5300,29.9200,30.4300,539500
2007-05-04,31.9300,31.9800,30.6900,31.5800,571000
2007-04-27,32.0800,32.2800,31.5000,31.7000,584400
2007-04-20,31.9900,32.6400,31.5100,32.2000,694100
2007-04-13,31.6700,31.9900,31.0200,31.9000,746972
2007-04-05,31.7800,31.9500,31.3300,31.6900,464949
2007-03-30,31.0700,31.9100,30.5200,31.7400,809300
2007-03-23,29.7400,31.0600,29.6700,31.0000,632700
2007-03-16,29.3900,30.0600,29.1500,29.6100,960800
2007-03-09,29.3600,29.9100,28.8400,29.5000,1149500
2007-03-02,31.2900,31.2900,29.0200,29.4400,1085000
2007-02-23,30.7400,31.8300,30.5700,31.2900,879900
2007-02-16,30.0300,30.9700,29.7900,30.9300,1124500
2007-02-09,30.2200,30.2300,29.0000,30.0500,1946900
2007-02-02,30.5700,31.1400,29.9100,30.1100,1232000
2007-01-26,30.4500,30.8200,29.8400,30.6700,850500
2007-01-19,30.0800,30.5000,29.4300,30.4000,1022600
2007-01-12,30.4000,30.4000,29.6200,30.0200,1537300
2007-01-05,31.6700,32.0100,29.9200,30.4700,767600
2006-12-29,30.5900,32.1300,30.5900,31.5700,551900
2006-12-22,31.8700,32.1400,30.5500,30.6100,599500
2006-12-15,31.5900,32.2500,31.5200,31.9100,955900
2006-12-08,31.8900,32.7200,30.9900,31.5300,1009900
2006-12-01,33.6800,33.6800,31.4600,31.9000,928800
2006-11-24,33.4600,33.8600,32.8600,33.7300,407600
2006-11-17,33.1300,34.3100,32.7600,33.2700,836100
2006-11-10,32.5700,34.0700,32.3100,33.2800,1079500
2006-11-03,33.7600,34.0100,30.2000,32.5500,2270300
2006-10-27,35.8800,36.3900,32.6800,34.0300,1082400
2006-10-20,36.7000,36.8900,35.7600,35.9600,564000
2006-10-13,35.3900,36.9500,34.8600,36.5800,841400
2006-10-06,34.5000,35.7000,34.0000,35.3300,689100
2006-09-29,35.8100,36.6600,34.4900,34.6600,991200
2006-09-22,37.0400,37.4900,35.2700,35.7100,676700
2006-09-15,35.8000,37.8000,35.5500,37.2100,694900
2006-09-08,36.1900,36.3800,35.7700,35.9900,971300
2006-09-01,35.3200,36.6000,35.3100,36.1900,1029900
2006-08-25,36.1400,36.5700,34.7600,35.4200,1428600
2006-08-18,34.2300,36.6100,34.0900,36.4500,1495600
2006-08-11,32.5900,34.2000,32.5800,33.9000,1019400
2006-08-04,31.8800,33.3400,31.0000,32.7700,907000
2006-07-28,30.1900,32.4600,29.8700,32.4100,1394300
2006-07-21,31.0700,32.5500,29.8200,29.8600,1139600
2006-07-14,32.4200,33.0400,30.6900,31.1400,1087900
2006-07-07,33.7300,33.9000,32.2700,32.5000,641900
2006-06-30,32.2600,33.8800,32.0100,33.7400,1789100
2006-06-23,32.0200,32.5000,30.8500,32.2000,1250700
2006-06-16,33.6500,33.8000,31.6200,32.0200,1435200
2006-06-09,33.6200,34.1700,32.2500,33.7200,1074700
2006-06-02,34.0000,34.2100,32.7000,33.6200,1201000
2006-05-26,34.2600,35.9900,32.9800,34.2800,1416100
2006-05-19,35.4600,35.7800,33.3500,34.3500,1072100
2006-05-12,37.1800,38.1400,35.4400,35.5700,1096100
2006-05-05,36.0000,37.9900,36.0000,37.4300,1586700
2006-04-28,34.6400,37.7500,34.2900,37.0100,1695100
2006-04-21,32.8500,35.2900,32.6600,34.8800,1059600
2006-04-13,33.3000,33.5200,32.3000,32.9100,497800
2006-04-07,34.9400,35.3100,33.2100,33.3800,1188900
2006-03-31,33.6600,35.3400,32.9000,35.1100,1453500
2006-03-24,33.6000,34.2000,33.0500,33.7400,1829500
2006-03-17,33.0100,34.1900,32.2000,33.7800,2907800
2006-03-10,30.5600,31.7800,29.2400,31.7400,5032700
2006-03-03,31.9000,33.4900,31.7100,32.7500,829900
2006-02-24,30.2300,32.1000,30.2300,31.7400,1352500
2006-02-17,30.5100,30.9500,29.1600,30.3900,741100
2006-02-10,30.7700,31.1000,29.7500,30.5600,494600
2006-02-03,30.5700,31.6300,30.3200,30.8500,784300
2006-01-27,32.0400,34.2500,29.3100,30.7200,1329100
2006-01-20,30.8000,32.6800,30.1400,31.9900,525500
2006-01-13,30.4400,30.9900,30.0000,30.8700,1007300
2006-01-06,29.6500,30.3800,28.6400,30.2800,567200
2005-12-30,30.6500,31.1000,27.3900,29.6800,936400
2005-12-23,30.0800,31.0000,29.5000,30.6300,659300
2005-12-16,32.4000,32.7400,29.7600,29.8800,1082200
2005-12-09,31.9500,32.3400,31.0000,32.1300,430500
2005-12-02,32.3300,32.5000,31.1200,32.1400,599700
2005-11-25,31.6100,33.1400,31.4000,32.5100,416200
2005-11-18,31.5000,31.8200,30.7600,31.8200,652900
2005-11-11,31.3500,32.2900,29.8800,31.4800,812100
2005-11-04,28.7500,33.0000,28.7300,30.6500,963800
2005-10-28,28.4400,29.0700,27.1400,28.6300,859600
2005-10-21,28.9700,29.8300,27.3500,28.3000,827800
2005-10-14,29.3000,30.3300,27.3500,29.0400,956400
2005-10-07,29.4500,30.1200,28.5500,29.4300,644500
2005-09-30,29.6900,30.1000,28.9000,29.2800,644000
2005-09-23,30.6400,31.0100,29.2700,29.6600,619300
2005-09-16,31.8900,32.4900,30.1400,30.7400,748300
2005-09-09,30.8000,31.8000,30.1500,30.8300,585500
2005-09-02,30.4600,32.1000,30.1100,30.8100,867600
2005-08-26,29.8900,32.1900,28.9300,30.5400,1338700
2005-08-19,31.0500,32.5600,29.3800,29.6000,803600
2005-08-12,33.7300,34.1300,30.9200,31.2700,829500
2005-08-05,33.9000,35.5400,33.0000,33.7000,1126400
2005-07-29,38.7700,40.2000,31.7900,34.0400,1706700
2005-07-22,37.1500,38.7500,36.3800,38.6800,439000
2005-07-15,37.1900,38.4800,36.6200,37.2200,599500
2005-07-08,36.0000,37.5400,35.2100,37.1100,654500
2005-07-01,35.0000,37.4300,34.0600,36.3200,970700
2005-06-24,37.6900,38.1100,34.4600,35.2800,1033500
2005-06-17,35.3100,37.9300,34.5100,37.5000,1219900
2005-06-10,32.6300,35.8000,32.2100,35.5800,1202700
2005-06-03,31.6300,33.7000,31.5900,32.5800,541200
2005-05-27,32.1500,32.8500,31.1000,31.8900,569000
2005-05-20,31.9200,33.2000,31.9200,32.6800,738800
2005-05-13,32.8100,32.9700,31.7700,32.2000,657200
2005-05-06,31.9200,33.2500,31.8600,32.5700,731600
2005-04-29,31.1400,32.9500,30.7100,32.0800,912800
2005-04-22,30.3200,32.5900,30.3200,30.9400,968500
2005-04-15,33.3800,34.0000,30.6400,30.6800,798400
2005-04-08,33.5100,33.9300,33.2000,33.4500,714900
2005-04-01,33.0000,34.0000,32.5700,33.3600,1009900
2005-03-24,31.3000,33.2000,31.2600,32.7200,746000
2005-03-18,30.8600,31.6300,30.4000,31.5900,1120900
2005-03-11,30.3400,31.0000,30.1200,30.5200,811200
2005-03-04,30.1900,31.0000,29.7100,30.4600,759900
2005-02-25,28.5400,30.1800,28.4900,30.1800,420100
2005-02-18,30.0800,30.6000,28.7600,28.8200,632800
2005-02-11,29.9900,30.9500,29.0700,30.3400,766400
2005-02-04,29.8400,30.2900,29.2100,30.1500,1164600
2005-01-28,28.6600,30.5300,28.6200,29.7100,1169700
2005-01-21,29.0700,29.4900,28.3500,29.0300,801800
2005-01-14,28.2400,29.4800,27.8300,29.4800,595800
2005-01-07,30.9900,31.1700,28.1900,28.4400,812200
2004-12-31,31.0800,31.0800,29.7500,30.4400,649100
2004-12-23,31.8900,32.2300,29.9600,30.7300,606000
2004-12-17,30.2000,32.2800,29.7200,31.8300,762600
2004-12-10,30.8300,31.3500,29.9300,30.5600,597100
2004-12-03,29.2600,31.8100,28.6500,31.0000,986300
2004-11-26,27.8800,29.4700,27.8400,29.0600,433200
2004-11-19,27.2600,28.9500,27.2500,28.3300,618700
2004-11-12,26.2700,28.0000,26.1900,27.8900,898000
2004-11-05,23.9300,27.3000,23.7800,26.8600,925200
2004-10-29,22.6200,24.6200,22.6200,24.1300,480700
2004-10-22,23.7900,24.3600,22.6000,22.8600,550100
2004-10-15,23.7600,24.1500,23.1000,23.7100,652300
2004-10-08,26.4000,26.4000,23.5000,23.6800,919700
2004-10-01,25.0000,26.5800,24.3000,26.0700,572900
2004-09-24,25.4000,26.4800,25.0100,25.1300,467500
2004-09-17,24.8500,26.7200,24.8500,26.1100,710300
2004-09-10,25.3100,25.6700,24.7700,25.0200,791500
2004-09-03,26.2200,26.7100,24.8700,25.2000,693200
2004-08-27,25.6100,26.5000,25.3700,26.5000,584600
2004-08-20,25.0000,25.9900,24.6600,25.9100,819600
2004-08-13,24.2500,25.6000,24.0000,24.5500,708200
2004-08-06,25.9500,26.9900,24.2600,24.2600,906800
2004-07-30,26.6200,27.0000,23.8700,26.3200,815800
2004-07-23,26.7600,27.6600,25.7200,26.7000,1228900
2004-07-16,27.7500,28.0700,26.5000,26.6000,474600
2004-07-09,28.1600,28.5700,26.5200,27.6900,631300
2004-07-02,28.9000,29.8500,28.1600,28.4200,763000
2004-06-25,28.0500,34.3600,27.3000,28.9300,1945800
2004-06-18,27.6000,28.2600,26.3700,27.8900,978200
2004-06-10,27.7500,28.5500,27.3600,27.5600,441700
2004-06-04,26.7900,28.0200,26.2000,27.2600,737700
2004-05-28,26.0500,27.1000,25.4900,27.0900,697700
2004-05-21,25.2000,26.2700,24.2300,25.7300,672600
2004-05-14,25.0000,25.9900,24.5300,25.5000,729300
2004-05-07,25.1500,25.9600,24.3800,25.1500,846500
2004-04-30,25.6100,26.4000,24.4000,24.4400,1106500
2004-04-23,25.6400,26.7900,24.9300,25.4900,765900
2004-04-16,27.6000,28.0200,24.5500,25.4900,1222600
2004-04-08,27.1900,28.7400,26.7500,27.7100,504500
2004-04-02,26.5400,27.8000,25.8000,26.9900,694600
2004-03-26,25.5000,26.6900,24.3900,26.2400,823800
2004-03-19,26.7900,26.8400,25.3100,25.6900,608800
2004-03-12,29.2000,29.6900,26.4500,27.0700,709700
2004-03-05,28.3600,29.8900,28.2800,29.3200,566900
2004-02-27,27.8500,28.6400,27.1200,28.4400,795400
2004-02-20,29.0200,30.2900,26.9400,27.6700,938600
2004-02-13,30.3700,30.6000,28.8300,28.8800,747700
2004-02-06,30.3000,30.7800,28.7500,30.7300,1069500
2004-01-30,25.4700,31.8800,24.9500,30.5200,2772600
2004-01-23,26.2800,27.4500,25.4500,25.8000,731200
2004-01-16,25.6500,26.2400,25.1500,26.0000,642800
2004-01-09,24.3300,25.6300,24.3300,25.4400,808800
2004-01-02,23.2900,24.5200,23.2800,24.2000,596900
2003-12-26,21.3600,23.4700,21.3500,23.1600,582000
2003-12-19,23.0100,23.0100,20.9300,21.3900,1652200
2003-12-12,23.0400,23.4400,22.4500,22.5500,732500
2003-12-05,23.9100,24.9400,22.9100,23.0500,882700
2003-11-28,23.6900,24.4400,23.5100,23.9400,543700
2003-11-21,22.6000,23.7100,22.4400,23.2600,984600
2003-11-14,24.0200,24.1500,21.1900,23.0000,1767200
2003-11-07,23.2100,24.1400,22.6700,23.9300,829700
2003-10-31,22.4700,24.8500,22.4300,23.0000,935900
2003-10-24,26.9800,27.5000,21.8200,22.6800,1416300
2003-10-17,27.8800,28.0900,26.7700,26.9700,367600
2003-10-10,26.7900,28.3400,26.0800,27.8900,544300
2003-10-03,24.7100,27.4800,24.2800,26.9200,826800
2003-09-26,25.8000,26.5100,24.1700,24.3400,692800
2003-09-19,26.2000,27.0200,25.9600,26.1700,882500
2003-09-12,27.6800,28.1500,25.7400,26.1800,592400
2003-09-05,26.2300,28.7000,25.9900,27.7000,535800
2003-08-29,26.5500,26.8900,25.7500,26.2000,588300
2003-08-22,24.4000,27.9700,24.4000,26.6400,872400
2003-08-15,22.8700,24.6800,22.6300,24.6400,591000
2003-08-08,23.7100,24.0000,22.5000,22.7700,606500
2003-08-01,24.6300,25.4300,23.2000,23.5600,944300
2003-07-25,23.8400,25.0000,23.0700,24.5600,592100
2003-07-18,26.0000,26.0500,23.5000,24.1900,749800
2003-07-11,23.3100,25.6600,23.0300,25.6400,1008500
2003-07-03,24.3800,24.6300,23.6300,24.0000,623200
2003-06-27,24.3000,24.5100,22.7000,24.2300,650400
2003-06-20,24.2800,25.8400,24.1500,24.5700,805200
2003-06-13,25.1600,25.4900,23.8500,24.4400,595600
2003-06-06,24.0000,26.0500,22.4000,25.2300,1893200
2003-05-30,21.5800,24.2500,21.3800,24.2200,952400
2003-05-23,21.8800,22.5000,21.3600,21.8900,568700
2003-05-16,23.9500,24.7800,21.8900,21.8900,1151400
2003-05-09,23.2100,23.9800,22.6200,23.9800,756200
2003-05-02,21.6600,23.5400,21.3800,23.2600,901000
2003-04-25,21.1500,23.7300,20.9000,21.5300,1447000
2003-04-17,19.5300,21.2300,19.3600,21.0400,436300
2003-04-11,20.1000,20.7500,19.2400,19.3800,417500
2003-04-04,18.9500,20.4000,18.7000,19.7700,600900
2003-03-28,19.5800,19.7300,18.7000,18.9400,653700
2003-03-21,19.4600,21.0500,18.6600,19.7500,1410100
2003-03-14,19.2500,19.9900,18.9000,19.6000,557300
2003-03-07,19.4700,20.0500,18.9800,19.3600,553600
2003-02-28,18.9000,19.8700,18.5600,19.5800,822900
2003-02-21,18.7500,19.4700,18.6100,19.0300,643800
2003-02-14,18.5300,19.5100,18.4300,18.6500,773100
2003-02-07,19.8400,20.2000,18.4800,18.5600,1122500
2003-01-31,18.0000,20.7200,17.2100,19.7600,2184000
2003-01-24,20.0000,20.3000,18.0900,18.1900,855500
2003-01-17,21.7500,22.4500,19.7800,19.9000,699100
2003-01-10,20.0000,22.6400,19.9600,21.7000,753700
2003-01-03,19.7600,20.7300,19.2600,20.0800,648200
2002-12-27,19.4900,20.3600,19.1800,19.7600,462500
2002-12-20,19.5600,20.4000,18.9300,19.8300,913300
2002-12-13,19.7800,20.2800,18.7200,19.6000,643900
2002-12-06,21.4500,22.2700,19.2200,20.1200,658700
2002-11-29,20.5200,22.7300,20.5100,20.9000,568700
2002-11-22,20.1400,21.6000,19.4400,20.7300,736100
2002-11-15,18.3400,20.6500,18.0200,20.2500,1075000
2002-11-08,17.9000,18.5500,17.2100,18.3700,2073800
2002-11-01,18.3500,18.6000,14.7500,17.8800,3142800
2002-10-25,17.8100,18.4800,16.7100,18.2900,833600
2002-10-18,17.0000,19.0000,16.5600,17.8500,872200
2002-10-11,18.0000,18.3500,15.8200,16.8500,873400
2002-10-04,18.3600,20.1000,17.9500,18.2300,626100
2002-09-27,19.5800,20.0500,17.8800,18.9200,681700
2002-09-20,20.2000,20.6900,19.0600,19.6500,777700
2002-09-13,21.1100,21.7100,20.1300,20.6200,773300
2002-09-06,20.2400,21.4500,19.7000,21.1100,517500
2002-08-30,21.5500,22.4100,20.2900,20.2900,906600
2002-08-23,21.6500,22.8000,21.1100,21.6300,569000
2002-08-16,21.8600,22.1700,20.2500,21.7500,453500
2002-08-09,20.9200,22.7200,19.7000,21.9500,650300
2002-08-02,21.8000,24.4200,21.0000,21.5600,632500
2002-07-26,23.2000,24.0600,20.9500,21.8000,776700
2002-07-19,26.6000,27.8200,22.1100,23.1700,1152600
2002-07-12,28.5900,29.0900,25.0400,26.6800,568900
2002-07-05,29.4200,29.8600,26.1600,28.4300,464100
2002-06-28,26.7900,30.0000,26.4600,29.8200,934300
2002-06-21,28.7100,30.4600,26.5400,27.1400,833500
2002-06-14,29.0000,29.4000,26.6600,28.6200,670600
2002-06-07,29.8800,29.8800,26.3900,29.1400,767400
2002-05-31,30.5500,31.1900,29.0000,30.0500,426800
2002-05-24,31.6500,31.9200,29.5200,30.8600,704500
2002-05-17,29.7600,32.7400,28.8800,31.7000,723000
2002-05-10,29.8100,31.5000,28.2500,29.7200,1005800
2002-05-03,29.9000,32.4300,29.6800,29.8900,1051000
2002-04-26,33.6000,33.6000,29.4000,30.0000,916600
2002-04-19,33.6700,35.0000,33.3900,33.6200,815600
2002-04-12,32.7500,33.8900,32.4000,33.8100,395400
2002-04-05,33.6100,35.0400,32.5500,33.0500,449200
2002-03-28,35.3900,35.7500,33.2000,33.9000,389400
2002-03-22,33.7500,35.4900,32.7500,35.2500,669400
2002-03-15,34.2500,35.6600,33.3400,33.9000,696000
2002-03-08,30.2700,35.6000,30.2000,35.4600,864700
2002-03-01,29.2900,30.6900,27.6100,30.3100,893600
2002-02-22,28.4100,30.1600,27.6600,29.3500,750300
2002-02-15,27.9400,30.9600,27.5500,28.5000,525200
2002-02-08,32.3600,32.3600,26.5000,27.9600,1358000
2002-02-01,32.0500,32.4600,29.3000,32.2500,787700
2002-01-25,31.0100,32.3400,30.1100,31.8800,665400
2002-01-18,34.3600,34.7400,30.9400,31.0000,816100
2002-01-11,32.8600,36.3900,32.8000,34.4700,1866800
2002-01-04,31.5000,32.6800,29.8000,32.6000,1140500
2001-12-28,30.7000,32.1200,30.4900,31.5000,601300
2001-12-21,29.3900,30.9500,29.3900,30.7100,1211900
2001-12-14,30.2900,30.5800,28.6700,29.2300,812500
2001-12-07,30.4500,31.9700,28.8000,30.9900,1068100
2001-11-30,29.2100,31.2000,29.1400,30.5000,1645000
2001-11-23,28.7000,29.3400,27.0400,29.3000,614200
2001-11-16,27.0000,28.9800,26.5500,28.4500,768000
2001-11-09,26.7600,28.5000,26.5300,27.0800,1142400
2001-11-02,30.8400,31.0400,26.0700,26.9800,1044800
2001-10-26,28.7900,31.7200,28.0000,30.9800,361300
2001-10-19,30.3500,31.7500,28.0500,28.7500,408900
2001-10-12,28.5000,31.1800,27.0000,30.2500,736600
2001-10-05,28.1500,29.2600,25.7500,28.7500,1085100
2001-09-28,26.6500,28.9200,25.5500,28.4000,917600
2001-09-21,30.9900,32.0300,25.0500,25.7500,1201700
2001-09-10,32.7500,33.6000,32.6500,33.2400,213800
2001-09-07,35.3900,36.1500,30.9700,33.2500,1176700
2001-08-31,38.4400,39.5000,34.6600,35.4000,736500
2001-08-24,35.0700,38.5000,34.8000,38.4900,749500
2001-08-17,34.3000,36.3700,34.2500,35.8700,514900
2001-08-10,36.6500,37.4500,33.2500,34.2600,444900
2001-08-03,37.6700,37.9600,35.4600,37.0100,819000
2001-07-27,34.7000,37.7500,30.5200,37.0000,1440600
2001-07-20,34.8900,35.2000,34.2700,34.7000,512500
2001-07-13,34.4100,35.2500,32.7500,35.0000,969800
2001-07-06,36.6500,36.6500,33.5000,33.8500,683600
2001-06-29,31.2400,36.5500,30.2100,36.1700,1355400
2001-06-22,33.5100,34.8000,29.5000,31.0000,1142700
2001-06-15,37.5000,37.6000,33.4100,34.0100,1090800
2001-06-08,35.0000,39.0700,34.6800,37.0400,2041000
2001-06-01,37.0000,37.7300,34.3700,35.0200,1649200
2001-05-25,35.6000,40.6000,35.1500,38.3600,2516700
2001-05-18,36.4500,38.1000,33.8900,36.7000,1160000
2001-05-11,36.2500,38.1800,33.9900,36.3000,1152400
2001-05-04,38.7500,40.4000,34.5000,36.1500,1354700
2001-04-27,42.9400,43.2500,36.5000,38.7500,1362000
2001-04-20,39.4500,45.5500,38.5000,43.2500,895600
2001-04-12,33.5000,41.3000,33.0400,40.7300,895800
2001-04-06,35.4400,36.8100,31.2500,33.6900,959100
2001-03-30,38.3800,38.8800,33.5000,35.5000,896000
2001-03-23,30.1200,38.5500,29.6200,38.0000,1273600
2001-03-16,32.3100,33.5000,29.0000,29.6900,2186500
2001-03-09,39.3800,39.3800,32.0600,32.2500,1099500
2001-03-02,43.5000,46.1200,37.7500,39.0000,1469800
2001-02-23,43.0000,47.3800,39.0000,43.0000,1250000
2001-02-16,45.0000,46.5000,41.2500,43.0000,1264300
2001-02-09,48.5000,51.5000,44.8800,45.0600,1111500
2001-02-02,51.0300,53.7500,48.5000,49.4400,1196200
2001-01-26,46.1200,53.5000,42.1900,52.2500,2436400
2001-01-19,37.0000,48.0600,35.1900,46.2500,1603600
2001-01-12,31.3800,38.8600,29.5600,37.1200,877900
2001-01-05,33.0000,37.4400,29.6200,30.8800,1001500
2000-12-29,30.8800,36.0600,28.2700,32.5000,1167500
2000-12-22,32.1900,33.8800,27.8800,31.7500,1104500
2000-12-15,36.2500,40.3800,30.8100,31.3800,990900
2000-12-08,30.7500,37.0000,29.8100,35.7500,983100
2000-12-01,38.6200,39.5000,26.8100,30.3800,1533600
2000-11-24,37.5000,37.5000,33.3800,37.0000,484700
2000-11-17,40.5000,43.6200,35.5000,37.5000,859300
2000-11-10,43.5600,47.0000,40.7500,40.8100,1502100
2000-11-03,26.0600,47.3800,25.8800,43.3800,3548400
2000-10-27,35.6900,36.6200,25.0000,26.4400,3642300
2000-10-20,38.7500,41.5000,32.8800,35.8100,2155800
2000-10-13,46.1200,46.1900,36.0000,38.5600,2232500
2000-10-06,69.0000,69.0000,45.0000,46.1200,1767400
2000-09-29,68.6200,72.1200,64.3800,68.0000,933200
2000-09-22,73.1200,79.8100,67.1200,68.0600,1121300
2000-09-15,70.7500,77.1900,66.9400,74.0000,808500
2000-09-08,79.9700,80.4400,70.2500,70.9400,755400
2000-09-01,73.9400,82.0000,73.9400,80.0000,789900
2000-08-25,68.5000,75.0000,67.5000,73.9400,663800
2000-08-18,68.8100,73.5000,66.5000,68.2500,1021600
2000-08-11,60.7500,69.0000,60.0000,68.9400,818300
2000-08-04,61.8100,61.9400,56.7500,60.1200,1814100
2000-07-28,76.0600,77.5000,60.0000,60.5000,4164700
2000-07-21,89.2500,93.5000,75.6900,76.0000,1842000
2000-07-14,85.2500,89.8800,78.8100,89.1900,1256400
2000-07-07,84.0000,90.8800,82.5000,88.8800,860500
2000-06-30,74.1900,84.2500,73.0000,83.8800,1171300
2000-06-23,59.8800,79.2500,58.5000,73.0000,1745300
2000-06-16,60.5600,62.4400,55.0000,60.4400,803000
2000-06-09,59.0000,67.0000,57.0000,60.5600,944000
2000-06-02,47.3800,62.7500,47.3800,58.0600,1154500
2000-05-26,57.6200,58.0000,45.6200,47.1900,1262100
2000-05-19,55.5000,67.0600,52.0000,57.7500,1132800
2000-05-12,58.3800,60.0000,48.8800,56.0600,949400
2000-05-05,57.6200,63.2500,52.0000,58.4400,1176400
2000-04-28,51.8100,58.1200,48.1200,57.8100,1147600
2000-04-20,46.5000,59.1200,45.0000,52.1900,966900
2000-04-14,56.1900,58.1200,45.0000,47.2500,2015600
2000-04-07,51.8100,58.5000,39.0000,56.3100,2565700
2000-03-31,71.8100,78.0000,47.0000,52.0000,2069600
2000-03-24,81.5000,85.0000,68.7500,75.7500,1332300
2000-03-17,79.0600,83.0000,61.0000,81.0000,2288000
2000-03-10,99.8800,100.0000,79.5000,83.0000,1639600
2000-03-03,96.8800,107.3800,83.0000,98.1900,2618400
2000-02-25,78.5600,98.0000,72.2500,96.5000,2585100
2000-02-18,62.5000,82.0600,57.6200,79.3100,2511100
2000-02-11,54.1200,67.1200,52.0000,59.8100,2489300
2000-02-04,46.0000,55.2500,42.0000,53.5000,1517200
2000-01-28,47.5000,62.0000,42.1200,44.2500,2720700
2000-01-21,42.5000,52.5000,41.7500,47.5000,1989900
2000-01-14,30.0600,51.6200,30.0600,41.4400,4936500
