timestamp,open,high,low,close,volume
2018-02-27,20.8500,21.1400,20.5300,20.9200,593055
2018-02-23,21.0500,21.1600,19.5300,20.8500,1254173
2018-02-16,20.7300,21.6400,20.1700,21.2500,1080602
2018-02-09,20.7500,21.4300,19.8100,20.7100,1717748
2018-02-02,22.7000,23.1400,20.5600,20.9200,1554661
2018-01-26,23.7400,23.9700,22.7500,22.8500,1289981
2018-01-19,25.0000,26.0400,23.1800,23.8500,1022561
2018-01-12,24.3100,26.1400,23.3250,24.7300,2393716
2018-01-05,31.8500,33.6700,23.9500,24.1800,3043973
2017-12-29,30.3300,31.9700,29.8807,31.5800,564546
2017-12-22,31.6800,32.8300,29.5200,30.3400,1719507
2017-12-15,32.0900,32.4400,30.6700,31.3800,1068721
2017-12-08,32.6100,33.9600,31.6100,31.9600,974860
2017-12-01,31.2000,33.5850,30.8800,32.2400,1000744
2017-11-24,31.0000,31.4400,30.1650,31.2300,506680
2017-11-17,29.1600,31.9200,29.0600,30.8800,997429
2017-11-10,33.6900,34.6100,28.3100,29.2800,1223254
2017-11-03,33.4300,34.7900,32.8900,33.8400,934624
2017-10-27,33.4500,34.1100,33.0700,33.6500,547620
2017-10-20,33.1800,33.8900,33.0900,33.4100,694318
2017-10-13,32.3800,33.4000,31.5300,33.1100,637593
2017-10-06,32.1000,33.2700,31.6800,32.3800,903800
2017-09-29,29.9300,32.5900,29.6200,32.1400,1135419
2017-09-22,29.4000,30.0100,28.5100,29.9400,802708
2017-09-15,27.6100,29.4600,27.3000,29.4300,933555
2017-09-08,27.3400,28.6500,27.2400,27.3500,756166
2017-09-01,26.5900,27.5400,26.1100,27.3300,980919
2017-08-25,26.4600,27.9700,26.1700,26.3700,1448811
2017-08-18,28.2500,28.9876,26.0800,26.5100,1240887
2017-08-11,35.7500,36.2900,27.2700,27.9800,3298446
2017-08-04,36.5000,37.9400,35.6700,35.7700,832346
2017-07-28,37.0800,38.1999,36.2900,36.4300,1075436
2017-07-21,35.6700,37.3600,35.3700,37.1000,739665
2017-07-14,32.1300,36.7000,31.9900,35.6600,1641219
2017-07-07,33.2900,33.7100,31.5400,32.2200,689557
2017-06-30,33.5200,33.5800,31.9400,33.0600,645607
2017-06-23,34.4900,34.4900,32.2800,33.4400,1287198
2017-06-16,36.6500,37.1700,33.7750,34.4000,1819018
2017-06-09,35.5000,36.8999,33.3043,36.7200,1175323
2017-06-02,34.3500,35.8300,33.4400,35.4800,1028934
2017-05-26,34.0000,35.4200,33.8700,34.3900,1302075
2017-05-19,35.0600,35.9100,33.4400,33.7500,1111200
2017-05-12,35.6000,38.3700,31.5000,35.0500,1712931
2017-05-05,35.1000,35.7800,34.4500,35.7100,947257
2017-04-28,34.0100,35.9200,33.7700,35.0200,1371332
2017-04-21,30.8600,35.1100,30.4500,33.6000,1395650
2017-04-13,30.7600,31.8300,30.7100,30.8200,649771
2017-04-07,31.1300,31.1300,30.0000,30.8500,1222819
2017-03-31,30.5500,31.3500,30.2200,31.1900,1655604
2017-03-24,33.9500,33.9500,30.5161,30.8400,1455555
2017-03-17,31.4800,34.0200,31.0000,33.9600,1836884
2017-03-10,31.0600,32.0600,30.6200,31.4900,1747152
2017-03-03,33.1600,33.6600,30.1712,31.2600,2728227
2017-02-24,33.0000,33.6600,32.6500,32.9900,1303400
2017-02-17,33.1900,33.6600,32.7100,32.9400,1294326
2017-02-10,34.2800,34.2800,32.2600,33.1400,1569457
2017-02-03,35.9200,36.3100,33.2800,34.1500,2422679
2017-01-27,40.1600,40.8400,35.6600,35.9400,2010848
2017-01-20,42.8100,42.9550,40.0000,40.0800,1144545
2017-01-13,42.5600,43.5000,42.0000,42.9100,1274867
2017-01-06,43.1600,43.9399,42.3300,42.4500,1302285
2016-12-30,43.1500,43.7550,42.6000,43.0700,981494
2016-12-23,42.8500,44.0400,42.2900,43.1900,1311695
2016-12-16,39.9500,44.1150,38.4200,42.9400,2693385
2016-12-09,35.5100,40.0500,35.5100,40.0000,1559552
2016-12-02,36.3700,36.9000,34.6700,35.3700,1288296
2016-11-25,36.6800,37.0500,35.6600,36.5200,703695
2016-11-18,34.9400,36.7500,34.5700,36.7000,1343779
2016-11-11,34.7000,34.8900,31.5400,34.6300,1959893
2016-11-04,35.1300,35.8900,33.4900,33.5900,1672208
2016-10-28,34.3900,35.3100,34.1900,35.1300,726435
2016-10-21,35.1700,35.5030,33.5600,34.1300,1291783
2016-10-14,34.7900,35.3600,34.1400,35.2000,996225
2016-10-07,35.5800,36.0500,34.3610,34.7700,1519115
2016-09-30,36.1000,36.9700,35.4200,35.8000,1798012
2016-09-23,35.8900,36.5400,34.5700,36.3500,1403700
2016-09-16,35.9500,36.5600,35.3750,35.8800,1169434
2016-09-09,38.2900,38.4200,35.8950,35.9200,1371995
2016-09-02,44.1500,44.1500,37.1200,38.6100,5178392
2016-08-26,44.1500,45.7000,43.8300,45.1100,907013
2016-08-19,44.0000,44.9400,42.4000,44.6000,1383299
2016-08-12,48.1100,48.2700,42.6500,43.7800,1984209
2016-08-05,49.0400,49.0400,46.8500,47.8000,606864
2016-07-29,49.0000,49.9989,47.6600,48.9600,852294
2016-07-22,48.0000,49.2000,47.5000,48.9000,776669
2016-07-15,48.4100,49.6400,47.6668,48.0300,1167488
2016-07-08,48.3900,49.7000,46.3300,48.3400,1114787
2016-07-01,90.3900,91.1200,44.5400,47.8700,2709746
2016-06-24,91.4800,94.2800,87.3260,90.8400,1292019
2016-06-17,89.8100,92.4700,88.7300,90.4400,713140
2016-06-10,86.6800,92.2200,85.6800,89.5000,963858
2016-06-03,86.7100,87.1500,84.4600,86.4000,558376
2016-05-27,82.8800,87.4400,81.7300,86.2000,498952
2016-05-20,84.3700,85.2300,80.1200,82.9800,846447
2016-05-13,85.7500,88.0000,81.9500,83.9800,1243335
2016-05-06,82.0700,85.6200,82.0700,85.3900,867624
2016-04-29,76.7500,83.2400,76.7100,81.6600,718005
2016-04-22,78.9500,81.3900,75.8700,76.7300,722031
2016-04-15,80.7200,80.7900,77.5500,79.1200,593303
2016-04-08,83.3600,83.3600,77.5000,80.5100,724500
2016-04-01,77.6600,83.7000,76.6300,83.1700,868565
2016-03-24,82.4000,82.4000,76.9700,77.7500,760175
2016-03-18,76.1200,84.8300,75.8500,81.8800,1342509
2016-03-11,75.2700,77.4700,74.1800,76.1000,1037958
2016-03-04,72.0500,77.0300,69.8106,75.2600,1295991
2016-02-26,77.8900,78.1550,68.4300,72.6600,1242914
2016-02-19,73.8000,78.5700,69.7350,77.2100,961373
2016-02-12,72.1200,77.0600,71.4400,74.0400,874015
2016-02-05,80.6500,80.8200,72.1100,72.7500,867766
2016-01-29,77.6000,81.3900,76.4200,81.2900,1006794
2016-01-22,77.5500,79.6800,73.0100,77.4900,851715
2016-01-15,75.1100,79.5300,73.1900,76.6000,952797
2016-01-08,80.6600,81.7500,74.7000,74.7500,1163817
2015-12-31,83.9800,87.4500,81.8300,81.9400,601331
2015-12-24,82.7400,85.5400,79.6601,84.4500,596124
2015-12-18,86.3500,91.7700,81.7600,81.9600,1554537
2015-12-11,87.7400,89.1900,85.7100,87.0600,839911
2015-12-04,87.8700,88.6300,83.1000,87.5700,1064439
2015-11-27,82.5100,87.9700,82.1500,87.4700,458763
2015-11-20,82.4200,83.9950,79.8400,82.5800,909807
2015-11-13,82.9300,85.8000,80.3700,82.6400,1025365
2015-11-06,81.1900,84.6500,75.6180,83.5400,1223683
2015-10-30,79.2400,82.1900,76.2700,81.2900,1243011
2015-10-23,74.3200,79.6500,73.4700,79.5400,841579
2015-10-16,78.1200,79.9200,72.4600,74.2400,865625
2015-10-09,65.4800,79.9500,64.2100,77.6000,3043864
2015-10-02,66.1000,67.2100,63.4000,64.9800,1097738
2015-09-25,61.5000,66.8400,61.3900,66.1800,4070248
2015-09-18,60.4300,63.3300,59.7700,61.6600,466238
2015-09-11,59.6600,60.7500,58.9800,60.3800,322811
2015-09-04,59.5200,60.4450,58.3600,58.9600,664148
2015-08-28,57.3000,61.3800,56.2200,59.6700,911901
2015-08-21,64.4600,64.8400,59.6700,59.8000,635908
2015-08-14,64.3600,65.2000,61.5900,64.9200,651961
2015-08-07,63.4900,65.4100,59.9105,63.6900,750014
2015-07-31,59.4000,64.2300,58.9900,63.5700,708547
2015-07-24,62.4100,63.9500,58.9500,59.5000,739908
2015-07-17,62.4500,63.0600,62.0100,62.5000,471411
2015-07-10,59.1600,62.4100,59.0000,62.4100,527775
2015-07-02,59.2600,59.9800,58.3000,59.4800,587778
2015-06-26,58.0900,59.7600,57.2100,59.3600,842916
2015-06-19,54.9400,58.4900,54.4990,57.8000,512329
2015-06-12,55.0100,55.5800,53.8500,55.4000,597065
2015-06-05,54.0200,55.4500,53.1000,54.9100,1041334
2015-05-29,53.6200,54.6400,53.2300,53.7100,370123
2015-05-22,54.5400,56.1300,53.5500,53.8700,556314
2015-05-15,54.3800,54.8900,52.3700,54.4900,590124
2015-05-08,53.3100,63.0624,52.3900,54.2500,1310502
2015-05-01,55.7300,56.5500,52.1100,53.5000,637473
2015-04-24,55.4900,57.6500,54.4100,55.7800,778112
2015-04-17,64.3700,64.4500,54.7900,55.6200,2029817
2015-04-10,65.2500,66.0800,63.7700,64.5900,673081
2015-04-02,64.7600,66.7000,63.3293,65.4300,603701
2015-03-27,65.3900,65.6600,63.6800,64.5900,1198744
2015-03-20,61.5300,66.3300,61.3500,65.2400,1439837
2015-03-13,59.2600,61.5980,57.9900,60.9300,1062104
2015-03-06,68.6000,69.4800,58.6800,59.5300,2146695
2015-02-27,69.5500,71.5100,69.1700,70.3200,632495
2015-02-20,67.4500,69.6700,67.0701,69.3500,307209
2015-02-13,67.3700,69.1000,66.6100,67.6100,698304
2015-02-06,67.0800,69.1699,66.0400,67.5300,552425
2015-01-30,68.9600,69.6655,66.5300,66.6800,564048
2015-01-23,65.3800,70.4100,64.6500,69.0000,508303
2015-01-16,64.4900,66.8600,63.3300,65.1600,537977
2015-01-09,61.0000,64.9300,60.5100,64.3000,558363
2015-01-02,64.1700,64.2600,60.4000,60.9700,383711
2014-12-26,61.9000,64.1700,61.7100,64.0100,295804
2014-12-19,62.1300,63.9999,60.5400,61.6800,733348
2014-12-12,61.8300,62.6435,60.0000,62.0200,799615
2014-12-05,59.0800,62.7400,58.5100,61.8700,1218924
2014-11-28,57.0500,61.3600,57.0500,60.1100,344976
2014-11-21,58.3600,59.5100,56.9600,57.0500,580419
2014-11-14,58.2200,62.0900,58.1100,58.8000,759043
2014-11-07,58.2700,58.6600,55.9100,58.0400,854799
2014-10-31,55.0800,59.2400,54.7000,58.0300,677862
2014-10-24,53.8500,56.9600,53.4800,55.2400,566891
2014-10-17,51.7500,54.8900,51.3900,53.9600,841201
2014-10-10,52.2400,52.9600,50.3100,51.8100,572807
2014-10-03,51.8700,53.5900,51.1801,52.2000,520297
2014-09-26,54.4700,54.8700,51.5100,52.2800,582708
2014-09-19,52.5600,54.8700,51.7200,54.5700,653200
2014-09-12,51.6700,53.4000,51.2700,52.4500,675500
2014-09-05,49.1000,51.7399,48.6400,51.6500,1269300
2014-08-29,49.6300,49.6300,47.9300,48.1600,402300
2014-08-22,49.6000,50.5500,48.6400,49.3100,489700
2014-08-15,49.6000,49.6000,47.9900,49.0900,483400
2014-08-08,47.1000,49.8709,45.7400,49.6100,486700
2014-08-01,46.5200,47.7699,46.4300,46.9400,405000
2014-07-25,45.9100,47.0799,45.0700,46.5700,426600
2014-07-18,44.5700,46.7480,43.0700,46.4600,574700
2014-07-11,46.6400,47.0900,43.5500,44.1100,327900
2014-07-03,45.1800,47.2500,45.1125,46.9000,455900
2014-06-27,92.0200,93.4600,44.6700,45.5100,378350
2014-06-20,89.2400,92.2000,88.5920,91.6700,295600
2014-06-13,88.6500,89.7300,87.3063,89.4200,313300
2014-06-06,82.6300,89.2600,81.6300,88.8700,320300
2014-05-30,79.0000,83.2700,78.5000,82.6800,219800
2014-05-23,78.2700,78.9800,76.8600,78.5600,281800
2014-05-16,79.2500,81.0100,76.2000,78.6600,354300
2014-05-09,79.0200,81.4400,75.2725,78.9600,578700
2014-05-02,76.3400,81.9545,75.7000,79.6200,329400
2014-04-25,77.5700,79.2900,76.4000,76.5700,194800
2014-04-17,76.6800,79.1500,75.5000,77.9200,204500
2014-04-11,74.2700,77.8300,74.1600,75.9800,337900
2014-04-04,70.1700,75.0600,69.7000,74.5500,357900
2014-03-28,72.3300,73.2920,69.1001,70.0500,350100
2014-03-21,72.2000,74.1600,70.8200,72.2700,398800
2014-03-14,76.6600,77.0800,72.1700,72.5000,282700
2014-03-07,77.0300,80.0000,71.9700,77.0500,428000
2014-02-28,78.4300,79.3099,76.7700,78.2000,248000
2014-02-21,77.2500,79.4200,76.9300,78.0200,280900
2014-02-14,74.5100,78.0800,73.4300,77.3100,349700
2014-02-07,75.3500,75.7500,72.5600,74.3600,245900
2014-01-31,76.8200,77.4000,74.3500,75.6500,316100
2014-01-24,78.5500,78.8500,76.2250,76.8300,191600
2014-01-17,78.1200,79.2800,76.6400,78.2300,247300
2014-01-10,75.5700,79.0000,74.6800,78.0800,424800
2014-01-03,75.0100,76.6100,73.6800,75.4300,234200
2013-12-27,73.8200,76.1100,73.6100,75.2500,171800
2013-12-20,74.0000,74.2400,72.2300,73.6100,390500
2013-12-13,72.3400,74.3100,72.0200,73.9300,462400
2013-12-06,74.0200,74.0200,71.2100,72.3400,375100
2013-11-29,73.7000,74.1300,70.6900,73.8200,276000
2013-11-22,75.2600,75.5900,70.0500,73.5500,249400
2013-11-15,73.5500,76.2000,69.4800,75.5400,901300
2013-11-08,70.3300,74.1900,69.2000,73.9350,311500
2013-11-01,72.4100,73.1100,69.1100,70.3000,116200
2013-10-25,69.4400,72.8300,69.2800,71.8900,113200
2013-10-18,66.6600,69.4900,66.6600,69.4600,124300
2013-10-11,65.4600,67.6500,63.4510,66.7800,171400
2013-10-04,65.7200,68.2700,65.3800,65.8200,169000
2013-09-27,65.0000,67.2700,64.9100,66.6750,110200
2013-09-20,66.0000,66.5900,64.2500,64.8800,197100
2013-09-13,65.1600,66.7700,64.5000,65.2400,109700
2013-09-06,63.7800,65.7000,63.7000,65.3400,136600
2013-08-30,66.4410,67.1800,62.7500,63.1000,113400
2013-08-23,65.3000,68.0000,64.6300,66.8300,149800
2013-08-16,63.6000,65.5900,62.7000,65.0100,230600
2013-08-09,64.2200,65.8600,61.3200,64.2400,152000
2013-08-02,63.7600,64.1825,62.2000,63.9800,131700
2013-07-26,65.5100,65.9900,63.5450,64.0700,136800
2013-07-19,64.8400,66.2700,63.0000,65.7500,171400
2013-07-12,63.9700,65.8500,63.1900,64.6000,227700
2013-07-05,63.2400,64.8200,61.9500,63.8500,181200
2013-06-28,63.2900,63.9600,61.6400,63.5000,319000
2013-06-21,61.9500,64.1500,61.0100,63.7500,306000
2013-06-14,60.6800,61.8800,58.8100,61.2500,114900
2013-06-07,59.1700,61.9600,58.0900,61.1600,269400
2013-05-31,58.3400,61.8700,58.2500,59.1900,311800
2013-05-24,58.1900,58.7800,56.1200,57.5600,494700
2013-05-17,55.8700,58.4800,55.1800,57.9600,351200
2013-05-10,51.3100,57.6999,51.1900,56.1800,334000
2013-05-03,52.5400,52.5400,50.1500,51.4200,204000
2013-04-26,51.6500,53.1000,49.8800,52.1900,96900
2013-04-19,52.3400,52.8900,50.5600,51.7600,275700
2013-04-12,51.6100,53.6500,50.7750,52.8100,240400
2013-04-05,50.5600,51.9100,50.4600,51.5700,191700
2013-03-28,51.4000,51.6200,50.8750,51.3100,113200
2013-03-22,49.1400,51.3836,48.7500,51.0600,340500
2013-03-15,47.7200,50.3900,47.7200,49.6100,376400
2013-03-08,47.5600,48.3400,45.5600,47.7200,247200
2013-03-01,49.2600,49.3600,47.1100,47.7700,177000
2013-02-22,49.1300,49.9000,48.6500,48.9800,145800
2013-02-15,49.6100,50.0300,48.9800,49.0400,115700
2013-02-08,50.4000,50.8800,48.7500,49.4500,123600
2013-02-01,50.5500,51.0000,48.9210,50.9400,234700
2013-01-25,51.1600,51.2600,49.5164,50.3400,168800
2013-01-18,50.8900,51.8500,49.5700,51.3200,167600
2013-01-11,49.9200,51.3500,49.8500,51.1600,176600
2013-01-04,46.0000,50.9800,46.0000,50.3500,233000
2012-12-28,48.1100,48.1100,46.1700,46.4400,104000
2012-12-21,48.9300,49.1600,46.8400,48.2000,385900
2012-12-14,47.1700,49.2400,46.8900,48.9700,301700
2012-12-07,45.8100,47.2500,45.5480,47.2500,336200
2012-11-30,43.5700,46.0000,43.0000,45.7500,249200
2012-11-23,42.9100,44.0800,42.2600,43.6700,159000
2012-11-16,43.2200,44.1700,40.0602,42.6400,416700
2012-11-09,47.9900,48.3400,41.9600,43.4100,281400
2012-11-02,47.8200,48.6700,47.2100,47.6800,117800
2012-10-26,44.5400,48.1500,43.7500,47.6600,204900
2012-10-19,45.3600,47.4800,44.0800,44.5900,178900
2012-10-12,46.2900,47.0300,44.4600,45.5300,134100
2012-10-05,47.9100,48.7350,46.1900,46.4800,279000
2012-09-28,46.5800,49.1400,45.9100,48.1100,209400
2012-09-21,46.6300,47.9800,46.0900,46.5500,188700
2012-09-14,47.2100,47.5000,45.0300,46.5700,179600
2012-09-07,45.8200,47.9200,45.5400,47.2100,178300
2012-08-31,46.1800,47.7400,45.4700,45.5400,111100
2012-08-24,47.2500,47.8700,45.0801,46.1500,137800
2012-08-17,47.4900,48.0000,43.2900,47.5000,303300
2012-08-10,48.7500,50.5600,46.5000,47.4000,269900
2012-08-03,48.9800,49.1300,46.6800,48.7500,157500
2012-07-27,47.9300,49.0000,46.6600,48.9000,191800
2012-07-20,49.3100,49.3100,48.2000,48.4500,141600
2012-07-13,48.6900,49.6800,48.2300,49.3100,246700
2012-07-06,47.7300,49.0200,47.7300,49.0100,202600
2012-06-29,44.8700,48.1700,44.3200,48.1400,397300
2012-06-22,43.1100,45.2700,43.0150,45.2600,374600
2012-06-15,43.6500,43.6500,41.1900,43.2400,405600
2012-06-08,43.0400,43.8600,41.9900,43.1800,242900
2012-06-01,43.7300,43.9350,42.8709,43.0300,199900
2012-05-25,43.2000,43.7200,42.1500,43.6700,264500
2012-05-18,42.2800,43.7800,42.0410,42.9700,362800
2012-05-11,37.4400,43.1500,34.7800,42.5200,424900
2012-05-04,39.3300,39.4400,37.5000,37.6500,221600
2012-04-27,37.6600,40.1000,37.5590,39.2200,221900
2012-04-20,38.9900,39.6200,37.8700,38.1800,149500
2012-04-13,39.2400,39.9300,38.7800,38.9500,162000
2012-04-05,40.8800,41.5190,39.5800,39.8800,186300
2012-03-30,40.5300,41.8300,40.1600,40.9400,159200
2012-03-23,40.7300,41.4700,38.5229,40.3100,221000
2012-03-16,38.4300,41.1100,38.3100,40.6600,297700
2012-03-09,39.2200,40.8800,37.5100,38.6900,330000
2012-03-02,42.2400,42.4000,39.0600,39.4300,215800
2012-02-24,41.8000,42.7400,41.0800,42.4200,110000
2012-02-17,41.1900,41.7700,40.2610,41.6600,205300
2012-02-10,41.1400,42.0000,39.4600,40.8500,199200
2012-02-03,40.8000,42.3400,40.3100,41.1100,185500
2012-01-27,39.4700,41.6500,38.9500,40.9300,181000
2012-01-20,39.0900,40.1600,37.0100,39.7200,117900
2012-01-13,38.8200,39.9900,38.4980,38.9100,209200
2012-01-06,40.0300,40.6500,38.0410,38.8200,129200
2011-12-30,39.3100,40.0300,38.9600,39.6000,111200
2011-12-23,38.0300,39.7000,38.0300,39.5000,187000
2011-12-16,39.1200,40.5200,37.4700,37.9600,349400
2011-12-09,39.0000,39.6300,38.4600,39.4500,304500
2011-12-02,35.8400,38.9400,35.5300,38.5400,210100
2011-11-25,36.3200,36.7900,34.7110,34.9100,126700
2011-11-18,36.7400,37.9600,36.3500,36.9100,170600
2011-11-11,33.2600,36.9900,32.0000,36.8000,367700
2011-11-04,33.3100,34.0200,32.4600,33.0900,243000
2011-10-28,32.8000,34.0950,32.3200,33.6400,203400
2011-10-21,33.1200,33.9000,31.5200,32.8800,235400
2011-10-14,31.7300,33.9900,31.5500,33.5500,202800
2011-10-07,30.5300,32.1100,29.5700,31.5200,286400
2011-09-30,32.1500,32.7100,30.4100,30.5800,387900
2011-09-23,33.5000,33.5000,30.3280,31.9900,316000
2011-09-16,32.5600,34.5800,32.2900,34.0000,221800
2011-09-09,33.2800,34.4600,32.4900,32.8100,244000
2011-09-02,34.4200,36.2900,33.9900,34.0400,366000
2011-08-26,34.0100,34.6700,33.5000,34.2300,402600
2011-08-19,33.5800,35.1900,33.0300,33.3400,404800
2011-08-12,34.3600,37.5900,33.2860,33.4800,678600
2011-08-05,37.6500,37.6700,36.0000,36.2900,395800
2011-07-29,37.8500,38.6900,36.5500,37.2400,242600
2011-07-22,36.9300,38.4720,36.4000,38.1700,173300
2011-07-15,37.8800,37.9900,36.0000,37.1200,241900
2011-07-08,36.8000,38.3900,36.5100,38.1200,304100
2011-07-01,34.3200,37.0600,33.9800,36.7000,263400
2011-06-24,34.5500,35.8100,33.9400,34.1900,320900
2011-06-17,34.1100,35.1900,33.4000,34.6000,283300
2011-06-10,34.6700,35.0500,33.7600,33.9000,221300
2011-06-03,35.0000,35.7400,34.3600,34.4100,242900
2011-05-27,33.6200,35.0000,32.4100,34.9100,233500
2011-05-20,34.7800,34.9700,33.5600,34.0800,221100
2011-05-13,33.7500,35.8400,33.7500,34.9600,322600
2011-05-06,32.9300,35.0000,32.9300,33.7100,201100
2011-04-29,33.2100,33.8200,32.9300,33.5100,132800
2011-04-21,33.6200,33.7900,32.9700,33.2600,109500
2011-04-15,34.6600,34.9700,33.0000,33.8700,155300
2011-04-08,33.0900,35.5300,32.8400,34.5700,210900
2011-04-01,33.8500,33.9690,32.6200,32.9700,285800
2011-03-25,32.0800,34.5300,31.9100,33.8400,245300
2011-03-18,33.7500,34.5847,31.6100,31.9500,958100
2011-03-11,34.1000,34.5800,33.7300,34.3500,122500
2011-03-04,33.5400,34.1300,33.3310,34.0500,173400
2011-02-25,33.8400,34.1600,33.2100,33.5000,148900
2011-02-18,34.0800,34.4500,33.8400,34.1800,147800
2011-02-11,34.0500,34.9400,33.5000,34.4200,140700
2011-02-04,34.0000,34.7500,33.6800,34.0800,169500
2011-01-28,34.0100,34.6900,33.7900,33.7900,125100
2011-01-21,35.0000,35.2400,33.8200,34.0500,275500
2011-01-14,34.8800,35.8100,34.5400,35.1900,204100
2011-01-07,35.9500,36.1000,34.4700,35.0900,136100
2010-12-31,36.4600,37.1000,35.5900,35.5900,136800
2010-12-23,36.5100,37.1900,36.2600,36.5900,158600
2010-12-17,36.2500,37.0800,35.7000,36.5100,219800
2010-12-10,35.7500,36.6000,35.7500,36.2500,273700
2010-12-03,35.7500,36.6700,35.5000,35.9100,585400
2010-11-26,34.3700,36.1700,34.3700,35.8900,216600
2010-11-19,34.9500,35.8900,34.3900,34.4900,225400
2010-11-12,33.6200,35.9700,33.6100,34.7800,254500
2010-11-05,33.0000,34.2100,32.5300,33.8600,313100
2010-10-29,33.9200,34.1500,32.5500,33.0000,221800
2010-10-22,32.7200,33.9700,32.5000,33.8600,319000
2010-10-15,32.0800,32.7400,31.5000,32.5400,203400
2010-10-08,30.9600,32.4100,30.1400,32.2000,203800
2010-10-01,31.0600,31.3200,30.4310,31.0000,277300
2010-09-24,29.9300,31.8500,29.0000,30.9900,455300
2010-09-17,27.9000,30.2400,27.6300,29.9400,486700
2010-09-10,27.6500,27.7200,27.0500,27.6100,119200
2010-09-03,26.1100,27.7700,25.6100,27.7100,289300
2010-08-27,26.6600,27.4000,25.6600,26.2100,401200
2010-08-20,28.0500,28.2100,26.3300,26.6100,341500
2010-08-13,29.7500,29.7500,27.0000,28.0500,576500
2010-08-06,30.5900,30.7900,28.6600,29.5900,364800
2010-07-30,28.8400,31.6200,28.6500,30.5200,395700
2010-07-23,27.5200,29.2600,27.1700,28.9400,475000
2010-07-16,27.0400,28.1600,26.6500,27.5100,398300
2010-07-09,27.9600,28.2800,26.4600,27.1900,280300
2010-07-02,28.2800,29.0700,27.0400,27.5100,455200
2010-06-25,28.5000,28.6380,27.2960,28.1900,503600
2010-06-18,27.8600,28.7900,27.4000,28.1200,352600
2010-06-11,27.1000,27.9940,26.7000,27.7900,462544
2010-06-04,26.8700,27.5300,26.6300,26.9900,325834
2010-05-28,27.2000,27.8500,26.2450,27.0800,907500
2010-05-21,29.4700,29.4900,26.4900,27.2300,785600
2010-05-14,27.7200,30.5900,27.7200,29.3300,765800
2010-05-07,30.7300,30.9200,27.7200,27.9400,1153500
2010-04-30,31.4300,31.5400,30.5200,30.5200,490000
2010-04-23,29.8400,31.8800,29.5900,31.4000,488300
2010-04-16,30.1000,30.3400,29.6701,30.0200,537500
2010-04-09,30.2300,30.5090,29.7700,30.0100,402700
2010-04-01,31.9000,31.9000,30.0710,30.2300,461600
2010-03-26,32.7000,33.1600,31.6390,31.8200,316600
2010-03-19,33.4900,33.6700,31.7500,32.8800,467100
2010-03-12,34.2500,34.4900,33.2900,33.4400,246500
2010-03-05,32.0400,34.5100,31.4800,34.1400,183800
2010-02-26,32.9600,32.9600,30.6600,32.0400,285300
2010-02-19,31.9000,33.4500,31.7300,32.9700,150200
2010-02-12,31.8000,31.9890,30.2700,31.7600,193100
2010-02-05,29.6300,31.8700,29.4000,31.8600,263400
2010-01-29,31.0000,31.1800,29.2101,29.8200,204700
2010-01-22,32.0200,32.2300,30.6600,30.7900,197200
2010-01-15,33.2000,33.2000,31.5700,32.0200,212500
2010-01-08,32.9700,33.2900,32.0100,33.0000,471700
2009-12-31,31.8000,33.2000,31.2300,32.9600,135300
2009-12-24,31.2700,32.0000,31.0000,31.8000,144800
2009-12-18,30.8200,31.2500,30.2900,31.2000,299700
2009-12-11,30.0900,30.6900,29.6550,30.5400,134600
2009-12-04,30.0000,30.6400,29.1725,30.0100,257100
2009-11-27,29.0000,31.2000,28.9900,30.0400,290000
2009-11-20,28.8000,29.4000,28.3700,29.2100,209600
2009-11-13,28.7100,29.2800,27.8400,28.5500,202000
2009-11-06,27.4600,28.5200,25.9300,28.3800,229700
2009-10-30,29.1500,29.5400,27.0600,27.3700,161200
2009-10-23,29.7300,29.8800,28.4600,29.1400,174600
2009-10-16,29.8000,29.9000,29.4000,29.7200,170500
2009-10-09,28.7300,30.2800,28.2600,29.7600,290100
2009-10-02,29.2400,29.8400,27.8500,28.5000,249200
2009-09-25,28.9700,30.0300,28.7300,29.2100,352300
2009-09-18,28.4400,29.3050,28.4200,29.1500,366400
2009-09-11,27.9400,28.9900,27.9400,28.5800,226500
2009-09-04,29.0000,29.3000,26.8300,27.7900,464800
2009-08-28,29.5000,29.9000,28.3300,29.0100,329800
2009-08-21,28.8400,30.1200,27.1400,29.3700,449400
2009-08-14,26.4700,29.3700,26.4300,29.1000,397800
2009-08-07,26.7300,27.9700,25.9500,26.5600,299500
2009-07-31,27.7400,28.5100,26.6800,26.8600,198900
2009-07-24,27.4200,29.2000,26.4501,27.9200,324800
2009-07-17,25.4700,27.1400,24.7300,27.1400,215500
2009-07-10,26.7400,27.0000,25.0500,25.5500,232000
2009-07-02,27.0000,27.0100,25.8900,26.7700,248000
2009-06-26,25.2100,27.1200,24.0178,27.0000,521200
2009-06-19,25.8500,26.3500,24.9600,25.3300,235500
2009-06-12,26.8500,27.1000,25.3800,26.3900,300400
2009-06-05,26.5700,27.1500,26.1601,26.7300,308200
2009-05-29,22.9600,27.3500,22.9600,26.1100,643300
2009-05-22,22.7200,23.8100,22.2400,22.8300,578100
2009-05-15,22.1000,23.6500,21.1400,22.2900,497600
2009-05-08,19.5300,22.0800,19.2300,22.0800,586100
2009-05-01,18.6100,19.9900,18.3800,19.2100,277200
2009-04-24,18.6900,19.3200,17.7800,18.9600,254900
2009-04-17,18.7300,19.4000,17.5500,19.1600,286800
2009-04-09,19.4900,19.6300,18.1760,18.9300,137000
2009-04-03,17.4100,20.1040,16.9212,19.7900,248700
2009-03-27,18.3600,18.8200,17.5000,17.8000,202200
2009-03-20,18.4900,18.4900,17.3700,17.8700,204200
2009-03-13,16.7600,18.3600,16.5300,18.0600,278300
2009-03-06,16.7300,18.1500,16.2900,16.9000,179700
2009-02-27,16.8000,17.2800,15.6000,17.1100,200100
2009-02-20,18.1300,18.4300,16.3200,16.7000,150500
2009-02-13,19.8600,19.8900,17.8800,18.8500,75300
2009-02-06,18.1600,20.1200,17.6000,20.0400,142300
2009-01-30,18.5800,19.6800,18.1000,18.3400,115300
2009-01-23,19.7700,19.7700,18.0200,18.7000,111700
2009-01-16,20.3900,21.1500,19.2300,20.0100,234700
2009-01-09,21.6800,22.0100,20.2271,20.3900,236300
2009-01-02,20.9600,21.8200,20.2000,21.6100,208300
2008-12-26,22.1400,22.2000,20.4700,20.9600,133200
2008-12-19,22.7400,22.7600,20.6000,21.8400,395100
2008-12-12,22.7900,23.7900,21.1700,22.1800,281000
2008-12-05,19.5700,22.2200,16.4100,22.1900,300400
2008-11-28,16.8700,20.1200,15.6600,20.1200,160400
2008-11-21,18.0100,19.1600,14.8100,16.7700,362100
2008-11-14,19.1800,19.8000,17.3100,18.2100,208400
2008-11-07,19.6700,20.4900,17.4300,18.2500,276800
2008-10-31,19.4000,20.1000,18.1900,19.7700,327300
2008-10-24,22.1000,22.9900,18.6600,19.6600,219300
2008-10-17,21.5000,24.7400,19.2101,21.8700,325300
2008-10-10,22.4200,23.2500,17.2000,20.5300,433500
2008-10-03,26.2800,26.8100,22.5700,22.8800,213900
2008-09-26,27.5500,29.0000,25.9200,26.6400,214500
2008-09-19,26.4900,28.6100,24.9200,27.9200,507900
2008-09-12,27.8200,29.5200,26.6000,26.8700,241600
2008-09-05,30.0800,30.0800,27.0000,27.5500,169200
2008-08-29,30.1300,30.3900,27.6050,29.5000,154400
2008-08-22,29.9200,30.7200,28.2100,30.0600,201200
2008-08-15,29.2700,30.7400,27.0100,30.3500,317100
2008-08-08,26.9500,30.4900,26.5100,29.0900,271100
2008-08-01,25.9100,27.9900,25.6700,27.0200,252600
2008-07-25,26.0800,26.7000,25.0500,26.0300,412500
2008-07-18,25.5500,27.0450,25.1400,25.9300,397100
2008-07-11,25.2300,27.6300,24.7500,25.9200,404100
2008-07-03,26.0200,26.4800,24.7501,24.9100,390000
2008-06-27,27.7100,27.7100,25.5300,26.0900,298900
2008-06-20,28.3000,28.5100,26.2100,27.6000,619800
2008-06-13,28.1000,28.7000,27.5200,28.3200,213200
2008-06-06,29.0400,29.9000,28.0900,28.0900,153713
2008-05-30,28.3600,30.0000,28.2700,29.0400,207200
2008-05-23,27.1000,28.3500,26.4300,28.2200,358500
2008-05-16,28.3400,29.2500,27.0100,27.2100,197200
2008-05-09,28.4000,28.6700,26.0300,27.9300,215600
2008-05-02,29.6200,30.0300,28.2900,28.3100,289000
2008-04-25,29.2000,30.0000,27.1000,29.7200,119900
2008-04-18,26.6500,29.9600,26.5100,29.3900,139100
2008-04-11,29.2000,29.5000,26.6500,26.6700,162800
2008-04-04,28.8800,29.9700,28.1800,29.1000,270800
2008-03-28,28.3200,29.9500,28.0600,28.9500,346800
2008-03-20,24.1600,28.6000,22.6700,28.1500,364600
2008-03-14,24.8400,25.0700,23.5500,24.6300,305300
2008-03-07,26.0000,27.1400,24.0600,24.8500,360400
2008-02-29,28.7300,29.3700,26.1400,26.5700,428700
2008-02-22,29.0300,29.6100,27.0800,28.9100,230000
2008-02-15,27.0600,29.8200,26.9600,28.7600,353300
2008-02-08,26.2000,28.0800,25.8700,27.1100,339300
2008-02-01,25.6500,26.3400,24.3600,26.2200,363500
2008-01-25,23.8300,26.5400,22.5900,25.6500,264000
2008-01-18,24.3800,25.1300,23.9300,24.1300,612800
2008-01-11,26.4700,27.2800,23.7600,24.1800,614400
2008-01-04,27.9600,28.8900,25.9000,26.3400,422300
2007-12-28,28.1300,29.1100,26.8000,28.1100,164100
2007-12-21,25.6600,28.2100,24.7350,28.1300,588500
2007-12-14,27.5300,28.5800,25.2500,25.7900,457400
2007-12-07,26.8400,28.0700,26.1000,27.5300,720200
2007-11-30,29.1700,29.1700,25.7800,26.8300,839800
2007-11-23,29.9400,30.1300,28.3401,29.2400,153000
2007-11-16,31.7400,32.0400,29.1201,30.1400,354000
2007-11-09,34.3600,34.5900,30.8700,31.7400,215795
2007-11-02,35.7000,35.9400,33.6000,34.6400,189600
2007-10-26,34.4500,35.7200,33.8601,35.6600,196300
2007-10-19,35.8400,35.9500,34.6600,34.7500,223100
2007-10-12,35.7500,35.9500,35.0000,35.7500,327300
2007-10-05,35.0000,36.3500,34.9600,35.7600,264500
2007-09-28,34.4900,36.5600,34.1300,35.2300,399900
2007-09-21,33.9500,35.0800,33.6800,34.7800,477200
2007-09-14,32.7900,34.1100,32.2200,33.9800,368800
2007-09-07,33.5700,34.0000,31.8700,32.5200,205200
2007-08-31,33.7500,34.7100,32.2100,33.7400,324300
2007-08-24,33.3900,35.3000,33.1000,33.9700,302700
2007-08-17,32.6300,34.8400,31.4800,33.1800,641700
2007-08-10,31.4600,32.5300,29.6600,31.9300,619200
2007-08-03,31.6500,32.9500,30.8100,31.1300,407500
2007-07-27,34.3800,34.7500,31.1200,31.6000,366100
2007-07-20,36.2000,36.9900,33.9500,34.1800,169800
2007-07-13,36.9000,37.5500,35.6300,36.3800,201200
2007-07-06,36.2200,37.7000,35.5500,36.7500,226000
2007-06-29,36.7700,37.9700,35.5700,35.9800,245400
2007-06-22,35.8100,37.6200,35.7200,36.9300,332400
2007-06-15,35.7400,36.5200,34.4500,35.7900,277100
2007-06-08,35.0400,36.1100,34.2000,35.9100,301200
2007-06-01,34.3400,35.6000,33.6100,35.3500,361800
2007-05-25,35.0400,35.3900,33.2200,34.2900,399300
2007-05-18,35.3200,35.7500,34.1800,35.0200,226400
2007-05-11,36.7100,36.7100,34.6100,35.4900,204500
2007-05-04,35.9000,36.7800,34.5600,36.6000,256700
2007-04-27,36.7100,37.0000,35.6500,35.8700,193300
2007-04-20,37.3600,38.1700,36.4300,36.9200,205900
2007-04-13,35.4900,37.3300,35.1600,37.3100,295900
2007-04-05,35.7750,37.1000,35.2000,35.5200,177400
2007-03-30,36.8900,37.2100,34.8600,35.6800,276200
2007-03-23,33.6900,36.9200,32.8400,36.8100,696100
2007-03-16,31.4800,34.7300,29.9300,33.5200,283100
2007-03-09,30.5700,32.5100,30.0200,31.1400,121200
2007-03-02,31.3900,31.9100,29.7000,30.9800,230800
2007-02-23,30.8900,31.9600,30.4400,31.4800,91700
2007-02-16,30.7700,31.4400,30.0000,30.9900,149300
2007-02-09,31.4300,31.6100,30.0000,31.3400,243500
2007-02-02,31.3700,32.7400,30.8800,31.5200,139400
2007-01-26,31.6300,33.0700,31.0800,31.3100,127600
2007-01-19,32.7100,33.4400,31.0600,32.0000,78600
2007-01-12,31.5200,33.0000,30.9600,32.5200,132600
2007-01-05,33.5600,33.5600,31.2900,31.7900,156100
2006-12-29,32.5800,34.8000,32.5800,33.4500,84600
2006-12-22,33.3400,34.4200,32.3000,32.6600,122900
2006-12-15,34.4500,34.6700,32.8700,33.3000,210600
2006-12-08,32.8100,33.9900,32.6000,33.6000,379700
2006-12-01,30.6700,32.9800,30.4900,32.6000,269400
2006-11-24,31.8200,31.9000,30.5000,30.8000,106800
2006-11-17,31.4900,32.0700,30.5000,31.5000,313800
2006-11-10,31.1200,32.2500,30.5000,31.0000,522500
2006-11-03,32.3200,33.2500,29.2900,30.8600,123200
2006-10-27,32.3200,33.4500,31.2800,32.4600,219700
2006-10-20,33.0200,34.0000,31.3900,32.4500,83200
2006-10-13,31.4900,33.4800,31.2500,32.9300,120500
2006-10-06,31.2400,32.7300,30.5600,31.6200,76600
2006-09-29,29.5500,31.6579,29.4600,31.3400,217600
2006-09-22,29.8000,30.2500,29.5100,29.8100,355600
2006-09-15,30.2100,30.5900,28.8700,29.9000,285300
2006-09-08,30.6100,30.7800,30.0400,30.3300,61100
2006-09-01,31.6900,33.2100,30.3000,30.5300,82500
2006-08-25,32.5600,33.0099,30.5500,31.6100,133400
2006-08-18,31.1500,33.7800,30.6800,32.7000,126800
2006-08-11,33.6600,35.6000,31.0000,31.4400,201300
2006-08-04,35.2200,37.4900,32.6800,34.0100,83400
2006-07-28,33.1500,37.9000,32.7600,36.1600,262000
2006-07-21,35.0000,35.0500,32.7800,33.3300,267800
2006-07-14,34.0300,35.4900,33.3800,34.9900,200200
2006-07-07,35.5500,38.9000,33.5800,34.1700,117400
2006-06-30,38.5400,38.5400,35.2000,35.8000,1256400
2006-06-23,38.5500,38.8900,37.0000,38.1600,142100
2006-06-16,37.6400,38.9000,36.9800,38.1900,62600
2006-06-09,38.2900,39.8700,35.8800,37.8300,208200
2006-06-02,38.2400,39.6000,37.5000,38.3900,129600
2006-05-26,42.2300,42.4600,37.2100,38.6400,514100
2006-05-19,43.8000,43.9000,41.5500,42.4700,101600
2006-05-12,43.0000,45.5000,42.1200,43.8100,81700
2006-05-05,42.0000,43.5900,40.6000,42.9500,49500
2006-04-28,39.8400,42.1000,38.5400,42.1000,337500
2006-04-21,39.0900,40.5700,38.3600,39.8100,86000
2006-04-13,37.8100,40.7300,37.2100,40.2600,67800
2006-04-07,38.8000,38.8800,37.1600,37.2500,61800
2006-03-31,38.6500,40.0000,37.8000,38.2600,97900
2006-03-24,39.5000,40.2500,38.7500,39.9900,59300
2006-03-17,39.5800,39.7500,39.0500,39.2000,76300
2006-03-10,39.1400,40.7200,38.0900,39.7700,123600
2006-03-03,39.4999,40.0000,38.7200,39.4400,243600
2006-02-24,37.5000,39.3500,36.3310,39.3500,212800
2006-02-17,35.7400,38.7900,35.0300,37.0000,232000
2006-02-10,36.0100,36.2500,34.1100,35.8900,92400
2006-02-03,34.5000,36.2500,33.5000,35.8200,212300
2006-01-27,34.5000,34.5000,33.5000,34.1500,488000
2006-01-20,34.0000,35.2000,34.0000,34.7400,143400
2006-01-13,34.0000,35.5000,33.7500,34.1740,212500
2006-01-06,32.4000,34.9800,31.7600,34.0000,242100
2005-12-30,32.0000,32.1000,31.7500,31.9000,25700
2005-12-23,32.0000,33.0000,31.9100,32.4100,65100
2005-12-16,31.2400,33.4900,30.9800,31.9500,73600
2005-12-09,33.0000,33.7300,30.6200,30.9500,14300
2005-12-02,30.9000,33.9500,30.9000,33.0000,65000
2005-11-25,30.9500,30.9500,30.9500,30.9500,1000
2005-11-18,30.9000,31.0000,30.9000,30.9500,81000
2005-11-11,31.0000,31.6500,30.9500,30.9500,281300
2005-11-04,30.0000,31.6000,29.0000,30.0000,71300
2005-10-28,30.0000,30.0000,28.0000,30.0000,35700
2005-10-21,30.0000,32.0000,29.7500,30.0000,10400
2005-10-14,30.0000,30.0000,30.0000,30.0000,4500
2005-10-07,33.9000,34.0000,33.8500,33.8500,4100
2005-09-30,33.0000,34.0000,32.0000,33.9000,45400
2005-09-23,31.5000,34.1000,31.5000,34.0000,219100
2005-09-16,30.0000,34.5000,30.0000,34.0000,170100
2005-09-09,33.0000,33.0000,27.0000,27.0200,608300
2005-09-02,26.2500,34.0000,25.5000,33.0000,9600
2005-08-26,27.0000,27.2500,26.5000,26.5000,4400
2005-08-19,27.0000,27.0500,27.0000,27.0500,100
2005-08-12,27.0000,27.0000,27.0000,27.0000,300
2005-08-05,27.0400,27.1000,26.8000,27.0000,9900
2005-07-29,27.0000,27.0400,27.0000,27.0400,300
2005-07-22,27.2500,27.2500,26.7500,27.0500,153300
2005-07-15,27.0000,27.2500,27.0000,27.2500,125500
2005-07-08,27.0000,27.0000,27.0000,27.0000,47700
2005-07-01,27.0000,28.2500,26.0000,27.1000,122000
2005-06-24,30.2500,30.2500,26.0000,29.0000,800
2005-06-17,30.2500,30.2500,30.2500,30.2500,0
2005-06-10,28.0000,30.2500,28.0000,30.2500,50000
2005-06-03,28.0000,28.0000,27.5000,28.0000,2200
2005-05-27,28.0000,28.0000,24.9000,25.5000,11600
2005-05-20,29.0000,29.0500,27.9500,28.0000,63400
2005-05-13,30.0000,30.0000,27.0000,28.8500,427100
2005-05-06,34.0000,34.0000,30.0000,30.4500,307500
2005-04-29,31.2500,37.5000,31.2500,34.0000,44000
2005-04-22,27.0000,33.2500,27.0000,31.2500,25900
