timestamp,open,high,low,close,volume
2013-05-01,41.0000,41.1100,40.0100,40.2100,2439113
2013-04-26,40.6100,41.7100,40.3000,40.7700,3398497
2013-04-19,40.7900,40.9700,40.0100,40.6300,3460394
2013-04-12,40.0000,41.4100,39.9200,40.9800,2183845
2013-04-05,40.5200,40.9500,39.1600,39.9200,4201515
2013-03-28,39.4000,40.5200,39.2500,40.5200,5336401
2013-03-22,37.6200,39.6000,37.5200,39.2900,3410484
2013-03-15,37.4700,38.1600,37.4700,37.9300,3736476
2013-03-08,38.1800,38.5000,37.1400,37.8000,3794522
2013-03-01,38.2800,38.7500,37.9600,38.2400,2696327
2013-02-22,38.6000,39.2000,37.9500,38.2800,2940196
2013-02-15,38.3500,38.8200,38.2900,38.6000,3404390
2013-02-08,38.3000,38.8600,38.1120,38.5600,5060895
2013-02-01,33.4400,39.3700,32.1961,38.7000,13875907
2013-01-25,33.3900,33.9900,33.0300,33.4200,1361260
2013-01-18,33.5400,33.7700,32.8500,33.3900,1377620
2013-01-11,33.1600,33.5000,32.5900,33.3200,2003884
2013-01-04,31.4500,33.1740,31.0000,32.9500,1370536
2012-12-28,31.1000,31.6100,30.6900,31.3000,807244
2012-12-21,30.0900,31.8300,29.9000,30.9500,1867606
2012-12-14,30.4400,30.7800,29.2000,30.0500,1389250
2012-12-07,31.4900,31.7300,30.1310,30.4600,853005
2012-11-30,30.8900,31.9400,30.4000,31.5300,1135082
2012-11-23,30.4800,31.4700,30.1800,30.9300,849023
2012-11-16,31.0000,31.3700,27.7200,30.1526,2271177
2012-11-09,31.0700,31.5000,30.1000,30.9700,1605107
2012-11-02,32.0800,32.0800,29.5600,31.0000,1446789
2012-10-26,31.7500,32.1000,31.3500,32.0800,2507761
2012-10-19,33.2300,33.8800,31.5200,31.7500,7224374
2012-10-12,33.5500,33.8700,33.1800,33.2700,1239900
2012-10-05,32.9700,34.0000,32.7000,33.5000,1021286
2012-09-28,31.7500,32.9800,31.5450,32.9800,819665
2012-09-21,33.1700,33.4300,31.7500,31.9600,1168263
2012-09-14,32.2000,33.3000,31.5500,33.2200,1004891
2012-09-07,30.6900,32.4000,30.4000,32.3400,679442
2012-08-31,30.3000,30.7898,30.0200,30.6900,713945
2012-08-24,30.0000,30.9000,29.7600,30.1800,1639986
2012-08-17,30.0000,30.1500,29.3400,29.7200,1268501
2012-08-10,28.5100,30.0000,27.4300,29.9400,1725423
2012-08-03,28.0700,28.5900,27.1800,28.2900,1220061
2012-07-27,29.7400,30.0000,27.6700,28.1800,1369892
2012-07-20,29.3500,30.3200,29.1600,30.1100,1473885
2012-07-13,27.9800,29.7200,27.8500,29.3700,1268483
2012-07-06,26.2200,28.3300,26.1000,28.1600,1042584
2012-06-29,25.3800,27.8000,24.8100,27.8000,2084708
2012-06-22,27.1100,28.0900,25.4400,25.8000,1547045
2012-06-15,28.3800,28.3800,27.0000,27.1800,1370258
2012-06-08,26.0200,28.7900,25.5400,27.1900,1445491
2012-06-01,26.6400,27.8296,25.9000,25.9300,1675926
2012-05-25,25.0800,27.1099,24.7700,26.6400,2758570
2012-05-18,29.0000,29.8000,24.2400,25.0300,4291291
2012-05-11,35.9000,36.0000,29.0200,29.6200,4476067
2012-05-04,35.1400,36.2500,34.8100,35.8900,875611
2012-04-27,36.2200,37.2000,35.0400,35.2900,1348735
2012-04-20,35.3200,36.5900,34.5300,36.5500,1205028
2012-04-13,35.2900,35.2900,34.3700,35.1400,1132278
2012-04-05,35.7400,36.1000,35.1100,35.2900,736354
2012-03-30,35.7700,35.8500,34.5700,35.7000,1597289
2012-03-23,35.1700,36.9200,35.0500,35.7600,1374798
2012-03-16,36.0300,36.4000,34.4000,35.2000,1350171
2012-03-09,35.9800,36.6800,35.3200,36.0000,1221279
2012-03-02,37.7200,38.0300,35.6300,36.1000,1595070
2012-02-24,36.4700,37.7500,35.8500,37.6800,1953570
2012-02-17,34.9000,36.5100,34.4400,36.4700,1446672
2012-02-10,34.4000,34.9900,33.9900,34.8100,947831
2012-02-03,33.3900,34.9500,33.0000,34.4000,1583095
2012-01-27,34.7600,34.9700,33.1900,33.4800,1514794
2012-01-20,33.7900,34.6200,33.7900,34.6200,2112309
2012-01-13,35.5500,35.9500,33.7900,33.7900,4886180
2012-01-06,34.2000,35.7300,34.2000,35.3500,697148
2011-12-30,33.3900,34.2800,33.1500,34.2000,459540
2011-12-23,33.1300,33.5200,32.7300,33.3900,719926
2011-12-16,33.5900,34.1070,32.8100,32.9000,870197
2011-12-09,34.0000,34.2000,33.1400,34.0100,817304
2011-12-02,32.9900,34.0000,32.0210,33.8500,946460
2011-11-25,32.7300,32.9100,31.6000,32.5200,488692
2011-11-18,31.5400,33.0600,31.5400,33.0600,708198
2011-11-11,31.3000,32.3340,31.1000,31.7200,944212
2011-11-04,31.5600,32.5600,31.2500,31.3300,770875
2011-10-28,32.9000,33.4900,31.6100,32.2800,1206583
2011-10-21,31.3600,32.7900,30.8000,32.6600,967717
2011-10-14,28.6800,31.4800,28.5000,31.2900,983159
2011-10-07,29.5200,29.8100,26.0800,28.3600,1609677
2011-09-30,30.1300,31.2000,29.3400,29.8100,894979
2011-09-23,31.8200,33.1500,29.9900,30.1000,1219189
2011-09-16,31.3900,32.8800,31.2000,32.3000,928251
2011-09-09,30.8300,32.1300,30.7700,31.9300,647806
2011-09-02,31.2100,32.8200,31.0808,31.7700,845651
2011-08-26,31.3400,31.3900,29.4400,30.8800,1134413
2011-08-19,32.9800,33.7500,30.7001,30.9000,1127796
2011-08-12,29.3100,33.9992,27.0700,32.9600,3061733
2011-08-05,33.5800,33.8000,30.0700,32.0000,1964261
2011-07-29,35.1000,35.2400,32.0000,32.8300,1269472
2011-07-22,35.1400,35.3900,34.8000,35.3200,1016496
2011-07-15,34.6800,35.1900,34.2000,35.1400,1243120
2011-07-08,34.9900,35.0900,34.5400,34.9000,667887
2011-07-01,33.9600,34.9900,33.6400,34.9400,701753
2011-06-24,31.9100,34.0000,31.3800,33.7900,1490085
2011-06-17,33.3500,33.6600,31.9500,31.9700,960210
2011-06-10,32.8000,33.3600,32.0000,33.3600,824079
2011-06-03,33.7000,33.7900,32.6300,32.9600,841643
2011-05-27,32.9000,33.9600,32.6200,33.4700,989640
2011-05-20,32.1300,33.2100,31.1700,33.2100,1747690
2011-05-13,33.7000,34.1420,32.0000,32.3400,1352620
2011-05-06,35.9900,36.1000,32.1600,33.5000,2836072
2011-04-29,37.0000,37.4000,35.1700,35.8500,1737848
2011-04-21,36.3900,36.9000,36.0000,36.7000,1140951
2011-04-15,35.4500,36.3690,34.9500,36.2900,1838894
2011-04-08,35.8400,36.0800,35.3300,35.4500,759601
2011-04-01,35.0900,36.0100,35.0610,35.8700,1091546
2011-03-25,33.8000,35.5400,33.7500,35.2500,1609355
2011-03-18,32.3200,34.3600,30.2300,33.4900,2164822
2011-03-11,34.9900,35.0000,31.5300,32.6800,1872224
2011-03-04,35.9700,36.4000,34.6110,35.0100,1369948
2011-02-25,35.3600,35.9400,34.8600,35.9400,1035203
2011-02-18,33.8100,35.6500,33.6600,35.4500,1323292
2011-02-11,33.8700,34.2400,33.4500,33.6200,771705
2011-02-04,33.9000,34.3500,32.9500,33.8400,1668788
2011-01-28,33.5200,34.9600,33.3900,33.9200,1550831
2011-01-21,34.1300,34.8200,32.6000,33.3000,1222325
2011-01-14,33.6500,34.9900,33.6100,34.5600,1251631
2011-01-07,33.9300,34.1000,32.8000,33.8500,1416646
2010-12-31,31.9000,33.7700,31.3500,33.7500,1237554
2010-12-23,30.5400,32.0500,30.2600,31.9300,960225
2010-12-17,31.7000,32.2800,30.4500,30.5200,1935455
2010-12-10,30.1400,31.6600,30.1400,31.6500,1078395
2010-12-03,30.3400,30.3400,29.3100,30.2400,1321151
2010-11-26,30.1500,30.6000,29.8500,30.2100,1049093
2010-11-19,28.9900,30.1650,28.7000,30.0100,2278306
2010-11-12,28.7500,28.7500,28.3500,28.6700,1713234
2010-11-05,27.7900,28.6900,27.5700,28.5600,1817183
2010-10-29,28.4000,29.0900,27.6800,27.9600,1868380
2010-10-22,29.0000,29.2400,27.9400,28.3900,1927018
2010-10-15,28.7900,29.8500,28.6200,29.5600,1374769
2010-10-08,27.5900,28.8900,27.3400,28.7300,1965290
2010-10-01,27.0700,27.7000,26.8500,27.5900,1584496
2010-09-24,25.6000,27.3160,25.5600,27.0900,1967428
2010-09-17,25.5500,26.2400,25.5400,25.6800,1620134
2010-09-10,25.5100,25.5800,25.0300,25.4400,1190638
2010-09-03,26.6400,26.6400,24.4900,25.5300,3353414
2010-08-27,26.8700,27.1000,26.1800,26.6500,1497612
2010-08-20,27.4400,27.6600,26.5100,26.6900,1439755
2010-08-13,28.9900,28.9900,26.1000,27.4800,1764338
2010-08-06,28.2300,28.9500,28.0612,28.8900,1546661
2010-07-30,28.4800,29.4300,26.7300,27.9900,3154264
2010-07-23,27.8500,28.5400,27.3000,28.4000,2733266
2010-07-16,28.2500,28.2500,27.0200,27.8700,2412447
2010-07-09,28.0000,28.4800,26.6000,28.0200,2053163
2010-07-02,26.7300,27.9300,26.1000,27.4400,3338838
2010-06-25,25.7900,26.7400,25.0100,26.5000,1738725
2010-06-18,24.4000,25.6600,24.3800,25.5200,1536433
2010-06-11,24.3800,24.5450,23.3200,24.3100,2240474
2010-06-04,24.2600,24.9300,23.5900,24.3800,1790312
2010-05-28,22.8800,24.8000,21.9500,24.5300,1973544
2010-05-21,25.3600,25.4500,21.8100,22.7500,3225805
2010-05-14,25.0200,26.2500,24.2900,25.1300,3168602
2010-05-07,26.4800,26.9500,21.5300,23.8200,5808024
2010-04-30,26.6000,26.7000,24.2500,26.2000,5299244
2010-04-23,25.1100,26.4900,25.0000,26.3600,1861465
2010-04-16,25.5200,25.6900,24.7000,25.2100,1989953
2010-04-09,24.7900,25.7500,24.5700,25.5800,2727087
2010-04-01,23.5000,24.7400,23.4600,24.6900,1502642
2010-03-26,23.3500,23.7000,23.2500,23.3300,1609886
2010-03-19,24.0200,24.1900,23.4400,23.6000,1552805
2010-03-12,23.6000,24.3000,23.3500,24.1900,2577457
2010-03-05,23.8500,24.5000,23.0000,23.5300,6451203
2010-02-26,23.5600,23.9400,23.1100,23.8000,1084019
2010-02-19,22.7400,23.7800,22.5000,23.5600,792860
2010-02-12,21.4100,22.8500,21.0200,22.3300,1379922
2010-02-05,22.8650,23.6300,20.7000,21.3200,1796606
2010-01-29,24.3100,25.0000,22.7200,22.7200,1839584
2010-01-22,24.0200,25.4200,24.0000,24.3000,1655136
2010-01-15,24.1700,24.4000,23.1200,24.2200,1470861
2010-01-08,24.2300,25.6200,23.3300,24.1700,2418273
2009-12-31,24.0900,24.3897,23.5800,23.9100,856176
2009-12-24,22.4700,24.0790,22.4109,23.9000,1026823
2009-12-18,21.9000,22.7600,21.6500,22.3500,2218438
2009-12-11,20.2400,21.6400,20.1000,21.4800,1426721
2009-12-04,19.2900,20.4900,19.0000,20.1100,1216158
2009-11-27,19.8900,20.5202,19.5800,20.3200,802576
2009-11-20,19.5000,20.1300,19.0300,19.5900,1858034
2009-11-13,18.6400,19.3900,18.4063,19.3800,1892491
2009-11-06,17.0000,18.2800,15.9500,18.2800,2022903
2009-10-30,19.1200,19.5000,16.5000,17.0800,2789883
2009-10-23,19.6900,19.7800,18.9700,19.0600,2009462
2009-10-16,19.0300,19.9900,19.0300,19.5800,1846537
2009-10-09,17.4300,19.2300,17.4300,18.9900,1542697
2009-10-02,17.5500,18.3200,16.7800,17.5300,1356469
2009-09-25,17.4400,18.0000,17.2500,17.6100,1415624
2009-09-18,16.6500,17.8200,16.4500,17.4700,1908554
2009-09-11,15.5900,16.9800,15.3713,16.7700,1282646
2009-09-04,15.8900,15.9900,14.4000,15.3200,3380649
2009-08-28,16.7400,16.7400,15.6500,15.9900,1704202
2009-08-21,16.6700,16.9200,16.1500,16.5100,1097778
2009-08-14,17.4700,18.0800,16.6700,16.9500,1364840
2009-08-07,18.4600,18.9200,17.2400,17.2900,1665128
2009-07-31,18.8000,19.2796,17.0200,18.1200,1451752
2009-07-24,17.5200,18.9700,17.4200,18.6000,1592316
2009-07-17,15.6000,17.4400,15.4100,17.2500,1544374
2009-07-10,15.5500,15.7500,14.7400,15.7000,804063
2009-07-02,16.1600,16.3500,15.7300,15.8300,612170
2009-06-26,14.8300,16.1600,14.3000,15.9400,1101991
2009-06-19,17.2000,17.2800,14.9900,14.9900,1181139
2009-06-12,16.8000,17.4200,16.3008,17.2000,927272
2009-06-05,15.8100,17.1100,15.8100,16.8700,1270986
2009-05-29,14.9500,15.9800,14.9500,15.8100,874575
2009-05-22,14.7000,15.9600,14.6500,15.1500,924181
2009-05-15,15.3400,15.8400,14.0500,14.6500,1384246
2009-05-08,15.9600,16.2001,14.2000,15.4700,1921988
2009-05-01,15.4100,16.6000,15.3700,15.7500,2089288
2009-04-24,15.9000,15.9000,15.0000,15.6300,2256467
2009-04-17,14.6400,16.1900,14.4500,15.9200,1971844
2009-04-09,14.0000,14.8900,13.8100,14.8400,846852
2009-04-03,12.7300,14.8600,12.2600,14.2000,1270524
2009-03-27,13.3600,15.2000,12.8700,12.9400,1876465
2009-03-20,12.5000,14.2100,12.3900,13.1400,1127177
2009-03-13,11.5200,12.9800,11.3600,12.5600,1460963
2009-03-06,13.9300,13.9300,11.1400,11.6400,2041092
2009-02-27,12.9800,15.1200,11.7100,14.2200,1765743
2009-02-20,16.3500,16.6300,12.4700,13.5800,1245326
2009-02-13,16.2200,17.1900,15.4100,16.5300,891049
2009-02-06,15.3400,16.2800,14.3850,16.2500,1161986
2009-01-30,14.7200,17.2100,14.7200,15.4400,1511399
2009-01-23,13.8500,14.7300,13.2000,14.4300,1357262
2009-01-16,14.0000,14.6500,13.0000,14.0100,1917840
2009-01-09,13.2900,14.5200,12.8400,14.3000,2688174
2009-01-02,9.1600,13.1100,9.1600,13.0900,1713019
2008-12-26,10.2700,10.3000,9.1600,9.6500,1554595
2008-12-19,11.1900,11.3000,9.7200,10.1700,2642588
2008-12-12,11.0100,12.6500,10.2600,10.8900,3256184
2008-12-05,11.8100,11.8100,9.5400,10.5900,3159910
2008-11-28,10.0000,12.0100,9.8100,12.0100,1856153
2008-11-21,14.4300,14.6100,8.8000,9.6100,2855526
2008-11-14,18.8400,19.7300,14.0000,14.6900,2628115
2008-11-07,22.0200,22.4800,17.7900,18.4600,1587676
2008-10-31,20.2300,22.2850,19.0100,22.2850,1670624
2008-10-24,20.9600,23.1800,20.2500,21.1870,2406498
2008-10-17,18.0300,24.4400,15.0200,20.2100,2875561
2008-10-10,21.7200,21.7200,14.0200,17.0400,3101937
2008-10-03,24.5400,25.1000,21.8800,21.9100,1625239
2008-09-26,26.7200,26.8700,22.9700,25.1700,1708850
2008-09-19,26.5000,28.0800,22.2500,25.9800,4077473
2008-09-12,30.1700,31.3000,26.5000,27.0000,1468508
2008-09-05,31.9900,31.9900,29.6100,29.8500,596383
2008-08-29,31.9900,31.9900,30.3500,31.6300,770102
2008-08-22,30.5500,31.8900,30.2000,30.5800,562253
2008-08-15,30.0000,31.2400,30.0000,30.5100,734444
2008-08-08,30.7000,31.6600,28.2600,29.9200,1663755
2008-08-01,31.4800,31.7900,30.5000,30.5000,649857
2008-07-25,32.7800,33.6300,31.3400,31.4400,470427
2008-07-18,33.3600,33.8200,31.2200,32.2500,534859
2008-07-11,32.5400,33.9800,32.1000,33.3300,569571
2008-07-03,33.9500,34.2100,32.1001,33.0700,334419
2008-06-27,35.8600,36.1400,33.0000,34.0000,646025
2008-06-20,36.6700,36.8700,35.5000,35.7000,742484
2008-06-13,36.3600,36.6200,35.5100,36.0400,317288
2008-06-06,35.2700,37.1000,35.2700,36.6000,359528
2008-05-30,36.5100,37.2800,36.0000,36.8500,490929
2008-05-23,36.1600,37.1900,35.9800,36.5150,643368
2008-05-16,37.7000,37.7000,35.6400,36.2050,593670
2008-05-09,37.4500,39.7500,36.2500,37.9100,601827
2008-05-02,37.0000,37.5000,35.4700,37.3500,641039
2008-04-25,36.4300,37.0000,36.0100,36.9900,271708
2008-04-18,33.9500,36.5600,33.6700,36.4400,325349
2008-04-11,35.0900,35.2500,34.0000,34.0100,359044
2008-04-04,33.5200,35.0100,33.5200,34.8100,423491
2008-03-28,32.0700,34.5500,31.4400,33.9700,2752185
2008-03-20,33.7500,33.9000,31.2900,31.9400,779373
2008-03-14,35.9900,36.5000,33.9000,34.0500,1118584
2008-03-07,36.0000,37.4400,34.9700,35.9000,1059358
2008-02-29,33.8000,37.0000,33.8000,36.4500,756760
2008-02-22,35.3100,35.3100,32.9900,33.6400,536533
2008-02-15,35.1600,35.4700,34.4800,35.1000,193716
2008-02-08,35.4700,35.9000,34.4000,35.0400,128090
2008-02-01,34.7500,35.9700,34.2500,35.2600,416838
2008-01-25,32.7900,34.9000,31.3900,34.6200,1130172
2008-01-18,35.4500,36.8800,34.0900,34.3680,1169228
2008-01-11,35.2100,36.0100,34.5700,35.4700,683609
2008-01-04,37.1100,37.1100,34.6800,35.2100,3322875
2007-12-28,35.4500,37.6100,35.3600,37.0000,537683
2007-12-21,35.8100,35.8100,33.5300,35.5900,2909147
2007-12-14,35.2000,36.4999,35.0000,35.7400,1686188
2007-12-07,39.0000,39.0000,35.1500,35.2500,3010735
2007-11-30,37.5000,39.7500,36.0000,39.0000,3022800
2007-11-23,36.7800,37.6199,36.0800,37.5000,711456
2007-11-16,38.0000,38.0000,36.2700,37.2100,971289
2007-11-09,37.3400,38.4900,35.8400,36.5400,852064
2007-11-02,37.5000,39.1600,36.6600,37.9300,397462
2007-10-26,36.7700,37.7500,35.7600,37.5000,704182
2007-10-19,37.0000,37.7500,36.1700,36.5200,518293
2007-10-12,36.7500,37.7500,36.5100,37.0000,640708
2007-10-05,36.3300,37.0500,34.3000,36.9300,1373191
2007-09-28,38.3000,38.8100,36.7300,37.4000,633667
2007-09-21,39.0000,39.3500,38.1700,38.3600,454093
2007-09-14,39.6500,40.1800,38.5100,38.8100,604946
2007-09-07,40.7000,41.2400,39.3500,39.6700,1060519
2007-08-31,40.4600,40.6400,38.5100,38.9900,588335
2007-08-24,39.2500,40.4900,38.3200,40.4100,595767
2007-08-17,39.9200,40.4000,37.0000,40.0800,1318502
2007-08-10,39.5100,40.5000,33.2500,39.0000,2112902
2007-08-03,44.3900,44.4900,38.6600,40.1600,1286722
2007-07-27,44.2900,44.4500,42.1500,42.6800,602082
2007-07-20,44.0000,44.8100,43.6000,44.0000,489856
2007-07-13,42.7400,44.5300,42.4700,43.9599,759224
2007-07-06,42.7300,43.5000,42.5200,43.0000,406436
2007-06-29,43.6000,43.6000,42.1100,43.1400,579969
2007-06-22,42.4800,44.1000,41.1700,43.6500,835096
2007-06-15,40.7500,42.8300,40.7500,42.0900,608870
2007-06-08,44.0000,44.0900,40.7500,41.2000,1141988
2007-06-01,44.2800,45.0300,43.4700,44.1400,526443
2007-05-25,41.6600,44.9600,41.6600,44.2080,639795
2007-05-18,41.6000,42.2100,41.0000,41.6700,474830
2007-05-11,40.0000,42.5200,39.8300,41.9000,774714
2007-05-04,38.3000,40.0000,38.2500,40.0000,424444
2007-04-27,39.2100,39.5900,38.0000,38.4001,568449
2007-04-20,37.0900,39.0100,37.0000,38.9700,812553
2007-04-13,35.4000,38.5400,35.4000,36.9700,457604
2007-04-05,33.9200,35.0600,33.9200,34.9700,333676
2007-03-30,34.0750,35.1000,33.3250,34.2400,439796
2007-03-23,33.5000,34.2500,33.3850,33.8250,668768
2007-03-16,32.9950,33.5000,32.5600,33.2700,531646
2007-03-09,32.1850,33.4950,32.1050,32.5500,763296
2007-03-02,34.1600,34.1700,32.3850,33.1350,1070374
2007-02-23,33.0650,34.1600,33.0650,34.1600,485568
2007-02-16,32.4950,33.8350,32.0000,33.1300,641322
2007-02-09,32.6300,33.1250,32.4000,32.8200,995914
2007-02-02,30.1050,33.0650,30.1050,32.9800,894158
2007-01-26,29.0100,31.0750,29.0100,31.0000,677424
2007-01-19,29.4750,29.8750,29.3669,29.8700,315728
2007-01-12,29.6100,29.7150,28.8500,29.5900,530136
2007-01-05,29.5500,29.7950,29.4000,29.6400,479610
2006-12-29,29.5000,29.8750,29.5000,29.8000,256610
2006-12-22,29.1750,29.6700,29.0640,29.5650,1440256
2006-12-15,29.5050,29.6250,29.3100,29.5700,664994
2006-12-08,29.5000,29.5750,29.0951,29.5050,1013480
2006-12-01,31.6700,31.6700,28.0000,29.7100,4250882
2006-11-24,30.4250,31.3100,29.9951,31.3100,132764
2006-11-17,30.0250,30.1250,29.2550,30.1250,242196
2006-11-10,29.5000,30.4000,29.0000,29.8750,349862
2006-11-03,29.9900,29.9900,28.0600,29.4950,325816
2006-10-27,28.8500,30.2500,28.6250,29.6100,325440
2006-10-20,28.5050,28.8750,27.9550,28.8750,443616
2006-10-13,27.3000,28.3750,26.5300,28.3750,331572
2006-10-06,26.8950,27.1850,26.3750,27.1850,153550
2006-09-29,27.0000,27.0000,25.6250,26.8950,311048
2006-09-22,26.2750,26.8300,25.7500,26.8300,317412
2006-09-15,26.1150,26.5200,25.6000,26.2500,108678
2006-09-08,26.1000,26.1250,25.9250,26.1150,123820
2006-09-01,26.0700,26.1000,25.3400,26.1000,143264
2006-08-25,25.9350,26.1050,25.5500,25.9800,133378
2006-08-18,26.0500,26.0500,25.5050,25.8450,170872
2006-08-11,25.3850,27.4000,25.3850,26.0000,207206
2006-08-04,25.5450,25.5450,24.7000,25.2050,95908
2006-07-28,24.7200,25.4500,24.1000,25.3000,253852
2006-07-21,24.2600,24.8500,23.9250,24.5800,157862
2006-07-14,24.1250,24.2000,23.7500,24.0000,174976
2006-07-07,23.9000,24.4500,23.3650,24.0750,160124
2006-06-30,23.3750,23.8900,22.5000,23.8900,348782
2006-06-23,23.7250,23.9380,22.8850,23.0150,199424
2006-06-16,23.9150,24.1750,22.9800,23.7200,340692
2006-06-09,24.3500,24.8800,23.5550,23.7250,317868
2006-06-02,23.2500,24.3450,23.1250,24.3450,142050
2006-05-26,23.9000,24.0000,23.0000,23.1000,145552
2006-05-19,23.0000,24.2400,22.7600,23.7200,159396
2006-05-12,23.7500,24.1250,23.1000,23.1300,194326
2006-05-05,23.2100,23.7500,23.2000,23.5250,77420
2006-04-28,23.8050,24.4150,23.2500,23.6490,158564
2006-04-21,21.9400,24.0050,21.9400,24.0050,108134
2006-04-13,21.9650,22.2650,21.7000,22.0750,113480
2006-04-07,22.0450,22.2200,21.6350,22.1950,137416
2006-03-31,21.9550,22.2650,21.4750,22.2600,164580
2006-03-24,22.1500,22.4255,21.3700,22.2255,83378
2006-03-17,20.7200,22.4760,20.7000,22.4760,188376
2006-03-10,20.5150,20.8750,20.0000,20.5950,135054
2006-03-03,20.5000,20.6750,20.0250,20.4300,94906
2006-02-24,20.9500,20.9500,20.1650,20.5500,90842
2006-02-17,19.9050,21.2400,19.9050,20.4000,213120
2006-02-10,20.1750,21.6600,20.0000,20.2300,162332
2006-02-03,20.0100,20.5000,19.4800,20.5000,251474
2006-01-27,20.1950,21.0550,20.1600,20.5300,211872
2006-01-20,19.8450,20.2450,19.1350,20.1950,291526
2006-01-13,19.9250,19.9250,19.0970,19.2650,152170
2006-01-06,19.5250,20.0250,19.2840,19.9250,122562
2005-12-30,19.3100,19.5250,18.8050,19.5250,117090
2005-12-23,19.3750,19.6050,18.7300,19.4500,100264
2005-12-16,19.0000,19.5000,18.0550,19.3400,282014
2005-12-09,18.7500,19.2500,18.2550,18.9070,150694
2005-12-02,18.7500,18.7500,18.2400,18.7350,126568
2005-11-25,18.7100,19.0000,18.4650,18.7450,90924
2005-11-18,18.9950,19.0000,18.1350,18.9500,285856
2005-11-11,19.4250,19.9250,18.7500,18.9950,371712
2005-11-04,18.7700,19.5750,18.7600,19.5000,134136
2005-10-28,19.6145,19.6145,18.0000,19.0000,96692
2005-10-21,18.3400,19.7250,18.3400,19.2050,100720
2005-10-14,18.7750,19.5000,17.0490,18.5650,226582
2005-10-07,19.9000,19.9525,19.0000,19.2400,68392
2005-09-30,19.5200,19.9000,18.3750,19.9000,81744
2005-09-23,19.5500,20.0000,18.9650,19.4350,82738
2005-09-16,19.8750,19.8750,19.1600,19.8500,75322
2005-09-09,20.1300,20.4450,19.5700,19.7050,57884
2005-09-02,19.6200,22.3000,19.1550,20.1300,135370
2005-08-26,19.1000,19.6250,18.8950,19.5550,161842
2005-08-19,19.9000,20.0000,18.5750,18.9950,453542
2005-08-12,19.6250,19.9800,18.3200,19.9000,304500
2005-08-05,19.7800,20.5000,19.6150,19.7500,156810
2005-07-29,20.3500,20.9000,18.7500,20.1000,228872
2005-07-22,19.7370,21.2000,18.7850,20.5100,185138
2005-07-15,19.3500,20.1450,19.0000,19.6800,271304
2005-07-08,18.9200,19.7300,18.0705,19.0550,160436
2005-07-01,17.7950,18.8850,17.3750,18.8850,240310
2005-06-24,15.1000,17.9500,14.9000,17.7950,814142
2005-06-17,14.5250,15.0950,14.4200,15.0550,336814
2005-06-10,14.9900,14.9950,14.2650,14.5000,208984
2005-06-03,14.9900,15.0050,14.6250,14.8800,115308
2005-05-27,14.9000,15.2000,14.7565,15.0000,312306
2005-05-20,14.4750,14.9950,14.3500,14.9000,117166
2005-05-13,14.4350,15.2000,14.3750,14.5050,262268
2005-05-06,14.9000,14.9700,14.3500,14.6650,102480
2005-04-29,14.8400,15.1200,14.5500,14.9000,95520
2005-04-22,14.5450,15.5150,14.5000,14.8000,195026
2005-04-15,14.8450,15.0500,13.8800,14.3550,131186
2005-04-08,14.7400,15.0500,14.6700,14.9850,139768
2005-04-01,14.8700,15.0000,14.3750,14.5850,185898
2005-03-24,15.4750,15.7400,14.8850,15.0000,154912
2005-03-18,15.1150,15.4750,14.5200,15.4750,233050
2005-03-11,15.0750,15.4750,14.5650,14.9800,297964
2005-03-04,14.0500,15.2450,13.7600,15.0850,450184
2005-02-25,13.4250,14.1950,13.4250,14.0700,142190
2005-02-18,13.2250,13.6250,13.2250,13.4850,294226
2005-02-11,13.5000,13.5800,13.2500,13.3500,296954
2005-02-04,13.3500,13.8500,13.2750,13.4450,232182
2005-01-28,13.4500,13.7000,13.2000,13.3250,294194
2005-01-21,13.6950,13.6950,12.7350,13.4500,305372
2005-01-14,13.5650,14.0850,13.3400,13.5250,408704
2005-01-07,14.1550,14.2000,13.0150,13.4100,528954
2004-12-31,13.5500,14.3750,13.2650,14.2500,277840
2004-12-23,13.0000,13.6000,12.2500,13.5000,519794
2004-12-17,12.0250,12.9500,12.0250,12.9500,569358
2004-12-10,12.1250,12.3250,11.7500,12.0650,334490
2004-12-03,13.0000,13.0000,11.7800,12.0250,569692
2004-11-26,12.0050,12.6800,11.7550,12.4650,333122
2004-11-19,11.9750,12.3000,11.4150,11.9500,714122
