timestamp,open,high,low,close,volume
2018-02-27,49.4600,50.7100,46.7400,47.6700,5134089
2018-02-23,46.3300,47.6532,45.8900,46.7700,9054278
2018-02-16,42.3500,46.6200,42.0200,46.4700,8887070
2018-02-09,43.0200,43.4300,39.2100,41.5400,5549243
2018-02-02,45.2700,45.3160,43.1990,43.4400,3812977
2018-01-26,45.6700,45.8480,44.4500,45.3400,4459528
2018-01-19,45.0800,46.0900,44.0700,45.6700,4039926
2018-01-12,43.5900,44.8700,43.1000,44.8500,5300818
2018-01-05,43.5200,43.9450,43.0300,43.5300,4100377
2017-12-29,43.7800,44.3500,43.0400,43.1900,3174384
2017-12-22,44.1800,44.7600,43.2400,43.3500,5676565
2017-12-15,44.0800,44.4219,43.0000,44.1100,5882190
2017-12-08,43.3200,44.1850,42.6100,43.9600,7184850
2017-12-01,42.6500,43.3900,41.3300,43.0100,8308881
2017-11-24,35.5700,42.5000,35.5600,42.4600,8085592
2017-11-17,35.7700,36.0800,35.4400,35.5500,4098337
2017-11-10,36.2700,36.3400,35.3200,35.8500,4934899
2017-11-03,35.8200,36.7600,35.7500,36.4100,4510160
2017-10-27,36.5300,36.6000,35.6000,35.8800,6248774
2017-10-20,36.3900,36.6500,36.0700,36.4800,3426247
2017-10-13,35.3700,36.4300,35.2600,36.3200,4081144
2017-10-06,34.4900,35.2900,34.3900,35.2400,5238894
2017-09-29,33.7300,34.7300,33.7100,34.3700,5519458
2017-09-22,32.6300,34.8500,32.2700,33.7400,8491552
2017-09-15,32.7100,33.0100,31.8900,32.5200,6619994
2017-09-08,32.6200,32.8100,31.8100,32.3500,4508369
2017-09-01,31.8600,33.1000,31.1400,32.6400,6580802
2017-08-25,31.8300,32.1600,31.5400,31.7100,5220392
2017-08-18,31.2600,32.4300,31.2000,31.8800,4505359
2017-08-11,31.3400,31.5300,30.4600,31.0700,5320430
2017-08-04,31.9900,32.0000,30.7100,31.3000,5264521
2017-07-28,31.5500,32.0700,31.4900,31.9500,4291753
2017-07-21,31.0700,31.8000,30.8900,31.5500,4626802
2017-07-14,30.9400,31.5000,30.6200,31.0900,5504481
2017-07-07,31.8900,32.1700,30.3000,30.9700,6013275
2017-06-30,31.5400,31.9800,31.0400,31.7900,5730636
2017-06-23,31.4400,31.7800,30.8400,31.5400,6997947
2017-06-16,31.3000,31.7600,31.1000,31.2400,5565793
2017-06-09,31.6400,31.7400,30.8900,31.3500,4685825
2017-06-02,31.1000,32.0000,30.5700,31.7200,4581269
2017-05-26,29.3900,31.6700,29.3700,31.0500,8683810
2017-05-19,29.8900,30.2200,28.8900,29.3100,5239029
2017-05-12,30.6300,30.7700,29.6400,29.8900,3586911
2017-05-05,31.0200,31.0300,30.1500,30.6500,4259249
2017-04-28,30.5300,31.4100,30.4000,30.9000,2827069
2017-04-21,29.7100,30.3600,29.6500,30.2400,3509053
2017-04-13,59.8000,60.4200,29.6400,29.6500,3038434
2017-04-07,62.0900,62.5600,59.1900,59.6800,2849002
2017-03-31,61.0300,63.1400,60.7600,61.9300,2356258
2017-03-24,61.4900,62.1700,60.5400,61.3200,2624611
2017-03-17,60.5000,61.7000,59.7100,61.4900,1830027
2017-03-10,60.4500,61.0400,59.9600,60.5600,2393304
2017-03-03,59.0000,60.7400,58.8000,60.4900,2932789
2017-02-24,59.1900,60.5600,56.8800,58.9900,4055799
2017-02-17,58.2000,59.8600,58.2000,59.0100,2337371
2017-02-10,56.5900,58.2200,56.0900,58.1700,2089637
2017-02-03,57.1800,57.7400,55.4800,56.5300,2515239
2017-01-27,56.8500,57.9700,56.1900,57.0200,1975879
2017-01-20,57.2600,57.2600,56.2200,56.9500,1552577
2017-01-13,56.6800,57.5800,55.8400,57.4000,2654889
2017-01-06,55.5800,56.9097,55.2800,56.6800,2625488
2016-12-30,55.7600,56.3500,55.1200,55.4100,1139762
2016-12-23,55.9800,56.9200,55.3100,55.5500,2071098
2016-12-16,55.5700,56.5400,54.9200,55.8500,4354584
2016-12-09,54.6900,56.0900,54.1100,55.3500,2309402
2016-12-02,54.3100,55.1300,53.9150,54.3900,2942817
2016-11-25,56.5100,56.9800,52.9473,54.6300,3912170
2016-11-18,54.3600,56.7401,54.3100,56.0600,3789601
2016-11-11,51.3000,54.1100,51.0700,54.0700,2821582
2016-11-04,52.4500,52.6700,50.7400,50.7900,2970979
2016-10-28,53.7200,54.3000,51.4400,52.5400,3730654
2016-10-21,53.7700,54.5300,53.1200,53.5000,2968000
2016-10-14,53.8400,54.5200,52.7891,53.9800,2958056
2016-10-07,53.7500,54.2680,53.1200,53.4700,3568527
2016-09-30,53.9800,54.3300,52.7100,53.5600,3475205
2016-09-23,50.1400,54.8499,50.1100,54.0500,6757425
2016-09-16,49.9200,50.4800,49.4200,50.0600,2829955
2016-09-09,51.5200,51.5200,49.8000,50.0100,2687968
2016-09-02,51.4800,52.0499,50.8500,51.6800,2771486
2016-08-26,52.2000,53.7000,51.1900,51.5800,2204692
2016-08-19,50.8200,52.4300,50.4000,52.1700,2118635
2016-08-12,51.0000,51.3000,49.8800,50.6200,1739006
2016-08-05,50.6400,51.4750,49.9200,51.0000,2307334
2016-07-29,50.2700,51.3100,50.0400,50.4400,2900157
2016-07-22,50.1200,50.5500,49.1000,50.3650,1706377
2016-07-15,49.9100,50.6900,49.5000,49.9000,2065978
2016-07-08,49.0200,50.0200,48.8300,49.8500,2274610
2016-07-01,46.7500,49.6300,45.9700,49.3400,4407825
2016-06-24,49.1300,49.5800,47.1101,47.6400,3444297
2016-06-17,48.8000,49.1300,48.2700,48.5900,3632207
2016-06-10,48.8900,50.0800,48.5900,49.0200,3341237
2016-06-03,49.2500,49.9000,48.7300,48.8100,4025955
2016-05-27,43.4500,49.1400,43.2250,48.8700,6430619
2016-05-20,42.7600,43.6600,42.3600,43.4300,2812053
2016-05-13,42.8000,43.8200,42.5000,42.7300,2209975
2016-05-06,42.8400,43.3300,42.2500,42.8600,2705153
2016-04-29,42.1100,43.4200,41.9100,42.8400,2035770
2016-04-22,42.1100,43.1100,41.8620,42.2900,2032067
2016-04-15,40.8300,42.5400,40.7000,42.1700,3061620
2016-04-08,41.3500,41.7650,39.9800,40.5400,2300174
2016-04-01,40.9500,41.8000,39.8640,41.1900,3675925
2016-03-24,40.4600,41.5300,39.9500,40.6700,3700345
2016-03-18,40.3100,41.7200,40.1100,41.6600,4254502
2016-03-11,39.4100,40.5100,38.3550,40.4000,3529346
2016-03-04,38.4600,40.0000,37.6900,39.6400,4748701
2016-02-26,36.2400,38.6200,35.1450,38.5100,5390971
2016-02-19,35.1700,36.0600,33.6500,35.9900,2509845
2016-02-12,32.7900,35.4700,32.6900,34.8900,4598631
2016-02-05,33.2500,34.1500,32.7600,33.1800,4032609
2016-01-29,33.9800,34.1800,32.6200,33.5100,3373205
2016-01-22,33.9100,34.1300,32.2600,34.0700,4632322
2016-01-15,35.2000,35.5100,33.2600,33.7100,4552929
2016-01-08,37.5900,38.1400,35.0700,35.0900,7643822
2015-12-31,37.8600,38.9300,37.6900,38.0100,6508356
2015-12-24,38.2900,38.9400,37.2800,38.2900,9986699
2015-12-18,38.3600,38.8700,38.0100,38.1100,6460713
2015-12-11,39.0000,39.2200,38.1900,38.2800,5332580
2015-12-04,39.7600,39.8400,38.6000,39.0400,5699493
2015-11-27,36.9500,39.8600,36.6000,39.6700,6975043
2015-11-20,35.5400,36.8300,35.4300,36.7000,2639695
2015-11-13,37.1000,37.1400,35.5500,35.6800,3175518
2015-11-06,36.3000,37.2300,36.2600,37.1000,3498919
2015-10-30,35.6000,36.3900,35.1100,36.2100,2151200
2015-10-23,34.6900,35.8000,34.1900,35.7100,2507985
2015-10-16,34.7500,35.1500,34.1600,34.7600,1999423
2015-10-09,34.2800,35.0500,34.2500,34.7900,3210226
2015-10-02,34.0300,34.1100,32.6000,33.9800,3271451
2015-09-25,34.9800,35.4200,33.2820,34.2000,2672574
2015-09-18,35.0900,35.6500,34.5700,34.7600,3066423
2015-09-11,35.3600,35.5000,34.7200,35.0400,1219799
2015-09-04,34.8200,35.2840,33.8000,34.8800,2782368
2015-08-28,33.5900,35.0100,32.8400,34.9900,2231764
2015-08-21,36.2600,36.7500,34.5800,34.5900,1352873
2015-08-14,36.3000,36.6200,35.5400,36.3800,1410694
2015-08-07,36.1400,36.6550,35.7800,36.1700,1086744
2015-07-31,35.1100,36.2500,35.0100,36.0300,1564698
2015-07-24,36.6000,36.7700,35.3400,35.4200,1576720
2015-07-17,35.8200,36.8031,35.3700,36.6200,3133144
2015-07-10,35.5400,36.2100,35.1800,35.4500,2611071
2015-07-02,35.6300,35.8900,35.3400,35.5300,1885318
2015-06-26,36.0800,36.0900,35.6000,35.7200,2458886
2015-06-19,35.6300,36.2000,35.4700,35.8300,2506843
2015-06-12,35.6300,35.8900,35.4629,35.7700,2269355
2015-06-05,34.6800,35.9000,34.0500,35.7500,3995515
2015-05-29,35.6200,35.7200,33.3600,34.6000,3839850
2015-05-22,35.3200,35.8640,35.2500,35.5900,1096379
2015-05-15,35.1400,35.6800,34.7500,35.3100,2142786
2015-05-08,35.9100,36.2800,34.7900,35.1300,2348751
2015-05-01,37.2400,37.6900,35.4800,35.7700,2008957
2015-04-24,37.2800,37.6600,36.9600,37.1700,1049422
2015-04-17,37.8500,38.1900,36.8700,37.0000,898258
2015-04-10,37.6200,38.2380,37.3750,37.8600,1481357
2015-04-02,37.3500,38.2900,37.1200,37.6800,1478622
2015-03-27,37.8300,37.8400,36.1900,37.1900,1414149
2015-03-20,37.3300,37.8600,36.9550,37.8000,2242581
2015-03-13,37.3300,37.6000,36.3000,37.2800,1653489
2015-03-06,37.3700,38.2100,36.7300,37.2200,1666116
2015-02-27,37.8400,38.5000,36.0800,37.4200,3045337
2015-02-20,38.0900,38.2300,37.3100,38.0000,1896105
2015-02-13,37.5000,38.1700,37.2400,38.1700,1297916
2015-02-06,36.8200,37.8200,36.3000,37.6700,1969456
2015-01-30,36.9200,37.2500,36.3800,36.6000,1987797
2015-01-23,35.1600,37.0300,34.8500,36.9000,2767858
2015-01-16,36.0800,36.2400,34.5400,35.0100,2287662
2015-01-09,36.4200,36.5900,35.4400,36.1200,2098434
2015-01-02,36.6300,37.1500,36.1000,36.5800,1631856
2014-12-26,36.8700,37.1900,36.5300,36.7000,1190345
2014-12-19,36.5000,37.0200,35.5000,36.7400,3003201
2014-12-12,37.6900,37.7100,36.1600,36.4600,2658410
2014-12-05,36.1100,37.7700,36.0300,37.7600,2340816
2014-11-28,34.4000,37.8100,34.2200,36.3400,2261898
2014-11-21,34.2000,34.6400,33.8650,34.3500,1565294
2014-11-14,34.1700,34.5900,33.7400,34.1800,1441964
2014-11-07,33.5200,34.2400,33.1400,34.1800,2226098
2014-10-31,32.7700,33.7900,32.3700,33.4400,4159630
2014-10-24,31.0000,33.0100,30.7800,32.8300,4175774
2014-10-17,31.2700,31.4400,29.9301,31.1500,5799288
2014-10-10,31.7800,32.0100,30.8101,31.1900,2809909
2014-10-03,31.1400,31.7150,30.8000,31.6500,4506486
2014-09-26,33.5300,33.7200,30.9600,31.2500,8327053
2014-09-19,33.4100,34.5600,33.3800,33.7200,2468700
2014-09-12,33.7100,33.9800,33.3500,33.4600,2339400
2014-09-05,34.5400,34.9200,33.4000,33.8050,1975200
2014-08-29,34.4100,34.8000,33.9100,34.4300,2270200
2014-08-22,33.8400,34.6700,33.6850,34.2150,1946800
2014-08-15,33.7700,33.8800,33.3500,33.6700,1980500
2014-08-08,33.5300,33.9100,33.0000,33.6100,1768400
2014-08-01,34.7500,34.7800,33.1900,33.4900,2255800
2014-07-25,35.3300,35.3400,34.5500,34.7100,1621400
2014-07-18,35.6500,36.0800,34.5500,35.0800,2418000
2014-07-11,35.9800,36.2400,35.1520,35.4200,1805800
2014-07-03,35.3600,36.6700,35.2001,36.0600,1781800
2014-06-27,35.1800,35.4900,34.8800,35.3500,1932900
2014-06-20,35.5100,36.1800,34.9600,35.0800,3799500
2014-06-13,36.2600,36.8800,35.3700,35.5200,1626700
2014-06-06,35.6300,36.5700,35.1000,36.3300,2920100
2014-05-30,36.6700,37.1500,34.5400,35.5700,2901300
2014-05-23,35.7500,36.7501,35.5500,36.4800,1297500
2014-05-16,36.5600,37.1300,35.1500,35.9100,1550300
2014-05-09,36.5000,37.0200,35.6350,36.3200,2050900
2014-05-02,35.8700,36.8500,35.3200,36.7700,1489200
2014-04-25,36.4700,36.8400,35.3000,35.6100,1796700
2014-04-17,35.6800,36.6900,35.0100,36.4900,1527000
2014-04-11,36.8400,37.3800,35.0300,35.4800,3443500
2014-04-04,36.1800,37.5400,36.0200,36.8700,2494200
2014-03-28,36.6300,36.9200,35.1600,35.9200,2556500
2014-03-21,35.6600,37.0400,35.4900,36.6700,3015500
2014-03-14,36.7100,37.0200,35.2900,35.6000,1750700
2014-03-07,36.2600,37.1600,35.8250,36.8200,2451600
2014-02-28,34.8200,37.0000,33.9100,36.4300,6124400
2014-02-21,34.2500,34.8300,33.3600,34.6800,3165300
2014-02-14,33.8400,35.1668,33.5550,34.2800,3366600
2014-02-07,34.1100,34.1100,32.5900,33.9100,3968800
2014-01-31,34.5200,35.0600,33.6260,34.2800,2164300
2014-01-24,36.0100,36.3000,34.7100,34.7100,1927500
2014-01-17,36.1300,36.2500,35.6300,35.7400,2186500
2014-01-10,36.3400,36.5200,35.8800,36.3100,2760800
2014-01-03,36.2100,36.9300,36.1200,36.3100,2277500
2013-12-27,35.8000,36.3750,35.6400,36.2800,1531700
2013-12-20,35.3200,36.1100,35.2300,35.6900,2949200
2013-12-13,35.9500,36.1400,34.8800,35.2600,2783200
2013-12-06,35.2400,35.7900,34.4300,35.7600,5262100
2013-11-29,32.7900,34.7100,32.3000,34.4300,6036200
2013-11-22,32.5400,33.1600,32.4200,32.8400,3542200
2013-11-15,31.2200,32.8300,31.2100,32.5400,6717800
2013-11-08,32.0300,32.3900,31.0800,31.2300,4664100
2013-11-01,32.6700,32.9300,31.9600,32.0100,4254200
2013-10-25,32.5600,33.1100,32.1900,32.6700,2221600
2013-10-18,32.4900,32.9800,32.3300,32.5400,3045500
2013-10-11,32.8600,33.1700,31.8900,32.5800,4456600
2013-10-04,30.7100,33.5000,30.3800,33.0700,8884800
2013-09-27,34.4400,34.7090,30.4900,30.9900,13293600
2013-09-20,33.7500,34.2400,33.2200,33.7500,4165900
2013-09-13,32.3500,33.7800,32.3300,33.3700,3061900
2013-09-06,32.1200,32.4700,31.4500,32.3300,2687500
2013-08-30,32.6800,33.1000,31.7100,31.7700,1394100
2013-08-23,32.4200,33.0600,32.1900,32.7100,1263500
2013-08-16,32.7800,33.3900,32.2900,32.4500,1575800
2013-08-09,33.1000,33.3000,32.3700,33.0000,1466800
2013-08-02,32.3500,33.5700,32.0600,33.2100,2995900
2013-07-26,32.4500,32.9150,32.0800,32.3800,2315700
2013-07-19,32.3900,32.9299,31.7100,32.4700,2388400
2013-07-12,32.0000,32.4300,31.6400,32.3900,2718200
2013-07-05,30.9000,31.9800,30.9000,31.9600,2260100
2013-06-28,30.6800,31.1000,30.1100,30.8000,4672300
2013-06-21,31.2500,31.9600,30.7100,30.9000,3659600
2013-06-14,32.3700,32.4100,30.5000,31.0900,6929300
2013-06-07,34.5400,35.8900,31.1400,32.2800,9749200
2013-05-31,37.1800,37.5400,34.3400,34.3900,5831600
2013-05-24,37.6900,37.9000,36.2200,36.8700,4336200
2013-05-17,36.0200,38.2600,35.9200,38.0900,4981100
2013-05-10,35.3800,36.4400,35.0900,35.9800,3444300
2013-05-03,34.5900,35.9599,34.4100,35.3900,5012900
2013-04-26,32.7900,34.7000,32.4600,34.5900,3297600
2013-04-19,33.6400,33.7500,32.0000,32.8200,3375600
2013-04-12,33.2900,34.3900,33.1300,33.7700,3075000
2013-04-05,34.2100,34.3500,32.7400,33.3000,3443600
2013-03-28,34.2800,34.5500,33.8700,34.2700,2494100
2013-03-22,34.6600,34.9600,33.7600,34.0800,5293900
2013-03-15,31.8500,34.4500,31.3000,34.2500,6689900
2013-03-08,34.0000,34.3000,31.8100,31.8500,8098000
2013-03-01,34.4600,36.5100,33.5000,34.0000,7405100
2013-02-22,36.4800,36.6300,34.2200,34.4200,4149700
2013-02-15,36.0500,36.4500,35.2200,36.3200,5339300
2013-02-08,35.2500,36.9340,34.3000,36.0000,5141800
2013-02-01,33.0700,37.4700,33.0700,35.8000,10052000
2013-01-25,31.8400,33.0500,31.7300,33.0000,1981900
2013-01-18,31.7000,32.0100,31.4600,31.7900,2331400
2013-01-11,30.4300,31.8000,30.2100,31.6700,2655700
2013-01-04,29.0000,30.6500,28.6700,30.4800,1957300
2012-12-28,29.8400,30.0300,29.1000,29.1200,1124300
2012-12-21,30.3400,30.5800,29.7600,29.9900,3557300
2012-12-14,30.0100,30.6100,29.9017,30.2100,2082700
2012-12-07,30.2500,30.6000,29.5500,30.0700,1947000
2012-11-30,30.5600,30.7400,28.9800,30.1500,4695600
2012-11-23,29.6800,30.6100,29.1900,30.6000,1843400
2012-11-16,29.4500,29.8978,28.9300,29.4300,2898200
2012-11-09,28.9400,29.5100,28.3900,29.4300,3481100
2012-11-02,27.9200,29.9500,27.6450,28.9900,3278400
2012-10-26,27.1100,27.3400,26.3500,27.3000,1533000
2012-10-19,26.7200,27.4800,26.4900,27.1700,1533300
2012-10-12,27.3600,27.5000,26.6300,26.7200,4726200
2012-10-05,27.7100,27.7900,27.0100,27.4600,3937400
2012-09-28,27.4500,28.9800,27.2300,27.7250,4382800
2012-09-21,27.7400,27.9300,27.1400,27.5600,3507100
2012-09-14,27.2500,28.2300,27.0600,27.7500,4738000
2012-09-07,26.6600,27.9400,25.7400,27.2500,3904500
2012-08-31,26.1500,26.8400,25.8240,26.7100,2832600
2012-08-24,25.9400,26.3601,25.5900,26.0300,1897900
2012-08-17,25.0100,26.1900,24.8800,26.0100,2295400
2012-08-10,24.1400,25.1695,23.9000,25.0700,2071500
2012-08-03,24.3200,24.4000,23.2800,24.0700,1780000
2012-07-27,24.0600,24.4700,23.4060,24.3400,1668900
2012-07-20,24.2100,24.6400,23.6900,24.3800,1880100
2012-07-13,24.0100,24.3900,23.7000,24.1600,2590800
2012-07-06,23.7500,25.5300,23.7500,24.1100,2037000
2012-06-29,23.1300,23.7500,22.5900,23.6900,3124500
2012-06-22,23.2100,24.2300,23.1700,23.3500,4668500
2012-06-15,24.7800,24.8000,23.2350,23.3000,4638000
2012-06-08,25.9100,26.1300,24.3300,24.6700,4186500
2012-06-01,27.3300,27.8800,25.8250,25.9400,6372700
2012-05-25,25.8100,27.4300,25.7000,27.0600,2463700
2012-05-18,26.3100,26.5200,25.6200,25.7100,2944200
2012-05-11,26.0900,26.7300,25.9800,26.4700,1839500
2012-05-04,26.6600,26.8500,25.9600,26.2100,1455400
2012-04-27,26.3100,26.7300,25.9800,26.6300,1423000
2012-04-20,25.7500,26.7100,25.6500,26.5600,2917500
2012-04-13,25.2300,25.7500,24.6000,25.6400,3111500
2012-04-05,26.0800,26.2500,25.3700,25.4700,2086600
2012-03-30,53.2600,53.6700,25.8900,26.0700,1440500
2012-03-23,52.8200,53.1080,52.1300,52.8600,700700
2012-03-16,51.2800,53.2999,50.9725,52.9400,1773700
2012-03-09,50.1100,51.3400,49.5500,51.1600,1209600
2012-03-02,46.1100,51.2100,45.1500,50.2200,2806900
2012-02-24,46.3300,46.8300,45.7600,46.6700,637600
2012-02-17,46.8200,46.8700,45.7200,46.2900,1105200
2012-02-10,47.1900,47.4200,45.9900,46.4700,1006800
2012-02-03,46.3600,47.9900,45.4400,47.4200,1027500
2012-01-27,48.1400,49.0900,47.5400,47.5400,851300
2012-01-20,48.3200,48.6695,47.7000,48.2600,594200
2012-01-13,46.6200,48.2300,46.6200,48.1800,945800
2012-01-06,48.5000,48.6000,45.6000,46.5900,1623800
2011-12-30,47.6100,48.1200,47.5300,47.8900,709200
2011-12-23,46.1000,47.9100,45.2900,47.8100,1091200
2011-12-16,45.3100,46.5000,44.7000,46.1500,1980300
2011-12-09,45.7000,46.1000,44.6600,45.6800,1504000
2011-12-02,43.4300,45.7300,42.4300,45.2200,2911600
2011-11-25,43.1400,43.2700,41.6400,42.3100,1093700
2011-11-18,43.7600,44.5100,43.1900,43.7000,775400
2011-11-11,44.1800,44.5400,42.3804,44.0100,991500
2011-11-04,43.8600,44.3900,41.6600,44.3800,1195600
2011-10-28,43.5500,45.0900,42.5600,44.3000,1203700
2011-10-21,42.8400,43.7100,41.1700,43.3800,1372800
2011-10-14,41.0000,43.3460,40.7700,42.9900,2066600
2011-10-07,38.7800,41.6000,37.2800,40.4900,2955700
2011-09-30,37.8600,40.0800,37.4700,39.1200,2115900
2011-09-23,40.7700,42.1699,35.7500,37.4900,3425200
2011-09-16,40.5500,42.6800,39.9500,41.3200,2612800
2011-09-09,40.1900,42.5000,39.9100,40.8700,1129800
2011-09-02,41.3800,43.4600,41.2000,41.3300,1166600
2011-08-26,39.7900,41.2400,38.8500,40.9800,1355300
2011-08-19,40.1000,41.0450,38.1200,38.9800,1561500
2011-08-12,38.5800,40.3100,36.5400,39.8500,3034900
2011-08-05,43.8500,44.0000,39.6400,40.3900,1701800
2011-07-29,45.4400,45.8800,43.0510,43.4500,1426200
2011-07-22,45.3300,46.0200,44.7900,45.7900,1540200
2011-07-15,47.1700,47.1700,45.2500,45.5300,1449700
2011-07-08,47.2500,47.9700,46.9600,47.5800,1144200
2011-07-01,44.8800,47.4500,44.8200,47.1900,3277400
2011-06-24,43.5100,45.8300,43.4700,44.9600,2309900
2011-06-17,43.7900,45.1845,43.7900,44.6700,2742900
2011-06-10,43.8800,44.6300,43.4700,43.6200,2143800
2011-06-03,46.9900,47.1300,43.0300,43.8900,2938200
2011-05-27,45.7700,47.1200,45.4600,46.4600,1413500
2011-05-20,46.1700,46.8700,45.6400,46.3600,1009600
2011-05-13,45.4000,46.6300,45.2400,46.2600,1413700
2011-05-06,45.4200,45.9700,44.7300,45.5300,1902300
2011-04-29,44.3500,45.6300,43.7800,45.3800,1741500
2011-04-21,44.3700,44.5901,43.7200,44.3000,965600
2011-04-15,43.9200,44.8900,43.8711,44.7400,2014300
2011-04-08,43.4600,44.3800,43.2900,43.9600,1819000
2011-04-01,42.0800,43.6000,41.7900,43.3600,1456900
2011-03-25,41.1000,42.2300,40.8810,42.1000,1610900
2011-03-18,40.5000,41.4400,39.9600,40.9100,2058400
2011-03-11,41.1800,41.7700,40.4700,40.7500,1684400
2011-03-04,41.3900,42.1000,40.1600,41.1200,3307100
2011-02-25,40.6800,41.3500,40.0400,41.1900,2035400
2011-02-18,41.2000,41.7300,40.6300,41.4100,1688600
2011-02-11,40.1500,41.1900,40.0300,41.1100,1676300
2011-02-04,39.2100,40.4000,38.8400,40.1600,2642300
2011-01-28,40.1000,40.7000,38.9800,39.1100,4914000
2011-01-21,38.1000,40.8700,38.1000,40.3200,9092200
2011-01-14,37.3600,37.6500,37.2900,37.5600,8938604
2011-01-07,37.6100,37.7700,37.2700,37.3800,6233700
2010-12-31,37.2500,37.6500,37.1200,37.3500,2496200
2010-12-23,37.3100,37.5400,37.2000,37.2900,1987400
2010-12-17,34.5000,37.5100,34.5000,37.2600,6377600
2010-12-10,33.3000,34.4400,33.3000,34.4300,3355400
2010-12-03,35.7800,36.2300,32.9900,33.4000,5812800
2010-11-26,34.8700,36.2200,34.8000,35.8900,1287000
2010-11-19,34.9400,35.2800,33.9800,34.9000,1090300
2010-11-12,34.3600,35.4900,34.2100,34.8700,1550800
2010-11-05,33.8600,34.7000,33.7500,34.4900,2054200
2010-10-29,34.1300,34.5700,33.4500,33.8600,1681200
2010-10-22,34.1900,34.2400,33.2900,33.8600,2281600
2010-10-15,34.1800,34.5500,33.8900,34.2200,3101100
2010-10-08,32.7300,34.2400,32.5300,34.0950,3913000
2010-10-01,33.9100,33.9300,32.6400,32.8000,4590000
2010-09-24,35.7800,36.7300,31.2800,33.9000,5596100
2010-09-17,34.5100,36.4000,34.2800,35.7600,2130800
2010-09-10,34.2100,34.8600,34.0100,34.3400,749400
2010-09-03,33.3700,34.5100,32.7600,34.4000,1294700
2010-08-27,34.0100,34.0200,32.4300,33.5000,1518400
2010-08-20,34.0000,35.2000,33.4100,34.0100,1100600
2010-08-13,35.6300,36.0500,33.8800,34.0500,912900
2010-08-06,36.6500,36.6500,34.9400,35.3300,1425300
2010-07-30,36.7900,37.5000,35.9500,36.4400,1331400
2010-07-23,35.5200,36.7200,35.0000,36.6900,1190700
2010-07-16,35.8100,36.7500,35.3900,35.4500,1171800
2010-07-09,35.2600,35.9600,34.4700,35.8500,915900
2010-07-02,36.4700,37.1125,34.7500,34.9400,1505900
2010-06-25,37.4600,37.7000,35.9100,36.3500,1224400
2010-06-18,37.0500,37.5000,36.7900,37.3000,1290800
2010-06-11,36.7700,36.9400,35.5500,36.8500,1604100
2010-06-04,35.6600,37.7700,35.1000,36.6200,2549900
2010-05-28,35.1400,36.1000,33.9600,35.9000,1961400
2010-05-21,36.9800,37.7100,34.5300,35.1200,2200900
2010-05-14,36.0400,37.8300,35.6400,36.8000,2242700
2010-05-07,35.8800,36.2300,34.2700,34.7300,2267200
2010-04-30,35.3000,36.1900,34.9000,35.6900,1551400
2010-04-23,34.8200,35.2900,34.1400,35.2900,2014300
2010-04-16,35.0800,35.6200,34.6100,34.9200,1871200
2010-04-09,35.7300,36.1800,34.9300,35.1600,1229600
2010-04-01,35.2400,36.0000,35.1800,35.6000,939900
2010-03-26,35.0000,36.3500,34.9700,35.2500,961400
2010-03-19,35.4100,35.7900,35.0200,35.2700,1518600
2010-03-12,35.2600,35.7300,34.8400,35.3800,1368700
2010-03-05,35.6600,37.0100,34.4500,35.3900,3255200
2010-02-26,36.2600,36.6500,35.3200,35.6800,1015900
2010-02-19,34.8300,36.2300,34.6900,36.1000,1737400
2010-02-12,33.3200,33.9000,32.8800,33.7000,1103500
2010-02-05,33.8200,34.6600,32.7700,33.2100,1767300
2010-01-29,34.5800,34.8200,33.7300,33.7600,1127100
2010-01-22,35.1000,35.9800,34.2200,34.2900,775200
2010-01-15,36.1400,36.3800,34.9600,35.1700,1198600
2010-01-08,36.7300,36.9400,35.7000,36.1500,1158100
2009-12-31,36.6000,37.1000,36.3100,36.6200,699400
2009-12-24,35.4500,36.6700,35.3800,36.5900,668000
2009-12-18,35.7500,36.4100,34.8900,35.3600,1491500
2009-12-11,35.8300,36.0700,34.6600,35.6400,2031100
2009-12-04,32.0900,36.4100,31.9400,35.9400,3594800
2009-11-27,33.0000,33.3300,31.8700,32.2000,1170900
2009-11-20,33.5200,34.1400,32.8000,32.9500,1575500
2009-11-13,33.0500,33.7400,32.6600,33.2800,1483100
2009-11-06,32.1900,33.0600,31.6300,32.8800,1595800
2009-10-30,33.0600,33.4300,31.9500,32.1700,1596900
2009-10-23,33.2300,33.8500,32.7200,33.0600,1916800
2009-10-16,34.0800,34.0800,33.0400,33.3000,1509300
2009-10-09,32.6600,33.9700,32.5000,33.9300,2364300
2009-10-02,32.8500,33.3500,32.2100,32.4800,4175800
2009-09-25,37.0900,38.3400,31.9300,32.8600,10800100
2009-09-18,36.4400,38.4700,36.1600,37.4400,2410800
2009-09-11,35.8900,37.1100,35.3600,36.7200,1347500
2009-09-04,35.5100,36.0400,35.0500,35.7500,1802000
2009-08-28,36.5000,36.5700,35.3400,35.6500,1192300
2009-08-21,35.2600,36.4700,34.9200,36.3500,1492100
2009-08-14,36.5800,36.9500,35.3300,35.6600,1435900
2009-08-07,35.4400,37.0000,34.9700,36.8900,2306700
2009-07-31,34.0300,35.5500,33.5432,35.3100,1872500
2009-07-24,33.4100,34.5000,33.0100,34.0200,2593700
2009-07-17,32.0800,33.9900,31.4000,33.3900,3506500
2009-07-10,33.6200,33.9750,32.2500,32.8700,2160200
2009-07-02,35.2500,35.5000,33.6100,33.8000,2196300
2009-06-26,34.2500,36.0000,34.0900,35.1400,2450400
2009-06-19,34.2000,35.1700,33.8300,34.3000,2263300
2009-06-12,33.0100,34.5000,32.7600,34.4600,2220700
2009-06-05,31.1100,35.0700,30.8300,34.3900,4568600
2009-05-29,29.5500,31.4100,29.2300,30.6900,2613000
2009-05-22,29.4700,30.7600,29.0200,29.8400,2945300
2009-05-15,31.1100,32.0100,29.0900,29.1900,4088100
2009-05-08,31.5800,31.8700,30.6300,31.5700,1918800
2009-05-01,30.5400,32.1100,30.3600,31.4300,1688000
2009-04-24,30.9200,32.7800,30.4600,31.0200,2464500
2009-04-17,29.9800,31.5500,29.5700,31.3900,1948200
2009-04-09,29.7600,30.1500,29.0400,30.0900,2424600
2009-04-03,30.7200,31.0250,28.6600,30.0200,4024900
2009-03-27,29.8100,32.0400,29.4400,31.1500,4866900
2009-03-20,29.8800,30.2000,28.0500,29.5300,6656400
2009-03-13,26.7800,30.2500,26.1600,29.5100,5697300
2009-03-06,26.3100,27.5400,24.7500,26.9800,9823100
2009-02-27,27.3900,27.7800,26.2500,27.0200,4089300
2009-02-20,25.7900,28.0700,25.2200,27.1700,5319700
2009-02-13,26.6500,26.9900,25.3200,26.3500,3295200
2009-02-06,23.7700,26.7200,23.4800,26.6400,4913400
2009-01-30,24.6700,26.1600,23.9400,24.0900,3409800
2009-01-23,26.0100,26.2800,24.2800,24.6200,2883700
2009-01-16,27.2500,27.5200,24.7400,26.2700,3409500
2009-01-09,28.0200,28.3800,26.8900,27.2100,3139000
2009-01-02,26.4700,28.1500,25.8250,28.0300,2885100
2008-12-26,27.0000,27.1400,25.3600,26.5800,2248400
2008-12-19,25.9400,28.1700,25.3500,26.9300,6521400
2008-12-12,25.7900,26.4300,24.5000,25.6700,7969900
2008-12-05,25.5700,27.5100,22.5400,25.6300,8575900
2008-11-28,26.5200,26.8200,23.5100,26.6700,4009700
2008-11-21,27.7700,27.9000,24.8000,26.5900,5951000
2008-11-14,32.6600,33.1800,27.7800,27.9300,5316000
2008-11-07,34.9000,36.5700,30.8800,32.0000,5331900
2008-10-31,32.0900,35.4000,30.9500,34.9000,3844200
2008-10-24,32.4600,35.2800,31.5000,32.6000,4405800
2008-10-17,35.7700,39.3900,30.2100,32.0900,7689700
2008-10-10,37.1400,37.2000,31.1800,34.4900,7795000
2008-10-03,39.3600,39.3900,37.1800,37.6400,4953400
2008-09-26,42.7300,43.8000,39.0400,39.5500,4287800
2008-09-19,43.1500,46.9600,42.3800,42.9300,5116500
2008-09-12,43.0600,46.0600,42.8600,45.3000,2364200
2008-09-05,44.2500,45.4400,42.6200,43.8200,1787200
2008-08-29,44.0000,44.6000,42.9700,44.0100,1266800
2008-08-22,44.8100,44.8100,42.9300,44.2600,1343400
2008-08-15,44.3700,45.8400,43.5700,44.5700,2328200
2008-08-08,43.5600,44.5000,43.1000,44.2900,2147000
2008-08-01,43.5800,44.9900,43.1400,43.6400,1943700
2008-07-25,43.6200,45.0700,43.2300,43.4900,2469500
2008-07-18,42.4100,44.1800,41.6300,43.3200,4200100
2008-07-11,40.5100,43.8000,39.5000,42.9400,5931400
2008-07-03,44.8000,45.2500,40.2300,40.4900,4729300
2008-06-27,47.7900,49.3400,44.4500,44.9000,5352400
2008-06-20,47.0000,48.3700,45.6700,47.7500,4122400
2008-06-13,47.9800,48.8700,46.3500,47.0000,3674800
2008-06-06,45.0000,48.1400,43.9600,47.0100,6477500
2008-05-30,42.1900,45.6500,42.0000,45.0000,4262200
2008-05-23,42.2800,42.4000,41.0800,42.0500,1585700
2008-05-16,41.6400,42.4700,40.9000,42.1800,1827900
2008-05-09,41.3600,41.6700,40.4500,41.5000,1496100
2008-05-02,41.2700,42.4300,40.3300,41.2400,2462900
2008-04-25,40.4700,41.4100,39.8400,41.1400,1426100
2008-04-18,39.9700,41.2000,39.1800,40.5700,1776000
2008-04-11,41.4800,41.4800,39.5200,39.8900,2419500
2008-04-04,38.3800,41.4000,37.8500,41.3100,3029600
2008-03-28,39.3300,39.9700,38.0500,38.2000,3273700
2008-03-20,37.0100,39.1300,37.0100,39.1300,5263500
2008-03-14,36.3400,39.6100,36.1100,38.2000,8402300
2008-03-07,41.7500,42.8300,33.8100,35.4100,7558400
2008-02-29,38.9100,42.7800,38.4700,41.6600,3441900
2008-02-22,38.8200,40.0800,38.0900,38.8700,1547900
2008-02-15,38.5400,40.5500,38.0200,38.9800,2254400
2008-02-08,41.0900,41.3800,38.0600,38.5800,2479100
2008-02-01,39.5000,41.4900,39.0100,41.0000,2667900
2008-01-25,39.1700,39.7900,37.7500,39.5600,3765600
2008-01-18,41.7700,41.7700,38.6100,39.4100,3048800
2008-01-11,40.6900,42.6900,40.3000,41.4000,3483800
2008-01-04,42.9900,42.9900,40.5100,40.6400,2520200
2007-12-28,42.5300,43.2700,42.0100,42.6200,1227200
2007-12-21,42.2000,42.6900,40.2600,42.1900,2808000
2007-12-14,41.1000,42.1200,40.6900,41.9100,2612400
2007-12-07,37.7000,41.6900,36.7300,41.0700,3867900
2007-11-30,34.5700,37.9700,34.2100,37.3600,2033400
2007-11-23,35.3400,36.0000,33.4400,34.5100,1269700
2007-11-16,35.2500,36.3500,35.0000,35.5300,1568800
2007-11-09,36.7400,37.4500,35.1300,35.2100,2158200
2007-11-02,38.2000,38.5000,36.7000,37.1300,2551300
2007-10-26,37.5000,38.5800,36.8600,38.1200,2788300
2007-10-19,35.9200,38.5800,35.5740,37.7800,3202100
2007-10-12,36.0000,36.4800,35.1300,36.2200,2684900
2007-10-05,34.4000,37.0500,33.5900,36.0100,3799600
2007-09-28,29.1600,34.7700,29.0500,34.3900,3134800
2007-09-21,29.6200,30.4600,29.0000,29.1600,1587200
2007-09-14,28.9200,29.7500,28.5900,29.6400,713200
2007-09-07,29.3700,29.5900,28.6100,28.7400,792200
2007-08-31,29.0500,29.3900,28.5300,29.3400,965500
2007-08-24,30.4800,30.4800,28.7300,29.0300,1445300
2007-08-17,30.3000,30.4300,28.1200,29.8500,2105900
2007-08-10,28.7300,30.6700,28.3200,28.6000,2431700
2007-08-03,28.5000,29.1000,27.9000,28.5900,1574400
2007-07-27,29.5900,29.7700,28.2700,28.4600,2391100
2007-07-20,30.7600,30.8300,29.1500,29.5200,1942600
2007-07-13,31.1700,31.3100,30.5500,30.7300,1275000
2007-07-06,30.8600,31.2000,30.3000,31.0400,1128600
2007-06-29,29.5900,30.9700,29.3800,30.5900,2872100
2007-06-22,29.0800,29.8200,29.0000,29.4400,2719400
2007-06-15,29.0300,29.1900,28.5200,29.0700,3518000
2007-06-08,31.3500,31.3700,28.5700,29.0800,4802500
2007-06-01,30.1900,31.4200,29.9400,31.3700,1954300
2007-05-25,29.8100,31.0900,29.8100,30.0700,1473500
2007-05-18,29.4000,30.1200,29.2500,30.0800,1064700
2007-05-11,29.5000,29.7500,29.1500,29.4500,760700
2007-05-04,28.9900,29.9600,28.7900,29.5500,1528000
2007-04-27,29.1700,29.4800,28.8399,29.0300,2263500
2007-04-20,27.7200,29.2800,27.7200,29.1700,2187500
2007-04-13,27.5500,28.1000,27.4200,27.6400,3998600
2007-04-05,28.0000,28.1600,27.4400,27.5700,1741100
2007-03-30,28.2400,28.3200,27.5200,28.0100,1269800
2007-03-23,27.5500,28.5000,27.4000,28.2600,1548000
2007-03-16,27.9300,28.0800,27.4000,27.5000,2093800
2007-03-09,28.9800,29.2000,27.3600,27.9300,8489300
2007-03-02,30.0000,30.0000,28.9500,29.0700,2231700
2007-02-23,29.9100,30.1900,29.7800,30.0000,931000
2007-02-16,29.7800,30.4500,29.4700,30.0000,1699900
2007-02-09,29.6100,29.9000,29.3400,29.6800,1443700
2007-02-02,29.3300,29.9600,29.1800,29.6100,974400
2007-01-26,30.2300,30.2400,28.9900,29.3200,1087000
2007-01-19,30.9000,31.0000,29.8200,30.1700,1540900
2007-01-12,30.6500,31.1500,30.0000,30.8600,1531700
2007-01-05,30.2950,31.4200,30.0000,30.7100,1633900
2006-12-29,29.4900,30.4500,29.4600,30.0000,694400
2006-12-22,30.2000,30.2700,29.3400,29.5500,1317500
2006-12-15,30.6300,30.9200,30.1500,30.1900,1265300
2006-12-08,29.9100,30.8000,28.5900,30.7100,3429000
2006-12-01,30.0000,30.3200,29.4100,29.8000,1912900
2006-11-24,30.0300,30.0300,29.5300,29.7600,1208500
2006-11-17,29.6800,30.2600,29.5700,30.0000,1207000
2006-11-10,28.8500,29.7400,28.8100,29.6200,1357200
2006-11-03,28.3100,29.5500,28.1261,28.7500,1816800
2006-10-27,28.2500,28.8600,28.2500,28.4500,2068000
2006-10-20,28.7900,29.1400,28.0600,28.5000,2612600
2006-10-13,28.7900,29.5000,28.5100,28.8600,3065500
2006-10-06,28.0700,30.3900,27.4100,28.8900,7320700
2006-09-29,28.6000,28.8300,27.9200,28.1900,2336000
2006-09-22,28.7400,29.3900,28.0700,28.6600,1480800
2006-09-15,27.3100,29.0000,27.3100,28.7200,1541500
2006-09-08,28.0800,28.2300,27.2100,27.4100,988300
2006-09-01,27.6300,28.2500,27.1800,28.0300,1678300
2006-08-25,27.9900,27.9900,27.0000,27.4800,1012300
2006-08-18,27.1400,28.1900,26.8300,28.1100,882300
2006-08-11,27.1000,27.1100,26.4700,26.9100,1245100
2006-08-04,26.6400,27.2900,26.3100,27.0400,2114100
2006-07-28,26.6400,27.0600,26.2200,26.7400,1334800
2006-07-21,25.5300,27.4000,25.4200,26.5900,3198800
2006-07-14,24.7000,25.8600,24.6100,25.5300,2017200
2006-07-07,24.6300,24.7600,23.9200,24.6650,993900
2006-06-30,23.9400,24.6100,23.7200,24.5600,1613400
2006-06-23,24.4800,24.6200,23.5100,23.9500,1263000
2006-06-16,24.7600,25.0400,23.8400,24.6200,1804600
2006-06-09,25.7700,26.0000,24.3200,25.0300,2232800
2006-06-02,25.8600,27.9200,24.9500,25.9900,3804500
2006-05-26,24.9900,25.6900,24.5500,25.2500,1460200
2006-05-19,25.4700,26.0100,24.8500,25.0700,1425700
2006-05-12,26.5400,27.4300,25.4900,25.5000,1719200
2006-05-05,26.9700,27.0400,26.1500,26.6400,1229100
2006-04-28,26.8000,26.9800,26.2700,26.8500,1369800
2006-04-21,26.1900,27.1300,25.9400,26.9000,1266500
2006-04-13,26.9700,27.0800,26.1900,26.2700,1173800
2006-04-07,27.4400,27.7200,26.4100,26.9200,1678800
2006-03-31,27.5000,27.5800,26.7700,27.4500,1572700
2006-03-24,26.9600,27.8600,26.8000,27.4900,2202700
2006-03-17,26.6500,27.0990,26.2800,26.8600,1486800
2006-03-10,26.8300,27.0100,25.0700,26.6500,2127400
2006-03-03,27.0300,27.1500,25.7900,26.8500,3634800
2006-02-24,25.4800,27.2100,25.3500,27.2100,1687000
2006-02-17,25.0500,25.7000,24.9900,25.5600,1321900
2006-02-10,25.0000,25.3000,24.7000,25.1300,1233400
2006-02-03,25.0900,25.5000,24.8200,24.9600,1518800
2006-01-27,24.6300,25.2000,24.3700,25.0200,1800000
2006-01-20,24.3450,24.9900,24.2000,24.4300,1493100
2006-01-13,24.5000,25.2400,24.2300,24.3000,2481700
2006-01-06,23.0800,24.5800,22.7200,24.5600,2843800
2005-12-30,22.9900,23.2300,22.6300,23.0600,1779700
2005-12-23,23.1700,23.1700,22.3700,22.8400,3293200
2005-12-16,23.4300,23.6400,22.9500,23.1400,2919500
2005-12-09,23.8000,24.9200,21.1400,23.4200,5761300
2005-12-02,25.4000,25.8000,24.6900,25.5100,2873900
2005-11-25,25.0000,25.5100,24.3200,25.4600,1149900
2005-11-18,24.8000,25.1300,24.2000,25.0500,1838500
2005-11-11,23.8000,24.8000,23.5600,24.6400,3804000
2005-11-04,23.1800,24.0000,22.5600,23.6100,2845600
2005-10-28,22.6100,23.2100,22.5000,23.0800,1566300
2005-10-21,23.2400,23.4300,22.3000,22.6100,2048800
2005-10-14,23.8000,23.9600,22.5800,23.2700,2400100
2005-10-07,24.0600,24.3100,23.1600,23.7000,2950000
2005-09-30,22.6500,24.5400,22.6200,23.8700,4038600
2005-09-23,23.3700,23.6600,22.1100,22.5500,1375800
2005-09-16,24.2200,24.2600,23.0600,23.4200,2189900
2005-09-09,23.8000,24.3900,23.6100,24.2800,956800
2005-09-02,22.5000,24.8400,22.4400,23.8800,1985800
2005-08-26,22.4000,23.0700,22.2700,22.6000,2382700
2005-08-19,23.5000,24.2300,22.0000,22.4400,1954200
2005-08-12,24.1500,24.3800,23.2800,23.7300,1361400
2005-08-05,24.3400,25.5000,24.1100,24.1500,1845100
2005-07-29,24.9300,25.0000,24.3100,24.4600,1355700
2005-07-22,24.8900,25.5000,24.3200,24.9400,1311900
2005-07-15,24.7500,25.4000,24.5500,24.8300,1091100
2005-07-08,23.9100,24.9000,23.5800,24.7700,1040000
2005-07-01,23.9900,24.5300,23.7200,24.0300,1437300
2005-06-24,24.6900,24.9500,23.7800,24.0200,1623800
2005-06-17,24.5600,25.0900,24.1600,24.7500,2981400
2005-06-10,25.7000,26.1200,24.6500,24.9600,2343800
2005-06-03,25.4200,26.2100,24.7900,25.5400,2450800
2005-05-27,25.0600,25.9600,24.5100,25.5300,2535300
2005-05-20,23.5100,25.4100,23.3600,25.4100,1851800
2005-05-13,23.2100,23.9100,22.8600,23.5700,1433600
2005-05-06,21.6500,23.4100,21.6500,23.3000,2204000
2005-04-29,22.0400,22.6000,21.0000,21.6800,1638100
2005-04-22,22.2500,22.8000,21.6100,22.1000,1226200
2005-04-15,23.9300,24.1500,22.2100,22.3700,1512800
2005-04-08,23.0800,23.9600,23.0200,23.8200,1778900
2005-04-01,23.8200,24.0200,23.0000,23.2100,1187500
2005-03-24,24.3200,24.4400,23.3100,23.8100,1021400
2005-03-18,24.2800,24.8400,24.0000,24.1500,1485500
2005-03-11,25.0000,25.4400,23.9500,24.1700,2323200
2005-03-04,22.5600,25.9900,22.4000,25.0200,3696200
2005-02-25,22.9200,23.2700,22.2200,22.7900,1590700
2005-02-18,23.1200,23.5500,22.6000,23.1100,994000
2005-02-11,24.2100,24.2300,22.6410,22.9000,1931500
2005-02-04,22.5100,24.1200,22.3500,24.0600,1829600
2005-01-28,23.3500,23.4000,22.0100,22.6100,1367600
2005-01-21,23.4600,24.1300,23.1800,23.1900,1195400
2005-01-14,22.7600,23.8700,22.2700,23.4600,1744500
2005-01-07,27.0000,27.0100,23.0200,23.0500,2693900
2004-12-31,26.6900,26.8300,25.5800,26.3200,1039300
2004-12-23,26.0500,26.4000,25.2800,26.2100,1582500
2004-12-17,25.2500,27.3300,25.1510,26.1500,3113900
2004-12-10,25.9400,26.0000,24.9100,25.2700,2213900
2004-12-03,22.2300,26.3100,21.6000,25.9800,6637500
2004-11-26,21.5000,23.0000,21.4530,22.6400,1569700
2004-11-19,23.0500,23.2000,21.5700,21.6600,1942500
2004-11-12,20.4800,23.1500,20.4800,23.0800,2693700
2004-11-05,18.4000,21.9400,18.4000,20.6700,3663500
2004-10-29,18.3900,19.0000,18.3200,18.5800,2677300
2004-10-22,18.4000,19.0900,18.3000,18.3900,2471200
2004-10-15,18.8500,19.1700,18.1400,18.5700,3688500
2004-10-08,18.8900,19.4800,18.7600,18.8500,4046500
2004-10-01,18.9400,19.2600,18.3800,19.1200,4544600
2004-09-24,18.2200,19.3300,17.6980,18.8900,4864400
2004-09-17,21.3000,22.7400,17.7700,18.2300,7880600
2004-09-10,21.8400,21.9100,20.8000,21.0800,2185600
2004-09-03,22.0300,22.2000,21.2400,21.5800,2437200
2004-08-27,21.8900,22.4800,21.0200,21.8700,1965000
2004-08-20,20.2800,22.2100,20.2300,22.0000,2544700
2004-08-13,20.1500,21.4400,20.0800,20.3500,2293200
2004-08-06,22.4000,23.4000,20.1000,20.4800,3892800
2004-07-30,22.1900,22.6300,21.3100,22.2500,2931700
2004-07-23,24.9000,25.2700,21.1000,22.2200,4419700
2004-07-16,25.2200,25.4200,24.2500,24.7600,2789200
2004-07-09,26.4000,26.5400,24.6700,25.1100,3150600
2004-07-02,25.5500,28.1100,25.2500,26.1600,5243900
2004-06-25,24.3600,33.1100,23.8800,25.3600,6955700
2004-06-18,24.2000,25.3500,23.4900,24.3400,5293600
2004-06-10,24.3400,24.8900,23.7000,23.9700,4185400
2004-06-04,24.8000,25.2100,23.2800,23.7600,4452800
2004-05-28,18.9000,26.3900,18.8300,24.5000,10915400
2004-05-21,17.3200,18.9700,17.1300,18.6700,2628900
2004-05-14,18.3600,18.7900,17.0400,17.7400,2829000
2004-05-07,18.8400,19.9200,18.3600,18.3700,2856800
2004-04-30,21.3700,21.7200,18.8300,18.9500,3206900
2004-04-23,20.8300,21.6100,19.9400,21.3300,2055000
2004-04-16,21.4500,21.8000,19.7800,20.7000,2639300
2004-04-08,22.3500,22.5600,21.1100,21.3300,1688700
2004-04-02,21.0300,22.5500,20.6300,22.0600,4749200
2004-03-26,19.7500,20.8900,19.0000,20.6500,2835600
2004-03-19,20.1300,20.1300,18.9500,19.5500,1628400
2004-03-12,20.7500,21.0500,19.0000,20.0400,3207100
2004-03-05,19.7000,20.6500,18.8600,20.5900,4685100
2004-02-27,16.5700,19.7200,14.8600,19.6400,4607400
2004-02-20,17.1710,17.8800,16.4600,16.6100,1235800
2004-02-13,16.6600,17.9200,16.5000,17.1800,2838000
2004-02-06,17.0300,17.2200,16.2400,16.9200,1758800
2004-01-30,18.2500,18.2900,16.2200,16.8500,3050400
2004-01-23,18.1500,18.5000,17.8600,18.2400,2221900
2004-01-16,17.8000,18.1800,17.3500,18.0300,2133300
2004-01-09,17.0800,17.7700,16.6500,17.6500,3502200
2004-01-02,16.6100,17.1000,16.5000,16.8000,2110300
2003-12-26,15.5100,16.7500,15.4300,16.6800,2251300
2003-12-19,15.8100,16.0400,14.6400,15.7650,3209500
2003-12-12,14.3400,15.7500,14.0700,15.6500,3939300
2003-12-05,12.1100,14.7800,11.4400,14.2300,6668000
2003-11-28,12.3000,12.5000,11.9300,12.0000,1547600
2003-11-21,12.3200,12.6500,11.7700,12.0700,1880900
2003-11-14,12.6000,12.8400,12.3400,12.4000,1408900
2003-11-07,12.5400,12.9600,12.4000,12.6500,1729700
2003-10-31,12.4000,12.7500,12.1600,12.4700,2421200
2003-10-24,12.3100,12.7920,11.4600,12.0000,2277100
2003-10-17,12.1400,13.2700,11.7500,12.0900,3548300
2003-10-10,11.6000,12.1400,11.0000,11.8200,2993200
2003-10-03,10.7010,11.8400,10.6300,11.5900,1896600
2003-09-26,10.9500,11.1200,10.5700,10.6300,2447700
2003-09-19,10.4100,11.1600,10.2100,11.0200,2751300
2003-09-12,10.3000,10.6900,10.2000,10.4800,1794700
2003-09-05,10.1000,10.4500,9.9500,10.2700,1343300
2003-08-29,9.2500,10.1800,9.2000,10.0500,2279200
2003-08-22,8.8000,9.5000,8.6500,9.2700,4368800
2003-08-15,8.6000,9.0500,8.3000,8.7900,1969000
2003-08-08,8.9000,9.1500,8.5500,8.5500,1366900
2003-08-01,9.4000,9.4500,8.8700,8.9200,1426000
2003-07-25,9.5100,9.6500,9.1900,9.3500,1974900
2003-07-18,9.7000,10.0000,9.4800,9.5300,1833400
2003-07-11,9.3000,9.9900,9.2000,9.7700,2775300
2003-07-03,9.7900,10.0000,9.0500,9.2000,4064200
2003-06-27,9.9700,10.0300,9.5200,9.7700,2631000
2003-06-20,9.9500,10.6000,9.8600,9.9800,2969500
2003-06-13,9.9000,10.0500,9.7400,9.9600,1569800
2003-06-06,8.9100,10.2600,8.9100,9.8700,3578700
2003-05-30,8.9000,9.1300,8.7500,8.9800,2248200
2003-05-23,8.7400,9.2800,8.4800,9.0000,2889500
2003-05-16,8.7200,9.2600,8.3000,8.8800,2835000
2003-05-09,8.7000,8.7900,8.4200,8.7200,1376400
2003-05-02,8.0700,8.6400,7.8000,8.5700,2154000
2003-04-25,8.1400,8.1600,7.8000,7.9000,1650100
2003-04-17,8.0000,8.5100,7.7100,7.9900,2589300
2003-04-11,8.0200,8.6900,8.0200,8.0200,3741900
2003-04-04,7.3100,8.0000,7.3000,8.0000,4203100
2003-03-28,7.8100,8.1000,7.5800,7.9790,2882100
2003-03-21,7.2600,8.0100,7.2300,7.8500,2701800
2003-03-14,7.4600,7.4900,6.9900,7.3400,3539700
2003-03-07,7.7400,7.9000,7.3500,7.4700,3603100
2003-02-28,7.8600,7.9900,7.3500,7.8100,5011200
2003-02-21,9.4400,9.7400,7.0400,8.0000,14474500
2003-02-14,10.1200,10.2100,9.1100,9.4700,3178400
2003-02-07,10.4000,10.4900,9.1600,10.0200,4197000
2003-01-31,10.4600,11.2700,10.0800,10.2800,3090500
2003-01-24,11.9600,12.0100,10.3300,10.4700,3639000
2003-01-17,12.2000,12.6200,11.9100,11.9700,1372300
2003-01-10,11.9600,12.4400,11.7600,12.2000,1497600
2003-01-03,11.8500,12.2500,11.6000,11.9700,1689500
2002-12-27,12.0800,12.2500,11.6800,11.8600,1137400
2002-12-20,11.3500,12.6000,11.2500,12.1700,3078100
2002-12-13,12.5000,12.5500,11.0600,11.3500,1970500
2002-12-06,12.0900,12.7400,12.0700,12.5400,2501900
2002-11-29,12.6400,12.8300,11.9600,12.0900,1834000
2002-11-22,11.3400,12.8500,11.2000,12.6500,2689000
2002-11-15,10.5100,11.4400,10.1800,11.4300,2642100
2002-11-08,11.1900,11.2000,10.5400,10.6200,1900100
2002-11-01,10.9900,11.1900,10.2400,11.0900,2227700
2002-10-25,11.0500,11.4900,10.7900,11.0000,3128300
2002-10-18,11.0100,11.3500,10.8400,11.0400,3547000
2002-10-11,10.6200,11.3200,9.7620,11.0200,4133300
2002-10-04,10.9900,11.3000,10.6000,10.6700,4363600
2002-09-27,10.3900,11.2400,10.0700,10.9300,4129200
2002-09-20,14.3100,14.8900,8.7500,10.5100,21323700
2002-09-13,14.6700,14.8700,13.9300,14.5200,1473900
2002-09-06,13.9500,14.6200,13.0900,14.6100,2150000
2002-08-30,14.2000,14.5200,13.5400,14.0700,2561600
2002-08-23,11.9500,14.4500,11.9400,14.1100,4486900
2002-08-16,11.7100,12.1800,11.5000,11.8200,4639400
2002-08-09,12.6900,12.8600,11.2300,11.6800,3278400
2002-08-02,13.2600,13.6300,12.5900,12.8000,2520300
2002-07-26,13.2900,13.4600,11.7300,12.9700,4186500
2002-07-19,14.6100,14.8700,13.0300,13.4000,2902000
2002-07-12,16.1600,16.5300,14.3600,14.7500,2928000
2002-07-05,16.2400,16.4500,15.0000,16.3900,2109100
2002-06-28,16.2500,16.5800,15.6400,16.2300,3966300
2002-06-21,16.5100,17.1700,15.9200,16.1700,2425300
2002-06-14,16.6900,17.2200,15.9000,16.4500,1650300
2002-06-07,16.3900,17.1000,15.9300,16.6700,2872700
2002-05-31,17.3200,17.3200,16.1500,16.4300,2340200
2002-05-24,17.4000,17.7700,16.9300,17.0800,2736600
2002-05-17,17.4000,17.8000,16.6700,17.3900,5909400
2002-05-10,15.2100,17.4500,15.1500,17.1800,5292100
2002-05-03,15.7700,15.8700,14.3300,15.2100,9122800
2002-04-26,16.6200,17.2500,15.7500,15.7700,4536800
2002-04-19,19.4300,19.6500,16.2000,16.5900,4609200
2002-04-12,18.0000,19.5000,17.6500,19.3900,3025300
2002-04-05,18.1000,18.5000,17.2500,18.1300,2698500
2002-03-28,17.8500,18.2400,17.0600,17.9400,2995000
2002-03-22,16.1900,18.3500,16.0100,17.8500,5426000
2002-03-15,17.4000,17.8800,16.0000,16.2800,6301100
2002-03-08,16.8900,17.9600,15.4000,17.1400,11441600
2002-03-01,21.0500,21.4500,16.7700,17.5400,7365300
2002-02-22,22.4600,22.8000,19.6900,20.8100,3347400
2002-02-15,23.3800,23.5000,22.3100,22.4800,2506800
2002-02-08,23.3200,24.2000,22.4100,23.3000,3685700
2002-02-01,22.3500,23.8500,22.2400,23.0400,10138100
2002-01-25,21.4000,23.7500,20.8000,22.1400,1744733
2002-01-18,33.0500,33.4600,31.0900,32.6500,3307734
2002-01-11,34.5400,35.2400,31.5100,33.1700,4096334
2002-01-04,37.2500,38.0300,33.2500,34.6600,3854000
2001-12-28,36.4800,38.7400,36.4800,37.1600,2176001
2001-12-21,35.3300,38.3000,35.3200,36.3100,3554601
2001-12-14,35.0000,35.7600,32.6200,35.0000,1599334
2001-12-07,34.7000,37.3700,33.0500,35.6300,3548867
2001-11-30,30.8400,36.1500,30.5000,34.2800,5562000
2001-11-23,29.6000,31.7000,29.5100,30.3900,1480534
2001-11-16,33.2000,33.2200,29.0600,29.9700,6824401
2001-11-09,32.3700,33.8800,31.5600,32.8100,2394735
2001-11-02,31.2500,32.4500,28.5200,32.0900,1987734
2001-10-26,32.5600,32.5600,28.3700,31.5200,4052001
2001-10-19,33.6700,33.8700,29.9300,33.0000,2984267
2001-10-12,33.2400,35.5000,30.7600,33.5900,3699734
2001-10-05,28.2900,33.0600,27.7800,32.2500,7303534
2001-09-28,24.2000,28.6900,24.1900,28.0100,3496934
2001-09-21,23.2500,25.5000,21.7700,23.6600,4144734
2001-09-10,23.7100,24.3600,23.7000,24.0000,186267
2001-09-07,24.8500,25.8500,23.1600,24.1300,1270467
2001-08-31,24.7300,24.9400,23.6500,24.6300,986401
2001-08-24,24.8100,25.2800,22.3000,24.5800,1646001
2001-08-17,24.4800,25.8000,23.5700,24.9600,1852467
2001-08-10,28.1000,28.7000,24.5700,24.7400,2588001
2001-08-03,28.4900,28.9800,27.4200,28.1000,1705067
2001-07-27,29.5400,29.5500,28.0500,28.2500,1696001
2001-07-20,29.0200,30.2000,27.4000,29.0100,1892201
2001-07-13,27.8800,30.0000,26.4500,28.9500,1845868
2001-07-06,29.5000,30.0000,25.9100,27.9000,1558401
2001-06-29,27.5700,31.0000,26.6100,29.2500,6543601
2001-06-22,24.7800,27.6300,24.1500,26.4100,3355468
2001-06-15,26.0100,26.2500,22.3000,24.6500,4357134
2001-06-08,25.0100,26.6000,24.9500,25.7400,6320268
2001-06-01,22.8000,25.0000,22.5700,24.9000,2659134
2001-05-25,22.2000,23.7200,22.0400,22.5900,1467534
2001-05-18,22.8500,23.3500,21.4500,22.0000,1053468
2001-05-11,24.1900,24.2000,22.2500,22.6400,1506268
2001-05-04,23.3200,24.9400,22.4900,23.4300,2241401
2001-04-27,22.6500,23.3900,21.5500,23.0100,1991734
2001-04-20,23.6200,24.1200,20.9600,22.5600,1992668
2001-04-12,19.6100,22.5000,19.6000,22.4000,1003668
2001-04-06,20.4400,20.4400,19.5000,19.5100,920268
2001-03-30,18.2600,20.8200,18.2500,20.4900,1207735
2001-03-23,19.0600,20.2500,17.5500,18.5000,2130601
2001-03-16,21.3800,21.5000,18.7500,18.8800,662334
2001-03-09,19.9400,21.9400,19.9400,21.8100,1099401
2001-03-02,19.7500,21.1300,18.0600,20.3100,1167734
2001-02-23,19.5000,20.1900,19.0600,19.9400,270734
2001-02-16,18.3800,21.0000,18.3100,19.5600,485134
2001-02-09,18.0600,20.3800,17.5000,18.7500,620867
2001-02-02,18.0600,19.3800,17.8800,18.0000,641801
2001-01-26,17.2300,18.6300,16.2500,18.2500,602334
2001-01-19,17.7800,17.8100,16.3800,17.0600,1464400
2001-01-12,19.0000,19.5000,16.6300,17.8800,1636134
2001-01-05,20.4800,20.7500,18.4400,19.5000,902934
2000-12-29,20.1100,22.3800,19.4400,21.5000,964201
2000-12-22,18.5200,20.7500,17.0000,20.2500,1893668
2000-12-15,17.6300,19.0000,17.3800,18.6900,1338934
2000-12-08,18.1100,18.1300,17.1300,17.5000,1465001
2000-12-01,16.6100,18.4400,15.0000,18.0000,1227134
2000-11-24,16.3600,16.9400,15.5000,16.4400,255934
2000-11-17,15.7700,17.0600,14.8300,17.0600,659267
2000-11-10,16.1300,16.3800,15.6300,15.8800,787134
2000-11-03,13.7500,16.2500,13.5000,16.0600,552001
2000-10-27,13.9800,14.5000,13.0000,14.4400,793668
2000-10-20,13.7800,14.3800,12.2500,14.0000,740067
2000-10-13,14.5000,14.5000,12.0000,13.5000,729268
2000-10-06,13.6600,15.2500,13.4400,14.0000,1005000
2000-09-29,15.6600,15.6600,13.8800,13.8800,652667
2000-09-22,15.3100,17.2500,14.1900,15.8400,724001
2000-09-15,16.5600,16.9400,15.2500,15.2500,599201
2000-09-08,17.0000,17.2500,15.9400,16.5000,324934
2000-09-01,16.1900,17.2500,15.6300,16.9400,915067
2000-08-25,16.0600,16.7200,15.6300,15.8800,524868
2000-08-18,15.6900,16.6300,15.6300,16.1900,579334
2000-08-11,14.7500,15.8800,14.6300,15.7500,616134
2000-08-04,13.2500,14.9400,12.3800,14.3800,1378934
2000-07-28,14.0000,14.0000,12.5000,13.2500,1582401
2000-07-21,14.4400,14.6300,13.7500,13.7500,802001
2000-07-14,14.5600,15.3800,12.5600,14.3100,2570867
2000-07-07,16.0000,16.3800,14.2500,14.6300,997201
2000-06-30,16.2500,17.6300,15.5000,16.0000,470801
2000-06-23,17.7800,17.8100,15.7500,16.1300,738268
2000-06-16,18.6300,18.6900,17.1300,17.9400,432401
2000-06-09,17.7500,20.0000,17.5000,18.6300,1799801
2000-06-02,17.6300,18.2500,17.0600,17.7500,758534
2000-05-26,17.1300,17.8100,16.6300,17.2500,1206401
2000-05-19,17.5600,19.0000,17.1300,17.1300,630001
2000-05-12,18.0000,18.0600,17.0000,17.2500,333934
2000-05-05,17.0600,18.3800,17.0000,18.1900,335267
2000-04-28,17.0000,18.2500,16.5000,17.2500,374068
2000-04-20,17.8800,19.0000,17.0000,17.4400,582467
2000-04-14,19.1300,19.5000,17.7500,18.4400,592934
2000-04-07,17.7500,19.5000,16.3800,19.0000,710601
2000-03-31,17.9700,18.9800,16.9400,17.5000,711868
2000-03-24,17.7500,19.5600,17.6300,17.6900,1896867
2000-03-17,17.0000,18.6300,15.0000,17.8100,940801
2000-03-10,17.2500,18.3800,15.0000,16.9400,2104601
2000-03-03,23.0000,23.7500,17.0000,17.2800,1969201
2000-02-25,20.8800,21.4400,19.0000,19.6900,1035667
2000-02-18,20.7800,21.8800,20.5000,21.0000,1079267
2000-02-11,19.2500,22.1300,18.9400,20.8100,1373868
2000-02-04,18.1600,19.0000,16.2500,18.8800,768134
2000-01-28,38.1900,39.5000,15.5000,18.0900,670167
2000-01-21,35.1300,39.8100,35.0000,39.0000,710500
2000-01-14,35.7500,36.2500,34.0000,35.0600,720800
