timestamp,open,high,low,close,volume
2013-06-06,31.0000,31.0200,30.9700,31.0200,1750160
2013-05-31,30.9700,31.0000,30.9400,30.9800,2697561
2013-05-24,30.9400,30.9900,30.9200,30.9700,1904939
2013-05-17,30.9700,31.0000,30.9200,30.9200,4103756
2013-05-10,31.0100,31.0600,30.9200,31.0000,4061050
2013-05-03,30.9600,31.1000,30.9100,31.0500,28230091
2013-04-26,25.6700,27.0899,25.1500,25.9000,1345432
2013-04-19,25.4800,25.7600,24.2468,25.5600,1078836
2013-04-12,24.5600,25.8292,24.0000,25.6600,1129350
2013-04-05,24.1500,24.5000,23.1100,24.4700,968210
2013-03-28,23.7700,24.4400,23.4700,24.1500,1152094
2013-03-22,23.0000,23.7300,22.7100,23.7000,478909
2013-03-15,22.9700,23.8599,22.7900,23.2600,1000324
2013-03-08,22.6100,23.1100,22.2700,23.0000,601837
2013-03-01,21.9200,22.8100,21.1400,22.6900,906643
2013-02-22,22.6500,22.7300,21.5500,21.8000,392563
2013-02-15,22.6200,23.0000,22.3300,22.6500,736458
2013-02-08,21.7500,23.8500,20.9800,22.6200,1895070
2013-02-01,21.5300,21.9500,20.0100,21.8800,1236907
2013-01-25,21.6100,21.7000,21.0000,21.5200,569325
2013-01-18,22.2600,22.3200,21.4200,21.6100,730584
2013-01-11,21.2600,22.4900,21.1000,22.3600,653667
2013-01-04,20.6900,21.6900,20.5800,21.4000,664752
2012-12-28,21.6900,22.1035,20.6200,20.6600,466489
2012-12-21,21.3900,22.4950,21.2415,21.7200,1699440
2012-12-14,20.7500,21.7300,20.6513,21.3000,876832
2012-12-07,20.9000,20.9100,20.4500,20.7500,1049306
2012-11-30,20.4700,22.1800,20.4700,20.8100,1753193
2012-11-23,20.4900,20.6200,20.0000,20.6200,646240
2012-11-16,19.8400,20.5600,19.5791,20.3500,1217846
2012-11-09,18.9000,20.1400,18.8500,19.8300,683898
2012-11-02,18.9000,20.0000,18.5700,18.9400,444321
2012-10-26,19.1500,19.3800,18.2700,18.9000,980573
2012-10-19,19.3200,19.9000,19.1400,19.1506,1460268
2012-10-12,20.1900,20.3500,19.2400,19.2700,622949
2012-10-05,20.4100,20.5200,20.1300,20.2100,403577
2012-09-28,20.4600,20.6200,20.1400,20.3100,862729
2012-09-21,20.4700,20.9600,16.8800,20.5500,797392
2012-09-14,20.5300,20.8500,19.7600,20.5600,925109
2012-09-07,19.0100,20.6000,18.9000,20.5800,971549
2012-08-31,18.4100,19.0900,18.1550,19.0100,572063
2012-08-24,19.4800,19.4800,18.0338,18.3600,614550
2012-08-17,18.3600,19.6000,18.0600,19.5800,820001
2012-08-10,19.5200,19.7900,18.2400,18.4100,834938
2012-08-03,19.7100,20.6400,18.2900,19.7000,2102737
2012-07-27,19.8500,20.6200,19.1700,20.5000,762262
2012-07-20,20.2700,20.6500,19.9200,20.2400,631280
2012-07-13,19.9700,20.5200,19.7800,20.3300,584628
2012-07-06,19.7900,20.5400,19.6800,20.0100,702687
2012-06-29,18.7000,20.0700,18.6800,19.8200,713800
2012-06-22,18.6900,19.3500,18.6700,19.0000,1060641
2012-06-15,18.4000,18.8800,17.9200,18.7900,1004847
2012-06-08,15.8500,18.4200,15.8100,18.3200,1210615
2012-06-01,16.8300,17.1000,15.9200,15.9500,822163
2012-05-25,16.8000,17.5200,16.5100,16.8300,708228
2012-05-18,17.0000,17.4200,16.6700,16.8000,1272133
2012-05-11,17.4800,17.5600,17.1000,17.2100,1781272
2012-05-04,16.0700,20.2000,15.9900,17.5400,6343893
2012-04-27,13.1200,15.7200,13.0000,15.1800,1824488
2012-04-20,13.6900,14.0300,13.2500,13.3600,766292
2012-04-13,14.1400,14.1400,13.4800,13.6200,779802
2012-04-05,14.3700,14.8700,14.0900,14.1400,691838
2012-03-30,14.8000,15.0500,14.3100,14.3800,1165966
2012-03-23,14.6600,15.2500,14.4000,14.6700,821590
2012-03-16,13.7500,14.9000,13.4600,14.7000,1040289
2012-03-09,13.9400,14.0500,13.3550,13.7500,473773
2012-03-02,13.7900,14.4800,13.4100,13.9900,1563002
2012-02-24,13.6000,14.0800,12.7400,13.9500,497422
2012-02-17,13.2400,13.6900,13.0000,13.6000,545089
2012-02-10,13.6700,13.8200,12.9200,13.0600,716455
2012-02-03,11.9300,13.9900,11.8300,13.6900,1278545
2012-01-27,11.5600,12.0350,11.3400,12.0200,523989
2012-01-20,11.8700,12.1700,11.4950,11.5500,921882
2012-01-13,12.6100,12.8000,11.5800,11.8700,1155724
2012-01-06,12.6400,12.9000,12.3100,12.5200,615037
2011-12-30,12.7500,12.9700,12.4900,12.6400,427567
2011-12-23,13.3700,13.8500,12.5850,12.7500,1628526
2011-12-16,13.0700,13.5400,12.5500,13.3000,1390134
2011-12-09,11.7100,13.2800,10.8600,13.2800,2290624
2011-12-02,10.4000,11.6100,10.4000,11.5500,1498780
2011-11-25,10.3700,11.0200,10.1000,10.1500,1085172
2011-11-18,11.4300,11.7700,10.5800,10.5900,791584
2011-11-11,11.4000,11.8400,11.0600,11.4600,557874
2011-11-04,11.6900,11.8300,10.8000,11.4500,869137
2011-10-28,11.6200,12.5500,10.6000,11.9600,1395818
2011-10-21,10.8700,11.6800,10.3900,11.5900,1041696
2011-10-14,10.6400,11.0400,10.3400,10.9500,751847
2011-10-07,10.3500,10.7100,9.6800,10.4300,886136
2011-09-30,10.4300,11.1200,9.7501,10.4700,738962
2011-09-23,10.9700,11.0100,10.0210,10.3600,1069519
2011-09-16,9.8300,11.3100,9.7600,11.2000,1441010
2011-09-09,9.7600,10.6400,9.7500,9.9800,706163
2011-09-02,10.4600,10.9000,9.9800,10.0500,705294
2011-08-26,10.7800,10.8700,10.0000,10.3500,1007519
2011-08-19,11.2700,11.5000,10.3800,10.5300,974787
2011-08-12,11.0800,11.4250,10.2300,11.1400,2405069
2011-08-05,11.4800,12.5200,10.5400,11.4100,2937769
2011-07-29,11.7700,11.8100,11.1500,11.3900,1072480
2011-07-22,11.5100,12.1500,11.4500,11.9000,1159199
2011-07-15,11.6200,12.7300,11.2000,11.5000,1434363
2011-07-08,11.6500,12.0000,11.5100,11.7900,974438
2011-07-01,10.7300,11.7700,10.6400,11.6800,3793710
2011-06-24,11.5700,11.7400,10.3100,10.6900,3696494
2011-06-17,12.1500,12.5000,11.5600,11.5900,1214853
2011-06-10,12.7000,13.3100,12.1100,12.1600,1487594
2011-06-03,12.6800,12.9300,12.3300,12.7200,1242060
2011-05-27,12.0900,12.6200,12.0100,12.5000,717428
2011-05-20,12.7400,12.7400,12.1100,12.2700,1154176
2011-05-13,14.8100,15.2800,12.0600,12.7450,2758433
2011-05-06,15.5100,15.5100,14.3000,14.8100,703307
2011-04-29,15.0100,15.7000,14.7300,15.4300,580636
2011-04-21,15.0500,15.2400,14.6500,15.0600,577280
2011-04-15,14.7000,15.2600,14.0100,15.2200,1071064
2011-04-08,14.7500,14.9300,14.0000,14.7450,737877
2011-04-01,13.6400,14.7700,13.5600,14.7400,1457005
2011-03-25,13.1500,13.6700,12.7700,13.5700,1210110
2011-03-18,13.4200,13.4700,12.5600,13.0300,1171745
2011-03-11,14.1700,14.1900,13.3000,13.5900,1218480
2011-03-04,14.2300,14.4500,13.8600,14.1100,1276119
2011-02-25,14.7300,15.0000,13.5300,14.1900,1729376
2011-02-18,14.6100,15.4400,14.2500,14.9400,1208360
2011-02-11,14.4900,14.8400,13.9800,14.6600,829643
2011-02-04,13.6200,14.6600,13.4500,14.5000,993576
2011-01-28,13.5100,13.9100,13.1680,13.5500,998005
2011-01-21,14.0300,14.4700,13.0900,13.5100,717096
2011-01-14,13.2300,14.5000,12.9700,14.0700,1549811
2011-01-07,13.9500,14.1300,12.7208,13.3000,2159752
2010-12-31,13.4500,14.3200,13.4500,13.8000,655253
2010-12-23,13.4600,13.9300,13.3200,13.5200,386169
2010-12-17,13.6800,13.7000,13.0500,13.3700,1121782
2010-12-10,13.2500,13.7500,13.0200,13.6000,1802890
2010-12-03,13.4000,13.5500,13.0100,13.3100,947420
2010-11-26,13.8500,13.9900,13.3700,13.3700,638296
2010-11-19,14.7000,14.8300,13.7500,13.9000,1136020
2010-11-12,14.8500,15.7800,14.6100,14.6900,1715547
2010-11-05,14.2100,14.9500,13.5695,14.9500,1268369
2010-10-29,14.1500,14.2500,13.1400,14.2100,1904588
2010-10-22,14.4800,15.0000,14.0000,14.0500,1072191
2010-10-15,14.4000,14.7100,14.0700,14.4200,795211
2010-10-08,13.3600,14.5200,13.0400,14.4100,1620404
2010-10-01,13.6900,14.1100,13.3600,13.3800,1079419
2010-09-24,14.5300,15.1500,13.6400,13.7100,1510171
2010-09-17,14.1600,14.7500,14.1500,14.5200,894407
2010-09-10,13.9400,14.1400,13.7500,14.0300,495593
2010-09-03,13.8100,14.3800,13.6900,13.9700,1598305
2010-08-27,13.5900,13.8800,12.9800,13.8200,861782
2010-08-20,13.3700,13.8400,13.1100,13.5200,1454296
2010-08-13,13.4900,13.7800,12.9200,13.4400,1362320
2010-08-06,13.6900,13.9000,12.6300,13.5000,2007880
2010-07-30,13.4100,14.2300,13.2700,13.5100,1801345
2010-07-23,12.5700,13.2100,12.3000,13.0200,1839059
2010-07-16,12.6600,13.1600,12.2500,12.5900,3528433
2010-07-09,15.9100,16.1800,12.2500,12.6700,9275535
2010-07-02,16.3300,16.3800,15.0100,15.7400,2519152
2010-06-25,17.3800,17.7400,16.0500,16.2000,1400583
2010-06-18,17.2200,17.5400,16.7700,17.1500,1077740
2010-06-11,16.1400,17.1000,15.6800,17.0500,2534936
2010-06-04,16.5500,17.0600,16.0600,16.1600,2232186
2010-05-28,16.9200,17.4500,16.6100,16.6900,1577729
2010-05-21,18.6200,19.0400,16.7600,16.9600,1736669
2010-05-14,18.5900,19.2500,18.1200,18.5000,1366772
2010-05-07,18.9600,19.0600,17.4100,17.7800,2563469
2010-04-30,18.6000,19.1500,18.4800,18.9400,2037134
2010-04-23,19.0000,19.3800,17.2900,18.6300,5018170
2010-04-16,19.3800,19.5000,18.6430,19.0200,2371400
2010-04-09,19.8400,20.0900,18.9600,19.4000,1551324
2010-04-01,20.6000,20.9900,19.6100,19.8400,1186847
2010-03-26,21.0200,21.2800,20.4000,20.4900,1214713
2010-03-19,21.0700,21.2200,20.7800,21.1100,1643404
2010-03-12,21.4300,21.6700,20.9600,21.2100,1432545
2010-03-05,19.6300,21.3700,19.4600,21.3500,1565060
2010-02-26,22.2000,22.2900,19.3600,19.6300,2468482
2010-02-19,21.5900,22.4400,21.2500,22.2000,1215878
2010-02-12,20.1400,21.5550,20.0700,21.4200,2249502
2010-02-05,19.4100,20.1500,19.2700,20.0900,1588367
2010-01-29,19.4800,19.9400,19.2700,19.4100,1490349
2010-01-22,19.3200,20.4500,19.3200,19.4200,1441929
2010-01-15,18.2400,19.6900,17.9800,19.4700,1348642
2010-01-08,19.0000,19.1900,17.8900,18.2200,697935
2009-12-31,19.3200,19.4700,18.6900,18.7600,352684
2009-12-24,18.5000,19.7500,18.3300,19.3700,681693
2009-12-18,18.5000,18.9900,18.2300,18.4700,879339
2009-12-11,18.6900,18.7500,18.0000,18.3900,605221
2009-12-04,16.8600,18.8000,16.6700,18.4300,1239555
2009-11-27,17.3300,18.0000,17.0400,17.2200,921630
2009-11-20,16.8500,17.3350,16.6300,17.2000,1289640
2009-11-13,17.1800,17.4100,16.7900,17.0000,1310777
2009-11-06,17.6200,18.0900,16.6700,17.1400,2395973
2009-10-30,18.8000,19.1900,17.5300,17.5400,1415343
2009-10-23,19.7200,20.0000,18.7500,18.7900,1983452
2009-10-16,19.0400,19.8800,18.6700,19.6000,1169507
2009-10-09,17.0400,19.1800,16.4100,19.0600,1135904
2009-10-02,18.8000,19.0500,17.3600,17.3700,808375
2009-09-25,18.4800,19.3000,18.1300,18.6500,1219926
2009-09-18,18.8500,18.9900,18.4700,18.4800,1009852
2009-09-11,18.6000,19.0000,18.4800,18.8600,771482
2009-09-04,18.1800,18.7300,17.6400,18.3500,921125
2009-08-28,18.6800,19.0000,17.8100,18.2900,933471
2009-08-21,17.7900,18.7000,17.3900,18.6900,1069159
2009-08-14,17.4900,18.7399,17.2900,18.0300,1136196
2009-08-07,16.8700,18.2600,16.6900,17.6500,1329548
2009-07-31,16.6600,17.1600,16.2300,16.7900,774773
2009-07-24,17.1500,17.8900,15.9000,16.6900,2130445
2009-07-17,16.2900,17.4600,15.9300,17.0100,925262
2009-07-10,16.7500,17.0300,16.1400,16.2500,1241377
2009-07-02,16.8700,17.4800,16.4400,16.8200,1419659
2009-06-26,16.3900,17.1900,16.1200,16.9200,1272366
2009-06-19,16.2500,16.6100,15.7600,16.5500,1669053
2009-06-12,16.0300,16.6000,15.2800,16.4200,1106023
2009-06-05,15.9400,16.5400,15.6900,16.2000,1515289
2009-05-29,14.9200,15.9000,14.7500,15.8500,982310
2009-05-22,14.1000,15.7700,13.8400,15.0100,1907757
2009-05-15,14.0000,14.4000,13.4200,13.9700,783490
2009-05-08,13.4400,14.3800,13.2500,14.2600,1083681
2009-05-01,13.6100,14.1580,13.1300,13.2400,1465270
2009-04-24,12.3900,14.6600,11.7600,13.8300,2163579
2009-04-17,11.7000,12.9199,10.8000,12.6400,1539116
2009-04-09,11.6100,11.9900,10.8600,11.8800,889442
2009-04-03,12.3600,12.8500,11.1300,11.7300,1354028
2009-03-27,11.6000,12.8300,11.0600,12.6600,1156163
2009-03-20,12.0500,12.1700,11.2500,11.3200,1057820
2009-03-13,10.4900,12.0400,10.2600,11.9700,1403372
2009-03-06,11.0400,11.3500,10.3000,10.5700,2640985
2009-02-27,12.0000,12.5400,11.0600,11.2300,2618059
2009-02-20,14.4300,14.4300,11.2500,11.9600,3054540
2009-02-13,14.9500,14.9900,12.9700,13.5500,1337742
2009-02-06,14.2100,14.9000,14.0200,14.6100,933791
2009-01-30,13.8500,14.7400,13.4100,14.3600,1216660
2009-01-23,13.7200,14.1600,12.9800,13.8500,1051163
2009-01-16,13.3900,14.0300,12.6380,13.8700,912871
2009-01-09,15.8600,16.0000,13.4000,13.4500,1250647
2009-01-02,15.3800,15.9000,14.3800,15.8200,738477
2008-12-26,15.7200,16.0400,14.8800,15.4200,506231
2008-12-19,14.7000,16.4000,13.8800,15.6000,1461518
2008-12-12,15.0900,15.8800,14.1000,14.6800,1411989
2008-12-05,14.3000,14.9000,12.1300,14.8800,1941162
2008-11-28,12.6200,15.3900,12.4000,14.7000,1320125
2008-11-21,13.8700,14.4600,11.5800,12.5200,2238542
2008-11-14,15.2800,15.9900,13.2700,14.0000,1751370
2008-11-07,16.2200,17.4000,14.2800,14.9500,2593722
2008-10-31,10.1800,16.7100,9.0100,16.2000,4575388
2008-10-24,12.4800,12.9000,10.2000,10.2800,1830766
2008-10-17,12.4800,14.1930,11.6800,14.1930,1871319
2008-10-10,15.5900,15.6000,10.9000,11.8700,3404423
2008-10-03,17.0300,17.1500,15.3000,15.7300,1450453
2008-09-26,16.9400,17.4200,15.6200,17.1400,1804039
2008-09-19,15.8200,18.4900,15.5900,17.0000,3951926
2008-09-12,16.7300,17.0300,15.9100,16.0100,2613252
2008-09-05,17.0800,17.4900,16.0300,16.4000,1238078
2008-08-29,17.3600,17.8800,16.7500,16.9000,1029886
2008-08-22,18.5000,18.9800,17.2900,17.4100,1143896
2008-08-15,17.9500,19.0000,17.8600,18.5000,1471034
2008-08-08,17.2000,17.9800,16.3100,17.9200,2329865
2008-08-01,17.8900,18.0000,16.9500,17.2800,2067265
2008-07-25,19.9100,20.3700,16.8500,17.9000,4049932
2008-07-18,18.5400,20.0700,18.2500,19.7900,2242550
2008-07-11,18.6000,18.7700,17.8900,18.4700,1427653
2008-07-03,18.8400,19.0400,18.1300,18.6000,967340
2008-06-27,18.1100,19.1760,17.3300,18.8700,1419682
2008-06-20,18.1000,18.2400,17.1000,17.9800,1527111
2008-06-13,17.8800,18.6800,17.3950,18.2100,1419553
2008-06-06,18.9300,18.9300,17.7900,17.8700,1590901
2008-05-30,18.4000,19.0800,18.1800,18.9800,1062373
2008-05-23,18.8100,19.0000,17.9600,18.3400,1535576
2008-05-16,16.8000,19.0600,16.3800,18.8500,2970341
2008-05-09,17.8000,17.8000,16.4300,16.7500,3186777
2008-05-02,18.1400,18.8000,17.4500,17.6900,1770847
2008-04-25,18.0300,18.6100,16.9000,18.0900,1305300
2008-04-18,18.2600,18.5900,17.4500,18.1500,2245080
2008-04-11,19.2500,20.0000,18.0500,18.3000,1935994
2008-04-04,18.3400,19.4500,18.0700,19.1700,1360827
2008-03-28,17.0400,18.9700,16.9100,18.2700,1776711
2008-03-20,15.0000,17.1800,14.5500,16.8700,2871574
2008-03-14,16.6500,17.1400,15.2700,15.3400,2611136
2008-03-07,17.0700,17.4600,16.3400,16.5900,1912256
2008-02-29,17.0200,18.1700,16.7800,17.0600,1982764
2008-02-22,17.7000,18.5400,16.7500,16.9900,1998958
2008-02-15,15.8300,18.0600,15.5500,17.4000,2446276
2008-02-08,16.7300,17.0000,15.5100,15.8500,1159268
2008-02-01,13.9800,17.7900,13.9600,16.8100,4056037
2008-01-25,14.6000,15.7800,13.8000,13.9700,1795616
2008-01-18,17.1900,17.1900,14.7000,15.0200,2157841
2008-01-11,17.8400,18.2400,16.1100,17.0400,2839491
2008-01-04,19.2300,19.9300,17.6200,17.7400,1924622
2007-12-28,19.7800,20.0600,18.8500,19.3600,778875
2007-12-21,19.8800,20.0500,18.2500,19.6300,1402442
2007-12-14,20.9200,20.9800,19.2600,19.6800,2248900
2007-12-07,20.1900,22.2200,19.5000,20.9100,2571350
2007-11-30,19.1700,20.2200,18.8900,20.0900,1098634
2007-11-23,18.7800,19.4500,17.8700,19.1100,1279623
2007-11-16,19.5200,20.1700,18.7400,19.6800,1287586
2007-11-09,20.9200,21.3400,18.9800,19.5000,1816043
2007-11-02,20.3200,21.9900,20.1300,21.2700,2231099
2007-10-26,19.6000,20.4600,18.7800,20.2800,1537367
2007-10-19,20.3300,20.7100,19.5000,19.7000,871264
2007-10-12,20.6500,20.9700,19.7900,20.3600,1045900
2007-10-05,18.9200,20.9700,18.9200,20.6500,1506234
2007-09-28,18.7600,19.7000,18.5400,18.9800,1623768
2007-09-21,18.0200,19.1600,17.9400,18.6900,878000
2007-09-14,17.0000,18.2100,16.4900,18.0400,778792
2007-09-07,17.4100,18.0000,16.8300,16.9300,664777
2007-08-31,16.6800,17.7300,16.6500,17.5000,1081681
2007-08-24,17.4800,17.6700,16.4400,16.9900,1483733
2007-08-17,18.8000,18.8000,16.4000,17.4500,2969399
2007-08-10,16.3700,20.3800,15.7100,18.6800,4890057
2007-08-03,16.9800,17.9900,15.9800,16.3000,2651914
2007-07-27,19.7900,20.0400,14.6800,16.8100,4531055
2007-07-20,20.0100,20.3700,19.3900,19.7500,1157201
2007-07-13,19.6000,20.2100,19.1200,20.1100,1399771
2007-07-06,19.3500,20.0600,19.0700,19.6300,901897
2007-06-29,18.6000,19.7500,18.0300,19.3700,1531602
2007-06-22,19.1100,19.6500,18.6900,18.6900,1397837
2007-06-15,19.0100,19.1200,18.1400,19.1000,1651575
2007-06-08,18.6500,19.5000,18.5000,18.9900,1850067
2007-06-01,18.7400,18.9500,18.2800,18.6500,1460953
2007-05-25,18.0000,19.0700,18.0000,18.6900,2123717
2007-05-18,18.1800,18.5800,17.1200,17.6700,2695752
2007-05-11,19.2400,19.3000,17.8900,18.2200,2369193
2007-05-04,21.1600,21.1600,18.5500,19.2900,2796498
2007-04-27,21.7900,21.9400,20.9200,21.1500,1115426
2007-04-20,20.7100,21.9400,20.6300,21.8400,900595
2007-04-13,20.8500,20.8900,19.8400,20.6800,1403036
2007-04-05,20.0000,21.2500,19.8300,20.8700,1077845
2007-03-30,19.8400,20.0300,19.1600,20.0000,900714
2007-03-23,18.9900,20.0100,18.8700,19.9100,991539
2007-03-16,18.7900,19.0900,17.7100,18.9400,1511953
2007-03-09,18.0400,18.9700,18.0400,18.7500,1624120
2007-03-02,20.2200,20.5000,18.0400,18.0600,4424854
2007-02-23,21.9400,22.4000,21.7700,22.1400,843472
2007-02-16,22.1900,22.5000,21.2500,21.9700,1433683
2007-02-09,22.5400,22.6900,20.8100,22.1000,3028526
2007-02-02,22.6500,23.6900,22.2800,22.6100,659274
2007-01-26,22.2000,23.0100,21.7700,22.6600,505487
2007-01-19,21.3100,22.4300,21.2500,22.2700,827218
2007-01-12,20.1100,21.2900,19.8900,21.2500,478938
2007-01-05,21.4000,21.9700,19.8400,20.1000,706543
2006-12-29,21.3400,22.0400,20.9000,21.2900,406027
2006-12-22,22.1100,22.4500,20.8500,21.4000,963386
2006-12-15,21.9100,22.5999,20.9300,21.9900,851152
2006-12-08,22.4900,23.1400,20.3600,21.9400,1752467
2006-12-01,22.9400,23.3400,21.5400,22.4100,1242313
2006-11-24,22.0500,23.2900,22.0000,22.9700,959551
2006-11-17,21.0000,22.3600,20.9400,22.1200,1502440
2006-11-10,19.9900,21.2200,19.9000,20.9800,1052378
2006-11-03,20.1300,21.0700,19.1400,19.9400,1346332
2006-10-27,19.3000,20.1800,18.1200,20.1100,1486887
2006-10-20,18.3100,19.5100,18.2100,19.2800,1300873
2006-10-13,17.8800,18.7500,17.6100,18.7500,777244
2006-10-06,17.7200,18.9800,16.8500,18.9800,1036748
2006-09-29,17.1200,18.2500,16.8000,17.6900,570053
2006-09-22,18.2300,18.2300,16.7200,17.1000,889915
2006-09-15,16.9700,18.4000,16.2300,18.2100,1461655
2006-09-08,17.5500,17.6000,16.3400,16.9900,631417
2006-09-01,16.9500,18.0000,16.7200,17.6000,1192886
2006-08-25,16.9000,17.2000,16.2000,17.0000,484462
2006-08-18,15.6300,17.6200,15.2700,17.0600,1569631
2006-08-11,15.4600,15.9700,14.9900,15.5600,816148
2006-08-04,14.8400,15.7400,14.3300,15.5400,1097256
2006-07-28,12.3000,15.7400,12.2300,15.0800,1570144
2006-07-21,12.3000,12.4400,11.7000,12.3200,1350226
2006-07-14,13.8400,13.8400,12.3000,12.3600,1109811
2006-07-07,13.6700,14.2400,13.5000,13.8000,676490
2006-06-30,13.9800,15.0000,13.6400,13.6400,2127875
2006-06-23,12.7800,13.9800,12.5000,13.9500,639177
2006-06-16,13.7700,13.7700,12.7100,12.7500,1226378
2006-06-09,13.5300,14.0000,12.6300,13.7900,1352269
2006-06-02,13.3800,13.8500,12.9000,13.6100,468572
2006-05-26,14.2600,14.6600,12.6800,13.3800,1228398
2006-05-19,14.8200,14.8900,13.8200,14.4000,1080180
2006-05-12,14.9300,15.8400,14.6500,14.7300,1594409
2006-05-05,13.7700,14.8800,13.5500,14.6900,736004
2006-04-28,13.5400,14.5500,13.1200,13.7400,1304153
2006-04-21,13.2700,13.5400,12.9700,13.5000,500408
2006-04-13,13.5600,13.6500,12.5000,13.3000,346611
2006-04-07,13.3200,14.3700,13.0900,13.7600,1228504
2006-03-31,13.4200,13.5100,12.6500,13.1100,1004980
2006-03-24,13.7900,13.9200,13.2600,13.4200,563197
2006-03-17,13.1600,13.9400,13.0000,13.7500,480475
2006-03-10,14.2600,14.2700,12.8000,13.1300,680169
2006-03-03,14.5000,14.6900,14.1100,14.4400,866330
2006-02-24,14.1200,14.9900,14.0500,14.4700,666936
2006-02-17,14.9100,15.8800,14.1000,14.8900,2089946
2006-02-10,16.2700,16.4200,14.5300,14.7600,995781
2006-02-03,16.3700,16.6300,15.9470,16.2700,737170
2006-01-27,15.6500,16.9700,14.5500,16.2900,1292037
2006-01-20,14.9000,16.1600,14.7000,15.5300,1133133
2006-01-13,13.7100,15.0600,13.7100,14.9000,1046534
2006-01-06,12.6200,13.9800,11.7180,13.5900,1941683
2005-12-30,13.4300,13.7600,12.4400,12.6200,644249
2005-12-23,13.2600,14.2000,13.0200,13.4100,564953
2005-12-16,14.3700,14.8100,12.9000,13.2000,1604145
2005-12-09,15.1700,15.7500,14.1400,14.4300,1456430
2005-12-02,14.9800,15.9500,14.9800,15.4000,1963822
2005-11-25,14.6200,15.2000,14.3700,14.9500,997544
2005-11-18,13.2200,14.8900,13.2100,14.6500,3620884
2005-11-11,10.3900,13.3800,10.1900,13.3500,2781851
2005-11-04,10.1000,10.5000,10.0700,10.4300,1263634
2005-10-28,9.9800,10.6000,9.8600,10.2600,899771
2005-10-21,9.9900,10.2400,9.7700,9.9600,425407
2005-10-14,10.2700,10.2800,8.8400,10.0200,945411
2005-10-07,11.6000,11.8000,9.9000,10.3700,684968
2005-09-30,10.7500,11.8700,10.7200,11.6000,688376
2005-09-23,11.1800,11.8400,10.3000,10.7000,838218
2005-09-16,11.4700,12.2400,11.1900,11.2000,998203
2005-09-09,10.4900,11.8700,10.4400,11.4700,1015753
2005-09-02,10.0000,10.5200,9.9900,10.4900,482102
2005-08-26,10.4000,11.0000,9.8400,10.0100,1024871
2005-08-19,9.7700,11.1600,9.7700,10.4300,1813669
2005-08-12,8.1300,10.4200,7.5000,9.7700,2524235
2005-08-05,7.9100,8.2200,7.8100,8.0400,1433158
2005-07-29,8.0000,8.4800,7.6200,7.9900,961054
2005-07-22,8.3000,9.1000,7.9100,8.4800,1545444
2005-07-15,6.1500,8.8600,6.1500,8.2200,5107245
2005-07-08,5.7500,6.1000,5.6500,5.9400,448541
2005-07-01,5.6600,5.8200,5.2500,5.7600,1724773
2005-06-24,6.4500,6.8700,5.5500,5.6500,2212098
2005-06-17,5.7000,6.4400,5.6440,6.3900,1189961
2005-06-10,6.0000,6.2900,5.3600,5.6000,1967775
2005-06-03,5.3900,5.4100,5.0900,5.1500,479036
2005-05-27,5.7500,5.9200,5.2900,5.3500,707511
2005-05-20,5.8300,6.0500,5.7110,5.8000,871101
2005-05-13,6.1100,6.2100,5.6300,5.8900,1434914
2005-05-06,6.1700,6.3800,5.9600,6.1500,1125507
2005-04-29,7.2000,7.5000,5.9100,6.1100,2578202
2005-04-22,7.5800,7.8300,7.2000,7.2500,865469
2005-04-15,8.1100,8.1500,7.4200,7.5800,836092
2005-04-08,7.5600,8.1700,7.5600,8.0200,557636
2005-04-01,7.7600,7.9500,7.5500,7.7200,751701
2005-03-24,7.6200,8.0500,7.5500,7.8800,480529
2005-03-18,8.1300,8.2500,7.5200,7.5500,925724
2005-03-11,8.0400,8.4000,7.9200,8.0100,657843
2005-03-04,7.7800,8.5600,7.5600,8.1200,1033845
2005-02-25,7.6900,7.8000,7.4100,7.7500,672714
2005-02-18,7.6000,7.8500,7.4400,7.7000,793773
2005-02-11,7.5400,7.8000,6.9800,7.5800,762448
2005-02-04,7.1000,7.5500,6.9500,7.4100,696135
2005-01-28,7.3500,7.5400,6.9500,6.9900,1135430
2005-01-21,7.5700,7.5700,6.8400,7.4200,1492477
2005-01-14,7.9300,8.0700,7.5000,7.5800,1407369
2005-01-07,8.1500,8.7000,7.8400,7.9500,1370408
2004-12-31,8.3200,8.5300,8.0500,8.1150,736078
2004-12-23,8.3200,8.7400,8.0200,8.3000,933235
2004-12-17,8.4800,8.6300,8.1500,8.2200,1265715
2004-12-10,9.0000,9.0000,8.3200,8.3900,1183311
2004-12-03,8.9000,9.2200,8.6100,9.0000,1074373
2004-11-26,9.4400,9.4400,8.7300,8.8800,788134
2004-11-19,10.5800,11.2000,9.3000,9.3700,1257577
2004-11-12,10.5500,11.5500,10.0700,10.7900,1459307
2004-11-05,8.5200,10.8900,8.5000,10.6200,2196699
2004-10-29,8.3100,8.8000,8.1900,8.5650,679590
2004-10-22,8.6800,8.9300,8.3000,8.3000,616189
2004-10-15,8.9400,9.4500,8.4000,8.6000,720034
2004-10-08,9.3100,9.4800,8.4500,8.7900,1183022
2004-10-01,9.5900,9.7800,8.3900,9.4200,1526187
2004-09-24,10.1300,10.1300,9.3800,9.6000,490365
2004-09-17,9.1200,10.5000,9.1200,10.1400,1577186
2004-09-10,8.9900,9.3000,8.9100,9.0300,633295
2004-09-03,9.5000,9.7400,8.8200,9.0500,531314
2004-08-27,9.2000,9.8500,8.7000,9.5300,893161
2004-08-20,8.5500,9.2600,8.1200,9.1100,1147126
2004-08-13,8.8100,9.0200,8.0600,8.4800,816040
2004-08-06,9.7700,9.8000,8.6800,8.6800,1186231
2004-07-30,9.3600,10.1700,8.9600,9.7500,1358372
2004-07-23,9.7000,10.2800,9.1000,9.3500,896828
2004-07-16,10.6000,10.7200,9.3800,9.7000,1121907
2004-07-09,11.7500,12.0500,10.4600,10.6500,671132
2004-07-02,11.5200,12.7900,10.8100,11.7100,1304504
2004-06-25,10.9800,11.7000,10.8500,11.3300,652338
2004-06-18,10.3000,11.1200,10.2000,11.0100,1457052
2004-06-10,10.3500,10.4500,9.8300,10.0800,1049819
2004-06-04,10.3300,10.5300,10.0700,10.2400,626348
2004-05-28,11.4000,11.4000,10.0000,10.4300,1400556
2004-05-21,10.5500,12.0000,9.9400,11.2200,1765054
2004-05-14,11.1500,11.1500,10.2500,10.3800,1072274
2004-05-07,11.7800,11.8100,10.9400,11.1000,933267
2004-04-30,12.9000,13.1900,11.4700,11.5000,1505707
2004-04-23,13.3000,14.3500,12.6300,12.9500,2008186
2004-04-16,13.1000,13.5100,12.4510,13.2900,875985
2004-04-08,12.4000,13.2000,12.2100,13.0700,713159
2004-04-02,11.5400,12.6000,11.4800,12.3000,1341757
2004-03-26,12.0000,12.2300,10.9900,11.5600,975841
2004-03-19,12.9900,13.0600,11.5900,12.1000,1380553
2004-03-12,12.9000,14.6700,12.4900,12.9900,2428830
2004-03-05,9.2800,14.8900,9.2500,12.7500,5048864
2004-02-27,9.5000,9.9000,8.8100,9.2700,3446326
2004-02-20,9.6000,10.3500,9.2900,9.5000,1319827
2004-02-13,9.4200,10.6000,8.8900,9.6400,1556810
2004-02-06,10.1000,10.1000,9.0000,9.3800,880162
2004-01-30,9.3300,10.2390,9.3200,10.0000,1927331
2004-01-23,9.5000,9.8900,9.2700,9.4500,1394201
2004-01-16,10.4600,10.5900,9.3400,9.5200,1461621
2004-01-09,10.4100,11.0200,10.2500,10.4800,1242581
2004-01-02,10.4000,11.2600,10.1700,10.5100,757765
2003-12-26,10.1100,10.6100,10.0200,10.5090,450647
2003-12-19,10.5000,10.5900,9.1500,10.1500,1719158
2003-12-12,11.7400,11.9000,9.5500,10.4500,3365493
2003-12-05,12.9000,13.1000,11.5200,11.7410,1664442
2003-11-28,13.1700,13.4100,12.7100,12.9900,442163
2003-11-21,12.8900,13.5000,12.6800,13.1100,991062
2003-11-14,13.8800,14.2300,12.7300,13.1090,1344707
2003-11-07,12.2100,14.3000,12.1200,13.7010,1286006
2003-10-31,11.9300,13.4800,11.5000,13.1600,2738181
2003-10-24,12.0350,12.2500,11.4600,11.8400,743338
2003-10-17,13.3000,13.6500,11.6200,12.0100,2193064
2003-10-10,12.7000,13.5500,12.6600,13.1900,1815117
2003-10-03,13.4000,13.9400,12.3200,12.6500,1941172
2003-09-26,16.5300,16.9000,12.7500,13.2900,1782715
2003-09-19,16.3500,16.9100,16.3500,16.6500,564913
2003-09-12,16.6900,17.1600,16.2700,16.4700,698648
2003-09-05,16.2200,16.9600,15.8300,16.6700,485803
2003-08-29,16.7000,17.0740,15.7400,16.2100,1144439
2003-08-22,16.8000,17.4000,16.0000,16.7300,1503839
2003-08-15,15.9500,17.7000,15.8600,16.9800,1271465
2003-08-08,16.3000,16.8700,15.5600,15.9100,1052637
2003-08-01,14.7800,18.2500,14.7800,16.3800,4264535
2003-07-25,15.5700,16.5000,14.1900,14.7100,1285904
2003-07-18,15.0800,16.3500,14.9300,15.4700,1494294
2003-07-11,14.2200,15.8400,14.2200,15.1100,1542695
2003-07-03,14.9500,15.2200,13.8500,14.2300,992974
2003-06-27,13.0800,15.4400,12.8100,14.9800,2089954
2003-06-20,13.8700,14.4000,12.0400,13.1500,2277431
2003-06-13,14.3400,14.7500,13.1900,13.9300,1714804
2003-06-06,14.2900,17.0000,13.7900,14.5100,2483572
2003-05-30,13.6600,15.3020,13.6600,14.3400,2053612
2003-05-23,12.0700,14.8700,11.9500,13.7000,4556578
2003-05-16,11.5500,12.6200,11.1900,12.3900,2201813
2003-05-09,9.6900,12.1200,8.5700,11.3000,3328739
2003-05-02,10.7000,10.9100,9.3100,9.7200,1376279
2003-04-25,10.3700,11.0100,9.9000,10.8600,1367195
2003-04-17,10.3600,10.5000,9.6300,10.0500,1491464
2003-04-11,8.8500,10.8700,8.4800,10.3700,2471111
2003-04-04,9.2600,9.4000,8.6600,8.7100,1793975
2003-03-28,8.6300,9.4400,8.1400,9.2700,1266843
2003-03-21,7.7600,8.9500,7.4000,8.9500,1180998
2003-03-14,7.3800,8.1700,7.2500,7.8600,822285
2003-03-07,7.4800,8.3900,6.7600,7.3000,1088953
2003-02-28,7.7000,7.9500,6.7500,7.5000,2408783
2003-02-21,7.1000,7.6600,6.5000,7.6600,737196
2003-02-14,7.0000,7.6500,6.8000,7.1200,804756
2003-02-07,8.6800,8.6800,6.9800,7.5400,1648445
2003-01-31,8.2500,9.0200,6.8700,8.5000,1825648
2003-01-24,9.2300,10.0000,7.9000,8.2400,1288853
2003-01-17,10.6000,10.7800,8.5300,9.1600,4137564
2003-01-10,12.0000,12.0000,9.8000,10.5000,1942586
2003-01-03,12.8000,12.9400,11.2500,11.9300,924715
2002-12-27,12.4500,13.1500,12.4000,12.9600,280693
2002-12-20,12.0700,13.1200,12.0000,12.5800,1427657
2002-12-13,13.4500,13.4500,11.9400,12.1410,929602
2002-12-06,13.9600,14.4500,12.6000,13.2400,1053447
2002-11-29,13.8900,14.5900,12.9000,13.8700,2000050
2002-11-22,14.0000,14.2000,13.0000,13.7500,752129
2002-11-15,12.7400,14.3000,12.2200,13.8400,1706446
2002-11-08,14.4800,14.9900,12.5000,12.6500,3213851
2002-11-01,15.2000,15.8300,13.7000,14.3500,1122246
2002-10-25,15.6800,16.0100,15.3600,15.7000,548569
2002-10-18,15.0900,15.8800,14.7000,15.6800,815393
2002-10-11,14.5500,15.1400,14.2000,15.0900,598416
2002-10-04,15.2400,15.4800,14.3900,14.5000,1149712
2002-09-27,14.7200,15.4500,14.2600,15.2200,966880
2002-09-20,15.2900,15.5500,14.5300,14.7500,624478
2002-09-13,15.2500,15.6000,14.9000,15.2900,507755
2002-09-06,14.8100,15.4100,14.2500,15.4100,402846
2002-08-30,15.1000,15.9500,14.8000,14.8100,723313
2002-08-23,13.5500,15.0100,13.3000,15.0100,446416
2002-08-16,13.4990,13.8500,13.0000,13.2600,533600
2002-08-09,12.1000,13.5900,11.7200,13.5300,861140
2002-08-02,13.6000,14.0000,11.9200,12.9900,805330
2002-07-26,12.6000,14.4600,10.7600,14.1300,3065328
2002-07-19,15.5300,15.5300,12.5000,12.6000,1523200
2002-07-12,16.0400,16.2990,14.7200,15.2800,899900
2002-07-05,16.5900,16.6000,14.3100,16.0400,729100
2002-06-28,16.0100,16.6500,15.8600,16.4900,1213800
2002-06-21,16.9200,17.5000,15.4000,16.0500,2724500
2002-06-14,18.4700,18.5000,16.4400,16.9100,733800
2002-06-07,18.9000,18.9000,17.1200,18.4700,621800
2002-05-31,18.6000,19.2900,17.1100,18.5400,513300
2002-05-24,16.7800,19.4790,15.7000,18.6000,1304500
2002-05-17,18.0900,18.6900,15.6000,16.8500,682700
2002-05-10,19.9400,20.2000,18.0700,18.1500,359700
2002-05-03,18.1000,20.2400,17.5000,20.0800,566300
2002-04-26,19.0400,21.0300,18.1000,18.1500,493200
2002-04-19,19.0400,19.6100,18.3700,18.9000,1051900
2002-04-12,19.3500,20.0000,18.5200,18.9000,755700
2002-04-05,21.7100,21.8800,19.3500,19.3600,458100
2002-03-28,22.9500,23.0000,21.3800,21.5500,418100
2002-03-22,18.3900,23.1200,18.0000,22.7700,908400
2002-03-15,18.8500,18.9000,17.7500,18.3600,1240600
2002-03-08,18.7100,19.1000,17.2100,18.8200,399000
2002-03-01,18.7900,19.3000,18.7100,18.8500,264500
2002-02-22,19.4600,19.4600,18.4600,18.9500,158100
2002-02-15,19.9000,20.4700,19.2600,19.9400,111800
2002-02-08,20.0700,20.4500,19.2000,19.9900,533600
2002-02-01,20.1500,20.8400,19.7100,20.1700,549200
2002-01-25,21.5000,21.5000,18.2200,20.2000,373200
2002-01-18,22.8100,23.0600,20.5200,21.3600,564400
2002-01-11,22.9400,23.1000,20.3700,22.6800,734900
2002-01-04,23.4600,24.6500,22.2100,22.7000,610200
2001-12-28,23.0800,25.9580,22.8300,23.4800,680900
2001-12-21,21.9300,24.7400,21.4500,23.3900,563100
2001-12-14,21.5000,23.1800,21.3000,21.9500,237300
2001-12-07,19.0000,22.0200,18.8000,21.4900,745300
2001-11-30,16.8800,19.9800,16.5000,18.9800,1182700
2001-11-23,18.1000,18.2500,16.5100,16.9800,93800
2001-11-16,18.5500,18.7100,17.1500,17.9500,411900
2001-11-09,15.2400,18.9500,14.9800,18.6900,1063400
2001-11-02,15.6000,15.7100,14.4900,15.2000,432600
2001-10-26,15.0100,16.3000,14.9800,15.6700,449000
2001-10-19,15.2400,16.0000,14.7500,15.2000,462400
2001-10-12,15.4900,16.2100,14.0100,15.7300,492000
2001-10-05,17.1500,17.6090,14.7900,15.4000,953400
2001-09-28,13.9490,17.4600,12.9100,17.4000,728200
2001-09-21,16.4500,17.1000,12.7500,13.8400,796500
2001-09-10,17.0000,17.2000,16.8800,17.0000,99900
2001-09-07,16.5100,17.9400,16.3200,16.9610,372400
2001-08-31,17.5200,17.5200,16.3500,16.8010,413600
2001-08-24,17.5000,18.0500,16.8800,17.5200,579900
2001-08-17,15.1000,18.1890,15.1000,17.0000,1243800
2001-08-10,14.7000,15.8000,14.1600,15.1700,598300
2001-08-03,14.5800,15.5100,13.7400,15.5100,420200
2001-07-27,14.4900,14.7110,14.0700,14.7110,142400
2001-07-20,14.7500,15.2500,13.9000,14.5510,185900
2001-07-13,13.9610,14.8500,12.4900,14.8500,385600
2001-07-06,15.0300,15.7800,13.8300,14.8010,179100
2001-06-29,13.9900,16.0000,13.4800,15.0000,516700
2001-06-22,12.9490,13.8400,12.7700,13.8400,116100
2001-06-15,15.4800,15.6800,12.6000,13.2500,870100
2001-06-08,14.0390,15.3000,13.6000,15.2000,543600
2001-06-01,13.3010,14.6500,13.3010,14.4000,362300
2001-05-25,12.5000,13.5290,11.8810,13.5290,203300
2001-05-18,11.8590,14.0000,11.8590,13.1090,223800
2001-05-11,12.3010,12.6000,11.7400,12.2400,212500
2001-05-04,10.1500,12.7400,9.9300,11.7600,350100
2001-04-27,9.1990,10.7500,9.1990,10.2000,116400
2001-04-20,10.2300,10.4000,9.8300,10.0200,251000
2001-04-12,8.1190,10.5290,7.9710,10.5290,283900
2001-04-06,9.0470,9.0470,6.5000,8.1880,461400
2001-03-30,10.0000,10.0630,8.5310,9.0160,133400
2001-03-23,10.0000,10.4690,9.1880,9.9380,132800
2001-03-16,12.7500,12.8130,9.6250,10.2500,463600
2001-03-09,12.6250,13.0000,12.3750,12.7500,251400
2001-03-02,10.5000,13.6250,10.5000,12.5000,302800
2001-02-23,12.5630,12.8130,10.6250,10.9380,234800
2001-02-16,13.6410,13.6410,12.3750,12.5630,281500
2001-02-09,13.2500,14.4380,12.5000,13.6250,463900
2001-02-02,14.5000,14.8130,13.8130,14.2500,224400
2001-01-26,15.4400,16.2500,14.5630,15.0000,309200
2001-01-19,13.3750,16.0000,13.3750,16.0000,165600
2001-01-12,13.2660,14.7500,13.1250,13.4380,450600
2001-01-05,12.9400,15.0630,11.5000,13.4380,1456300
2000-12-29,10.5000,13.1250,10.0000,13.1250,262400
2000-12-22,11.0900,11.4380,9.7500,10.3130,487900
2000-12-15,11.1900,13.3750,10.6250,10.8750,486100
2000-12-08,9.4700,11.5000,9.0000,10.6250,420200
2000-12-01,9.7500,10.6250,9.3750,9.3750,708200
2000-11-24,10.7500,10.7500,9.4380,9.4380,392300
2000-11-17,10.5900,10.7500,9.1250,10.2500,312400
2000-11-10,10.6300,12.5000,9.8750,10.3750,412400
2000-11-03,9.3100,10.6250,8.7500,10.3750,545800
2000-10-27,9.0300,10.0000,9.0000,9.3130,540700
2000-10-20,7.7200,9.2500,7.0630,9.0630,666600
2000-10-13,8.8100,9.0000,7.3750,7.6250,331900
2000-10-06,8.9400,9.7500,8.0000,8.7500,253800
2000-09-29,9.2800,10.0000,9.0000,9.1250,460700
2000-09-22,9.6900,11.0000,9.0000,10.0630,307800
2000-09-15,10.8800,11.0000,8.6880,9.6250,519500
2000-09-08,11.0900,11.8130,10.1250,11.0000,836400
2000-09-01,8.4400,11.1250,8.2500,10.4380,756100
2000-08-25,7.3130,8.7810,7.1880,8.3750,256600
2000-08-18,7.2500,7.6880,7.0630,7.2500,162000
2000-08-11,7.1300,7.5000,6.7500,7.1880,229900
2000-08-04,7.6300,8.0000,7.0000,7.1250,133500
2000-07-28,8.4700,8.5000,6.6250,7.6250,228800
2000-07-21,8.1900,9.3750,8.0630,8.4380,496600
2000-07-14,7.2500,8.6880,7.2500,8.3750,385300
2000-07-07,8.1300,8.2500,7.4380,7.7500,119000
2000-06-30,7.3100,8.0000,6.5000,8.0000,270800
2000-06-23,6.4380,7.7500,6.0000,7.0630,449000
2000-06-16,6.0600,6.5000,5.2500,6.4380,314100
2000-06-09,5.2200,7.0000,5.1250,5.9380,461500
2000-06-02,5.0000,5.3750,4.6250,5.2190,221000
2000-05-26,4.7800,5.3750,4.5630,4.9690,64700
2000-05-19,4.3750,5.3750,3.8750,5.1250,251100
2000-05-12,4.7800,5.1880,4.0630,4.3750,78700
2000-05-05,4.6900,5.1880,4.4380,4.6880,166000
2000-04-28,3.1900,6.0000,3.0940,4.6880,499200
2000-04-20,3.8800,4.0630,3.0000,3.1250,544200
2000-04-14,6.3800,6.5000,3.8130,4.1250,505200
2000-04-07,7.0000,7.0310,5.5000,6.5000,213800
2000-03-31,6.8400,7.7500,6.0000,7.0000,631500
2000-03-24,6.9700,7.5000,6.0000,6.8750,391200
2000-03-17,8.2800,8.5000,6.8750,7.0000,575000
2000-03-10,8.4100,9.7500,7.0310,8.5000,1040000
2000-03-03,6.2500,8.7500,5.1250,8.2500,1504000
2000-02-25,6.1250,6.1250,5.0000,5.6250,536700
2000-02-18,6.0000,6.6250,5.3750,6.0000,826600
2000-02-11,5.7500,6.5000,5.3130,6.0000,1722800
2000-02-04,4.0000,5.5630,3.6250,5.5630,977600
2000-01-28,3.5000,4.4380,3.3750,4.1250,698000
2000-01-21,2.9100,3.3130,2.5000,3.3130,2047700
2000-01-14,2.8800,3.1880,2.0000,2.9380,830900
