timestamp,open,high,low,close,volume
2018-02-27,0.5046,0.5250,0.4800,0.4851,4080824
2018-02-23,0.5450,0.5690,0.4700,0.4991,4829636
2018-02-16,0.5253,0.5900,0.5100,0.5460,5566657
2018-02-09,0.5942,0.6100,0.4810,0.5186,6506255
2018-02-02,0.7100,0.7200,0.5709,0.5942,8334115
2018-01-26,0.7100,0.7605,0.6830,0.7078,7274401
2018-01-19,0.7400,0.8160,0.6700,0.7000,8293982
2018-01-12,0.7300,0.7599,0.6702,0.7354,8844103
2018-01-05,0.7100,0.7699,0.7000,0.7300,4349635
2017-12-29,0.7500,0.7700,0.6867,0.7000,5937177
2017-12-22,0.7735,0.8160,0.7451,0.7497,5483430
2017-12-15,0.8489,0.8773,0.7600,0.7700,7967766
2017-12-08,0.9050,0.9050,0.7847,0.8392,12437230
2017-12-01,0.8946,0.9000,0.7879,0.8753,12830968
2017-11-24,0.9000,0.9600,0.8600,0.8984,8915840
2017-11-17,1.2100,1.2100,0.8800,0.8800,12155234
2017-11-10,1.5500,1.5800,1.2000,1.2300,10113895
2017-11-03,1.5700,1.6300,1.4500,1.5600,3597734
2017-10-27,1.5800,1.7400,1.5400,1.5600,4040776
2017-10-20,1.6100,1.6900,1.5300,1.5700,3086718
2017-10-13,1.6500,1.7200,1.5500,1.6000,4104610
2017-10-06,1.5500,1.6700,1.5200,1.6100,6118804
2017-09-29,1.6000,1.6700,1.4800,1.4900,4988281
2017-09-22,1.7600,1.8600,1.5600,1.5700,4092300
2017-09-15,2.2300,2.2600,1.7000,1.7200,5339466
2017-09-08,2.1000,2.2700,2.0500,2.1600,1794615
2017-09-01,1.6900,2.1800,1.6900,2.0900,3424268
2017-08-25,1.7100,1.7200,1.6000,1.6700,2971700
2017-08-18,1.7300,1.8700,1.6800,1.7300,2316518
2017-08-11,1.6700,1.7500,1.5800,1.7200,2144430
2017-08-04,2.0000,2.0400,1.4700,1.7200,4740869
2017-07-28,2.0000,2.1200,1.9200,2.0200,1409500
2017-07-21,2.1400,2.2100,1.9700,1.9900,1571383
2017-07-14,1.9500,2.1900,1.9200,2.1500,1425131
2017-07-07,1.8800,2.0200,1.8800,1.9900,955562
2017-06-30,2.1200,2.2500,1.8600,1.8900,2995756
2017-06-23,1.7500,2.2000,1.7500,2.1000,4462394
2017-06-16,1.7500,1.8300,1.6900,1.7700,2441663
2017-06-09,1.9100,1.9200,1.6100,1.7800,3153336
2017-06-02,1.7200,1.9100,1.6800,1.9100,3863483
2017-05-26,1.6600,1.7800,1.6000,1.7200,2129170
2017-05-19,1.9400,1.9600,1.6200,1.6600,2766570
2017-05-12,1.9000,2.3000,1.8000,1.9100,3883590
2017-05-05,2.4500,2.4800,1.8500,1.8900,2880008
2017-04-28,2.6000,2.7000,2.4000,2.4200,2017262
2017-04-21,2.5600,2.7200,2.5000,2.5300,1959605
2017-04-13,2.6000,2.6800,2.4800,2.5500,1095433
2017-04-07,2.7900,2.8700,2.4800,2.6000,2945251
2017-03-31,2.9300,2.9900,2.7400,2.7800,1960890
2017-03-24,2.9400,3.0200,2.6900,2.9600,2647381
2017-03-17,2.9500,3.0200,2.7500,2.9700,3027391
2017-03-10,2.3700,3.2200,2.3000,2.9600,7062749
2017-03-03,2.3700,2.4700,2.2400,2.3800,2365929
2017-02-24,2.7000,2.7200,2.2900,2.3700,1995867
2017-02-17,2.7200,2.7300,2.4500,2.6800,2607917
2017-02-10,2.8500,2.9000,2.5300,2.6200,1641745
2017-02-03,2.8200,2.9500,2.6300,2.8500,1547170
2017-01-27,2.6100,2.9000,2.4900,2.8600,2076973
2017-01-20,2.9800,3.0586,2.5800,2.6000,1593038
2017-01-13,3.1500,3.1900,2.8700,2.9700,2217927
2017-01-06,3.1500,3.3800,3.0600,3.1500,2082072
2016-12-30,3.3700,3.4800,3.0100,3.0800,1765791
2016-12-23,2.9800,3.4700,2.9682,3.3700,4896514
2016-12-16,2.8900,3.0500,2.7100,2.9800,4303213
2016-12-09,2.9800,3.0900,2.8400,2.9100,2473492
2016-12-02,3.3000,3.3200,2.8500,3.0400,3459178
2016-11-25,3.3800,3.4100,3.1400,3.3700,1206839
2016-11-18,3.4000,3.7200,3.2900,3.3300,4074771
2016-11-11,2.5200,3.4900,2.5000,3.3600,5353905
2016-11-04,2.6800,2.7200,2.2800,2.4400,1645812
2016-10-28,2.8400,2.9200,2.5300,2.6200,1276763
2016-10-21,2.6700,3.0000,2.6100,2.8400,2744095
2016-10-14,3.2900,3.3700,2.6800,2.6900,4557716
2016-10-07,2.6400,3.4200,2.6100,3.3700,6964384
2016-09-30,2.4200,2.6400,2.3600,2.6100,3909280
2016-09-23,2.0400,2.5400,2.0000,2.4800,7714986
2016-09-16,1.8100,2.0300,1.8000,2.0200,2433946
2016-09-09,1.7100,1.9800,1.7000,1.8500,2618106
2016-09-02,1.6700,1.7800,1.6600,1.7300,1038994
2016-08-26,1.7200,1.9200,1.6300,1.6900,1688402
2016-08-19,1.7200,1.8000,1.6800,1.7300,805751
2016-08-12,1.7300,1.8100,1.6500,1.7300,919588
2016-08-05,1.7000,1.7900,1.6400,1.7600,1403099
2016-07-29,1.6000,1.8300,1.5600,1.6800,2687376
2016-07-22,1.7000,1.7199,1.5600,1.5900,1132612
2016-07-15,1.7300,1.7899,1.5700,1.6800,1809268
2016-07-08,1.5700,1.7100,1.5100,1.7000,1996811
2016-07-01,1.5800,1.6300,1.4700,1.5700,2250764
2016-06-24,1.6200,1.6800,1.5100,1.6200,2581253
2016-06-17,1.6900,1.7700,1.5700,1.5800,2389603
2016-06-10,1.8500,1.9300,1.6800,1.6900,2628081
2016-06-03,1.6800,2.0500,1.6730,1.8700,2335846
2016-05-27,1.6800,1.8400,1.6600,1.7000,1770245
2016-05-20,1.7100,1.7700,1.6000,1.6500,1594481
2016-05-13,1.8100,1.9900,1.6700,1.6800,2289482
2016-05-06,2.0300,2.0599,1.7600,1.7900,1076069
2016-04-29,2.2200,2.2300,1.9500,2.0000,1745045
2016-04-22,2.0000,2.2300,1.9500,2.2300,2055264
2016-04-15,1.6800,2.1200,1.6000,1.9900,2683361
2016-04-08,1.6800,1.7000,1.5685,1.6500,1383641
2016-04-01,1.5500,1.6500,1.4200,1.6300,1705855
2016-03-24,1.5100,1.6699,1.4200,1.5000,1307718
2016-03-18,1.5800,1.6800,1.4700,1.5100,2054907
2016-03-11,1.7500,1.8000,1.4800,1.5800,1479060
2016-03-04,1.5000,1.9700,1.3400,1.7600,2802402
2016-02-26,1.5500,1.5800,1.4200,1.4900,1083492
2016-02-19,1.5000,1.5900,1.4200,1.5200,1106905
2016-02-12,1.4300,1.4800,1.2500,1.4400,1915109
2016-02-05,1.6300,1.7450,1.4100,1.4200,1723937
2016-01-29,1.8100,1.9540,1.5500,1.6400,1657493
2016-01-22,1.9700,1.9780,1.6200,1.8000,1709362
2016-01-15,2.2100,2.2600,1.6000,1.8800,2258433
2016-01-08,2.8600,2.8900,2.1500,2.2100,1880970
2015-12-31,2.8600,3.1000,2.8000,2.9100,1154275
2015-12-24,3.0300,3.0300,2.6900,2.9000,1398150
2015-12-18,2.7000,3.1842,2.7000,2.9900,6404047
2015-12-11,2.8600,2.9200,2.7000,2.7200,1889946
2015-12-04,2.7900,2.8900,2.6200,2.8600,1639582
2015-11-27,2.5000,2.7900,2.4800,2.7600,951077
2015-11-20,2.4200,2.6000,2.3400,2.5200,1528085
2015-11-13,2.4500,2.8200,2.3500,2.4200,1956207
2015-11-06,2.0400,2.5500,2.0300,2.4900,1759732
2015-10-30,1.9300,2.2500,1.9000,2.0400,1346667
2015-10-23,1.9400,2.0450,1.7500,1.9500,2052232
2015-10-16,1.9800,2.0800,1.7300,1.9200,2028314
2015-10-09,1.9700,2.0838,1.7400,1.9850,1665130
2015-10-02,2.1900,2.1999,1.7400,1.9500,2759270
2015-09-25,2.6300,2.6600,2.1300,2.2200,1601317
2015-09-18,2.6200,2.7600,2.4000,2.5800,2153929
2015-09-11,2.5500,2.7500,2.5101,2.6400,1175602
2015-09-04,2.5500,2.7300,2.5000,2.5200,1482643
2015-08-28,2.4200,2.6000,2.2500,2.5900,2602964
2015-08-21,2.7700,2.9400,2.4300,2.5700,1963242
2015-08-14,2.7700,2.9400,2.3500,2.8100,3934790
2015-08-07,3.1500,3.1900,2.5850,2.7800,3177205
2015-07-31,3.2700,3.2750,2.2100,3.1400,3247935
2015-07-24,3.7100,3.7500,3.2700,3.3000,3568312
2015-07-17,3.3200,3.7500,3.2200,3.7250,4114020
2015-07-10,3.1300,3.4601,3.0400,3.3100,3982175
2015-07-02,3.1700,3.4000,3.0500,3.1800,2773642
2015-06-26,3.1600,3.4128,2.9500,3.1500,18767161
2015-06-19,3.1500,3.3500,3.1000,3.1600,3103450
2015-06-12,3.4900,3.5200,3.1800,3.1800,2157777
2015-06-05,3.3900,3.6500,3.1900,3.5200,4933964
2015-05-29,2.9800,3.3800,2.9800,3.3700,3550892
2015-05-22,3.1000,3.1800,2.8500,3.0400,2326258
2015-05-15,2.7400,3.2300,2.7400,3.1600,3942085
2015-05-08,2.6100,2.8200,2.5000,2.7400,2977122
2015-05-01,2.9400,2.9800,2.5200,2.6300,2744191
2015-04-24,2.7800,3.0200,2.6400,2.9600,3193711
2015-04-17,2.8200,2.9000,2.6800,2.7900,3054464
2015-04-10,2.5200,2.8600,2.4700,2.8000,5025981
2015-04-02,2.5500,2.6300,2.2400,2.3500,3913882
2015-03-27,2.7000,2.8400,2.4000,2.5400,4374154
2015-03-20,2.9800,3.0150,2.7100,2.7300,5122598
2015-03-13,3.0800,3.1500,2.9400,3.0200,4133544
2015-03-06,3.0600,3.3500,2.9900,3.0400,10668203
2015-02-27,3.3800,3.4400,2.7700,3.0800,18665724
2015-02-20,3.2600,3.5000,3.0200,3.4000,15403479
2015-02-13,2.2400,3.2300,2.1500,3.2300,12763183
2015-02-06,1.9000,2.3000,1.8200,2.2200,6729574
2015-01-30,1.7000,1.9500,1.7000,1.8400,5731175
2015-01-23,1.3700,1.7200,1.3000,1.6700,4335208
2015-01-16,1.4100,1.4400,1.3100,1.3700,939916
2015-01-09,1.5000,1.5200,1.2700,1.4100,2416687
2015-01-02,1.3000,1.5500,1.2600,1.4800,3433445
2014-12-26,1.1800,1.3900,1.1800,1.2900,2034235
2014-12-19,1.1800,1.2800,1.0900,1.1700,5405950
2014-12-12,1.3700,1.3900,1.1400,1.1800,1781101
2014-12-05,1.4800,1.5200,1.2800,1.3800,1590651
2014-11-28,1.2900,1.5300,1.2900,1.4800,2123701
2014-11-21,1.2900,1.3300,1.2400,1.3100,1318393
2014-11-14,1.2600,1.3850,1.2200,1.3000,2112542
2014-11-07,1.3000,1.3600,1.2300,1.3000,1047322
2014-10-31,1.3000,1.3600,1.2000,1.3100,1161642
2014-10-24,1.3600,1.4200,1.2800,1.3200,1073831
2014-10-17,1.2000,1.4490,1.2000,1.3900,1628094
2014-10-10,1.4500,1.4500,1.1900,1.2200,1769424
2014-10-03,1.4000,1.4600,1.2900,1.4300,1878555
2014-09-26,1.5000,1.5200,1.3500,1.4000,2356983
2014-09-19,1.6200,1.6400,1.4800,1.5200,2307100
2014-09-12,1.6000,1.6500,1.5500,1.6100,2090900
2014-09-05,1.7500,1.7700,1.6000,1.6100,2196700
2014-08-29,1.5900,1.7800,1.5500,1.7500,4152200
2014-08-22,1.6700,1.7200,1.5300,1.5850,4933100
2014-08-15,1.7300,1.8100,1.6300,1.6500,5356500
2014-08-08,1.9400,1.9500,1.7500,1.7700,4152700
2014-08-01,1.8000,2.0600,1.7600,1.9200,4272300
2014-07-25,1.6900,1.8100,1.6900,1.8000,2505800
2014-07-18,1.8700,1.9090,1.6400,1.6700,3616800
2014-07-11,1.8800,1.9100,1.6200,1.8300,3050300
2014-07-03,1.7300,2.0100,1.6800,1.8800,5535300
2014-06-27,1.7500,1.8550,1.6100,1.6700,21419800
2014-06-20,1.6200,1.7400,1.6100,1.6300,3674800
2014-06-13,1.6700,1.7800,1.6200,1.6300,3237200
2014-06-06,1.7800,1.8100,1.6000,1.6600,3848200
2014-05-30,1.8700,2.0000,1.7600,1.7800,2543300
2014-05-23,1.8600,1.8800,1.6500,1.8200,2708700
2014-05-16,2.0100,2.0800,1.8600,1.8800,2249400
2014-05-09,2.1300,2.2000,1.9100,2.0100,2689700
2014-05-02,2.1600,2.3200,2.0699,2.1500,2200000
2014-04-25,2.3500,2.5000,2.1500,2.1500,2099800
2014-04-17,2.4300,2.5100,2.0900,2.2900,2714400
2014-04-11,2.6500,2.7400,2.3600,2.3700,3554300
2014-04-04,3.1000,3.1000,2.6300,2.6500,3700900
2014-03-28,3.0900,3.1100,2.6665,2.7500,3456700
2014-03-21,3.0700,3.3400,3.0001,3.0900,3118400
2014-03-14,2.9400,3.2000,2.8900,3.0400,2294800
2014-03-07,3.0000,3.1900,2.8700,2.9600,2750700
2014-02-28,3.3100,3.3500,3.0200,3.0500,3071900
2014-02-21,2.9800,3.4000,2.9300,3.3100,2746300
2014-02-14,2.8200,3.0600,2.7600,2.9600,1988500
2014-02-07,2.8500,2.9600,2.5600,2.8600,2526600
2014-01-31,3.1000,3.1000,2.7200,2.8300,2947500
2014-01-24,3.0700,3.1500,2.8000,2.8900,1869200
2014-01-17,2.9600,3.1800,2.8800,3.0800,2302000
2014-01-10,2.9500,3.0700,2.7900,2.9400,2528400
2014-01-03,2.8200,2.9600,2.7600,2.9400,1827800
2013-12-27,2.7800,2.8700,2.7300,2.8100,1542100
2013-12-20,2.5400,2.8300,2.4400,2.8200,3934300
2013-12-13,3.4200,3.4599,2.4500,2.5400,6705000
2013-12-06,3.2000,3.6500,3.1300,3.4300,2653800
2013-11-29,2.8500,3.3700,2.8200,3.2000,4479000
2013-11-22,2.8100,2.9000,2.7100,2.8200,2535000
2013-11-15,2.7700,2.9700,2.7500,2.8200,2447000
2013-11-08,3.9500,4.0100,2.7100,2.7500,6148500
2013-11-01,4.3100,4.3400,3.8500,3.9300,1646900
2013-10-25,4.5400,4.5900,4.3050,4.3200,1983700
2013-10-18,4.2700,4.5900,4.1000,4.5600,3048600
2013-10-11,4.2500,4.3000,3.6600,4.2900,5185900
2013-10-04,4.3900,4.7400,4.2315,4.3200,5441500
2013-09-27,4.2700,4.4400,4.1500,4.3000,1769200
2013-09-20,4.3700,4.4000,4.1700,4.2900,1531600
2013-09-13,4.3000,4.4700,4.0500,4.3100,1875000
2013-09-06,4.4600,4.5200,4.1400,4.2900,1593200
2013-08-30,4.3500,4.6300,4.1100,4.3800,4815400
2013-08-23,3.8900,4.4900,3.8900,4.3300,2371300
2013-08-16,3.7200,4.2000,3.7200,3.9100,1949600
2013-08-09,4.0000,4.2550,3.7200,3.7900,1871300
2013-08-02,3.8800,4.2097,3.8150,4.0100,1465700
2013-07-26,3.7400,3.9800,3.6000,3.9100,1719300
2013-07-19,3.8100,3.9300,3.6800,3.7500,1189900
2013-07-12,3.5700,3.8500,3.3900,3.8200,1696900
2013-07-05,3.2400,3.5200,3.2002,3.5200,772100
2013-06-28,3.3200,3.3780,3.1500,3.1900,1378600
2013-06-21,3.4600,3.5700,3.1950,3.3900,1651100
2013-06-14,3.5400,3.6100,3.3500,3.4200,1578000
2013-06-07,3.6800,3.7800,3.2825,3.4700,2357800
2013-05-31,3.9100,3.9400,3.6700,3.7600,1251700
2013-05-24,4.0900,4.1500,3.6000,3.8300,3137500
2013-05-17,4.1300,4.5000,3.9700,4.1200,4530500
2013-05-10,3.7400,4.1400,3.5631,4.1300,4318700
2013-05-03,3.7800,4.0800,3.4900,3.7400,6524800
2013-04-26,3.2100,3.8400,3.0600,3.7800,3074600
2013-04-19,3.3900,3.3900,3.1000,3.2200,1771300
2013-04-12,3.1400,3.4200,3.0300,3.4000,2184800
2013-04-05,3.2500,3.2765,2.9600,3.1300,1676600
2013-03-28,3.4700,3.4700,3.2100,3.2800,826200
2013-03-22,3.3200,3.4900,3.1300,3.4600,1460200
2013-03-15,3.4600,3.5500,3.2300,3.3600,2216100
2013-03-08,3.0400,3.4900,3.0400,3.4900,1942300
2013-03-01,2.9100,3.1180,2.6600,3.0800,3176500
2013-02-22,2.8000,3.0700,2.6886,2.8700,1988200
2013-02-15,2.9800,3.0300,2.7700,2.8000,1666400
2013-02-08,3.1600,3.1700,2.9800,2.9900,1532600
2013-02-01,3.1400,3.2300,3.0400,3.1700,1451500
2013-01-25,3.2500,3.4800,3.0100,3.1400,1879000
2013-01-18,3.3600,3.4800,3.2050,3.2400,1082600
2013-01-11,3.4900,3.6200,3.3500,3.3700,1201400
2013-01-04,3.4200,3.6800,3.3400,3.5101,1134000
2012-12-28,3.7000,3.7000,3.3800,3.4000,846700
2012-12-21,3.3800,3.6900,3.3500,3.6800,2041800
2012-12-14,3.0700,3.4500,3.0400,3.3700,1401900
2012-12-07,3.3700,3.3700,2.9800,3.0500,1979300
2012-11-30,3.3600,3.6200,3.2000,3.3500,1914600
2012-11-23,3.2200,3.3900,3.1500,3.3800,612800
2012-11-16,3.2800,3.4000,3.0200,3.1600,1374600
2012-11-09,3.3700,3.8500,3.1100,3.2800,2691200
2012-11-02,3.9100,3.9200,3.6700,3.6800,747300
2012-10-26,4.0300,4.1800,3.7600,3.8300,1166500
2012-10-19,3.9600,4.2700,3.9200,4.0100,1357000
2012-10-12,4.0900,4.1500,3.8700,3.9500,1664200
2012-10-05,4.1800,4.2200,4.0200,4.0700,1021000
2012-09-28,4.2900,4.2900,4.0200,4.1400,1589700
2012-09-21,4.2200,4.3500,4.0900,4.3100,1818600
2012-09-14,4.2400,4.4800,4.1800,4.2300,1925500
2012-09-07,4.2200,4.4400,4.0800,4.2100,3155600
2012-08-31,4.1400,4.4400,4.0500,4.4000,1825200
2012-08-24,4.2600,4.2700,3.8300,4.1400,1696100
2012-08-17,4.2600,4.3500,4.0300,4.2800,2025900
2012-08-10,4.6600,4.6600,4.2600,4.2700,1769200
2012-08-03,5.0300,5.1600,3.9000,4.6700,2481400
2012-07-27,5.1200,5.2200,4.8000,5.1000,2105600
2012-07-20,5.2500,5.4100,5.1500,5.1900,1229200
2012-07-13,5.4000,5.4401,5.0200,5.2900,1534900
2012-07-06,5.3600,5.5100,5.2800,5.3900,1779500
2012-06-29,5.0600,5.4900,4.9600,5.4000,3335500
2012-06-22,4.7100,5.1400,4.6800,5.1300,4606200
2012-06-15,4.8500,4.8500,4.5500,4.7500,1853200
2012-06-08,4.5100,4.9000,4.4800,4.8200,2145500
2012-06-01,4.7700,4.8000,4.4000,4.5000,5932700
2012-05-25,4.4700,4.8000,4.4400,4.6000,1623000
2012-05-18,4.8700,4.9900,4.4000,4.4700,2262300
2012-05-11,4.6200,4.9700,4.5900,4.9400,2340800
2012-05-04,4.9600,4.9600,4.5100,4.6300,2389900
2012-04-27,4.8900,5.0000,4.7300,4.9800,1959000
2012-04-20,4.5600,5.0500,4.4800,4.9300,3412100
2012-04-13,4.9500,4.9500,4.4400,4.5000,3058800
2012-04-05,4.8000,4.9300,4.6700,4.7500,1676400
2012-03-30,4.6400,5.0900,4.5532,4.8200,5728500
2012-03-23,4.5800,4.7400,4.3800,4.5200,3060800
2012-03-16,4.5900,4.7300,4.4607,4.5800,2376900
2012-03-09,4.4000,4.7000,4.2000,4.6000,3731100
2012-03-02,4.4800,4.8200,4.4100,4.4100,3759500
2012-02-24,4.6000,4.6500,4.4000,4.5000,2156900
2012-02-17,4.8500,4.9900,4.5300,4.6100,5050100
2012-02-10,4.9900,5.6000,4.7000,4.7700,7682700
2012-02-03,5.1400,5.6500,4.6200,5.0100,9255100
2012-01-27,4.7500,5.1800,4.6400,5.1800,3041600
2012-01-20,4.5700,4.7980,4.4450,4.7400,1341700
2012-01-13,4.4000,4.6100,4.3200,4.5200,1615600
2012-01-06,4.7900,4.7999,4.3600,4.3900,1774300
2011-12-30,4.4600,4.7200,4.4000,4.6800,2560300
2011-12-23,4.1300,4.5000,3.9000,4.5000,2876800
2011-12-16,3.7400,4.1500,3.6801,4.0800,2164500
2011-12-09,3.7500,3.8000,3.5000,3.7800,1376900
2011-12-02,3.2600,3.7000,3.1500,3.6500,1962300
2011-11-25,3.4700,3.4700,3.0800,3.0800,1336700
2011-11-18,3.8100,3.8300,3.5000,3.5100,1500700
2011-11-11,3.6900,3.9300,3.5000,3.8200,2498800
2011-11-04,3.5900,3.7601,3.4000,3.7100,2066900
2011-10-28,3.5100,3.7900,3.4200,3.6900,2176600
2011-10-21,3.4100,3.5800,3.2300,3.5000,1342100
2011-10-14,3.1500,3.4500,3.0600,3.4500,1821200
2011-10-07,3.1000,3.2900,2.8700,3.0700,2105400
2011-09-30,3.2200,3.3500,3.0010,3.1600,1611100
2011-09-23,3.1700,3.3000,2.9000,3.0800,1427500
2011-09-16,3.0800,3.4200,2.9100,3.2700,1862500
2011-09-09,2.7800,3.2100,2.7710,2.9100,1402400
2011-09-02,3.0500,3.4000,2.8500,2.8800,1618400
2011-08-26,2.8900,3.1000,2.8100,3.0000,1766700
2011-08-19,3.1400,3.3300,2.7000,2.8000,2363300
2011-08-12,2.8100,3.2800,2.7398,3.0800,4020700
2011-08-05,3.5900,3.7100,2.9600,3.0400,3041900
2011-07-29,4.1600,4.1600,3.2100,3.4900,2523000
2011-07-22,3.9100,4.3000,3.7600,4.2300,2313900
2011-07-15,3.9000,4.0300,3.7200,3.9900,1911500
2011-07-08,3.6200,4.0300,3.5400,3.9900,1380300
2011-07-01,3.5500,3.6700,3.4400,3.6200,1929400
2011-06-24,3.3200,3.5900,3.0500,3.5800,3619100
2011-06-17,3.3300,3.3300,3.0000,3.2100,3231100
2011-06-10,3.6600,3.6900,3.3000,3.3100,1921200
2011-06-03,3.6000,3.7700,3.4800,3.5800,1940900
2011-05-27,3.5200,3.6200,3.3300,3.5500,1990900
2011-05-20,3.6500,3.7690,3.4600,3.6200,2853100
2011-05-13,3.6500,3.9800,3.6300,3.7100,3376500
2011-05-06,4.1600,4.1600,3.6000,3.6800,4764600
2011-04-29,4.0800,4.4200,3.9900,4.1550,5612800
2011-04-21,3.9000,4.2000,3.8500,4.0600,2277000
2011-04-15,4.0300,4.1100,3.7500,3.9800,3453000
2011-04-08,3.3500,4.3500,3.3000,4.0500,7282200
2011-04-01,3.2800,3.3700,3.1250,3.3500,2974100
2011-03-25,3.3000,3.6299,2.9800,3.2800,9864200
2011-03-18,2.9100,2.9600,2.7800,2.9300,2137200
2011-03-11,3.0200,3.0300,2.8700,2.9400,1736700
2011-03-04,3.0000,3.2500,2.8700,2.9900,3074000
2011-02-25,2.9700,3.0400,2.8100,3.0000,1998300
2011-02-18,2.9900,3.0500,2.7700,2.9400,3217700
2011-02-11,2.9400,3.2000,2.9200,2.9800,3918900
2011-02-04,2.8300,3.0700,2.7500,2.9200,2616100
2011-01-28,2.8000,3.0700,2.7700,2.8600,3436300
2011-01-21,3.3000,3.3400,2.6000,2.7900,5842000
2011-01-14,2.2000,3.2500,2.1400,3.2400,9982500
2011-01-07,2.0000,2.2300,1.9700,2.1500,1319100
2010-12-31,1.8800,2.1400,1.8601,1.9800,1230900
2010-12-23,2.0400,2.0400,1.9000,1.9400,1137200
2010-12-17,1.8900,2.0700,1.7200,2.0500,2085400
2010-12-10,1.6700,1.9700,1.6300,1.8900,2028900
2010-12-03,1.5900,1.7300,1.5110,1.6800,1154900
2010-11-26,1.5900,1.6200,1.4800,1.6000,581100
2010-11-19,1.6200,1.6300,1.5300,1.5900,773400
2010-11-12,1.6600,1.6600,1.5300,1.6000,768200
2010-11-05,1.4100,1.7400,1.3950,1.6700,2742800
2010-10-29,1.4700,1.5300,1.3800,1.4000,2320900
2010-10-22,1.4200,1.4800,1.4000,1.4500,1218900
2010-10-15,1.4000,1.5125,1.3400,1.4200,1993800
2010-10-08,1.3600,1.4500,1.2800,1.4000,1200800
2010-10-01,1.3700,1.4000,1.3200,1.3600,746800
2010-09-24,1.2600,1.4100,1.2200,1.3600,1408800
2010-09-17,1.3500,1.3600,1.2500,1.2600,1024200
2010-09-10,1.3100,1.3600,1.2600,1.3500,614600
2010-09-03,1.2400,1.3100,1.2200,1.3100,915700
2010-08-27,1.3800,1.4000,1.2100,1.2600,1536400
2010-08-20,1.4100,1.4400,1.3400,1.3600,950500
2010-08-13,1.6500,1.6500,1.3300,1.4100,2631800
2010-08-06,1.7700,1.8700,1.6500,1.7400,1548100
2010-07-30,1.6600,1.8500,1.5700,1.7200,1621100
2010-07-23,1.4800,1.6500,1.4500,1.6200,1195700
2010-07-16,1.5100,1.5990,1.4500,1.4700,1309100
2010-07-09,1.4900,1.6200,1.3200,1.5100,1921100
2010-07-02,1.5800,1.5900,1.2932,1.4500,4041400
2010-06-25,1.8700,1.8700,1.5100,1.5900,5516500
2010-06-18,3.2500,3.3000,1.6600,1.8200,13545400
2010-06-11,3.1800,3.2360,2.7500,3.2050,1848500
2010-06-04,3.1300,3.3500,3.0500,3.1100,1529400
2010-05-28,3.2900,3.3000,2.9100,3.1500,2113500
2010-05-21,3.2900,3.4900,3.1500,3.2800,3662000
2010-05-14,2.9900,3.4000,2.9800,3.2900,1885700
2010-05-07,3.3000,3.4000,2.8900,2.9100,2872400
2010-04-30,3.3900,3.4200,3.2300,3.3000,1613000
2010-04-23,3.3000,3.4200,3.2100,3.3800,1396800
2010-04-16,3.1400,3.5800,3.0900,3.3200,2782500
2010-04-09,3.0600,3.2700,3.0400,3.1500,1704900
2010-04-01,3.0600,3.1300,2.9800,3.0400,1426700
2010-03-26,3.1300,3.2500,2.9000,3.0500,1996000
2010-03-19,3.1900,3.2700,3.1000,3.1500,2052100
2010-03-12,3.1800,3.3200,3.0408,3.1800,1817100
2010-03-05,2.9100,3.4300,2.8100,3.1700,4577400
2010-02-26,2.5500,2.8600,2.4600,2.8600,4054100
2010-02-19,2.5200,2.6200,2.4500,2.5500,2424300
2010-02-12,2.2600,2.5400,2.1500,2.5100,3437800
2010-02-05,2.1100,2.3900,2.1100,2.2500,4112200
2010-01-29,2.4600,2.5300,2.0500,2.0600,5472700
2010-01-22,3.2200,3.3200,2.2210,2.3700,5077100
2010-01-15,3.6600,3.6700,3.1800,3.2200,1726800
2010-01-08,3.2500,3.7000,3.2200,3.6100,1790900
2009-12-31,3.4600,3.6800,3.2000,3.2500,1308800
2009-12-24,3.0600,3.5000,2.8400,3.4600,1379100
2009-12-18,2.8500,3.0400,2.8200,3.0100,2255300
2009-12-11,2.9100,2.9900,2.5000,2.8300,2254900
2009-12-04,2.5900,3.0900,2.5100,2.9200,4011300
2009-11-27,2.3500,2.7500,2.3100,2.5400,2614900
2009-11-20,2.1200,2.3200,2.1200,2.2600,1128300
2009-11-13,2.1600,2.2300,2.0800,2.1300,776100
2009-11-06,2.0400,2.2200,1.9700,2.1500,1079200
2009-10-30,2.1900,2.2500,1.9500,1.9900,1381900
2009-10-23,2.2900,2.3600,2.1400,2.1500,1028800
2009-10-16,2.1500,2.4600,2.0500,2.2800,1998200
2009-10-09,1.9900,2.2700,1.9900,2.1000,1798200
2009-10-02,2.2600,2.4200,1.9300,1.9800,2599100
2009-09-25,2.4700,2.5300,2.2100,2.2600,2182900
2009-09-18,2.2000,2.5700,2.1500,2.5300,2727800
2009-09-11,2.4500,2.4500,2.1300,2.2200,2015200
2009-09-04,1.9400,2.6100,1.8700,2.4000,8525300
2009-08-28,1.5500,2.2400,1.4704,1.9900,5454100
2009-08-21,1.4600,1.5500,1.4200,1.5100,1407900
2009-08-14,1.5300,1.5500,1.4200,1.4800,1154500
2009-08-07,1.4200,1.6200,1.3800,1.5300,3675600
2009-07-31,1.5000,1.6000,1.3600,1.4000,3703200
2009-07-24,1.4000,1.5000,1.3600,1.4500,1806600
2009-07-17,1.4000,1.4600,1.3500,1.3700,3568900
2009-07-10,1.4800,1.5100,1.2800,1.3600,1610300
2009-07-02,1.5800,1.6300,1.4200,1.4800,1898800
2009-06-26,1.4700,1.6200,1.3500,1.5800,11710400
2009-06-19,1.5200,1.5500,1.4000,1.4200,1153500
2009-06-12,1.5500,1.6300,1.4500,1.5300,1567300
2009-06-05,1.5000,1.5500,1.3900,1.5000,1709400
2009-05-29,1.4800,1.6000,1.4200,1.4600,695600
2009-05-22,1.4600,1.8200,1.4200,1.5500,2516900
2009-05-15,1.2800,1.5800,1.2200,1.4600,1402400
2009-05-08,1.1100,1.2700,1.1100,1.2400,828000
2009-05-01,1.3200,1.3200,1.1300,1.1300,4130300
2009-04-24,1.2900,1.4300,1.2700,1.3600,281500
2009-04-17,1.3200,1.4200,1.2500,1.3100,270500
2009-04-09,1.3300,1.3700,1.2500,1.3200,266700
2009-04-03,1.3000,1.4100,1.2984,1.3600,316200
2009-03-27,1.2001,1.2800,1.1600,1.2800,341400
2009-03-20,1.1400,1.3000,1.1200,1.1800,363600
2009-03-13,1.1800,1.1800,0.9900,1.1000,604000
2009-03-06,1.2000,1.2400,1.1000,1.1800,514500
2009-02-27,1.1800,1.3238,1.1800,1.2000,435800
2009-02-20,1.4000,1.4000,1.1400,1.2000,375900
2009-02-13,1.1900,1.4000,1.0500,1.3200,1049100
2009-02-06,0.9400,1.1500,0.9000,1.1100,5746200
2009-01-30,0.8300,0.9401,0.8300,0.9300,531900
2009-01-23,0.9234,0.9234,0.8600,0.8600,207400
2009-01-16,0.8800,0.9299,0.7600,0.9000,268200
2009-01-09,0.7800,0.9000,0.7800,0.8800,176100
2009-01-02,0.7700,0.8300,0.7400,0.7550,310000
2008-12-26,0.8800,0.8800,0.8000,0.8000,226300
2008-12-19,0.8300,0.9000,0.7400,0.8600,350700
2008-12-12,0.7700,0.9199,0.7700,0.8400,424400
2008-12-05,0.7052,0.7900,0.7000,0.7280,218800
2008-11-28,0.7499,0.7900,0.6800,0.7200,272400
2008-11-21,0.8100,0.8400,0.7000,0.7000,801200
2008-11-14,0.9200,0.9700,0.7800,0.7802,365800
2008-11-07,0.9000,1.1200,0.8800,0.9200,379200
2008-10-31,0.8500,0.8800,0.7300,0.8600,773700
2008-10-24,0.9300,1.0000,0.7500,0.7900,1969700
2008-10-17,0.9500,1.1400,0.8400,0.9200,705900
2008-10-10,1.1500,1.1500,0.9000,0.9300,911300
2008-10-03,1.2900,1.3900,1.0000,1.1500,2440700
2008-09-26,1.4600,1.4700,1.2900,1.3500,528200
2008-09-19,1.5100,1.5200,1.0800,1.4300,1319400
2008-09-12,1.6900,1.7000,1.5000,1.5200,1011300
2008-09-05,1.7900,1.7900,1.5200,1.6300,469900
2008-08-29,1.8700,1.8700,1.7300,1.7400,829200
2008-08-22,1.7100,1.9000,1.6000,1.8500,910500
2008-08-15,1.6300,1.7200,1.5800,1.7100,399400
2008-08-08,1.7000,1.7000,1.5000,1.6000,1160500
2008-08-01,1.6600,1.7300,1.5500,1.6900,1175300
2008-07-25,1.8000,1.8400,1.6000,1.6600,1158100
2008-07-18,1.5900,1.9400,1.5400,1.8000,2449500
2008-07-11,1.4700,1.6500,1.3600,1.5500,2366800
2008-07-03,1.5000,1.5400,1.3500,1.4800,556500
2008-06-27,1.4900,1.5300,1.4300,1.5300,493200
2008-06-20,1.4100,1.4900,1.3200,1.4900,1425900
2008-06-13,1.4100,1.4800,1.3500,1.4300,1007800
2008-06-06,1.5000,1.5800,1.2900,1.4300,1038100
2008-05-30,1.2200,1.5000,1.1500,1.4900,1385200
2008-05-23,1.3500,1.3500,1.1700,1.2200,646900
2008-05-16,1.1700,1.4500,1.1599,1.3500,1241000
2008-05-09,1.3600,1.3600,1.1300,1.1699,1389200
2008-05-02,1.3300,1.4100,1.3000,1.3200,419700
2008-04-25,1.3100,1.4300,1.1800,1.3100,734100
2008-04-18,1.4000,1.5100,1.2600,1.2800,5667700
2008-04-11,1.4300,1.4600,1.1300,1.4300,1124900
2008-04-04,1.3599,1.5200,1.3500,1.4400,1063600
2008-03-28,1.3100,1.4700,1.3000,1.3600,722400
2008-03-20,1.2800,1.3500,1.1200,1.3300,1148500
2008-03-14,1.3000,1.4100,1.0300,1.2700,3278100
2008-03-07,1.4800,1.5000,1.3600,1.4300,378400
2008-02-29,1.3800,1.5300,1.2800,1.4500,712100
2008-02-22,1.4000,1.4700,1.2500,1.3800,387400
2008-02-15,1.5500,1.6000,1.3700,1.3900,779500
2008-02-08,1.3800,1.5900,1.3300,1.5200,519600
2008-02-01,1.4000,1.5700,1.3800,1.4100,1696700
2008-01-25,1.3700,1.4600,1.3000,1.4300,847700
2008-01-18,1.2300,1.6300,1.2000,1.5100,2803900
2008-01-11,0.9800,1.2200,0.9400,1.2200,1100400
2008-01-04,0.9700,1.0300,0.9100,0.9800,408800
2007-12-28,1.0200,1.0900,0.9700,0.9800,713300
2007-12-21,1.1000,1.1400,0.9900,1.0300,2033200
2007-12-14,1.0000,1.1700,0.9000,1.1400,1711100
2007-12-07,0.9511,1.0100,0.8600,0.9900,536800
2007-11-30,0.9512,1.0100,0.9100,0.9100,507800
2007-11-23,0.9988,0.9988,0.9200,0.9600,236200
2007-11-16,1.0000,1.0300,0.9500,0.9500,1537900
2007-11-09,1.0000,1.0500,0.9900,1.0000,759600
2007-11-02,1.0300,1.1000,0.9800,1.0200,352900
2007-10-26,1.0800,1.1200,1.0300,1.0400,476200
2007-10-19,1.0900,1.1600,1.0800,1.1100,642400
2007-10-12,1.0200,1.2000,1.0000,1.1000,840300
2007-10-05,0.9900,1.0300,0.9600,1.0000,263600
2007-09-28,1.0000,1.0800,0.9800,0.9800,515000
2007-09-21,1.0900,1.0900,0.9800,1.0100,280300
2007-09-14,1.0200,1.0800,0.9800,1.0800,573500
2007-09-07,1.0000,1.0700,0.9600,1.0340,309100
2007-08-31,0.9300,1.0400,0.9300,1.0000,393400
2007-08-24,1.0000,1.0200,0.9400,0.9500,512400
2007-08-17,1.0700,1.1400,0.9700,1.0000,889100
2007-08-10,1.0500,1.3100,0.9900,1.0400,939500
2007-08-03,1.1900,1.2400,1.0100,1.0200,1318500
2007-07-27,1.2800,1.3000,1.2300,1.2300,277200
2007-07-20,1.2100,1.3000,1.2000,1.2800,593600
2007-07-13,1.1800,1.2600,1.1400,1.2200,600800
2007-07-06,1.2100,1.2500,1.1700,1.1800,192700
2007-06-29,1.1400,1.3000,1.1400,1.1700,831700
2007-06-22,1.2600,1.2900,1.1300,1.1300,589500
2007-06-15,1.3700,1.3800,1.2200,1.2900,954800
2007-06-08,1.3400,1.4300,1.3300,1.3900,630900
2007-06-01,1.3500,1.3900,1.3100,1.3300,1154200
2007-05-25,1.4100,1.4500,1.3000,1.3300,1413200
2007-05-18,1.4200,1.5300,1.3300,1.5000,1564500
2007-05-11,1.9000,1.9000,1.4000,1.4500,2397700
2007-05-04,2.1000,2.3000,1.8300,1.9100,1622300
2007-04-27,1.7200,2.3500,1.7200,2.0600,4080200
2007-04-20,1.6600,1.7400,1.6600,1.7300,656900
2007-04-13,1.5700,1.7300,1.5500,1.7100,1018100
2007-04-05,1.5400,1.6900,1.4600,1.5474,560300
2007-03-30,1.6400,1.7199,1.5000,1.5200,728100
2007-03-23,1.4500,1.7100,1.4200,1.6600,1149800
2007-03-16,1.3500,1.5000,1.3500,1.4900,534800
2007-03-09,1.3500,1.4100,1.2700,1.3500,575200
2007-03-02,1.4200,1.4400,1.3000,1.3600,766500
2007-02-23,1.4900,1.5000,1.4100,1.4500,380400
2007-02-16,1.5500,1.6000,1.3700,1.4900,962300
2007-02-09,1.5000,1.6000,1.4700,1.5600,676300
2007-02-02,1.3000,1.5500,1.2700,1.5200,728800
2007-01-26,1.3200,1.3600,1.2700,1.3000,438600
2007-01-19,1.3200,1.4200,1.2700,1.3000,392400
2007-01-12,1.3000,1.4200,1.2300,1.3400,627900
2007-01-05,1.2600,1.3500,1.1500,1.2700,1498000
2006-12-29,1.2300,1.2800,1.1900,1.2600,1114300
2006-12-22,1.1800,1.2800,1.1100,1.2500,1494200
2006-12-15,1.3600,1.3600,1.1800,1.2100,1344100
2006-12-08,1.4800,1.5000,1.3500,1.3500,1162600
2006-12-01,1.7700,1.7700,1.3800,1.5000,1276400
2006-11-24,1.7000,1.7800,1.6100,1.7700,686100
2006-11-17,1.6500,1.9500,1.5700,1.7400,2130400
2006-11-10,1.4700,1.8000,1.4700,1.6500,1451200
2006-11-03,1.5000,1.5500,1.4300,1.5100,720200
2006-10-27,1.6500,1.7600,1.4100,1.5100,1046400
2006-10-20,1.4100,1.6400,1.4100,1.6300,856200
2006-10-13,1.5900,1.6000,1.4000,1.4400,911300
2006-10-06,1.3600,1.6400,1.3100,1.5600,2216000
2006-09-29,1.4000,1.4600,1.3100,1.3700,522300
2006-09-22,1.5900,1.7100,1.4500,1.4500,1116200
2006-09-15,1.4000,1.9800,1.2800,1.5700,2038100
2006-09-08,1.2200,1.3700,1.1600,1.3700,779400
2006-09-01,1.0200,1.2800,1.0000,1.2400,1728900
2006-08-25,1.0500,1.1500,0.9900,1.0200,4002600
2006-08-18,0.9500,1.0400,0.9100,1.0400,618700
2006-08-11,1.0400,1.0800,0.9200,0.9500,1473800
2006-08-04,1.1200,1.1900,1.0500,1.0575,642900
2006-07-28,1.1300,1.3400,1.0600,1.1400,643500
2006-07-21,1.1000,1.3000,1.0100,1.1400,892200
2006-07-14,1.2800,1.4200,1.1000,1.1000,1004200
2006-07-07,1.4000,1.4000,1.2600,1.2900,1105900
2006-06-30,1.3900,1.4400,1.2100,1.3500,6556500
2006-06-23,1.5500,1.5700,1.3400,1.3500,3048600
2006-06-16,1.5600,1.6700,1.5000,1.5600,1375500
2006-06-09,1.7200,1.7300,1.5000,1.6500,1337800
2006-06-02,1.6600,1.7500,1.5200,1.7000,1049100
2006-05-26,1.5900,1.9000,1.5200,1.6400,1362400
2006-05-19,1.7000,1.7500,1.5200,1.5700,1675900
2006-05-12,1.7200,2.0900,1.6700,1.7200,2708900
2006-05-05,1.7300,1.8600,1.7100,1.7200,1792300
2006-04-28,1.9500,2.0000,1.6800,1.7300,2207000
2006-04-21,2.1400,2.1700,1.9000,1.9600,1774400
2006-04-13,2.3000,2.3200,2.0900,2.1300,2379200
2006-04-07,2.4000,2.4300,2.2600,2.3200,1567500
2006-03-31,2.3700,2.4500,2.3300,2.3800,916000
2006-03-24,2.4700,2.4900,2.2800,2.4000,2004900
2006-03-17,2.3900,2.5000,2.3100,2.5000,1457400
2006-03-10,2.5300,2.5800,2.3100,2.3600,1009700
2006-03-03,2.5700,2.6400,2.4600,2.5600,1278300
2006-02-24,2.6000,2.6600,2.5200,2.5800,839800
2006-02-17,2.4000,2.7500,2.3900,2.6000,1578300
2006-02-10,2.6100,2.6800,2.3200,2.3900,1855100
2006-02-03,2.8600,2.9200,2.5000,2.5700,1457900
2006-01-27,3.8200,3.9600,2.3500,2.8200,5725200
2006-01-20,3.8700,4.0600,3.7500,3.8400,432000
2006-01-13,3.9800,4.1000,3.8600,3.9100,740600
2006-01-06,3.6000,3.9800,3.6000,3.9600,535300
2005-12-30,3.6500,3.7500,3.5400,3.5600,538400
2005-12-23,3.6900,3.8400,3.5800,3.6900,833500
2005-12-16,3.5800,3.9500,3.5200,3.7100,1211100
2005-12-09,3.7900,3.8300,3.5200,3.5400,900200
2005-12-02,3.9800,4.0200,3.6600,3.7900,851100
2005-11-25,4.1400,4.2000,3.9500,3.9800,499600
2005-11-18,4.0300,4.2000,3.9100,4.1700,964200
2005-11-11,3.9900,4.1400,3.7200,4.0300,913900
2005-11-04,3.9700,4.2000,3.9300,4.0400,788200
2005-10-28,3.7700,4.0800,3.7700,3.9900,772000
2005-10-21,3.9400,4.1000,3.6500,3.7900,1729000
2005-10-14,4.2500,4.3000,3.5000,3.9300,2555300
2005-10-07,4.5200,4.6900,4.1500,4.2300,986100
2005-09-30,4.5100,4.7000,4.4800,4.5900,805900
2005-09-23,4.5800,4.7300,4.2500,4.5100,1349800
2005-09-16,4.3200,4.4500,4.2500,4.4500,1308500
2005-09-09,4.4800,4.5800,4.2100,4.3000,1029900
2005-09-02,4.3400,4.9200,4.3300,4.4900,1008000
2005-08-26,4.3500,4.5800,4.3000,4.3900,714100
2005-08-19,4.2800,4.6000,4.2700,4.3500,700700
2005-08-12,4.4200,4.6800,4.2800,4.3000,841200
2005-08-05,4.6800,4.9000,4.2900,4.4100,1148300
2005-07-29,4.8000,4.9400,4.5700,4.7050,783700
2005-07-22,4.5000,4.7900,4.4000,4.7900,1058600
2005-07-15,4.1600,4.5800,4.1600,4.4700,1261300
2005-07-08,3.9700,4.2860,3.9700,4.2200,1035900
2005-07-01,3.8500,4.0500,3.7300,4.0200,801000
2005-06-24,3.8600,4.0500,3.7700,3.9500,1067500
2005-06-17,3.5100,3.8600,3.4000,3.8500,1270400
2005-06-10,3.7500,3.8700,3.5500,3.5700,884200
2005-06-03,3.8300,4.0000,3.7400,3.7500,540300
2005-05-27,4.1800,4.2500,3.7900,3.8600,799100
2005-05-20,4.0500,4.1500,3.8900,4.1500,1023500
2005-05-13,3.7000,4.2000,3.6500,3.9900,1737000
2005-05-06,3.4100,3.6400,3.2900,3.5700,1267900
2005-04-29,3.4300,3.6300,3.2300,3.3700,1071300
2005-04-22,3.6300,3.8000,3.2900,3.3700,1262800
2005-04-15,4.2500,4.2700,3.5800,3.6500,941600
2005-04-08,3.9700,4.3500,3.7300,4.2300,1730800
2005-04-01,3.6000,3.8000,3.4300,3.6900,1195400
2005-03-24,3.7800,3.7800,3.4100,3.5500,645700
2005-03-18,3.7800,3.9300,3.2700,3.7800,1247000
2005-03-11,3.7200,3.8900,3.3700,3.7000,1619600
2005-03-04,4.1000,4.2000,3.6500,3.8300,1281000
2005-02-25,4.3400,4.4400,4.0000,4.0900,1035400
2005-02-18,4.1800,4.4900,4.1000,4.3000,1038500
2005-02-11,4.4500,4.6600,4.0200,4.1900,1169300
2005-02-04,4.1200,4.7500,4.0900,4.5000,1418000
2005-01-28,4.5100,4.6300,4.0400,4.1100,799400
2005-01-21,4.4900,4.7500,4.3000,4.5100,817600
2005-01-14,4.6500,4.8500,4.2000,4.4100,1030800
2005-01-07,5.3200,5.3200,4.4600,4.7400,2064800
2004-12-31,5.5300,5.5600,5.0100,5.2200,1356700
2004-12-23,5.7000,5.9400,5.1700,5.4000,1997400
2004-12-17,5.0600,5.6500,5.0100,5.6500,3530000
2004-12-10,5.0000,5.4100,4.8500,4.9600,4337900
2004-12-03,4.1400,4.9700,3.9900,4.8000,3863200
2004-11-26,3.9500,4.1500,3.8600,4.0400,667200
2004-11-19,4.0200,4.2400,3.8500,3.9500,2014300
2004-11-12,3.4600,4.0100,3.3400,3.9800,940400
2004-11-05,3.7600,3.8000,3.3600,3.4300,940900
2004-10-29,3.3500,3.9200,3.3100,3.7300,1182200
2004-10-22,3.7300,3.8600,3.1400,3.2500,1292800
2004-10-15,3.7000,3.8500,3.5400,3.6900,825000
2004-10-08,4.4100,4.5000,3.4300,3.7500,1395600
2004-10-01,4.4100,4.5600,4.2100,4.4100,541700
2004-09-24,4.5900,4.6700,4.3900,4.5000,872900
2004-09-17,4.5100,4.9500,4.3300,4.6100,1138100
2004-09-10,4.5000,4.6400,4.2500,4.3800,1233100
2004-09-03,4.0800,4.5300,3.8200,4.2400,1215800
2004-08-27,3.8300,4.2000,3.7500,4.1100,1152900
2004-08-20,3.3100,3.7500,3.1200,3.7500,780200
2004-08-13,2.7500,3.7800,2.4600,3.3490,1984200
2004-08-06,3.1120,3.1800,2.6300,2.6300,868000
2004-07-30,3.3700,3.4400,2.7900,3.1900,1014600
2004-07-23,3.5800,3.7800,3.2000,3.3600,1144100
2004-07-16,3.7600,3.7900,3.4800,3.5200,1014600
2004-07-09,4.1700,4.2500,3.7200,3.7600,748000
2004-07-02,4.6100,4.6600,4.1700,4.2300,950100
2004-06-25,4.7400,4.9400,2.5100,4.5600,2516100
2004-06-18,4.3600,4.8700,4.2200,4.6500,1178000
2004-06-10,4.7600,4.7900,4.1800,4.2800,598000
2004-06-04,4.4100,4.9560,4.3600,4.7100,873900
2004-05-28,4.1500,4.5100,3.9600,4.4590,986800
2004-05-21,3.5200,4.4300,3.5100,3.9500,1544900
2004-05-14,4.0400,4.1000,3.6100,3.6300,1090100
2004-05-07,4.5500,4.5900,3.6700,4.0100,2987700
2004-04-30,4.7800,5.0500,4.4500,4.5300,1307300
2004-04-23,4.5300,4.7800,4.4500,4.7400,843200
2004-04-16,4.9000,4.9100,4.5400,4.5890,962200
2004-04-08,5.0800,5.1500,4.8800,4.8800,666000
2004-04-02,4.9100,5.3000,4.9100,5.1200,1303200
2004-03-26,5.0600,5.2000,4.7200,4.8890,1538300
2004-03-19,5.0000,5.2500,4.9410,5.0800,1528800
2004-03-12,5.6100,5.6300,4.5500,5.0800,2021700
2004-03-05,5.2300,5.7400,4.9500,5.5300,9935100
2004-02-27,4.8100,5.0800,4.7000,4.9590,1734900
2004-02-20,5.1100,5.2030,4.6500,4.7500,2078200
2004-02-13,5.3600,5.5100,5.0100,5.0890,2015200
2004-02-06,5.7800,5.8200,4.6800,5.3600,2596300
2004-01-30,5.7300,6.1300,5.4800,5.7200,4433700
2004-01-23,6.3590,6.5900,5.7100,5.7600,3729400
2004-01-16,5.3600,6.3100,4.8500,6.2700,9482300
2004-01-09,4.5700,5.4000,4.5700,5.2600,2348500
2004-01-02,4.4800,4.6800,4.4300,4.5700,1390900
2003-12-26,4.8600,4.8700,4.4100,4.5000,1566600
2003-12-19,5.0600,5.0700,4.7000,4.8600,998400
2003-12-12,5.4000,5.4000,4.6000,4.9050,1446800
2003-12-05,5.4000,5.6500,5.0400,5.3600,1305100
2003-11-28,4.8800,5.4500,4.7700,5.4500,1138300
2003-11-21,5.3400,5.9200,5.0000,5.0500,3498200
2003-11-14,4.9800,5.8400,4.8800,5.3400,7809500
2003-11-07,4.9500,4.9500,4.6500,4.7900,1155300
2003-10-31,4.8400,4.9100,4.5000,4.8500,1524400
2003-10-24,4.7000,5.1500,4.5950,4.8400,2141800
2003-10-17,4.7000,4.8800,4.6300,4.6790,966600
2003-10-10,4.8500,4.9900,4.6300,4.7200,2198200
2003-10-03,4.2400,4.8500,4.0000,4.8200,2473400
2003-09-26,5.0900,5.2000,4.1900,4.2900,4294700
2003-09-19,4.9700,5.3400,4.6000,5.2000,7526100
2003-09-12,3.5500,4.6000,3.5500,4.4600,4215400
2003-09-05,3.4800,3.9800,3.4600,3.8000,2338400
2003-08-29,3.2900,3.5500,3.2200,3.5500,1093800
2003-08-22,3.0100,3.4500,2.9700,3.2500,2436400
2003-08-15,3.6000,3.7200,2.8000,3.0100,4324200
2003-08-08,3.6100,4.1900,3.4200,3.5200,4728400
2003-08-01,3.5100,3.9000,3.3800,3.6300,1519900
2003-07-25,3.4200,3.6100,3.2000,3.2800,689500
2003-07-18,3.9500,4.1000,3.2200,3.4500,1266200
2003-07-11,3.6600,4.1400,3.5100,3.9100,1855600
2003-07-03,3.8300,3.9100,3.2900,3.5300,900600
2003-06-27,3.9900,4.1000,3.2000,3.6000,2382900
2003-06-20,4.2600,4.5500,3.7100,3.9400,5315000
2003-06-13,3.4500,5.6000,3.2800,4.3200,15181600
2003-06-06,2.9000,3.3500,2.5200,3.1800,4233900
2003-05-30,2.4700,2.9500,2.4200,2.8000,1762500
2003-05-23,3.0300,3.0500,2.2500,2.4800,2840100
2003-05-16,2.5300,3.0500,2.3600,2.9100,2553200
2003-05-09,2.2800,2.7900,2.2500,2.5000,2609700
2003-05-02,2.4000,2.4200,2.0100,2.2300,3678200
2003-04-25,1.5400,3.2500,1.2800,2.2000,20414200
2003-04-17,1.4300,1.5500,1.2300,1.5000,1983600
2003-04-11,1.1500,1.7400,1.0700,1.4200,12975700
2003-04-04,0.8000,0.8700,0.7600,0.8300,174500
2003-03-28,0.7700,0.8600,0.7400,0.8400,142700
2003-03-21,0.8000,0.8700,0.6500,0.7900,176100
2003-03-14,0.8200,0.8700,0.7900,0.8100,150600
2003-03-07,0.8600,0.8700,0.7800,0.8100,119700
2003-02-28,0.8100,0.8700,0.7900,0.8500,71900
2003-02-21,0.7800,0.9000,0.7500,0.8500,308200
2003-02-14,0.8500,0.8500,0.6500,0.7100,145600
2003-02-07,0.9200,0.9200,0.7500,0.8000,191700
2003-01-31,0.9200,0.9700,0.9000,0.9000,79700
2003-01-24,0.9400,0.9900,0.8900,0.9300,156400
2003-01-17,1.0000,1.0100,0.9100,0.9500,352400
2003-01-10,1.0700,1.1500,1.0000,1.0100,521500
2003-01-03,1.1000,1.2000,1.0000,1.0200,330700
2002-12-27,1.0100,1.0400,1.0000,1.0110,245700
2002-12-20,1.0100,1.1000,0.9900,1.0200,519800
2002-12-13,1.1700,1.1700,0.9600,1.0600,280900
2002-12-06,1.1100,1.2000,0.9400,1.1400,790900
2002-11-29,0.8200,1.2800,0.7800,1.1000,874100
2002-11-22,0.7300,0.8400,0.7300,0.8000,510100
2002-11-15,0.7200,0.9000,0.7000,0.7600,756400
2002-11-08,0.5700,0.7700,0.5600,0.7200,1098500
2002-11-01,0.6000,0.6000,0.5300,0.5400,314100
2002-10-25,0.5700,0.6300,0.5200,0.5800,448100
2002-10-18,0.7100,0.8000,0.5000,0.5700,398200
2002-10-11,0.8700,0.8702,0.6300,0.8000,189000
2002-10-04,1.1100,1.1900,0.8300,0.8500,463500
2002-09-27,0.8000,1.3700,0.7600,1.1600,647900
2002-09-20,0.6300,0.8300,0.5400,0.7990,733500
2002-09-13,0.6800,0.7800,0.6100,0.6300,639700
2002-09-06,0.8000,0.8800,0.5800,0.7000,732100
2002-08-30,0.7000,0.9700,0.5900,0.8200,857800
2002-08-23,0.6600,0.7500,0.6000,0.7000,341200
2002-08-16,0.7800,0.8000,0.5100,0.6900,457700
2002-08-09,0.8000,0.8700,0.7500,0.8500,580300
2002-08-02,0.7600,0.9800,0.7500,0.7800,595300
2002-07-26,0.9900,1.0700,0.7600,0.7700,384700
2002-07-19,1.0500,1.1000,0.9800,0.9900,495900
2002-07-12,1.2400,1.2500,0.9900,1.0700,565900
2002-07-05,1.2100,1.3400,1.0300,1.1800,248000
2002-06-28,1.1600,1.5700,1.1000,1.2200,1126200
2002-06-21,1.1500,1.3100,1.1000,1.1300,440900
2002-06-14,1.2250,1.2500,1.0000,1.1500,501800
2002-06-07,1.3600,1.6000,1.1500,1.2000,393100
2002-05-31,1.6000,1.6400,1.0900,1.2800,676900
2002-05-24,1.2000,1.6700,1.0000,1.5100,809200
2002-05-17,1.2100,1.3300,1.0400,1.2090,631500
2002-05-10,1.5000,1.5500,1.0300,1.1600,616400
2002-05-03,1.5000,1.6200,1.1100,1.5000,469200
2002-04-26,2.0000,2.0200,1.3810,1.4010,586600
2002-04-19,2.1500,2.2400,2.0000,2.0000,269100
2002-04-12,1.9000,2.2300,1.8200,2.1500,691900
2002-04-05,2.1000,2.1000,1.6100,1.8700,818500
2002-03-28,2.4650,2.5400,1.9600,2.1300,784300
2002-03-22,2.5600,2.6800,2.3600,2.4800,582400
2002-03-15,2.6900,2.9500,2.4700,2.5900,627900
2002-03-08,2.5600,2.7400,2.2500,2.6900,1064900
2002-03-01,3.0000,3.0500,2.5000,2.5600,913400
2002-02-22,3.2700,3.3400,2.6500,2.9500,587800
2002-02-15,3.4500,4.0000,3.2500,3.3000,526600
2002-02-08,3.8000,3.9200,3.2500,3.2600,641100
2002-02-01,3.7100,4.1500,3.5000,3.8300,422200
2002-01-25,4.0000,4.0600,3.6900,3.7000,450900
2002-01-18,5.0000,5.1600,3.6710,3.9900,588800
2002-01-11,5.5200,5.6000,5.0000,5.0000,417200
2002-01-04,5.5700,5.7100,5.1100,5.5500,615400
2001-12-28,5.4900,5.7500,5.3000,5.5300,706600
2001-12-21,5.3600,5.5000,4.8500,5.4000,647000
2001-12-14,5.1400,5.4900,5.0500,5.4000,477300
2001-12-07,5.6000,5.6600,5.0100,5.1500,619400
2001-11-30,4.8000,5.7000,4.3800,5.5900,1074500
2001-11-23,4.4500,4.8000,4.2700,4.7600,206400
2001-11-16,4.7500,4.8900,4.2800,4.4900,301500
2001-11-09,4.7000,5.2900,4.6000,4.8600,233400
2001-11-02,5.4500,5.4500,4.2600,4.7000,456500
2001-10-26,4.6500,5.5500,4.5000,5.3300,563300
2001-10-19,3.6500,4.6700,3.6500,4.6600,505500
2001-10-12,3.5300,3.7600,3.2500,3.6900,423700
2001-10-05,3.6000,3.6900,3.2500,3.3500,775300
2001-09-28,3.8900,4.0900,3.0100,3.5000,1204300
2001-09-21,5.5100,5.5700,3.1100,3.3000,1087800
2001-09-10,5.6900,5.7500,5.5000,5.5800,75300
2001-09-07,6.0500,6.0900,5.5000,5.6500,212100
2001-08-31,5.3450,6.0500,5.2500,6.0500,626700
2001-08-24,5.3800,5.4300,4.8700,5.2500,566600
2001-08-17,6.2500,6.5000,5.0200,5.3800,796100
2001-08-10,6.8000,6.9000,5.3300,6.1100,550900
2001-08-03,6.1600,7.0000,6.0400,6.7500,569900
2001-07-27,6.2200,6.4000,5.6500,6.1600,413000
2001-07-20,6.1100,6.4300,6.0400,6.2200,548100
2001-07-13,5.5400,6.0800,5.2000,6.0800,801400
2001-07-06,4.9000,5.4800,4.6500,5.4500,1102100
2001-06-29,5.0500,6.9000,4.6700,6.3100,1536300
2001-06-22,4.7900,5.2000,4.6500,4.8300,650900
2001-06-15,5.7350,5.7500,4.5300,4.6000,809000
2001-06-08,5.4950,6.3300,5.3800,5.7500,1116400
2001-06-01,5.0500,5.5500,5.0000,5.4300,515300
2001-05-25,5.4400,5.6400,5.0000,5.0500,1133400
2001-05-18,4.9100,5.5000,4.7500,5.4900,1237800
2001-05-11,5.1000,5.1000,4.1500,4.9500,305500
2001-05-04,4.8900,5.1700,4.6900,5.0600,533700
2001-04-27,4.0700,5.0000,4.0700,4.8400,255800
2001-04-20,3.3000,4.9100,3.2600,4.7000,447600
2001-04-12,3.5900,4.0000,3.3200,3.4400,753700
2001-04-06,3.7500,3.8750,3.0000,3.4690,503600
2001-03-30,3.9380,3.9380,3.5000,3.7030,512800
2001-03-23,4.5000,4.5000,3.2500,3.5630,1290900
2001-03-16,4.6880,4.8750,4.0000,4.0630,1268700
2001-03-09,5.0630,5.6250,4.6250,4.9380,1040300
2001-03-02,6.3280,6.4380,4.9380,5.1250,710300
2001-02-23,6.7340,6.8750,5.2500,6.0000,714800
2001-02-16,6.4060,6.9380,6.1880,6.7190,1279500
2001-02-09,6.5000,6.6250,6.0000,6.4060,1297500
2001-02-02,12.6300,13.0000,6.0000,6.5000,12314200
2001-01-26,11.2500,12.8100,10.7500,12.4400,1076900
2001-01-19,9.9380,11.0000,9.2500,10.8100,845600
2001-01-12,9.3750,10.0000,7.6250,9.9380,902100
2001-01-05,8.9060,10.8400,8.3750,9.3750,2090500
2000-12-29,8.3750,8.8750,6.8750,8.8750,2375900
2000-12-22,11.8800,13.5000,7.1250,8.3750,2150700
2000-12-15,11.8800,12.7500,11.0000,11.7500,997800
2000-12-08,10.3000,13.8800,10.2500,11.5600,1200400
2000-12-01,10.5000,11.3800,10.0000,10.6300,1016900
2000-11-24,11.8900,11.8900,9.6250,10.4400,787700
2000-11-17,10.2800,13.8100,9.7500,11.9400,1963000
2000-11-10,12.6900,13.2500,10.5000,10.7500,814900
2000-11-03,13.4200,13.4200,11.5000,12.5000,1053900
2000-10-27,14.3100,15.0000,13.0600,13.2500,554300
2000-10-20,15.2800,15.4400,12.5000,13.5600,1026700
2000-10-13,15.1100,16.3800,14.0600,14.8800,1021000
2000-10-06,19.9400,19.9400,15.0000,15.1900,796200
2000-09-29,19.3800,20.2500,18.0000,19.9400,1194200
2000-09-22,18.0300,18.7500,16.1300,18.6900,934800
2000-09-15,21.1300,21.2500,16.9400,17.8800,1182800
2000-09-08,20.4400,22.5000,20.3800,21.0000,1925600
2000-09-01,20.7200,21.1300,20.0000,20.3100,1389200
2000-08-25,20.1300,20.8100,18.3100,20.8100,1806000
2000-08-18,15.0000,20.6300,13.8800,19.7500,1370200
2000-08-11,20.5300,21.1300,14.2500,14.5000,2167000
