timestamp,open,high,low,close,volume
2018-02-27,43.7500,51.0000,43.5100,46.2900,3456435
2018-02-23,39.9000,43.4400,39.8121,43.0400,3713509
2018-02-16,37.0100,42.1100,35.2300,40.0100,3414592
2018-02-09,35.8000,44.1688,32.2300,34.8800,7014341
2018-02-02,39.4500,45.0000,35.3000,36.9100,5141764
2018-01-26,31.0000,42.9000,30.5620,39.4500,5829814
2018-01-19,28.2400,30.9600,26.5000,29.7300,2175646
2018-01-12,23.8000,30.7900,23.5000,28.5200,4335194
2018-01-05,24.0000,28.4990,23.0100,26.8100,6991665
2017-12-29,21.3200,25.0000,20.6500,23.4800,2127684
2017-12-22,19.4000,21.2800,18.6600,21.1500,1730599
2017-12-15,19.3200,19.6200,17.3990,19.1700,2580180
2017-12-08,19.4200,19.7100,17.9000,18.8800,1331596
2017-12-01,20.2400,20.2400,18.5000,19.1200,1311364
2017-11-24,18.6000,20.3800,18.6000,20.0200,1853615
2017-11-17,17.7300,18.8650,16.7000,18.5900,1296088
2017-11-10,19.2200,19.2300,16.5100,17.4500,1140444
2017-11-03,18.9600,19.5150,18.0100,19.0500,1028177
2017-10-27,19.2400,19.7000,18.2900,18.9500,986131
2017-10-20,18.6000,19.4300,17.5500,19.0700,1067745
2017-10-13,19.4500,19.8300,17.8900,18.4200,882249
2017-10-06,18.0900,19.5300,17.5200,19.3000,1991269
2017-09-29,19.0000,19.1200,16.1600,17.8700,1375058
2017-09-22,19.0300,19.2900,18.1500,18.9700,872901
2017-09-15,19.0900,19.3630,18.0600,19.1900,573092
2017-09-08,20.4900,20.7100,18.1500,18.7400,925148
2017-09-01,19.8000,21.3220,19.2500,20.5600,1373642
2017-08-25,18.1300,19.8000,18.1010,19.5000,623568
2017-08-18,19.4500,20.0000,18.0000,18.3400,748830
2017-08-11,18.9800,19.9400,17.1200,19.2200,1153411
2017-08-04,17.2900,18.5500,16.5000,18.4000,663665
2017-07-28,16.6000,18.3700,16.5340,17.2900,592009
2017-07-21,17.0000,17.2900,16.1500,16.6400,318565
2017-07-14,15.9900,17.2519,15.6660,16.9900,589900
2017-07-07,15.9700,16.4700,15.5500,15.8800,188448
2017-06-30,16.8400,17.8500,15.5600,16.0200,817058
2017-06-23,15.0000,16.7700,14.3160,16.4400,749124
2017-06-16,14.7900,15.1430,14.0000,14.8100,336527
2017-06-09,14.5300,15.1400,13.6700,14.6000,414404
2017-06-02,15.0400,15.3850,13.5000,14.2400,562885
2017-05-26,15.9900,15.9900,15.0200,15.0400,242276
2017-05-19,17.0200,17.2000,15.2100,15.5400,654712
2017-05-12,17.0000,17.0200,16.1000,17.0000,277185
2017-05-05,17.0000,17.0800,15.5100,16.9800,455218
2017-04-28,17.0000,17.1000,16.1400,17.0200,353315
2017-04-21,19.4700,20.3000,16.8200,16.9700,542884
2017-04-13,19.1900,19.5900,18.5600,19.4100,148175
2017-04-07,22.0000,22.2200,19.0000,19.2900,311964
2017-03-31,18.5000,21.9300,18.0000,21.7700,475199
2017-03-24,20.8500,21.4500,17.8000,17.8800,246312
2017-03-17,22.0000,22.6360,20.1200,20.7500,290443
2017-03-10,21.3900,23.9000,20.7000,21.1500,369149
2017-03-03,18.0300,24.0000,18.0000,21.1400,489721
2017-02-24,18.1300,18.9000,16.5400,17.9000,267416
2017-02-17,15.2100,19.9900,11.6300,18.0700,1361727
2017-02-10,15.7300,16.4700,14.5000,15.0100,373500
2017-02-03,18.0000,18.3700,15.2700,15.6500,356934
2017-01-27,20.0000,20.5000,17.6201,18.4300,350457
2017-01-20,21.3400,22.4780,20.0000,20.0000,179873
2017-01-13,23.4000,23.4000,21.0000,21.1400,241010
2017-01-06,21.0000,24.9992,20.5000,22.5400,350969
2016-12-30,21.5900,21.5900,19.9500,20.2600,141038
2016-12-23,19.8500,21.9774,19.6989,20.8600,259525
2016-12-16,21.0100,21.4992,18.6300,19.5200,280511
2016-12-09,19.1000,22.3800,19.1000,20.7700,290542
2016-12-02,21.4300,23.2500,19.0000,19.0300,416286
2016-11-25,20.5400,21.4900,18.0641,20.4000,218365
2016-11-18,18.1700,23.9699,17.0791,20.5000,624310
2016-11-11,16.2700,18.3300,15.0500,17.5000,344754
2016-11-04,17.5000,18.8800,15.0000,15.2000,722993
2016-10-28,14.0500,17.4900,13.9000,16.7400,652206
