timestamp,open,high,low,close,volume
2018-02-27,30.0300,30.8700,29.5650,29.6200,1839730
2018-02-23,30.8700,31.2400,29.8300,29.9900,3518518
2018-02-16,22.6100,31.5698,22.3601,31.0000,11073117
2018-02-09,22.8600,23.3100,21.0000,22.4400,3478131
2018-02-02,24.9500,25.2800,22.7400,22.9000,3656992
2018-01-26,25.3000,25.8000,24.7500,24.9500,4995139
2018-01-19,25.7800,26.7300,25.0400,25.2600,3280062
2018-01-12,26.0500,26.5000,24.9000,25.5000,4412807
2018-01-05,26.2700,26.7500,25.2700,26.3200,3131929
2017-12-29,25.3800,26.5600,24.7800,26.0300,2737905
2017-12-22,22.8200,26.1000,22.0400,25.3600,9849799
2017-12-15,31.2500,32.2400,22.0000,22.6800,22469651
2017-12-08,32.1700,32.6000,30.2400,31.4000,5170478
2017-12-01,32.3000,34.4000,31.6400,32.4600,5099643
2017-11-24,34.9900,35.2400,31.5800,32.3000,4986634
2017-11-17,35.2200,35.8300,34.0500,35.1100,2416361
2017-11-10,37.5400,38.5000,35.0000,35.2200,5244903
2017-11-03,41.3900,42.5000,36.6300,37.6700,7705398
2017-10-27,45.7700,46.4300,40.9050,41.4300,4818309
2017-10-20,45.3000,47.5700,45.1300,46.0100,4028465
2017-10-13,45.2000,45.9700,43.8100,44.9600,3122868
2017-10-06,41.9000,45.8900,41.4600,45.2000,4219488
2017-09-29,42.8300,42.9800,41.3100,41.5000,3715142
2017-09-22,42.1900,44.5300,37.7400,42.7700,8825836
2017-09-15,45.6200,47.7300,38.6000,42.8900,11372122
2017-09-08,48.1200,48.5600,44.0900,44.8800,3889756
2017-09-01,46.9800,49.0000,45.3100,48.4700,2283685
2017-08-25,48.4800,49.5300,45.4200,46.9800,2969071
2017-08-18,49.3900,51.5000,48.2900,48.4000,2376580
2017-08-11,50.0000,50.9900,48.2600,49.0000,2042027
2017-08-04,51.4900,53.7900,47.5000,49.3200,4088062
2017-07-28,50.7900,52.4900,50.2600,51.4200,2121591
2017-07-21,50.4600,52.0800,48.7400,50.5600,2237157
2017-07-14,48.9000,52.5700,48.9000,50.7400,1698642
2017-07-07,49.0000,50.0900,47.6000,48.8300,1683647
2017-06-30,50.2200,50.4600,46.8400,49.0500,4258875
2017-06-23,46.7900,50.1900,46.7700,50.1700,3722330
2017-06-16,46.1900,48.2400,44.3000,46.8700,5705789
2017-06-09,52.6700,52.9900,45.0900,45.4500,8013470
2017-06-02,55.3000,55.6980,51.9700,52.6800,3061721
2017-05-26,49.2200,56.0000,49.2200,54.9000,4146246
2017-05-19,53.5400,53.8690,48.5000,49.2000,5750673
2017-05-12,52.2100,55.3900,52.0400,53.6100,3637588
2017-05-05,54.5700,55.3300,50.9500,52.7700,5088434
2017-04-28,52.0000,55.2600,51.1600,54.3900,3381056
2017-04-21,49.7900,51.9800,49.7700,51.7100,1992560
2017-04-13,49.8700,51.3400,49.1000,49.9200,2009007
2017-04-07,49.9900,52.2000,49.1000,50.0500,2509582
2017-03-31,50.5800,52.8700,48.7700,49.9900,2658065
2017-03-24,50.0100,52.5000,48.7600,51.5500,2650427
2017-03-17,49.4100,50.4400,47.2200,50.0700,2028292
2017-03-10,47.9000,50.9500,47.0200,49.2500,3669222
2017-03-03,47.6100,49.6700,46.9100,48.0000,4248494
2017-02-24,44.9800,48.0400,43.1300,48.0000,5354065
2017-02-17,45.6000,46.8500,44.7200,44.9800,2158886
2017-02-10,45.5900,46.0000,44.0600,45.4600,2441293
2017-02-03,44.1500,46.2500,43.5100,45.6700,2566501
2017-01-27,44.0000,46.1900,43.2300,44.5200,2204043
2017-01-20,45.7500,45.9900,43.2600,44.1400,2155984
2017-01-13,42.8500,45.9735,42.1500,45.7800,3410128
2017-01-06,41.2000,42.9800,41.2000,42.9200,1714546
2016-12-30,41.2500,41.9100,40.6200,41.0800,976742
2016-12-23,41.0800,41.9400,40.3500,41.1300,1742686
2016-12-16,41.0100,42.2800,38.8300,40.6800,2379158
2016-12-09,38.7100,43.1000,38.7100,41.3200,2495339
2016-12-02,42.2700,43.0300,37.7400,38.6800,4786785
2016-11-25,40.0000,43.2400,39.9600,42.7100,2586919
2016-11-18,39.7000,40.9600,38.7708,39.7500,3202983
2016-11-11,42.2400,44.1400,39.7500,40.0200,4673928
2016-11-04,36.8200,42.9000,35.5100,41.8000,6500570
2016-10-28,35.7400,38.5100,35.0400,36.8100,4665627
2016-10-21,33.6000,35.7700,33.2400,35.4200,2422199
2016-10-14,34.2200,35.5000,32.8300,33.4800,2444247
2016-10-07,35.3500,37.1100,33.6700,33.9500,4139779
2016-09-30,38.2700,38.4800,34.6300,35.1100,4084810
2016-09-23,36.3500,38.5500,35.5100,38.4000,3512157
2016-09-16,34.4500,37.7300,34.2900,36.6800,3798051
2016-09-09,37.3700,37.6900,34.9300,35.0300,4495761
2016-09-02,36.6500,39.5200,36.2100,38.6000,3302282
2016-08-26,36.3600,38.6100,35.9200,36.1200,3596386
2016-08-19,39.7600,39.9000,35.9400,36.0900,2921501
2016-08-12,41.7800,42.0300,39.6800,39.8200,2422467
2016-08-05,44.3700,44.5600,39.8600,41.5800,4368892
2016-07-29,44.4100,45.0000,40.3300,44.1900,3146825
2016-07-22,43.0500,45.3600,42.6800,44.6600,809594
2016-07-15,43.3000,44.9400,41.9300,43.0900,1961889
2016-07-08,45.1000,45.6900,42.6800,43.9300,1612452
2016-07-01,43.6700,47.0900,40.0000,45.6300,3380898
2016-06-24,46.1100,47.8050,43.4500,44.4700,2416158
2016-06-17,43.8500,45.8700,42.1000,45.4500,3343938
2016-06-10,46.1900,46.2000,44.0900,44.3000,2383674
2016-06-03,44.3900,46.0000,43.6912,45.8500,2266871
2016-05-27,45.2300,46.2900,43.0000,44.6200,3982810
2016-05-20,44.4600,45.6100,43.8400,45.2700,2698756
2016-05-13,42.0000,44.2700,40.9600,43.9600,2462991
2016-05-06,42.0400,43.3300,39.0400,42.3300,4393489
2016-04-29,41.5800,43.3400,40.8650,41.6900,1760850
2016-04-22,38.4100,42.4400,38.4100,41.5000,2138169
2016-04-15,39.8000,40.7200,37.7500,38.7600,2366461
2016-04-08,41.5000,41.6500,39.6200,39.7000,1353169
2016-04-01,40.0000,42.2400,38.2100,41.3500,2057526
2016-03-24,39.5900,40.7000,38.2900,39.7300,1505828
2016-03-18,37.9000,40.4500,36.5800,40.2900,2309688
2016-03-11,39.8700,39.9999,35.0800,38.1600,3744402
2016-03-04,38.2800,40.7600,36.5500,39.9000,3785167
2016-02-26,38.0500,38.3400,35.4200,38.2200,2112675
2016-02-19,35.2200,39.0000,35.1900,37.1900,3978624
2016-02-12,27.5500,36.6100,24.2300,34.3900,10330254
2016-02-05,29.4600,31.4400,27.2200,27.6400,3044577
2016-01-29,30.7900,31.0900,27.6900,29.5800,3077958
2016-01-22,29.9400,31.0700,26.7150,30.1100,4036168
2016-01-15,34.3700,34.8800,29.0500,29.5000,4370095
2016-01-08,38.8500,39.0100,33.7750,34.1400,3588676
2015-12-31,39.9900,41.1850,38.8700,39.6000,688664
2015-12-24,39.0000,40.3000,38.9700,40.0000,1134273
2015-12-18,39.4400,39.8700,37.2100,39.0000,2320427
2015-12-11,40.2500,41.8284,39.0600,39.2700,3110974
2015-12-04,40.8900,41.7000,39.1000,40.5600,3394066
2015-11-27,38.5600,40.3100,37.0000,39.7600,1749112
2015-11-20,39.1100,39.5000,35.2500,38.9000,2931523
2015-11-13,36.9300,39.2800,36.1000,38.9900,2816723
2015-11-06,38.6500,41.9900,33.7100,36.8000,9250274
2015-10-30,42.8000,43.1100,37.6900,38.0600,2631326
2015-10-23,42.3400,44.4300,41.2300,43.0800,1578891
2015-10-16,40.9500,42.5000,38.8400,42.4900,1708220
2015-10-09,38.6800,43.0000,38.2000,40.8700,2429384
2015-10-02,39.6700,40.2000,35.3800,38.5000,3135468
2015-09-25,41.4500,41.5700,39.3900,39.8400,1921314
2015-09-18,38.3200,44.0400,38.1100,41.0400,4061403
2015-09-11,36.9100,38.5750,34.9100,37.9500,3250658
2015-09-04,42.5700,42.9800,35.9500,36.1400,3825078
2015-08-28,38.2000,45.2200,28.0900,43.1000,2850503
2015-08-21,45.5100,48.8000,43.1000,43.4900,3029494
2015-08-14,46.5900,48.7950,43.8000,46.1100,2700649
2015-08-07,53.9300,53.9750,43.3900,46.7600,9244776
2015-07-31,54.0100,54.7000,51.5800,53.2300,1920568
2015-07-24,55.2100,57.3027,53.8600,54.0800,1979036
2015-07-17,51.8000,55.1500,51.3000,54.8100,2409327
2015-07-10,50.1300,53.1620,47.2200,51.3400,3176846
2015-07-02,47.6100,50.4900,46.8200,49.9300,2019013
2015-06-26,47.3300,48.9400,46.3200,47.9600,2306931
2015-06-19,47.2800,47.7500,44.3900,47.1000,3054742
2015-06-12,50.6300,51.1200,44.0000,47.7400,8290482
2015-06-05,48.4700,51.4300,45.7100,50.9500,3522838
2015-05-29,49.0000,49.0000,47.0300,48.0300,1634132
2015-05-22,47.8200,50.1500,47.7300,49.0200,4303653
2015-05-15,45.5200,48.7400,43.8700,48.2900,5919785
2015-05-08,42.5700,46.4200,42.4401,45.2500,5096442
2015-05-01,44.2000,44.9900,40.2600,42.3000,3251892
2015-04-24,42.3100,43.9300,41.9700,43.5200,2248044
2015-04-17,41.7700,44.0000,41.3200,42.0500,3471962
2015-04-10,40.5600,42.4400,39.3200,41.5700,1564818
2015-04-02,41.0600,42.0100,38.9900,40.9900,1225116
2015-03-27,43.3700,43.6300,40.1000,40.8300,1704005
2015-03-20,40.9100,43.7400,40.9013,43.3700,2169102
2015-03-13,42.3600,43.0600,40.1601,41.9600,2465435
2015-03-06,45.6000,46.2500,41.0400,42.0300,4349183
2015-02-27,44.8500,45.7200,43.0000,45.3600,3537987
2015-02-20,40.9200,46.5000,40.5000,44.6300,6340155
2015-02-13,38.8400,41.2199,38.6600,40.7000,1840583
2015-02-06,39.1200,41.2100,38.5400,38.9500,2056025
2015-01-30,42.2800,42.2800,38.5600,38.9500,1236287
2015-01-23,40.1500,43.3800,39.4000,41.5700,1816147
2015-01-16,40.9500,41.0900,38.6200,39.9100,1769436
2015-01-09,39.1000,41.4000,37.7000,40.9700,1841900
2015-01-02,40.5300,40.9500,38.7400,39.9400,875979
2014-12-26,40.5000,41.0900,39.5790,40.7100,948770
2014-12-19,38.4400,40.4400,37.0000,39.8700,2002234
2014-12-12,38.9900,39.5000,37.0000,38.0000,2375960
2014-12-05,40.6600,40.9000,37.4100,38.2900,2877251
2014-11-28,39.7600,41.0000,39.2200,40.3800,1350259
2014-11-21,39.0000,40.5000,36.6500,39.5000,2476605
2014-11-14,36.0000,39.0400,35.3100,39.0000,2894241
2014-11-07,30.5000,36.2799,29.0200,36.1900,6539071
2014-10-31,30.0600,32.0700,28.9600,30.6900,1868934
2014-10-24,30.5200,31.4200,28.3500,30.1100,1607556
2014-10-17,31.5300,31.9257,28.3400,30.7400,2380505
2014-10-10,33.8000,34.4200,31.4300,31.4900,1585557
2014-10-03,34.2100,34.5100,31.2100,33.8000,1557237
2014-09-26,33.2200,35.5100,33.0500,34.5900,3781774
2014-09-19,36.8200,37.2300,33.0000,34.0700,3535362
2014-09-12,35.1500,37.2600,33.6000,37.0300,3597759
2014-09-05,37.4000,40.1300,34.8300,35.2700,5065586
2014-08-29,31.5300,37.7000,29.8100,37.5500,8401211
2014-08-22,30.1000,32.0800,30.0000,31.3200,2613392
2014-08-15,29.6100,31.1600,28.5200,29.9100,1973918
2014-08-08,30.7600,33.4400,28.3100,29.1900,5808209
2014-08-01,31.0700,31.8000,29.4500,30.1000,3005153
2014-07-25,33.8800,33.8900,30.5500,30.9000,1956168
2014-07-18,33.5000,33.6700,30.2700,32.1100,3011321
2014-07-11,39.3000,39.3000,31.0400,32.1500,2381334
2014-07-03,33.2000,38.0000,33.0000,37.1000,2015855
2014-06-27,34.0100,35.7700,32.4200,33.2100,1045960
2014-06-20,37.0100,37.0200,33.6300,34.0900,1283690
2014-06-13,31.5300,36.8250,30.9950,36.5700,2027896
2014-06-06,29.5000,32.9500,28.4700,31.7400,1717719
2014-05-30,34.5700,34.5700,27.3600,28.7500,1817693
2014-05-23,33.3200,35.3600,31.4000,33.0000,1707578
2014-05-16,26.9900,34.4800,26.9900,33.5900,4158352
2014-05-09,31.9700,34.4800,25.1600,26.8900,5237107
2014-05-02,29.6500,33.7800,25.6600,32.0550,3549106
2014-04-25,37.8500,38.6500,28.6700,28.9400,2111906
2014-04-17,36.4000,38.0000,30.6940,37.7700,2188705
2014-04-11,39.2000,39.3850,33.5900,35.8500,2613346
2014-04-04,41.7500,41.9700,37.4800,39.2400,2049186
2014-03-28,43.5300,46.8550,39.0600,39.9600,2691719
2014-03-21,52.6600,54.1500,42.7700,43.8900,4231930
2014-03-14,50.0800,52.2900,48.0300,52.0000,1427508
2014-03-07,52.8100,60.9500,51.1500,52.4100,1655821
2014-02-28,45.0000,54.2000,43.1200,53.4700,2491403
2014-02-21,39.5500,45.5000,38.3000,45.0300,1690963
2014-02-14,35.6000,40.5700,34.6380,39.3300,1819697
2014-02-07,34.7500,36.5250,33.1700,35.1400,594562
2014-01-31,35.5000,37.6500,34.0300,35.1900,537404
2014-01-24,36.7800,38.9500,36.0000,36.1400,907332
2014-01-17,31.9200,37.4500,31.8800,36.5000,1036482
2014-01-10,32.6300,33.0000,31.0000,31.8800,743609
2014-01-03,34.0000,34.9000,32.2100,32.4200,366873
2013-12-27,34.5500,34.8899,33.4800,34.0000,199310
2013-12-20,32.8800,34.6700,31.8000,34.3500,583149
2013-12-13,34.1800,34.6000,31.5000,32.6400,688365
2013-12-06,36.1000,36.1000,33.1200,33.8600,559370
2013-11-29,35.5600,36.3800,34.5200,36.1000,613531
2013-11-22,37.4000,37.4000,32.9400,34.2000,1199693
2013-11-15,30.6500,37.1700,29.1600,36.5800,3512209
2013-11-08,37.6100,37.6100,28.2710,29.7500,2857181
