timestamp,open,high,low,close,volume
2018-02-27,48.0500,50.0500,48.0500,49.2000,61021
2018-02-23,49.9000,50.7500,47.4500,48.0500,66830
2018-02-16,50.3500,50.5000,48.5000,50.3000,110626
2018-02-09,50.6000,52.3500,48.3491,50.2000,173682
2018-02-02,53.6500,56.6000,51.0500,51.4000,185752
2018-01-26,51.0500,53.6000,49.6000,53.6000,134636
2018-01-19,51.9000,52.9000,49.2500,51.3000,66797
2018-01-12,51.5000,52.4000,49.4100,51.8000,118862
2018-01-05,52.9500,53.6500,50.6599,51.7000,105151
2017-12-29,54.7500,54.8500,52.0100,52.9000,71560
2017-12-22,57.6000,57.8000,54.0000,54.5000,118500
2017-12-15,55.2500,57.7000,55.2000,57.3500,205755
2017-12-08,55.4000,56.9000,54.2500,54.9500,142900
2017-12-01,55.3500,58.8500,52.7500,54.8500,169799
2017-11-24,53.8000,56.0000,53.2000,55.2500,75306
2017-11-17,54.8500,55.4000,51.8000,53.7500,189091
2017-11-10,57.5000,58.2000,52.9500,55.2500,107624
2017-11-03,59.9500,61.2000,55.2500,57.4500,150842
2017-10-27,60.0000,60.8500,58.6000,60.1000,105305
2017-10-20,59.0500,60.8500,58.6500,59.9500,115334
2017-10-13,56.2000,59.9000,56.2000,58.7000,256398
2017-10-06,54.6000,59.6000,54.6000,56.2000,254801
2017-09-29,52.8500,55.9500,52.2750,54.4000,207194
2017-09-22,51.7500,53.4000,50.6500,53.2000,274158
2017-09-15,51.0500,52.1000,49.1000,51.4500,186969
2017-09-08,52.0500,52.2250,49.5500,50.8500,81631
2017-09-01,50.6000,52.6000,49.9500,52.3000,145240
2017-08-25,50.6000,51.7000,49.8500,50.6000,101717
2017-08-18,48.9000,51.6500,48.5500,51.1000,149913
2017-08-11,49.4000,49.9500,48.0500,48.3500,120217
2017-08-04,48.0500,49.9500,45.0100,49.7500,122690
2017-07-28,47.7500,48.7500,47.1448,48.1000,102320
2017-07-21,48.1500,49.3500,47.2500,47.7500,86632
2017-07-14,47.7500,48.4500,46.8500,48.2000,106434
2017-07-07,47.6000,48.8000,47.0000,48.1500,71156
2017-06-30,47.3000,48.5000,46.9000,47.4500,119110
2017-06-23,45.7000,48.0000,44.8100,47.4000,182312
2017-06-16,48.5000,49.1250,45.4000,45.7500,224899
2017-06-09,45.6500,49.5000,45.1550,48.5000,150557
2017-06-02,46.6000,49.0500,46.1955,48.4500,128974
2017-05-26,45.2500,47.3000,45.2000,46.7500,114137
2017-05-19,46.4500,47.5000,44.9000,44.9500,162744
2017-05-12,45.5500,47.0500,45.0500,46.4000,142288
2017-05-05,44.6000,45.9000,44.3500,45.5500,129907
2017-04-28,43.2000,44.8000,42.8000,44.5000,167799
2017-04-21,41.2000,43.5000,41.2000,42.6000,142188
2017-04-13,41.9000,42.7000,41.1000,41.3000,107710
2017-04-07,43.5000,43.5000,40.7000,41.9000,199638
2017-03-31,40.0000,43.7500,40.0000,43.5000,294402
2017-03-24,40.9500,41.8500,39.8000,40.6500,191331
2017-03-17,40.9500,41.6000,40.3000,41.0500,230604
2017-03-10,40.7500,41.2000,39.6000,41.0500,143026
2017-03-03,41.1000,42.0000,40.3000,40.9500,168810
2017-02-24,40.8500,41.5000,39.6500,41.0000,102006
2017-02-17,40.5000,41.2500,39.2000,40.6000,128828
2017-02-10,38.8750,40.7500,38.2500,40.2000,158258
2017-02-03,37.9000,39.6500,37.2000,39.1500,224631
2017-01-27,36.4500,38.7500,36.2000,38.0500,187003
2017-01-20,37.0000,37.5000,36.0000,36.5500,129572
2017-01-13,37.2000,37.5000,36.5000,37.0000,226555
2017-01-06,36.8500,38.6000,36.3964,37.3000,271170
2016-12-30,35.9500,37.0500,35.5000,36.6000,161137
2016-12-23,35.4500,36.2500,34.9000,35.8000,273086
2016-12-16,34.9000,36.1000,34.3000,35.6000,521816
2016-12-09,31.9000,35.5500,31.0000,34.7000,511401
2016-12-02,33.2000,33.7500,31.4750,31.7000,323124
2016-11-25,34.4000,34.6500,32.9000,33.1500,189213
2016-11-18,32.0000,34.6000,31.8500,34.0500,818562
2016-11-11,32.7000,32.7000,31.1500,32.0000,354132
2016-11-04,34.4000,34.5500,31.6000,31.8000,377749
2016-10-28,34.7500,34.7500,33.2900,33.7800,373812
2016-10-21,35.8100,36.3100,34.2900,34.6000,421125
2016-10-14,36.8000,38.1017,35.2600,35.6700,332603
2016-10-07,38.3800,38.6500,36.2000,36.8300,271111
2016-09-30,38.5500,40.5300,37.9700,38.4000,191071
2016-09-23,38.0300,40.1900,37.5700,39.8000,231044
2016-09-16,38.2200,38.8300,35.6000,38.0600,250895
2016-09-09,39.2200,40.0800,37.9100,37.9100,133162
2016-09-02,38.1000,39.9900,37.4600,38.8100,168274
2016-08-26,39.1500,40.6400,37.3000,37.8400,252602
2016-08-19,41.6900,42.6500,39.2900,39.4000,177082
2016-08-12,43.5700,43.5700,41.4358,41.5600,198261
2016-08-05,45.2200,47.4800,41.8300,43.3500,309893
2016-07-29,46.0100,46.3790,44.2200,45.2000,233680
2016-07-22,46.3300,46.8900,45.4400,46.2000,186866
2016-07-15,45.4900,46.7500,45.4900,46.2800,261063
2016-07-08,42.8100,45.7850,42.4620,45.3500,279327
2016-07-01,42.7100,44.2700,42.3500,43.0600,468472
2016-06-24,44.5700,47.0100,42.7200,42.7300,451585
2016-06-17,46.3600,47.2200,44.2600,44.3400,428449
2016-06-10,50.0100,50.8800,46.4500,46.6200,444164
2016-06-03,48.4800,53.1900,47.4400,51.6200,301059
2016-05-27,46.9500,48.5400,46.1900,48.2100,176167
2016-05-20,46.1700,47.8200,44.6100,46.7300,170090
2016-05-13,45.8800,48.8000,45.1100,46.0500,266541
2016-05-06,45.3500,46.7300,44.5600,46.0700,199385
2016-04-29,44.3600,45.5000,43.3300,45.2000,211133
2016-04-22,42.0300,45.2000,42.0300,44.3300,258604
2016-04-15,40.9600,42.4250,40.1200,42.0400,171183
2016-04-08,41.3600,42.1600,40.0000,40.8300,208392
2016-04-01,40.3900,42.0000,38.8600,41.2000,265097
2016-03-24,41.0100,42.1650,39.7200,40.4700,147623
2016-03-18,40.5300,41.1800,38.9500,41.0350,254818
2016-03-11,39.7300,41.8900,38.6400,40.7100,497288
2016-03-04,41.1000,42.1700,39.8600,39.9700,351593
2016-02-26,43.8300,44.5300,41.0500,41.3900,268110
2016-02-19,42.5200,44.9700,41.5200,43.6400,186405
2016-02-12,41.7800,45.0000,41.3250,42.0900,282213
2016-02-05,45.5000,46.9242,41.8200,41.8800,264692
2016-01-29,43.3900,45.9700,42.0400,45.6200,274106
2016-01-22,42.9600,44.6500,41.4300,43.4000,201345
2016-01-15,42.8300,44.5400,41.5500,42.5500,253313
2016-01-08,43.0600,45.0200,41.9100,42.6400,358452
2015-12-31,44.0000,46.2000,43.3400,43.9200,301912
2015-12-24,41.2000,44.5400,41.1100,44.0300,159858
2015-12-18,37.8300,41.5300,37.6000,41.3300,449158
2015-12-11,39.3500,39.8200,37.7000,37.8700,171038
2015-12-04,39.5000,39.8700,35.9000,39.5800,210417
2015-11-27,39.0100,39.6900,38.8700,39.4800,121732
2015-11-20,36.0000,39.3540,35.7400,39.1000,182842
2015-11-13,35.0800,36.4700,32.8559,36.0600,218294
2015-11-06,33.2800,36.8800,33.2500,35.2100,228250
2015-10-30,33.7100,34.0000,32.7600,33.2000,596856
2015-10-23,33.4300,34.0800,32.6200,33.6500,280926
2015-10-16,32.7700,33.7000,32.3800,33.4600,215764
2015-10-09,32.3200,33.3600,31.8600,32.8400,280086
2015-10-02,33.7600,34.2500,30.6100,32.1300,304658
2015-09-25,33.3800,34.6200,32.8200,33.7700,272666
2015-09-18,31.7700,33.9100,31.7700,32.9500,428586
2015-09-11,30.8700,32.8400,30.7800,31.7400,170881
2015-09-04,30.6500,31.3800,29.2700,30.4900,247787
2015-08-28,31.3500,32.1000,29.8100,30.9100,289544
2015-08-21,32.8100,33.9900,31.8300,32.1000,144635
2015-08-14,32.9100,33.6500,32.1200,33.0000,144608
2015-08-07,32.1000,33.5200,31.6000,32.7500,154980
2015-07-31,31.5700,32.8800,30.7600,31.9600,215001
2015-07-24,32.1300,32.7700,29.7300,31.5600,177492
2015-07-17,33.5700,33.6200,31.5600,31.7600,176941
2015-07-10,32.2000,34.6050,32.0000,33.1400,242446
2015-07-02,32.5800,33.0500,31.8100,32.3200,172034
2015-06-26,32.9000,33.9800,32.6500,32.7500,525703
2015-06-19,31.9600,33.7200,31.1300,32.5500,348317
2015-06-12,31.8500,33.0300,31.2900,32.3800,226515
2015-06-05,36.3700,36.9500,31.1600,32.0200,256864
2015-05-29,35.8300,37.0100,35.3000,35.9000,114427
2015-05-22,35.2500,36.5400,33.4400,35.8400,142289
2015-05-15,34.6800,35.7900,34.2400,34.9200,113629
2015-05-08,36.1400,36.5600,34.1100,34.8300,171494
2015-05-01,38.6100,39.1400,35.3300,36.0100,138488
2015-04-24,36.9500,39.2900,36.8300,38.8100,134036
2015-04-17,36.8100,37.8750,36.2400,36.8600,203922
2015-04-10,35.5000,37.0500,35.1900,36.8300,183570
2015-04-02,33.8400,35.9900,33.8400,35.5900,356140
2015-03-27,34.5200,35.8200,33.9700,34.2100,329439
2015-03-20,34.9900,35.5400,33.4400,34.5200,481172
2015-03-13,34.9000,35.9200,33.5300,34.7300,315649
2015-03-06,35.5400,36.8500,34.8700,34.9000,258414
2015-02-27,34.6800,36.3400,34.2000,35.4300,121704
2015-02-20,35.4500,36.4000,34.6300,34.6500,192323
2015-02-13,35.6700,36.5850,35.0300,35.6600,208227
2015-02-06,32.8800,36.3800,31.9100,35.9600,355337
2015-01-30,35.2900,36.0200,32.6400,32.9400,313306
2015-01-23,34.5300,36.1600,33.6000,35.0900,186829
2015-01-16,34.3600,34.9400,33.2900,34.4300,256285
2015-01-09,36.4700,36.8500,34.0700,34.3300,206907
2015-01-02,36.3500,38.3400,36.3200,36.7900,103045
2014-12-26,35.1000,37.4700,34.7400,36.1800,140270
2014-12-19,34.6500,36.4500,31.9500,34.9100,460991
2014-12-12,36.1800,37.3100,35.0100,35.1100,274438
2014-12-05,34.6200,37.2500,33.8080,36.2200,487629
2014-11-28,33.6700,35.5800,32.9400,34.6600,155775
2014-11-21,34.1100,35.0600,33.0300,33.7000,145324
2014-11-14,34.5400,35.1500,34.0000,34.2300,210638
2014-11-07,34.2900,35.4100,33.8400,34.4500,216259
2014-10-31,32.9500,35.3299,32.0200,34.4200,310483
2014-10-24,32.6300,33.4600,32.4600,32.9800,177790
2014-10-17,32.5000,33.6900,31.8300,32.6800,303379
2014-10-10,34.3100,34.3200,31.4700,32.6500,358209
2014-10-03,34.6400,35.6750,33.7100,34.1300,284901
2014-09-26,35.7200,36.2900,34.6100,35.0400,210018
2014-09-19,36.2300,36.4100,34.7200,35.7500,536000
2014-09-12,39.2600,39.3200,35.5300,36.1100,246100
2014-09-05,41.1100,41.4700,39.2300,39.5200,87600
2014-08-29,40.5300,41.2800,39.6200,40.9000,151400
2014-08-22,40.1000,41.4100,39.1900,40.1300,123400
2014-08-15,41.1100,41.7900,39.2800,39.7200,185400
2014-08-08,40.1500,41.4600,39.7901,40.7600,136500
2014-08-01,42.5300,43.1100,39.4100,40.0200,172600
2014-07-25,43.5800,44.4900,41.6600,42.5500,120000
2014-07-18,45.6500,45.9700,42.5000,43.8000,161200
2014-07-11,45.4000,46.0300,44.7500,45.1200,203800
2014-07-03,44.9400,47.2050,44.8800,46.2600,155500
2014-06-27,43.8200,45.4700,42.8100,45.2400,355000
2014-06-20,44.8200,44.8200,42.6400,43.8500,279700
2014-06-13,46.9500,47.2300,44.5600,44.6900,175500
2014-06-06,47.0900,47.6600,44.1300,47.1100,208300
2014-05-30,47.2000,48.1200,45.5400,47.2200,150000
2014-05-23,45.4300,47.2000,44.8700,46.8400,215800
2014-05-16,46.3100,48.0300,42.1770,45.7000,273000
2014-05-09,44.9900,46.8000,44.1700,45.9500,305200
2014-05-02,46.6300,47.3400,44.4620,45.3500,284100
2014-04-25,49.1300,49.7700,46.4400,46.5500,155000
2014-04-17,49.0900,50.1500,47.3600,48.9900,151500
2014-04-11,49.8500,52.6299,48.2000,48.6300,308500
2014-04-04,49.5900,52.0099,49.4300,50.1700,383500
2014-03-28,52.1100,52.4300,49.0200,49.4800,234100
2014-03-21,51.9200,53.3500,51.1300,52.0800,295900
2014-03-14,49.4900,51.9450,48.5800,51.6300,470900
2014-03-07,45.8000,49.6300,45.2497,49.4900,446400
2014-02-28,46.0700,46.8900,44.8300,46.0100,265700
2014-02-21,46.2900,47.0600,44.2610,46.0300,219200
2014-02-14,44.8500,47.0220,44.1200,46.4500,268500
2014-02-07,47.7300,47.7300,44.2110,45.1100,252200
2014-01-31,47.2200,51.5000,46.2200,47.3600,429100
2014-01-24,48.6100,50.3100,46.0800,47.0800,198000
2014-01-17,47.9300,49.1200,47.1200,48.1300,271400
2014-01-10,48.2600,49.0700,45.8800,48.0000,270500
2014-01-03,46.9600,48.7200,46.0800,48.1700,186800
2013-12-27,47.0200,48.6100,46.5400,47.1600,119900
2013-12-20,45.8500,47.6200,45.0900,46.9100,480200
2013-12-13,46.3400,47.0900,45.2700,45.8000,268200
2013-12-06,46.2500,47.3300,44.7000,46.1600,252700
2013-11-29,43.5700,46.4700,40.6600,46.2900,129400
2013-11-22,41.8400,44.3200,40.3100,43.6300,178600
2013-11-15,40.2000,41.7400,40.0000,41.6000,227600
2013-11-08,40.1800,40.9600,39.0010,40.4000,319000
2013-11-01,42.2700,44.7690,39.8800,40.1700,280400
2013-10-25,40.1700,44.4999,40.0200,42.0600,257200
2013-10-18,37.9100,40.4607,37.6460,40.0000,413000
2013-10-11,37.1000,38.1600,36.2200,37.9800,215000
2013-10-04,36.1600,39.5600,34.6300,37.3500,205700
2013-09-27,35.9500,37.0700,34.9300,36.6500,136300
2013-09-20,36.0000,36.1200,34.2500,35.8200,246200
2013-09-13,34.9000,36.0000,34.5700,35.6300,141300
2013-09-06,33.4800,35.3800,33.4800,34.7200,232200
2013-08-30,33.9600,34.6400,32.8900,32.9400,162100
2013-08-23,34.0900,34.8300,33.6000,33.9800,185600
2013-08-16,35.9100,36.0400,33.8310,33.9800,196200
2013-08-09,35.2500,37.2920,34.7601,35.8100,231200
2013-08-02,31.6300,35.5000,30.0800,35.2400,263300
2013-07-26,31.7900,32.4000,31.2900,31.6300,168400
2013-07-19,31.7700,32.1000,31.2500,31.9900,242600
2013-07-12,30.1700,34.2899,29.7450,31.4100,351600
2013-07-05,29.3000,30.6000,29.1650,30.0100,265000
2013-06-28,56.8100,59.6500,28.7600,29.2700,311700
2013-06-21,57.3000,60.0000,55.9200,57.1700,170500
2013-06-14,57.1100,59.3100,56.9200,57.7600,97800
2013-06-07,51.4300,57.3800,51.4300,56.9800,240400
2013-05-31,49.6200,52.3800,48.9100,51.9300,100600
2013-05-24,49.1900,49.9300,47.5100,49.0500,105800
2013-05-17,49.3200,49.6400,48.7100,49.0000,56100
2013-05-10,48.1700,50.0000,46.8700,49.3800,48000
2013-05-03,47.2300,48.3900,45.1600,48.1000,105600
2013-04-26,47.8100,49.7855,46.7800,46.9100,76800
2013-04-19,48.8800,48.8800,46.3100,47.8000,92700
2013-04-12,49.3600,50.1900,48.6450,49.0700,58000
2013-04-05,49.5300,50.0000,48.2600,49.1400,61000
2013-03-28,49.0500,50.0000,48.9200,49.4900,51400
2013-03-22,48.6200,49.7200,48.1600,49.3900,58400
2013-03-15,48.6000,49.4900,48.0000,49.0000,92100
2013-03-08,48.1600,49.2800,47.9700,48.7900,65100
2013-03-01,48.9400,49.2000,46.3900,48.4800,140000
2013-02-22,47.5200,48.0600,46.3500,47.8000,56100
2013-02-15,46.8800,47.9900,45.8000,47.5800,79600
2013-02-08,45.8300,47.0850,44.6800,46.9900,73800
2013-02-01,44.5500,46.7000,44.5500,46.1700,127400
2013-01-25,43.6100,44.8200,43.6100,44.6000,52900
2013-01-18,43.3900,44.2000,42.5700,43.8100,69300
2013-01-11,43.6300,44.1000,43.0700,43.3900,74800
2013-01-04,44.0100,45.7200,43.7000,44.0300,116000
2012-12-28,43.2500,44.9900,43.0500,43.8300,89100
2012-12-21,42.0600,43.9800,41.6400,43.3100,186000
2012-12-14,42.4600,43.0500,41.9200,42.0300,231100
2012-12-07,42.3300,42.9100,41.6600,42.4000,255500
2012-11-30,43.0100,43.3700,41.8300,41.9500,345900
2012-11-23,42.8700,43.6900,42.3500,43.3000,141100
2012-11-16,42.0700,42.9800,41.3800,42.4300,74900
2012-11-09,42.4500,43.1700,40.3100,41.2800,99200
2012-11-02,43.2700,43.5000,41.9900,42.3900,77300
2012-10-26,44.0300,44.0300,41.5800,43.4600,78200
2012-10-19,44.7400,45.0100,43.0750,43.6400,68600
2012-10-12,43.5500,44.7700,43.2000,44.5500,95400
2012-10-05,44.8600,45.4000,43.5900,43.7900,70300
2012-09-28,44.3600,46.5800,43.5100,44.7500,89700
2012-09-21,44.6900,45.4900,44.3600,44.9700,80800
2012-09-14,45.3300,46.4700,44.2500,44.9400,80600
2012-09-07,44.0600,46.4600,43.2500,45.7000,113300
2012-08-31,44.8000,45.2400,43.3100,43.8000,111600
2012-08-24,44.6800,45.7957,44.0900,44.4000,63500
2012-08-17,44.4700,46.1900,43.5800,44.8900,129400
2012-08-10,47.2800,48.6000,45.0900,45.1800,39700
2012-08-03,47.5400,47.9899,43.4300,46.9800,52500
2012-07-27,44.8200,47.8700,42.9100,47.6400,43700
2012-07-20,48.5800,49.7400,45.5000,45.5500,48400
2012-07-13,49.0900,49.1500,47.4700,48.5600,83200
2012-07-06,49.3500,51.3600,48.1905,48.8900,72400
2012-06-29,45.6400,49.8300,45.4000,49.0000,96300
2012-06-22,46.1200,46.5500,44.2600,46.3300,157200
2012-06-15,45.0000,46.4500,43.2500,46.2600,141100
2012-06-08,41.4000,45.4000,41.4000,44.8900,186000
2012-06-01,43.9800,44.4300,40.8290,41.0800,88600
2012-05-25,40.6201,43.8300,40.6201,43.6900,94500
2012-05-18,39.8600,42.3800,39.8100,41.2500,51900
2012-05-11,40.8900,41.5200,39.7100,40.3800,31100
2012-05-04,43.7400,43.9900,40.1000,40.6900,59500
2012-04-27,41.5200,43.9900,41.1000,43.7200,47400
2012-04-20,40.9000,43.8600,40.0900,42.3500,77700
2012-04-13,40.5200,41.4800,39.7700,40.7400,90000
2012-04-05,39.9500,41.8400,39.9500,41.1900,72700
2012-03-30,41.3900,41.6400,39.4600,39.8900,181400
2012-03-23,41.5700,41.8300,40.1000,40.8800,109600
2012-03-16,44.4800,44.6400,41.2800,41.5800,200800
2012-03-09,43.5200,45.2600,43.1000,44.4900,50800
2012-03-02,47.5100,47.8200,43.0300,43.3000,76700
2012-02-24,48.9900,49.3700,47.8000,47.8300,35691
2012-02-17,48.4200,49.4500,46.7800,49.2800,67600
2012-02-10,50.6400,50.9300,47.7000,47.7000,63600
2012-02-03,52.5400,54.2300,47.4100,50.7100,134800
2012-01-27,49.0000,53.4820,47.9900,52.8200,88900
2012-01-20,52.4900,52.4900,45.0000,48.5200,307300
2012-01-13,52.0500,52.7300,50.8900,52.0600,49000
2012-01-06,52.8200,52.8300,50.8900,51.6800,78000
2011-12-30,50.6100,52.8000,50.5000,51.7100,87600
2011-12-23,45.8100,51.0200,45.8100,50.7400,121100
2011-12-16,43.5900,46.0000,42.7800,45.8100,153800
2011-12-09,48.0000,48.1300,43.1300,44.0500,145700
2011-12-02,44.3000,48.2700,42.7600,47.5800,142100
2011-11-25,46.5300,47.4400,42.9900,43.1200,53200
2011-11-18,50.9900,50.9900,47.2700,47.5200,108800
2011-11-11,51.2800,52.6000,49.7000,51.1500,116500
2011-11-04,52.0500,53.2800,48.5600,51.3100,158800
2011-10-28,49.0900,54.6400,48.5600,53.1600,107400
2011-10-21,49.1400,50.0200,47.3700,49.1100,89600
2011-10-14,45.1900,49.9000,45.1900,49.4800,110100
2011-10-07,42.4000,45.9900,40.6700,45.1900,157200
2011-09-30,43.2000,44.7800,41.9400,42.5000,180300
2011-09-23,44.4600,45.2700,40.5800,42.8000,144900
2011-09-16,42.0000,45.4900,41.6000,45.4600,139100
2011-09-09,42.2900,44.8900,41.8700,42.4400,171100
2011-09-02,42.9500,46.5000,42.9500,43.9000,289400
2011-08-26,41.1000,43.8200,40.2500,42.6200,171200
2011-08-19,41.3500,43.7300,39.5100,40.0700,160600
2011-08-12,41.8700,46.0600,38.0400,41.4900,246800
2011-08-05,46.6800,47.4600,40.3400,42.7700,177300
2011-07-29,48.7800,49.6500,45.7200,46.1500,181300
2011-07-22,49.6300,50.7300,48.4000,49.1200,83700
2011-07-15,48.2200,51.5400,48.2200,49.7800,147200
2011-07-08,47.3700,49.6600,47.0700,48.8300,83100
2011-07-01,45.6700,48.5500,44.6400,47.3100,122300
2011-06-24,46.0600,47.3400,44.9200,45.5900,231300
2011-06-17,44.7400,46.7700,42.6400,46.1900,268500
2011-06-10,47.4450,48.9800,44.1100,44.5600,211300
2011-06-03,52.0400,52.9900,48.4700,48.5000,176900
2011-05-27,49.9300,52.4100,49.1700,51.6800,80100
2011-05-20,48.9200,50.3600,47.7200,49.9400,121900
2011-05-13,47.6600,49.6600,43.6100,49.3200,211600
2011-05-06,51.8500,52.0300,47.5701,48.2800,136200
2011-04-29,50.7400,52.1400,49.9300,51.8000,146900
2011-04-21,51.1100,51.3200,50.0100,50.9100,147800
2011-04-15,52.0000,52.5200,50.0100,51.7100,123500
2011-04-08,53.1800,53.2200,51.4400,51.9000,95700
2011-04-01,51.0400,54.1900,50.5500,53.0000,150400
2011-03-25,50.8700,52.0000,49.8600,51.0500,186500
2011-03-18,50.1000,51.1900,48.7200,50.6400,216700
2011-03-11,49.9300,52.4000,47.9900,50.4000,214900
2011-03-04,49.4900,50.0000,48.6900,49.9900,183600
2011-02-25,48.5400,49.4000,46.6300,49.4000,124200
2011-02-18,47.6600,49.3400,46.9700,49.0000,220800
2011-02-11,46.4900,47.9000,45.9800,47.6600,184000
2011-02-04,49.1300,50.6700,45.7500,46.5400,179900
2011-01-28,48.3100,50.0100,46.3200,48.9500,185100
2011-01-21,49.8500,50.4900,47.7600,47.8500,246900
2011-01-14,47.8800,49.9900,47.8800,49.8500,173700
2011-01-07,48.8800,50.0000,46.8000,48.0500,155300
2010-12-31,48.1500,49.6500,47.5600,48.3500,120600
2010-12-23,48.5500,48.6600,47.8500,48.3000,77000
2010-12-17,48.0100,48.9200,47.4100,48.3500,184900
2010-12-10,46.0100,48.3000,45.1200,47.9800,144400
2010-12-03,45.8300,46.5000,44.9050,46.2400,137100
2010-11-26,46.4900,47.1000,44.9400,46.1000,145100
2010-11-19,47.0600,47.2900,43.7000,46.8500,107300
2010-11-12,46.0000,48.5100,45.8200,46.9100,195200
2010-11-05,44.8000,47.4100,44.4100,46.0000,148400
2010-10-29,44.0000,44.9800,43.5501,44.8000,166200
2010-10-22,44.1000,44.1000,41.8500,43.9500,106800
2010-10-15,44.0000,44.8900,43.1700,43.5600,98000
2010-10-08,41.8000,44.7100,40.6300,44.1700,118300
2010-10-01,43.5500,43.7600,41.1000,42.1400,131700
2010-09-24,39.4100,43.4500,39.4100,43.4400,130300
2010-09-17,39.2000,40.0800,38.6300,39.4000,266200
2010-09-10,38.4300,39.4600,38.0250,38.9600,75200
2010-09-03,38.3700,39.0000,35.7400,38.7100,144000
2010-08-27,38.1400,38.3850,36.2500,38.3700,85500
2010-08-20,36.1000,38.4900,36.1000,37.5600,123200
2010-08-13,38.9900,40.8400,36.3500,36.4000,243000
2010-08-06,40.4700,41.9300,38.0700,38.6100,156900
2010-07-30,40.0000,40.4900,39.3300,39.7900,282400
2010-07-23,35.8400,39.9900,35.7900,39.7500,262500
2010-07-16,35.5000,37.4100,35.4275,35.8300,100200
2010-07-09,33.7600,35.8500,33.2100,35.7500,90300
2010-07-02,35.2700,35.4000,33.1000,33.5300,200100
2010-06-25,36.2300,36.5999,34.5300,34.7300,154000
2010-06-18,36.4100,37.0200,35.4600,35.6700,124000
2010-06-11,34.1800,36.4100,33.3000,36.4000,101100
2010-06-04,35.9100,37.9600,33.8600,34.0900,291200
2010-05-28,32.6300,36.1700,32.0400,35.4700,144300
2010-05-21,36.9200,38.0000,32.5400,33.0700,122600
2010-05-14,34.4700,37.3000,34.4700,36.5500,119700
2010-05-07,33.3800,35.9900,33.0000,33.0000,100700
2010-04-30,35.8700,36.5500,33.3000,33.3000,135200
2010-04-23,35.7400,36.5300,35.3900,35.9500,151900
2010-04-16,36.3800,36.6400,34.7300,35.7400,147200
2010-04-09,36.3000,37.9300,35.7000,36.3300,87000
2010-04-01,36.0800,36.5300,35.1700,35.5800,68000
2010-03-26,35.8100,36.9100,35.4400,36.0000,63400
2010-03-19,36.3300,36.7700,35.7300,36.0200,135100
2010-03-12,35.4800,36.7000,35.0900,36.5100,77732
2010-03-05,32.3000,36.3100,32.3000,36.0500,148300
2010-02-26,32.7200,33.6200,32.0000,32.2000,96400
2010-02-19,31.3800,32.7700,31.3600,32.6900,69900
2010-02-12,30.8500,32.0000,29.3700,31.1800,139500
2010-02-05,30.8200,32.5000,30.3700,30.8800,116700
2010-01-29,30.1500,31.3000,28.7500,30.1600,87300
2010-01-22,31.1600,32.0200,29.4200,29.5000,72800
2010-01-15,32.1700,32.4000,30.5800,30.8400,76700
2010-01-08,34.1200,34.1500,31.2000,32.1400,100500
2009-12-31,34.0202,34.6100,33.5400,33.5400,65600
2009-12-24,30.9900,34.0500,30.4000,33.7500,101700
2009-12-18,31.8600,33.7900,29.8000,30.8900,253500
2009-12-11,31.8600,32.8600,30.9400,31.4900,105200
2009-12-04,29.6200,31.8500,27.5300,31.8200,222200
2009-11-27,30.5000,32.2400,29.6700,29.7900,61100
2009-11-20,30.0300,30.7100,29.7040,30.4500,97700
2009-11-13,30.9000,30.9000,28.8900,29.6800,83600
2009-11-06,28.8600,32.8600,27.9500,30.8500,186400
2009-10-30,28.2850,28.5800,27.5800,28.5000,90600
2009-10-23,28.1600,29.3200,27.6575,27.8300,127400
2009-10-16,30.0100,30.5800,27.6610,27.9700,216500
2009-10-09,27.4800,30.5800,27.2700,30.1400,190000
2009-10-02,28.2500,29.5300,27.2000,27.2100,209300
2009-09-25,30.2400,31.5800,27.6000,28.0200,158300
2009-09-18,31.1700,31.5400,30.0200,30.3700,117600
2009-09-11,30.3200,30.7000,29.4000,30.5100,74700
2009-09-04,30.6200,31.2500,29.3501,29.6600,257800
2009-08-28,27.4800,30.6400,27.4800,30.1300,209500
2009-08-21,24.5400,27.8900,24.2500,27.3400,181300
2009-08-14,27.1000,28.9399,24.7800,25.0300,279100
2009-08-07,24.5000,27.8000,24.0000,27.4100,232200
2009-07-31,24.8300,25.2700,24.1000,24.4200,62500
2009-07-24,24.8100,25.4200,24.0300,24.7900,82200
2009-07-17,23.3700,25.9000,23.3700,24.6100,110100
2009-07-10,22.9700,24.4000,22.2300,23.7600,171300
2009-07-02,22.7900,25.0000,22.3500,23.0000,162600
2009-06-26,21.8700,23.5200,21.2200,22.8900,148400
2009-06-19,21.1400,23.1900,20.5450,22.0900,150900
2009-06-12,24.2600,24.2600,20.2100,21.2000,149000
2009-06-05,21.7500,25.2400,21.7500,24.3800,87400
2009-05-29,19.4000,22.1800,19.4000,21.4400,77200
2009-05-22,21.8800,22.6000,19.3600,19.4600,77300
2009-05-15,23.7150,23.9250,21.0000,21.5500,121800
2009-05-08,22.4100,23.7000,19.7900,23.7000,102900
2009-05-01,20.2000,22.9900,19.6927,22.3400,108600
2009-04-24,21.5100,22.6300,19.6100,20.4900,80700
2009-04-17,22.2300,22.7900,20.1300,22.0000,76600
2009-04-09,21.2400,22.4700,19.6900,22.4000,67900
2009-04-03,21.0300,21.5500,18.4800,21.5500,147000
2009-03-27,21.8200,24.1300,19.2500,21.4500,96000
2009-03-20,18.3000,21.8300,17.8600,21.3800,115000
2009-03-13,18.4000,18.9800,17.8100,18.2000,101600
2009-03-06,18.6500,19.0900,17.3100,18.5000,125200
2009-02-27,19.7700,20.0500,18.2400,18.8600,153600
2009-02-20,21.1200,21.1200,18.9500,19.6800,67400
2009-02-13,21.0600,21.8200,20.2400,21.8100,67600
2009-02-06,17.4900,21.3600,17.2200,21.2000,215800
2009-01-30,17.2100,20.1688,16.4200,17.6400,89800
2009-01-23,18.3600,18.6600,15.8700,17.2700,209100
2009-01-16,20.6200,20.8000,18.3000,18.6800,121900
2009-01-09,21.0400,23.1900,19.7800,20.6000,140200
2009-01-02,19.3700,22.4300,18.7800,20.9500,119200
2008-12-26,19.3400,20.9000,18.5500,19.4300,94300
2008-12-19,17.0400,21.2200,16.7800,19.2000,288400
2008-12-12,16.6800,17.4700,15.7800,17.0100,282200
2008-12-05,21.6000,21.6000,15.8700,16.3200,744000
2008-11-28,20.0000,22.4800,19.6600,22.1000,189100
2008-11-21,21.6500,23.1050,17.5100,20.0000,359000
2008-11-14,23.7500,23.8900,20.4000,21.7500,252600
2008-11-07,26.9500,26.9500,22.6100,23.3900,428800
2008-10-31,24.9700,27.2100,22.6500,26.8200,1362800
2008-10-24,26.3800,27.1800,23.2900,24.9200,413200
2008-10-17,24.9800,27.8500,24.0100,25.8100,416500
2008-10-10,25.8101,29.4500,20.6600,23.9700,278700
2008-10-03,27.7600,30.2500,26.5100,27.7300,135700
2008-09-26,28.5000,29.7100,26.0900,28.6200,147300
2008-09-19,26.7700,30.0000,24.7200,27.4000,504200
2008-09-12,27.9700,28.2700,26.1800,26.7800,318000
2008-09-05,29.5500,31.5700,26.5500,27.2100,524200
2008-08-29,30.9600,30.9600,28.0000,29.1100,120300
2008-08-22,29.9100,30.8500,28.1100,30.1900,188200
2008-08-15,29.8100,30.7900,28.3500,29.9800,282800
2008-08-08,31.9800,32.0000,26.5100,29.7500,466700
2008-08-01,33.6000,34.0200,31.9600,32.2100,250900
2008-07-25,32.4800,34.2500,31.1900,33.7400,281100
2008-07-18,33.4000,34.6300,31.5700,31.9800,227900
2008-07-11,32.1500,34.8000,32.1500,34.2600,367600
2008-07-03,35.7500,35.9800,32.0000,32.0900,339400
2008-06-27,35.6800,35.7600,32.3550,35.5600,739400
2008-06-20,37.3900,37.8000,35.2900,35.6700,564600
2008-06-13,35.5000,37.9200,35.2500,37.4600,419000
2008-06-06,35.9700,36.8600,34.2200,35.5200,474100
2008-05-30,34.1800,36.0500,33.2900,36.0100,267600
2008-05-23,34.4900,35.6100,32.3800,34.0800,334400
2008-05-16,32.7500,35.0000,32.0700,34.5600,327000
2008-05-09,32.4400,33.5300,31.5500,32.5800,247600
2008-05-02,32.9000,33.5100,32.1700,32.4700,262800
2008-04-25,31.5400,33.3800,31.0600,33.0000,232400
2008-04-18,30.3200,32.3700,30.0300,31.7100,206700
2008-04-11,32.3900,33.0700,30.2700,30.2700,398200
2008-04-04,29.4300,32.3500,29.4300,32.2000,319900
2008-03-28,31.1700,31.5300,29.8500,30.2100,241800
2008-03-20,28.5800,31.2400,28.2900,30.9200,334600
2008-03-14,30.0200,31.1900,28.8300,29.3500,310500
2008-03-07,30.2100,31.0700,29.2500,29.9700,288700
2008-02-29,31.9800,32.6500,29.9400,30.1300,380300
2008-02-22,32.1800,33.3400,30.6900,31.9800,313500
2008-02-15,30.1100,33.5600,30.0200,31.9600,863500
2008-02-08,24.7900,30.8300,24.7900,30.1700,703900
2008-02-01,23.7000,25.2300,23.5600,25.0400,337300
2008-01-25,23.6600,25.2216,22.7500,23.8000,224400
2008-01-18,22.8300,25.0100,22.5100,24.6900,244000
2008-01-11,22.8200,24.4000,22.3200,22.8900,210100
2008-01-04,23.0000,23.2600,22.3500,22.7500,434300
2007-12-28,24.1400,24.3600,23.0000,23.0500,126300
2007-12-21,25.4200,25.5200,22.8100,23.9400,346700
2007-12-14,24.4500,25.8700,24.0500,25.6100,303000
2007-12-07,23.0500,24.5800,22.0000,24.4400,281000
2007-11-30,23.1000,24.4300,22.2500,23.2500,448100
2007-11-23,22.1700,23.9400,21.3800,23.0200,551300
2007-11-16,22.6400,23.3600,21.6500,22.0300,803900
2007-11-09,24.7900,25.3500,22.4500,22.5900,736300
2007-11-02,26.5700,27.0400,24.1200,25.1300,518300
2007-10-26,24.6000,26.8200,24.2700,26.5900,312400
2007-10-19,25.4400,25.8700,24.6100,24.7200,332200
2007-10-12,24.0000,25.6900,23.9500,25.4600,496600
2007-10-05,23.0700,24.2600,22.8100,24.1100,431500
2007-09-28,23.7900,24.4000,22.4300,23.1200,501900
2007-09-21,23.4100,25.3900,22.8100,23.8300,361200
2007-09-14,24.7950,24.7950,23.0700,23.5000,497400
2007-09-07,25.0300,25.2900,24.6100,24.6900,253500
2007-08-31,25.8100,26.2000,24.5900,25.0700,458200
2007-08-24,25.3100,26.9000,24.0600,25.9400,466700
2007-08-17,26.3700,28.7500,24.7600,25.2800,600800
2007-08-10,26.0000,27.5700,22.7200,25.9600,1141400
2007-08-03,26.7100,27.5400,25.3600,25.9300,652500
2007-07-27,27.9900,28.3600,26.6300,26.7600,435200
2007-07-20,27.4600,28.3100,27.1400,27.9500,428700
2007-07-13,26.9800,27.9900,26.7500,27.4900,352000
2007-07-06,26.4100,27.1800,26.1200,27.0200,388200
2007-06-29,25.7200,26.3150,24.1800,26.1400,567900
2007-06-22,26.4500,26.4500,24.0100,25.6700,559100
2007-06-15,26.5700,26.9400,25.4000,26.4800,344300
2007-06-08,25.9000,27.0800,23.1400,26.6600,675600
2007-06-01,26.5600,27.5000,25.7200,26.1500,307700
2007-05-25,26.0300,27.2000,25.8800,26.4100,245800
2007-05-18,27.4100,27.5600,25.6600,26.1500,291700
2007-05-11,26.8700,28.7900,26.5000,27.5100,370300
2007-05-04,28.2200,28.6700,26.4300,26.9800,573800
2007-04-27,28.7100,29.2200,27.5600,28.2200,312400
2007-04-20,29.7600,30.7300,28.5000,28.8800,478800
2007-04-13,29.4900,30.4200,28.4600,29.7000,472500
2007-04-05,30.2600,30.4300,29.0900,29.5200,540800
2007-03-30,31.6000,31.6000,29.2200,30.2500,440000
2007-03-23,30.0000,32.4000,29.6800,31.6000,601200
2007-03-16,30.0000,30.5900,28.6000,30.0000,845200
2007-03-09,29.8500,30.5600,28.7800,30.1900,802600
2007-03-02,33.1900,33.6800,29.0300,30.1900,1020000
2007-02-23,33.4200,34.5600,32.5800,33.3200,720100
2007-02-16,37.2000,37.5400,33.3100,33.6500,1316700
2007-02-09,47.3000,47.8400,36.6100,37.0800,1330100
2007-02-02,44.0500,48.1700,44.0500,47.5200,880500
2007-01-26,43.0500,44.9100,41.9500,44.0800,741600
2007-01-19,44.4600,45.7600,42.0500,43.4300,928800
2007-01-12,42.7900,45.0700,40.9500,44.5400,1524200
2007-01-05,48.6900,49.1800,43.1500,43.4800,1126300
2006-12-29,45.6300,49.3900,45.5101,47.5700,635400
2006-12-22,45.4800,48.1000,44.0100,45.8400,1409000
2006-12-15,40.0000,46.3300,39.6600,45.0300,1447367
2006-12-08,56.8700,63.5800,56.8700,60.2500,1149401
2006-12-01,54.7200,58.5200,51.6600,56.8900,947268
2006-11-24,56.3700,56.8200,54.0000,55.0400,602867
2006-11-17,46.6300,57.2500,46.6300,56.3400,912401
2006-11-10,44.7700,47.2500,44.2100,46.6300,332534
2006-11-03,44.6500,45.5800,43.0000,44.5400,302334
2006-10-27,40.2100,47.0500,39.8200,44.9200,518934
2006-10-20,38.5100,41.4500,38.5000,39.8900,315868
2006-10-13,39.0000,39.0000,37.4000,39.0000,237201
2006-10-06,34.8900,39.9400,34.2200,38.8700,349001
2006-09-29,36.4000,36.6000,34.9100,35.0800,252334
2006-09-22,37.7600,37.8700,35.7400,36.2200,159267
2006-09-15,34.3600,37.8000,34.3600,37.5700,165934
2006-09-08,32.8000,36.3900,32.8000,34.4100,271667
2006-09-01,29.1800,32.9700,28.9000,32.7000,227401
2006-08-25,29.4800,29.7500,28.3600,29.1100,122401
2006-08-18,27.3900,30.7100,27.2800,29.1500,127135
2006-08-11,27.0800,28.1300,25.8200,27.0500,156201
2006-08-04,25.0600,27.9900,23.9600,27.3600,264667
2006-07-28,24.8500,27.0100,24.8500,25.2600,53868
2006-07-21,24.6900,27.3700,24.0800,24.5800,120934
2006-07-14,24.9000,26.7900,24.6300,24.9100,67001
2006-07-07,25.0000,25.9400,24.8000,25.1900,101467
2006-06-30,22.2000,25.0000,21.7700,25.0000,229534
2006-06-23,23.1600,24.1300,21.3200,22.2400,117601
2006-06-16,25.5000,26.4700,23.2000,23.4700,180801
2006-06-09,25.0600,26.1800,24.6500,25.9900,148334
2006-06-02,23.2700,26.0000,22.2200,25.3200,124334
2006-05-26,20.9000,23.8000,20.5600,23.6400,92801
2006-05-19,21.9600,22.1499,20.6500,20.9500,124667
2006-05-12,21.7500,23.4000,21.7500,22.1200,104868
2006-05-05,21.2500,22.6100,21.2500,22.0900,78800
2006-04-28,21.2700,22.4300,20.5000,22.0800,136268
2006-04-21,20.7100,21.4600,19.8000,21.1300,50867
2006-04-13,21.6700,21.8400,20.6700,20.9300,45334
2006-04-07,21.8400,26.0900,21.7000,21.7000,91467
2006-03-31,19.9200,22.0200,19.5800,22.0200,92134
2006-03-24,20.1500,20.4200,19.5500,19.9100,49668
2006-03-17,19.9300,21.6900,19.6300,20.4200,113934
2006-03-10,18.9450,20.2000,18.6400,20.2000,75401
2006-03-03,19.9200,20.1000,18.6900,19.3000,71334
2006-02-24,20.4100,20.6940,20.0000,20.0000,32801
2006-02-17,19.8000,20.8200,19.3200,20.5000,90801
2006-02-10,17.7500,19.8800,16.8700,19.7200,207934
2006-02-03,18.6900,18.6900,17.8100,17.8700,53334
2006-01-27,19.1600,19.1600,18.3400,18.8000,37867
2006-01-20,18.7200,19.6400,18.7100,19.0000,56000
2006-01-13,18.6300,19.2500,18.1400,18.9600,59801
2006-01-06,18.9700,19.4300,18.1600,18.6300,50667
2005-12-30,19.0400,19.2700,18.1600,18.9900,50201
2005-12-23,21.0700,21.0700,19.0600,19.4000,50801
2005-12-16,21.1400,21.6500,20.6600,20.8200,174134
2005-12-09,16.9600,21.5200,16.6600,21.1400,369068
2005-12-02,16.3600,16.9800,15.9000,16.9700,443068
2005-11-25,16.6000,16.7000,16.3100,16.4000,238200
2005-11-18,17.5300,17.5300,16.5000,16.6000,541067
2005-11-11,19.5000,19.5000,17.1500,17.3000,404935
2005-11-04,20.7400,21.9900,19.5000,19.7000,195001
2005-10-28,21.4500,22.1000,19.5400,20.4900,162400
2005-10-21,22.3900,22.4500,20.9100,21.3300,69868
2005-10-14,22.1500,23.0900,21.8500,22.2900,146601
2005-10-07,23.7900,23.9600,21.6500,22.6000,130667
2005-09-30,23.1000,25.3200,22.7400,23.9600,251334
2005-09-23,23.8700,23.9500,22.7300,23.1700,144268
2005-09-16,23.1900,23.7000,22.9000,23.5000,206268
2005-09-09,23.7000,24.5900,23.1400,23.5600,194001
2005-09-02,23.9900,24.5500,22.9000,23.6300,168401
2005-08-26,25.2000,25.8300,23.8500,24.1600,152401
2005-08-19,24.7900,26.4200,24.2000,25.3600,226801
2005-08-12,24.7900,25.5900,24.0600,25.1000,67601
2005-08-05,26.5700,27.9800,24.0100,24.1100,25934
2005-07-29,26.9000,27.4600,23.1900,26.8600,111001
2005-07-22,25.7500,28.0000,25.5300,26.9000,31667
2005-07-15,28.0000,29.0000,24.2500,25.2100,54067
2005-07-08,25.5000,28.0000,24.9160,28.0000,40734
2005-07-01,25.2800,26.5000,24.0400,25.1900,88001
2005-06-24,27.3600,28.4700,25.2300,25.3200,65867
2005-06-17,26.9700,28.4300,26.6700,27.3000,218401
2005-06-10,27.0100,28.2000,26.6000,26.9800,258734
2005-06-03,26.3800,27.5000,26.3800,27.2000,70601
2005-05-27,26.6200,27.4600,26.1200,27.0600,199201
2005-05-20,25.9100,28.0000,25.7400,27.2500,170800
2005-05-13,20.6900,25.9800,20.6900,25.4300,161001
2005-05-06,19.9000,21.1700,19.9000,20.5000,132467
2005-04-29,21.3200,22.0800,20.0200,20.5400,99467
2005-04-22,20.2500,21.8180,19.9800,20.8500,115267
2005-04-15,21.7700,23.9000,20.3500,20.3500,154734
2005-04-08,20.6600,22.6600,20.4100,22.1000,96068
2005-04-01,21.9200,22.2200,20.6900,20.8200,68934
2005-03-24,21.0000,22.0800,19.9700,21.9300,111934
2005-03-18,19.7800,21.5900,19.2100,20.6400,158401
2005-03-11,21.5500,21.5500,18.4000,19.0900,165934
2005-03-04,21.7300,22.5000,20.7000,21.0700,138201
2005-02-25,21.7300,22.4100,20.4700,22.3700,109601
2005-02-18,20.2400,23.7400,19.8000,21.7100,150734
2005-02-11,22.4800,22.8100,19.9200,20.2200,136401
2005-02-04,22.3900,23.0000,21.1600,22.4500,185934
2005-01-28,24.6100,24.6100,20.0600,21.8100,159800
2005-01-21,25.0100,26.8500,24.0700,24.2000,65601
2005-01-14,26.6700,27.0010,24.7000,25.4800,53800
2005-01-07,27.4300,27.8500,25.6500,25.9400,85535
2004-12-31,27.5300,27.7400,26.0800,26.7800,110334
2004-12-23,26.6900,27.5400,26.6900,27.0000,129134
2004-12-17,28.1000,28.2000,26.7000,27.4200,201001
2004-12-10,30.4200,30.8490,27.0700,28.0900,150134
2004-12-03,31.2300,32.3500,30.5200,30.6200,82535
2004-11-26,29.5500,31.2800,29.5500,30.9210,47667
2004-11-19,29.9900,30.6100,29.2800,29.9800,78068
2004-11-12,29.0710,30.2700,29.0000,29.9900,152601
2004-11-05,26.0000,30.8600,26.0000,29.5100,103801
2004-10-29,28.9690,28.9690,25.9900,26.1450,61534
2004-10-22,29.3590,29.7900,28.1700,28.1800,13267
2004-10-15,29.7100,30.9190,28.0200,29.0000,40534
2004-10-08,29.8400,31.4800,29.8400,30.3300,13801
2004-10-01,29.4500,31.4000,28.7600,30.1100,35934
2004-09-24,29.9500,31.4800,29.3500,29.4500,61667
2004-09-17,30.6200,31.5000,30.0800,31.5000,55001
2004-09-10,29.0890,30.8690,28.3000,30.3700,55067
2004-09-03,27.9400,30.1800,26.6710,29.0000,74800
2004-08-27,28.3500,29.7000,26.5300,26.8100,66001
2004-08-20,24.6300,28.2500,24.6100,28.0000,77201
2004-08-13,24.2000,25.8000,23.8100,24.8000,123801
2004-08-06,27.0800,27.7100,23.9500,24.3200,132867
2004-07-30,25.2100,26.6900,24.0000,25.5800,137401
2004-07-23,26.3300,27.3300,24.0000,24.0000,61601
2004-07-16,26.0400,29.2300,25.5900,25.5900,55134
2004-07-09,28.4400,28.4400,26.0200,27.2800,38134
2004-07-02,25.5400,28.8000,25.5400,27.8600,90735
2004-06-25,25.0800,26.5350,24.7900,26.5200,144334
2004-06-18,26.3490,26.5900,24.7800,24.9700,106734
2004-06-10,24.7500,27.7900,24.5300,26.0200,111401
2004-06-04,23.2400,26.1000,23.0500,25.1000,103601
2004-05-28,25.5500,25.5500,23.2300,23.2300,217334
2004-05-21,24.7500,26.0000,22.6500,25.0400,289068
2004-05-14,29.7110,30.5000,23.0700,24.1500,358534
2004-05-07,30.6400,32.4900,30.0000,30.4900,88801
2004-04-30,30.8400,32.4600,30.3600,31.0800,128868
2004-04-23,32.7950,32.7950,30.2500,30.2500,46934
2004-04-16,35.7600,35.7600,31.3300,31.8800,54534
2004-04-08,35.8800,36.3100,34.1200,34.5000,27467
2004-04-02,35.2800,36.8400,34.8700,35.2500,66867
2004-03-26,35.5750,36.5000,34.5000,35.0600,62068
2004-03-19,35.2900,36.0000,34.2500,34.7500,48868
2004-03-12,36.2000,36.9300,34.2510,35.9500,23001
2004-03-05,36.9000,37.1800,34.5900,36.2020,35267
2004-02-27,38.0000,38.0000,35.8500,36.3500,56334
2004-02-20,39.7900,39.8000,38.0000,38.1500,36401
2004-02-13,39.3600,40.7500,38.2500,39.4000,119134
2004-02-06,38.0000,39.5200,37.8000,39.3800,166601
2004-01-30,38.0400,40.2400,37.6000,38.4500,265401
2004-01-23,40.4000,40.8000,34.0200,37.4900,169401
2004-01-16,38.9500,40.3900,38.4500,39.9100,64801
2004-01-09,37.0300,38.9000,37.0300,38.6700,78134
2004-01-02,35.6500,38.1490,35.6500,37.2000,47201
2003-12-26,35.5500,37.4500,35.5500,37.2500,30067
2003-12-19,37.3300,37.8000,34.7500,36.4600,47601
2003-12-12,35.1300,37.0200,34.0100,36.4900,66401
2003-12-05,36.0600,36.0600,33.5000,34.8300,226601
2003-11-28,34.6000,36.1500,33.7800,34.3000,44667
2003-11-21,33.8000,35.4900,32.6300,34.5000,69401
2003-11-14,35.0500,35.9300,33.8600,34.7400,45934
2003-11-07,36.0000,36.9900,34.9600,34.9600,122601
2003-10-31,34.0000,37.4500,34.0000,36.1400,72334
2003-10-24,35.7500,35.7500,33.8990,34.0990,70001
2003-10-17,35.4790,35.9000,34.0500,35.3600,108934
2003-10-10,35.3910,35.9200,34.2200,34.3600,49867
2003-10-03,35.0500,36.0200,34.3900,35.8500,76401
2003-09-26,36.2800,36.7400,34.7000,34.9500,59334
2003-09-19,36.1700,37.7500,36.0500,36.6400,37800
2003-09-12,37.0600,38.4000,35.7500,36.7900,49668
2003-09-05,37.8300,38.7500,36.0000,37.0800,55934
2003-08-29,38.4200,38.5000,37.1500,37.6000,53468
2003-08-22,36.8500,38.7800,35.8500,38.7800,152934
2003-08-15,35.9000,37.1800,35.2500,35.2500,43735
2003-08-08,36.6400,37.1700,34.2000,35.5500,100201
2003-08-01,36.1350,36.9400,35.1200,36.8600,31334
2003-07-25,36.6000,37.4890,35.2400,35.5300,55534
2003-07-18,36.2000,37.1000,35.7200,36.8700,92734
2003-07-11,36.1500,36.2000,35.3400,36.1900,54801
2003-07-03,35.3990,36.2000,34.3100,35.6600,97934
2003-06-27,35.5300,36.1000,33.1000,35.7400,87601
2003-06-20,33.0900,36.0000,32.7900,35.7990,85667
2003-06-13,32.6410,33.7300,32.0900,33.0500,57334
2003-06-06,33.2300,34.4900,31.7500,33.1100,52001
2003-05-30,32.8100,33.3000,32.3100,33.1900,104134
2003-05-23,32.5000,32.8500,31.5000,32.5800,58668
2003-05-16,33.8500,34.0000,31.4000,32.0500,51267
2003-05-09,31.6100,34.2800,31.5000,33.8500,60334
2003-05-02,31.0500,31.8000,31.0300,31.7500,68068
2003-04-25,31.7500,31.7500,30.9300,31.1500,47467
2003-04-17,31.3000,31.9800,30.4500,31.8000,28067
2003-04-11,30.5400,32.6100,30.3110,31.4200,50601
2003-04-04,32.9100,33.6600,29.8600,30.4900,62001
2003-03-28,33.7500,34.3800,32.7600,33.4100,29934
2003-03-21,33.3200,34.3600,33.1600,33.7500,58468
2003-03-14,31.8500,33.7800,30.3000,33.2700,45801
2003-03-07,33.0000,33.1300,30.7900,31.9300,40601
2003-02-28,33.3800,33.5800,32.6200,32.8400,22201
2003-02-21,32.1200,33.9300,32.0000,33.5400,13934
2003-02-14,33.0200,33.0400,31.2500,32.0000,45534
2003-02-07,33.6400,34.5000,32.8800,33.2300,37868
2003-01-31,34.2500,34.3100,31.0400,33.4100,98867
2003-01-24,35.0200,36.0000,34.0500,34.0500,25200
2003-01-17,35.5000,36.0000,34.9000,35.5000,35601
2003-01-10,36.2500,36.2900,35.3600,35.6800,63467
2003-01-03,35.6000,36.6000,35.4100,36.0200,51800
2002-12-27,35.0000,36.0400,35.0000,35.5800,24534
2002-12-20,34.0200,35.1900,34.0200,35.1000,64401
2002-12-13,34.0500,34.6900,33.2500,34.5500,61134
2002-12-06,33.2600,34.1300,32.6100,34.0000,43201
2002-11-29,33.5000,33.7500,31.5600,33.2500,37401
2002-11-22,33.2400,33.5700,32.8000,33.5000,40868
2002-11-15,33.8700,34.0000,32.2300,33.2300,136001
2002-11-08,33.5000,34.7500,33.2500,33.8700,60534
2002-11-01,31.2400,33.5000,31.0100,33.5000,126668
2002-10-25,30.0000,32.0000,29.7400,31.0500,87801
2002-10-18,30.0100,30.5000,29.3200,30.0000,60068
2002-10-11,29.9100,30.2500,29.0900,30.0100,63935
2002-10-04,29.0200,30.4500,29.0200,29.9100,78000
2002-09-27,29.9500,30.2500,28.5100,28.9500,92934
2002-09-20,28.7500,30.0600,27.7200,29.8400,83601
2002-09-13,29.0200,29.4300,28.5000,29.0500,33800
2002-09-06,28.4600,29.0500,27.9000,29.0500,21001
2002-08-30,29.4500,30.1000,27.7000,29.0000,46001
2002-08-23,30.0900,30.6800,29.4700,29.4700,53268
2002-08-16,29.6500,30.6000,28.7800,30.1000,40067
2002-08-09,29.8000,31.2000,28.8700,29.8600,71867
2002-08-02,29.2000,30.5000,28.9200,30.0100,79401
2002-07-26,32.6600,32.9900,28.8000,29.0000,152401
2002-07-19,30.6800,33.8600,30.0000,32.8000,89934
2002-07-12,33.6900,34.7100,30.0000,30.9200,56401
2002-07-05,33.0700,34.3600,31.1500,33.6900,55534
2002-06-28,35.4400,35.8700,33.0000,33.5000,121801
2002-06-21,35.1400,35.7000,33.8000,35.3500,54601
2002-06-14,34.2400,35.2500,33.3200,35.1600,88935
2002-06-07,34.2700,34.8300,33.2500,34.0000,54134
2002-05-31,33.1500,34.7500,32.8500,34.3500,83134
2002-05-24,34.6300,34.8300,33.0600,33.8600,98534
2002-05-17,34.0000,34.6300,33.3000,34.2400,105935
2002-05-10,34.2000,34.2500,33.1700,34.0000,138467
2002-05-03,32.5000,34.2400,32.4500,34.0000,101001
2002-04-26,32.5000,33.0000,32.0000,32.8500,102268
2002-04-19,32.8000,33.0000,32.4000,32.7900,103134
2002-04-12,33.7500,33.7500,32.5000,32.9800,154334
2002-04-05,30.5000,33.7000,29.5000,33.6000,137468
2002-03-28,30.9900,31.0000,29.8400,29.8400,35467
2002-03-22,31.1300,31.4700,30.1900,30.4700,72934
2002-03-15,31.1000,31.5000,29.2500,30.2500,76734
2002-03-08,30.1000,32.0000,29.5500,31.1100,82001
2002-03-01,31.2000,31.5000,28.0000,30.0000,203335
2002-02-22,31.7000,33.0000,30.0200,31.2000,88534
2002-02-15,31.9900,33.0000,31.5000,31.7900,64534
2002-02-08,32.0000,32.6500,31.5900,32.6500,28868
2002-02-01,31.5000,32.5600,31.5000,32.5100,35001
2002-01-25,31.3000,32.0000,31.2500,31.6900,47401
2002-01-18,33.4500,33.4500,31.2000,31.3000,77268
2002-01-11,33.5000,33.5500,32.8300,32.8300,92134
2002-01-04,31.5000,33.7500,31.4400,33.3500,91334
2001-12-28,30.0000,31.4500,29.0000,31.4400,105534
2001-12-21,31.5000,32.0000,30.0000,30.4000,107801
2001-12-14,32.6900,32.6900,31.0000,31.5000,57267
2001-12-07,32.4900,33.1400,31.9100,32.5000,49601
2001-11-30,32.2900,32.4500,31.4500,32.4400,62601
2001-11-23,32.4000,32.4900,30.8500,32.1000,39334
2001-11-16,30.4800,32.4900,28.7600,32.2000,55868
2001-11-09,30.0900,30.5000,28.6400,30.4800,33134
2001-11-02,29.5800,30.1500,27.6300,30.0400,64934
2001-10-26,27.9900,29.4000,27.0000,29.4000,135800
2001-10-19,27.0000,27.9500,25.9500,27.5000,78734
2001-10-12,27.6200,27.7500,25.2300,27.1000,96268
2001-10-05,26.0000,27.5500,25.6000,27.0300,88068
2001-09-28,24.2300,26.3000,23.0500,26.3000,241268
2001-09-21,24.7700,25.5000,21.0000,24.0000,112534
2001-09-10,25.0000,26.5000,24.5300,25.3500,16400
2001-09-07,26.2700,26.2800,23.4200,25.0000,33334
2001-08-31,39.7500,39.7500,38.3600,39.4100,24089
2001-08-24,40.0000,40.0500,39.2500,39.7500,36490
2001-08-17,40.1400,40.2400,39.3000,40.0000,34178
2001-08-10,38.5000,39.8500,37.6300,38.6500,24044
2001-08-03,37.3000,38.5000,36.7500,38.5000,21555
2001-07-27,35.5700,37.5000,35.1000,37.5000,39290
2001-07-20,34.9000,36.1000,34.6000,35.5700,19377
2001-07-13,34.7500,35.9500,33.9800,35.6400,28400
2001-07-06,37.1600,37.2500,34.0000,34.7500,48089
2001-06-29,37.0000,37.2600,35.0400,37.2500,47734
2001-06-22,35.9500,37.3100,35.6900,36.6100,26354
2001-06-15,36.0000,36.3500,35.9000,35.9900,70178
2001-06-08,36.4300,37.3400,35.6100,36.1000,57867
2001-06-01,36.8000,37.5400,35.5000,36.3000,17334
2001-05-25,36.8100,37.5500,36.5000,37.5300,24801
2001-05-18,37.1300,38.0500,35.5500,37.2500,33511
2001-05-11,36.4600,37.8000,35.8100,37.7500,34623
2001-05-04,36.5000,36.5400,35.8100,36.3400,25200
2001-04-27,36.5200,36.7600,35.8500,36.4300,151866
2001-04-20,36.4100,36.7500,33.0000,36.4300,267956
2001-04-12,36.0100,36.6200,36.0100,36.4500,21112
2001-04-06,35.2500,36.6300,35.0000,36.0000,54756
2001-03-30,34.5000,35.6300,33.9400,35.3800,90755
2001-03-23,35.9800,36.4400,31.5000,35.3800,59289
2001-03-16,35.6300,36.5000,34.2500,35.8100,33466
2001-03-09,36.1100,36.5000,35.4400,35.8100,17911
2001-03-02,35.7500,36.6300,35.0000,36.1300,41423
2001-02-23,36.3800,37.2500,35.5000,36.3800,25555
2001-02-16,36.3800,36.7500,35.7500,36.7500,39244
2001-02-09,36.3000,37.0000,35.2500,36.3100,26889
2001-02-02,36.2500,36.5600,34.8800,36.3100,20668
2001-01-26,36.5000,37.0000,33.1300,36.3800,53334
2001-01-19,34.6300,37.2500,34.6300,36.9400,96623
2001-01-12,32.6300,35.5000,32.0000,34.8800,80533
2001-01-05,34.5000,34.6300,32.6300,32.6300,59288
2000-12-29,34.2500,35.1300,33.3800,34.6300,48889
2000-12-22,33.0600,37.8800,32.3900,34.3800,51778
2000-12-15,35.8800,36.1300,32.3100,33.0000,49023
2000-12-08,31.6300,36.3100,31.1900,36.0000,41823
2000-12-01,32.1300,32.8800,31.0000,32.1300,52756
2000-11-24,30.7500,32.7500,30.7500,32.1300,11778
2000-11-17,28.1400,31.3800,27.6900,30.8800,53422
2000-11-10,32.1900,32.2500,27.5600,28.4800,121023
2000-11-03,30.9400,33.5000,30.0600,32.1300,187200
2000-10-27,29.9400,31.1300,29.6300,30.8800,85246
2000-10-20,27.0600,31.2500,26.6900,30.3800,138800
2000-10-13,28.8800,28.8800,25.5000,27.0000,95244
2000-10-06,28.1300,28.8800,26.8800,28.5000,91245
2000-09-29,27.0000,28.2500,26.7500,27.8100,76089
2000-09-22,26.3800,27.2500,25.3100,27.0600,74756
2000-09-15,26.8100,26.8100,25.0500,26.5600,65200
2000-09-08,27.4400,27.5000,25.8800,26.8100,33423
2000-09-01,27.1300,27.6300,26.7500,27.5000,51467
2000-08-25,26.9100,27.7500,26.5000,26.7500,52532
2000-08-18,27.3100,28.1300,26.5000,27.0000,78712
2000-08-11,27.8800,28.0000,27.0000,27.3800,117599
2000-08-04,27.0000,27.8800,26.8800,27.8800,91823
2000-07-28,28.6300,28.6900,26.6300,27.7500,45378
2000-07-21,29.2500,29.5000,28.4400,28.5600,48444
2000-07-14,27.6300,29.3800,26.7500,29.2500,86979
2000-07-07,27.0000,28.0000,26.0000,27.7500,124532
2000-06-30,27.0600,29.3800,24.0600,24.6900,378312
2000-06-23,27.5000,27.7500,26.8100,27.3800,96800
2000-06-16,27.6300,27.7500,27.3800,27.6900,94667
2000-06-09,27.7500,27.7500,27.1300,27.5600,86090
2000-06-02,27.4400,28.0000,26.8900,27.8100,58533
2000-05-26,27.0000,27.6900,26.1300,27.4400,19734
2000-05-19,29.0600,29.0600,26.0000,27.0000,70845
2000-05-12,26.2500,29.6900,26.2500,29.4400,57956
2000-05-05,27.1300,28.0000,22.7500,27.1300,78888
2000-04-28,24.5000,27.1300,24.5000,27.1300,46400
2000-04-20,26.1300,27.3100,24.0000,24.3800,71688
2000-04-14,26.6300,27.2500,25.0000,26.3800,68355
2000-04-07,25.2500,27.7500,25.0000,26.9400,59111
2000-03-31,25.1600,26.7500,24.7500,26.0000,35823
2000-03-24,24.6300,25.8800,24.6300,25.0000,139244
2000-03-17,25.0600,25.6300,24.0000,24.6300,76045
2000-03-10,24.9400,24.9400,23.4400,24.8800,123823
2000-03-03,24.8800,25.1300,21.3800,24.8800,86932
2000-02-25,25.8100,25.8100,24.5000,25.1300,43600
2000-02-18,25.5000,29.0000,24.8800,25.6300,42089
2000-02-11,24.6300,28.1300,24.5600,25.7500,97022
2000-02-04,24.9400,25.0000,24.0000,24.6200,39379
2000-01-28,23.9400,25.0000,23.9400,24.8100,33601
2000-01-21,22.8800,24.7500,22.8800,24.7500,25733
2000-01-14,24.1300,24.8800,21.8800,23.6300,47955
