timestamp,open,high,low,close,volume
2018-02-27,6.4500,6.5000,6.3500,6.5000,16415
2018-02-23,6.6500,6.6500,6.4000,6.4500,68916
2018-02-16,6.4505,6.6500,6.2000,6.6000,54975
2018-02-09,7.1500,7.2500,6.1000,6.4082,120022
2018-02-02,7.3500,7.4000,7.0500,7.1810,59233
2018-01-26,7.2500,7.4500,7.1600,7.4000,36991
2018-01-19,7.1500,7.5375,7.0741,7.2450,77328
2018-01-12,7.2500,7.3000,6.9985,7.1500,51567
2018-01-05,6.5000,7.3000,6.5000,7.2250,185976
2017-12-29,6.4998,6.6500,6.3500,6.4500,44825
2017-12-22,6.4000,6.6500,6.3085,6.4500,76784
2017-12-15,6.5000,6.6950,6.3500,6.3500,89670
2017-12-08,6.6000,6.6000,6.1500,6.3950,41694
2017-12-01,6.1000,6.6000,6.0700,6.5000,63085
2017-11-24,5.9500,6.1000,5.9000,6.1000,22251
2017-11-17,6.0000,6.0050,5.6550,5.9500,98811
2017-11-10,6.1000,6.3000,5.8000,6.0500,68420
2017-11-03,6.2507,6.3500,5.9500,6.1000,39888
2017-10-27,6.5750,6.5750,5.9500,6.2000,57352
2017-10-20,6.5000,6.6000,6.2500,6.6000,47994
2017-10-13,6.5000,6.6500,6.3000,6.5000,37442
2017-10-06,6.4500,6.5500,6.3500,6.5500,64094
2017-09-29,6.4000,6.6000,6.2500,6.5000,49133
2017-09-22,6.5500,6.5500,6.3500,6.4500,88995
2017-09-15,6.6000,6.7000,6.5000,6.5500,94639
2017-09-08,6.5500,6.7500,6.5000,6.5500,74204
2017-09-01,6.6000,6.8000,6.4200,6.5500,70337
2017-08-25,6.3000,6.5500,6.2000,6.5500,54499
2017-08-18,5.6500,6.7000,5.6500,6.3000,101166
2017-08-11,5.9500,6.0500,5.5000,5.6000,210048
2017-08-04,5.6500,5.8000,5.4000,5.5500,116299
2017-07-28,5.6500,5.8500,5.5500,5.6000,110094
2017-07-21,5.7500,6.3033,5.6500,5.7500,208685
2017-07-14,6.5774,6.6500,5.4000,5.4500,333297
2017-07-07,6.9500,7.1500,6.4648,6.5000,41537
2017-06-30,6.8500,6.9500,6.6000,6.9500,116564
2017-06-23,7.1000,7.1500,6.6000,6.8000,97045
2017-06-16,7.9000,8.0500,7.0500,7.1500,247858
2017-06-09,7.5500,7.9500,7.5500,7.8500,72401
2017-06-02,7.7500,7.7500,7.5500,7.6000,32726
2017-05-26,7.5500,7.8500,7.5500,7.7000,52790
2017-05-19,7.9000,7.9500,7.5500,7.6000,56014
2017-05-12,7.7500,8.0500,7.7500,7.9000,40947
2017-05-05,7.7500,7.9000,7.5500,7.8500,61649
2017-04-28,7.9500,8.0000,7.5827,7.8000,63698
2017-04-21,7.7500,8.0000,7.5000,7.9500,121493
2017-04-13,7.7500,8.1500,7.7500,7.8000,82348
2017-04-07,8.3000,8.4000,7.7000,7.7500,103652
2017-03-31,8.2000,8.7000,7.9000,8.2250,224726
2017-03-24,7.9500,8.1000,7.6500,8.1000,75761
2017-03-17,7.8000,8.1050,7.6500,7.9000,151546
2017-03-10,7.7000,7.9000,7.3500,7.8500,140847
2017-03-03,7.7500,8.2500,7.3500,7.6000,323143
2017-02-24,7.3000,7.8500,7.2000,7.7000,306527
2017-02-17,7.4500,7.7000,7.2000,7.2500,338806
2017-02-10,7.5000,7.6500,7.0500,7.5500,259677
2017-02-03,7.6000,7.7500,7.3500,7.5000,126006
2017-01-27,7.7500,7.8469,7.5500,7.6500,201895
2017-01-20,7.7500,7.8000,7.5900,7.8000,87292
2017-01-13,7.7000,7.9000,7.5050,7.8500,124472
2017-01-06,7.9000,8.0500,7.4000,7.6500,292721
2016-12-30,7.6000,7.9000,7.4500,7.7500,113729
2016-12-23,7.7000,8.0000,7.4500,7.7000,92799
2016-12-16,8.3500,8.5500,7.2000,7.6000,354415
2016-12-09,7.9500,8.7500,7.6000,8.3000,236716
2016-12-02,8.2500,8.3000,7.6750,7.9500,281291
2016-11-25,8.5000,8.5686,7.5000,8.2000,290380
2016-11-18,9.9500,9.9500,8.3000,8.6500,233419
2016-11-11,9.5000,9.9500,9.2000,9.8500,55608
2016-11-04,9.7500,9.7500,9.5000,9.5500,35573
2016-10-28,10.2400,10.2400,9.3100,9.6200,69794
2016-10-21,10.0600,10.2400,10.0556,10.2400,24261
2016-10-14,10.2000,10.2000,9.9300,10.2000,24133
2016-10-07,10.1100,10.2200,9.8500,10.1800,42257
2016-09-30,9.5501,10.2000,9.5501,10.2000,20676
2016-09-23,9.6600,9.9000,9.5010,9.7300,19564
2016-09-16,10.1000,10.1600,9.6046,9.7300,55147
2016-09-09,10.1000,10.1700,9.9600,10.1400,33498
2016-09-02,10.0399,10.1600,9.9400,10.0200,23562
2016-08-26,9.9300,10.1600,9.7805,10.0300,38077
2016-08-19,9.9500,10.0000,9.8200,9.8800,45895
2016-08-12,10.1000,10.1200,9.8800,9.9900,38916
2016-08-05,9.7900,10.1700,9.7900,10.0800,22325
2016-07-29,9.3927,10.1624,9.1710,10.1204,41418
2016-07-22,10.0200,10.1900,9.6000,9.9600,70135
2016-07-15,9.7000,10.0600,9.5900,10.0500,57159
2016-07-08,9.8000,9.8000,9.4401,9.6800,49688
2016-07-01,9.5900,9.7900,8.9500,9.7800,77931
2016-06-24,9.6500,9.8200,9.3000,9.7200,47291
2016-06-17,9.2001,9.6499,9.2001,9.6300,56806
2016-06-10,9.6000,9.6500,9.5325,9.5400,65569
2016-06-03,9.4600,9.6000,9.3600,9.5900,88106
2016-05-27,9.2500,9.5300,9.0000,9.4900,70103
2016-05-20,9.4000,9.4799,9.0000,9.2300,29762
2016-05-13,9.2800,9.4800,9.0000,9.2900,59499
2016-05-06,9.2500,9.3700,9.0101,9.3400,48848
2016-04-29,9.1817,9.3900,9.0924,9.1825,26825
2016-04-22,9.3800,9.3860,9.0600,9.1900,63257
2016-04-15,9.4400,9.4600,9.2500,9.3100,36293
2016-04-08,9.3700,10.0000,9.1907,9.4300,63450
2016-04-01,9.0700,9.7599,9.0700,9.3800,82966
2016-03-24,8.9200,9.2200,8.9200,9.0100,73454
2016-03-18,8.8430,9.2300,8.7200,9.0000,139606
2016-03-11,8.6900,8.8500,8.5000,8.8500,47160
2016-03-04,8.6200,8.8000,8.4400,8.5800,57020
2016-02-26,8.1500,8.6400,8.0905,8.5351,28745
2016-02-19,8.2200,8.5000,8.0700,8.2400,38466
2016-02-12,8.3600,8.4999,7.9500,8.2340,52129
2016-02-05,8.5000,8.9000,8.2600,8.4400,24757
2016-01-29,8.2300,8.5000,8.1501,8.5000,41970
2016-01-22,8.2000,8.3299,7.6400,8.2300,116416
2016-01-15,8.5500,8.5900,8.1800,8.2000,38676
2016-01-08,8.5800,8.5899,8.2300,8.5200,100842
2015-12-31,8.2600,8.5100,8.0796,8.4900,50269
2015-12-24,7.9200,8.2600,7.8900,8.1500,52777
2015-12-18,8.4900,8.5600,7.8500,7.9500,120916
2015-12-11,8.4500,8.6000,8.2500,8.5200,49070
2015-12-04,8.5400,8.8500,8.3000,8.4700,89052
2015-11-27,8.5400,8.6800,8.4600,8.4800,86812
2015-11-20,8.3900,8.5801,8.2300,8.4901,59230
2015-11-13,8.3600,8.5800,8.2000,8.4300,82250
2015-11-06,8.4000,8.5800,8.2500,8.3200,44202
2015-10-30,8.3200,8.5300,8.2500,8.3600,32597
2015-10-23,8.8300,8.8300,8.2000,8.3000,112829
2015-10-16,8.2600,8.9700,8.1400,8.7200,83879
2015-10-09,8.0400,8.2500,7.9300,8.2500,89169
2015-10-02,8.0800,8.2500,8.0300,8.0900,37639
2015-09-25,8.1300,8.2500,7.7500,8.0600,431121
2015-09-18,8.0900,8.2500,8.0200,8.1500,63101
2015-09-11,8.1500,8.2500,8.0400,8.0900,53638
2015-09-04,8.0900,8.1500,7.9503,8.1000,37485
2015-08-28,7.8800,8.1800,7.8700,8.0700,79329
2015-08-21,8.1700,8.1800,7.9700,8.0400,24670
2015-08-14,8.0400,8.2600,8.0000,8.1200,38297
2015-08-07,8.0000,8.1200,8.0000,8.0900,37842
2015-07-31,8.1000,8.1200,8.0000,8.0499,36696
2015-07-24,8.0201,8.1500,8.0200,8.0754,32710
2015-07-17,7.9900,8.1000,7.9500,8.1000,54927
2015-07-10,7.9800,8.1000,7.9000,8.0500,25795
2015-07-02,8.1600,8.1700,7.9155,8.0500,23278
2015-06-26,8.0494,8.1500,7.9100,8.0500,34863
2015-06-19,8.3800,8.4200,7.7700,7.7700,59309
2015-06-12,8.0000,8.4600,7.9100,8.3800,75179
2015-06-05,8.0100,8.0900,7.9500,8.0490,15574
2015-05-29,7.9500,8.2836,7.8998,8.0180,29971
2015-05-22,8.1900,8.1900,7.9136,8.0300,24971
2015-05-15,8.1000,8.2200,7.8800,8.0400,20889
2015-05-08,8.1001,8.2999,8.0000,8.1000,28394
2015-05-01,8.0300,8.2900,8.0100,8.0400,29303
2015-04-24,8.2700,8.3900,7.9500,8.0700,39618
2015-04-17,8.4500,8.5000,8.2100,8.3100,64907
2015-04-10,8.1200,8.6200,7.9000,8.5000,89813
2015-04-02,7.7700,8.1200,7.6700,8.1200,41910
2015-03-27,7.8200,8.0700,7.6500,7.7000,76899
2015-03-20,7.9900,8.3800,7.6400,7.8200,84967
2015-03-13,8.3800,8.4200,7.5100,7.9200,171478
2015-03-06,8.4500,8.4500,8.1900,8.3400,43549
2015-02-27,8.3800,8.4500,8.1621,8.3960,29788
2015-02-20,8.4100,8.6300,8.1600,8.3190,33658
2015-02-13,8.1500,8.7799,8.1300,8.5900,58085
2015-02-06,7.9300,8.1500,7.8000,8.1500,29734
2015-01-30,8.0000,8.1100,7.8000,7.9320,22153
2015-01-23,7.9000,8.1000,7.8400,8.0000,16820
2015-01-16,8.1500,8.1500,7.4500,7.9400,60515
2015-01-09,7.8000,8.1500,7.6100,8.0472,45319
2015-01-02,7.6700,7.8000,7.5537,7.8000,44229
2014-12-26,7.3200,7.7400,7.3100,7.7000,48912
2014-12-19,7.5000,7.6200,7.2200,7.3977,72709
2014-12-12,7.5100,7.5600,7.1500,7.5400,40858
2014-12-05,7.3300,7.6300,7.1800,7.6200,40403
2014-11-28,7.3194,7.4400,7.1800,7.2600,27865
2014-11-21,7.1000,7.4980,7.0670,7.1900,67203
2014-11-14,7.2000,7.3900,7.1000,7.1500,86677
2014-11-07,7.2700,7.4999,7.1300,7.1800,49128
2014-10-31,7.2600,7.4800,7.1000,7.1700,147416
2014-10-24,7.5200,7.6500,7.2500,7.3000,40994
2014-10-17,7.4500,7.5300,7.2500,7.5300,85723
2014-10-10,7.4900,7.7400,7.3595,7.4250,48589
2014-10-03,7.4600,7.6900,7.3100,7.5100,51774
2014-09-26,7.2000,7.5700,7.2000,7.5200,31755
2014-09-19,7.7700,7.7700,7.1800,7.1800,132614
2014-09-12,7.8500,7.9500,7.1500,7.7700,67681
2014-09-05,7.9500,8.0398,7.8100,7.9000,72948
2014-08-29,7.8500,8.0000,7.5972,7.9100,66069
2014-08-22,7.8600,7.9990,7.6701,7.8800,118198
2014-08-15,7.8600,8.0000,7.5400,7.8800,128932
2014-08-08,7.8000,7.9300,7.5500,7.9300,76217
2014-08-01,7.5000,8.0500,7.5000,7.8000,94288
2014-07-25,7.3000,7.7599,7.1493,7.5800,231958
2014-07-18,7.7600,7.7600,7.3300,7.3600,89395
2014-07-11,7.8400,7.9800,7.7100,7.7100,55192
2014-07-03,7.9400,8.1200,7.4300,7.8400,139396
2014-06-27,8.3600,8.3600,7.8000,7.9300,123854
2014-06-20,8.2500,8.3270,7.7400,7.9600,236304
2014-06-13,8.4500,8.4600,8.1500,8.2500,66125
2014-06-06,8.3500,8.4500,8.2100,8.4400,52230
2014-05-30,8.1700,8.3900,8.1502,8.3400,33778
2014-05-23,8.3615,8.4579,8.2000,8.2000,120596
2014-05-16,8.2501,8.4677,8.1700,8.3000,54961
2014-05-09,8.3200,8.7390,8.1500,8.2500,66395
2014-05-02,8.4400,8.7500,8.3100,8.3800,82631
2014-04-25,8.5800,8.7100,8.3600,8.4300,64313
2014-04-17,8.5400,8.7200,8.3100,8.5900,73277
2014-04-11,8.5900,8.7299,8.1800,8.4900,71797
2014-04-04,7.9300,8.7300,7.8100,8.6100,146293
2014-03-28,8.2600,8.3200,7.5131,7.8300,102728
2014-03-21,8.4000,8.5400,8.2100,8.3300,77345
2014-03-14,9.1000,9.1500,7.9200,8.2600,204937
2014-03-07,9.2000,9.4200,8.5000,9.0800,103494
2014-02-28,8.7900,9.6200,8.7200,9.2000,194051
2014-02-21,8.5100,8.7000,8.2600,8.6600,85023
2014-02-14,7.8600,8.5600,7.7500,8.5600,120082
2014-02-07,7.9500,8.1500,7.6100,7.8600,104578
2014-01-31,7.7800,8.7000,7.7501,8.0000,121638
2014-01-24,7.7500,7.9000,7.5100,7.7500,42702
2014-01-17,7.9600,7.9900,7.7500,7.7600,51525
2014-01-10,7.9900,8.0000,7.7403,7.8900,82257
2014-01-03,7.6500,7.9800,7.6500,7.9700,46851
2013-12-27,7.5000,7.7500,7.5000,7.6800,54179
2013-12-20,7.7400,7.8700,6.9000,7.4900,119154
2013-12-13,8.0100,8.0100,7.5700,7.7390,308536
2013-12-06,8.0100,8.0100,7.9400,8.0000,71782
2013-11-29,7.9600,8.0300,7.8100,8.0000,96827
2013-11-22,7.9900,8.2000,7.9500,7.9500,123969
2013-11-15,7.7900,8.0800,7.7200,8.0200,120390
2013-11-08,7.5000,7.7500,7.4800,7.7400,96671
2013-11-01,7.7600,7.8000,7.5000,7.5100,104826
2013-10-25,7.5200,7.8400,7.3500,7.7400,136540
2013-10-18,7.4300,7.6200,7.3510,7.4600,65961
2013-10-11,7.3200,7.6200,7.2100,7.4400,87872
2013-10-04,7.3400,7.4900,7.1501,7.3800,74907
2013-09-27,7.2000,7.6100,7.0000,7.3800,164456
2013-09-20,7.2600,7.6300,7.1900,7.2000,251124
2013-09-13,7.4300,7.4300,7.2000,7.2200,123799
2013-09-06,7.2500,7.6390,7.0000,7.4300,152874
2013-08-30,7.1361,7.2500,6.4500,7.1800,300871
2013-08-23,7.0100,7.5530,6.9201,7.1000,151599
2013-08-16,6.7200,7.0990,6.6700,7.0000,222441
2013-08-09,6.6600,6.7500,6.5500,6.7394,67823
2013-08-02,6.7400,6.8400,6.4100,6.6700,70041
2013-07-26,6.4200,6.8500,6.3500,6.7443,154541
2013-07-19,6.5700,6.5700,6.2500,6.3900,215246
2013-07-12,6.2800,6.3200,6.1500,6.3200,205378
2013-07-05,6.1200,6.2700,6.0500,6.2100,91220
2013-06-28,5.9000,6.1800,5.7200,6.1500,139640
2013-06-21,6.1400,6.2000,5.8700,5.9600,108444
2013-06-14,6.0700,6.1800,6.0300,6.1400,148954
2013-06-07,6.0000,6.1000,5.9000,6.0300,322208
2013-05-31,6.0000,6.0500,5.9300,5.9500,157415
2013-05-24,6.0000,6.0000,5.9405,5.9800,32921
2013-05-17,6.0000,6.0500,5.8500,6.0000,71674
2013-05-10,6.0900,6.0900,5.9700,5.9800,78428
2013-05-03,6.0800,6.1000,5.8000,6.0500,99026
2013-04-26,5.8500,6.0999,5.7500,6.0890,83286
2013-04-19,5.9500,6.0800,5.7500,5.8400,92329
2013-04-12,6.1200,6.1200,5.7110,6.0200,165733
2013-04-05,6.0300,6.1000,5.9400,6.0700,208408
2013-03-28,5.9100,6.0100,5.7800,6.0000,60265
2013-03-22,6.1100,6.1900,5.7900,5.9100,93958
2013-03-15,6.1500,6.2700,5.9200,6.0700,193973
2013-03-08,5.8300,6.1500,5.7500,6.1500,184260
2013-03-01,5.8600,6.1099,5.7400,5.8000,191332
2013-02-22,5.6500,5.8700,5.5000,5.8000,187986
2013-02-15,5.3100,5.5000,5.3000,5.4800,758069
2013-02-08,5.2000,5.3000,5.1500,5.2200,140062
2013-02-01,4.9200,5.3000,4.9200,5.2000,377216
2013-01-25,4.9000,5.0300,4.8650,4.9500,381379
2013-01-18,5.0000,5.0500,4.9000,4.9300,102569
2013-01-11,5.0000,5.0800,4.8100,4.9700,278104
2013-01-04,4.8700,5.1500,4.8048,5.0000,259051
2012-12-28,4.9400,5.0000,4.8600,4.8700,435625
2012-12-21,5.1600,5.3000,4.8640,4.9400,251479
2012-12-14,5.9000,5.9700,5.0100,5.1000,255713
2012-12-07,5.8500,5.9300,5.8200,5.8999,349782
2012-11-30,5.8900,5.9300,5.8000,5.8200,163018
2012-11-23,5.8600,6.0000,5.4100,5.8800,172273
2012-11-16,6.0800,6.1499,5.6000,5.9100,185276
2012-11-09,6.0900,6.1500,5.8900,6.0000,298102
2012-11-02,5.7500,6.2900,5.7117,6.0500,78476
2012-10-26,6.2500,6.3000,5.6101,5.7500,109169
2012-10-19,6.1900,6.3300,6.0300,6.1700,59501
2012-10-12,6.2400,6.3800,6.1800,6.2000,74700
2012-10-05,6.0400,6.3200,6.0400,6.1900,120909
2012-09-28,6.3400,6.4000,6.1200,6.1900,50535
2012-09-21,6.6000,6.6000,6.1700,6.2900,80342
2012-09-14,6.2300,6.5000,6.1201,6.2900,292194
2012-09-07,5.7500,6.2699,5.7100,6.1500,187724
2012-08-31,5.6600,5.7500,5.5500,5.7000,90388
2012-08-24,5.5300,5.6500,5.4200,5.5700,51798
2012-08-17,5.5500,5.6500,5.3900,5.5000,163384
2012-08-10,5.4600,5.6000,5.4600,5.5700,46080
2012-08-03,5.5500,5.5500,5.4000,5.5300,42360
2012-07-27,5.4979,5.5800,5.4518,5.5400,71304
2012-07-20,5.4511,5.5500,5.2900,5.5400,68183
2012-07-13,5.5400,5.5500,5.2300,5.4500,102644
2012-07-06,5.4900,5.5500,5.3401,5.4700,38831
2012-06-29,5.5100,5.5400,5.2800,5.5400,61333
2012-06-22,5.4800,5.5500,5.3100,5.5500,188464
2012-06-15,5.5300,5.5800,5.3900,5.5199,36832
2012-06-08,5.4500,5.5500,5.3700,5.5500,55975
2012-06-01,5.5500,5.7500,5.3500,5.4700,115046
2012-05-25,5.3600,5.5400,5.3500,5.5400,41047
2012-05-18,5.5500,5.5500,5.3500,5.3900,111511
2012-05-11,5.6100,5.6400,5.3710,5.5500,106032
2012-05-04,5.5500,5.6900,5.5500,5.5748,132244
2012-04-27,5.6300,5.7399,5.5000,5.5800,206969
2012-04-20,5.7700,5.7700,5.3500,5.5800,145107
2012-04-13,5.4400,5.8400,5.0000,5.6700,302247
2012-04-05,5.4700,5.4800,5.1608,5.3999,132404
2012-03-30,4.2700,5.4100,4.2700,5.3500,344819
2012-03-23,4.1300,4.3500,4.1300,4.2800,42410
2012-03-16,4.3499,4.3500,4.1400,4.1400,42682
2012-03-09,4.2400,4.4800,4.0460,4.4000,34408
2012-03-02,4.2500,4.3400,4.1200,4.2000,61686
2012-02-24,4.2000,4.2500,4.0800,4.2000,29716
2012-02-17,3.8700,4.4000,3.7600,4.1050,97729
2012-02-10,3.9600,3.9900,3.5700,3.9000,32281
2012-02-03,4.0000,4.0000,3.8501,3.9692,28182
2012-01-27,3.7800,4.0299,3.7500,3.9300,21592
2012-01-20,3.8300,4.0000,3.6101,3.7700,6890
2012-01-13,3.9700,4.1340,3.1200,3.6000,86006
2012-01-06,3.3900,3.8200,3.3900,3.7800,5840
2011-12-30,3.5300,3.5325,3.2500,3.2900,19164
2011-12-23,3.3400,3.7800,3.2200,3.3000,24199
2011-12-16,3.5900,3.6900,3.2126,3.3300,42181
2011-12-09,3.6000,3.7900,3.5600,3.5600,2996
2011-12-02,3.7000,3.7500,3.5900,3.6500,4538
2011-11-25,3.6700,3.8000,3.5600,3.6000,35433
2011-11-18,3.6500,3.6500,3.5300,3.5500,14685
2011-11-11,3.3700,3.6599,3.3600,3.6599,4766
2011-11-04,3.3800,3.5500,3.3200,3.4800,4830
2011-10-28,3.3700,3.5700,3.3500,3.5000,18966
2011-10-21,3.4500,3.5400,3.3600,3.3700,6248
2011-10-14,3.6200,3.6400,3.3600,3.5800,3828
2011-10-07,3.4200,3.6200,3.3000,3.3400,9541
2011-09-30,3.9800,4.0300,3.1500,3.6556,24039
2011-09-23,4.1101,4.5400,3.9300,3.9500,3433
2011-09-16,4.0300,4.5800,4.0200,4.1500,35454
2011-09-09,4.1200,4.2299,4.0400,4.1500,10700
2011-09-02,4.1000,4.3000,4.0200,4.1500,21550
2011-08-26,4.2600,4.2700,3.6000,4.1100,36938
2011-08-19,4.5600,4.7500,4.1800,4.2420,15106
2011-08-12,4.6501,4.8000,4.0800,4.5700,25088
2011-08-05,4.7700,4.9100,4.6700,4.8300,13898
2011-07-29,4.8600,4.9090,4.7000,4.8350,33344
2011-07-22,4.8500,4.9300,4.8040,4.9100,5738
2011-07-15,4.7900,4.9300,4.7600,4.8600,12714
2011-07-08,4.9300,4.9300,4.7100,4.8020,16047
2011-07-01,4.9500,4.9500,4.8300,4.9300,1560
2011-06-24,4.9100,5.0000,4.8000,4.9500,22984
2011-06-17,4.7800,4.9299,4.6500,4.8800,59854
2011-06-10,4.8900,4.9800,4.7800,4.8100,37893
2011-06-03,4.9300,5.0500,4.8600,4.9100,36744
2011-05-27,4.8800,4.9500,4.8500,4.9500,34911
2011-05-20,4.7800,4.8399,4.5300,4.8000,13039
2011-05-13,4.6400,4.9000,4.4280,4.8270,13272
2011-05-06,4.7600,4.8600,4.5699,4.7410,14945
2011-04-29,4.8500,4.9000,4.7900,4.7900,6470
2011-04-21,4.9400,4.9400,4.4000,4.8700,9980
2011-04-15,4.8300,4.9500,4.8300,4.8990,13250
2011-04-08,4.9300,5.0000,4.8300,4.8300,75911
2011-04-01,5.0300,5.0399,4.7700,4.8100,13808
2011-03-25,4.8400,5.0300,4.8012,5.0300,15305
2011-03-18,4.8000,4.9399,4.7500,4.8000,35889
2011-03-11,4.9501,5.0000,4.7100,4.9755,12077
2011-03-04,5.0900,5.0900,4.8100,4.9600,91458
2011-02-25,4.9000,5.0599,4.8000,5.0500,202284
2011-02-18,4.9800,5.0600,4.9600,5.0000,154141
2011-02-11,4.9700,5.1000,4.8500,4.9600,124029
2011-02-04,4.7600,4.9800,4.7400,4.7601,5802
2011-01-28,4.9000,5.0500,4.7608,4.8000,170151
2011-01-21,4.7800,4.8900,4.6500,4.8900,28239
2011-01-14,4.5800,4.8700,4.3500,4.6500,74716
2011-01-07,4.8100,5.1856,4.3200,4.4100,180593
2010-12-31,5.3500,5.4499,4.8000,5.1510,45860
2010-12-23,5.4900,5.6000,5.2600,5.2800,17620
2010-12-17,5.1800,5.4000,5.0200,5.4000,29600
2010-12-10,5.1800,5.2000,5.0000,5.1300,14419
2010-12-03,5.0000,5.1900,4.8000,5.0000,37765
2010-11-26,5.1899,5.2200,5.0000,5.1000,16803
2010-11-19,5.2700,5.5300,5.1500,5.1926,29411
2010-11-12,5.4500,5.7200,5.2300,5.2500,43092
2010-11-05,5.4500,5.6400,5.2500,5.5400,23587
2010-10-29,5.5000,5.8500,5.2900,5.5100,31581
2010-10-22,5.2500,5.5000,5.2499,5.5000,169585
2010-10-15,5.3000,5.3000,5.0200,5.2600,206909
2010-10-08,4.9500,5.3000,4.8300,5.1500,122004
2010-10-01,4.7000,4.8800,4.6900,4.8700,4024
2010-09-24,4.5000,4.7800,4.4500,4.7800,23550
2010-09-17,4.4700,4.7000,4.3000,4.5300,35838
2010-09-10,4.3200,4.4899,4.3000,4.4800,13623
2010-09-03,4.3501,4.7000,4.3000,4.4700,19099
2010-08-27,4.4800,4.5000,4.3000,4.4899,47693
2010-08-20,4.3100,4.5900,4.2500,4.4800,19886
2010-08-13,4.4200,4.6800,4.2500,4.4400,77535
2010-08-06,4.2100,4.6400,4.2100,4.4200,31490
2010-07-30,4.1300,4.3490,4.0000,4.3000,18156
2010-07-23,4.0500,4.2000,3.8900,4.1500,20115
2010-07-16,4.1200,4.2500,4.0000,4.0000,13807
2010-07-09,4.0100,4.3300,3.9890,4.0200,46275
2010-07-02,4.4200,4.7500,3.8801,4.0000,78143
2010-06-25,3.9200,4.2600,3.9200,4.2600,17018
2010-06-18,4.0000,4.1400,3.7900,4.1000,37752
2010-06-11,3.9000,4.2000,3.9000,3.9000,9231
2010-06-04,4.0140,4.0200,3.6500,3.9700,35711
2010-05-28,4.1500,4.1500,3.6000,3.9200,38369
2010-05-21,4.0000,4.3100,3.9000,4.1000,13591
2010-05-14,3.8200,4.1900,3.5700,4.0475,18635
2010-05-07,4.0100,4.1500,3.6200,3.9520,29627
2010-04-30,4.3300,4.4200,3.6600,3.9800,50449
2010-04-23,3.5700,4.4500,3.5700,4.3300,75497
2010-04-16,3.3700,3.7500,3.3700,3.7500,97297
2010-04-09,3.5000,3.5500,3.1900,3.3600,69574
2010-04-01,3.0900,3.4215,2.9500,3.3800,30349
2010-03-26,3.4900,3.4980,3.0000,3.4500,54200
2010-03-19,3.4800,3.5000,3.4000,3.5000,10511
2010-03-12,3.4600,3.5000,3.4100,3.4700,30725
2010-03-05,3.2500,3.5000,3.2500,3.5000,32999
2010-02-26,2.8100,3.2600,2.8100,3.2300,25495
2010-02-19,3.0000,3.2500,2.5500,2.8100,30194
2010-02-12,2.5800,3.0000,2.5800,2.9900,50026
2010-02-05,2.5800,2.8000,2.5800,2.7000,8340
2010-01-29,2.6200,2.6200,2.5800,2.5800,942
2010-01-22,2.6400,2.6400,2.6200,2.6200,1200
2010-01-15,2.6500,2.6550,2.6000,2.6400,2380
2010-01-08,2.6450,2.8500,2.6400,2.8500,3300
2009-12-31,2.6500,2.6700,2.5550,2.5550,3190
2009-12-24,2.6000,2.6500,2.6000,2.6500,1424
2009-12-18,2.6000,2.6000,2.6000,2.6000,3300
2009-12-11,2.7500,2.7500,2.6000,2.6000,5664
2009-12-04,3.0000,3.0000,2.7500,2.7500,1400
2009-11-27,2.8000,2.9600,2.7500,2.7800,126700
2009-11-20,2.8000,2.9100,2.8000,2.8000,8987
2009-11-13,3.0300,3.5000,2.5100,2.8700,31736
2009-11-06,2.9000,3.4900,2.9000,3.0300,15503
2009-10-30,2.9000,3.3500,2.8500,2.9300,96847
2009-10-23,3.2000,3.2001,2.9100,2.9101,24244
2009-10-16,2.5000,3.2000,2.5000,3.1000,72920
2009-10-09,2.7500,2.7500,2.4100,2.5000,1900
2009-10-02,2.7500,2.7500,2.7500,2.7500,3800
2009-09-25,2.7500,2.7500,2.7500,2.7500,2100
2009-09-18,2.7501,2.8785,2.7500,2.8785,2241
2009-09-11,2.6500,2.9999,2.6100,2.9999,3603
2009-09-04,2.8000,2.8000,2.6500,2.6500,330
2009-08-28,2.6100,2.8000,2.6100,2.8000,6300
2009-08-21,3.0900,3.0900,2.8000,2.9300,77088
2009-08-14,2.9300,3.1500,2.8500,2.9000,53700
2009-08-07,2.9300,2.9301,2.9000,2.9300,8850
2009-07-31,2.9600,2.9600,2.9600,2.9600,0
2009-07-24,2.9050,2.9600,2.8500,2.9600,4980
2009-07-17,3.2700,3.2700,2.9000,3.1000,9478
2009-07-10,3.3400,3.3400,2.8900,3.2700,6412
2009-07-02,2.8900,3.7740,2.5800,2.9001,41184
2009-06-26,2.0500,2.3200,2.0500,2.2500,10600
2009-06-19,2.0100,2.0100,2.0100,2.0100,78
2009-06-12,2.0500,2.0600,2.0100,2.0100,19500
2009-06-05,1.9500,2.2000,1.9500,2.0500,8200
2009-05-29,1.9000,2.2000,1.9000,2.1400,9017
2009-05-22,2.1500,2.1500,1.9000,1.9000,9147
2009-05-15,1.9900,2.1500,1.9500,2.1000,2940
2009-05-08,1.9101,1.9800,1.9000,1.9000,15516
2009-05-01,1.9000,2.0100,1.9000,1.9101,3000
2009-04-24,1.9000,1.9088,1.8950,1.9000,10401
2009-04-17,1.9000,1.9100,1.9000,1.9000,2400
2009-04-09,1.8999,1.9000,1.8900,1.9000,1800
2009-04-03,1.8800,1.9100,1.8000,1.9000,11244
2009-03-27,2.2000,2.2000,1.8600,2.1200,965
2009-03-20,1.8600,2.2000,1.8100,2.2000,939
2009-03-13,1.9200,2.2400,1.8000,1.8100,4361
2009-03-06,2.2400,2.2500,1.7500,1.9000,9704
2009-02-27,1.9000,2.3400,1.8100,2.2500,2706
2009-02-20,1.7500,1.9400,1.5500,1.9000,8563
2009-02-13,2.0600,2.1900,1.8000,1.9000,161672
2009-02-06,2.1101,2.3904,2.1096,2.1100,540
2009-01-30,2.4900,2.5900,2.1100,2.1101,19426
2009-01-23,2.3800,2.5000,2.2500,2.5000,663
2009-01-16,2.2800,2.2800,2.2500,2.2500,13041
2009-01-09,2.1700,2.6500,2.1700,2.2700,20936
2009-01-02,2.6300,2.6300,2.1200,2.5510,4912
2008-12-26,2.3940,2.6300,2.3600,2.6300,1400
2008-12-19,2.6020,2.7000,2.2000,2.2000,2846
2008-12-12,2.5000,2.6300,2.2500,2.6020,21625
2008-12-05,2.3000,3.0000,2.0999,2.3800,110419
2008-11-28,2.4300,2.4500,2.2800,2.2800,3522
2008-11-21,2.7000,2.7000,2.2800,2.4399,17469
2008-11-14,2.8900,3.0000,2.5500,2.7880,19500
2008-11-07,2.8900,3.0000,2.3100,2.8900,119827
2008-10-31,2.3800,2.7900,2.3000,2.6601,18352
2008-10-24,2.9000,2.9200,2.0000,2.7500,46355
2008-10-17,2.7500,2.9200,2.6500,2.6500,155761
2008-10-10,3.0600,3.3000,2.5500,2.7500,58594
2008-10-03,3.3500,3.3500,3.0800,3.2100,3496
2008-09-26,3.7100,3.7100,3.0000,3.3100,6333
2008-09-19,3.4300,3.7100,3.1500,3.7100,32558
2008-09-12,3.4101,3.4800,3.4000,3.4000,2425
2008-09-05,3.7000,3.7000,3.4200,3.4200,4012
2008-08-29,3.4200,3.9000,3.4100,3.7000,13645
2008-08-22,3.5200,3.6000,3.4200,3.4200,13393
2008-08-15,3.9700,4.0000,3.4100,3.5800,33937
2008-08-08,3.6000,3.9700,3.6000,3.8800,8322
2008-08-01,3.4700,3.6000,3.3900,3.6000,6800
2008-07-25,3.4001,3.6000,3.3800,3.6000,5685
2008-07-18,3.4600,3.5050,3.4000,3.4001,6327
2008-07-11,3.5800,3.6000,3.4600,3.4601,22977
2008-07-03,3.5900,3.8600,3.5800,3.6100,6900
2008-06-27,4.0401,4.0401,3.6000,3.6200,32813
2008-06-20,4.0100,4.0800,3.9100,4.0401,22178
2008-06-13,3.4700,4.0900,3.4601,4.0000,77940
2008-06-06,3.8000,3.9700,3.4200,3.6800,93422
2008-05-30,3.5000,3.8800,3.4700,3.8000,67449
2008-05-23,3.5200,3.5500,3.4200,3.4740,22086
2008-05-16,3.5800,3.5800,3.3700,3.5000,160833
2008-05-09,3.5200,3.5800,3.3800,3.5800,143621
2008-05-02,3.3600,3.5800,3.2600,3.5500,11090
2008-04-25,3.3900,3.6200,3.2601,3.5700,42403
2008-04-18,3.5400,3.6400,3.1700,3.3900,22099
2008-04-11,3.6900,3.6900,3.2300,3.4900,21756
2008-04-04,3.3600,3.6600,3.3300,3.3600,13232
2008-03-28,3.5500,3.6900,3.3100,3.6700,32644
2008-03-20,3.5800,3.5800,3.3900,3.4300,15935
2008-03-14,3.7000,3.9200,3.3501,3.5800,33672
2008-03-07,3.7200,5.3700,3.1700,3.7000,249214
2008-02-29,3.5300,3.7200,3.5300,3.7200,58028
2008-02-22,3.4801,3.7300,3.4500,3.4500,28917
2008-02-15,3.1800,3.7500,3.1700,3.6500,190580
2008-02-08,3.3500,3.4299,3.1000,3.2800,50786
2008-02-01,3.2700,3.6900,3.2600,3.3500,62444
2008-01-25,2.8000,3.2700,2.8000,3.2600,55795
2008-01-18,3.3700,3.5600,2.5100,3.2700,105560
2008-01-11,3.1400,3.7000,3.0600,3.6900,43545
2008-01-04,3.3300,3.7900,3.2000,3.2000,102588
2007-12-28,3.3101,3.4601,3.2100,3.3800,33335
2007-12-21,3.5700,3.5700,3.3100,3.3500,136816
2007-12-14,3.6301,3.7500,3.3500,3.4500,66127
2007-12-07,3.8100,3.8500,3.7000,3.7500,62921
2007-11-30,3.8600,3.8900,3.7600,3.8400,33034
2007-11-23,4.0000,4.0000,3.8500,3.9100,26682
2007-11-16,4.0500,4.0900,3.8000,4.0300,99666
2007-11-09,3.9900,4.1500,3.8500,4.0500,140704
2007-11-02,3.9600,4.1800,3.9200,4.1000,38955
2007-10-26,3.9600,4.2400,3.9600,3.9600,81096
2007-10-19,3.9700,4.2700,3.9700,4.0400,58489
2007-10-12,3.9700,4.1000,3.9600,4.0000,70990
2007-10-05,4.1600,4.1600,3.9000,3.9700,33600
2007-09-28,3.9900,4.2100,3.9500,4.1600,45396
2007-09-21,3.8900,4.1500,3.7700,4.0000,196623
2007-09-14,3.7100,3.9510,3.6600,3.8900,64894
2007-09-07,3.8700,3.9500,3.8000,3.8000,20862
2007-08-31,3.7200,4.0630,3.6500,3.9201,66203
2007-08-24,3.7700,3.9700,3.6600,3.7600,118326
2007-08-17,4.4000,4.4000,3.4300,3.7299,319279
2007-08-10,4.0600,4.3000,3.9900,4.2000,178935
2007-08-03,4.4001,4.4399,4.1000,4.1900,60056
2007-07-27,4.5400,4.8000,4.1800,4.4100,208825
2007-07-20,4.3000,4.5500,4.2201,4.5300,104707
2007-07-13,4.4600,4.7000,4.2600,4.3300,159266
2007-07-06,4.3800,4.5200,4.2000,4.4600,89647
2007-06-29,4.1100,4.3700,4.0000,4.3700,58240
2007-06-22,4.3100,4.4400,3.8500,4.0000,591418
2007-06-15,4.3000,4.3500,4.0500,4.2000,89409
2007-06-08,4.4600,4.4600,4.1600,4.2000,139876
2007-06-01,4.3000,4.4500,4.0000,4.3400,129808
2007-05-25,3.9500,4.3000,3.9000,4.1101,132531
2007-05-18,3.8500,3.9599,3.7500,3.9500,128071
2007-05-11,3.9300,4.2400,3.8300,3.8500,125529
2007-05-04,4.5200,4.5200,3.4600,3.8400,501540
2007-04-27,4.4900,4.6000,4.1700,4.4000,292157
2007-04-20,4.7000,4.7000,4.1300,4.5000,108162
2007-04-13,4.8000,4.8100,4.4500,4.5500,70725
2007-04-05,4.9000,4.9000,4.6500,4.7500,35510
2007-03-30,4.7800,4.9300,4.5300,4.8000,98375
2007-03-23,4.3800,5.0000,3.8200,4.7300,132925
2007-03-16,4.2000,4.4600,4.1700,4.4300,156466
2007-03-09,3.7500,4.1800,3.7000,4.1800,224301
2007-03-02,4.2500,4.2500,3.6500,3.7900,343031
2007-02-23,4.1000,4.3500,3.9500,4.2800,222817
2007-02-16,5.8500,5.9000,3.7500,4.1500,1035362
2007-02-09,5.3000,6.1000,5.3000,5.7500,750071
2007-02-02,5.1500,5.4900,4.8500,5.3000,117267
2007-01-26,5.4400,5.5900,4.9000,5.1500,570717
2007-01-19,4.4000,5.3100,4.4000,5.3000,286444
2007-01-12,4.1250,4.6000,4.0000,4.3800,232890
2007-01-05,4.2500,4.4500,4.0000,4.1000,124908
2006-12-29,4.1500,4.2500,4.0000,4.2500,100036
2006-12-22,4.1400,4.2000,4.0100,4.1600,94145
2006-12-15,3.8900,4.1500,3.8200,4.1100,225834
2006-12-08,3.7800,3.8500,3.5800,3.8000,68902
2006-12-01,3.6400,3.9000,3.6000,3.7500,185914
2006-11-24,3.6900,3.8000,3.5600,3.6400,275362
2006-11-17,3.7000,4.1500,3.6500,3.7000,386297
2006-11-10,3.3000,3.7500,3.2100,3.7000,227111
2006-11-03,3.2500,3.4000,3.2000,3.2900,117545
2006-10-27,3.1700,3.4000,3.1700,3.3900,99857
2006-10-20,3.4000,3.4000,3.2000,3.2000,74447
2006-10-13,3.1200,3.4500,3.1000,3.3000,354997
2006-10-06,3.1000,3.2700,3.0500,3.1200,214880
2006-09-29,2.9800,3.2000,2.9000,3.0800,128809
2006-09-22,3.1500,3.2500,2.8500,3.2500,204511
2006-09-15,2.9700,3.2000,2.7500,3.1200,131221
2006-09-08,3.0500,3.2500,2.8500,3.0500,87708
2006-09-01,3.1500,3.1800,2.5600,3.1000,271985
2006-08-25,3.3600,3.6800,2.9000,3.1500,528393
2006-08-18,2.0600,3.3700,2.0500,3.3200,908638
2006-08-11,2.3500,2.4300,2.0100,2.1300,426049
2006-08-04,2.2500,2.4000,2.2500,2.3500,129412
2006-07-28,2.0500,2.4300,2.0500,2.2500,394693
2006-07-21,1.8300,2.3000,1.8300,2.1000,456104
2006-07-14,0.6500,2.0900,0.6500,1.9000,2036250
2006-07-07,0.6500,0.6500,0.6500,0.6500,700
2006-06-30,0.6600,0.7000,0.6300,0.6500,36900
2006-06-23,0.6500,0.6600,0.6500,0.6600,2900
2006-06-16,0.5700,0.7000,0.5700,0.6500,140035
2006-06-09,0.5700,0.5800,0.5700,0.5800,11500
2006-06-02,0.5800,0.5800,0.5700,0.5700,3400
2006-05-26,0.6000,0.6000,0.5800,0.5800,19678
2006-05-19,0.6400,0.6400,0.6000,0.6000,19000
2006-05-12,0.5900,0.6100,0.5800,0.5800,12086
2006-05-05,0.6000,0.6000,0.5900,0.5900,20400
2006-04-28,0.6000,0.6300,0.5700,0.5700,28890
2006-04-21,0.6500,0.6500,0.6000,0.6400,59700
2006-04-13,0.6400,0.6500,0.6000,0.6500,67383
2006-04-07,0.5900,0.6800,0.5900,0.6800,96957
2006-03-31,0.6000,0.6500,0.6000,0.6400,36425
2006-03-24,0.6300,0.6300,0.5800,0.5800,5100
2006-03-17,0.6400,0.6400,0.6300,0.6300,9000
2006-03-10,0.6300,0.6700,0.6300,0.6700,97442
2006-03-03,0.6900,0.6900,0.6400,0.6400,16381
2006-02-24,0.6400,0.6900,0.6400,0.6400,7700
2006-02-17,0.6000,0.6900,0.6000,0.6900,105025
2006-02-10,0.5500,0.6900,0.5500,0.6000,25558
2006-02-03,0.5600,0.6000,0.5500,0.5500,16860
2006-01-27,0.6200,0.6800,0.5800,0.5800,25200
2006-01-20,0.6900,0.6900,0.6900,0.6900,0
2006-01-13,0.6100,0.6900,0.6000,0.6900,5200
2006-01-06,0.7000,0.7000,0.6100,0.6100,800
2005-12-30,0.5600,0.7300,0.5400,0.7000,303300
2005-12-23,0.5400,0.5700,0.5400,0.5600,10600
2005-12-16,0.5700,0.6200,0.5700,0.5700,32000
2005-12-09,0.6100,0.6500,0.6100,0.6500,15000
2005-12-02,0.6500,0.6500,0.6100,0.6100,21600
2005-11-25,0.6900,0.7000,0.6500,0.6800,29100
2005-11-18,0.5800,0.6800,0.5800,0.6700,157800
2005-11-11,0.4700,0.6000,0.4700,0.5800,68900
2005-11-04,0.4700,0.5000,0.4400,0.4400,19500
2005-10-28,0.5100,0.5500,0.4700,0.4700,52800
2005-10-21,0.5000,0.5500,0.5000,0.5100,60600
2005-10-14,0.4700,0.5500,0.4700,0.4700,31100
2005-10-07,0.4700,0.4700,0.4700,0.4700,2500
2005-09-30,0.5200,0.5200,0.5100,0.5100,86000
2005-09-23,0.5300,0.5500,0.5200,0.5200,49800
2005-09-16,0.5500,0.5500,0.5200,0.5500,10100
2005-09-09,0.5300,0.5500,0.5200,0.5500,22400
2005-09-02,0.6000,0.6000,0.5300,0.5300,2000
2005-08-26,0.5700,0.6000,0.5300,0.5300,32700
2005-08-19,0.6200,0.6200,0.5400,0.6000,61700
2005-08-12,0.6000,0.6900,0.5600,0.6300,38900
2005-08-05,0.5100,0.6300,0.5100,0.6000,91300
2005-07-29,0.4500,0.5100,0.4500,0.5100,9200
2005-07-22,0.4500,0.4500,0.4500,0.4500,2000
2005-07-15,0.4600,0.4600,0.4500,0.4500,700
2005-07-08,0.4600,0.5000,0.4600,0.4600,28600
2005-07-01,0.5400,0.5400,0.4400,0.4600,12200
2005-06-24,0.5400,0.5400,0.4400,0.5400,23900
2005-06-17,0.4400,0.5400,0.4400,0.5400,33100
2005-06-10,0.5100,0.5300,0.4400,0.4400,24300
2005-06-03,0.5100,0.5100,0.4300,0.4800,83800
2005-05-27,0.5700,0.5700,0.4500,0.5100,30200
2005-05-20,0.5700,0.5800,0.5600,0.5700,12000
2005-05-13,0.5700,0.5700,0.5700,0.5700,23000
2005-05-06,0.5400,0.6000,0.5400,0.6000,143500
2005-04-29,0.5400,0.5400,0.5400,0.5400,23300
2005-04-22,0.5100,0.5500,0.4500,0.5400,41200
2005-04-15,0.4800,0.4800,0.4800,0.4800,700
2005-04-08,0.5000,0.5300,0.4700,0.4800,26800
2005-04-01,0.5300,0.5300,0.4400,0.4900,84600
2005-03-24,0.5600,0.6000,0.5600,0.5600,11000
2005-03-18,0.5800,0.6000,0.5600,0.5600,13600
2005-03-11,0.6900,0.6900,0.5800,0.5800,152400
2005-03-04,0.6400,0.6900,0.6300,0.6800,33300
2005-02-25,0.5800,0.6600,0.5800,0.6500,171600
2005-02-18,0.6000,0.6500,0.5800,0.5800,42400
2005-02-11,0.5700,0.6600,0.5600,0.6000,116000
2005-02-04,0.5700,0.5700,0.5700,0.5700,5800
2005-01-28,0.5900,0.6100,0.5700,0.5700,65000
2005-01-21,0.6000,0.6500,0.5900,0.5900,52800
2005-01-14,0.6000,0.6900,0.5900,0.5900,43500
2005-01-07,0.6000,0.7500,0.5500,0.6000,145400
2004-12-31,0.4300,0.6000,0.4300,0.5500,160200
2004-12-23,0.5000,0.5000,0.4300,0.4700,46100
2004-12-17,0.4700,0.5500,0.4300,0.5300,443100
2004-12-10,0.4800,0.5000,0.4700,0.4700,49500
2004-12-03,0.5100,0.5600,0.4800,0.4800,16100
2004-11-26,0.5100,0.5100,0.5000,0.5100,12500
2004-11-19,0.5000,0.5400,0.4700,0.4700,31100
2004-11-12,0.5000,0.5500,0.4800,0.5000,78100
2004-11-05,0.5500,0.5500,0.4800,0.4800,22900
2004-10-29,0.4300,0.5500,0.4300,0.5400,21500
2004-10-22,0.5000,0.5200,0.4700,0.5000,14100
2004-10-15,0.5200,0.5500,0.5000,0.5200,27700
2004-10-08,0.5300,0.5500,0.5200,0.5200,37300
2004-10-01,0.5900,0.6000,0.5200,0.5300,8400
2004-09-24,0.6500,0.6500,0.6500,0.6500,11500
2004-09-17,0.6000,0.6150,0.4700,0.6150,186200
2004-09-10,0.5500,0.6000,0.5400,0.6000,23100
2004-09-03,0.5500,0.5700,0.5300,0.5300,15100
2004-08-27,0.6200,0.6700,0.5600,0.5600,74200
2004-08-20,0.5900,0.5900,0.5600,0.5600,13700
2004-08-13,0.6200,0.6500,0.5900,0.6000,16500
2004-08-06,0.6500,0.6900,0.6200,0.6200,63500
2004-07-30,0.6600,0.6700,0.6500,0.6600,61400
2004-07-23,0.7200,0.7200,0.6600,0.7000,7200
2004-07-16,0.6500,0.7200,0.6500,0.6500,1100
2004-07-09,0.7000,0.7400,0.6500,0.6500,5900
2004-07-02,0.6800,0.7800,0.6800,0.7000,32800
2004-06-25,0.6600,0.7500,0.6600,0.7500,72900
2004-06-18,0.6000,0.8000,0.5600,0.7000,171300
2004-06-10,0.6500,0.6700,0.6000,0.6700,70300
2004-06-04,0.5200,0.6500,0.5200,0.6500,500
2004-05-28,0.5200,0.7000,0.5200,0.5200,13700
2004-05-21,0.6000,0.6000,0.5200,0.5200,200
2004-05-14,0.6600,0.6600,0.6000,0.6000,8600
2004-05-07,0.7000,0.7100,0.6600,0.6600,28000
2004-04-30,0.6700,0.7000,0.6700,0.6700,8400
2004-04-23,0.5610,0.7800,0.5610,0.7800,18900
2004-04-16,0.5500,0.6200,0.5310,0.5600,38900
2004-04-08,0.5400,0.5700,0.5200,0.5310,8000
2004-04-02,0.5500,0.5500,0.5210,0.5300,50700
2004-03-26,0.5500,0.5500,0.5200,0.5500,200
2004-03-19,0.5700,0.6000,0.5500,0.5500,23200
2004-03-12,0.6200,0.6400,0.5700,0.5800,13500
2004-03-05,0.6500,0.6500,0.6100,0.6200,53300
2004-02-27,0.7000,0.7000,0.6000,0.6000,15600
2004-02-20,0.7600,0.7800,0.7000,0.7000,62300
2004-02-13,0.8400,0.9000,0.7000,0.7800,72000
2004-02-06,0.7200,0.9000,0.7000,0.7500,35700
2004-01-30,0.6150,0.7300,0.6000,0.7200,20400
2004-01-23,0.5700,0.6000,0.5600,0.5600,3800
2004-01-16,0.5200,0.5300,0.5100,0.5200,51500
2004-01-09,0.5500,0.5500,0.5100,0.5200,15100
2004-01-02,0.5000,0.6000,0.5000,0.5000,21000
2003-12-26,0.5500,0.6000,0.5000,0.5000,11200
2003-12-19,0.5500,0.5600,0.5500,0.5500,10600
2003-12-12,0.5700,0.6000,0.5000,0.6000,50900
2003-12-05,0.5200,0.5600,0.4700,0.5600,159100
2003-11-28,0.5700,0.5700,0.5200,0.5200,35900
2003-11-21,0.6100,0.6200,0.5800,0.5800,81500
2003-11-14,0.6500,0.8789,0.6100,0.6300,236600
2003-11-07,0.6400,0.6500,0.6100,0.6500,45200
2003-10-31,0.6300,0.6700,0.6100,0.6200,35100
2003-10-24,0.6600,0.6800,0.6400,0.6490,73900
2003-10-17,0.6600,0.7200,0.6400,0.6600,2900
