timestamp,open,high,low,close,volume
2018-02-27,41.3200,41.6400,40.6200,40.6400,480019
2018-02-23,40.2500,41.3899,40.2100,41.3200,1316806
2018-02-16,37.7400,40.9600,37.2600,40.5500,3418038
2018-02-09,39.4900,40.1600,36.2600,37.5200,2788567
2018-02-02,42.0700,42.1800,39.9200,39.9300,2147239
2018-01-26,41.0500,42.4999,40.6100,42.1400,2552657
2018-01-19,39.3200,40.2800,38.3000,40.1200,1648839
2018-01-12,37.0900,39.7400,36.7200,39.1700,2392635
2018-01-05,35.4100,38.1000,34.9700,37.3800,2429358
2017-12-29,34.9600,35.7500,34.7800,35.3300,1482246
2017-12-22,35.4000,35.8650,34.8700,34.9900,1957697
2017-12-15,35.4500,35.9900,34.3200,35.0700,2565298
2017-12-08,36.9100,36.9100,34.8900,35.5200,2513575
2017-12-01,37.5400,37.9100,35.7300,36.8000,2835586
2017-11-24,36.9500,37.8200,36.4100,37.5300,1826113
2017-11-17,34.6400,37.1900,33.5700,36.9500,4890809
2017-11-10,37.8800,39.4400,34.3600,34.7600,6597677
2017-11-03,39.5500,39.5500,37.5500,37.9500,2571874
2017-10-27,39.5800,39.9300,38.9300,39.5700,1585372
2017-10-20,39.4800,39.9800,38.7100,39.6200,1690451
2017-10-13,40.8500,41.1100,38.6600,39.0000,2361479
2017-10-06,40.7600,41.2000,40.1100,40.8500,1841841
2017-09-29,38.6200,40.8400,37.9200,40.6100,2877194
2017-09-22,41.2500,41.8700,38.5400,38.6000,4303612
2017-09-15,34.6300,41.3500,34.3500,41.0700,8077614
2017-09-08,35.5700,36.4600,34.2500,34.2800,1752989
2017-09-01,34.5800,35.8800,33.9200,35.8600,3606864
2017-08-25,34.1200,35.5400,33.9500,34.3100,2013075
2017-08-18,33.7400,35.3600,33.7400,34.2200,2140296
2017-08-11,35.4500,35.6000,33.2400,34.0900,5508835
2017-08-04,41.2200,41.2200,35.1400,35.3200,4861464
2017-07-28,40.0700,41.4500,39.6900,40.7300,2696274
2017-07-21,38.3900,40.9600,36.7300,40.0000,4124030
2017-07-14,34.6000,39.3300,34.5000,38.3700,3748517
2017-07-07,35.9300,36.0000,33.9300,34.6400,2355612
2017-06-30,36.6200,37.1000,35.6000,35.7500,3171303
2017-06-23,36.7000,37.3700,35.0000,36.4100,3783002
2017-06-16,36.6000,37.3700,34.4800,36.8300,3187313
2017-06-09,39.4000,39.6000,35.8600,37.0000,2337738
2017-06-02,37.4800,39.5800,36.2100,39.4300,2158316
2017-05-26,36.9100,38.3200,36.6800,37.5600,1723347
2017-05-19,37.8000,38.8300,36.3600,36.8100,3080570
2017-05-12,39.1100,39.1800,37.3500,37.6500,1761322
2017-05-05,39.3600,41.0000,37.4300,39.1900,3638157
2017-04-28,37.4800,39.3600,37.0200,39.2800,2484608
2017-04-21,35.9000,37.0800,35.3700,36.8000,1992665
2017-04-13,37.5200,37.7300,35.6600,35.7300,2384958
2017-04-07,38.8900,39.1400,36.8900,37.5000,3074862
2017-03-31,38.4800,39.6500,38.1200,38.8900,1794202
2017-03-24,40.2100,40.2800,37.4100,38.9100,2519476
2017-03-17,41.0000,41.5600,39.9900,40.3400,2238251
2017-03-10,41.5900,41.5900,39.0700,41.0300,2215614
2017-03-03,42.0800,43.2000,41.5000,41.7300,3176402
2017-02-24,43.1500,44.2500,41.7700,42.2500,2731124
2017-02-17,42.0400,43.7400,39.4900,43.0000,7104564
2017-02-10,42.6000,42.7000,40.9900,42.0800,3192581
2017-02-03,40.7800,42.5900,39.8100,42.4400,2686928
2017-01-27,40.7700,42.3200,40.3000,41.0300,2448392
2017-01-20,41.8700,41.8700,40.5500,40.9500,2642071
2017-01-13,42.1000,42.6100,41.2700,41.7300,3032370
2017-01-06,42.8400,42.8400,41.5200,42.2500,2208416
2016-12-30,41.9100,43.0000,41.5100,42.3100,1561042
2016-12-23,41.4600,42.2700,41.0500,41.9100,2032477
2016-12-16,42.0100,43.3600,40.8700,41.5200,7396134
2016-12-09,34.3300,39.4800,33.9500,39.1000,4721556
2016-12-02,37.2700,37.6700,32.8800,34.2800,4458273
2016-11-25,37.8800,38.2600,36.5700,37.3200,1366676
2016-11-18,36.0000,39.0000,35.4300,37.8500,6009722
2016-11-11,31.9700,35.5000,31.7000,35.2600,6584869
2016-11-04,41.3900,41.7400,30.3100,31.5500,9807358
2016-10-28,42.0700,42.9400,39.8600,41.4400,2391811
2016-10-21,39.6900,41.9200,39.6800,41.8100,1693760
2016-10-14,44.1300,44.7700,39.7200,39.8000,3053994
2016-10-07,46.3300,46.6000,42.7200,43.6000,2144173
2016-09-30,46.2200,47.3200,45.8100,45.9500,1754742
2016-09-23,44.5500,46.9300,43.9100,46.6000,2027535
2016-09-16,44.5100,45.4500,43.4800,44.5000,2043335
2016-09-09,47.0000,47.7500,44.4800,44.9600,2281978
2016-09-02,43.7500,46.8600,43.2370,46.7200,2408448
2016-08-26,43.6200,44.9600,43.4300,43.6100,1498819
2016-08-19,44.5400,46.0200,43.4800,43.8700,1915811
2016-08-12,45.0800,45.4600,43.9900,44.5600,2014068
2016-08-05,43.3500,46.5400,39.9706,45.0800,4341848
2016-07-29,42.5400,45.0000,41.8000,43.1900,3235755
2016-07-22,43.1500,43.8900,41.1300,42.7000,2604388
2016-07-15,38.7200,43.6500,38.2900,43.1500,4708985
2016-07-08,38.3900,38.9500,37.4800,38.5900,2080759
2016-07-01,39.3800,39.9000,36.2800,38.6700,4376750
2016-06-24,42.1400,43.1900,39.4750,39.8200,2846793
2016-06-17,41.5800,42.6000,40.5700,41.7200,2887337
2016-06-10,42.3100,43.3800,41.4000,41.8600,2732783
2016-06-03,39.5000,42.4200,39.0800,42.1500,3865458
2016-05-27,37.2500,39.5000,35.5450,39.4700,1710176
2016-05-20,37.2700,37.4600,35.3650,37.1100,1804015
2016-05-13,35.0000,37.9100,34.8000,37.0900,3165589
2016-05-06,34.5900,35.4000,32.7400,35.1600,4055718
2016-04-29,33.7000,34.7300,33.0200,34.3500,1838503
2016-04-22,33.1900,34.6400,33.1500,33.7600,1940249
2016-04-15,34.0000,34.5000,32.1300,33.3800,1862274
2016-04-08,33.0000,34.4900,32.4700,33.8600,2325055
2016-04-01,32.4000,33.5100,30.8800,32.9300,2053399
2016-03-24,32.9100,33.6850,31.6000,32.3600,1264399
2016-03-18,31.2900,33.5800,30.2800,33.0500,1964340
2016-03-11,31.0700,31.4000,29.8900,31.3200,2200274
2016-03-04,29.3100,31.6500,28.7100,31.2300,2912017
2016-02-26,26.7000,29.4100,24.7800,29.2300,4009352
2016-02-19,25.5400,27.1900,24.3400,26.2000,3297467
2016-02-12,27.1100,27.1100,22.2500,25.3100,8911362
2016-02-05,30.4900,32.2200,27.2400,27.4600,3695665
2016-01-29,33.3200,33.3200,29.0500,30.6900,3001962
2016-01-22,31.6600,33.1400,28.9000,32.8600,3437412
2016-01-15,30.1400,32.3200,29.4500,31.2000,3314195
2016-01-08,33.9300,35.1599,29.9700,30.1100,4380884
2015-12-31,34.6700,35.3000,34.2900,34.5300,1229105
2015-12-24,34.2200,35.2200,33.8100,34.7800,1572727
2015-12-18,35.0900,35.9199,33.6000,33.9000,3169805
2015-12-11,36.2400,36.5400,34.8100,34.9700,1948670
2015-12-04,35.7100,37.0000,34.5200,36.2500,2014563
2015-11-27,34.8400,36.0000,33.3386,35.7000,989881
2015-11-20,34.6600,35.3600,33.2300,34.8500,2300703
2015-11-13,35.4800,35.6000,34.1200,34.5800,2537205
2015-11-06,31.5100,37.2200,31.3200,35.4600,4377133
2015-10-30,32.1000,32.5800,30.4900,31.5000,2914109
2015-10-23,36.2900,36.7200,30.7300,32.0000,5682619
2015-10-16,36.2600,37.5000,34.5100,36.4800,1644069
2015-10-09,34.3100,36.5500,34.1700,36.4000,1757933
2015-10-02,35.2200,35.5300,32.3700,34.0800,3339895
2015-09-25,37.8200,38.6200,35.0100,35.1600,2098746
2015-09-18,37.7500,39.2700,37.4000,37.5700,2177213
2015-09-11,36.9200,38.3500,36.4550,37.8100,1525655
2015-09-04,35.9700,36.9800,35.0800,36.4200,2452880
2015-08-28,34.9500,36.2900,33.2300,36.1700,4085396
2015-08-21,38.6200,38.8800,36.5516,36.9500,2480879
2015-08-14,36.5300,38.9500,36.5300,38.7900,3190752
2015-08-07,36.0000,40.7000,35.5900,36.3900,5985277
2015-07-31,37.2600,37.2600,34.9500,36.0600,2442470
2015-07-24,36.4200,37.5400,35.8000,37.3500,2766744
2015-07-17,35.6800,37.1000,35.6000,36.2300,2378863
2015-07-10,35.4200,35.9100,34.1400,35.5200,2682458
2015-07-02,35.3600,35.8500,34.3300,35.7500,2228518
2015-06-26,35.0200,36.1000,34.8440,35.7300,3218685
2015-06-19,32.0800,35.0400,31.5600,34.9100,3679280
2015-06-12,32.6400,32.9900,31.3000,32.1600,2397044
2015-06-05,31.3600,32.9400,30.9700,32.7200,3434699
2015-05-29,32.1300,32.2500,30.9103,31.1300,1675854
2015-05-22,30.7600,33.0800,30.4100,32.2000,3228100
2015-05-15,29.5800,31.2200,28.8400,30.8400,2936444
2015-05-08,28.3000,31.8000,27.4600,29.6900,5229095
2015-05-01,29.2100,29.8600,28.0900,28.2300,1909567
2015-04-24,29.7900,30.0500,28.8000,29.2800,1576000
2015-04-17,29.2700,30.3340,27.9500,29.5700,2278728
2015-04-10,27.8800,29.6700,27.7700,29.2800,2497947
2015-04-02,29.6200,29.8300,27.5700,28.1600,2330229
2015-03-27,29.0300,30.2196,28.7200,29.4900,2880236
2015-03-20,30.0000,30.1400,28.6900,29.0900,3305187
2015-03-13,30.5700,30.8400,28.9500,29.7600,3899973
2015-03-06,32.0100,32.3100,30.4100,30.4700,3217147
2015-02-27,34.8700,34.9000,31.8100,31.9650,4334473
2015-02-20,34.9400,36.1800,34.5800,35.0400,3137961
2015-02-13,33.4000,36.2000,31.0500,35.0250,6929839
2015-02-06,32.9300,33.7100,32.0400,33.4450,4051855
2015-01-30,34.5600,36.0000,32.7100,32.9500,2553150
2015-01-23,33.3900,35.0000,31.9400,34.4900,2303385
2015-01-16,35.3000,35.7450,31.0000,33.2000,3575888
2015-01-09,34.1300,37.6700,33.0000,35.2300,3723429
2015-01-02,36.6300,36.8450,34.0400,34.4000,1501258
2014-12-26,36.7300,37.7390,36.1400,36.6000,1307167
2014-12-19,34.1900,37.5200,33.4101,36.8200,3633064
2014-12-12,32.8800,35.2800,32.8800,34.0300,3597530
2014-12-05,31.7100,33.9800,31.0200,33.0900,4777300
2014-11-28,31.2500,31.8600,30.6000,31.7700,2746775
2014-11-21,29.7600,31.8700,29.3300,31.0700,6011928
2014-11-14,28.0100,29.9400,27.5500,29.9000,3546237
2014-11-07,36.1500,36.1500,25.9900,28.0200,11248905
2014-10-31,33.4300,36.7680,32.6700,36.2700,2527184
2014-10-24,33.5000,35.1400,32.5000,33.6300,3967593
2014-10-17,30.5200,34.4600,28.8600,33.6600,5021241
2014-10-10,35.3500,36.2300,30.0000,30.3800,4873062
2014-10-03,34.8100,36.1300,32.4600,35.3000,4406700
2014-09-26,37.0600,37.0600,34.5800,35.3700,4620820
2014-09-19,43.0500,43.1300,36.0200,37.3900,6358700
2014-09-12,39.6000,43.2900,39.5980,43.2800,4001800
2014-09-05,37.5700,40.1200,37.1000,39.7400,2832600
2014-08-29,36.8600,38.7500,36.2500,37.4480,2716500
2014-08-22,38.6300,39.5900,35.8400,36.4700,3410200
2014-08-15,36.9500,38.8500,36.7200,38.2100,4585800
2014-08-08,40.5300,42.9800,36.1050,36.7300,7586700
2014-08-01,41.4600,44.4900,39.1700,40.3100,3139500
2014-07-25,38.9500,42.5200,38.6100,41.5300,3264700
2014-07-18,41.7300,41.8800,38.2900,39.0900,3679200
2014-07-11,45.5700,45.5700,39.6700,41.2600,4185400
2014-07-03,45.7600,47.0000,45.2400,45.6800,2078800
2014-06-27,45.3100,47.0000,44.5700,45.9700,5750700
2014-06-20,40.8400,45.4600,40.8400,45.3200,4965700
2014-06-13,39.8300,41.1900,38.8200,41.0500,3459300
2014-06-06,40.2400,40.9900,37.2000,39.7200,4887500
2014-05-30,43.6500,44.3700,39.4200,40.1900,4873900
2014-05-23,38.5300,43.5000,38.0500,43.2500,7478300
2014-05-16,36.7600,39.7700,35.8650,38.6600,5399600
2014-05-09,38.9500,39.6750,34.5300,36.5500,6373100
2014-05-02,35.5500,39.5000,32.8200,39.4400,10189500
2014-04-25,41.5500,41.6000,34.3200,35.8400,6835300
2014-04-17,37.5100,39.8900,36.2300,39.3100,3609000
2014-04-11,44.1500,46.5500,37.0000,37.3900,11727000
2014-04-04,46.7500,49.8300,43.0900,44.8600,6670600
2014-03-28,54.1900,54.4600,44.3500,46.3900,6804000
2014-03-21,56.4900,57.9899,54.2500,54.2800,2755900
2014-03-14,58.7100,58.7100,54.5700,56.1200,2446100
2014-03-07,57.5600,60.3200,54.5800,58.0900,3348000
2014-02-28,59.6000,61.8500,57.4700,58.3800,2519500
2014-02-21,57.0000,60.9800,57.0000,59.5900,3241700
2014-02-14,55.5800,60.4300,54.7800,56.9600,4032500
2014-02-07,56.9900,57.7400,53.6800,55.4000,2656900
2014-01-31,56.4100,58.1300,53.6100,57.0500,2349700
2014-01-24,56.5000,57.2000,54.1375,56.3800,1423100
2014-01-17,56.1500,57.1600,53.3200,56.2200,1528900
2014-01-10,53.9900,57.9850,53.4500,56.5100,2462300
2014-01-03,52.8000,53.9900,52.3600,53.9100,1100200
2013-12-27,52.7200,53.7500,52.0700,52.8000,971400
2013-12-20,48.4900,52.6900,48.4900,52.2100,3377000
2013-12-13,49.9000,50.3100,47.3383,48.3900,2361500
2013-12-06,50.0000,50.7399,47.7000,49.8300,2500100
2013-11-29,48.3900,50.8300,47.0200,50.4200,1431900
2013-11-22,48.7900,49.1900,45.7700,48.3400,2684800
2013-11-15,47.1100,49.0500,46.4600,48.7400,1988000
2013-11-08,45.6900,53.2150,45.1600,47.2800,5254900
2013-11-01,49.8500,50.3060,45.2200,45.5500,2916300
2013-10-25,52.0200,53.0000,49.2600,49.8900,1651100
2013-10-18,49.6700,52.0000,48.7320,51.9800,1462900
2013-10-11,51.0000,51.8200,45.5800,50.0500,3023700
2013-10-04,52.0600,52.7000,50.5400,51.3300,2139800
2013-09-27,53.9400,54.2300,51.8100,52.4900,1818300
2013-09-20,54.5900,54.8900,53.0800,54.0400,2077400
2013-09-13,53.0400,55.4700,52.3200,53.7700,2560400
2013-09-06,52.3100,53.0900,50.7000,52.8100,1223300
2013-08-30,51.4600,52.6000,49.7200,51.5100,1577000
2013-08-23,50.7700,52.7500,49.4900,51.4800,1807500
2013-08-16,52.1200,53.9050,50.5900,50.7300,1653800
2013-08-09,46.1200,52.9400,46.0000,52.7200,4108600
2013-08-02,44.0800,46.1600,42.8900,46.1200,1416300
2013-07-26,44.0800,44.8200,43.3200,44.1500,1978000
2013-07-19,45.9100,46.2088,43.1200,44.2800,2185100
2013-07-12,44.4900,46.3050,44.0700,45.8100,1441600
2013-07-05,43.5900,45.0000,43.1700,44.3800,1239100
2013-06-28,44.1200,44.9100,42.8000,43.3000,2942900
2013-06-21,44.3100,46.1750,43.8500,44.4800,2541300
2013-06-14,41.0400,45.4600,39.0700,44.0900,4575200
2013-06-07,40.7200,41.1400,38.7800,40.9600,1929300
2013-05-31,39.7700,41.5900,39.4000,40.6400,1450300
2013-05-24,40.5200,41.4900,38.7400,39.1300,2336300
2013-05-17,38.5100,40.7500,37.9500,40.6600,1467700
2013-05-10,38.4100,39.2800,38.0250,38.7500,1156400
2013-05-03,34.1400,40.0600,33.4200,38.5200,3418000
2013-04-26,33.3200,34.6300,32.9200,34.0700,1828400
2013-04-19,33.0600,33.3700,31.8900,33.1500,1465500
2013-04-12,31.3900,33.4600,31.3600,33.3200,1093900
2013-04-05,34.1000,34.1400,31.2400,31.3500,1338800
2013-03-28,33.5500,34.2500,32.3600,34.1000,781900
2013-03-22,33.2800,34.3150,32.6700,33.3600,1152300
2013-03-15,35.1800,35.4000,33.5500,33.7300,1741900
2013-03-08,33.7300,35.6900,32.8000,35.2500,1761500
2013-03-01,33.1800,34.1900,32.3401,33.9000,1965100
2013-02-22,30.9300,33.1500,30.9000,33.0600,1907700
2013-02-15,32.1900,33.2290,30.1400,30.9100,2136600
2013-02-08,33.6200,34.0100,31.1200,32.2500,1719400
2013-02-01,32.1000,34.1300,31.7200,33.9700,1274000
2013-01-25,31.6000,32.6699,30.7400,32.1300,616800
2013-01-18,30.8500,32.0900,30.0500,31.6400,1008900
2013-01-11,30.4000,31.7500,29.9400,31.0800,1701000
2013-01-04,28.4600,30.7200,28.1100,29.8400,1317200
2012-12-28,28.3400,28.7100,27.5100,28.4700,953400
2012-12-21,26.1400,28.7000,25.9100,28.3800,1900800
2012-12-14,27.0300,28.0000,25.4401,26.0300,1545900
2012-12-07,28.2700,28.4100,26.9200,27.1700,1017000
2012-11-30,27.2600,28.4999,26.7100,28.0400,1577500
2012-11-23,27.3500,28.0800,26.5900,27.3600,1194600
2012-11-16,27.6000,29.7000,26.1200,27.0000,3638800
2012-11-09,29.0600,29.5800,27.3800,27.6100,1005000
2012-11-02,28.1400,29.2500,27.5600,28.9900,904100
2012-10-26,29.0800,29.2000,27.4800,28.2000,1699600
2012-10-19,32.1400,32.4600,28.3500,28.9900,1338800
2012-10-12,31.7400,32.1600,31.0900,32.0900,1076200
2012-10-05,30.8700,32.5000,30.8100,31.8000,1237800
2012-09-28,30.7300,31.2400,29.8800,30.6600,1592800
2012-09-21,30.0000,31.4800,28.9300,30.9000,2543800
2012-09-14,27.3800,29.7000,26.7900,29.5500,1763200
2012-09-07,26.6900,28.1700,26.0200,27.2600,1306300
2012-08-31,26.1200,28.0000,26.0300,26.8100,2577400
2012-08-24,25.9000,26.4000,24.8100,25.1000,1557100
2012-08-17,26.2500,26.4000,24.2300,25.8400,1963200
2012-08-10,25.0400,29.7100,24.7500,26.1800,1987700
2012-08-03,23.6500,25.2600,23.3000,24.8400,1028500
2012-07-27,24.0700,24.1500,22.0100,23.5900,1204700
2012-07-20,23.2900,25.4000,22.8600,24.6100,1465100
2012-07-13,23.2600,23.7600,21.7900,23.4500,1385500
2012-07-06,23.9600,24.9900,23.0800,23.2450,692100
2012-06-29,21.7000,23.8200,21.3550,23.8100,1366100
2012-06-22,21.1500,22.6000,20.9400,21.9100,5510900
2012-06-15,20.4400,21.6400,19.9000,21.2700,1643300
2012-06-08,18.9300,20.5800,18.0200,20.3500,1453000
2012-06-01,20.0700,20.1300,18.6500,18.8200,882900
2012-05-25,19.6100,20.4154,19.3550,19.8600,1089000
2012-05-18,18.6900,21.2300,18.2600,19.6100,1892800
2012-05-11,19.6400,19.9700,18.5000,18.8200,685000
2012-05-04,21.2500,21.6800,19.2200,19.7400,800200
2012-04-27,22.0000,22.0400,20.3500,21.2500,892700
2012-04-20,21.3300,22.6000,20.7700,22.2300,983000
2012-04-13,21.2800,21.5200,20.3500,21.2200,686100
2012-04-05,21.8900,22.2200,21.0500,21.5800,580200
2012-03-30,22.0000,22.0900,21.3500,21.8400,1302300
2012-03-23,20.3500,20.7200,20.0500,20.5500,740400
2012-03-16,20.9500,21.4100,20.0200,20.4600,3688400
2012-03-09,21.0400,22.6200,20.2600,22.1300,1510900
2012-03-02,20.5600,21.4400,20.2000,21.2000,1323600
2012-02-24,19.0000,20.8800,19.0000,20.6800,1608400
2012-02-17,18.3600,19.5000,18.0200,19.0300,2593800
2012-02-10,18.2400,18.6500,17.2900,18.0900,2143500
2012-02-03,18.0000,18.4000,17.8100,18.3000,681500
2012-01-27,18.2100,18.4400,17.7800,18.1500,292900
2012-01-20,18.4200,18.5300,17.8800,18.3100,564700
2012-01-13,17.7700,18.3000,17.7700,18.1900,456700
2012-01-06,18.5000,18.5000,17.1700,17.6800,333200
2011-12-30,18.3100,18.3600,17.6400,18.2400,712500
2011-12-23,18.0500,18.3700,17.1400,18.2400,1113400
2011-12-16,18.5900,18.8100,16.8200,17.9000,1764800
2011-12-09,18.0500,19.0000,17.1000,18.7500,3886800
2011-12-02,15.9200,16.6400,15.2400,16.2400,2030900
2011-11-25,15.7500,16.1700,15.2400,15.3500,765500
2011-11-18,14.5500,16.1000,14.5000,16.0700,1263600
2011-11-11,14.0100,15.3400,13.8700,14.6900,578400
2011-11-04,15.2000,15.5700,13.9400,13.9900,318800
2011-10-28,14.3700,15.5000,13.8100,15.4500,653400
2011-10-21,14.8500,15.1000,13.2000,14.3800,323000
2011-10-14,14.5500,15.1000,14.2200,15.0000,646800
2011-10-07,12.3900,14.9600,12.0100,14.2800,771500
2011-09-30,13.0000,14.0500,12.2800,12.5400,753200
2011-09-23,12.7400,13.1400,11.5000,12.9700,651000
2011-09-16,12.4490,13.8700,11.5100,12.9400,2494700
2011-09-09,13.9400,14.0900,12.4400,12.5600,437600
2011-09-02,14.4700,16.4000,14.2900,14.3400,324700
2011-08-26,14.3500,15.5100,13.6200,14.2700,334900
2011-08-19,16.4200,17.4200,14.1100,14.1400,490500
2011-08-12,14.5900,16.7600,12.1260,16.4300,943600
2011-08-05,16.6300,17.5500,14.5300,15.0200,846100
2011-07-29,17.0600,18.4600,15.1500,16.4000,758500
2011-07-22,18.1300,19.6500,16.9500,17.0900,473800
2011-07-15,18.7500,19.4200,17.6800,18.4200,279800
2011-07-08,17.9700,19.4500,17.9700,19.0200,169100
2011-07-01,17.7700,19.5400,17.3100,17.9200,443700
2011-06-24,17.5000,19.3400,16.8210,17.5600,2594300
2011-06-17,19.1000,20.1900,17.1100,17.4900,582700
2011-06-10,19.2400,19.5500,17.7780,18.8500,469900
2011-06-03,19.4100,20.1100,18.9200,19.0900,274900
2011-05-27,19.4300,20.4800,18.1400,19.5000,505800
2011-05-20,19.8400,20.4000,18.7700,19.7900,706000
2011-05-13,21.1800,23.5000,18.7200,20.1000,827200
2011-05-06,19.4800,21.7300,18.3500,21.1000,588700
2011-04-29,18.1100,19.5000,17.4800,19.1400,538400
2011-04-21,17.5200,18.5800,16.6700,18.0100,357300
2011-04-15,18.9500,19.5000,17.2500,17.8000,968500
2011-04-08,17.6000,19.5900,17.4650,18.7000,561800
2011-04-01,18.5000,19.0800,17.4800,17.7800,716500
2011-03-25,18.4000,19.4300,17.3000,18.5000,1129500
