timestamp,open,high,low,close,volume
2018-02-27,4.9500,4.9500,0.0000,4.9500,0
2018-02-23,4.9500,4.9500,4.9500,4.9500,367
2018-02-16,4.7000,4.7094,4.7000,4.7094,1076
2018-02-09,4.7000,4.9410,4.5000,4.7000,2237
2018-02-02,4.9000,4.9000,4.7500,4.7500,586
2018-01-26,4.9000,4.9000,4.9000,4.9000,546
2018-01-19,4.7600,4.9500,4.3340,4.9000,5781
2018-01-12,4.6500,5.0900,4.3800,4.9000,11642
2018-01-05,4.1500,4.8921,3.9500,4.4000,33784
2017-12-29,3.9700,4.4697,3.9700,4.0703,699
2017-12-22,4.3100,4.5000,4.0700,4.2500,17869
2017-12-15,3.7300,3.9425,3.6500,3.9425,1245
2017-12-08,3.7900,3.8900,3.4750,3.8900,14668
2017-12-01,3.8000,3.8999,3.7900,3.7900,2506
2017-11-24,3.5900,3.8200,3.5500,3.7800,12532
2017-11-17,3.8700,3.9736,3.2500,3.8260,13612
2017-11-10,3.7535,3.8700,3.7500,3.7500,7970
2017-11-03,3.9700,3.9900,3.7500,3.7500,10046
2017-10-27,3.9000,3.9000,3.7500,3.8000,8684
2017-10-20,4.0000,4.2500,3.7600,3.9100,22697
2017-10-13,4.1001,4.3000,4.0000,4.0000,6269
2017-10-06,4.3000,4.3500,4.2700,4.3500,13124
2017-09-29,4.0000,4.2200,4.0000,4.2000,5910
2017-09-22,4.0000,4.0000,4.0000,4.0000,66
2017-09-15,4.0000,4.0000,4.0000,4.0000,393
2017-09-08,4.1500,4.1500,4.1100,4.1100,1834
2017-09-01,4.0500,4.4000,3.8300,4.1300,9151
2017-08-25,4.7200,4.7200,3.9300,4.1500,12536
2017-08-18,4.9900,4.9900,4.4400,4.7000,21937
2017-08-11,5.3300,5.3400,5.1000,5.1000,2550
2017-08-04,5.4100,5.6000,5.2000,5.3500,11814
2017-07-28,5.5600,5.6600,5.1100,5.6000,14169
2017-07-21,5.9000,5.9942,5.5500,5.5600,15418
2017-07-14,5.7800,5.9900,5.5500,5.9200,16400
2017-07-07,5.8200,6.0000,5.5600,5.6500,27231
2017-06-30,5.9100,6.1000,5.6200,5.6800,124801
2017-06-23,6.0500,6.1200,5.8500,5.8500,4613
2017-06-16,6.0500,6.1000,5.7500,5.9700,11285
2017-06-09,5.7000,6.1000,5.6900,5.7600,11101
2017-06-02,5.8700,5.8700,5.7100,5.7400,2242
2017-05-26,6.1800,6.1800,5.8700,5.8700,674
2017-05-19,5.6500,6.1800,5.6500,6.1800,5507
2017-05-12,6.1800,6.1800,5.6500,5.7000,12686
2017-05-05,5.8800,6.1900,5.8800,6.1900,286
2017-04-28,5.5500,5.9400,5.5500,5.8800,2789
2017-04-21,6.0600,6.2000,5.5500,5.5500,24900
2017-04-13,5.5800,5.9100,5.5800,5.8900,7503
2017-04-07,5.7100,5.7100,5.5600,5.5800,4943
2017-03-31,5.8900,6.2000,5.6400,5.7100,12900
2017-03-24,5.7800,5.9500,5.6000,5.9500,11223
2017-03-17,5.9600,6.2800,5.6100,5.6100,27359
2017-03-10,6.0300,6.3100,5.9500,5.9600,7233
2017-03-03,6.1400,6.4300,6.0200,6.3900,6300
2017-02-24,6.1800,6.8300,6.0800,6.1100,7600
2017-02-17,5.8400,6.3300,5.6500,6.0500,23236
2017-02-10,5.7500,5.8500,5.6600,5.7400,19200
2017-02-03,5.8000,5.8500,5.5500,5.6700,59033
2017-01-27,5.8465,5.8500,5.6500,5.8232,18800
2017-01-20,5.8077,5.8077,5.6200,5.7490,25200
2017-01-13,5.7500,6.0836,5.7500,5.9200,15000
2017-01-06,5.9162,5.9607,5.7500,5.7500,5100
2016-12-30,5.6748,6.0593,5.5800,5.8501,12800
2016-12-23,5.7431,5.8000,5.0110,5.8000,19900
2016-12-16,6.2001,6.2500,5.5800,5.7000,13000
2016-12-09,6.2708,6.9903,6.1000,6.2700,44700
2016-12-02,6.1599,6.2805,6.1000,6.2805,1735
2016-11-25,6.1599,6.1599,6.1599,6.1599,102
2016-11-18,6.0582,6.1599,6.0582,6.1599,1410
2016-11-11,6.2169,6.2169,6.0279,6.0582,437
2016-11-04,6.2000,6.2169,6.1001,6.2169,4256
2016-10-28,6.2327,6.2668,6.1989,6.2000,4809
2016-10-21,6.1800,6.3604,6.1800,6.2327,1306
2016-10-14,6.3500,6.4100,6.2000,6.2800,4400
2016-10-07,6.3926,6.4023,6.2890,6.3608,1447
2016-09-30,6.1000,6.3926,6.0200,6.3926,15200
2016-09-23,6.5500,6.5500,6.0300,6.3100,33955
2016-09-16,6.2500,6.6167,6.2200,6.5500,4501
2016-09-09,6.2500,6.6700,6.2301,6.2301,3200
2016-09-02,6.5700,6.6200,6.1230,6.4255,8900
2016-08-26,6.0200,6.8000,5.9900,6.2600,40300
2016-08-19,7.2700,7.5999,5.7500,6.1900,38600
2016-08-12,7.1200,7.4200,7.0900,7.2200,2601
2016-08-05,6.9643,7.5899,6.8900,7.1000,18563
2016-07-29,7.0538,7.0538,7.0000,7.0000,1502
2016-07-22,7.0600,7.0600,6.9500,7.0538,736
2016-07-15,7.0100,7.2300,6.9900,7.0600,5722
2016-07-08,7.2100,7.3200,6.9200,7.0100,33500
2016-07-01,6.6000,7.1900,6.5000,7.1100,74700
2016-06-24,6.7900,6.8100,6.5900,6.6200,55800
2016-06-17,6.7800,6.9400,6.7800,6.8200,29715
2016-06-10,6.6700,6.8700,6.6700,6.7800,26621
2016-06-03,6.6792,6.8750,6.6700,6.6700,5538
2016-05-27,6.9070,6.9070,6.6383,6.6792,8010
2016-05-20,6.6727,6.9000,6.6501,6.8900,8329
2016-05-13,6.3600,6.8900,5.8525,6.6700,113900
2016-05-06,6.5590,6.5590,6.4300,6.4400,13100
2016-04-29,6.3700,6.5301,6.3600,6.5301,16400
2016-04-22,6.4800,6.5000,6.3600,6.4200,7100
2016-04-15,6.4889,6.5500,6.3600,6.3900,13800
2016-04-08,6.3880,6.5500,6.3600,6.4100,13800
2016-04-01,6.1256,6.9000,6.0200,6.4400,78400
2016-03-24,4.9300,6.4500,4.9300,6.1499,83000
2016-03-18,5.0500,5.1180,4.9300,4.9300,3033
2016-03-11,4.8500,5.0500,4.6500,5.0285,27218
2016-03-04,4.8500,4.8700,4.6100,4.7142,12200
2016-02-26,5.0400,5.0400,4.9400,4.9400,378
2016-02-19,4.8500,5.3499,4.8500,5.0400,12200
2016-02-12,4.9646,4.9800,4.9646,4.9800,2405
2016-02-05,4.9400,4.9800,4.9000,4.9646,3600
2016-01-29,4.8500,5.1500,4.8500,5.0100,4706
2016-01-22,4.8600,5.0000,4.8500,5.0000,5343
2016-01-15,4.8101,5.1400,4.7000,4.8100,6901
2016-01-08,5.1500,5.1500,4.8900,4.8900,9800
2015-12-31,4.9810,5.1200,4.8900,5.1110,14600
2015-12-24,4.9185,4.9500,4.7519,4.8300,4600
2015-12-18,4.9300,4.9500,4.7500,4.7500,19700
2015-12-11,4.4960,4.9899,4.4800,4.9450,23900
2015-12-04,4.5600,4.7435,4.3650,4.5000,26000
2015-11-27,4.3960,4.5700,4.2500,4.2500,15200
2015-11-20,4.2500,4.4001,4.2000,4.4000,14900
2015-11-13,4.3499,4.3499,4.1100,4.2500,11800
2015-11-06,3.8210,4.4199,3.7100,4.3500,34400
2015-10-30,3.6901,3.8100,3.6900,3.8000,10446
2015-10-23,3.6810,3.7800,3.5600,3.6901,3627
2015-10-16,3.8500,3.8520,3.5600,3.8000,17108
2015-10-09,3.9000,3.9000,3.5900,3.8500,13223
2015-10-02,3.8000,3.8665,3.7000,3.8460,27400
2015-09-25,3.8800,3.9165,3.7500,3.7700,14713
2015-09-18,3.6400,3.9100,3.6400,3.8800,14405
2015-09-11,3.5900,3.8500,3.5900,3.8500,5700
2015-09-04,3.7000,3.8100,3.6000,3.7300,8229
2015-08-28,3.5500,3.6084,3.2800,3.6084,15600
2015-08-21,3.5600,3.5600,3.3600,3.5500,6700
2015-08-14,3.3900,3.6501,3.2900,3.5600,60800
2015-08-07,3.4200,3.5200,3.2800,3.3900,20600
2015-07-31,3.2700,3.5505,3.1500,3.4200,16200
2015-07-24,3.5100,3.5800,3.2700,3.3000,28700
2015-07-17,3.6899,3.7000,3.4900,3.4900,24500
2015-07-10,3.7200,3.7200,3.6000,3.6101,9392
2015-07-02,3.6900,3.7400,3.5346,3.7200,26300
2015-06-26,3.7900,3.7900,3.5000,3.6650,44900
2015-06-19,3.8000,3.8000,3.6600,3.6700,50751
2015-06-12,3.9300,3.9500,3.7800,3.9099,16100
2015-06-05,3.9400,4.0000,3.7300,3.8100,27300
2015-05-29,3.6900,3.9400,3.5900,3.8600,41600
2015-05-22,3.8052,4.2900,3.5100,3.5900,281200
2015-05-15,4.0830,4.0832,3.8000,3.8000,28900
2015-05-08,3.9969,4.1000,3.8900,4.1000,29700
2015-05-01,3.9999,4.0000,3.8000,3.9900,2600
2015-04-24,3.8800,4.0000,3.8000,3.9999,22500
2015-04-17,4.0200,4.0200,3.8800,3.8800,29900
2015-04-10,4.0200,4.1400,4.0000,4.0200,9600
2015-04-02,4.1600,4.1620,3.8000,4.0200,33600
2015-03-27,3.9200,4.2700,3.7700,4.1500,29800
2015-03-20,3.6700,4.2000,3.6700,4.2000,7603
2015-03-13,3.7700,3.9000,3.6500,3.7300,2600
2015-03-06,3.7000,3.9000,3.7000,3.9000,2100
2015-02-27,3.9101,3.9900,3.7750,3.7750,17506
2015-02-20,3.9500,3.9999,3.9100,3.9999,1800
2015-02-13,4.0000,4.0100,3.7301,3.9000,10700
2015-02-06,3.9999,4.1700,3.9300,4.1500,8032
2015-01-30,3.8200,4.0000,3.6810,3.9999,38900
2015-01-23,3.6600,3.9999,3.6600,3.8700,3000
2015-01-16,3.9100,4.2100,3.7200,3.7200,29500
2015-01-09,3.6600,4.2200,3.6400,4.0000,13900
2015-01-02,3.7000,3.8890,3.6400,3.7900,43900
2014-12-26,3.9200,4.3000,3.6600,3.7700,51900
2014-12-19,4.1000,4.1000,3.6600,3.7600,36100
2014-12-12,3.9910,4.0000,3.7900,3.9990,13206
2014-12-05,4.0000,4.0000,3.6400,3.9910,7100
2014-11-28,3.9000,3.9900,3.8100,3.8100,4900
2014-11-21,4.0100,4.0100,3.8100,3.8100,3800
2014-11-14,4.0200,4.2000,3.7800,4.0000,12582
2014-11-07,4.0500,4.0500,3.7300,4.0200,5110
2014-10-31,3.6790,4.0800,3.6790,4.0500,7000
2014-10-24,3.8200,3.8200,3.6700,3.6790,872
2014-10-17,3.8800,4.0799,3.7500,3.8200,5446
2014-10-10,3.7600,4.1400,3.5300,4.0700,11600
2014-10-03,3.7700,3.8999,3.5200,3.6500,12900
2014-09-26,3.8000,3.9000,3.7000,3.7600,8301
2014-09-19,4.2200,4.2400,3.8000,3.8000,4514
2014-09-12,3.9086,4.2400,3.8100,4.2100,5215
2014-09-05,3.8700,3.9700,3.8100,3.8600,7000
2014-08-29,4.0300,4.1400,3.8100,3.8700,28800
2014-08-22,4.3700,4.3700,4.0300,4.0300,16900
2014-08-15,4.5800,4.6300,4.1200,4.1400,23000
2014-08-08,4.4600,4.7000,4.3500,4.6400,35400
2014-08-01,4.4500,4.6500,4.4500,4.6200,17500
2014-07-25,4.4600,4.6700,4.4300,4.4750,41500
2014-07-18,4.4300,4.6900,4.4300,4.5000,3900
2014-07-11,4.5510,4.5880,4.4300,4.4300,8100
2014-07-03,4.5700,4.7000,4.5700,4.6950,4200
2014-06-27,4.7500,4.8501,4.6900,4.6900,7600
2014-06-20,4.7600,4.8200,4.7400,4.8200,2469
2014-06-13,4.8500,4.9000,4.7000,4.7000,2124
2014-06-06,4.8000,4.8500,4.8000,4.8000,5100
2014-05-30,4.8200,4.8200,4.8000,4.8000,700
2014-05-23,4.7204,4.9900,4.7001,4.7100,4500
2014-05-16,4.7000,5.0000,4.7000,4.8500,11500
2014-05-09,5.0699,5.0699,4.7028,4.7400,8426
2014-05-02,5.0000,5.0700,4.8400,5.0699,13300
2014-04-25,5.2000,5.2001,5.0000,5.0000,14190
2014-04-17,5.2020,5.4300,5.1001,5.2500,6600
2014-04-11,5.4500,5.4500,5.2000,5.2300,8600
2014-04-04,5.5500,5.7120,5.3500,5.4000,12500
2014-03-28,5.6600,5.6600,5.3500,5.3600,20000
2014-03-21,5.5500,5.6500,5.5200,5.6500,3604
2014-03-14,5.6300,5.7300,5.5100,5.5300,3601
2014-03-07,5.5700,5.7500,5.4200,5.6000,15820
2014-02-28,5.8000,5.8200,5.5749,5.5800,16200
2014-02-21,5.5500,5.8000,5.4000,5.8000,20800
2014-02-14,5.6000,5.9000,5.5400,5.6000,25900
2014-02-07,5.8500,5.8500,5.5700,5.6890,1740
2014-01-31,5.9500,5.9500,5.5300,5.8660,5100
2014-01-24,5.8950,5.9500,5.6680,5.9500,10020
2014-01-17,5.8490,5.9890,5.8300,5.8500,15820
2014-01-10,5.8000,5.8500,5.5000,5.8500,8610
2014-01-03,5.6600,5.9000,5.3701,5.8000,14500
2013-12-27,5.7500,5.7500,5.6980,5.7500,1500
2013-12-20,5.4600,5.7500,5.4600,5.7500,5700
2013-12-13,5.4400,5.6500,5.3000,5.4401,9200
2013-12-06,5.3600,5.5100,5.3600,5.4500,4900
2013-11-29,5.7000,5.7000,5.3000,5.3600,5700
2013-11-22,5.7490,5.7500,5.5500,5.5800,9500
2013-11-15,5.6000,5.8500,5.3000,5.7500,12800
2013-11-08,5.5000,5.8500,5.1700,5.2400,7600
2013-11-01,5.4990,5.7300,5.1100,5.5100,5400
2013-10-25,5.2500,5.3400,4.9500,5.2400,8600
2013-10-18,5.5400,5.6500,4.9150,5.1000,17600
2013-10-11,5.1500,5.7500,5.1500,5.7500,9500
2013-10-04,4.9400,5.1900,4.8300,5.1500,9000
2013-09-27,4.7890,5.1890,4.7890,4.9500,22200
2013-09-20,4.7900,4.8500,4.3200,4.8000,11200
2013-09-13,5.1000,5.2200,4.8000,5.2200,5200
2013-09-06,5.0000,5.1400,4.7000,5.1100,12800
2013-08-30,5.1400,5.3000,5.0000,5.0000,8700
2013-08-23,5.0100,5.5000,5.0100,5.2090,24000
2013-08-16,5.0001,5.7500,5.0000,5.1800,20200
2013-08-09,5.0000,5.7500,5.0000,5.5000,16100
2013-08-02,5.2500,5.2800,5.0000,5.0200,18100
2013-07-26,4.8300,5.2600,4.8300,5.2500,6400
2013-07-19,5.0000,5.2500,4.8200,5.2410,6700
2013-07-12,4.9900,5.0100,4.7163,4.8980,4000
2013-07-05,4.9900,5.0000,4.9900,4.9900,800
2013-06-28,4.9400,5.0200,4.6700,5.0200,6000
2013-06-21,4.6300,4.6499,4.4900,4.5000,5800
2013-06-14,4.6200,4.6900,4.5800,4.5800,9000
2013-06-07,4.6000,4.7720,4.5800,4.5800,10800
2013-05-31,4.9800,4.9800,4.6200,4.7200,13900
2013-05-24,4.8000,4.8900,4.5300,4.7100,12000
2013-05-17,4.5601,5.0800,4.5500,4.8000,41200
2013-05-10,4.6300,5.0390,4.2680,4.7560,22100
2013-05-03,5.0500,5.1290,4.7400,5.1290,5600
2013-04-26,5.1300,5.1400,4.1700,5.0500,13600
2013-04-19,5.2000,5.2700,4.9200,5.1300,11600
2013-04-12,5.1700,5.4940,5.0200,5.3700,4800
2013-04-05,5.0200,5.5000,5.0200,5.4100,6600
2013-03-28,5.5000,5.9900,5.5000,5.9900,11400
2013-03-22,6.0000,6.2400,5.4300,5.4888,13300
2013-03-15,6.0000,6.4700,6.0000,6.0000,7800
2013-03-08,6.3000,6.3200,6.0000,6.2400,6300
2013-03-01,6.2500,6.3000,6.0000,6.3000,3200
2013-02-22,6.6000,6.6000,6.2000,6.3000,2800
2013-02-15,6.2400,6.3000,6.2000,6.3000,4500
2013-02-08,5.8000,6.4200,5.7500,6.4000,59500
2013-02-01,5.1800,5.8000,5.1200,5.8000,8600
2013-01-25,5.0001,5.3180,5.0001,5.1130,5300
2013-01-18,5.3900,5.3900,5.2200,5.3300,900
2013-01-11,5.2300,5.4000,5.2100,5.3900,13600
2013-01-04,4.8500,5.2500,4.8500,5.2300,17300
2012-12-28,4.8600,5.1900,4.8500,5.1400,9900
2012-12-21,4.9100,5.1200,4.1600,4.9000,19700
2012-12-14,5.1400,5.1400,4.8577,4.9200,700
2012-12-07,5.1700,5.1700,5.1200,5.1200,300
2012-11-30,5.2000,5.2000,5.1500,5.1700,600
2012-11-23,5.1100,5.2401,4.9600,5.2300,11700
2012-11-16,5.2000,5.2000,4.6220,4.9960,25000
2012-11-09,5.0700,5.2000,5.0100,5.2000,7800
2012-11-02,4.9900,5.0999,4.9900,5.0900,1600
2012-10-26,4.8200,5.0500,4.7901,4.9900,10200
2012-10-19,4.9900,5.1000,4.7800,4.9200,13300
2012-10-12,4.9100,5.1700,4.7801,5.0300,15100
2012-10-05,4.8200,5.1243,4.5800,5.0500,17700
2012-09-28,4.6700,4.9799,4.5600,4.8700,3300
2012-09-21,4.8700,4.9900,4.5000,4.5200,36200
2012-09-14,5.1400,5.1500,4.8300,4.8700,18300
2012-09-07,5.1900,5.1900,4.9600,5.1100,8800
2012-08-31,5.0500,5.2000,5.0000,5.1900,6500
2012-08-24,5.1600,5.1600,4.8220,5.1300,2600
2012-08-17,5.1600,5.4900,4.8400,5.3000,16100
2012-08-10,5.3900,5.5011,5.3000,5.5000,12100
2012-08-03,5.0250,5.3900,4.9800,5.3899,21500
2012-07-27,4.9400,5.0500,4.9000,5.0250,11900
2012-07-20,4.8300,5.0500,4.8300,5.0000,15200
2012-07-13,5.0000,5.0400,4.4600,4.8001,24900
2012-07-06,4.9500,5.1000,4.8000,5.0000,13700
2012-06-29,4.9200,5.0200,4.8000,4.9500,9400
2012-06-22,5.0500,5.0500,4.8600,4.9700,10700
2012-06-15,5.0100,5.0500,4.9930,5.0500,4600
2012-06-08,4.9600,5.0500,4.6000,5.0100,13100
2012-06-01,4.8300,4.9900,4.7800,4.9900,700
2012-05-25,4.9000,5.0300,4.8300,4.8300,4500
2012-05-18,4.8500,5.0500,4.7900,5.0100,1100
2012-05-11,4.8100,5.0900,4.4900,4.8500,39300
2012-05-04,4.9000,5.0000,4.7000,4.7000,4300
2012-04-27,4.8800,4.8900,4.7800,4.8500,2800
2012-04-20,4.5100,4.8800,4.5100,4.8800,2600
2012-04-13,4.6380,4.9400,4.6380,4.7000,8000
2012-04-05,4.8300,4.9500,4.4900,4.8300,19200
2012-03-30,4.3900,5.0200,4.3500,5.0200,34700
2012-03-23,4.4800,4.5400,4.4500,4.4501,12100
2012-03-16,4.4300,4.6500,4.4200,4.5000,4300
2012-03-09,4.6300,4.6300,4.5000,4.5000,500
2012-03-02,4.4600,4.7699,4.2800,4.4800,10600
2012-02-24,4.8500,4.9900,4.3970,4.6200,8200
2012-02-17,4.9500,4.9900,4.3600,4.9100,15400
2012-02-10,4.7200,4.8800,4.7100,4.8500,1600
2012-02-03,4.7200,5.0000,4.0600,4.8700,7700
2012-01-27,4.7800,4.9900,4.7800,4.9900,800
2012-01-20,5.0000,5.0000,4.7000,4.7800,7000
2012-01-13,5.0500,5.0500,4.8900,4.9700,4100
2012-01-06,4.5100,5.1500,4.3000,5.0500,23900
2011-12-30,4.5100,4.6685,4.3700,4.3800,6400
2011-12-23,4.7200,4.7800,4.1200,4.5100,12100
2011-12-16,5.0200,5.7200,4.6600,4.8600,44200
2011-12-09,5.0600,5.3800,4.5600,5.2400,10800
2011-12-02,4.8000,5.2500,4.2900,5.0000,24700
2011-11-25,4.2800,5.1100,3.9900,4.8100,11900
2011-11-18,4.5000,4.5500,4.1100,4.4800,8700
2011-11-11,4.7300,5.4500,4.5200,4.7700,13400
2011-11-04,4.4200,4.7300,4.1500,4.7000,6500
2011-10-28,4.1700,4.5900,4.0500,4.5100,18000
2011-10-21,4.1900,4.3300,3.9800,4.1900,20600
2011-10-14,4.3100,4.3100,4.2500,4.3000,1400
2011-10-07,4.1100,4.3100,3.8000,4.3100,8400
2011-09-30,4.1801,4.3200,4.0900,4.2000,10000
2011-09-23,4.2200,4.2900,3.9500,4.1600,3600
2011-09-16,4.3900,4.4300,4.1100,4.2200,3000
2011-09-09,4.2100,4.3900,3.9500,4.3900,7200
2011-09-02,3.6400,4.5200,3.5600,4.1900,18600
2011-08-26,3.6800,3.8800,3.6000,3.6270,4500
2011-08-19,3.9900,4.0900,3.6301,3.9500,15000
2011-08-12,4.5800,4.6000,3.3100,3.9899,45300
2011-08-05,5.4500,5.4500,4.6500,4.7000,15100
2011-07-29,5.3500,5.4899,5.1400,5.3990,11600
2011-07-22,4.9100,5.4500,4.9100,5.2500,17800
2011-07-15,4.9100,5.2299,4.9000,5.0000,2600
2011-07-08,5.1500,5.3700,4.9000,4.9000,13900
2011-07-01,4.7100,5.5000,4.6100,5.1100,23800
2011-06-24,4.4500,5.0600,4.4200,4.9500,27600
2011-06-17,4.6400,5.0400,4.4000,4.4900,26400
2011-06-10,5.0600,5.1880,4.3300,4.8300,30200
2011-06-03,5.1500,5.3500,4.8000,5.0600,13000
2011-05-27,4.8900,5.3600,4.8300,5.2600,13300
2011-05-20,5.1800,5.2400,4.7300,5.1700,15700
2011-05-13,5.3800,5.7300,4.6100,5.1900,33200
2011-05-06,5.3500,5.9800,5.3500,5.5025,10200
2011-04-29,5.5100,5.8500,5.1398,5.3500,28800
2011-04-21,5.8800,5.8800,5.4900,5.5000,8000
2011-04-15,5.3001,5.8799,5.3001,5.8799,23900
2011-04-08,4.7800,5.9000,4.7600,5.8800,25900
2011-04-01,5.3800,5.4500,4.7500,5.0099,50700
2011-03-25,6.4800,6.8999,4.8900,5.3200,79000
2011-03-18,6.1300,6.2500,5.9400,6.2500,30500
2011-03-11,6.3000,6.4899,6.0500,6.1399,10900
2011-03-04,6.3400,6.6000,6.0600,6.1600,54700
2011-02-25,6.1500,6.5900,6.0600,6.4800,48100
2011-02-18,6.0600,6.3000,6.0100,6.2700,13800
2011-02-11,6.3000,6.4600,5.9600,6.1500,27500
2011-02-04,5.9501,6.2400,5.9500,6.2400,23900
2011-01-28,6.1800,6.6000,5.9500,6.0000,29900
2011-01-21,5.8101,6.2900,5.8101,6.1900,51400
2011-01-14,5.9500,6.0200,5.6500,6.0000,67500
2011-01-07,6.0600,6.2000,5.8400,5.9700,27100
2010-12-31,6.0400,6.2000,5.8100,6.0000,57500
2010-12-23,5.8100,6.1500,5.8000,6.0400,50700
2010-12-17,6.0000,6.2000,5.6900,6.0300,85000
2010-12-10,5.8000,6.1500,5.4300,6.0500,113200
2010-12-03,5.2900,6.0000,5.1600,5.8600,217900
2010-11-26,5.6000,5.6900,5.2000,5.4900,134600
2010-11-19,5.7200,6.0640,5.0300,5.5800,483000
2010-11-12,9.5000,9.6200,6.1900,6.4700,566700
2010-11-05,8.7000,9.7490,8.5000,8.8400,266200
2010-10-29,8.4300,8.8000,8.2000,8.3300,130400
2010-10-22,8.1000,9.0500,7.7900,8.2299,370900
2010-10-15,6.8200,6.9300,6.4600,6.5200,32700
2010-10-08,6.9800,6.9900,6.4000,6.7000,47400
2010-10-01,6.3600,7.0500,5.7500,6.8900,75800
2010-09-24,6.7000,6.8000,6.1000,6.3600,42900
2010-09-17,5.9400,6.9799,5.7900,6.7000,119000
2010-09-10,5.5000,6.2200,5.4000,6.0700,50900
2010-09-03,4.9500,5.7700,4.9400,5.5410,87700
2010-08-27,5.8500,5.9900,4.8710,5.0610,85600
2010-08-20,6.0000,6.1500,5.5300,5.8000,120900
2010-08-13,6.3500,6.4400,5.7000,6.1600,103300
2010-08-06,8.2000,8.3999,6.1800,6.3600,577800
2010-07-30,7.8400,9.0500,7.6100,9.0500,134000
2010-07-23,7.3500,8.0000,7.1500,7.6120,101100
2010-07-16,6.9500,8.0000,6.9440,7.5000,122800
2010-07-09,6.5100,6.7360,6.1501,6.5960,60000
2010-07-02,7.1900,7.2400,6.0000,6.5000,98700
2010-06-25,7.0000,7.6000,6.8700,7.2400,156600
2010-06-18,6.0000,7.1000,6.0000,6.7200,242600
2010-06-11,5.2500,5.8800,5.1100,5.4200,38500
2010-06-04,5.3100,5.5000,5.0900,5.1270,18400
2010-05-28,5.2600,5.4300,4.7200,5.4200,37400
2010-05-21,5.9900,6.0500,5.0800,5.2400,101400
2010-05-14,6.1900,6.1900,5.4500,5.8500,90800
2010-05-07,5.7100,6.2500,5.4000,5.6800,312900
2010-04-30,3.6900,6.3200,2.7700,5.6500,487200
2010-04-23,3.6000,3.6700,3.4700,3.5900,12900
2010-04-16,3.6400,3.7700,3.4400,3.6000,27300
2010-04-09,3.5200,3.7800,3.4300,3.6000,18700
2010-04-01,3.7400,3.7400,3.5200,3.6400,26400
2010-03-26,2.9000,4.6999,2.9000,3.7400,261500
2010-03-19,2.4500,3.1100,2.3800,2.7000,59500
2010-03-12,2.6000,2.6000,2.4300,2.4500,6400
2010-03-05,2.6699,2.6699,2.2600,2.4201,24300
2010-02-26,2.5800,2.6792,2.5400,2.5760,21600
2010-02-19,2.6001,2.6400,2.5300,2.5500,4900
2010-02-12,2.6000,2.6200,2.5000,2.5600,15800
2010-02-05,2.5000,2.6900,2.3700,2.5601,12100
2010-01-29,2.7400,2.7400,2.4900,2.5899,6600
2010-01-22,2.6000,2.6399,2.4900,2.4900,14500
2010-01-15,2.5400,2.7299,2.4900,2.6000,21600
2010-01-08,2.3200,2.5100,2.3200,2.5000,25100
2009-12-31,2.2400,2.3000,2.2400,2.2800,10100
2009-12-24,2.3300,2.4700,2.2400,2.2400,30700
2009-12-18,2.2400,2.3400,2.2400,2.2400,7100
2009-12-11,2.3600,2.4800,2.2400,2.3000,15100
2009-12-04,2.3300,2.4500,2.1400,2.4500,44500
2009-11-27,2.1400,2.2900,2.1400,2.2096,29900
2009-11-20,2.1600,2.3000,2.1000,2.2300,59600
2009-11-13,2.0500,2.4500,1.9500,2.3400,169300
2009-11-06,2.0600,2.2000,2.0400,2.0500,9000
2009-10-30,2.2501,2.4500,2.0400,2.0400,18000
2009-10-23,2.4100,2.5800,2.2201,2.2700,22200
2009-10-16,2.3000,2.6100,2.3000,2.5200,17500
2009-10-09,2.2500,2.5900,2.1500,2.3001,17300
2009-10-02,2.3800,2.8400,2.0600,2.3100,57100
2009-09-25,2.2200,2.5600,2.0500,2.3400,19900
2009-09-18,2.0400,2.2500,1.9000,2.2500,37400
2009-09-11,2.0800,2.0800,2.0000,2.0101,14800
2009-09-04,2.1400,2.2000,2.0100,2.1000,12800
2009-08-28,2.1713,2.2500,2.0200,2.1000,26500
2009-08-21,2.1600,2.3300,1.9000,2.0600,22800
2009-08-14,2.1600,2.6500,2.0700,2.0700,111800
2009-08-07,2.1000,2.3900,2.1000,2.2001,51600
2009-07-31,1.8500,2.1800,1.8500,2.1000,34600
2009-07-24,1.9300,1.9800,1.8200,1.8500,9300
2009-07-17,1.8100,1.8913,1.7500,1.8913,5600
2009-07-10,1.8200,1.8600,1.7500,1.8100,22300
2009-07-02,2.0000,2.0000,1.8100,1.8200,3700
2009-06-26,1.9000,2.0000,1.8300,2.0000,6948
2009-06-19,2.2200,2.3000,1.8300,1.8300,37600
2009-06-12,1.9200,2.5000,1.9000,2.2700,76700
2009-06-05,1.8100,2.0600,1.5900,1.9400,104300
2009-05-29,1.4200,1.7600,1.4100,1.7500,58800
2009-05-22,1.4800,1.5501,1.3500,1.5400,104100
2009-05-15,1.7400,1.7800,1.2300,1.4499,188500
2009-05-08,1.5800,1.7500,1.5400,1.7100,38500
2009-05-01,1.5000,1.7600,1.4500,1.5370,42900
2009-04-24,1.5500,1.5800,1.5000,1.5000,38400
2009-04-17,1.5700,1.7200,1.5000,1.5500,34100
2009-04-09,1.7000,1.7501,1.5500,1.6001,27800
2009-04-03,2.1800,2.2300,1.2000,1.6900,160100
2009-03-27,1.8500,2.2800,1.8500,2.2300,95200
2009-03-20,2.0200,2.0600,1.8499,1.8500,34100
2009-03-13,1.7500,2.0200,1.7000,2.0200,17500
2009-03-06,2.0000,2.0400,1.7500,1.7500,48200
2009-02-27,2.1100,2.2901,2.0000,2.0000,63000
2009-02-20,2.2800,2.3100,2.2000,2.2200,16367
2009-02-13,2.2901,2.5700,2.2799,2.2800,13600
2009-02-06,2.4000,2.4700,2.2600,2.2801,23900
2009-01-30,2.2001,2.6500,2.2001,2.5600,69700
2009-01-23,2.1800,2.2900,2.0700,2.1999,12200
2009-01-16,2.3100,2.4400,2.0801,2.1800,19300
2009-01-09,2.1900,2.4900,2.1000,2.4200,39600
2009-01-02,2.0000,2.1900,1.9000,2.1501,64900
2008-12-26,2.0000,2.0500,1.9500,2.0299,27300
2008-12-19,2.0900,2.1301,1.9100,2.0000,27200
2008-12-12,2.0501,2.2600,1.9500,2.1800,52200
2008-12-05,2.5000,2.5000,2.0500,2.1100,28500
2008-11-28,1.9500,2.5350,1.8600,2.5000,35800
2008-11-21,2.0000,2.0900,1.6099,1.6900,49700
2008-11-14,2.9699,3.1000,1.5999,1.6700,135800
2008-11-07,3.1200,3.6300,2.8100,2.8510,54400
2008-10-31,2.8600,3.1500,2.7500,3.1500,28500
2008-10-24,3.4699,3.4800,2.7100,2.8400,37600
2008-10-17,3.7501,5.2500,2.7400,2.9600,84400
2008-10-10,4.6600,5.2900,3.2500,3.7200,123300
2008-10-03,5.2700,5.2700,4.6500,4.7600,37800
2008-09-26,5.3100,5.7400,5.1000,5.6300,42300
2008-09-19,5.7500,5.7500,5.1200,5.5200,83100
2008-09-12,4.9799,6.0400,4.8000,5.8000,191500
2008-09-05,4.7200,4.8999,4.5000,4.8000,56400
2008-08-29,4.8200,4.9900,4.6400,4.9700,89500
2008-08-22,5.2500,5.2500,4.5600,4.7300,115700
2008-08-15,5.9000,6.0300,4.7800,5.1700,148800
2008-08-08,6.0300,6.1500,5.1500,5.7200,128600
2008-08-01,5.9100,6.3900,5.4420,6.1500,49700
2008-07-25,7.2800,7.2800,5.5500,5.9100,77500
2008-07-18,6.9300,7.3000,6.7500,7.1700,88100
2008-07-11,6.0000,6.8700,5.9600,6.8600,91500
2008-07-03,5.7400,6.6000,5.4000,6.1700,102100
2008-06-27,5.3500,5.8900,5.1900,5.8201,59100
2008-06-20,4.7400,5.8400,4.7000,5.5700,138900
2008-06-13,4.9200,5.0000,4.4500,4.9300,50200
2008-06-06,5.1000,5.2000,4.7999,4.8400,66100
2008-05-30,4.9300,5.0800,4.7400,4.9999,56900
2008-05-23,5.0200,5.3699,4.5600,4.8200,62400
2008-05-16,4.6900,5.5000,4.3200,5.2600,569300
2008-05-09,4.5000,4.7500,4.3900,4.5300,50400
2008-05-02,4.4300,4.7500,4.4001,4.5900,28000
2008-04-25,4.6400,4.6900,4.4300,4.5600,10600
2008-04-18,4.7700,4.8400,4.6100,4.6900,42500
2008-04-11,4.4400,4.7500,4.4100,4.7000,41700
2008-04-04,5.2300,5.2300,4.0200,4.4000,154100
2008-03-28,4.7400,5.2800,4.7001,5.0000,38200
2008-03-20,4.5000,5.0100,4.4500,4.7100,53000
2008-03-14,4.8800,5.2700,4.5500,4.6600,55200
2008-03-07,5.4400,5.9000,4.8600,4.9200,149000
2008-02-29,5.9500,6.4300,5.4100,5.5600,434400
2008-02-22,4.9000,6.0600,4.7500,5.9300,686000
2008-02-15,4.4000,5.3800,4.2680,5.2399,605200
2008-02-08,3.9900,5.2700,3.8500,4.3500,902900
2008-02-01,3.9900,4.0000,3.4400,4.0000,31700
2008-01-25,3.5800,3.9899,3.2500,3.7140,30900
2008-01-18,3.9900,4.0700,3.7900,3.8700,40700
2008-01-11,4.1000,4.1400,3.7600,4.0400,54700
2008-01-04,3.6200,4.1500,3.5000,4.0000,55400
2007-12-28,3.1201,3.7300,3.1201,3.6700,40000
2007-12-21,3.3700,3.5500,2.7600,3.4500,50900
2007-12-14,3.2900,3.5500,3.1400,3.4099,46500
2007-12-07,3.0200,3.3300,2.8400,3.2300,71700
2007-11-30,3.3100,3.4000,2.9400,2.9900,116900
2007-11-23,3.6500,3.7000,3.3100,3.3400,41700
2007-11-16,4.2800,4.3300,3.0000,3.7000,177700
2007-11-09,4.7700,4.8600,4.2500,4.3400,71900
2007-11-02,4.5101,5.1300,4.5100,4.7000,89700
2007-10-26,4.4500,4.7500,4.2500,4.6100,91300
2007-10-19,4.6900,4.7300,4.3500,4.6000,104500
2007-10-12,4.8000,5.4400,4.4000,4.6400,422000
2007-10-05,4.5900,5.1560,4.3100,4.6600,202800
2007-09-28,4.8300,4.8700,4.4800,4.6200,218900
2007-09-21,4.1500,4.8000,4.1500,4.4780,183900
2007-09-14,4.7600,4.8700,4.0000,4.1900,127300
2007-09-07,4.3500,4.8300,4.3000,4.7100,180100
2007-08-31,4.4700,4.8500,4.2200,4.3000,129900
2007-08-24,4.3300,5.2900,3.5100,4.4340,315900
2007-08-17,3.0300,5.5900,3.0000,4.1700,681800
2007-08-10,3.1100,3.4700,2.8800,3.0100,165800
2007-08-03,3.4400,3.5600,2.9600,3.1400,79000
2007-07-27,4.0500,4.2200,3.1801,3.4400,103200
2007-07-20,4.1000,4.2100,3.9300,3.9900,77700
2007-07-13,4.1500,4.2500,3.9000,4.1200,84300
2007-07-06,4.1200,4.3899,4.0600,4.1500,42600
2007-06-29,4.1300,4.5400,4.0300,4.1000,133700
2007-06-22,4.3800,4.4800,4.1600,4.1700,111400
2007-06-15,4.1700,4.3100,4.0400,4.2600,127900
2007-06-08,4.3600,4.4600,4.1500,4.2200,160900
2007-06-01,4.0600,4.9600,3.9000,4.3500,731600
2007-05-25,4.6900,4.8900,3.9500,4.0400,550700
2007-05-18,6.1500,7.8800,3.6800,4.4500,2024400
2007-05-11,5.6800,6.1500,5.5000,5.8500,224000
2007-05-04,5.8500,6.2400,5.4000,5.7200,408200
2007-04-27,5.9900,6.6200,5.2700,5.8100,848100
2007-04-20,5.7500,6.1000,5.2000,5.9700,502900
2007-04-13,6.5400,6.7400,5.3300,5.7500,585700
2007-04-05,7.6800,8.1000,6.5700,6.6224,374400
2007-03-30,10.2000,10.2500,7.6700,7.7800,402100
2007-03-23,6.9900,10.3900,6.3701,9.8700,853400
2007-03-16,5.6100,6.8500,5.1200,6.8500,338500
2007-03-09,4.9500,6.0000,4.9500,5.6100,238200
2007-03-02,4.6400,5.0500,4.5600,5.0400,154500
2007-02-23,4.6900,4.9000,4.5700,4.5900,51900
2007-02-16,4.9600,5.1300,4.6000,4.7100,108800
2007-02-09,4.6400,4.9800,4.5800,4.9400,62100
2007-02-02,4.9000,4.9400,4.3900,4.6600,168400
2007-01-26,5.1599,5.1600,4.6400,4.9100,143900
2007-01-19,5.2800,5.6200,4.9200,5.1700,182200
2007-01-12,4.8400,5.3489,4.7100,5.1300,222200
2007-01-05,5.0200,5.1700,4.6700,4.7600,290300
2006-12-29,3.9500,5.9700,3.9500,4.8600,3137200
2006-12-22,4.1200,4.2300,3.7700,3.9500,134500
2006-12-15,4.1100,4.3900,3.8800,4.0400,152500
2006-12-08,4.4100,4.4200,3.6000,4.1100,169200
2006-12-01,5.0700,5.0700,3.7500,4.5100,294200
2006-11-24,5.1600,5.3000,5.0500,5.1400,210000
2006-11-17,5.2700,8.2300,5.0500,5.2700,665300
2006-11-10,5.0500,6.4400,5.0500,5.5400,182900
2006-11-03,5.8000,6.9500,4.7000,5.0300,303300
2006-10-27,5.7500,7.1000,5.6500,5.9500,410100
2006-10-20,4.8100,5.7500,4.5500,5.6500,473900
2006-10-13,3.9900,5.2200,3.8600,4.5500,765100
2006-10-06,3.6500,3.9900,3.3900,3.9900,127600
2006-09-29,3.3900,3.6984,3.3200,3.6088,56300
2006-09-22,3.5900,3.7200,3.4500,3.5400,36500
2006-09-15,3.8300,3.9100,3.5000,3.6000,69900
2006-09-08,3.4000,4.0000,3.4000,3.7600,115900
2006-09-01,3.6100,3.6100,3.1500,3.4100,114000
2006-08-25,2.5300,4.6800,2.4900,3.5100,1179100
2006-08-18,2.3700,2.7700,2.2200,2.4900,53200
2006-08-11,2.4800,2.4800,2.2000,2.2800,13100
2006-08-04,2.7400,2.7400,2.3100,2.4300,51300
2006-07-28,2.7700,2.7700,2.5500,2.6000,12000
2006-07-21,2.7200,2.8200,2.6500,2.6900,16500
2006-07-14,2.8110,2.9430,2.7200,2.8400,25800
2006-07-07,2.7100,2.9900,2.7100,2.8100,15500
2006-06-30,2.8400,2.9300,2.7100,2.7100,18000
2006-06-23,2.7200,2.8900,2.6000,2.7200,36300
2006-06-16,3.1000,3.1444,2.6000,2.7680,309700
2006-06-09,3.3000,3.4000,3.0500,3.1360,47000
2006-06-02,3.2800,3.3100,3.1200,3.3000,18600
2006-05-26,3.1700,3.3200,3.0800,3.2800,75800
2006-05-19,3.0600,3.9000,3.0600,3.1600,251300
2006-05-12,3.2000,3.2400,3.0500,3.1900,30500
2006-05-05,3.1500,3.9000,3.0100,3.1900,212100
2006-04-28,3.1000,3.1900,3.0000,3.0900,41800
2006-04-21,3.1000,3.2000,3.0000,3.1000,41200
2006-04-13,3.1000,3.2300,3.0000,3.1500,66200
2006-04-07,3.2000,3.2000,3.0100,3.0200,40900
2006-03-31,3.3800,3.4600,3.0000,3.1900,74200
2006-03-24,3.2400,3.9799,3.1500,3.3000,183300
2006-03-17,3.4300,4.1800,3.1100,3.2200,397500
2006-03-10,2.8780,3.0400,2.8300,2.9000,68000
2006-03-03,2.8700,3.0700,2.8000,2.8900,17800
2006-02-24,2.9500,3.0900,2.8000,2.9100,28300
2006-02-17,3.0100,3.0900,2.8900,2.8900,48200
2006-02-10,2.8800,3.3000,2.8800,3.0200,87100
2006-02-03,3.0900,3.3800,2.7800,3.0899,196400
2006-01-27,2.9400,3.4400,2.7800,2.9600,211900
2006-01-20,3.0200,3.1300,2.7400,2.8800,55900
2006-01-13,2.9200,3.6000,2.7540,3.0200,106900
2006-01-06,2.9100,3.2800,2.9100,3.0000,33800
2005-12-30,2.8500,2.9250,2.7200,2.9100,75500
2005-12-23,3.5700,3.5700,2.8200,2.9300,96400
2005-12-16,3.9400,3.9400,3.5000,3.6500,108900
2005-12-09,3.4900,4.2900,3.0200,3.7300,235500
2005-12-02,3.0200,3.6100,2.8000,3.1400,326300
2005-11-25,3.4300,3.7900,3.0100,3.1600,171800
2005-11-18,3.5900,4.3000,3.4500,3.6200,265400
2005-11-11,3.5500,4.0800,3.5300,3.7000,64900
2005-11-04,4.1500,4.2500,3.5200,3.5800,138800
2005-10-28,3.9676,4.6500,3.6500,3.8300,320300
2005-10-21,3.9600,4.3000,3.7500,3.9800,247600
2005-10-14,4.3500,4.4900,3.6000,3.9400,459800
2005-10-07,5.0000,5.5000,4.1236,4.3500,2755500
2005-09-30,3.8500,6.9900,3.3600,5.1700,10057000
2005-09-23,5.2300,5.9800,3.7500,4.0000,5806200
2005-09-16,1.6699,7.6700,1.4800,7.1000,24434600
2005-09-09,1.6800,1.7500,1.5800,1.5800,73500
2005-09-02,1.7400,1.8000,1.6300,1.6700,27000
2005-08-26,1.7300,1.9000,1.6100,1.7000,49900
2005-08-19,1.9000,1.9000,1.6800,1.6800,71900
2005-08-12,1.8800,2.0800,1.8600,1.8600,62000
2005-08-05,1.8600,1.9900,1.8200,1.8901,63700
2005-07-29,2.1000,2.3000,1.8800,1.9200,165400
2005-07-22,1.9100,2.7000,1.9100,2.1000,909900
2005-07-15,2.2000,2.2000,1.8500,1.9000,79300
2005-07-08,1.8510,2.4500,1.7600,1.9500,431100
2005-07-01,2.1400,2.1900,1.6700,1.9000,185500
2005-06-24,1.4210,4.7400,1.4210,2.1500,3156700
2005-06-17,1.3500,1.5400,1.3500,1.5000,18100
2005-06-10,1.4610,1.5500,1.3300,1.4600,63000
2005-06-03,1.3100,1.6500,1.3100,1.4600,66200
2005-05-27,1.7900,1.7900,1.4100,1.6500,164500
2005-05-20,0.9200,1.6800,0.7100,1.5990,270200
2005-05-13,1.3000,1.3000,0.5000,1.0500,86800
2005-05-06,1.4990,1.5800,1.1900,1.3000,35800
2005-04-29,1.5800,1.6700,1.2500,1.4300,123300
2005-04-22,1.7500,2.1500,1.5100,1.5400,276600
2005-04-15,1.8000,2.3000,1.7600,1.7700,407300
2005-04-08,1.6000,2.4000,1.5100,1.9000,769200
2005-04-01,1.7300,1.7700,1.5600,1.6400,120900
2005-03-24,1.8000,1.9700,1.7200,1.7600,85300
2005-03-18,2.1000,2.1000,1.7700,1.8200,175900
2005-03-11,1.8400,2.5300,1.7500,1.9990,1008800
2005-03-04,1.6200,1.8600,1.5500,1.8400,91900
2005-02-25,1.7900,1.7900,1.6200,1.6200,9000
2005-02-18,1.6500,1.7700,1.6100,1.7500,24300
2005-02-11,1.7500,1.7600,1.6000,1.6700,52000
2005-02-04,1.5700,2.7600,1.5700,1.7990,503100
2005-01-28,1.6300,1.6900,1.5000,1.5200,71000
2005-01-21,2.1000,2.1500,1.5800,1.6500,96100
2005-01-14,2.8000,3.1500,2.0000,2.0900,628800
2005-01-07,1.5800,2.8700,1.5200,2.4800,494000
2004-12-31,1.4200,1.5800,1.4200,1.4500,34400
2004-12-23,1.4690,1.7700,1.2600,1.4800,106400
2004-12-17,1.4400,1.5000,1.3300,1.3500,23800
2004-12-10,1.5500,1.5900,1.3300,1.4400,30500
2004-12-03,1.3100,1.6400,1.3100,1.4600,40300
2004-11-26,1.5000,1.6700,1.4000,1.5200,33600
2004-11-19,1.7000,1.8800,1.4000,1.6000,45600
2004-11-12,1.3700,2.4000,1.3700,1.7400,169000
2004-11-05,1.3900,1.5300,1.3310,1.4500,25300
2004-10-29,1.3000,1.3800,1.2500,1.3500,23800
2004-10-22,1.5000,1.5200,1.3100,1.3410,25700
2004-10-15,1.5500,1.5600,1.4000,1.4600,5400
2004-10-08,1.4010,1.5800,1.4010,1.5300,9200
2004-10-01,1.5100,1.5110,1.4000,1.4000,16400
2004-09-24,1.5000,1.7600,1.3700,1.5900,36400
2004-09-17,1.4800,1.5900,1.3200,1.5900,27000
2004-09-10,1.5610,1.6900,1.4000,1.5000,38500
2004-09-03,1.6200,1.6900,1.5500,1.6000,23300
2004-08-27,1.9000,1.9000,1.3700,1.6200,70900
2004-08-20,2.0000,2.0000,1.6300,1.8600,45300
2004-08-13,2.0200,2.1500,1.9500,2.0300,23400
2004-08-06,1.9000,2.1500,1.9000,2.0000,16300
2004-07-30,2.1800,2.2000,1.8700,1.9000,41600
2004-07-23,2.3100,2.4200,2.0000,2.1200,131800
2004-07-16,3.0700,3.0800,2.3100,2.3100,137200
2004-07-09,2.2000,3.1500,2.1700,2.7200,330600
2004-07-02,2.3200,2.3800,2.1500,2.2100,29100
2004-06-25,2.2900,2.5900,2.2100,2.3690,109900
2004-06-18,2.1500,2.2500,2.0100,2.1900,76200
2004-06-10,2.3700,2.3700,2.0100,2.1290,42600
2004-06-04,2.4200,2.4200,2.1600,2.2500,42000
2004-05-28,2.6100,2.6800,2.3200,2.4200,89200
2004-05-21,2.0490,4.3800,1.9900,2.6600,1344400
2004-05-14,2.0600,2.0900,1.8900,2.0000,31800
2004-05-07,2.1000,2.2000,1.6200,2.1000,9400
2004-04-30,2.1700,2.3000,2.1000,2.1000,15900
2004-04-23,2.3100,2.3900,2.1200,2.2100,31400
2004-04-16,2.1200,2.6500,2.1100,2.3100,51200
2004-04-08,2.7700,2.9700,2.7700,2.7900,4300
2004-04-02,2.7800,3.2500,2.7500,2.7700,14100
2004-03-26,3.0300,3.0300,2.6800,2.7700,51800
2004-03-19,3.0300,4.1000,2.6500,3.1000,124700
2004-03-12,2.4500,3.7000,2.4500,3.0300,63400
2004-03-05,2.1300,2.9800,2.0900,2.4500,185000
2004-02-27,2.1500,2.2000,2.1000,2.1900,31400
2004-02-20,2.2500,2.2700,2.1400,2.1500,22400
2004-02-13,2.2300,2.2900,2.0100,2.2900,17700
2004-02-06,2.3100,2.3400,2.1500,2.2300,9000
2004-01-30,2.2400,2.4800,2.1500,2.3100,15000
2004-01-23,2.2500,2.2500,2.1500,2.2400,8500
2004-01-16,2.2000,2.2900,2.1500,2.2800,9800
2004-01-09,2.4400,2.4400,2.2400,2.2900,8900
2004-01-02,1.9310,2.4900,1.9200,2.3400,19500
2003-12-26,1.9200,1.9500,1.8600,1.9310,3700
2003-12-19,2.0000,2.0700,1.7900,1.7900,13600
2003-12-12,2.1200,2.1510,2.0000,2.0000,15900
2003-12-05,2.1490,2.3000,2.0490,2.1200,15300
2003-11-28,2.2000,2.2810,2.1400,2.2410,7300
2003-11-21,2.1890,2.2910,2.1200,2.2100,15000
2003-11-14,2.1990,2.3700,2.1700,2.2710,14000
2003-11-07,2.3410,2.3510,2.1100,2.1510,25200
2003-10-31,2.3510,2.3510,2.1600,2.2000,20500
2003-10-24,2.3600,2.4800,2.1500,2.2590,11100
2003-10-17,2.3910,2.4800,2.3910,2.4800,3900
2003-10-10,2.2500,2.4900,2.2000,2.4900,4200
2003-10-03,2.1490,2.2500,2.1490,2.2500,2300
2003-09-26,2.1800,2.2700,2.1000,2.1490,12500
2003-09-19,2.1400,2.2700,2.1000,2.1100,8900
2003-09-12,2.1100,2.1500,2.1100,2.1400,3900
2003-09-05,2.2000,2.2000,2.0610,2.1100,300
2003-08-29,2.0600,2.3000,2.0300,2.2000,6600
2003-08-22,2.1700,2.2910,2.0000,2.2900,15100
2003-08-15,2.2500,2.3500,2.1600,2.1700,5900
2003-08-08,2.4000,2.4200,2.2300,2.2300,4500
2003-08-01,1.8600,2.6800,1.8500,2.4500,21500
2003-07-25,1.7110,1.9690,1.7000,1.8500,24900
2003-07-18,1.9900,2.0010,1.6700,1.8510,21800
2003-07-11,1.8500,2.0000,1.7600,1.9500,29100
2003-07-03,1.8400,1.8500,1.7600,1.7600,7800
2003-06-27,1.9300,2.0000,1.8300,1.8500,12600
2003-06-20,2.0800,2.1500,1.9000,1.9500,12300
2003-06-13,2.3000,2.4000,2.1000,2.1000,17500
2003-06-06,2.3200,2.4500,2.2600,2.2600,12100
