timestamp,open,high,low,close,volume
2018-02-27,24.7300,25.0500,24.0800,24.6400,1506441
2018-02-23,24.7100,25.7000,24.2400,24.6100,2123116
2018-02-16,24.4600,25.9000,24.1000,25.0300,2951700
2018-02-09,25.8100,28.2800,23.5900,24.1200,3761647
2018-02-02,30.8100,31.1700,26.2800,26.3200,3771432
2018-01-26,33.2300,34.0400,30.6900,30.9600,3109092
2018-01-19,30.6500,33.8138,30.0300,32.8100,2835004
2018-01-12,31.0500,31.5400,30.1000,30.5000,2337375
2018-01-05,29.9700,31.4570,29.4495,31.0100,1929851
2017-12-29,30.3000,31.3500,29.7300,29.7600,1407865
2017-12-22,31.9100,34.0800,30.1300,30.4600,2072533
2017-12-15,30.2300,31.5900,30.2300,31.5100,2056169
2017-12-08,33.1200,33.7290,29.4000,30.2400,2615827
2017-12-01,35.9000,35.9890,31.5300,32.6800,3046553
2017-11-24,33.1500,35.9300,33.0600,35.7600,1824895
2017-11-17,31.8300,34.7300,31.2500,33.0800,3050916
2017-11-10,31.7500,33.9500,29.5600,31.8400,4329476
2017-11-03,28.2200,34.1000,27.4700,31.5300,5139515
2017-10-27,28.6700,28.8500,25.7800,28.6500,3738965
2017-10-20,30.2900,30.5800,26.5100,28.4300,3148080
2017-10-13,30.2500,30.7000,30.0300,30.1200,1283259
2017-10-06,29.5800,30.8300,29.1700,30.0700,1942011
2017-09-29,28.6600,29.5600,27.2700,29.4600,2120233
2017-09-22,28.0800,29.6600,27.6300,28.6200,2381459
2017-09-15,26.9800,28.2000,26.5200,27.9200,2616481
2017-09-08,24.9000,26.9200,24.2300,26.4100,3074571
2017-09-01,23.2500,25.1800,22.8700,24.8900,2873363
2017-08-25,24.3500,25.1800,23.1600,23.2400,6400548
2017-08-18,24.0000,24.8800,22.2500,24.3100,4095446
2017-08-11,22.2900,23.9300,22.1100,23.7400,2953047
2017-08-04,23.0000,24.5300,21.0100,22.2800,2784329
2017-07-28,23.2600,23.9800,22.3500,22.8600,1958580
2017-07-21,23.7800,24.9400,22.8300,23.3200,3381457
2017-07-14,20.3300,24.3700,20.0100,23.3600,5211733
2017-07-07,19.7800,20.1600,19.1700,20.1400,912943
2017-06-30,20.5500,20.8100,19.0300,19.6100,1576727
2017-06-23,19.6500,20.8700,19.1900,20.4600,2191020
2017-06-16,19.4200,20.4400,18.3200,19.3500,2520241
2017-06-09,20.1800,21.1900,18.8200,19.3700,3017577
2017-06-02,18.0400,20.4100,17.9200,20.0700,3018675
2017-05-26,17.7600,18.3900,17.6000,18.0700,1571040
2017-05-19,17.5400,18.6100,17.0600,17.7000,2669608
2017-05-12,17.9900,18.1100,17.2000,17.5400,2317964
2017-05-05,16.9500,18.2500,16.3200,17.9000,2147436
2017-04-28,16.5300,17.2500,16.4000,16.9000,1490246
2017-04-21,15.1300,16.8600,15.1300,16.2500,1720793
2017-04-13,15.3900,15.5900,15.0500,15.0900,713598
2017-04-07,15.7900,15.8900,14.6300,15.3900,1590886
2017-03-31,15.1600,16.1700,14.8500,15.7900,2519772
2017-03-24,15.3200,15.5700,14.5500,15.2700,1406211
2017-03-17,14.4300,15.3100,14.4000,15.2300,1083641
2017-03-10,14.9500,15.1900,14.3900,14.8300,842434
2017-03-03,15.5000,16.0200,14.8000,15.1400,1500842
2017-02-24,15.1500,15.8500,14.5500,15.5300,1923176
2017-02-17,14.1500,15.8100,13.9500,15.1000,3266716
2017-02-10,11.1900,14.2200,11.0000,13.9300,2788666
2017-02-03,11.2400,11.3500,10.6700,11.2300,668117
2017-01-27,11.4200,11.4899,11.1300,11.2300,539642
2017-01-20,11.4800,11.5000,11.0600,11.3900,875852
2017-01-13,10.9400,11.6300,10.6050,11.4800,759872
2017-01-06,10.3000,11.1324,10.3000,10.8000,518066
2016-12-30,10.9400,11.1200,10.0800,10.2000,566024
2016-12-23,11.2600,11.4500,10.4600,10.9000,766216
2016-12-16,11.3500,11.4506,11.1500,11.2800,516527
2016-12-09,11.1600,11.5000,10.9700,11.3100,657242
2016-12-02,11.4500,11.6400,10.7762,11.1200,736876
2016-11-25,11.3500,11.4800,10.8800,11.4400,573024
2016-11-18,11.5600,11.7200,10.8300,11.1800,1036425
2016-11-11,11.6800,12.1754,10.7300,11.5400,1318998
2016-11-04,11.0300,12.2800,9.9700,11.3500,2140556
2016-10-28,12.0400,12.2500,11.0000,11.0600,759035
2016-10-21,11.9000,12.2500,11.6700,12.0400,508496
2016-10-14,12.3100,12.4300,11.5000,11.9400,927768
2016-10-07,12.3700,12.6000,12.0375,12.2800,1062115
2016-09-30,11.8700,12.4200,11.8200,12.2800,1979381
2016-09-23,10.8800,12.0700,10.7600,11.8700,2222919
2016-09-16,10.7700,11.1400,10.5100,10.8500,863220
2016-09-09,11.4700,11.4700,10.8000,10.8000,637835
2016-09-02,11.3000,11.5000,10.9500,11.3900,864878
2016-08-26,11.5200,11.5800,11.1200,11.3000,1164708
2016-08-19,11.0300,11.6500,10.8200,11.5000,1891718
2016-08-12,11.0000,11.2800,10.4100,11.0800,2565332
2016-08-05,8.7000,11.0000,8.5000,10.8700,1928803
2016-07-29,8.3800,8.7900,8.0250,8.7100,337092
2016-07-22,8.6400,8.8850,8.3700,8.4000,406113
2016-07-15,8.2900,8.7800,8.1000,8.6900,645716
2016-07-08,7.9200,8.4000,7.8100,8.2300,338007
2016-07-01,8.2200,8.2900,7.7900,8.0300,694313
2016-06-24,8.2600,8.6000,7.9300,8.3600,567400
2016-06-17,7.7700,8.3400,7.5600,8.1500,588522
2016-06-10,7.5900,8.0100,7.5787,7.8000,297645
2016-06-03,7.9800,7.9800,7.5000,7.5900,306029
2016-05-27,7.5500,8.1300,7.4760,7.9400,525414
2016-05-20,7.5600,7.7700,7.3000,7.5600,478398
2016-05-13,7.9300,8.0100,7.4000,7.5200,654983
2016-05-06,7.4200,8.6000,7.0100,7.9300,708138
2016-04-29,7.3000,8.0000,7.2600,7.4100,347577
2016-04-22,7.7100,7.9500,7.2400,7.2900,406261
2016-04-15,7.5600,8.0500,7.4400,7.7200,479801
2016-04-08,7.8900,7.8900,7.3900,7.4900,503590
2016-04-01,8.1300,8.1450,7.7001,7.9400,723482
2016-03-24,8.6500,8.7200,7.7100,8.1300,415420
2016-03-18,8.6800,8.7600,8.0001,8.6900,456501
2016-03-11,9.0700,9.3000,8.4800,8.6800,599188
2016-03-04,7.9500,9.3000,7.6600,9.0700,1202215
2016-02-26,8.0200,8.2300,7.4100,7.9500,901177
2016-02-19,7.5000,8.0500,7.2300,8.0100,703987
2016-02-12,8.0300,8.0300,6.5200,7.2800,2038072
2016-02-05,6.7600,8.5700,6.0701,8.0800,1749773
2016-01-29,6.1100,6.8400,5.8700,6.8300,570175
2016-01-22,5.9900,6.3800,5.4100,6.1200,793610
2016-01-15,6.3400,6.8850,5.5400,5.8500,1169139
2016-01-08,7.1400,7.5530,6.2800,6.2900,720033
2015-12-31,7.7500,7.8500,7.1900,7.2700,459790
2015-12-24,6.8700,7.8400,6.8700,7.8000,535660
2015-12-18,7.0700,7.2400,6.6800,6.9100,905573
2015-12-11,7.3600,7.6250,6.9400,7.0900,771647
2015-12-04,7.6800,7.8700,7.0400,7.4000,967064
2015-11-27,6.9700,7.8300,6.8300,7.7300,667012
2015-11-20,6.4600,7.2000,6.1700,7.0000,1147056
2015-11-13,7.0000,7.0000,6.4000,6.5200,1156660
2015-11-06,6.5200,7.2500,6.2150,7.0000,2253468
2015-10-30,9.0600,9.4950,5.9900,6.5400,3924085
2015-10-23,9.3100,9.4600,8.7200,9.0200,1096629
2015-10-16,8.7600,9.4200,8.6900,9.4000,845840
2015-10-09,7.8100,8.9700,7.8100,8.7700,957889
2015-10-02,8.2500,8.4900,7.7150,7.7900,867659
2015-09-25,8.8400,9.1000,8.1500,8.2800,691703
2015-09-18,8.5400,8.8200,8.2800,8.8200,623780
2015-09-11,8.4500,8.7700,8.2000,8.5400,520807
2015-09-04,8.9200,9.1400,8.1000,8.2600,1057280
2015-08-28,7.5000,8.9800,7.0200,8.9700,1214633
2015-08-21,8.6000,8.8600,7.7000,7.9100,913322
2015-08-14,9.1000,9.1400,8.5000,8.5900,840666
2015-08-07,8.2700,9.2500,7.7600,9.1000,1795076
2015-07-31,7.5900,9.4000,7.2800,8.3000,2253899
2015-07-24,7.5900,7.6800,7.2700,7.6100,1233621
2015-07-17,7.4800,7.8400,7.2600,7.6100,1351853
2015-07-10,8.3600,8.3900,7.2800,7.3400,1298619
2015-07-02,9.0500,9.1200,8.2600,8.4000,1050585
2015-06-26,10.1400,10.2700,8.9600,9.0800,2602678
2015-06-19,9.4700,10.4700,9.3500,10.0900,2043607
2015-06-12,9.1300,9.5300,8.9500,9.4900,738854
2015-06-05,9.1100,9.4100,8.8600,9.1700,692387
2015-05-29,9.0000,9.1850,8.8600,9.1000,972773
2015-05-22,9.4500,9.6000,8.9000,9.0100,947243
2015-05-15,9.1100,9.5900,8.9500,9.5000,1637968
2015-05-08,9.3700,9.6400,8.7500,9.1700,2284148
2015-05-01,12.6600,12.9100,9.1000,9.5600,2433161
2015-04-24,12.7600,12.7800,12.0305,12.6900,659950
2015-04-17,12.1300,12.9500,12.1300,12.6500,620457
2015-04-10,11.8800,12.3400,11.7500,12.1700,583728
2015-04-02,11.9500,12.2760,11.7900,11.9200,455725
2015-03-27,11.8900,12.7500,11.8900,11.9400,683305
2015-03-20,12.4000,12.5400,11.7000,11.9000,1179875
2015-03-13,12.2600,12.5600,11.5800,12.4000,903188
2015-03-06,12.8700,12.8800,12.0300,12.2700,1320572
2015-02-27,13.2100,13.2200,12.6500,12.9800,1221314
2015-02-20,13.4600,13.5800,13.0000,13.2100,780050
2015-02-13,13.0000,13.4400,12.8000,13.3900,1899590
2015-02-06,15.1600,16.1500,12.8301,12.9800,2483492
2015-01-30,15.3800,15.5000,14.8775,15.1800,683897
2015-01-23,14.9100,15.3700,14.2101,15.3500,709958
2015-01-16,15.5400,15.5400,14.5500,14.9200,933903
2015-01-09,15.9600,16.7500,15.3510,15.5200,1424435
2015-01-02,15.4900,16.1600,15.0000,15.9600,882325
2014-12-26,14.4200,15.6600,14.2963,15.4800,725156
2014-12-19,14.9700,15.1300,14.3766,14.5200,1125478
2014-12-12,15.3600,15.7900,14.7600,14.8400,748868
2014-12-05,15.0200,15.6700,14.3900,15.5500,901552
2014-11-28,15.4400,16.0800,15.0800,15.0800,961571
2014-11-21,15.0100,15.7700,14.8300,15.5300,969594
2014-11-14,14.9700,15.2600,14.5800,15.1200,1050516
2014-11-07,15.5900,16.3700,14.6000,14.8900,1773734
2014-10-31,13.2500,16.7000,13.0300,15.5100,2718561
2014-10-24,13.1700,13.7600,12.6100,13.3500,1093839
2014-10-17,11.8800,14.3600,11.8000,13.2200,1595377
2014-10-10,13.2900,13.3000,11.7610,11.9800,1114919
2014-10-03,12.7900,13.4700,12.5000,13.2200,1478637
2014-09-26,13.0100,13.4300,12.6800,12.9400,1779083
2014-09-19,13.9600,14.0300,13.0310,13.0900,2773000
2014-09-12,13.8600,14.7500,13.7500,14.0300,1268700
2014-09-05,14.9500,14.9500,13.5700,13.8800,2013300
2014-08-29,15.8300,16.2100,14.6300,14.8600,1397300
2014-08-22,15.3000,15.9400,14.8000,15.7200,1340500
2014-08-15,15.4600,15.9000,14.6200,15.1200,1708000
2014-08-08,16.0000,16.3400,14.9900,15.3700,1426800
2014-08-01,17.1800,17.5800,14.9600,15.9100,1611200
2014-07-25,17.5900,17.9300,16.3500,17.1200,1779100
2014-07-18,19.6400,19.8020,17.2900,17.8100,1303100
2014-07-11,19.5500,20.0000,18.2500,19.4700,1387300
2014-07-03,19.3400,20.2000,19.1200,19.6100,993100
2014-06-27,18.1800,19.8300,18.1800,19.3700,3263000
2014-06-20,17.9900,18.5050,17.6600,18.0800,1033900
2014-06-13,19.0600,19.2400,17.7200,17.9900,890900
2014-06-06,17.0300,19.3550,16.6000,18.9800,1805100
2014-05-30,17.8600,18.2600,16.7600,16.9700,1864600
2014-05-23,16.9400,18.1300,16.3700,17.4800,890800
2014-05-16,16.0200,17.6700,16.0000,16.9500,1097900
2014-05-09,16.5000,17.3800,15.5300,16.0100,1538000
2014-05-02,17.9200,18.6500,16.6500,16.7000,2048300
2014-04-25,19.0700,20.0400,17.7700,17.9000,1539200
2014-04-17,17.6800,19.1400,15.8100,18.7000,1649200
2014-04-11,20.1000,20.9820,16.8400,17.4400,2154300
2014-04-04,20.3400,21.7390,19.9500,20.2700,1637100
2014-03-28,22.1400,22.4400,19.8000,20.1400,1717500
2014-03-21,22.7500,23.7900,21.6800,22.1300,1250400
2014-03-14,20.8700,23.5500,20.5885,22.7200,1946200
2014-03-07,20.6600,22.8700,20.0700,20.9700,2104000
2014-02-28,19.4500,23.8800,19.3600,20.9100,3635900
2014-02-21,23.0000,23.0000,19.0000,19.4200,2636100
2014-02-14,21.1500,24.5000,19.8300,22.6600,4224400
2014-02-07,22.5400,22.8600,20.1900,21.2200,2558700
2014-01-31,26.6800,27.1700,22.2200,22.9200,1595900
2014-01-24,27.8200,31.2300,24.2800,25.0000,711400
2014-01-17,19.0000,32.5000,18.2400,27.7900,2974300
2014-01-10,18.4000,21.0000,17.4500,19.0000,391000
2014-01-03,17.4000,18.5000,17.0001,18.3500,223800
2013-12-27,17.1100,17.7500,15.6859,17.2100,183200
2013-12-20,14.6400,16.9900,14.4850,16.9900,328900
2013-12-13,14.9500,14.9700,13.7700,14.5300,710200
2013-12-06,17.5000,17.5000,14.2100,14.9700,330800
2013-11-29,17.0500,17.6950,16.9734,17.4700,73400
2013-11-22,17.3000,17.4200,16.5000,16.9900,335200
2013-11-15,17.3200,17.8200,16.9000,17.2100,173600
2013-11-08,17.7700,17.9999,16.9100,17.2700,315700
2013-11-01,16.2100,18.4500,16.0500,17.6000,515600
2013-10-25,16.3700,16.8990,15.6900,16.3200,272400
2013-10-18,16.3500,17.2100,16.1100,16.2800,172800
2013-10-11,16.2200,17.1150,15.2500,16.6600,429800
2013-10-04,17.4800,17.5000,16.1610,16.3000,956500
2013-09-27,18.8100,19.7800,17.5400,17.6500,663500
2013-09-20,18.3100,20.8000,18.2100,18.6400,467000
2013-09-13,20.2500,20.4900,17.3450,17.9900,536500
2013-09-06,20.7500,20.9700,19.9600,20.0800,360500
2013-08-30,22.1100,24.0000,20.1850,20.2800,895900
2013-08-23,20.4500,21.9000,19.0000,21.7800,377700
2013-08-16,22.3000,22.7400,19.9200,20.4200,500800
2013-08-09,19.8100,23.3990,19.8100,22.0000,919700
