timestamp,open,high,low,close,volume
2018-02-27,0.2835,0.2835,0.2550,0.2563,2334105
2018-02-23,0.2800,0.3200,0.2400,0.2669,8977162
2018-02-16,0.3300,0.3400,0.2480,0.2600,15561562
2018-02-09,0.2835,0.2835,0.2301,0.2500,5771339
2018-02-02,0.3220,0.3220,0.2700,0.2700,3532667
2018-01-26,0.3200,0.3700,0.3051,0.3143,4879989
2018-01-19,0.3325,0.3399,0.3006,0.3180,1370065
2018-01-12,0.3427,0.3600,0.3200,0.3409,2174018
2018-01-05,0.3700,0.3700,0.3250,0.3301,1895676
2017-12-29,0.3621,0.3900,0.3520,0.3600,2074282
2017-12-22,0.3705,0.3800,0.3467,0.3740,2064674
2017-12-15,0.4100,0.4100,0.3200,0.3400,6154670
2017-12-08,0.4500,0.4600,0.3800,0.4200,4134892
2017-12-01,0.4900,0.5250,0.4300,0.4560,9561728
2017-11-24,0.4750,0.5400,0.4700,0.4800,3531503
2017-11-17,0.4810,0.5200,0.4700,0.4800,1501104
2017-11-10,0.5000,0.5290,0.4770,0.4850,2713243
2017-11-03,0.5600,0.5800,0.4800,0.5070,4469002
2017-10-27,0.7200,0.7200,0.5400,0.6170,4404947
2017-10-20,0.6970,0.8250,0.6700,0.7250,6989797
2017-10-13,0.6000,0.7790,0.5900,0.6800,10046683
2017-10-06,0.5300,0.7920,0.5110,0.6200,19288135
2017-09-29,0.5200,0.5700,0.4820,0.5200,3818257
2017-09-22,0.4800,0.5380,0.4600,0.5150,2750438
2017-09-15,0.5900,0.6000,0.4700,0.4860,8208546
2017-09-08,0.4900,0.5200,0.4500,0.5070,3306323
2017-09-01,0.5490,0.5750,0.4700,0.4940,4972280
2017-08-25,0.6450,0.6500,0.5100,0.5490,4471222
2017-08-18,0.5500,0.6050,0.5150,0.6000,2154937
2017-08-11,0.6100,0.6200,0.5020,0.5250,2135821
2017-08-04,0.6000,0.6400,0.5800,0.6060,1335013
2017-07-28,0.5620,0.6690,0.5500,0.6100,3889821
2017-07-21,0.5900,0.5900,0.5400,0.5750,1202986
2017-07-14,0.5650,0.6400,0.5310,0.5810,2638258
2017-07-07,0.5800,0.6290,0.5550,0.5600,1667520
2017-06-30,0.6300,0.6400,0.5600,0.5800,2909691
2017-06-23,0.6220,0.6700,0.6200,0.6310,2540698
2017-06-16,0.6210,0.7500,0.6200,0.6270,4755028
2017-06-09,0.6700,0.6700,0.6050,0.6210,2224910
2017-06-02,0.6300,0.6510,0.6000,0.6390,1938297
2017-05-26,0.6700,0.7000,0.6400,0.6640,1890868
2017-05-19,0.7200,0.7300,0.6010,0.7000,4546009
2017-05-12,0.6750,0.7500,0.6300,0.7110,5611792
2017-05-05,0.8400,0.8400,0.6200,0.6750,13952642
2017-04-28,1.4100,1.4100,0.8000,0.8400,21988614
2017-04-21,1.5300,1.8500,1.2900,1.4100,8447332
2017-04-13,1.5900,1.6800,1.5000,1.5300,2274497
2017-04-07,1.7700,1.9600,1.5000,1.6000,6244405
2017-03-31,1.6000,1.8400,1.5700,1.7700,4198960
2017-03-24,1.5600,1.8500,1.5000,1.6100,8664077
2017-03-17,1.4700,1.5500,1.4100,1.4500,1676805
2017-03-10,1.5000,1.5600,1.4400,1.4800,1823329
2017-03-03,1.5300,1.5300,1.4000,1.4800,1370305
2017-02-24,1.6500,1.6600,1.4200,1.4900,2086440
2017-02-17,1.6100,1.6600,1.5000,1.6100,3292595
2017-02-10,1.3900,1.6400,1.3700,1.5680,1873894
2017-02-03,1.4300,1.4600,1.3500,1.3600,816867
2017-01-27,1.3700,1.4800,1.3500,1.4300,824021
2017-01-20,1.5000,1.5000,1.3200,1.3700,860402
2017-01-13,1.2700,1.6500,1.2500,1.5000,2852316
2017-01-06,1.2300,1.3800,1.2000,1.2700,1683250
2016-12-30,1.3600,1.3790,1.1200,1.2000,2628558
2016-12-23,1.8900,1.8900,1.2400,1.3500,6190097
2016-12-16,1.9800,2.0700,1.9000,1.9000,2327026
2016-12-09,2.0100,2.1400,1.9500,1.9800,4041794
2016-12-02,2.0900,2.2000,1.9200,2.0000,2843350
2016-11-25,2.3000,2.3200,1.9200,2.0800,4449550
2016-11-18,1.9000,2.1500,1.8900,2.1300,4634840
2016-11-11,1.9800,2.1767,1.7500,1.9100,4016086
2016-11-04,1.9200,2.3700,1.8300,1.9700,5997485
2016-10-28,1.8400,2.3400,1.6700,1.9300,8299648
2016-10-21,1.8000,2.6500,1.7700,1.8800,50909042
2016-10-14,1.1800,2.0400,1.1000,1.9600,27536388
2016-10-07,1.0800,1.2400,1.0800,1.2000,495523
2016-09-30,1.1000,1.1730,1.0600,1.0700,541229
2016-09-23,1.1700,1.2200,1.0900,1.1700,529081
2016-09-16,1.0500,1.2500,1.0000,1.1800,856142
2016-09-09,1.1100,1.2000,0.9500,0.9800,722794
2016-09-02,1.1100,1.2000,1.1100,1.1100,450962
2016-08-26,1.1600,1.2000,1.1000,1.1000,332902
2016-08-19,1.0700,1.4000,1.0500,1.1700,2149529
2016-08-12,1.0300,1.1000,0.9800,1.0500,631381
2016-08-05,1.0300,1.0999,0.9700,1.0200,630460
2016-07-29,1.0400,1.0690,0.9600,1.0100,549605
2016-07-22,1.0955,1.1000,1.0100,1.0300,695167
2016-07-15,1.0300,1.1000,1.0200,1.0900,747224
2016-07-08,1.1100,1.1400,1.0100,1.0400,599810
2016-07-01,0.9900,1.2100,0.9500,1.0800,1375499
2016-06-24,0.9400,1.1800,0.9300,0.9900,1165452
2016-06-17,1.0100,1.0300,0.9200,0.9500,392134
2016-06-10,1.0500,1.0700,0.9200,0.9898,538460
2016-06-03,0.9500,1.0600,0.8330,1.0300,1294725
2016-05-27,0.8450,0.9399,0.8200,0.9100,390350
2016-05-20,0.8800,0.9500,0.8100,0.8250,573097
2016-05-13,0.9900,1.0400,0.8767,0.8800,790222
2016-05-06,1.0000,1.0500,0.9000,0.9900,783261
2016-04-29,1.0800,1.1201,1.0000,1.0000,896438
2016-04-22,1.1300,1.1700,1.0300,1.0900,1336033
2016-04-15,1.1800,1.2100,1.1100,1.1300,1609318
2016-04-08,1.2000,1.2400,1.0800,1.1600,2342075
2016-04-01,1.5900,2.2600,1.1200,1.1600,12623563
2016-03-24,1.1700,1.8000,1.1700,1.5400,1525726
2016-03-18,1.1200,1.2710,1.0000,1.1400,409643
2016-03-11,0.9790,1.4000,0.9790,1.1400,921106
2016-03-04,0.9400,1.1400,0.8800,0.9586,348830
2016-02-26,1.0200,1.0200,0.8800,0.9250,178530
2016-02-19,0.9400,1.1000,0.8300,0.9900,215214
2016-02-12,0.9600,1.0200,0.8529,0.8900,230220
2016-02-05,0.9500,1.0800,0.9300,0.9807,225403
2016-01-29,1.0000,1.1000,0.8600,0.9500,535524
2016-01-22,1.0400,1.1500,0.8200,0.9900,381245
2016-01-15,1.1900,1.4100,0.7600,1.0000,1298420
2016-01-08,1.5000,1.6700,1.1350,1.1600,996168
2015-12-31,1.5800,1.7680,1.5000,1.5400,552356
2015-12-24,1.7200,1.7200,1.5500,1.6200,333489
2015-12-18,1.6200,1.8700,1.5100,1.7000,838787
2015-12-11,2.2500,2.2900,1.6200,1.6200,1619650
2015-12-04,2.2000,2.4700,2.1000,2.3000,2381391
2015-11-27,1.6200,2.1600,1.6200,2.1600,1922572
2015-11-20,1.5100,1.6700,1.4800,1.6400,527440
2015-11-13,1.7500,1.8072,1.4204,1.5400,1219066
2015-11-06,1.7200,2.0300,1.6000,1.7200,2397509
2015-10-30,1.7200,1.9200,1.5100,1.6100,2957922
2015-10-23,2.3900,2.4500,1.7000,1.7700,2722350
2015-10-16,2.9000,2.9000,2.2400,2.2600,2562769
2015-10-09,3.6800,6.2800,2.7200,2.8700,37976667
2015-10-02,2.7500,2.8200,1.9195,2.1100,192937
2015-09-25,3.2300,3.2400,2.7500,2.7800,64758
2015-09-18,3.3100,3.4700,2.9500,3.1900,88417
2015-09-11,3.4700,3.5250,3.2100,3.3000,77578
2015-09-04,3.8600,3.9780,3.2601,3.4300,204387
2015-08-28,3.2700,3.9999,3.1000,3.6800,83298
2015-08-21,4.3100,4.7500,3.5100,3.5199,190849
2015-08-14,4.7600,4.9800,4.2000,4.3800,167713
2015-08-07,4.8900,5.2300,4.6400,4.8100,185652
2015-07-31,4.7100,5.1500,4.1700,4.8000,245887
2015-07-24,5.4400,5.4400,4.8000,4.8100,215045
2015-07-17,5.6000,5.6000,4.8000,5.3899,312266
2015-07-10,5.4400,5.7619,5.2100,5.6000,1198631
2015-07-02,4.8500,5.5000,4.4800,5.2800,1023878
2015-06-26,4.6900,4.9495,4.3700,4.8500,519733
2015-06-19,3.7700,4.9700,3.7101,4.6200,1207185
2015-06-12,3.5200,3.8150,3.4000,3.7300,132851
2015-06-05,3.5200,3.9700,3.3000,3.4700,282547
2015-05-29,3.6800,4.0000,3.4000,3.8900,147118
2015-05-22,3.4600,3.8300,3.3000,3.8300,102512
2015-05-15,3.2600,3.9000,3.2600,3.6500,52949
2015-05-08,3.0100,3.4999,3.0100,3.3400,124977
2015-05-01,3.1700,3.2300,3.0000,3.0400,35481
2015-04-24,3.1500,3.2500,3.0670,3.1200,39965
2015-04-17,3.2800,3.5000,3.1000,3.1000,85740
2015-04-10,3.4500,3.7000,3.0600,3.1500,98276
2015-04-02,3.2500,3.7000,3.0100,3.3500,79858
2015-03-27,3.2500,3.3500,2.9900,3.2500,75697
2015-03-20,4.2200,4.2200,3.1200,3.3000,144705
2015-03-13,4.7500,4.8500,3.5200,4.0500,304996
2015-03-06,4.4899,4.9700,4.1500,4.6100,134380
2015-02-27,3.4450,4.5200,3.2500,4.2900,167899
2015-02-20,4.0500,4.4200,3.3100,3.4000,191618
2015-02-13,4.9500,4.9500,3.5000,3.9500,247609
2015-02-06,2.6200,5.1500,2.6100,4.9400,394775
2015-01-30,2.7400,2.8400,2.5500,2.6200,94943
2015-01-23,2.4500,3.0000,2.4500,2.7400,91845
2015-01-16,2.4100,2.6400,2.1500,2.5620,130017
2015-01-09,1.9200,2.6500,1.7600,2.2500,56510
2015-01-02,2.0500,2.2200,1.7000,2.1000,77506
2014-12-26,2.1200,2.1500,1.9500,2.0900,43236
2014-12-19,1.6500,2.6500,1.3000,2.2000,178689
2014-12-12,1.5280,1.7500,1.3300,1.5000,57279
2014-12-05,1.2700,1.6800,1.2400,1.5000,41966
2014-11-28,1.2500,1.4000,1.0500,1.3500,46423
2014-11-21,1.1500,1.3000,1.1000,1.2500,37973
2014-11-14,1.1600,1.3100,1.1000,1.1000,42635
2014-11-07,1.2800,1.3200,1.1900,1.2000,102729
2014-10-31,1.0900,1.3200,1.0300,1.2900,67590
2014-10-24,1.0200,1.3200,1.0000,1.3100,98867
2014-10-17,0.7300,1.3400,0.6500,1.3000,135465
2014-10-10,0.8500,0.8700,0.7000,0.7300,627181
2014-10-03,1.0200,1.0600,0.8530,1.0400,26381
2014-09-26,1.1600,1.1600,0.9140,1.0500,66605
2014-09-19,1.2850,1.3500,1.1500,1.1500,48784
2014-09-12,1.1500,1.3300,1.1500,1.2700,14028
2014-09-05,1.3500,1.4200,1.1600,1.3400,35794
2014-08-29,1.4100,1.4800,1.2900,1.2900,15426
2014-08-22,1.2000,1.5840,1.1600,1.5500,42646
2014-08-15,1.2000,1.5000,1.1400,1.2000,71149
2014-08-08,1.2300,1.5900,1.1400,1.3500,41134
2014-08-01,1.7000,1.7000,1.2000,1.2900,67467
2014-07-25,1.3100,1.7500,1.2500,1.7500,112710
2014-07-18,1.3500,1.4300,1.1000,1.3800,121145
2014-07-11,1.1100,1.4500,1.0000,1.3500,96215
2014-07-03,1.1100,1.2400,1.1000,1.1600,68838
2014-06-27,1.5900,1.7100,1.0800,1.1100,158489
2014-06-20,1.6500,1.7800,1.5100,1.7000,19027
2014-06-13,1.9900,2.0000,1.6500,1.6500,36969
2014-06-06,1.5400,2.0100,1.5200,2.0000,86597
2014-05-30,1.5400,1.9400,1.5100,1.5400,26813
2014-05-23,1.4300,1.7400,1.3700,1.5400,42730
2014-05-16,1.4600,1.7500,1.2500,1.5000,118471
2014-05-09,2.0500,2.1000,1.4500,1.4500,172328
2014-05-02,1.7300,2.0900,1.7200,2.0200,31007
2014-04-25,1.9500,2.0000,1.4500,1.7500,104540
2014-04-17,2.0100,2.1500,1.9500,2.0000,73658
2014-04-11,2.2500,2.4900,1.9700,2.0100,123180
2014-04-04,2.2500,2.9300,2.1400,2.2500,131583
2014-03-28,2.9000,3.1000,2.2400,2.2500,411391
2014-03-21,2.4500,3.0000,2.2600,2.9000,377862
2014-03-14,1.9500,2.9900,1.9000,2.3120,446038
2014-03-07,1.6100,1.9300,1.4000,1.8900,475587
2014-02-28,1.7000,1.7000,1.1300,1.5600,1273798
2014-02-21,0.0100,1.9000,0.0100,1.4000,1244108
