timestamp,open,high,low,close,volume
2018-02-27,83.3100,83.7900,82.2500,82.5100,5565747
2018-02-23,80.6900,83.5600,80.6100,82.5300,15197569
2018-02-16,76.5100,81.8700,76.4200,80.9500,22035316
2018-02-09,75.6500,79.2800,71.9500,76.2900,28681574
2018-02-02,78.0500,78.7400,75.7000,75.7200,16689079
2018-01-26,77.3900,78.9500,77.1900,78.4300,14852914
2018-01-19,75.4500,77.3800,74.4203,77.2900,14346464
2018-01-12,73.1600,74.8500,73.0100,74.5600,15821681
2018-01-05,71.1600,73.5900,70.5400,73.3000,13361864
2017-12-29,71.5600,71.9200,70.9500,71.0200,8635823
2017-12-22,72.3700,73.8600,71.3700,71.7000,19340185
2017-12-15,71.6500,72.7900,70.9400,72.0800,21244180
2017-12-08,71.6500,72.8264,69.6900,71.8200,21157774
2017-12-01,72.2300,73.2300,70.7600,71.3600,18837514
2017-11-24,72.7400,72.9100,71.4800,72.2700,14226788
2017-11-17,74.0000,75.7700,72.8800,72.9100,14924277
2017-11-10,74.1100,75.2900,73.4200,74.2600,13099657
2017-11-03,75.3200,76.5100,70.5300,74.2700,28150013
2017-10-27,74.9800,75.5100,74.0000,75.3900,14522483
2017-10-20,74.4400,74.8200,73.4200,74.8000,9071274
2017-10-13,73.9100,74.7700,73.1500,74.3800,10435574
2017-10-06,72.5100,73.8300,72.2200,73.8000,14131906
2017-09-29,71.9100,72.6500,71.0400,72.5400,11432278
2017-09-22,72.1300,72.8400,71.8100,72.0600,10969564
2017-09-15,71.7200,73.0000,71.2100,71.8200,15840011
2017-09-08,70.5700,71.8000,69.8800,71.1000,8203646
2017-09-01,69.9800,71.2300,69.2400,70.8300,12594711
2017-08-25,70.1700,70.7400,69.3300,69.7800,11559605
2017-08-18,71.1000,72.0700,69.5800,70.0700,14696504
2017-08-11,71.0900,71.1700,69.5200,70.6100,18027329
2017-08-04,69.5500,71.5700,67.7200,71.1800,27291820
2017-07-28,69.9600,70.4900,69.1800,69.3200,14971689
2017-07-21,68.7800,70.3000,68.4200,69.9800,12871075
2017-07-14,66.9900,68.9100,66.6500,68.8300,13304419
2017-07-07,66.9300,67.3200,66.0500,66.9600,8615751
2017-06-30,67.8000,68.1000,65.6000,66.4000,17649308
2017-06-23,66.8500,68.1800,66.8500,67.3800,18294334
2017-06-16,65.9100,66.9300,65.5900,66.5900,25698021
2017-06-09,67.4900,67.8800,65.8300,66.3100,19291915
2017-06-02,66.6900,67.5600,66.2900,67.4700,18270784
2017-05-26,65.4000,67.1300,65.1700,66.7900,17686539
2017-05-19,64.4000,65.5200,63.9600,65.4200,18567978
2017-05-12,63.1900,64.6800,63.0000,64.3900,20912384
2017-05-05,60.4000,63.3400,60.1600,63.2200,25299643
2017-04-28,58.6400,60.4000,58.4500,60.2300,18945254
2017-04-21,58.6300,58.8200,57.5000,57.8500,22370861
2017-04-13,58.2900,59.1950,58.2000,58.3500,14576943
2017-04-07,59.5500,59.9500,57.6100,58.4300,19668199
2017-03-31,58.1300,59.8200,58.0601,59.5200,15504839
2017-03-24,58.5600,59.5050,58.3700,58.6200,19842184
2017-03-17,58.5900,60.0000,58.1900,58.5600,20987117
2017-03-10,59.4500,59.5500,57.0000,58.7400,26121059
2017-03-03,59.4900,60.3900,59.1100,59.8800,23490325
2017-02-24,57.9200,59.5000,57.6601,59.5000,14360422
2017-02-17,57.7500,58.4800,57.0700,57.9600,30432187
2017-02-10,53.4800,58.4100,52.4400,57.4000,56412913
2017-02-03,55.2300,55.2500,51.5200,52.5000,41066242
2017-01-27,56.8800,57.6800,55.6700,56.1300,19752541
2017-01-20,56.5000,57.6350,56.3200,56.8500,15073397
2017-01-13,57.6000,57.7500,55.9350,56.5200,27916901
2017-01-06,56.6500,58.0000,56.0100,57.8700,17979568
2016-12-30,56.5000,57.0700,55.7900,56.0300,8977773
2016-12-23,56.1900,56.9300,55.5800,56.4900,17219361
2016-12-16,55.6900,57.1600,55.2350,56.2600,26064081
2016-12-09,54.0400,57.2050,53.9500,55.8400,30522605
2016-12-02,58.0200,58.5000,53.7522,54.0200,48218109
2016-11-25,55.5300,55.6700,51.3500,53.2500,37130086
2016-11-18,54.0700,56.9400,53.0900,55.5700,43226815
2016-11-11,54.0000,55.2500,51.4600,53.9500,59225022
2016-11-04,51.9000,52.9800,51.1203,52.0800,25181829
2016-10-28,50.2000,51.9600,50.1100,51.5700,27547422
2016-10-21,50.4900,50.9200,49.3500,49.7100,21185881
2016-10-14,50.7700,51.6600,49.5401,50.3400,25612217
2016-10-07,48.6600,51.4300,48.5000,50.3500,37787558
2016-09-30,54.3500,55.9300,45.4400,47.7100,70313825
2016-09-23,53.7200,54.5600,52.9200,54.4100,23441057
2016-09-16,55.1700,56.5200,52.8600,53.3200,31269137
2016-09-09,58.2700,59.0000,55.2300,55.2300,16619716
2016-09-02,57.7500,58.6110,56.9500,58.3600,15044358
2016-08-26,56.9800,58.6600,56.8500,57.8700,18330257
2016-08-19,58.0000,58.3100,56.3200,57.1400,21526254
2016-08-12,59.6400,59.7100,57.0600,58.2000,19523766
2016-08-05,57.5800,60.4700,56.8500,59.7100,23185583
2016-07-29,58.2500,58.9100,57.1700,57.4900,14607267
2016-07-22,57.8400,58.8300,57.4800,58.3600,18468352
2016-07-15,58.0800,59.4100,56.5200,57.7600,18236166
2016-07-08,56.7000,58.1600,55.4150,57.9300,17552984
2016-07-01,57.4200,58.1650,55.1650,57.2000,34792433
2016-06-24,60.5000,62.7100,57.9600,58.0100,22835123
2016-06-17,59.9200,60.9800,58.5900,59.5500,17430308
2016-06-10,60.0500,61.7600,59.4700,60.2700,20060752
2016-06-03,62.6000,62.6300,60.1000,60.1200,14375593
2016-05-27,62.8300,63.1500,61.7000,62.4600,16002209
2016-05-20,61.3000,63.2300,60.8700,62.9400,18590139
2016-05-13,60.5700,62.0900,60.0500,61.3500,16891360
2016-05-06,58.3700,60.8050,56.2100,60.5500,28648125
2016-04-29,60.0900,61.2500,57.7800,58.3700,13602201
2016-04-22,59.9500,60.6300,59.1200,60.4400,14491762
2016-04-15,60.6600,61.1200,58.9400,60.0700,24333414
2016-04-08,63.1200,63.1400,59.8900,60.1600,15688687
2016-04-01,60.2500,63.1900,59.9200,63.1200,19320398
2016-03-24,59.3100,60.6400,58.2300,60.3200,18364619
2016-03-18,56.5500,59.3200,56.4500,59.2500,21544822
2016-03-11,57.2500,57.2900,54.6500,56.9700,20847085
2016-03-04,57.1300,58.4200,56.6600,57.7400,21672118
2016-02-26,56.7100,57.8000,54.5300,57.0400,16248878
2016-02-19,54.1300,57.2700,54.0200,55.9000,20865319
2016-02-12,54.9800,55.4400,51.2200,53.8700,36625894
2016-02-05,62.4800,62.9999,57.9500,58.5400,26126811
2016-01-29,60.2300,63.4300,60.1700,63.3100,26391901
2016-01-22,59.5700,60.6300,58.0300,60.5100,24383279
2016-01-15,56.0800,61.0850,55.5800,58.7100,33202515
2016-01-08,58.8100,58.8100,55.5340,55.7600,23965733
2015-12-31,60.4800,61.7200,59.8550,60.0200,7361533
2015-12-24,59.5100,61.0000,59.1200,60.7300,9292538
2015-12-18,58.8900,62.5200,58.6700,58.8600,27757919
2015-12-11,62.5700,62.8050,58.1450,58.3000,20361817
2015-12-04,64.9700,65.2500,61.1710,62.9600,19048761
2015-11-27,64.9900,65.4300,63.6900,64.7300,10199488
2015-11-20,65.9900,66.2800,63.2700,65.1300,18120413
2015-11-13,68.7800,68.9800,65.8100,65.9000,13363800
2015-11-06,68.5400,69.2300,65.3400,69.0500,21398990
2015-10-30,68.9400,69.8000,67.7800,68.1100,13957447
2015-10-23,64.8300,69.3200,64.3700,68.8300,18068853
2015-10-16,66.9200,67.9600,64.4200,64.9000,16424575
2015-10-09,63.9100,66.9800,63.6000,66.9400,13799879
2015-10-02,61.1500,63.5600,59.9100,63.2700,16122908
2015-09-25,62.1500,63.0950,60.5600,61.2900,15097299
2015-09-18,62.8700,64.0000,61.5100,61.8300,17144747
2015-09-11,63.0100,63.8700,61.6900,62.7900,11726914
2015-09-04,63.1300,63.4000,60.6100,61.7500,19646922
2015-08-28,59.1400,64.1200,57.5000,63.7200,27843379
2015-08-21,66.7900,67.9800,62.8500,62.8500,16957260
2015-08-14,68.0000,68.4900,66.6250,67.1700,15532282
2015-08-07,63.3100,69.3500,62.5000,67.6200,24683088
2015-07-31,61.2600,63.6700,60.3900,63.1000,12764509
2015-07-24,60.8600,62.6900,60.3100,61.6000,11017046
2015-07-17,60.4000,61.9800,59.9800,60.5900,13108297
2015-07-10,59.4200,61.2400,58.9000,59.7100,16843030
2015-07-02,63.1000,63.1300,57.6900,60.5300,19159309
2015-06-26,62.9500,64.2600,62.5400,63.8300,12635772
2015-06-19,63.1600,63.6100,61.6049,62.4900,19701907
2015-06-12,64.5900,65.3700,62.6300,63.6100,13113355
2015-06-05,65.0500,65.9600,63.6400,64.6000,12907631
2015-05-29,64.5900,65.1700,63.5700,64.7200,8292920
2015-05-22,63.2300,65.5700,63.2300,64.8100,9876920
2015-05-15,63.1900,64.0300,61.6050,63.5700,14528723
2015-05-08,63.6100,65.5500,59.9600,63.0900,29365823
2015-05-01,59.9200,60.5499,58.3500,59.1400,20213982
2015-04-24,60.9900,61.8450,59.6500,59.7300,17296652
2015-04-17,62.7000,63.1500,60.4100,60.7000,14889139
2015-04-10,62.1400,63.2300,61.9200,62.8000,11403742
2015-04-02,63.2400,63.9400,61.5000,62.5700,10509411
2015-03-27,64.1600,64.1800,60.5000,63.0000,16852248
2015-03-20,61.6500,64.6900,61.5490,64.0600,19097159
2015-03-13,61.7500,62.2450,60.2900,61.1450,13662867
2015-03-06,62.5600,63.1890,61.4300,61.6100,20695113
2015-02-27,63.0000,63.1500,61.8100,62.4850,15325077
2015-02-20,60.3900,63.0800,59.6900,63.0500,15936367
2015-02-13,57.1900,60.4950,56.9000,60.2300,21339981
2015-02-06,54.4100,59.6400,53.3300,57.4350,31371298
2015-01-30,56.1700,56.2456,54.0200,54.1300,19516227
2015-01-23,55.2300,56.6200,54.7000,56.0550,17652658
2015-01-16,54.0300,55.6800,53.1400,55.0350,23073806
2015-01-09,53.9700,54.6500,50.7100,54.1150,21344206
2015-01-02,53.6900,54.1400,52.0000,52.6700,10402433
2014-12-26,53.6400,54.8900,53.5200,53.8400,7300141
2014-12-19,50.5500,54.4400,50.1701,53.4900,29111267
2014-12-12,53.0400,53.0900,50.4500,50.4800,20118649
2014-12-05,53.8900,54.7300,52.7000,53.1550,18356940
2014-11-28,53.0000,54.5500,52.5600,53.9900,11885325
2014-11-21,53.0800,53.6100,51.5500,53.0600,19633556
2014-11-14,53.4600,54.2400,52.8600,53.2850,20948373
2014-11-07,48.9800,53.7100,48.4000,53.6200,32452415
2014-10-31,45.0400,49.1100,44.8700,48.8500,22586827
2014-10-24,43.9000,45.1600,43.5500,45.1000,22715754
2014-10-17,43.3700,45.3900,42.9400,44.2000,29856603
2014-10-10,44.7200,45.2000,43.2800,43.3100,28519590
2014-10-03,44.3700,45.3000,43.8800,44.3800,26593657
2014-09-26,45.0000,45.3800,44.0500,44.7500,21792743
2014-09-19,45.8500,46.0300,44.1900,45.0000,39281800
2014-09-12,46.0500,46.3200,44.6601,44.7600,23496000
2014-09-05,45.9900,46.5000,45.7400,46.2100,16695000
2014-08-29,46.4200,46.4400,45.0800,45.7300,21383000
2014-08-22,44.9900,46.4600,44.8200,46.0600,24505900
2014-08-15,44.7500,45.2000,44.2000,44.7600,26922400
2014-08-08,49.5400,50.6200,41.5100,44.4700,69241600
2014-08-01,51.2500,51.3800,49.0300,49.2900,18982800
2014-07-25,49.3500,51.2600,48.9900,51.1200,15385500
2014-07-18,50.0700,50.2600,48.5400,49.4400,18070000
2014-07-11,50.1600,50.9900,49.5400,49.7000,17974600
2014-07-03,49.1000,50.3300,48.7100,50.3000,9626200
2014-06-27,49.4700,50.0000,48.5600,49.3000,12356800
2014-06-20,46.8100,49.4900,46.8100,49.4100,21649600
2014-06-13,49.7400,50.3100,46.7800,47.4100,21229600
2014-06-06,48.6100,50.0000,47.7900,49.8300,13935300
2014-05-30,48.9500,49.0900,48.2500,48.6100,11864400
2014-05-23,46.7700,48.6650,46.6400,48.6200,16445600
2014-05-16,48.2500,49.3100,46.4600,47.1800,18160400
2014-05-09,49.6000,49.6500,45.7300,47.7200,24965100
2014-05-02,49.1000,49.6650,47.5100,49.4100,20770800
2014-04-25,49.5600,49.8100,48.6600,48.7300,11577200
2014-04-17,47.8500,50.4100,47.3300,49.5500,14833100
2014-04-11,49.7300,50.0400,47.2700,47.3100,18927000
2014-04-04,49.8600,53.4000,49.7600,50.1900,17310100
2014-03-28,49.1400,50.6300,47.4200,49.6900,27461800
2014-03-21,50.4000,51.4100,48.6900,48.7550,19665600
2014-03-14,53.4800,53.6100,50.1800,50.2500,13850000
2014-03-07,103.0000,108.0000,101.9600,107.2200,9090600
2014-02-28,103.2400,105.3000,102.5300,104.0600,8810400
2014-02-21,100.1700,103.3600,98.9400,102.7300,6266200
2014-02-14,96.8200,100.4700,95.4300,100.3400,8058300
2014-02-07,97.1400,98.3300,89.9100,97.0000,15913100
2014-01-31,97.2300,98.8400,95.4300,96.9100,12435100
2014-01-24,99.9200,101.6200,96.7300,97.2800,8038300
2014-01-17,99.8000,101.1700,97.9600,99.3400,9645400
2014-01-10,98.6700,100.7900,97.2600,100.4700,9728900
2014-01-03,99.6400,101.1300,98.2100,98.3200,6295800
2013-12-27,98.4600,99.6400,97.2200,99.1500,3081200
2013-12-20,93.6600,98.6100,93.2300,98.1600,8759300
2013-12-13,96.3400,96.5900,92.5901,93.5400,7253200
2013-12-06,93.1400,96.4700,92.6600,96.2000,8549700
2013-11-29,93.1200,95.2500,92.3800,93.8900,5441800
2013-11-22,95.6500,95.7500,92.4900,93.1200,9443600
2013-11-15,90.0100,94.7200,90.0100,94.3700,8760700
2013-11-08,87.7400,91.6500,86.1400,90.2300,11058100
2013-11-01,86.8700,90.0100,86.2800,87.5400,9479500
2013-10-25,86.0000,87.7400,85.5100,86.6800,7361400
2013-10-18,88.2800,88.4799,83.7800,85.7700,14125000
2013-10-11,83.9500,88.8900,81.2400,88.8500,12152500
2013-10-04,81.5500,84.9650,79.5000,84.8500,8869400
2013-09-27,82.0300,83.4700,81.6228,82.7000,7360100
2013-09-20,80.4300,84.1700,80.4300,82.3000,12929600
2013-09-13,77.8100,80.2300,77.5300,79.6900,10529100
2013-09-06,74.0000,77.9900,73.5750,77.5000,12148700
2013-08-30,73.5900,74.2500,72.0100,73.3000,10203300
2013-08-23,71.2400,74.0000,70.0000,73.7500,8768400
2013-08-16,72.7800,73.8400,70.3695,71.4600,8483900
2013-08-09,74.2600,76.0800,72.7400,73.1600,17176800
2013-08-02,72.5900,74.2000,72.2300,73.5100,10263400
2013-07-26,74.9100,74.9200,71.6100,72.7400,10072400
2013-07-19,71.4100,73.3200,70.6300,72.3600,15856000
2013-07-12,65.0400,72.7100,64.9500,71.4300,18226300
2013-07-05,63.4000,65.5000,63.1400,65.2600,7264900
2013-06-28,61.8700,64.2900,60.9200,62.6400,15122500
2013-06-21,63.6000,64.6700,61.9900,62.3100,17625800
2013-06-14,66.6100,66.6400,62.4900,62.9800,14460000
2013-06-07,64.8600,66.6600,63.3000,66.5800,15684800
2013-05-31,64.6900,65.1700,62.8600,64.6500,11794300
2013-05-24,65.5000,66.4300,62.9100,63.7700,26744200
2013-05-17,65.0500,65.5700,61.8900,65.5000,30505700
2013-05-10,66.7800,68.7300,64.1600,65.0300,26715600
2013-05-03,62.2700,66.6700,62.1450,66.6100,23792400
2013-04-26,68.1600,68.5400,61.2900,61.9600,45070900
2013-04-19,75.5000,75.5000,67.7100,67.8100,22039300
2013-04-12,73.6300,77.7000,73.2200,75.5600,11557700
2013-04-05,76.5400,77.8900,72.1500,73.6600,8641700
2013-03-28,75.1200,76.7300,74.0300,76.6210,8857100
2013-03-22,77.8400,78.2900,74.4800,74.9000,9801100
2013-03-15,79.2000,79.7900,78.1200,78.3600,9228900
2013-03-08,77.7900,81.0800,77.2000,80.5100,7415700
2013-03-01,76.8700,78.0700,75.2700,77.9400,7230500
2013-02-22,76.9500,78.4500,75.1250,76.3800,6643000
2013-02-15,78.5400,78.6500,75.8600,76.8500,8224800
2013-02-08,78.8500,79.2300,75.2600,78.7300,15492100
2013-02-01,77.7500,79.0500,77.0200,78.9800,7921800
2013-01-25,79.1800,79.4300,76.7650,77.6300,9940400
2013-01-18,78.0700,79.5400,77.6500,79.3200,9329100
2013-01-11,75.0600,78.5700,74.1150,78.4700,11776600
2013-01-04,72.2800,76.5700,72.1500,75.1800,8852000
2012-12-28,73.2200,73.7100,71.8560,72.3100,4485600
2012-12-21,72.6200,74.8700,71.5500,73.7300,14542600
2012-12-14,69.9700,72.9800,69.9700,72.5300,11115400
2012-12-07,67.5300,70.3700,66.3200,70.3150,13086700
2012-11-30,66.1000,67.4300,64.6200,67.2300,11441200
2012-11-23,66.4200,66.8000,64.5100,66.4800,7997100
2012-11-16,66.2200,66.5400,64.2000,65.7400,12080600
2012-11-09,66.1200,68.8100,65.0900,66.0000,15612100
2012-11-02,66.8900,67.9900,65.9400,66.1500,9320400
2012-10-26,68.7600,70.0000,66.2000,66.7300,10758100
2012-10-19,70.0100,70.4700,68.1200,68.7700,12365400
2012-10-12,71.3700,71.8400,68.2700,69.5400,9973800
2012-10-05,70.3100,72.7300,69.9236,71.8200,10800300
2012-09-28,68.2100,71.1500,67.1800,69.8900,11630400
2012-09-21,70.8200,70.9800,67.9000,68.6150,13330400
2012-09-14,67.8200,71.4500,66.5000,71.0000,15696800
2012-09-07,64.3100,67.4200,63.3700,67.2000,10508300
2012-08-31,64.9500,65.0000,63.7600,64.2800,6620000
2012-08-24,64.4500,65.6500,63.6801,64.8600,8948100
2012-08-17,64.6100,65.1900,63.5500,64.4800,10371600
2012-08-10,64.0000,65.4800,63.2200,64.9700,19196100
2012-08-03,58.4900,59.0800,55.5300,57.8600,16534400
2012-07-27,56.2600,58.9700,55.1800,58.5300,10813000
2012-07-20,57.2800,60.0500,56.9100,57.3200,11008900
2012-07-13,57.6400,58.2900,53.9201,57.2600,15811600
2012-07-06,60.3000,60.5500,56.7300,57.6600,7240600
2012-06-29,57.8200,60.0000,55.2500,60.0000,14800300
2012-06-22,60.2600,60.8800,57.8600,58.4700,10596300
2012-06-15,59.1300,60.6100,57.8400,60.5000,14073100
2012-06-08,57.2800,60.9100,56.9600,58.8500,12734600
2012-06-01,60.1900,61.5800,56.3500,56.9000,13727400
2012-05-25,59.9300,61.7800,59.3200,60.0000,14904800
2012-05-18,60.4900,62.0350,59.3700,59.6300,20193000
2012-05-11,61.0000,61.6100,55.7000,61.2900,67432300
2012-05-04,73.8700,74.1700,69.5275,69.6600,10405500
2012-04-27,70.9000,74.6100,69.9750,73.9800,11657400
2012-04-20,74.0800,74.6200,71.5600,71.6100,11921400
2012-04-13,76.0800,76.8500,73.2000,73.8000,13594500
2012-04-05,76.7200,77.8500,75.3600,77.2900,6883100
2012-03-30,76.7700,78.0000,75.4100,76.9500,7850800
2012-03-23,76.6600,77.0300,75.0000,76.3800,8541100
2012-03-16,72.4800,77.0300,71.9900,76.9100,12291900
2012-03-09,71.0000,73.0300,70.1600,72.7000,8800300
2012-03-02,71.5900,72.4600,70.8200,71.3400,7663800
2012-02-24,71.2900,72.3150,70.2000,72.1800,7748600
2012-02-17,70.3800,72.3200,69.8000,71.0800,10693700
2012-02-10,72.7700,73.1000,69.6000,70.0800,17574200
2012-02-03,70.5500,74.1896,70.3500,73.3500,7853800
2012-01-27,70.3500,72.4800,69.9900,71.3300,8228400
2012-01-20,69.6300,70.8800,67.7500,70.1700,8343200
2012-01-13,66.6400,70.7200,66.0300,68.3400,16525900
2012-01-06,66.6400,67.6000,64.9200,66.4100,10028800
2011-12-30,64.3800,64.8800,62.9600,64.3100,5581800
2011-12-23,65.9200,67.8000,62.5000,64.5600,12524800
2011-12-16,68.4500,68.6800,64.8100,65.4900,12597500
2011-12-09,69.7600,70.8400,67.1300,69.3800,12738500
2011-12-02,62.9800,69.3400,62.9800,68.5000,13477400
2011-11-25,65.0000,65.6500,61.5200,62.4800,8807300
2011-11-18,68.7900,70.0100,65.7100,66.2300,15916400
2011-11-11,70.6400,71.9200,66.5329,68.8200,13713400
2011-11-04,74.5800,74.7000,67.7700,70.8400,20130600
2011-10-28,70.4100,77.4400,68.8400,75.6700,12867500
2011-10-21,72.2400,72.4000,67.7700,70.2200,12923700
2011-10-14,66.8400,73.4500,66.4700,72.2200,16391600
2011-10-07,62.3000,66.6200,59.9500,65.6200,15787600
2011-09-30,62.7900,68.5200,61.5800,62.7000,16671700
2011-09-23,64.1900,65.7100,59.8300,62.5400,14871900
2011-09-16,59.7600,65.7800,59.6300,65.2400,18589900
2011-09-09,59.2900,64.4800,58.1500,60.7900,16783100
2011-09-02,61.6500,64.7900,60.9000,61.1000,13989700
2011-08-26,56.5700,61.3500,56.0000,60.8400,21884000
2011-08-19,64.3100,64.9100,53.5400,55.0100,29479600
2011-08-12,65.5700,66.9700,59.7000,64.6000,25819900
2011-08-05,70.5000,74.4900,65.9000,67.9400,24675700
2011-07-29,73.0900,74.5300,68.3800,69.8700,12792400
2011-07-22,73.7000,74.6200,71.9800,73.7700,8086200
2011-07-15,75.6000,76.2100,72.6900,74.0600,11522900
2011-07-08,74.5400,77.7100,74.3400,76.3800,8344900
2011-07-01,71.0200,74.8596,70.5900,74.8000,12014100
2011-06-24,66.6900,74.7900,66.6500,71.1400,18152000
2011-06-17,72.9800,73.4600,64.4000,67.6500,31013200
2011-06-10,74.0500,75.0275,72.6500,73.0000,9743300
2011-06-03,75.4000,76.3600,73.8000,73.8100,9105700
2011-05-27,72.6300,75.6300,71.6900,74.7700,12485400
2011-05-20,75.7000,76.2200,72.3900,74.0500,14924000
2011-05-13,76.7600,78.7500,75.9400,76.4700,8832700
2011-05-06,83.4500,83.4800,73.5700,76.7700,26858400
2011-04-29,82.9000,83.2300,80.9050,82.9000,10818200
2011-04-21,77.7500,82.9300,76.7700,82.4700,7966000
2011-04-15,80.7000,81.1300,78.0200,78.7200,12555200
2011-04-08,82.5600,82.7600,79.5800,80.2600,7735100
2011-04-01,80.3100,82.8600,79.1550,82.4100,8297200
2011-03-25,75.0900,81.1700,74.7800,80.0300,12064500
2011-03-18,75.6400,76.3000,70.5300,74.1900,11453100
2011-03-11,76.7300,78.6900,74.9000,76.3700,14091900
2011-03-04,76.9200,77.2500,73.9800,76.3200,10759900
2011-02-25,76.6600,77.0400,73.2500,76.5100,10712500
2011-02-18,75.3400,77.7400,75.3200,77.7300,9283500
2011-02-11,74.0200,77.0800,73.6000,75.5000,13462300
2011-02-04,71.9500,76.4900,71.7300,75.4200,13839900
2011-01-28,73.1300,74.5800,70.6500,71.6300,10473300
2011-01-21,75.3200,76.4500,72.8800,73.0500,8912400
2011-01-14,75.1000,76.3000,73.5400,75.0100,11347900
2011-01-07,74.1400,76.3600,73.5800,75.0900,12606800
2010-12-31,72.7300,74.7900,72.1100,73.2900,5586800
2010-12-23,73.1500,73.3000,71.8301,72.8300,6514100
2010-12-17,70.8100,72.6500,68.9600,72.4000,14607500
2010-12-10,70.2200,71.2900,69.0000,70.3100,9620400
2010-12-03,65.7900,69.7000,64.6700,69.3100,12121900
2010-11-26,64.7200,66.6000,64.5000,66.2500,7499600
2010-11-19,63.4100,65.5100,61.2600,65.2400,15266600
2010-11-12,62.9800,64.6000,62.1000,63.2300,13501700
2010-11-05,66.8900,66.9000,61.8700,63.3600,19260200
2010-10-29,68.6000,68.8700,65.1800,65.1900,14366200
2010-10-22,66.6600,68.2900,64.5000,67.9600,11252400
2010-10-15,64.6200,66.7800,62.6700,66.5500,16044200
2010-10-08,65.9000,66.1700,63.4700,64.2000,11861100
2010-10-01,64.1900,67.0650,63.4600,65.8000,12561100
2010-09-24,64.4800,64.6300,62.0000,64.2200,17014800
2010-09-17,63.2000,64.5000,61.9700,64.1100,14373100
2010-09-10,62.1500,63.9700,61.2700,62.5600,11914500
2010-09-03,58.3100,62.4000,56.5800,62.3700,13105000
2010-08-27,59.9300,60.2299,56.5500,58.5900,13113700
2010-08-20,57.9800,60.7500,57.5500,59.6100,12917600
2010-08-13,61.0600,61.5000,57.6000,58.2800,13234700
2010-08-06,55.5100,63.9400,54.6900,60.9300,25325800
2010-07-30,55.4400,56.0800,53.1600,54.5600,13048500
2010-07-23,52.7700,55.3800,52.5000,55.3400,16710700
2010-07-16,53.2800,54.6900,52.4400,52.6300,19003300
2010-07-09,49.9800,53.5050,48.9800,53.4600,14541800
2010-07-02,52.6900,53.3400,49.1000,49.3800,21179000
2010-06-25,54.3100,54.8100,51.4300,52.5800,19955300
2010-06-18,52.1600,54.5600,52.0700,53.5700,16564600
2010-06-11,50.3000,51.8800,48.5300,51.7900,14968300
2010-06-04,48.8000,52.3700,48.6400,50.2425,15745200
2010-05-28,48.8000,50.7900,46.8100,50.0400,19032100
2010-05-21,50.0500,50.3600,45.8500,49.4900,24972200
2010-05-14,48.9900,52.8900,48.3100,49.8900,23708800
2010-05-07,51.2500,53.3000,45.9500,47.5200,27884200
2010-04-30,53.5400,53.7300,50.4700,51.1100,13987000
2010-04-23,52.0800,53.9900,51.0700,53.3300,14925100
2010-04-16,51.8800,54.3500,51.5000,52.7700,20280600
2010-04-09,51.1300,52.6100,50.1900,51.7200,13902000
2010-04-01,51.3700,51.6500,50.2500,50.8100,8945900
2010-03-26,51.0200,52.6800,50.8200,51.0900,13496300
2010-03-19,50.7200,52.2200,50.3400,51.2500,14033800
2010-03-12,50.8800,51.0951,49.8300,50.8000,13905500
2010-03-05,48.4800,51.3100,48.1600,50.6700,24663100
2010-02-26,47.7800,48.2800,46.9400,48.1300,19399300
2010-02-19,47.3500,48.3400,46.8100,47.5100,13575100
2010-02-12,43.3200,47.3350,43.2900,47.1600,25608100
2010-02-05,43.8000,45.3000,42.0800,43.6600,16585000
2010-01-29,45.4000,46.1800,43.5800,43.6600,20369100
2010-01-22,47.8200,48.3400,44.9200,45.1700,16224000
2010-01-15,47.1500,48.9500,45.7900,47.9200,18749000
2010-01-08,45.6400,47.7500,45.0700,46.8600,18809900
2009-12-31,46.4200,46.6100,45.1000,45.3300,6687600
2009-12-24,44.6400,46.4000,44.5500,46.2300,7427300
2009-12-18,43.7400,44.4700,43.0900,44.4500,17726300
2009-12-11,43.9500,44.8700,43.4200,43.6400,15921400
2009-12-04,43.4200,45.8300,43.2100,44.4200,19364100
2009-11-27,44.0800,45.1000,43.0100,43.4900,10487600
2009-11-20,44.9500,45.7500,43.3800,43.6800,14370500
2009-11-13,43.0800,44.9900,43.0800,44.8300,13834400
2009-11-06,38.7200,43.0900,38.3700,43.0000,26215100
2009-10-30,40.5500,41.3500,38.5700,38.6500,18637300
2009-10-23,39.5500,41.6600,39.1100,40.5200,18910000
2009-10-16,38.9500,40.1500,38.8200,39.4000,16123400
2009-10-09,37.7700,39.9400,37.5400,38.7400,20683700
2009-10-02,38.2100,39.1900,36.6900,37.5300,17221700
2009-09-25,38.4900,39.4000,37.5800,37.8100,15626700
2009-09-18,37.2000,38.7100,36.8900,38.4900,19286100
2009-09-11,35.4000,37.7600,35.4000,37.1300,16734100
2009-09-04,34.8600,35.5500,33.8427,35.3900,16377500
2009-08-28,34.6000,35.9500,34.3600,35.2700,20688500
2009-08-21,33.8900,34.5200,33.1200,34.4600,19073800
2009-08-14,33.8300,35.0000,33.6000,34.4300,17861100
2009-08-07,29.9400,34.7999,29.7550,34.1400,44925600
2009-07-31,30.4200,30.8200,29.4900,29.5900,19761900
2009-07-24,29.6000,30.5210,28.7000,30.3600,24650900
2009-07-17,26.5300,29.5100,25.8900,29.0200,25037600
2009-07-10,26.2800,26.9000,25.0100,26.4100,24860200
2009-07-02,27.3200,27.5500,26.3400,26.6100,17129800
2009-06-26,25.3500,26.8800,24.4400,26.6200,20633100
2009-06-19,26.5900,26.7200,25.3712,25.7400,22525900
2009-06-12,27.0100,27.9000,26.2350,26.7900,28015600
2009-06-05,25.7000,27.3600,25.5900,27.2300,24601600
2009-05-29,24.3500,26.6600,24.0600,25.1900,24562900
2009-05-22,26.6200,27.4300,24.5950,24.8100,27940700
2009-05-15,24.9100,26.0000,24.4900,25.7600,20453300
2009-05-08,25.3500,27.5094,24.9600,25.1900,43010400
2009-05-01,22.6500,25.1400,22.5200,24.9700,25418900
2009-04-24,23.3900,23.5000,22.1000,23.0100,27821900
2009-04-17,23.5400,23.7500,21.9900,23.3800,27401600
2009-04-09,22.7900,23.8200,22.0200,23.6200,19143500
2009-04-03,19.8000,22.8800,19.4200,22.7600,30694200
2009-03-27,21.0100,21.8200,19.9700,20.1200,38036100
2009-03-20,21.2400,22.1800,20.4100,20.5300,29817400
2009-03-13,18.2200,21.2000,17.5000,20.9700,32474800
2009-03-06,17.5900,19.2000,17.2600,18.2900,39421800
2009-02-27,19.9900,19.9900,18.2300,18.4000,31522700
2009-02-20,19.8800,20.4300,17.8200,19.4000,27311000
2009-02-13,20.1000,21.9500,19.0800,21.1700,49295900
2009-02-06,18.7400,20.2500,18.3900,20.1700,31786000
2009-01-30,18.9400,20.6200,18.6300,18.7300,29233400
2009-01-23,20.5200,20.5900,18.2500,18.9400,29740900
2009-01-16,20.4261,21.6500,18.9900,20.3600,40104600
2009-01-09,18.9600,20.9100,18.1300,20.0800,30414100
2009-01-02,17.3200,19.2500,16.9200,19.1200,13971500
2008-12-26,17.5600,18.0400,16.9900,17.6200,11257700
2008-12-19,18.1300,18.2500,16.5500,18.0000,28734400
2008-12-12,17.7800,19.1900,17.2800,18.1300,24400900
2008-12-05,18.6600,18.8200,15.3900,17.7900,31395300
2008-11-28,16.0300,19.2100,15.8100,19.2000,22109400
2008-11-21,16.4800,17.4200,14.3800,15.5800,30547300
2008-11-14,20.0000,20.2600,15.7600,16.8700,25109400
2008-11-07,19.2000,21.1200,18.3700,19.4200,21206300
2008-10-31,16.3800,19.8000,15.8400,19.2000,27010700
2008-10-24,19.2200,20.3000,16.1000,16.6500,22976400
2008-10-17,18.4700,21.8500,16.1100,18.6400,38889900
2008-10-10,18.6100,18.9800,15.4700,17.3600,55706900
2008-10-03,23.6300,24.1400,19.0900,19.2600,34522800
2008-09-26,26.5300,26.8000,23.1600,24.7300,21478300
2008-09-19,25.9300,27.1500,23.0100,26.5700,44245400
2008-09-12,28.6400,29.6200,26.2800,26.8800,31772500
2008-09-05,30.0000,30.3000,27.2200,27.7500,20258000
2008-08-29,30.0500,30.1900,28.4700,29.3200,17110100
2008-08-22,30.9400,31.0400,29.2500,30.3100,16582200
2008-08-15,30.4000,31.6900,29.9000,30.7700,20961500
2008-08-08,29.2300,31.1100,28.6100,30.7600,27021800
2008-08-01,27.2100,29.6100,26.6700,29.3600,45328200
2008-07-25,28.3200,29.0900,26.6000,27.0700,28999800
2008-07-18,28.3300,29.0200,26.8600,28.0900,29343900
2008-07-11,31.6800,32.5300,27.5900,28.1600,39943400
2008-07-03,32.7300,32.9000,31.2900,31.8000,20239900
2008-06-27,35.4000,35.6500,32.1600,32.8900,27149100
2008-06-20,35.3200,37.1000,34.6200,34.9700,26976400
2008-06-13,34.8000,35.8100,33.8000,35.7500,22250300
2008-06-06,35.1500,36.8600,33.7500,34.7700,25893100
2008-05-30,30.4300,35.8000,30.4100,35.2800,22805000
2008-05-23,31.3400,32.1320,29.9300,30.4000,21312800
2008-05-16,29.7400,31.8900,29.0100,31.5500,26015400
2008-05-09,33.3700,34.9100,28.8400,29.7300,41745000
2008-05-02,31.3000,33.3500,30.6700,33.0600,17424800
2008-04-25,31.0700,31.8100,29.8000,31.2500,16619000
2008-04-18,26.4700,31.0800,26.3200,30.9600,28445000
2008-04-11,29.9300,29.9300,26.5200,26.5300,18884000
2008-04-04,29.8700,30.6500,28.5400,29.3900,17410800
2008-03-28,29.0400,31.0900,28.9000,29.1800,17263900
2008-03-20,26.6000,30.0200,25.7500,29.0100,20113800
2008-03-14,29.3500,29.8900,26.9200,27.2700,21284900
2008-03-07,30.0700,31.5000,28.5900,29.1900,22291200
2008-02-29,32.4800,33.2500,30.1900,30.2100,15230400
2008-02-22,33.4300,33.4500,31.3500,32.1500,14031300
2008-02-15,32.0000,33.9855,31.3901,32.5600,23552900
2008-02-08,29.7600,32.9200,26.0600,31.8400,44975700
2008-02-01,27.0800,30.2500,26.7600,29.8400,22333500
2008-01-25,24.8000,28.2300,23.3700,26.8700,21420000
2008-01-18,27.6400,28.5600,25.8200,26.0000,38584800
2008-01-11,31.0900,32.0600,27.0700,27.1100,31728600
2008-01-04,34.7100,34.8900,30.9100,31.0000,14056600
2007-12-28,35.8000,36.2700,34.3725,34.9200,6229800
2007-12-21,32.2000,35.8700,32.2000,35.8300,19728300
2007-12-14,33.7300,35.6900,32.4500,32.7200,19397300
2007-12-07,31.3200,33.6900,30.6000,33.3600,17635900
2007-11-30,30.4200,32.6900,29.5300,31.1000,17899000
2007-11-23,31.1900,31.3800,29.4400,30.4600,13708800
2007-11-16,30.8000,32.6900,29.9200,31.4000,26383000
2007-11-09,40.9000,40.9000,30.0000,30.7900,68121900
2007-11-02,40.2600,42.0000,39.5400,40.9000,11394200
2007-10-26,39.7300,40.9700,38.3100,39.9400,13412400
2007-10-19,81.3900,81.6600,40.0000,40.0200,12422600
2007-10-12,85.2900,85.6800,80.8800,81.8500,9701100
2007-10-05,80.4400,86.0000,79.8400,85.7900,7006500
2007-09-28,76.0000,80.8100,74.1838,79.7900,8305700
2007-09-21,73.0300,76.8600,71.7100,75.8700,13520600
2007-09-14,71.3400,72.7800,67.6000,72.0700,15362100
2007-09-07,73.5200,73.9900,70.3600,71.0700,6415000
2007-08-31,72.2900,74.9300,69.7200,73.5100,9580100
2007-08-24,75.2700,76.6500,71.0700,73.4500,10516800
2007-08-17,83.5400,83.9700,72.5000,74.9500,13189700
2007-08-10,82.8000,88.8800,81.0400,82.3400,13108800
2007-08-03,81.5800,84.9400,78.5000,82.8500,14038500
2007-07-27,86.1600,86.5500,79.6700,81.5400,10077600
2007-07-20,85.8900,88.3900,83.7700,85.8400,9558900
2007-07-13,79.9400,86.4400,78.0000,86.1800,25404000
2007-07-06,75.3700,78.9000,74.0500,78.8900,6961100
2007-06-29,76.1000,77.3900,74.3000,75.0000,8743600
2007-06-22,79.1900,79.4500,75.4400,75.9300,8408900
2007-06-15,75.5000,80.8400,75.2100,79.0200,13368900
2007-06-08,77.6400,78.6100,74.0000,75.4700,11118100
2007-06-01,75.5600,79.5000,75.5100,78.1100,8965200
2007-05-25,77.8800,80.5400,74.4800,75.7100,11977500
2007-05-18,80.6500,81.1200,76.4800,78.8300,13635100
2007-05-11,83.9500,84.0000,79.0000,80.6500,15915100
2007-05-04,90.2000,90.6600,82.7700,83.9000,15607200
2007-04-27,88.5500,90.9700,86.9500,90.6200,6295600
2007-04-20,87.8000,89.3100,85.8700,88.2100,8366600
2007-04-13,86.9300,88.8700,82.6500,87.3800,13219800
2007-04-05,88.4800,89.5100,84.8800,86.7600,9562800
2007-03-30,93.2960,94.6700,87.0800,88.2700,9416300
2007-03-23,89.1000,93.9000,88.9100,92.9300,4948300
2007-03-16,91.6600,92.0000,87.3900,88.8300,7477900
2007-03-09,85.4000,92.4100,85.2200,91.5200,9196900
2007-03-02,94.9500,94.9800,86.2600,86.9300,11337700
2007-02-23,93.3600,95.5500,92.5600,94.5900,4993400
2007-02-16,91.0200,94.6000,91.0000,93.6800,6694700
2007-02-09,89.7300,94.9000,89.0000,92.3500,12503600
2007-02-02,82.8700,86.4000,82.5500,85.8300,7736900
2007-01-26,81.6400,84.4200,80.7000,83.1200,5786200
2007-01-19,81.9100,82.6500,80.0000,81.6600,5393200
2007-01-12,77.1500,81.8200,76.8300,81.4400,6906800
2007-01-05,77.7100,79.2800,75.7500,77.1100,5378400
2006-12-29,76.2300,78.1900,75.5400,77.1600,3474500
2006-12-22,79.1700,80.6200,75.2700,76.0600,6317900
2006-12-15,80.4200,81.3000,78.6200,80.4400,6974800
2006-12-08,81.0000,82.4900,79.2600,80.6700,5490400
2006-12-01,79.7200,82.0000,77.5600,80.4200,6924200
2006-11-24,80.4800,80.7600,79.0500,79.7100,4386300
2006-11-17,76.1500,80.7500,75.8000,80.1000,29228700
2006-11-10,74.5000,77.9400,74.3000,76.2400,7469000
2006-11-03,77.7600,78.4840,71.5200,74.3400,14283000
2006-10-27,76.4000,79.4700,75.9100,77.9700,4253600
2006-10-20,77.7900,78.8300,76.0400,76.7000,5384000
2006-10-13,74.4500,78.3800,74.2700,77.2400,6523400
2006-10-06,74.4200,75.8200,71.8500,74.7100,5171700
2006-09-29,72.5700,76.6500,72.1200,74.0100,7224200
2006-09-22,71.8200,74.8000,71.0100,72.6400,6774300
2006-09-15,69.0000,74.3100,68.0900,71.5700,7797900
2006-09-08,70.0600,71.6700,68.4400,69.2500,4179600
2006-09-01,68.9900,71.5800,68.5000,69.7400,5569200
2006-08-25,70.7300,71.2400,68.5100,69.0800,3845400
2006-08-18,66.1700,71.0000,66.1700,70.8200,6447000
2006-08-11,68.1100,68.5000,64.6500,65.7000,5470242
2006-08-04,64.9000,71.9900,63.1000,68.3700,11116300
2006-07-28,61.0600,64.9000,61.0600,64.5400,6506900
2006-07-21,62.2500,65.4900,60.1700,61.0500,6766800
2006-07-14,65.7100,67.3600,61.5100,62.5000,9597500
2006-07-07,67.8000,68.5500,65.3900,65.6300,3956900
2006-06-30,66.7300,68.3600,62.3000,67.3700,7469400
2006-06-23,63.5700,67.3700,60.6300,66.5600,8900400
2006-06-16,61.8100,63.7700,57.2400,63.6200,8127300
2006-06-09,62.5800,64.2200,58.8700,62.0700,8148300
2006-06-02,59.8950,63.9000,57.3700,62.8300,8002400
2006-05-26,63.9500,64.3100,59.4100,60.0100,10211600
2006-05-19,65.1000,66.7000,62.6800,64.2000,7886600
2006-05-12,69.0000,69.4700,65.4000,65.5600,6662500
2006-05-05,64.2000,69.6700,60.7500,69.0100,10582800
2006-04-28,62.7500,64.4300,61.8500,63.6100,4299300
2006-04-21,60.5100,65.0800,60.5000,62.9000,8564800
2006-04-13,57.9900,59.8000,56.4500,59.6200,5267100
2006-04-07,59.8300,61.2200,57.6400,58.0600,6578300
2006-03-31,57.7300,60.5800,56.9100,59.4900,6190100
2006-03-24,56.8200,57.8400,54.9000,57.6800,5083200
2006-03-17,56.7500,57.5000,56.0800,57.0700,4249300
2006-03-10,58.7500,58.7990,54.9417,56.1300,5030000
2006-03-03,57.3600,59.4000,56.7000,58.7300,6115400
2006-02-24,55.1900,57.6000,54.0700,57.4200,4122900
2006-02-17,55.0400,56.0500,53.6000,55.2400,5964000
2006-02-10,50.5000,56.3000,49.6500,55.2500,13361300
2006-02-03,51.1000,53.2500,50.2600,50.6300,5757700
2006-01-27,50.2200,51.5800,49.3700,50.9000,5124800
2006-01-20,49.3900,52.2700,48.5100,49.9600,6692200
2006-01-13,51.2900,52.6500,49.2000,49.3500,7836600
2006-01-06,49.9400,51.7000,49.0700,51.3500,5564100
2005-12-30,51.8200,51.9500,49.9000,50.2700,3947700
2005-12-23,50.3200,52.4700,49.9000,51.4900,6793500
2005-12-16,49.5700,50.3000,48.8500,50.0200,8886000
2005-12-09,49.1800,49.5700,48.0600,49.4700,6517900
2005-12-02,49.3900,50.4500,48.1100,49.4000,6175500
2005-11-25,48.5600,49.3900,47.7300,49.3900,3179200
2005-11-18,45.4850,48.9400,45.2600,48.3600,9465800
2005-11-11,45.4000,45.9500,44.5200,45.6700,4665300
2005-11-04,44.3900,45.3740,42.9900,45.0600,10159300
2005-10-28,45.1300,46.4500,43.4300,45.3900,8082600
2005-10-21,44.7500,45.1400,42.2500,45.0600,8183400
2005-10-14,44.4100,47.3400,43.1100,44.6200,10115800
2005-10-07,46.6800,47.0000,42.5500,43.6400,8301100
2005-09-30,44.8000,46.6900,44.4100,46.5900,6720300
2005-09-23,45.9800,46.8500,42.4400,44.4100,6574800
2005-09-16,48.1400,48.9100,45.4600,46.3400,5408300
2005-09-09,46.1600,48.3800,45.8200,48.3500,4720300
2005-09-02,45.5800,46.8900,44.7530,46.1300,6367200
2005-08-26,45.6300,46.2100,43.7500,45.7800,8457900
2005-08-19,46.2000,46.4600,44.3000,45.7300,7489700
2005-08-12,47.8000,48.5300,46.0000,46.5200,6968000
2005-08-05,49.3600,49.9600,47.3000,47.7600,6937100
2005-07-29,48.2000,51.4500,46.5400,49.0800,12694900
2005-07-22,47.8000,49.7400,47.7900,48.3200,4789500
2005-07-15,48.7300,48.8400,45.3900,48.1100,8352100
2005-07-08,46.7900,48.5395,46.5300,48.4500,4513700
2005-07-01,45.7600,47.8700,45.5000,47.2300,6847900
2005-06-24,50.1800,50.1800,45.9200,45.9900,9118300
2005-06-17,47.2000,50.3100,46.3700,50.1700,7932200
2005-06-10,47.0100,48.0800,45.9030,47.1500,4575800
2005-06-03,47.5700,48.2200,46.6700,47.0200,7208200
2005-05-27,45.3900,47.8200,45.0300,47.3800,6148300
2005-05-20,42.4300,45.8300,42.1300,45.4600,6673900
2005-05-13,44.2400,44.2800,42.0100,42.5900,5296500
2005-05-06,42.0100,44.2200,41.4100,44.1700,6896800
2005-04-29,41.7500,43.0800,38.1200,42.0100,11174400
2005-04-22,39.7300,42.1900,39.5500,41.4100,10940100
2005-04-15,46.2500,46.3600,39.0800,39.9400,15450500
2005-04-08,45.7100,48.4100,45.5900,45.8000,6261700
2005-04-01,46.8700,46.9500,44.4100,45.9600,7231700
2005-03-24,44.5600,46.8400,43.9700,46.5100,5019400
2005-03-18,47.3300,47.8000,43.2400,44.5500,7952700
2005-03-11,48.9700,49.4900,44.8600,46.8500,9360000
2005-03-04,47.7900,48.8400,45.9500,48.6200,7775000
2005-02-25,44.7400,47.8400,43.7300,47.7100,8395800
2005-02-18,45.9200,47.0000,44.1300,44.7500,8800300
2005-02-11,38.7400,46.6800,36.5000,45.5200,19105000
2005-02-04,37.4500,38.7200,36.8500,38.3000,6926300
2005-01-28,36.6900,37.6000,35.6500,36.7900,8747000
2005-01-21,38.2100,39.1200,35.5700,35.8600,9961600
2005-01-14,40.9800,41.0700,36.6700,38.0500,13004700
2005-01-07,43.7500,44.0800,40.0700,40.5200,9071000
2004-12-31,40.8200,42.9300,39.7900,42.3300,11906500
2004-12-23,39.6900,40.9300,38.8600,40.4000,5061800
2004-12-17,38.7900,41.3300,38.4200,39.8400,8821700
2004-12-10,38.2200,39.1200,36.5000,38.3000,5967600
2004-12-03,39.5700,39.7100,37.4100,37.8900,7146200
2004-11-26,37.0000,39.7600,30.9800,39.1900,6309600
2004-11-19,38.3900,39.2700,37.6000,37.9310,5454500
2004-11-12,36.6400,38.3100,36.0300,38.2900,5799000
2004-11-05,34.6000,37.9000,33.6000,36.4400,11979100
2004-10-29,32.0400,35.1700,30.3300,34.0000,13276700
2004-10-22,32.3450,32.6500,31.0300,31.9800,8151300
2004-10-15,30.2500,33.0500,30.2500,32.3100,8102700
2004-10-08,30.9000,31.7600,29.6500,30.2400,9188400
2004-10-01,28.4300,30.6500,27.9400,30.1600,7833100
2004-09-24,28.8100,29.2800,28.2800,28.6000,3566100
2004-09-17,29.4800,29.7000,28.4300,28.8100,4210800
2004-09-10,27.5600,29.5800,27.1700,29.2000,5693800
2004-09-03,27.0200,28.2500,26.6400,27.4900,5610200
2004-08-27,26.5100,27.5000,25.7200,27.2200,3747300
2004-08-20,24.9000,26.6000,24.7000,26.5200,3723100
2004-08-13,24.8400,25.9000,24.0200,24.8500,5227300
2004-08-06,27.2500,27.4800,24.2100,24.7500,6490800
2004-07-30,24.8600,27.9300,24.3100,27.5500,10866700
2004-07-23,24.8100,25.2500,22.8400,22.8600,5364600
2004-07-16,24.0100,25.6900,23.8000,24.9200,6028200
2004-07-09,24.9600,24.9700,23.5000,24.8100,4309000
2004-07-02,26.5000,26.6400,24.5400,24.7600,8158900
2004-06-25,24.9900,26.2800,24.4500,25.9300,6554800
2004-06-18,45.7500,49.5800,24.2000,24.5100,5223200
2004-06-10,45.3000,46.3800,45.1500,45.9600,1762900
2004-06-04,45.5300,47.2500,44.0000,45.0600,3645300
2004-05-28,44.2000,46.5500,43.4500,46.2400,3726100
2004-05-21,39.4700,44.6000,39.2000,43.2100,7503900
2004-05-14,42.2600,44.7000,39.5600,42.0100,7290500
2004-05-07,43.2900,45.2300,42.5300,42.7700,5054300
2004-04-30,48.0500,48.3590,43.1000,43.2600,5001300
2004-04-23,46.6300,49.3200,45.5500,48.2200,6112100
2004-04-16,46.9400,48.4000,45.3200,46.4600,4047600
2004-04-08,48.3300,48.6600,46.1000,46.7900,2231000
2004-04-02,45.0900,48.5000,44.5000,48.1000,4626800
2004-03-26,43.5600,45.5800,40.3500,44.5300,6262100
2004-03-19,43.9200,44.9400,42.6300,43.9000,4956900
2004-03-12,46.5000,46.5000,41.9400,43.8000,6137800
2004-03-05,47.0900,48.1600,44.3800,46.3600,6503100
2004-02-27,49.9000,50.0000,46.0600,47.2700,4988300
2004-02-20,49.4100,50.2500,46.9600,48.6700,5583800
2004-02-13,53.2500,53.2900,48.1500,50.1300,9734200
2004-02-06,54.2500,54.9400,51.7100,53.0000,4896000
2004-01-30,56.7600,57.1400,52.7300,54.1500,6872400
2004-01-23,53.2100,57.1900,51.2600,56.6600,11959200
2004-01-16,51.8000,53.5100,49.3500,53.0700,6075900
2004-01-09,49.0000,53.9500,47.7500,51.0000,9338600
2004-01-02,44.1100,47.3100,43.9600,47.0600,3722800
2003-12-26,41.9900,45.2000,41.0200,43.7100,2758200
2003-12-19,47.1300,47.1900,40.8100,42.4000,8570600
2003-12-12,46.0500,48.2000,44.1500,45.7300,4422000
2003-12-05,45.9200,49.5900,45.2400,46.2600,6745400
2003-11-28,44.5000,46.9500,44.2000,45.8700,2048300
2003-11-21,45.2700,46.1300,43.1400,43.8200,2986900
2003-11-14,47.1600,47.4700,44.1700,45.7900,3568900
2003-11-07,45.7400,47.7000,43.9300,47.1500,5173400
2003-10-31,41.3500,45.9900,41.3400,45.3900,5404500
2003-10-24,42.7500,44.7800,40.1100,41.4000,6808600
2003-10-17,44.2000,44.9900,42.1100,42.2300,4730200
2003-10-10,39.7500,43.9900,39.1400,43.9900,5877000
2003-10-03,36.1900,39.9800,35.6400,39.7000,3964900
2003-09-26,39.8800,39.9300,35.5700,36.1900,4238000
2003-09-19,37.2600,40.8300,36.4220,40.4100,5866600
2003-09-12,38.3900,38.7700,35.5200,37.0600,4772400
2003-09-05,35.2400,39.2800,35.1700,38.7700,6935700
2003-08-29,31.9000,35.3400,30.8800,34.8300,5020900
2003-08-22,29.3600,33.0000,29.1000,31.9000,5856100
2003-08-15,29.4700,29.9900,28.8000,29.3450,2307900
2003-08-08,30.5300,31.7450,28.3200,29.4200,3087200
2003-08-01,31.4000,32.7900,30.3100,30.3600,6341300
2003-07-25,27.3300,32.7900,26.9000,31.2600,10401500
2003-07-18,29.0000,30.5900,27.2300,27.5300,4725700
2003-07-11,26.6300,29.3400,26.6300,28.4400,6557800
2003-07-03,24.9300,26.8400,24.0000,26.5700,5803400
2003-06-27,23.7500,26.4000,22.5000,24.9900,6688100
2003-06-20,24.3200,25.0000,23.2500,23.7400,4637400
2003-06-13,22.7800,24.7900,22.7500,24.2500,9725600
2003-06-06,20.8600,23.2100,18.8500,22.9900,11199900
2003-05-30,20.2300,21.0800,20.0400,20.7500,3054000
2003-05-23,20.7400,20.8380,19.3300,20.4900,5518000
2003-05-16,18.3900,21.3500,18.0700,21.0100,8736500
2003-05-09,18.5700,18.9000,18.0000,18.4300,6515600
2003-05-02,18.9100,19.0000,17.1200,18.3000,15416600
2003-04-25,20.6700,20.8600,18.6000,19.0000,17639700
2003-04-17,19.0800,20.8000,18.6000,20.6000,9188200
2003-04-11,23.3300,23.4100,18.2300,18.9400,20340200
2003-04-04,65.6400,68.1900,21.6000,22.6800,6992800
2003-03-28,64.5900,69.2500,64.0200,66.8500,3262700
2003-03-21,63.6000,65.4500,62.6600,64.7700,2618900
2003-03-14,69.4500,69.6600,61.6500,63.7800,6084100
2003-03-07,70.1100,71.2000,69.1900,69.5600,2330800
2003-02-28,67.9500,70.3900,67.7500,70.2000,3508400
2003-02-21,67.6500,68.6100,67.0100,68.1500,4843600
2003-02-14,65.2500,68.0400,64.3500,67.2700,5572500
2003-02-07,61.9700,66.6000,59.9300,65.0800,16797400
2003-01-31,56.3200,60.6000,55.6800,60.2800,7182900
2003-01-24,60.1100,60.4700,57.6300,57.8400,4039900
2003-01-17,62.4600,63.9900,60.0000,60.1400,4462000
2003-01-10,71.9400,72.4600,61.8000,62.4600,6950500
2003-01-03,74.8000,75.1100,70.2200,71.7800,1604000
2002-12-27,73.7400,76.5100,72.9200,74.6900,1158900
2002-12-20,70.7600,74.0700,70.6500,73.7000,1592400
2002-12-13,71.7600,71.7700,68.3000,70.7700,1569800
2002-12-06,72.6100,73.4800,69.5600,71.7100,1704400
2002-11-29,72.5700,74.7800,69.5100,71.3900,1398700
2002-11-22,68.3800,72.9600,65.4100,72.8100,3204500
2002-11-15,70.0000,70.4500,66.3500,68.3300,3425300
2002-11-08,69.0500,73.9900,68.2800,70.0000,2862000
2002-11-01,69.7500,70.0000,64.0000,67.8000,2947100
2002-10-25,64.5300,70.4300,63.3600,69.5900,3678100
2002-10-18,58.4100,66.7600,57.5900,64.3800,4166400
2002-10-11,50.0100,59.1200,47.2900,58.4500,7696800
2002-10-04,57.5000,57.9900,51.3700,51.7600,4047700
2002-09-27,60.0200,60.0200,53.2600,58.1900,3215100
2002-09-20,62.1600,64.8200,57.5000,59.7000,2507200
2002-09-13,60.1500,64.1700,59.6800,62.5300,2238300
2002-09-06,56.9000,60.5400,55.5900,60.5400,1886400
2002-08-30,58.6000,61.3400,55.1100,57.4100,2163000
2002-08-23,59.2000,59.9500,56.5100,58.6000,1257300
2002-08-16,51.9000,59.9700,50.9600,58.5500,1581100
2002-08-09,56.2400,56.2500,46.7100,52.8500,4828200
2002-08-02,58.7100,60.5000,57.3500,57.5000,2065300
2002-07-26,54.6400,58.5800,52.2500,56.9600,2288400
2002-07-19,50.4000,57.4900,46.7700,54.6700,3499900
2002-07-12,50.7000,53.4800,47.4900,50.8500,1080700
2002-07-05,53.1900,53.2000,49.2600,51.1500,897500
2002-06-28,48.4900,54.0000,46.6200,53.7500,1059600
2002-06-21,50.0000,51.9000,47.9500,48.9700,770400
2002-06-14,45.6000,50.4700,43.3000,49.9100,1286400
2002-06-07,48.1300,48.1300,40.3000,45.2600,2019200
2002-05-31,53.6500,53.9000,48.6300,48.7700,1014100
2002-05-24,54.4700,54.6300,50.6100,52.9400,864800
2002-05-17,48.9200,55.5000,48.7800,54.0300,1148300
2002-05-10,46.8100,49.8000,46.5000,48.9900,495100
2002-05-03,45.8400,48.1000,44.9200,47.0000,476700
2002-04-26,45.3000,47.0000,43.7900,45.7200,484800
2002-04-19,38.6200,47.9100,38.0000,46.2500,1181900
2002-04-12,40.2000,41.4700,37.5300,38.4800,463500
2002-04-05,42.5600,42.5600,39.0000,40.6200,361400
2002-03-28,41.2600,42.4500,40.1000,42.1000,185000
2002-03-22,40.3000,41.5700,39.5000,41.5700,312500
2002-03-15,37.7500,41.3300,36.4100,40.1400,356500
2002-03-08,35.4800,38.7500,35.4800,37.8800,325900
2002-03-01,34.5000,37.0400,34.5000,36.0000,226800
2002-02-22,34.7700,35.4000,34.0500,34.7700,315100
2002-02-15,34.7200,36.1000,33.4600,35.0000,365600
2002-02-08,36.0500,37.0000,32.3500,34.6700,400100
2002-02-01,36.9200,38.4500,32.4500,36.9800,774600
2002-01-25,35.7700,37.5300,34.9100,37.0000,400300
2002-01-18,36.9200,39.4000,35.0700,35.6400,306400
2002-01-11,40.2200,41.7100,36.2500,37.5000,1189700
2002-01-04,42.3200,42.8100,37.1000,39.2500,849900
2001-12-28,42.7900,45.3100,41.7000,42.9400,471100
2001-12-21,39.4500,43.5500,38.4900,43.5500,614700
2001-12-14,39.9900,40.0000,37.2100,39.0700,307900
2001-12-07,33.5500,40.8600,32.0500,39.6500,632300
2001-11-30,33.0700,35.1100,31.5800,32.0100,292800
2001-11-23,32.8600,33.8600,31.7600,32.5300,130000
2001-11-16,29.6900,34.0600,27.5600,32.4900,348200
2001-11-09,28.2000,31.0000,26.4200,30.1500,433600
2001-11-02,31.3000,31.6000,27.1600,28.1000,483100
2001-10-26,26.9800,31.7400,26.6000,31.0800,351500
2001-10-19,23.7300,29.7200,23.3600,26.9400,954200
2001-10-12,21.6000,25.9100,17.7000,24.0100,1016500
2001-10-05,22.5000,25.5400,19.0900,22.8400,816800
2001-09-28,22.4000,23.4500,19.9300,22.4000,711800
2001-09-21,37.0200,37.2400,18.2500,22.1400,1375600
2001-09-10,36.9900,38.4800,35.3200,37.3500,136100
2001-09-07,42.3000,42.3000,35.6000,37.2900,828100
2001-08-31,41.9000,42.4900,40.9200,42.2900,253500
2001-08-24,41.5000,42.3800,40.6000,41.7100,341000
2001-08-17,44.3000,44.5000,40.4000,41.2500,229200
2001-08-10,43.7900,44.8800,39.5500,43.5800,377600
2001-08-03,44.9100,45.8500,43.6300,44.4800,425100
2001-07-27,42.3500,46.0500,42.2000,45.5500,696900
2001-07-20,42.6000,45.2000,41.5500,42.2000,585600
2001-07-13,39.8400,43.1400,38.5700,42.5000,370000
2001-07-06,42.1500,43.0800,38.1200,39.3500,336700
2001-06-29,39.1500,43.4800,38.0700,42.4500,556500
2001-06-22,39.3400,41.2000,37.0100,39.1600,138400
2001-06-15,44.1000,44.8000,37.4200,39.2000,351400
2001-06-08,41.4000,44.7500,39.7200,44.0700,515700
2001-06-01,44.5000,44.5000,38.3000,40.7800,226900
2001-05-25,42.3000,45.2500,42.0000,44.0300,303500
2001-05-18,41.2200,42.7400,39.5000,42.4500,149300
2001-05-11,43.8800,44.5000,38.6500,41.2200,197300
2001-05-04,40.1500,44.0900,39.0400,42.6500,535900
2001-04-27,41.7200,41.7200,37.5100,39.0800,339000
2001-04-20,33.0000,47.6000,30.3500,41.7200,1299500
2001-04-12,35.5000,39.1000,27.8500,33.2800,829300
2001-04-06,30.0600,37.5000,30.0000,35.9400,855900
2001-03-30,36.3300,36.6300,27.8100,30.0600,760900
2001-03-23,33.2800,39.0000,32.5000,36.4400,388100
2001-03-16,37.0600,38.6300,32.1300,32.2500,658500
2001-03-09,41.4700,41.5000,39.1900,40.2500,268100
2001-03-02,41.6300,42.8800,40.8800,41.3800,297900
2001-02-23,41.4400,44.5000,38.4400,41.5000,269800
2001-02-16,44.6900,45.5000,40.2500,41.1300,219700
2001-02-09,47.1900,49.5000,44.8800,44.9400,313300
2001-02-02,48.0600,50.1900,44.5200,47.0000,164200
2001-01-26,49.0000,53.7500,44.0000,47.2500,377300
2001-01-19,40.1300,49.0000,39.3800,48.8900,319800
2001-01-12,35.1300,40.2500,33.1300,39.8800,189600
2001-01-05,36.4700,40.0000,31.5000,34.7500,328500
2000-12-29,34.3100,37.0000,28.8800,36.3100,793200
2000-12-22,37.5000,37.5000,33.0000,34.6100,421400
2000-12-15,40.5000,40.8800,36.6300,37.0600,343100
2000-12-08,38.5600,44.3800,38.3800,40.1900,330900
2000-12-01,39.3800,40.1300,35.8800,38.6300,682100
2000-11-24,39.8800,40.6300,38.5000,38.8800,288000
2000-11-17,39.7500,44.3800,37.5000,40.1300,794600
2000-11-10,42.5000,45.0000,40.0600,40.9400,342700
2000-11-03,39.3800,42.5000,37.2500,41.9400,235200
2000-10-27,39.0000,41.0000,35.0000,39.6300,334600
2000-10-20,35.0000,40.1300,34.2500,39.0200,569600
2000-10-13,35.1300,35.8800,33.3800,35.1300,530200
2000-10-06,38.8100,40.0000,34.2500,35.0600,404500
2000-09-29,41.1900,43.0000,34.5000,39.0000,309700
2000-09-22,37.5000,42.0000,35.8100,41.3100,363900
2000-09-15,35.9400,38.1900,35.1300,37.6300,301400
2000-09-08,37.3800,38.3800,31.5000,35.7500,872200
2000-09-01,41.6900,44.6900,36.6900,38.3800,451200
2000-08-25,43.2500,44.5000,40.0000,41.9400,189200
2000-08-18,42.2500,43.8800,40.1300,42.8100,87300
2000-08-11,46.4100,46.4100,39.3800,42.6300,111800
2000-08-04,41.5000,46.2500,39.2500,46.1300,360500
2000-07-28,44.7500,48.0000,37.2500,41.6300,419600
2000-07-21,44.8800,49.0000,41.8800,44.1300,504900
2000-07-14,38.3800,44.5000,36.7500,44.5000,731300
2000-07-07,33.2500,39.5000,30.9400,38.6300,642500
2000-06-30,45.2500,45.2500,32.5000,33.1900,1117400
2000-06-23,47.2500,49.0000,41.1300,43.0000,479100
2000-06-16,53.4100,53.6300,43.8900,47.2500,277500
2000-06-09,55.5000,58.5600,52.5000,53.5000,191900
2000-06-02,54.6300,60.0000,48.8100,57.5300,225300
2000-05-26,60.4400,65.0000,50.7500,53.8800,339100
2000-05-19,57.0000,64.0000,56.1900,60.7500,374500
2000-05-12,57.0600,60.2500,53.8800,56.6300,344500
2000-05-05,48.3100,58.8600,46.6900,57.0600,399500
2000-04-28,43.6300,48.0000,38.3800,45.8800,371300
2000-04-20,24.2500,45.5000,24.2500,44.8800,458500
2000-04-14,52.0300,52.1900,30.9400,34.8800,410500
2000-04-07,61.0900,62.5000,41.0000,52.2500,409300
2000-03-31,69.3800,72.1300,56.5000,62.5000,511100
2000-03-24,56.5000,70.0000,53.7500,66.5600,662900
2000-03-17,119.5000,130.4000,48.7500,56.2500,453600
2000-03-10,128.3000,134.0000,115.1000,122.9000,288400
2000-03-03,113.9000,125.0000,106.0000,121.1000,426500
2000-02-25,115.5000,117.1000,109.0000,113.0000,219700
2000-02-18,134.8000,134.9000,115.6000,115.6000,337200
2000-02-11,96.6300,131.8000,96.6300,130.0000,655000
2000-02-04,87.6900,97.7500,73.0000,96.7500,268500
2000-01-28,80.7500,101.8000,80.7500,89.6300,157000
2000-01-21,90.5000,94.5000,79.6300,82.0000,167500
2000-01-14,99.0000,106.6000,88.1900,91.2500,163500
