timestamp,open,high,low,close,volume
2018-02-27,2.7800,2.9100,2.7200,2.8400,109550
2018-02-23,2.7300,2.9700,2.7000,2.7300,165476
2018-02-16,2.5200,2.8690,2.5200,2.7200,97522
2018-02-09,2.8000,2.8100,2.4600,2.5000,235004
2018-02-02,2.7100,2.8300,2.7000,2.7800,208623
2018-01-26,2.6700,2.8300,2.6000,2.7400,260293
2018-01-19,2.7600,2.7600,2.5900,2.6400,104509
2018-01-12,2.6500,2.7900,2.5200,2.7100,209240
2018-01-05,2.8000,2.9200,2.6000,2.6700,395991
2017-12-29,2.4700,2.8200,2.4700,2.7500,437574
2017-12-22,2.5800,2.6500,2.4400,2.4600,619003
2017-12-15,2.6000,2.7100,2.4400,2.4800,550536
2017-12-08,2.7000,2.7000,2.5000,2.6100,394706
2017-12-01,2.7300,2.8200,2.6100,2.6800,561080
2017-11-24,2.7300,2.8300,2.6500,2.7500,262925
2017-11-17,2.7500,2.9190,2.5600,2.7500,702048
2017-11-10,2.9200,3.1600,2.4800,2.7300,1383733
2017-11-03,3.3100,3.3500,2.7800,2.9000,1025350
2017-10-27,3.2500,3.4200,3.0100,3.2900,1160990
2017-10-20,3.4000,3.4100,2.7800,3.1700,4461138
2017-10-13,3.8000,4.3500,3.5200,3.5300,415757
2017-10-06,3.6600,3.7800,3.4500,3.7800,209390
2017-09-29,3.3700,3.7500,3.3100,3.6900,200488
2017-09-22,3.6080,3.6800,3.3200,3.3700,156723
2017-09-15,3.7100,3.7900,3.4350,3.5500,186601
2017-09-08,3.8390,3.8390,3.6300,3.6400,74155
2017-09-01,3.9500,4.1200,3.7400,3.8000,276772
2017-08-25,3.6100,4.1200,3.5400,3.9900,143553
2017-08-18,3.7200,3.8400,3.3500,3.6100,105573
2017-08-11,3.1400,3.8700,3.0100,3.5000,276546
2017-08-04,3.3300,3.4200,3.1000,3.1200,232023
2017-07-28,3.5600,3.7300,3.2300,3.3600,305470
2017-07-21,3.7100,3.7900,3.1500,3.6300,302555
2017-07-14,3.9900,4.0000,3.6600,3.7500,134945
2017-07-07,3.8000,3.9900,3.7400,3.9600,96680
2017-06-30,3.6400,3.9900,3.6270,3.8400,173644
2017-06-23,3.3000,3.6700,3.2600,3.5900,134405
2017-06-16,3.3400,3.4600,3.1700,3.2800,415768
2017-06-09,3.5200,3.5500,3.2000,3.3400,300034
2017-06-02,3.6900,3.9350,3.4000,3.4800,324970
2017-05-26,3.7400,3.7500,3.5000,3.6500,231177
2017-05-19,3.8000,3.8500,3.6000,3.7800,270490
2017-05-12,4.1400,4.3080,3.6600,3.7500,390059
2017-05-05,4.3600,4.4200,4.1000,4.1200,184574
2017-04-28,4.4800,4.6000,4.2300,4.4100,252716
2017-04-21,4.5000,4.7700,4.3100,4.3250,134537
2017-04-13,4.6000,4.8000,4.5300,4.5500,73871
2017-04-07,4.7150,4.9300,4.5000,4.5600,231862
2017-03-31,4.4300,4.9000,4.3100,4.7400,431231
2017-03-24,5.0000,5.2850,4.3550,4.4400,322701
2017-03-17,5.9600,6.0900,4.9000,5.0000,547282
2017-03-10,6.3640,6.7000,5.9400,5.9600,131898
2017-03-03,6.4500,6.7000,6.2500,6.3400,132609
2017-02-24,6.1000,6.5100,5.7380,6.5000,274039
2017-02-17,6.0900,6.3000,5.9350,6.1000,151588
2017-02-10,5.9900,6.3250,5.7320,6.1600,77617
2017-02-03,6.5900,6.6000,5.9200,6.0100,88246
2017-01-27,6.4300,6.7300,6.3400,6.6500,87709
2017-01-20,6.7400,6.7550,6.2300,6.4300,106851
2017-01-13,6.6600,6.8800,6.2700,6.7100,261824
2017-01-06,6.9000,6.9000,6.5100,6.6500,118744
2016-12-30,6.6100,6.9400,6.5800,6.9300,187108
2016-12-23,6.2900,6.7000,6.0700,6.6600,199414
2016-12-16,6.8900,7.3900,6.1400,6.2900,395144
2016-12-09,6.2000,7.1700,6.2000,6.9900,544842
2016-12-02,6.0200,6.3000,5.9000,6.2200,280754
2016-11-25,5.7000,6.1100,5.7000,6.0000,349738
2016-11-18,5.4000,5.7000,5.3000,5.7000,383887
2016-11-11,4.6500,5.5699,4.3000,5.3700,461757
2016-11-04,4.7200,4.9900,4.5500,4.6000,220273
2016-10-28,5.6000,5.6100,4.6300,4.7000,290302
2016-10-21,5.5000,5.7850,5.3600,5.5400,138045
2016-10-14,5.7000,5.9000,5.1000,5.5400,284819
2016-10-07,5.8700,6.2870,5.5500,5.7300,540807
2016-09-30,5.9300,6.0599,5.6100,5.8300,237504
2016-09-23,5.6700,6.1400,5.4700,5.9900,353641
2016-09-16,5.0400,5.7200,5.0400,5.7000,405776
2016-09-09,5.2300,5.3300,4.9700,5.1500,162907
2016-09-02,5.0600,5.2700,4.9500,5.2300,127037
2016-08-26,4.7200,5.2490,4.7200,5.0500,271570
2016-08-19,4.4100,4.9700,4.2400,4.8100,635062
2016-08-12,4.9800,5.0300,4.2000,4.2500,423291
2016-08-05,5.1000,5.1000,4.8600,4.9400,278008
2016-07-29,5.2500,5.4400,4.9000,4.9500,297694
2016-07-22,5.1400,5.3400,5.0200,5.2400,224208
2016-07-15,4.8900,5.2400,4.8400,5.1400,453718
2016-07-08,4.9200,5.0763,4.4800,4.8500,595745
2016-07-01,4.9000,5.1000,4.8500,4.9600,685923
2016-06-24,5.3100,5.3300,4.9100,4.9300,474092
2016-06-17,5.5300,5.5400,5.0700,5.2200,1094044
2016-06-10,5.9100,6.2600,5.3400,5.5100,1312552
2016-06-03,5.9400,6.2600,5.4000,5.8900,744412
2016-05-27,5.7550,6.1700,5.7100,5.9300,451547
2016-05-20,6.0200,6.3400,5.5000,5.8600,769456
2016-05-13,7.9600,8.2200,5.8300,6.0000,1430422
2016-05-06,8.3300,8.3800,7.8300,7.9500,286373
2016-04-29,8.1500,8.4000,7.8800,8.3500,405675
2016-04-22,8.0800,8.3800,7.9500,8.2500,392972
2016-04-15,8.0700,8.2000,7.7300,8.1600,829936
2016-04-08,8.0900,8.2399,7.8400,8.0800,556781
2016-04-01,8.2900,8.3200,7.9800,8.1400,685300
2016-03-24,8.2300,8.5400,8.0532,8.2600,616497
2016-03-18,9.1100,9.1900,7.9100,8.3000,1516804
2016-03-11,8.9300,9.4200,8.3100,9.0500,1107393
2016-03-04,8.8300,9.1000,8.7100,8.9300,748339
2016-02-26,8.7500,9.2200,8.4200,8.8000,1401685
2016-02-19,6.8800,8.7200,6.8000,8.6400,907823
2016-02-12,7.5000,8.2300,6.7100,6.7200,810721
2016-02-05,7.2500,8.0000,7.1350,7.4200,442040
2016-01-29,7.6600,7.7900,7.0100,7.3400,628132
2016-01-22,6.6500,7.7500,6.3200,7.6600,356922
2016-01-15,7.1000,7.1000,6.1800,6.6100,310687
2016-01-08,6.7500,7.2528,6.6100,7.0600,171654
2015-12-31,7.2600,7.4400,6.5500,7.0400,238799
2015-12-24,7.0200,7.4400,6.8000,7.3600,152778
2015-12-18,7.0400,7.1915,6.8700,7.0000,277472
2015-12-11,7.4900,7.4900,6.9969,7.0050,182023
2015-12-04,6.8600,7.6900,6.8000,7.4200,301643
2015-11-27,6.5200,6.8900,6.5200,6.8600,114874
2015-11-20,6.1200,6.7800,5.9600,6.4800,182709
2015-11-13,6.2569,6.9500,6.1400,6.1800,274917
2015-11-06,6.5100,6.8800,6.4300,6.4500,151577
2015-10-30,6.2900,6.4600,5.8900,6.2600,341012
2015-10-23,6.7000,6.9300,6.1500,6.3200,177832
2015-10-16,6.6700,6.8500,6.3200,6.7300,203290
2015-10-09,5.7300,6.7800,5.7300,6.6200,392249
2015-10-02,5.2000,5.7800,5.0200,5.7400,366340
2015-09-25,5.3200,5.3400,5.1450,5.2300,280935
2015-09-18,5.3200,5.4800,5.2200,5.3200,162607
2015-09-11,5.3000,5.6000,5.2200,5.3100,165420
2015-09-04,5.2500,5.5700,5.0900,5.2400,178789
2015-08-28,4.5100,5.3400,4.5100,5.3200,309941
2015-08-21,5.5200,5.6400,4.5800,4.7000,593471
2015-08-14,5.6600,6.0200,5.2600,5.5300,328862
2015-08-07,5.7950,5.9000,5.3600,5.6300,329839
2015-07-31,5.0700,5.8600,5.0000,5.7700,516910
2015-07-24,4.9500,5.4600,4.5600,5.0500,590386
2015-07-17,4.5100,4.9100,4.4600,4.8700,300353
2015-07-10,4.7500,4.8200,4.1200,4.4500,736059
2015-07-02,5.2500,5.2500,4.6800,4.7300,490590
2015-06-26,5.4000,5.5440,5.1200,5.2500,2919481
2015-06-19,5.6600,5.7500,5.2300,5.3700,641802
2015-06-12,5.5500,5.6800,5.3000,5.6000,425022
2015-06-05,5.4500,5.7000,5.2100,5.4700,426438
2015-05-29,5.4000,5.4500,5.2100,5.4000,352366
2015-05-22,5.2200,5.5000,5.1700,5.4200,522874
2015-05-15,5.1900,5.3500,4.9210,5.2200,410834
2015-05-08,5.5200,5.5300,5.0800,5.3000,412576
2015-05-01,5.7100,5.7700,5.4100,5.5000,321751
2015-04-24,5.6900,5.9400,5.6000,5.7300,292937
2015-04-17,5.7400,6.0200,5.5900,5.7100,457373
2015-04-10,5.7700,5.8960,5.6700,5.7100,430146
2015-04-02,5.7400,5.9960,5.6700,5.7800,376112
2015-03-27,5.7800,6.0300,5.6400,5.7200,501526
2015-03-20,5.9300,6.4000,5.1700,5.7600,842154
2015-03-13,6.1900,6.2720,5.7920,5.9000,251593
2015-03-06,5.7100,6.4330,5.5000,6.1600,440463
2015-02-27,5.7500,6.1300,5.5600,5.7000,413728
2015-02-20,6.3400,6.4900,5.5500,5.7500,421489
2015-02-13,6.3500,6.5300,6.0000,6.2900,256503
2015-02-06,6.1200,6.7600,6.0300,6.4000,934156
2015-01-30,6.2600,6.3550,6.0400,6.1000,566216
2015-01-23,6.3500,6.4920,6.0100,6.3100,747302
2015-01-16,6.9900,7.2500,6.5000,6.5500,349386
2015-01-09,7.2300,7.3600,6.6300,7.0100,326917
2015-01-02,7.3700,7.5700,7.1900,7.2600,216748
2014-12-26,7.4000,7.5400,7.0200,7.3900,131401
2014-12-19,7.3900,7.5920,6.9700,7.4000,401070
2014-12-12,7.7600,7.8400,7.2200,7.3700,258202
2014-12-05,7.3500,7.8600,7.1350,7.8100,242331
2014-11-28,7.2360,7.7800,7.1200,7.4100,154264
2014-11-21,7.0200,7.2900,6.9300,7.1000,246657
2014-11-14,8.1000,8.6400,6.9300,7.0200,611349
2014-11-07,8.2200,8.3000,7.0900,8.0700,283941
2014-10-31,7.2400,8.6000,6.9000,8.1800,510838
2014-10-24,6.2800,7.2900,6.2800,7.2700,302489
2014-10-17,6.1200,6.7460,5.7300,6.3000,391942
2014-10-10,7.0400,7.1100,6.1000,6.1200,552792
2014-10-03,7.1300,7.5500,6.9600,7.0900,430474
2014-09-26,7.1900,7.5900,6.9100,7.2400,287559
2014-09-19,6.9100,7.9500,6.6101,7.2100,517700
2014-09-12,7.2000,7.2500,6.9000,6.9400,356900
2014-09-05,7.5000,7.5600,7.1200,7.2200,237900
2014-08-29,7.3200,7.6900,7.2100,7.4100,237300
2014-08-22,7.3000,7.8800,7.0000,7.2800,590100
2014-08-15,6.8800,7.7500,6.6200,7.2600,645200
2014-08-08,6.1500,7.1200,6.1500,6.8300,394100
2014-08-01,6.7900,7.0260,6.0450,6.1300,571200
2014-07-25,7.1900,7.2000,6.6500,6.8100,869800
2014-07-18,7.5800,7.9700,7.0040,7.2000,528300
2014-07-11,8.0800,8.1250,7.3300,7.5000,718200
2014-07-03,8.0300,8.4000,7.8000,8.1400,578700
2014-06-27,9.5200,9.7900,7.7000,7.9400,3609800
2014-06-20,8.9200,9.8800,8.8700,9.4700,680800
2014-06-13,8.8000,9.1700,8.5700,8.8900,463500
2014-06-06,8.2800,9.4000,8.1500,8.7800,734800
2014-05-30,7.1200,8.4800,7.0000,8.3000,528800
2014-05-23,6.7800,7.4300,6.5100,7.0900,768100
2014-05-16,7.8500,7.9500,6.4300,6.8200,1836000
2014-05-09,8.5200,8.5600,7.7100,7.8600,803700
2014-05-02,9.6600,9.9900,8.3700,8.5100,506300
2014-04-25,10.1500,10.2800,9.3900,9.6700,332300
2014-04-17,9.5600,9.9700,8.9500,9.9100,403400
2014-04-11,9.5300,10.4340,9.2700,9.5400,466400
2014-04-04,10.5600,11.0500,9.3100,9.5300,1862900
2014-03-28,11.1600,11.3400,10.2120,10.5000,749700
2014-03-21,10.1700,11.3400,9.9600,11.0800,656800
2014-03-14,9.5000,10.3900,9.3000,9.9900,1246400
2014-03-07,8.6900,9.0700,8.5000,8.7300,409200
2014-02-28,8.3447,8.8000,7.7800,8.7300,669300
2014-02-21,8.7000,8.7050,8.1000,8.6300,482400
2014-02-14,8.3600,9.4200,8.3500,8.7400,567300
2014-02-07,8.9000,9.4100,8.4300,8.5000,1032700
2014-01-31,8.6900,8.9500,8.0800,8.8100,813500
2014-01-24,8.9500,9.3500,8.3100,8.6900,480200
2014-01-17,7.7700,9.1500,7.6700,8.9400,973600
2014-01-10,6.7400,7.9200,6.6000,7.7700,1127100
2014-01-03,6.2000,6.5800,6.1601,6.4900,143500
2013-12-27,6.2100,6.2800,6.0000,6.1500,189900
2013-12-20,6.3100,6.4200,6.0700,6.2500,328000
2013-12-13,6.4500,6.4500,6.1600,6.3500,672900
2013-12-06,6.3000,6.5700,6.0100,6.4500,984100
2013-11-29,6.0100,6.2900,6.0100,6.2900,414500
2013-11-22,5.6900,6.1200,5.6100,6.0500,311500
2013-11-15,5.6400,5.7200,5.0500,5.6800,1035600
2013-11-08,5.6500,5.7800,5.5600,5.6000,138400
2013-11-01,5.7100,5.8000,5.5800,5.6800,347900
2013-10-25,5.7400,5.8000,5.5900,5.6900,290300
2013-10-18,5.6800,5.9000,5.5600,5.7500,895100
2013-10-11,5.6600,5.7600,5.5000,5.6700,255800
2013-10-04,5.7500,5.8500,5.5900,5.6500,379700
2013-09-27,5.4800,5.9600,5.4300,5.7200,376800
2013-09-20,5.7500,5.8199,5.3400,5.4200,264800
2013-09-13,5.8900,6.0100,5.5000,5.7400,337800
2013-09-06,6.0000,6.0775,5.5100,5.8900,161800
2013-08-30,5.7500,6.0000,5.6700,6.0000,159800
2013-08-23,6.2500,6.4000,5.6100,5.7000,408500
2013-08-16,5.4800,6.2500,5.4150,6.2300,418200
2013-08-09,5.4399,5.6800,5.2600,5.4700,161400
2013-08-02,5.5100,5.5400,5.0000,5.3600,341200
2013-07-26,5.7600,5.7600,5.3500,5.5000,208900
2013-07-19,5.8400,6.1400,5.6400,5.7100,624500
2013-07-12,5.2400,5.9500,5.2000,5.8800,417000
2013-07-05,5.7200,5.7200,5.2000,5.2800,170600
2013-06-28,5.3600,5.8500,5.2200,5.5500,337700
2013-06-21,5.3800,5.5300,5.1400,5.4100,281300
2013-06-14,5.4000,5.5900,5.3000,5.4000,276800
2013-06-07,5.8000,5.8000,5.2800,5.4000,257400
2013-05-31,5.4900,5.8900,5.4900,5.8300,326300
2013-05-24,5.5500,5.6990,5.4100,5.5300,314600
2013-05-17,5.7099,5.9200,5.5100,5.6300,235100
2013-05-10,5.8500,6.0000,5.1500,5.6100,223300
2013-05-03,5.9000,6.1500,5.5400,5.8900,477100
2013-04-26,5.5000,5.8982,5.1500,5.8300,298600
2013-04-19,5.3000,5.7400,5.2400,5.4500,507100
2013-04-12,5.0500,5.3600,4.8900,5.3500,1977900
2013-04-05,5.0500,5.1400,4.6000,4.9900,114700
2013-03-28,4.8600,5.0500,4.8000,5.0340,90900
2013-03-22,5.2100,5.2500,4.8000,4.8100,290900
2013-03-15,5.2500,5.4500,5.0900,5.2200,119400
2013-03-08,5.4800,5.7400,5.1500,5.3100,108100
2013-03-01,5.5200,5.5800,5.3000,5.4200,168700
2013-02-22,5.3300,6.0000,5.3300,5.5100,398800
2013-02-15,5.4400,5.5100,5.3300,5.4500,125500
2013-02-08,5.5000,5.6000,5.4000,5.4000,228400
2013-02-01,5.7500,5.8000,5.2500,5.5100,208700
2013-01-25,5.9200,5.9200,5.5300,5.7100,121600
2013-01-18,5.6500,5.9400,5.5100,5.9200,173500
2013-01-11,5.7500,5.8000,5.6000,5.6700,151700
2013-01-04,5.5000,5.8000,5.4300,5.7500,65600
2012-12-28,5.6200,5.7087,5.4500,5.4700,85500
2012-12-21,5.6000,5.9000,5.4500,5.8000,113700
2012-12-14,5.8000,5.9200,5.4400,5.7500,149400
2012-12-07,5.7300,5.9000,5.2500,5.9000,221800
2012-11-30,5.8000,6.2000,5.2000,5.6400,497700
2012-11-23,4.6900,5.5500,4.6100,5.5500,55500
2012-11-16,4.9200,4.9900,4.3400,4.6400,122800
2012-11-09,5.2500,5.4600,4.8400,4.8700,114900
2012-11-02,5.5600,5.5800,5.0200,5.2500,78000
2012-10-26,5.8400,5.8400,5.3900,5.4200,86800
2012-10-19,5.8900,6.2500,5.6000,5.8200,161800
2012-10-12,6.3000,6.4000,5.7600,5.9500,249700
2012-10-05,5.2700,6.3000,4.9000,6.3000,333500
2012-09-28,5.4300,5.4300,5.0600,5.2200,202000
2012-09-21,5.9900,5.9900,5.1600,5.4400,149300
2012-09-14,6.0100,6.1900,5.6600,5.8700,128800
2012-09-07,6.1000,6.9000,5.9000,6.0400,158800
2012-08-31,6.0400,6.7900,5.3500,6.4000,645100
2012-08-24,7.2400,7.2900,6.1000,6.1100,211600
2012-08-17,7.2000,7.3900,7.0200,7.3300,226300
2012-08-10,6.9700,7.1500,6.8700,7.1500,194900
2012-08-03,6.7000,7.0000,6.6500,6.9400,37300
2012-07-27,7.0000,7.4799,6.6500,6.7692,186300
2012-07-20,6.2500,6.9500,6.2500,6.9499,113900
2012-07-13,5.9600,6.5000,5.9600,6.2511,156700
2012-07-06,5.7200,6.0000,5.6500,6.0000,33000
2012-06-29,6.0000,6.2000,5.5400,5.7100,146700
2012-06-22,4.8900,7.0000,4.7500,6.0400,358800
2012-06-15,4.5500,4.8000,4.4600,4.7000,119900
2012-06-08,4.4900,4.9399,4.3500,4.8000,67200
2012-06-01,4.7300,4.8000,4.2801,4.4900,50400
2012-05-25,4.9700,5.0000,4.4500,4.7900,75600
2012-05-18,4.6500,5.2000,4.6500,4.9300,116300
2012-05-11,4.1000,4.8510,3.9500,4.6500,170800
2012-05-04,4.0000,4.2700,3.8100,4.1000,97700
2012-04-27,4.1500,4.1600,3.9300,4.0000,64400
2012-04-20,4.6700,4.6700,3.8610,4.0100,119000
2012-04-13,4.6500,4.8200,4.5000,4.5000,47900
2012-04-05,4.8600,4.9500,4.6100,4.7300,56100
2012-03-30,4.8810,5.1900,4.6500,4.8600,96500
2012-03-23,4.7400,5.0000,4.6600,4.8700,89300
2012-03-16,4.8500,5.0500,4.6300,4.6300,100300
2012-03-09,4.9900,5.2500,4.6800,4.7000,84100
2012-03-02,4.9900,5.8800,4.6000,4.9700,420400
2012-02-24,6.2500,6.2500,4.6000,5.0500,166120
2012-02-17,0.2000,6.5000,0.2000,6.2500,15201
2012-02-10,0.2100,0.2300,0.1500,0.2000,399000
2012-02-03,0.2100,0.2200,0.1900,0.2100,1215000
2012-01-27,0.1600,0.2100,0.1500,0.2100,1230000
2012-01-20,0.1700,0.1900,0.1500,0.1500,108000
2012-01-13,0.1700,0.1900,0.1600,0.1700,54000
2012-01-06,0.1900,0.1900,0.1500,0.1700,123000
2011-12-30,0.1600,0.1900,0.1500,0.1900,147000
2011-12-23,0.1800,0.1800,0.1400,0.1800,252000
2011-12-16,0.2000,0.2000,0.1600,0.1900,159000
2011-12-09,0.1600,0.2000,0.1600,0.2000,171000
2011-12-02,0.2000,0.2000,0.1600,0.1800,117000
2011-11-25,0.1800,0.2000,0.1400,0.2000,159000
2011-11-18,0.1500,0.2100,0.1400,0.2000,891000
2011-11-11,0.1300,0.1500,0.1200,0.1500,198000
2011-11-04,0.1400,0.1500,0.1200,0.1300,96000
2011-10-28,0.1500,0.1500,0.1200,0.1300,81000
2011-10-21,0.1200,0.1500,0.1200,0.1500,123000
2011-10-14,0.1500,0.1500,0.1400,0.1500,186000
2011-10-07,0.1100,0.1500,0.1000,0.1500,303000
2011-09-30,0.1300,0.1300,0.0800,0.1000,375000
2011-09-23,0.1400,0.1500,0.1300,0.1300,396000
2011-09-16,0.1300,0.1500,0.1300,0.1300,6000
2011-09-09,0.1500,0.1500,0.1300,0.1300,60000
2011-09-02,0.1600,0.1700,0.1000,0.1500,330000
2011-08-26,0.1700,0.1700,0.1500,0.1500,114000
2011-08-19,0.1800,0.1800,0.1500,0.1800,66000
2011-08-12,0.1500,0.1800,0.1000,0.1800,63000
2011-08-05,0.1700,0.1900,0.1500,0.1500,213000
2011-07-29,0.1800,0.1900,0.1700,0.1800,477000
2011-07-22,0.1500,0.2000,0.1500,0.1800,177000
2011-07-15,0.2100,0.2100,0.1800,0.1800,444000
2011-07-08,0.1400,0.2000,0.1400,0.2000,747000
2011-07-01,0.1600,0.1700,0.1400,0.1500,270000
2011-06-24,0.1600,0.1700,0.1500,0.1500,153000
2011-06-17,0.1600,0.1700,0.1500,0.1700,279000
2011-06-10,0.1800,0.1800,0.1300,0.1600,144000
2011-06-03,0.1900,0.1900,0.1800,0.1800,18000
2011-05-27,0.1600,0.1900,0.1600,0.1600,27000
2011-05-20,0.2000,0.2000,0.1300,0.1600,939000
2011-05-13,0.1900,0.2000,0.1700,0.1700,303000
2011-05-06,0.2100,0.2100,0.1400,0.2000,156000
2011-04-29,0.2100,0.2200,0.2000,0.2100,213000
2011-04-21,0.2200,0.2200,0.2000,0.2200,96000
2011-04-15,0.2100,0.2300,0.2100,0.2100,408000
2011-04-08,0.2300,0.2300,0.2000,0.2300,459000
2011-04-01,0.2000,0.2300,0.2000,0.2100,147000
2011-03-25,0.2000,0.2300,0.1800,0.2100,318000
2011-03-18,0.2300,0.2400,0.2000,0.2100,249000
2011-03-11,0.2300,0.2500,0.2200,0.2300,345000
2011-03-04,0.2500,0.2600,0.2300,0.2300,120000
2011-02-25,0.2700,0.2700,0.2200,0.2300,606000
2011-02-18,0.2500,0.2800,0.2300,0.2700,402000
2011-02-11,0.2600,0.2800,0.2400,0.2500,120000
2011-02-04,0.2400,0.2800,0.2200,0.2600,501000
2011-01-28,0.2500,0.2500,0.2400,0.2400,315000
2011-01-21,0.2200,0.2600,0.2200,0.2400,360000
2011-01-14,0.2400,0.2500,0.2400,0.2500,324000
2011-01-07,0.2500,0.2900,0.2400,0.2400,237000
2010-12-31,0.2700,0.2700,0.2400,0.2500,180000
2010-12-23,0.2300,0.2700,0.2200,0.2600,108000
2010-12-17,0.2500,0.2700,0.2000,0.2700,636000
2010-12-10,0.2900,0.2900,0.1300,0.2500,1101000
2010-12-03,0.3000,0.3000,0.2800,0.2900,609000
2010-11-26,0.3200,0.3200,0.2900,0.3000,171000
2010-11-19,0.3000,0.3200,0.3000,0.3100,489000
2010-11-12,0.3200,0.3300,0.2900,0.3000,252000
2010-11-05,0.3200,0.3300,0.2700,0.3200,582000
2010-10-29,0.3600,0.3600,0.2900,0.2900,804000
2010-10-22,0.3100,0.3500,0.2800,0.3400,474000
2010-10-15,0.2500,0.3200,0.2500,0.3000,609000
2010-10-08,0.2300,0.3200,0.2300,0.2500,1389000
2010-10-01,0.2000,0.2300,0.2000,0.2300,276000
2010-09-24,0.1800,0.2100,0.1800,0.2000,444000
2010-09-17,0.2000,0.2000,0.1800,0.1900,294000
2010-09-10,0.2000,0.2000,0.1800,0.1900,111000
2010-09-03,0.2000,0.2000,0.1800,0.2000,78000
2010-08-27,0.2100,0.2200,0.1800,0.2000,222000
2010-08-20,0.2300,0.2500,0.2000,0.2200,570000
2010-08-13,0.1900,0.2300,0.1800,0.2300,1026000
2010-08-06,0.1600,0.2000,0.1600,0.2000,858000
2010-07-30,0.1500,0.1600,0.1500,0.1600,180000
2010-07-23,0.1500,0.1700,0.1400,0.1500,147000
2010-07-16,0.1600,0.1600,0.1300,0.1600,312000
2010-07-09,0.1200,0.1800,0.1200,0.1800,576000
2010-07-02,0.1100,0.1200,0.1000,0.1200,228000
2010-06-25,0.1100,0.1200,0.1000,0.1000,258000
2010-06-18,0.1000,0.1200,0.1000,0.1100,273000
2010-06-11,0.1200,0.1200,0.1000,0.1200,57000
2010-06-04,0.1200,0.1200,0.1000,0.1200,72000
2010-05-28,0.1100,0.1200,0.0600,0.1200,183000
2010-05-21,0.1200,0.1400,0.1000,0.1200,69000
2010-05-14,0.1200,0.1500,0.1000,0.1400,516000
2010-05-07,0.1400,0.1500,0.1100,0.1100,219000
2010-04-30,0.1300,0.1500,0.1300,0.1400,96000
2010-04-23,0.1400,0.1500,0.1300,0.1500,315000
2010-04-16,0.1300,0.1400,0.1100,0.1400,204000
2010-04-09,0.1300,0.1400,0.1000,0.1300,162000
2010-04-01,0.1000,0.1400,0.1000,0.1300,24000
2010-03-26,0.1200,0.1400,0.1100,0.1400,357000
2010-03-19,0.1000,0.1200,0.1000,0.1200,219000
2010-03-12,0.1100,0.1100,0.1000,0.1100,99000
2010-03-05,0.1100,0.1100,0.0900,0.1100,303000
2010-02-26,0.1100,0.1100,0.0900,0.1100,105000
2010-02-19,0.1000,0.1100,0.0700,0.1100,63000
2010-02-12,0.0800,0.1000,0.0800,0.1000,567000
2010-02-05,0.0800,0.0800,0.0700,0.0800,69000
2010-01-29,0.0700,0.0800,0.0700,0.0800,696000
2010-01-22,0.0800,0.0800,0.0700,0.0700,150000
2010-01-15,0.1000,0.1000,0.0800,0.0800,138000
2010-01-08,0.0800,0.1000,0.0700,0.0800,564000
2009-12-31,0.0900,0.0900,0.0600,0.0800,432000
2009-12-24,0.0800,0.0900,0.0700,0.0900,240000
2009-12-18,0.1000,0.1000,0.0600,0.0800,582000
2009-12-11,0.1000,0.1100,0.0900,0.1000,573000
2009-12-04,0.0900,0.1000,0.0800,0.0900,240000
2009-11-27,0.0900,0.0900,0.0800,0.0900,108000
2009-11-20,0.0900,0.1000,0.0900,0.0900,363000
2009-11-13,0.1000,0.1100,0.0900,0.0900,255000
2009-11-06,0.1000,0.1100,0.0700,0.0900,603000
2009-10-30,0.1200,0.1300,0.1000,0.1100,255000
2009-10-23,0.1100,0.1500,0.1100,0.1200,69000
2009-10-16,0.1500,0.1500,0.1100,0.1400,399000
2009-10-09,0.1200,0.1600,0.1000,0.1200,405000
2009-10-02,0.1500,0.1700,0.1100,0.1200,531000
2009-09-25,0.1300,0.1600,0.1300,0.1500,156000
2009-09-18,0.1500,0.1500,0.1300,0.1500,255000
2009-09-11,0.1700,0.1800,0.1500,0.1500,417000
2009-09-04,0.1800,0.1800,0.1500,0.1700,204000
2009-08-28,0.1900,0.2000,0.1200,0.1800,657000
2009-08-21,0.1300,0.2000,0.1300,0.1900,342000
2009-08-14,0.1800,0.2000,0.1000,0.1800,1032000
2009-08-07,0.1800,0.1900,0.1600,0.1900,159000
2009-07-31,0.2100,0.2100,0.1800,0.1800,150000
2009-07-24,0.2000,0.2100,0.1600,0.2100,129000
2009-07-17,0.1900,0.2200,0.1500,0.2100,381000
2009-07-10,0.2400,0.2400,0.1900,0.1900,609000
2009-07-02,0.2400,0.2400,0.2000,0.2400,483000
2009-06-26,0.2300,0.2600,0.2000,0.2300,795000
2009-06-19,0.2400,0.2500,0.2200,0.2300,1170000
2009-06-12,0.1600,0.2400,0.1600,0.2400,1146000
2009-06-05,0.1800,0.1800,0.1400,0.1700,192000
2009-05-29,0.1700,0.2000,0.1500,0.1800,207000
2009-05-22,0.1400,0.1900,0.1400,0.1700,516000
2009-05-15,0.0800,0.1700,0.0700,0.1400,1020000
2009-05-08,0.0800,0.0900,0.0700,0.0700,477000
2009-05-01,0.0700,0.1000,0.0700,0.0800,846000
2009-04-24,0.0700,0.0800,0.0600,0.0700,285000
2009-04-17,0.0700,0.0700,0.0600,0.0700,159000
2009-04-09,0.0800,0.0800,0.0700,0.0800,273000
2009-04-03,0.0700,0.0800,0.0700,0.0700,282000
2009-03-27,0.0700,0.0700,0.0600,0.0700,291000
2009-03-20,0.0700,0.0900,0.0600,0.0600,177000
2009-03-13,0.0700,0.0800,0.0600,0.0600,237000
2009-03-06,0.0800,0.0800,0.0600,0.0700,66000
2009-02-27,0.0800,0.0900,0.0400,0.0800,231000
2009-02-20,0.0700,0.0900,0.0400,0.0800,369000
2009-02-13,0.0800,0.0900,0.0400,0.0700,336000
2009-02-06,0.0800,0.1000,0.0800,0.0900,132000
2009-01-30,0.0900,0.1000,0.0800,0.0800,204000
2009-01-23,0.0900,0.1100,0.0700,0.0800,111000
2009-01-16,0.1000,0.1100,0.0900,0.1000,156000
2009-01-09,0.0900,0.1100,0.0800,0.1000,162000
2009-01-02,0.0900,0.1000,0.0300,0.0900,666000
2008-12-26,0.1000,0.1000,0.0700,0.0900,678000
2008-12-19,0.1200,0.1500,0.1000,0.1000,492000
2008-12-12,0.0800,0.1000,0.0700,0.1000,579000
2008-12-05,0.1100,0.1100,0.0600,0.0900,330000
2008-11-28,0.1100,0.1200,0.0800,0.1100,270000
2008-11-21,0.1500,0.1500,0.0600,0.1000,486000
2008-11-14,0.1600,0.1600,0.1000,0.1300,507000
2008-11-07,0.1500,0.1700,0.1300,0.1600,303000
2008-10-31,0.1600,0.1800,0.1300,0.1400,354000
2008-10-24,0.1500,0.2000,0.1500,0.1600,498000
2008-10-17,0.1800,0.2000,0.1500,0.1500,327000
2008-10-10,0.1800,0.2000,0.1400,0.1400,282000
2008-10-03,0.2200,0.2200,0.1600,0.1700,252000
2008-09-26,0.1800,0.2200,0.1800,0.2200,228000
2008-09-19,0.1900,0.2300,0.1600,0.1900,345000
2008-09-12,0.2100,0.2400,0.1900,0.2200,126000
2008-09-05,0.2300,0.2500,0.2200,0.2300,210000
2008-08-29,0.2400,0.2500,0.2000,0.2300,300000
2008-08-22,0.1900,0.2400,0.1900,0.2400,309000
2008-08-15,0.2100,0.2500,0.1700,0.1900,606000
2008-08-08,0.1800,0.2100,0.1800,0.1800,60000
2008-08-01,0.1800,0.2100,0.1800,0.1800,168000
2008-07-25,0.2100,0.2100,0.1900,0.2000,171000
2008-07-18,0.2200,0.2200,0.1700,0.2100,312000
2008-07-11,0.2000,0.2400,0.2000,0.2200,306000
2008-07-03,0.2000,0.2400,0.1800,0.2200,126000
2008-06-27,0.2300,0.2700,0.2000,0.2200,177000
2008-06-20,0.2200,0.2400,0.2100,0.2300,177000
2008-06-13,0.2600,0.2800,0.2200,0.2200,186000
2008-06-06,0.2800,0.3000,0.2500,0.2800,210000
2008-05-30,0.2800,0.3000,0.2500,0.3000,360000
2008-05-23,0.3800,0.3800,0.2800,0.2800,1056000
2008-05-16,0.3000,0.3800,0.2900,0.3800,1485000
2008-05-09,0.2800,0.3200,0.2500,0.3000,1098000
2008-05-02,0.2300,0.2800,0.2000,0.2600,1062000
2008-04-25,0.2000,0.2300,0.1800,0.2300,492000
2008-04-18,0.2000,0.2000,0.1600,0.1900,1758000
2008-04-11,0.1800,0.2300,0.1600,0.2000,2286000
2008-04-04,0.1900,0.2000,0.1600,0.1800,627000
2008-03-28,0.2100,0.2100,0.1800,0.1900,357000
2008-03-20,0.1900,0.2200,0.1800,0.1900,414000
2008-03-14,0.2200,0.2300,0.2000,0.2000,528000
2008-03-07,0.2300,0.2300,0.2000,0.2200,321000
2008-02-29,0.2400,0.2400,0.1700,0.2200,873000
2008-02-22,0.2400,0.2400,0.2300,0.2400,330000
2008-02-15,0.2400,0.2500,0.2300,0.2500,483000
2008-02-08,0.2500,0.2600,0.2400,0.2400,294000
2008-02-01,0.2500,0.2600,0.2400,0.2400,225000
2008-01-25,0.2400,0.2800,0.2400,0.2500,444000
2008-01-18,0.2600,0.3400,0.2400,0.2900,519000
2008-01-11,0.2400,0.2700,0.2200,0.2500,345000
2008-01-04,0.2300,0.2700,0.2200,0.2400,129000
2007-12-28,0.2700,0.2800,0.2300,0.2300,270000
2007-12-21,0.2600,0.3000,0.2400,0.3000,897000
2007-12-14,0.2800,0.2800,0.2200,0.2600,216000
2007-12-07,0.2900,0.3100,0.2300,0.2800,324000
2007-11-30,0.2800,0.3200,0.2200,0.3100,468000
2007-11-23,0.3100,0.3400,0.2800,0.3400,231000
2007-11-16,0.3200,0.3600,0.2200,0.3100,1149000
2007-11-09,0.3800,0.4000,0.3100,0.3200,681000
2007-11-02,0.3800,0.4100,0.3500,0.4000,1221000
2007-10-26,0.3900,0.4000,0.3600,0.3900,231000
2007-10-19,0.3400,0.3900,0.3400,0.3900,318000
2007-10-12,0.3800,0.3900,0.3500,0.3500,597000
2007-10-05,0.3900,0.4000,0.3700,0.3900,201000
2007-09-28,0.3900,0.4000,0.3800,0.3900,258000
2007-09-21,0.3900,0.4100,0.3800,0.4000,519000
2007-09-14,0.3900,0.4100,0.3800,0.4000,246000
2007-09-07,0.4100,0.4100,0.3800,0.4000,588000
2007-08-31,0.4000,0.4100,0.3700,0.3900,1137000
2007-08-24,0.3300,0.4100,0.3200,0.3700,1638000
2007-08-17,0.3300,0.3500,0.3100,0.3200,369000
2007-08-10,0.3200,0.3800,0.3200,0.3300,309000
2007-08-03,0.3300,0.3700,0.3300,0.3400,183000
2007-07-27,0.4000,0.4100,0.3200,0.3400,696000
2007-07-20,0.4000,0.4100,0.3700,0.4000,255000
2007-07-13,0.4100,0.4200,0.3800,0.4000,282000
2007-07-06,0.4000,0.4100,0.3700,0.4100,321000
2007-06-29,0.3800,0.4200,0.3300,0.4000,387000
2007-06-22,0.4000,0.4800,0.3200,0.3800,1617000
2007-06-15,0.2700,0.4200,0.2700,0.4000,1704000
2007-06-08,0.2400,0.2800,0.2100,0.2600,957000
2007-06-01,0.2100,0.2400,0.2000,0.2400,642000
2007-05-25,0.2000,0.2100,0.1600,0.2100,684000
2007-05-18,0.2200,0.2200,0.1800,0.2000,297000
2007-05-11,0.2300,0.2400,0.1500,0.1900,1017000
2007-05-04,0.2600,0.2600,0.2300,0.2300,174000
2007-04-27,0.2400,0.2700,0.2400,0.2500,519000
2007-04-20,0.2600,0.2700,0.2400,0.2500,276000
2007-04-13,0.2400,0.2700,0.2300,0.2600,240000
2007-04-05,0.2600,0.2700,0.2400,0.2400,450000
2007-03-30,0.2700,0.2700,0.2300,0.2500,351000
2007-03-23,0.2300,0.2700,0.2200,0.2700,291000
2007-03-16,0.2400,0.2600,0.2200,0.2400,225000
2007-03-09,0.2600,0.2800,0.2400,0.2400,324000
2007-03-02,0.2800,0.2900,0.2400,0.2600,708000
2007-02-23,0.2700,0.3300,0.2700,0.2900,948000
2007-02-16,0.2500,0.3100,0.2500,0.2700,1026000
2007-02-09,0.2700,0.2900,0.2500,0.2700,387000
2007-02-02,0.2500,0.2800,0.2300,0.2600,732000
2007-01-26,0.2600,0.2900,0.2500,0.2600,342000
2007-01-19,0.2900,0.3000,0.2500,0.2500,375000
2007-01-12,0.2700,0.2900,0.2400,0.2900,660000
2007-01-05,0.2800,0.3000,0.2600,0.2700,249000
2006-12-29,0.3100,0.3100,0.2700,0.2800,330000
2006-12-22,0.2800,0.3200,0.2800,0.3000,585000
2006-12-15,0.3100,0.3200,0.2800,0.3000,417000
2006-12-08,0.3200,0.3300,0.2900,0.3200,669000
2006-12-01,0.3800,0.3800,0.3200,0.3200,861000
2006-11-24,0.3500,0.4000,0.3300,0.3700,333000
2006-11-17,0.3400,0.3600,0.3200,0.3500,246000
2006-11-10,0.3700,0.4000,0.3300,0.3500,324000
2006-11-03,0.4500,0.4800,0.3300,0.4000,285000
2006-10-27,0.3900,0.4400,0.3500,0.4300,600000
2006-10-20,0.3300,0.4000,0.3200,0.3900,909000
2006-10-13,0.3700,0.4000,0.3200,0.3300,219000
2006-10-06,0.4200,0.4200,0.3100,0.3800,453000
2006-09-29,0.3400,0.4300,0.3400,0.3700,636000
2006-09-22,0.4100,0.4200,0.3000,0.3800,423000
2006-09-15,0.3400,0.4200,0.3000,0.4000,486000
2006-09-08,0.3400,0.3500,0.2800,0.3200,783000
2006-09-01,0.4100,0.4200,0.2700,0.3400,1176000
2006-08-25,0.4600,0.4700,0.4100,0.4100,279000
2006-08-18,0.4400,0.5100,0.4200,0.4500,612000
2006-08-11,0.4900,0.5000,0.4200,0.4400,423000
2006-08-04,0.4500,0.5000,0.4200,0.4800,543000
2006-07-28,0.5200,0.5300,0.4300,0.4500,252000
2006-07-21,0.5200,0.5600,0.5200,0.5200,489000
2006-07-14,0.5000,0.5600,0.4900,0.5200,588000
2006-07-07,0.4900,0.5000,0.4500,0.4900,126000
2006-06-30,0.4400,0.5300,0.4300,0.4800,183000
2006-06-23,0.5000,0.5200,0.3900,0.4700,399000
2006-06-16,0.5000,0.5200,0.3200,0.4700,810000
2006-06-09,0.5100,0.5600,0.5000,0.5000,360000
2006-06-02,0.5800,0.6000,0.4800,0.5500,369000
2006-05-26,0.5900,0.6500,0.5400,0.5600,345000
2006-05-19,0.6500,0.6500,0.5700,0.6000,429000
2006-05-12,0.5700,0.6800,0.5400,0.6700,1137000
2006-05-05,0.6500,0.6500,0.5600,0.5600,480000
2006-04-28,0.5100,0.7500,0.5000,0.6900,2061000
2006-04-21,0.5200,0.5500,0.4500,0.4900,573000
2006-04-13,0.4400,0.5200,0.4300,0.5100,456000
2006-04-07,0.5500,0.5800,0.4200,0.4300,1152000
2006-03-31,0.5700,0.6100,0.2200,0.5500,1140000
2006-03-24,0.6500,0.7300,0.5600,0.5700,3429000
2006-03-17,0.3400,0.7500,0.3300,0.6100,5346000
2006-03-10,0.2800,0.3500,0.2400,0.3300,996000
2006-03-03,0.1900,0.3500,0.1600,0.2700,3174000
2006-02-24,0.1700,0.2000,0.1500,0.2000,1788000
2006-02-17,0.1900,0.2000,0.1500,0.1600,1569000
2006-02-10,0.2400,0.2500,0.1600,0.1700,753000
2006-02-03,0.1600,0.3500,0.1400,0.2200,1839000
2006-01-27,0.2000,0.2000,0.1600,0.1800,504000
2006-01-20,0.2300,0.2300,0.1800,0.2000,546000
2006-01-13,0.2300,0.2300,0.2000,0.2300,255000
2006-01-06,0.2200,0.2400,0.2100,0.2300,144000
2005-12-30,0.2200,0.2700,0.2000,0.2200,231000
2005-12-23,0.2200,0.2500,0.1900,0.2500,468000
2005-12-16,0.2100,0.2400,0.2000,0.2100,1086000
2005-12-09,0.2100,0.2800,0.1800,0.2000,588000
2005-12-02,0.2500,0.2800,0.2000,0.2300,549000
2005-11-25,0.2600,0.2900,0.2300,0.2300,243000
2005-11-18,0.3700,0.4100,0.2100,0.2900,453000
2005-11-11,0.3400,0.4000,0.3200,0.3900,282000
2005-11-04,0.4800,0.4800,0.2900,0.3200,858000
2005-10-28,0.2300,0.5000,0.1900,0.4800,1089000
2005-10-21,0.1800,0.2500,0.1500,0.2000,1341000
2005-10-14,0.2000,0.2300,0.1700,0.1700,492000
2005-10-07,0.2000,0.2500,0.1900,0.2000,459000
2005-09-30,0.2100,0.2400,0.2000,0.2200,351000
2005-09-23,0.2100,0.2600,0.2000,0.2300,366000
2005-09-16,0.3500,0.3600,0.2200,0.2500,549000
2005-09-09,0.3100,0.3900,0.2800,0.3400,384000
2005-09-02,0.3500,0.4000,0.3100,0.3200,276000
2005-08-26,0.3500,0.4000,0.3300,0.4000,123000
2005-08-19,0.5000,0.5000,0.3500,0.4100,150000
2005-08-12,0.5300,0.5500,0.3000,0.4300,507000
2005-08-05,0.4800,0.5500,0.4100,0.5100,735000
2005-07-29,0.5000,0.5600,0.4700,0.5000,156000
2005-07-22,0.5100,0.6000,0.4500,0.5300,318000
2005-07-15,0.6300,0.6400,0.4700,0.5100,747000
2005-07-08,0.6100,0.6800,0.6100,0.6100,57000
2005-07-01,0.6600,0.7500,0.6000,0.7000,516000
2005-06-24,0.7500,0.7500,0.6000,0.6600,138000
2005-06-17,0.6500,0.7500,0.5500,0.7500,273000
2005-06-10,0.8000,0.8400,0.6000,0.6500,348000
2005-06-03,0.8500,0.8500,0.6800,0.8200,237000
2005-05-27,0.5400,0.8300,0.4500,0.8300,753000
2005-05-20,0.6100,0.6100,0.4600,0.5400,1005000
2005-05-13,0.6500,0.6600,0.5900,0.6100,258000
2005-05-06,0.5900,0.6900,0.5500,0.6800,129000
2005-04-29,0.7000,0.7100,0.5100,0.5900,366000
2005-04-22,0.7100,0.7200,0.6700,0.7000,441000
2005-04-15,0.8200,0.8500,0.7000,0.7000,216000
2005-04-08,0.8400,0.8600,0.7700,0.8200,177000
2005-04-01,0.9100,0.9100,0.7700,0.8000,81000
2005-03-24,0.9400,0.9400,0.8400,0.9100,186000
2005-03-18,0.9500,0.9500,0.8500,0.9300,117000
2005-03-11,0.9000,1.0100,0.9000,0.9500,285000
2005-03-04,0.9300,0.9700,0.8500,0.9300,72000
2005-02-25,0.8800,0.9500,0.8700,0.8700,129000
2005-02-18,0.9100,0.9900,0.8700,0.9200,150000
2005-02-11,0.7900,1.0200,0.7900,0.9500,693000
2005-02-04,0.7500,0.8100,0.7500,0.7900,204000
2005-01-28,0.7700,0.8000,0.7500,0.7500,81000
2005-01-21,0.7900,0.8000,0.7600,0.7700,90000
2005-01-14,0.7600,0.8400,0.7500,0.7700,87000
2005-01-07,0.8500,0.8700,0.7500,0.8400,78000
2004-12-31,0.7800,0.8500,0.7200,0.8500,216000
2004-12-23,0.8300,0.9700,0.7200,0.7700,174000
2004-12-17,0.8800,0.9700,0.7700,0.8000,213000
2004-12-10,0.9500,0.9500,0.8500,0.9200,117000
2004-12-03,1.0100,1.0100,0.7500,0.9500,339000
2004-11-26,1.0000,1.0200,0.9200,0.9500,210000
2004-11-19,1.0200,1.0300,0.9000,1.0200,273000
2004-11-12,1.0100,1.0700,0.9100,1.0200,744000
2004-11-05,0.8000,1.0200,0.7300,0.9800,483000
2004-10-29,0.8100,0.8100,0.6900,0.7000,66000
2004-10-22,0.7200,0.7800,0.6900,0.7400,135000
2004-10-15,0.7800,0.8000,0.6900,0.7200,54000
2004-10-08,0.7100,0.7800,0.6200,0.7500,348000
2004-10-01,0.7200,0.8000,0.6800,0.7800,93000
2004-09-24,0.7600,0.8100,0.7200,0.7500,72000
2004-09-17,0.7600,0.8500,0.7600,0.7900,48000
2004-09-10,0.8500,0.8500,0.7700,0.8000,84000
2004-09-03,0.7900,0.8500,0.7700,0.8300,48000
2004-08-27,0.8500,0.8600,0.7800,0.8400,99000
2004-08-20,0.8000,0.8600,0.7800,0.8500,189000
2004-08-13,0.8500,0.8500,0.7800,0.8500,21000
2004-08-06,0.7500,0.9200,0.7500,0.8500,147000
2004-07-30,0.8200,0.8700,0.7100,0.8500,78000
2004-07-23,0.6500,0.8600,0.6100,0.8600,51000
2004-07-16,0.7200,0.8000,0.6500,0.7700,39000
2004-07-09,0.8000,0.8300,0.7500,0.8000,42000
2004-07-02,0.8400,0.8600,0.7700,0.7700,42000
2004-06-25,0.8200,0.8800,0.7800,0.7800,165000
2004-06-18,0.7000,0.8100,0.6500,0.8000,198000
2004-06-10,0.7200,0.7600,0.6800,0.7200,105000
2004-06-04,0.7000,0.8500,0.7000,0.7400,84000
2004-05-28,0.8500,0.8600,0.6600,0.8500,39000
2004-05-21,0.8200,0.8600,0.7700,0.7900,51000
2004-05-14,0.8400,0.9000,0.7000,0.8500,174000
2004-05-07,0.8700,0.9500,0.8100,0.9000,48000
2004-04-30,0.8900,0.9200,0.8500,0.8700,228000
2004-04-23,0.9200,0.9200,0.8800,0.9000,90000
2004-04-16,0.8300,0.9200,0.8000,0.9100,147000
2004-04-08,0.8900,0.9200,0.8300,0.8500,75000
2004-04-02,0.8800,0.9200,0.8300,0.8800,30000
2004-03-26,0.8500,0.9800,0.8500,0.8600,36000
2004-03-19,0.9500,0.9800,0.8500,0.9000,54000
2004-03-12,0.9000,1.0000,0.8500,0.9200,54000
2004-03-05,0.9500,0.9500,0.8500,0.9000,102000
2004-02-27,0.9700,1.0000,0.9000,0.9300,93000
2004-02-20,0.9700,1.0100,0.9700,0.9800,30000
2004-02-13,1.0000,1.0800,0.9300,1.0400,69000
2004-02-06,0.9900,1.0600,0.9200,0.9800,156000
2004-01-30,1.0000,1.0900,0.9000,0.9900,381000
2004-01-23,0.9300,1.0000,0.9000,0.9800,99000
2004-01-16,0.9100,1.0200,0.8300,0.9500,375000
2004-01-09,0.9700,1.0400,0.8500,1.0100,240000
2004-01-02,1.0100,1.0500,0.8500,1.0000,339000
2003-12-26,1.0800,1.0900,1.0100,1.0100,213000
2003-12-19,0.8700,1.0500,0.8700,1.0300,474000
2003-12-12,0.7800,0.9500,0.7800,0.9500,171000
2003-12-05,0.8500,0.8500,0.7300,0.7800,219000
2003-11-28,0.8900,1.0000,0.8500,0.8600,108000
2003-11-21,1.0100,1.0100,0.9000,0.9500,192000
2003-11-14,0.8300,1.0100,0.8200,1.0000,150000
2003-11-07,1.0300,1.0300,0.8200,0.9000,195000
2003-10-31,0.4800,1.0400,0.4500,1.0100,966000
2003-10-24,0.6900,0.6900,0.4400,0.4600,528000
2003-10-17,0.3800,0.7500,0.3600,0.6900,1065000
2003-10-10,0.2400,0.3900,0.2400,0.3700,315000
2003-10-03,0.3000,0.3000,0.2400,0.2400,147000
2003-09-26,0.2500,0.3100,0.2200,0.3000,318000
2003-09-19,0.2600,0.3100,0.2400,0.2600,210000
2003-09-12,0.2500,0.3000,0.2500,0.2600,216000
2003-09-05,0.2200,0.2900,0.2200,0.2900,87000
2003-08-29,0.2600,0.2600,0.2100,0.2200,75000
2003-08-22,0.2200,0.2700,0.2200,0.2600,63000
2003-08-15,0.2100,0.2400,0.2100,0.2400,69000
2003-08-08,0.2300,0.2400,0.2000,0.2100,0
2003-08-01,0.2400,0.2400,0.2000,0.2400,39000
2003-07-25,0.1800,0.2400,0.1800,0.2400,54000
2003-07-18,0.2200,0.2300,0.1800,0.2000,36000
2003-07-11,0.2000,0.2200,0.1800,0.1900,114000
2003-07-03,0.1800,0.2600,0.1800,0.2200,264000
2003-06-27,0.1900,0.2000,0.1800,0.2000,72000
2003-06-20,0.2100,0.2200,0.1900,0.1900,222000
2003-06-13,0.2400,0.2400,0.1900,0.2200,210000
2003-06-06,0.2000,0.2500,0.1700,0.2500,237000
2003-05-30,0.2400,0.2400,0.2000,0.2200,252000
2003-05-23,0.2800,0.2800,0.2200,0.2200,219000
2003-05-16,0.3600,0.3600,0.2500,0.2800,138000
2003-05-09,0.3700,0.3900,0.2800,0.3300,321000
2003-05-02,0.4000,0.4000,0.3000,0.3400,126000
2003-04-25,0.4000,0.4000,0.3500,0.3800,57000
2003-04-17,0.4300,0.4300,0.3500,0.4000,75000
2003-04-11,0.4000,0.4500,0.3300,0.3900,258000
2003-04-04,0.3900,0.3900,0.3200,0.3700,219000
2003-03-28,0.4100,0.4100,0.3300,0.3900,132000
2003-03-21,0.3200,0.4100,0.3200,0.4100,102000
2003-03-14,0.2600,0.3700,0.2600,0.3200,18000
2003-03-07,0.3100,0.3800,0.2500,0.3700,90000
2003-02-28,0.3700,0.4000,0.3500,0.3700,24000
2003-02-21,0.2000,0.3800,0.2000,0.3700,96000
2003-02-14,0.2100,0.2300,0.2000,0.2000,48000
2003-02-07,0.2000,0.2500,0.2000,0.2200,60000
2003-01-31,0.2200,0.2200,0.2200,0.2200,3000
2003-01-24,0.2000,0.2700,0.2000,0.2500,12000
2003-01-17,0.2300,0.2700,0.2000,0.2000,12000
2003-01-10,0.2600,0.2700,0.2200,0.2700,60000
2003-01-03,0.2800,0.2900,0.2800,0.2800,39000
2002-12-27,0.3000,0.3100,0.2600,0.2900,66000
2002-12-20,0.3400,0.3500,0.3100,0.3100,36000
2002-12-13,0.3400,0.3900,0.3400,0.3400,18000
2002-12-06,0.3400,0.4000,0.3200,0.3400,75000
2002-11-29,0.3300,0.4000,0.3200,0.3400,51000
2002-11-22,0.4100,0.4800,0.3200,0.3300,153000
2002-11-15,0.2000,0.5100,0.2000,0.4800,303000
2002-11-08,0.2000,0.2700,0.2000,0.2000,24000
2002-11-01,0.2100,0.2700,0.2100,0.2700,30000
2002-10-25,0.2500,0.2800,0.2100,0.2100,12000
2002-10-18,0.1700,0.2800,0.1700,0.2800,126000
2002-10-11,0.2100,0.2300,0.1500,0.2300,219000
2002-10-04,0.2200,0.2900,0.2100,0.2100,96000
2002-09-27,0.2400,0.2500,0.2100,0.2200,99000
2002-09-20,0.3000,0.3100,0.2400,0.2400,54000
2002-09-13,0.2900,0.3200,0.2600,0.3000,12000
2002-09-06,0.2900,0.3100,0.2800,0.3000,102000
2002-08-30,0.3500,0.3500,0.2800,0.3000,57000
2002-08-23,0.3200,0.3500,0.2300,0.3100,87000
2002-08-16,0.3000,0.3500,0.2300,0.2700,216000
2002-08-09,0.3800,0.3800,0.3000,0.3000,138000
2002-08-02,0.3700,0.4200,0.3500,0.3800,18000
2002-07-26,0.3500,0.5100,0.3500,0.3700,21000
2002-07-19,0.3600,0.5100,0.3500,0.3500,3000
2002-07-12,0.3500,0.5100,0.3400,0.3600,57000
2002-07-05,0.3400,0.4000,0.3400,0.3700,33000
2002-06-28,0.3800,0.4300,0.3300,0.3500,48000
2002-06-21,0.4300,0.4400,0.3600,0.3600,231000
2002-06-14,0.3800,0.4500,0.3800,0.4100,162000
2002-06-07,0.5000,0.5000,0.3800,0.4100,141000
2002-05-31,0.3500,0.5100,0.3500,0.4300,393000
2002-05-24,0.5500,0.5800,0.3500,0.3600,507000
2002-05-17,0.5700,0.6500,0.5700,0.5800,111000
2002-05-10,0.8300,0.8300,0.5500,0.6100,348000
2002-05-03,0.9000,0.9400,0.8000,0.8000,126000
2002-04-26,1.0100,1.0100,0.8300,0.8300,255000
2002-04-19,0.9500,1.0500,0.9400,1.0300,321000
2002-04-12,0.9500,1.0400,0.8700,1.0000,354000
2002-04-05,1.1400,1.3300,0.9400,1.0100,1590000
2002-03-28,0.9500,1.1100,0.8900,1.1100,534000
2002-03-22,0.7100,0.9400,0.6100,0.9400,450000
2002-03-15,0.6000,1.0800,0.6000,0.7500,1257000
2002-03-08,0.3600,0.5900,0.3500,0.5900,381000
2002-03-01,0.4000,0.4400,0.3800,0.4000,201000
2002-02-22,0.2500,0.4300,0.2300,0.3600,279000
2002-02-15,0.4100,0.4100,0.2100,0.2500,489000
2002-02-08,0.5200,0.5400,0.4000,0.4200,195000
2002-02-01,0.5500,0.5600,0.5300,0.5400,141000
2002-01-25,0.5100,0.5600,0.5100,0.5500,150000
2002-01-18,0.6700,0.6800,0.5300,0.5300,300000
2002-01-11,0.6200,0.6300,0.5900,0.6000,93000
2002-01-04,0.5800,0.6200,0.4700,0.5600,483000
2001-12-28,0.6800,0.7000,0.5300,0.5300,159000
2001-12-21,0.9000,0.9300,0.6100,0.6800,303000
2001-12-14,1.0100,1.0600,0.9300,0.9300,69000
2001-12-07,0.8800,1.0700,0.8300,1.0100,147000
2001-11-30,1.0500,1.0600,0.8500,0.8800,69000
2001-11-23,1.2200,1.2800,1.0400,1.0500,108000
2001-11-16,1.4500,1.4600,1.2100,1.2200,150000
2001-11-09,1.2300,1.4100,1.1000,1.4000,156000
2001-11-02,1.3000,1.4300,1.2500,1.3100,117000
2001-10-26,1.5300,1.6000,1.3000,1.3000,150000
2001-10-19,1.5700,1.6000,1.3900,1.5500,189000
2001-10-12,1.4000,1.5700,1.2000,1.5400,138000
2001-10-05,1.0900,1.5000,0.8500,1.4500,294000
2001-09-28,1.2300,1.2300,1.0800,1.1200,153000
2001-09-21,1.0300,1.2600,1.0200,1.2300,102000
2001-09-10,1.3600,1.3800,1.1500,1.2000,84000
2001-09-07,1.7300,1.7300,1.3800,1.4000,117000
2001-08-31,1.7000,1.7400,1.4700,1.7300,225000
2001-08-24,2.2500,2.2500,1.6500,1.7000,564000
2001-08-17,2.2000,2.7600,2.1300,2.1500,2154000
2001-08-10,2.2700,2.3000,2.0600,2.2000,492000
2001-08-03,2.4800,2.5600,2.1000,2.2800,1044000
2001-07-27,2.1400,2.6300,2.1000,2.4500,1122000
2001-07-20,2.0100,2.5000,1.6000,2.1200,1992000
2001-07-13,1.5300,2.2000,1.0500,1.9800,1038000
2001-07-06,1.2600,1.6000,1.2000,1.5000,132000
2001-06-29,1.2600,1.7700,1.1400,1.3500,408000
2001-06-22,1.1400,1.2500,1.1400,1.2500,42000
2001-06-15,1.1000,1.2200,1.0900,1.1500,108000
2001-06-08,1.6500,1.8500,0.9900,1.2500,156000
2001-06-01,0.9500,1.6000,0.9500,1.6000,150000
2001-05-25,0.4500,1.0200,0.4500,1.0100,231000
2001-05-18,0.0900,0.4500,0.0800,0.4500,60000
2001-05-11,0.0600,0.0900,0.0600,0.0900,90000
2001-05-04,0.0600,0.0800,0.0600,0.0800,135000
2001-04-27,0.0700,0.1200,0.0700,0.0700,195000
2001-04-20,0.0700,0.1000,0.0600,0.0700,240000
2001-04-12,0.0700,0.0800,0.0700,0.0700,210000
2001-04-06,0.0800,0.0800,0.0700,0.0700,105000
2001-03-30,0.0700,0.0900,0.0700,0.0800,435000
2001-03-23,0.0700,0.0800,0.0600,0.0700,45000
2001-03-16,0.0800,0.0900,0.0700,0.0700,60000
2001-03-09,0.0700,0.0900,0.0600,0.0900,300000
2001-03-02,0.0900,0.1700,0.0600,0.0900,825000
2001-02-23,0.1900,0.1900,0.1000,0.1100,180000
2001-02-16,0.1200,0.1300,0.1100,0.1200,15000
2001-02-09,0.1000,0.1600,0.1000,0.1600,60000
2001-02-02,0.1300,0.1800,0.1000,0.1400,540000
2001-01-26,0.1600,0.2100,0.1000,0.1300,300000
2001-01-19,0.1800,0.2400,0.1400,0.1800,270000
2001-01-12,0.1800,0.2200,0.1400,0.1800,135000
2001-01-05,0.3800,0.4400,0.1700,0.2000,1425000
2000-12-29,0.2500,0.3800,0.2200,0.3400,225000
2000-12-22,0.2500,0.4100,0.0300,0.1900,255000
2000-12-15,0.4700,0.4700,0.3800,0.3800,90000
2000-12-08,0.2500,0.4400,0.1900,0.3800,300000
2000-12-01,0.5300,0.5300,0.2500,0.4400,135000
2000-11-24,0.5000,0.5600,0.2500,0.5300,135000
2000-11-17,0.4100,0.5000,0.3400,0.4100,135000
2000-11-10,0.4400,0.5600,0.3800,0.5300,150000
2000-11-03,0.4700,0.5000,0.3100,0.4400,60000
2000-10-27,0.3200,0.5600,0.3200,0.4400,90000
2000-10-20,0.5600,0.6300,0.3100,0.4000,60000
2000-10-13,0.6500,0.6500,0.3800,0.5000,15000
2000-10-06,0.4000,0.5000,0.3500,0.4000,45000
2000-09-29,0.5200,0.6500,0.4200,0.4300,210000
2000-09-22,0.9800,0.9800,0.5200,0.6000,90000
2000-09-15,1.0400,1.1000,0.8800,0.9700,255000
2000-09-08,0.6300,1.2000,0.6300,1.0400,555000
2000-09-01,0.7500,0.7500,0.4500,0.6300,0
2000-08-25,0.6200,0.7500,0.6200,0.7500,0
2000-08-18,0.5500,0.7000,0.4800,0.6000,0
2000-08-11,0.7500,0.7500,0.5500,0.7000,0
2000-08-04,0.7000,0.9000,0.7000,0.7500,15000
2000-07-28,0.9000,0.9000,0.9000,0.9000,0
2000-07-21,0.8300,0.9000,0.6700,0.9000,0
2000-07-14,1.1900,1.1900,0.6700,1.0000,90000
2000-07-07,0.7600,1.2000,0.7600,1.2000,0
2000-06-30,1.1500,1.2500,0.7600,1.1000,90000
2000-06-23,0.9000,1.5000,0.8500,1.0000,90000
2000-06-16,0.8100,0.9000,0.6000,0.9000,15000
2000-06-09,0.7500,1.1500,0.7500,1.0000,0
2000-06-02,0.8000,0.8000,0.7500,0.7500,0
2000-05-26,0.8000,0.8000,0.6300,0.8000,15000
2000-05-19,0.8800,1.0000,0.2500,0.8000,660000
2000-05-12,0.8000,1.0000,0.7000,0.8100,15000
2000-05-05,1.2500,1.3800,0.8000,0.8000,15000
2000-04-28,1.1300,1.2500,1.0000,1.2500,0
2000-04-20,0.7500,1.1300,0.7500,0.8800,0
2000-04-14,0.7500,1.0000,0.7500,0.7500,0
2000-04-07,1.0000,1.2500,0.7500,0.7500,15000
2000-03-31,1.3000,1.4500,0.7500,1.2500,15000
2000-03-24,1.6000,1.6000,0.1600,0.1600,150000
2000-03-17,1.8000,2.7500,0.8800,1.7500,345000
2000-03-10,1.5000,2.5000,1.0000,1.5000,345000
2000-03-03,0.1200,1.0700,0.1200,0.1500,0
2000-02-25,0.1200,0.1200,0.1200,0.1200,1185000
2000-02-18,0.6300,0.6900,0.1200,0.1200,210000
2000-02-11,0.4400,0.6300,0.4400,0.6300,0
2000-02-04,0.6300,0.7500,0.4400,0.6300,30000
2000-01-28,0.6300,0.8800,0.5600,0.6900,240000
2000-01-21,0.0800,0.8800,0.0800,0.7500,855000
2000-01-14,0.1900,0.2800,0.1600,0.1600,45000
