timestamp,open,high,low,close,volume
2018-02-27,174.1500,176.2500,169.0000,169.0000,186241
2018-02-23,167.4500,174.7500,163.1000,174.4500,229000
2018-02-16,160.6500,171.3500,156.5000,169.0500,303239
2018-02-09,151.6000,170.6000,140.6000,159.4000,349718
2018-02-02,159.5500,159.5500,151.1500,151.3500,242515
2018-01-26,164.1500,167.8750,157.3500,159.6000,201468
2018-01-19,164.9500,166.7000,159.3000,164.2000,123651
2018-01-12,157.1500,169.7500,156.6500,163.2500,186531
2018-01-05,153.3000,157.1000,149.8000,156.8500,143674
2017-12-29,148.1500,154.2500,147.0000,152.6000,128759
2017-12-22,146.0000,151.8500,144.4500,148.7000,120814
2017-12-15,146.2000,146.2500,139.5000,145.2000,254001
2017-12-08,154.5000,155.0000,144.3000,146.3500,178296
2017-12-01,149.4500,153.9500,145.3500,153.2000,165817
2017-11-24,147.0500,153.7000,147.0500,149.9500,175364
2017-11-17,144.3000,149.5000,143.7500,147.0500,163696
2017-11-10,151.5000,154.5000,140.0500,145.3500,186503
2017-11-03,156.2000,157.8000,151.3000,151.9000,162964
2017-10-27,154.9000,156.6000,150.2500,155.2500,97778
2017-10-20,153.0500,156.4000,150.5000,154.7500,110398
2017-10-13,151.9000,154.5000,149.0000,152.2500,141389
2017-10-06,147.4000,153.5700,144.6000,151.3500,175701
2017-09-29,139.6500,150.0000,139.0000,147.5500,229738
2017-09-22,138.5500,141.9000,136.2000,139.5500,227877
2017-09-15,135.0000,138.3000,133.7500,137.8000,331680
2017-09-08,135.3500,135.7500,133.3600,134.7000,169149
2017-09-01,129.3000,135.3500,127.7000,134.3000,292549
2017-08-25,124.4500,129.2500,124.0500,128.5000,127199
2017-08-18,127.6500,130.9000,123.1000,123.7000,140202
2017-08-11,136.5500,143.1000,126.0500,126.8000,287938
2017-08-04,128.0500,138.3000,127.9500,136.5000,285122
2017-07-28,130.0500,132.5000,126.5000,127.8000,117078
2017-07-21,131.2000,133.1500,128.5500,130.0500,133375
2017-07-14,129.9000,136.9800,127.6000,131.2500,137708
2017-07-07,129.6000,130.6000,126.1500,130.1000,106165
2017-06-30,131.3000,131.4000,125.9000,129.6500,137870
2017-06-23,130.2500,134.4500,129.4500,131.9500,228769
2017-06-16,118.2500,134.2800,107.0500,131.0500,482096
2017-06-09,116.4000,119.0000,113.1000,117.5500,208973
2017-06-02,109.6000,119.8000,108.0000,116.7000,328434
2017-05-26,110.2000,117.9000,110.2000,110.9500,200871
2017-05-19,117.1000,118.5000,110.4000,111.7000,135081
2017-05-12,118.7500,121.4300,115.6500,116.6500,104295
2017-05-05,119.7500,120.8500,114.6000,118.5000,108642
2017-04-28,118.3000,121.3000,116.3500,118.7500,153614
2017-04-21,115.3000,117.6000,113.4000,116.5000,179653
2017-04-13,116.1500,117.0000,114.4000,114.8000,81875
2017-04-07,116.3500,118.2500,114.2000,116.5000,219354
2017-03-31,115.1500,119.2500,111.0500,116.4000,211696
2017-03-24,116.7500,118.7000,114.0000,115.8500,232941
2017-03-17,115.4000,119.4000,114.1000,116.7500,310389
2017-03-10,118.6500,119.9500,114.6000,116.1500,140427
2017-03-03,115.1000,121.7000,115.1000,119.0500,359472
2017-02-24,114.3500,116.0500,113.6000,115.3000,113048
2017-02-17,112.0000,117.9900,110.8500,114.5000,172420
2017-02-10,96.7500,111.2000,95.6500,111.2000,211198
2017-02-03,96.3000,99.2000,94.7000,97.3000,143155
2017-01-27,95.7500,101.2500,93.6500,99.0500,133535
2017-01-20,97.8500,97.8500,93.7000,95.5500,83173
2017-01-13,96.7500,99.0000,93.7500,97.8000,139013
2017-01-06,100.7000,101.2250,96.7750,97.3000,119764
2016-12-30,102.1500,102.8000,98.4000,99.8500,146606
2016-12-23,101.0000,105.7500,100.7500,102.0000,116772
2016-12-16,102.0500,104.1500,96.4500,100.9500,476845
2016-12-09,94.0000,103.3000,93.5000,102.8000,211250
2016-12-02,95.1500,96.4000,93.0000,93.5500,184179
2016-11-25,90.7000,95.4500,90.7000,95.3500,186179
2016-11-18,96.1500,100.0000,88.6500,91.2500,380421
2016-11-11,92.0000,97.7000,89.0000,95.7500,306299
2016-11-04,91.6500,93.4000,88.9000,90.5000,204876
2016-10-28,93.5000,96.8000,90.2500,91.7000,210398
2016-10-21,97.5000,98.1000,90.4000,92.9000,228625
2016-10-14,99.1900,101.9700,97.3800,97.7600,270533
2016-10-07,98.3200,100.5800,97.2200,98.3200,331362
2016-09-30,94.7100,100.5010,94.0200,99.0500,754767
2016-09-23,99.2200,100.9649,94.1100,94.7300,859467
2016-09-16,100.4500,104.7170,97.4700,98.5500,842646
2016-09-09,108.0700,110.6700,100.0300,101.1700,535136
2016-09-02,104.1600,107.0600,103.0000,107.0600,329934
2016-08-26,101.1800,106.9800,101.0800,104.1300,265575
2016-08-19,100.5300,103.3800,98.9320,101.0300,297655
2016-08-12,98.3901,101.2300,91.7200,100.4200,530828
2016-08-05,99.0800,100.5250,93.5500,97.3000,201193
2016-07-29,101.2000,102.3600,98.5400,99.3800,233723
2016-07-22,98.7900,104.6050,98.7900,101.2600,450076
2016-07-15,97.7100,101.8100,96.7600,98.8300,334461
2016-07-08,92.1100,98.5200,90.6300,96.8200,353931
2016-07-01,88.8500,94.9700,86.0100,92.6200,451768
2016-06-24,92.0500,94.3350,85.5600,89.0400,604444
2016-06-17,96.7900,96.7900,90.2600,90.6800,469725
2016-06-10,98.3900,102.0400,96.5800,97.2800,372398
2016-06-03,100.2200,102.5300,96.6500,97.9000,416861
2016-05-27,93.8100,101.6200,92.1700,100.2300,566599
2016-05-20,95.7300,96.5700,91.6500,94.2500,529397
2016-05-13,87.3000,97.2900,87.1400,95.9100,1944047
2016-05-06,88.4600,89.7100,85.5700,87.6800,249491
2016-04-29,89.3400,91.1900,85.7297,87.6900,263301
2016-04-22,90.0700,91.4800,87.8300,89.3500,483244
2016-04-15,87.0500,90.9900,86.8850,90.3000,400868
2016-04-08,93.3700,93.3700,86.2601,86.4500,359465
2016-04-01,89.3200,95.2528,88.5000,93.2000,356129
2016-03-24,89.1700,90.7100,85.8950,89.0300,232591
2016-03-18,90.0100,91.1600,86.4100,89.9500,326820
2016-03-11,87.6600,90.3800,85.6800,90.2900,392210
2016-03-04,81.5700,88.5705,80.3050,87.9700,373195
2016-02-26,79.7700,82.5500,77.8300,81.9200,199739
2016-02-19,77.7500,80.1500,76.4100,79.0000,160215
2016-02-12,74.0000,77.0200,70.2800,76.8200,194812
2016-02-05,80.4250,84.0800,73.8300,74.4100,331561
2016-01-29,81.9800,87.7300,77.5900,83.8600,296398
2016-01-22,79.8200,82.0000,75.7200,80.1400,276221
2016-01-15,78.1800,84.6100,76.6300,78.6800,420885
2016-01-08,82.1500,82.4700,77.2300,77.4800,400703
2015-12-31,83.8500,85.7000,83.2900,83.3100,224716
2015-12-24,83.8000,85.6600,81.8000,84.4400,184040
2015-12-18,82.0500,85.4200,80.5400,83.7300,641877
2015-12-11,91.3200,91.5000,81.6100,82.2300,325119
2015-12-04,93.2000,94.0000,88.4800,91.0700,488610
2015-11-27,91.9900,93.9800,90.3400,92.5600,308300
2015-11-20,89.3000,93.2100,89.0400,91.7700,435779
2015-11-13,95.1800,95.4500,89.5200,89.5200,389162
2015-11-06,98.3800,100.8700,94.5500,95.1900,424329
2015-10-30,81.3200,106.5500,79.9401,98.6000,360113
2015-10-23,74.7900,82.0000,74.7900,81.8000,307420
2015-10-16,74.9000,77.0100,71.1000,75.3400,188240
2015-10-09,70.8800,75.5600,70.1800,74.8000,176226
2015-10-02,69.5100,69.9900,66.7100,69.3700,216130
2015-09-25,72.1300,72.5100,66.2200,69.9200,205365
2015-09-18,75.3900,75.8100,69.5300,71.2800,472256
2015-09-11,71.0200,75.9500,70.1200,75.3600,195273
2015-09-04,72.8000,73.0500,69.1200,70.1300,158830
2015-08-28,70.2800,73.4600,68.3900,71.5800,255579
2015-08-21,73.4700,74.8500,71.5000,73.1700,222420
2015-08-14,74.0000,74.7350,71.7000,73.4400,157514
2015-08-07,72.8000,74.0000,70.3000,73.2600,184069
2015-07-31,69.5700,73.5500,69.2300,73.0800,160928
2015-07-24,74.6100,75.0700,69.2532,69.9900,213278
2015-07-17,77.0800,77.1000,73.9000,74.5700,186472
2015-07-10,76.9300,78.2800,74.9400,76.4200,150772
2015-07-02,75.8600,78.0000,74.7150,77.3700,196769
2015-06-26,74.9100,77.2640,74.5500,76.6600,236016
2015-06-19,75.5300,78.0100,73.9500,74.1700,219280
2015-06-12,74.9400,76.4300,73.7600,75.9000,205731
2015-06-05,73.2100,75.2800,72.0200,74.8300,164922
2015-05-29,71.0000,74.5800,70.0101,72.5300,117815
2015-05-22,68.9900,73.9270,68.2250,70.7000,105323
2015-05-15,68.9200,69.4200,66.3400,69.2000,97398
2015-05-08,66.9100,70.5600,65.1850,69.0500,193789
2015-05-01,68.6100,69.9300,64.5400,66.2000,130774
2015-04-24,68.4000,69.7100,66.3700,68.3700,189113
2015-04-17,72.0700,73.7600,68.1300,68.1900,110424
2015-04-10,74.9000,75.6100,70.3901,72.0900,94748
2015-04-02,75.0200,78.7500,70.2700,74.4000,128904
2015-03-27,74.9000,76.8300,70.8200,75.0300,143975
2015-03-20,72.9100,75.5700,68.7900,75.2100,209746
2015-03-13,69.8900,73.3200,69.0100,72.2600,134639
2015-03-06,72.5900,73.1500,69.3800,69.5600,111410
2015-02-27,72.7100,74.7499,71.2500,71.6600,75398
2015-02-20,74.4600,75.7900,71.1500,72.7100,87431
2015-02-13,79.7300,79.7300,72.1900,74.0700,186166
2015-02-06,74.0900,79.5900,72.7600,78.9700,209587
2015-01-30,70.6600,78.1900,70.5000,73.5100,170153
2015-01-23,75.0000,75.0000,68.0300,70.3600,114136
2015-01-16,79.0000,81.8898,67.3200,74.9300,297416
2015-01-09,77.4100,80.5299,74.5200,78.9800,177124
2015-01-02,79.4000,80.6200,76.6100,77.7500,54559
2014-12-26,79.5300,82.3200,78.0500,79.6000,59540
2014-12-19,72.2300,80.7100,71.6700,79.4200,423198
2014-12-12,74.7000,76.2400,71.0100,71.9700,97131
2014-12-05,74.2800,74.9260,71.0000,74.5200,89127
2014-11-28,75.8600,76.7900,74.0000,74.1300,62247
2014-11-21,74.5100,76.7900,73.2900,74.8100,89731
2014-11-14,74.8000,76.7900,74.2100,74.9200,119100
2014-11-07,73.2100,77.4100,73.1100,74.4900,193247
2014-10-31,72.7180,80.6500,67.5500,72.8700,168205
2014-10-24,68.6700,72.7500,67.7625,72.5700,152907
2014-10-17,63.9200,71.7600,62.0800,68.8200,149133
2014-10-10,70.9000,71.3400,63.5300,63.7500,122364
2014-10-03,66.7200,71.5500,66.3500,70.5800,148820
2014-09-26,67.4400,68.7700,65.2900,67.9100,175794
2014-09-19,67.3400,73.5300,66.2500,67.7600,179000
2014-09-12,68.3400,70.5500,66.6600,67.5300,132900
2014-09-05,71.6200,71.6200,67.1400,67.5900,102100
2014-08-29,76.2660,76.3900,69.7800,71.4300,123400
2014-08-22,74.4500,76.8200,74.4300,75.3600,151000
2014-08-15,73.5200,74.7400,72.4600,73.6400,228900
2014-08-08,73.0400,73.8700,69.0500,72.8400,227500
2014-08-01,77.2120,77.5740,70.5000,72.4400,192400
2014-07-25,78.6040,80.0120,75.3500,76.4400,199400
2014-07-18,81.9000,82.8400,77.3000,79.6500,132300
2014-07-11,86.5500,86.5500,80.8500,81.1200,122900
2014-07-03,84.2900,87.9000,83.7200,86.9200,145000
2014-06-27,82.7600,85.4500,81.2600,83.9700,445100
2014-06-20,75.0300,82.0600,74.7150,81.7900,241300
2014-06-13,75.7500,78.2900,74.3900,75.4300,155400
2014-06-06,76.0100,76.7700,73.6300,76.0800,375100
2014-05-30,79.4100,81.4500,76.4700,76.7700,131200
2014-05-23,74.5100,79.6400,72.0300,78.7500,196900
2014-05-16,75.7300,79.0600,73.1000,75.0200,150100
2014-05-09,79.5000,80.0900,72.4300,75.2600,157400
2014-05-02,78.1700,81.0000,75.0000,79.8700,167500
2014-04-25,75.9900,80.3900,75.6100,77.6200,192700
2014-04-17,76.8200,77.9900,74.6600,76.4000,138100
2014-04-11,77.4200,80.9700,75.5700,75.8500,165700
2014-04-04,78.8400,82.9900,77.8000,78.1800,213400
2014-03-28,80.3500,80.3500,75.4200,78.6400,175300
2014-03-21,82.2900,84.8000,79.5800,80.3500,167400
2014-03-14,78.7000,83.8570,78.7000,81.5600,137900
2014-03-07,79.4400,82.5400,77.8200,80.3700,271300
2014-02-28,75.6700,80.0000,75.6700,78.4500,106500
2014-02-21,74.0700,75.9170,72.0400,75.1600,94000
2014-02-14,73.1700,74.8000,72.2300,74.1000,108600
2014-02-07,77.4400,77.4400,71.7000,72.9400,186100
2014-01-31,73.7400,79.5000,71.0000,78.1200,151100
2014-01-24,74.2300,76.9500,71.8267,73.4300,85800
2014-01-17,72.3550,78.4800,72.2100,73.4100,141500
2014-01-10,70.5400,73.5250,67.8300,72.5200,118200
2014-01-03,69.6900,71.1800,66.6000,70.6800,74400
2013-12-27,70.1700,71.5100,69.0600,69.5700,57100
2013-12-20,62.0300,71.6300,61.2200,70.3800,152400
2013-12-13,62.7600,65.1000,59.7900,61.5000,142800
2013-12-06,67.2100,67.2100,60.5100,63.9900,59200
2013-11-29,60.1500,67.4900,58.5500,67.4700,86000
2013-11-22,60.2700,62.1900,58.0600,59.9700,89100
2013-11-15,56.2600,60.5200,54.7280,60.0100,143600
2013-11-08,57.3700,59.4300,56.2200,57.0400,86800
2013-11-01,60.0600,62.3900,55.5000,57.4140,113400
2013-10-25,60.2500,61.1400,57.3100,60.4000,98700
2013-10-18,58.8200,60.7400,56.8800,60.4500,98600
2013-10-11,56.0000,59.2000,54.0100,59.0100,98600
2013-10-04,57.0000,57.9200,55.5600,56.2400,60600
2013-09-27,58.9000,59.7100,57.2500,57.5200,72700
2013-09-20,59.2100,60.3400,55.9100,58.4000,172300
2013-09-13,55.3700,58.5000,55.2400,57.9900,89600
2013-09-06,53.2100,54.9450,50.3500,53.7700,96800
2013-08-30,56.4200,57.2200,51.6900,52.5400,91200
2013-08-23,52.4900,56.7600,50.8500,56.0800,102600
2013-08-16,52.6900,54.9100,48.4000,52.9200,155600
2013-08-09,56.3000,57.2200,52.1200,53.4200,114200
2013-08-02,53.9600,58.7400,52.0100,57.6900,121000
2013-07-26,55.1400,55.7700,51.6000,54.2700,119500
2013-07-19,54.4400,55.9000,53.1101,55.4000,146600
2013-07-12,51.0000,53.9700,50.6200,53.4400,84400
2013-07-05,50.7100,52.4925,49.7600,50.6900,77300
2013-06-28,47.2700,50.6500,47.1500,50.4500,143100
2013-06-21,48.2200,49.8900,46.7500,47.5700,367800
2013-06-14,47.6500,50.8600,46.2000,48.1100,79800
2013-06-07,47.9300,49.7200,47.3000,47.8000,120800
2013-05-31,49.0800,49.9000,47.1000,47.9100,46000
2013-05-24,50.1800,50.4500,45.0000,48.3900,104700
2013-05-17,47.7700,51.0000,47.6000,50.5000,84000
2013-05-10,45.1600,47.9499,43.7750,47.6700,59300
2013-05-03,45.4300,46.1500,43.5600,45.3000,74600
2013-04-26,42.5700,46.8900,42.0300,45.1200,109800
2013-04-19,44.2700,44.3400,40.4300,42.9300,198300
2013-04-12,45.4500,45.4500,44.1000,44.6200,59500
2013-04-05,47.7700,47.9900,44.6100,45.1500,81600
2013-03-28,48.2900,48.7400,46.7700,47.5700,62600
2013-03-22,47.9800,48.9900,46.6600,47.9700,105400
2013-03-15,48.2400,49.1000,46.0400,47.9900,80200
2013-03-08,45.4900,48.6300,45.3500,48.5400,77200
2013-03-01,46.0500,46.1750,44.4100,45.7500,94100
2013-02-22,47.2300,47.9400,45.4400,45.6400,67800
2013-02-15,45.8100,47.4700,45.4200,46.8000,44600
2013-02-08,50.8600,51.1050,45.1100,45.7400,114500
2013-02-01,51.3700,52.2900,50.6200,51.3700,193400
2013-01-25,50.2000,51.9300,49.5700,51.3900,134000
2013-01-18,49.3200,50.6000,48.5500,50.2700,177400
2013-01-11,49.6300,50.1600,48.6200,49.3500,165800
2013-01-04,48.5000,50.5800,48.2500,49.5100,190300
2012-12-28,48.5900,51.0000,47.1500,48.5900,89000
2012-12-21,48.0400,50.7700,47.6500,48.3800,255000
2012-12-14,49.5800,50.7600,47.5100,48.0800,124800
2012-12-07,51.6400,51.8400,47.5000,49.2000,180500
2012-11-30,49.2400,51.5900,47.8500,51.5000,482500
2012-11-23,47.2600,50.4100,47.0700,49.7700,122300
2012-11-16,49.0500,49.0500,43.9000,46.0700,171100
2012-11-09,46.2500,50.5700,45.5300,48.9900,172300
2012-11-02,48.6800,50.3900,45.3000,46.1200,183600
2012-10-26,46.0000,48.2900,45.3200,47.4300,65700
2012-10-19,46.1300,47.5300,45.6200,45.9800,77900
2012-10-12,46.9700,47.7100,45.8700,46.0500,91100
2012-10-05,46.1900,49.5700,45.7000,47.1400,123600
2012-09-28,45.7800,47.4100,45.0200,45.8900,84400
2012-09-21,47.7300,47.7300,45.6300,45.8700,156800
2012-09-14,45.8900,48.5900,45.8900,47.7900,126700
2012-09-07,45.9900,46.4900,44.5700,45.9400,205000
2012-08-31,45.0000,46.6600,44.3500,45.8000,150800
2012-08-24,46.2500,47.0000,44.2500,44.9300,147000
2012-08-17,47.3100,48.6600,45.1200,46.0400,113300
2012-08-10,48.8300,49.9600,46.7100,47.0000,74900
2012-08-03,48.6700,49.6000,45.8400,48.5900,93700
2012-07-27,47.0000,49.0400,44.0300,48.5600,87800
2012-07-20,49.1500,49.2900,46.4300,47.0000,54100
2012-07-13,49.4200,51.1000,46.1100,49.5400,78800
2012-07-06,50.9200,52.9700,48.9700,50.1300,88300
2012-06-29,45.8200,51.4800,45.1200,51.2800,83100
2012-06-22,46.9700,49.8900,45.9600,46.3400,341700
2012-06-15,49.0100,49.3300,45.1500,47.4100,143100
2012-06-08,43.1900,48.9900,41.7800,48.7900,140700
2012-06-01,44.1000,48.8990,41.0100,43.0200,116400
2012-05-25,42.7800,46.0500,42.6303,43.4600,106500
2012-05-18,49.4900,50.7650,40.5100,42.6800,124900
2012-05-11,46.1100,51.5000,44.8000,50.2400,73300
2012-05-04,52.1200,52.7300,45.4300,46.0000,91400
2012-04-27,44.6300,52.0800,42.9800,52.0300,85300
2012-04-20,44.3800,48.0100,43.8500,45.8400,69600
2012-04-13,45.8200,46.2800,42.6700,43.9600,99600
2012-04-05,46.2700,47.3400,45.7000,46.5800,65900
2012-03-30,46.8200,47.9600,45.0100,46.5800,66000
2012-03-23,47.6200,48.2500,43.8700,46.4100,60000
2012-03-16,49.3300,50.0950,46.8400,47.6300,94100
2012-03-09,42.5900,49.7400,42.5900,49.4800,72100
2012-03-02,45.2800,47.9000,42.5800,42.6000,73200
2012-02-24,50.7400,50.8900,45.0100,45.8200,119200
2012-02-17,53.1400,53.6000,49.3600,50.2100,131600
2012-02-10,52.3000,54.1000,51.6800,52.2800,71500
2012-02-03,46.3900,54.1100,44.8200,52.7600,87800
2012-01-27,44.2000,46.9900,41.6900,46.7100,86000
2012-01-20,41.8500,44.1150,40.3900,43.9000,67000
2012-01-13,38.3000,41.6700,38.1800,41.5700,103800
2012-01-06,41.1300,41.1300,38.7600,38.8800,69700
2011-12-30,41.4100,41.4900,38.6900,40.0600,45700
2011-12-23,37.5800,42.6200,35.8100,41.4700,109500
2011-12-16,42.8000,43.1600,36.6500,37.0200,375500
2011-12-09,40.5000,44.1900,39.0250,43.9500,146600
2011-12-02,40.1800,41.6100,39.0500,39.8700,161100
2011-11-25,44.0600,44.7000,38.4100,38.4200,95100
2011-11-18,47.1100,47.9600,44.9400,45.0400,92000
2011-11-11,46.4800,47.5000,44.5000,47.4300,100700
2011-11-04,45.4400,47.2490,40.3400,46.4400,84800
2011-10-28,37.9800,47.0200,37.9000,45.7800,137300
2011-10-21,36.8500,37.9800,35.2500,37.8950,99600
2011-10-14,35.9100,37.3100,34.7600,37.3100,88600
2011-10-07,34.0800,37.0800,32.3400,35.0900,98200
2011-09-30,34.5800,37.1600,33.6160,34.4400,83900
2011-09-23,36.0000,37.2000,33.7000,35.2400,158400
2011-09-16,33.9500,37.6000,33.2900,36.9300,146600
2011-09-09,32.4200,36.3100,32.4200,34.0000,154100
2011-09-02,33.1500,37.1400,33.1500,33.9500,128000
2011-08-26,30.6000,33.1850,29.0100,32.6700,148800
2011-08-19,32.5400,33.3800,28.7900,29.4200,165200
2011-08-12,36.1900,40.5000,28.4300,31.4100,297500
2011-08-05,43.5000,43.9500,35.8100,37.5700,123900
2011-07-29,41.1500,43.4300,40.3000,42.5600,88200
2011-07-22,41.0700,43.2500,40.0000,41.9000,41100
2011-07-15,45.1500,46.4900,40.6303,41.2200,114900
2011-07-08,46.2100,47.8600,45.2200,45.9900,67600
2011-07-01,42.8800,46.8100,42.8000,46.0400,87500
2011-06-24,35.3900,42.8700,35.3900,42.7200,170700
2011-06-17,38.0400,38.0400,35.4000,35.4700,103800
2011-06-10,39.1100,40.9400,37.6400,37.7000,68400
2011-06-03,43.1300,43.1600,39.0800,39.1100,70900
2011-05-27,40.1700,43.1490,39.0000,42.4900,82600
2011-05-20,40.7600,41.7500,39.9100,40.9900,52300
2011-05-13,42.7000,43.1200,40.2000,41.1500,44600
2011-05-06,46.7800,46.7800,41.0900,42.7800,159300
2011-04-29,45.9300,47.4700,45.8300,46.4800,34500
2011-04-21,42.2900,47.9800,41.8100,45.8700,139100
2011-04-15,45.8800,45.8800,41.8100,43.1800,68400
2011-04-08,45.1200,47.3000,44.4400,45.7400,95200
2011-04-01,45.7800,45.9400,44.0500,44.8200,51600
2011-03-25,43.0000,46.3400,41.8700,45.6900,251900
2011-03-18,41.0300,42.8000,40.2100,42.5900,136000
2011-03-11,42.4400,42.8400,39.8600,41.6000,135300
2011-03-04,40.7800,42.4100,37.5000,42.2200,224500
2011-02-25,40.4400,41.9000,38.9200,40.5500,66300
2011-02-18,40.8100,43.5100,39.1200,41.0600,74300
2011-02-11,38.4000,41.4500,37.7600,40.6300,235300
2011-02-04,41.6100,42.0400,38.1400,38.2500,99100
2011-01-28,42.6700,45.6900,40.2900,41.6400,164100
2011-01-21,46.0000,46.2200,42.4500,43.1700,148600
2011-01-14,48.0000,48.7700,44.4400,46.2300,130200
2011-01-07,47.2400,49.0400,45.6900,48.2600,93200
2010-12-31,46.0100,49.0000,46.0100,46.6900,52400
2010-12-23,43.2400,47.0600,42.5700,46.2900,140200
2010-12-17,38.9600,43.5618,38.4600,43.5600,312700
2010-12-10,37.7600,38.9400,36.4100,38.9400,117900
2010-12-03,33.9700,37.8000,33.7300,37.7800,100100
2010-11-26,34.3200,35.0899,32.7500,34.2000,76700
2010-11-19,35.2000,35.4450,33.2200,34.2200,39100
2010-11-12,36.4400,37.1900,35.0400,35.5600,64800
2010-11-05,32.2000,37.5100,31.5000,36.5600,78300
2010-10-29,32.3200,33.1900,31.5900,31.6900,50900
2010-10-22,33.0500,34.5700,31.9200,32.2200,70000
2010-10-15,34.7000,35.0900,31.9000,32.3700,93900
2010-10-08,35.1000,35.8300,34.0100,35.1800,63700
2010-10-01,33.1600,36.0000,32.4300,35.2900,83900
2010-09-24,32.3100,33.3400,31.5300,33.0600,241800
2010-09-17,34.6500,34.7500,32.0000,32.2700,314200
2010-09-10,34.9200,35.7500,34.0900,34.8400,43200
2010-09-03,33.9300,35.2400,33.4000,34.9500,52500
2010-08-27,33.5600,35.9800,33.5000,34.1500,101800
2010-08-20,33.5500,35.6000,33.4500,33.5000,139800
2010-08-13,35.8900,37.4200,33.5400,33.5400,114200
2010-08-06,35.4800,37.4600,34.6800,35.6100,89300
2010-07-30,33.9400,36.2800,33.7800,35.0600,63200
2010-07-23,34.0900,35.4300,33.6500,33.7400,95800
2010-07-16,35.8200,36.7700,33.8700,33.9000,116000
2010-07-09,35.5800,36.0400,34.4100,35.9700,67900
2010-07-02,35.9900,36.0500,34.9500,35.3200,121100
2010-06-25,37.8000,37.8000,35.6600,35.8800,205400
2010-06-18,35.6100,37.9700,35.2200,37.5000,167000
2010-06-11,34.5700,35.2700,33.4800,35.1900,92500
2010-06-04,36.1200,36.1200,33.5000,33.5100,79800
2010-05-28,36.6000,37.3100,34.5100,36.5100,94400
2010-05-21,36.9600,39.5100,35.2900,36.0200,176600
2010-05-14,38.9800,38.9800,36.0100,36.6400,125300
2010-05-07,39.3900,43.4100,37.2500,37.5000,137300
2010-04-30,37.3000,40.7000,37.3000,39.1700,96100
2010-04-23,35.4500,37.5200,34.8000,37.4300,156500
2010-04-16,35.3200,36.2100,34.5500,35.7600,67200
2010-04-09,33.8900,35.8900,33.5000,35.0100,89800
2010-04-01,35.3500,35.8500,33.5600,33.6900,102500
2010-03-26,35.2500,36.1400,34.4100,35.3500,93500
2010-03-19,38.5200,39.0625,35.4878,35.4900,85800
2010-03-12,37.7900,39.4000,36.8900,38.4400,79700
2010-03-05,35.2800,37.8800,34.8900,37.7100,90200
2010-02-26,36.4900,36.4900,33.6000,35.0200,82000
2010-02-19,34.2500,37.0500,33.6100,36.2900,45200
2010-02-12,33.1500,35.3100,32.7800,33.9300,60600
2010-02-05,35.9900,36.1700,32.9525,33.3300,105600
2010-01-29,36.4500,37.8200,35.0900,35.8400,71400
2010-01-22,39.6800,40.3000,35.9500,36.0400,71200
2010-01-15,37.8500,40.1500,36.5000,39.5000,94000
2010-01-08,36.3700,37.8700,34.5000,37.6300,83900
2009-12-31,37.1800,37.9100,35.9200,35.9200,47700
2009-12-24,33.3700,37.7600,32.3200,37.5000,147400
2009-12-18,37.8200,38.1800,32.4400,32.4500,362400
2009-12-11,36.0200,37.5100,35.7350,37.4900,53800
2009-12-04,35.0000,37.6500,34.2800,36.0000,82200
2009-11-27,35.5000,36.9600,35.0000,35.0000,39900
2009-11-20,33.9300,37.1800,33.9300,34.9800,71200
2009-11-13,31.2900,34.4100,31.2900,33.6100,65800
2009-11-06,30.4800,31.2400,28.9200,31.1900,92500
2009-10-30,33.4600,33.9400,30.2400,30.4000,96900
2009-10-23,33.7200,34.5490,32.4700,32.7800,83500
2009-10-16,33.7700,37.0700,33.6388,33.9700,259000
2009-10-09,32.9400,34.7650,32.5000,34.5200,85700
2009-10-02,36.2000,36.8050,32.5010,32.9000,90700
2009-09-25,36.1500,37.8300,35.8100,36.1400,104600
2009-09-18,33.1800,36.4200,32.8050,36.3500,63000
2009-09-11,32.5400,34.0700,31.4600,32.2100,39600
2009-09-04,33.5800,33.5800,30.1100,32.3100,88500
2009-08-28,31.3600,34.4100,30.0500,33.7600,188300
2009-08-21,28.1100,34.2800,28.1100,31.2000,116500
2009-08-14,30.7300,31.5200,29.0600,29.2300,129700
2009-08-07,34.6200,34.9900,30.7810,30.8200,157600
2009-07-31,34.0700,37.2700,34.0700,34.2300,121400
2009-07-24,30.8200,34.8100,30.4600,34.2200,166600
2009-07-17,28.4500,31.5500,27.8000,30.5900,184200
2009-07-10,27.0200,28.4800,26.6200,28.4200,143900
2009-07-02,25.9400,27.2400,25.2600,27.1000,122100
2009-06-26,23.1300,25.9600,22.1100,25.9600,300000
2009-06-19,23.6000,24.3000,22.2100,23.3600,91300
2009-06-12,22.8800,23.9300,22.5801,23.9300,129200
2009-06-05,23.3400,23.6700,22.5300,22.7100,123900
2009-05-29,22.8000,24.0600,22.4800,23.0000,81200
2009-05-22,23.8700,24.6400,22.9000,22.9000,213900
2009-05-15,26.0000,26.2300,23.5000,23.6500,132700
2009-05-08,23.5500,26.3600,23.3100,26.3600,204000
2009-05-01,23.0400,24.5900,23.0400,23.5000,123000
2009-04-24,26.2200,26.2200,23.2300,23.6600,129300
2009-04-17,25.6800,26.7300,24.1200,26.7200,136700
2009-04-09,24.4400,26.5000,23.6000,25.9100,69900
2009-04-03,22.5400,25.2600,21.7400,24.4800,94000
2009-03-27,19.7400,24.8700,19.3700,23.0700,221200
2009-03-20,20.1000,20.5100,18.8900,19.1700,192200
2009-03-13,19.7600,21.2600,18.8000,19.5100,154400
2009-03-06,22.1000,22.2700,19.6400,20.0200,166500
2009-02-27,23.0700,23.0700,21.8000,22.1000,104400
2009-02-20,23.7700,24.4500,22.5300,22.8100,50900
2009-02-13,24.8300,25.2100,23.1200,24.4200,70800
2009-02-06,24.2300,25.7300,23.6800,25.0000,79600
2009-01-30,24.1800,25.8100,22.9500,24.4800,54200
2009-01-23,23.4200,24.6300,22.4000,24.2200,39700
2009-01-16,25.0900,26.6700,23.2400,23.6700,95400
2009-01-09,26.0500,27.2400,25.0000,25.2000,130200
2009-01-02,23.2500,27.1900,23.2500,25.9400,98200
2008-12-26,26.7200,27.2000,23.2500,23.4500,125800
2008-12-19,31.9900,32.1300,25.2800,26.2000,326800
2008-12-12,31.1400,32.1400,28.8100,31.9300,149500
2008-12-05,29.6100,30.8900,24.9600,30.8900,109500
2008-11-28,24.7900,30.4500,22.3300,30.2600,96700
2008-11-21,27.0000,27.7200,21.9000,24.5000,103300
2008-11-14,30.9900,30.9900,25.5100,27.1200,87200
2008-11-07,34.0300,35.2500,29.8500,30.5900,127800
2008-10-31,27.9100,34.0300,27.0400,34.0300,126600
2008-10-24,30.9000,32.7300,27.2800,28.0000,182500
2008-10-17,31.5700,33.7700,29.3800,30.5900,201700
2008-10-10,32.7900,34.9200,28.5300,30.0300,179300
2008-10-03,36.2300,37.1300,32.0300,33.2000,190600
2008-09-26,36.2100,37.0000,33.9000,36.7300,251600
2008-09-19,32.9900,37.0000,32.9300,36.8500,307400
2008-09-12,35.0200,35.0200,33.0700,33.6400,156300
2008-09-05,35.4800,36.6000,31.9800,34.3600,108100
2008-08-29,37.0500,37.2000,32.0000,35.0100,176800
2008-08-22,36.9000,37.5200,35.4000,37.4700,104300
2008-08-15,35.7400,38.4400,35.0300,36.9600,138900
2008-08-08,34.3800,37.2900,34.1700,35.5300,224300
2008-08-01,31.0200,34.8800,30.0100,34.3900,316400
2008-07-25,32.1900,34.6900,30.4200,31.7600,421900
2008-07-18,31.7700,34.8200,31.3600,31.9400,294000
2008-07-11,32.6600,34.5000,31.5700,32.1200,333500
2008-07-03,33.2100,33.7500,32.0300,32.6900,212700
2008-06-27,38.9500,38.9500,33.0500,33.3900,818300
2008-06-20,37.5700,39.1400,37.5600,38.9100,102000
2008-06-13,37.9600,38.7200,36.1000,37.9900,133700
2008-06-06,37.6100,38.9000,36.0900,37.4100,123200
2008-05-30,36.4000,38.8500,36.0000,38.3400,60800
2008-05-23,36.3600,38.9000,36.0000,36.4000,134500
2008-05-16,36.1400,38.4900,36.0000,36.7100,95000
2008-05-09,38.7800,39.1830,35.8100,36.1200,183700
2008-05-02,38.8100,41.6000,38.5300,39.0900,184900
2008-04-25,37.2300,38.9100,37.0000,38.8000,147200
2008-04-18,37.5400,38.1500,36.3400,37.5600,224400
2008-04-11,37.7400,38.2100,36.3600,37.3500,221300
2008-04-04,34.2500,37.9800,34.1900,37.5400,433300
2008-03-28,33.2000,37.0000,32.0600,34.5600,744100
2008-03-20,33.9000,38.9934,32.3600,32.9500,3239500
2008-03-14,31.1300,35.4400,29.2700,34.5500,842800
2008-03-07,32.4500,34.7500,29.6500,30.6300,1099800
2008-02-29,31.3700,38.2000,31.3700,32.9400,874500
2008-02-22,30.9000,33.4700,30.2500,31.3500,466600
2008-02-15,31.0900,34.9500,30.1600,31.2600,729700
2008-02-08,32.2700,33.0000,29.6100,31.2900,783200
2008-02-01,30.9500,36.3500,29.5600,32.8100,1030400
2008-01-25,31.8300,39.9500,30.0400,31.4800,1124300
2008-01-18,31.9100,37.1200,29.9100,34.4700,723400
2008-01-11,29.4700,32.8000,28.1000,31.3000,599500
2008-01-04,30.9800,34.5700,27.1200,29.5300,343900
2007-12-28,29.9600,31.6700,28.1900,31.4100,549300
2007-12-21,34.0700,34.9900,27.6500,28.1000,1494700
2007-12-14,37.1800,37.2800,34.1600,34.3400,120800
2007-12-07,37.5800,38.0000,35.7800,37.1800,109000
2007-11-30,36.3900,39.5200,35.6600,37.7400,71900
2007-11-23,37.3500,37.7700,35.4601,36.4700,46200
2007-11-16,37.6900,37.9800,35.2500,37.7100,64000
2007-11-09,37.6000,38.4500,36.0500,37.8000,74800
2007-11-02,38.5000,39.8800,37.0000,38.5100,95700
2007-10-26,33.9500,39.3300,33.5700,38.3300,105800
2007-10-19,36.0800,36.9500,33.5400,33.9600,87100
2007-10-12,36.6800,37.1600,36.1600,36.1600,92400
2007-10-05,33.4200,37.1600,33.3000,36.8400,137400
2007-09-28,33.8200,34.8400,32.6400,33.5000,123700
2007-09-21,34.7100,36.2000,32.8100,33.9000,212200
2007-09-14,34.1900,35.2600,33.7200,35.0000,231500
2007-09-07,34.6500,35.6000,34.0900,34.2500,69800
2007-08-31,33.9900,36.0000,33.9900,35.1200,139000
2007-08-24,34.2000,35.2000,33.8700,34.5400,150100
2007-08-17,36.0000,36.7600,34.0000,35.2500,277700
2007-08-10,34.7500,43.1500,34.3000,35.7200,516500
2007-08-03,34.9500,35.5200,33.6700,34.5300,212900
2007-07-27,37.6500,37.7000,32.0400,33.4100,268600
2007-07-20,36.0500,38.1100,34.9720,37.8500,193600
2007-07-13,34.5700,36.7900,34.2000,36.6900,283300
2007-07-06,37.3400,37.7300,34.3200,34.8000,199200
2007-06-29,36.7000,38.0800,36.7000,37.5200,256900
2007-06-22,33.8400,37.0300,33.7900,36.9000,879700
2007-06-15,35.5900,36.2200,33.5200,34.1700,290000
2007-06-08,37.9900,39.4500,35.0500,35.7600,186000
2007-06-01,36.6800,39.3600,36.4700,38.1600,95900
2007-05-25,36.5000,38.2100,36.4700,36.6200,154000
2007-05-18,36.3000,36.7900,36.1500,36.5200,216700
2007-05-11,37.0600,37.4500,35.2600,36.3500,234900
2007-05-04,36.9400,38.1900,35.3300,37.1800,213500
2007-04-27,35.7000,38.1300,35.7000,37.8900,116400
2007-04-20,38.0000,38.1200,34.8000,35.8800,104800
2007-04-13,37.6700,37.8300,35.6900,37.7000,120000
2007-04-05,34.9500,38.7400,34.6300,37.3800,142500
2007-03-30,35.4000,35.4000,33.9900,34.9500,86300
2007-03-23,33.5700,36.1100,33.5700,35.4100,133900
2007-03-16,32.4500,34.5700,31.9300,33.7000,212100
2007-03-09,32.0000,33.0100,31.8801,33.0100,106000
2007-03-02,35.0200,35.2500,32.1000,32.2300,157000
2007-02-23,33.9300,34.8700,33.5200,34.7500,47000
2007-02-16,33.0300,34.1000,32.8400,33.8500,111800
2007-02-09,33.0100,35.4200,32.6900,32.9200,165400
2007-02-02,31.7000,33.2100,31.7000,33.1400,97900
2007-01-26,32.2500,33.3500,31.6500,31.9200,156700
2007-01-19,34.3700,34.3700,32.0900,32.2700,242300
2007-01-12,33.0100,34.5300,32.1000,34.0900,90900
2007-01-05,35.9900,35.9900,32.9500,33.1600,85400
2006-12-29,33.8300,36.1800,33.6900,35.0400,115600
2006-12-22,35.4500,35.4500,33.5400,34.3200,121000
2006-12-15,34.7200,35.4300,34.4000,35.0400,265000
2006-12-08,35.5400,35.9900,34.7200,35.0500,85400
2006-12-01,35.6200,35.9900,34.5900,35.4100,84900
2006-11-24,36.2000,36.9200,35.3920,35.8000,37600
2006-11-17,33.8500,36.7500,33.5800,36.2400,145800
2006-11-10,33.2700,36.1200,33.1300,33.7800,93100
2006-11-03,34.1800,34.3500,32.5700,33.0500,116100
2006-10-27,34.6000,34.7000,33.0000,34.3500,127600
2006-10-20,33.3100,35.4200,29.1800,34.7900,207400
2006-10-13,33.1000,33.8400,32.9300,33.2200,309000
2006-10-06,31.4000,33.5200,29.9200,33.2200,178800
2006-09-29,29.8800,31.5100,28.9000,31.5100,357700
2006-09-22,31.9400,32.6500,29.8100,29.9400,209200
2006-09-15,31.8600,33.4400,31.5800,31.9300,161600
2006-09-08,34.3200,34.7300,31.6500,32.0000,109200
2006-09-01,31.5700,34.7300,31.3300,34.2100,143200
2006-08-25,31.1000,31.7800,30.8000,31.6500,195200
2006-08-18,32.7000,32.8900,30.3100,31.3600,191300
2006-08-11,34.0000,34.4800,31.4000,32.3000,167900
2006-08-04,32.0400,34.9600,31.7700,34.0400,310300
2006-07-28,37.0600,37.1500,31.2500,32.9500,703600
2006-07-21,37.9600,38.9100,36.2600,37.0800,321700
2006-07-14,43.5000,44.4000,37.3500,38.3300,247800
2006-07-07,44.6100,45.4900,42.6400,43.3300,183200
2006-06-30,45.6400,48.3700,44.4400,44.4400,882500
2006-06-23,43.4100,46.6000,42.0500,44.9400,414900
2006-06-16,45.0100,45.5100,42.5000,43.1800,114000
2006-06-09,48.0600,49.8500,44.4400,45.2500,224100
2006-06-02,45.4900,48.9700,44.9800,48.2300,100100
2006-05-26,44.1700,46.7500,44.0100,45.8300,157300
2006-05-19,45.0100,46.7400,44.0000,45.0500,96100
2006-05-12,45.1500,47.3600,44.7000,45.3100,109900
2006-05-05,44.4900,46.9800,40.7500,45.7400,244900
2006-04-28,45.3500,46.6200,44.7000,45.2700,96000
2006-04-21,47.2300,47.2400,44.5500,46.6800,136000
2006-04-13,47.6400,47.9400,45.0700,45.5500,107500
2006-04-07,48.5500,49.0000,46.6300,46.9900,182000
2006-03-31,46.0500,48.5900,45.4400,48.5900,216500
2006-03-24,45.4200,46.0800,45.0300,45.9400,122500
2006-03-17,45.4500,46.5400,44.5000,45.7500,112300
2006-03-10,46.0000,47.0000,42.8700,46.1000,302900
2006-03-03,46.0900,46.8600,45.1101,45.9000,124400
2006-02-24,45.8300,46.1000,45.0500,45.9600,90300
2006-02-17,46.5000,48.0000,41.5000,45.5399,227400
2006-02-10,43.4400,46.8200,42.5800,45.9200,140800
2006-02-03,42.1300,44.2500,40.3600,43.2000,91800
2006-01-27,40.1500,43.9900,39.7400,41.5000,136200
2006-01-20,39.7000,41.2900,38.3000,40.1500,111800
2006-01-13,41.3500,42.4300,38.0000,39.5900,65200
2006-01-06,38.3500,42.7300,38.2500,41.3200,116500
2005-12-30,39.8100,39.8100,37.9000,38.2800,42100
2005-12-23,40.6400,40.7500,38.7600,39.4200,52200
2005-12-16,36.5900,41.3290,36.5100,40.6400,237800
2005-12-09,39.2500,40.2900,35.2500,37.4200,361400
2005-12-02,41.2100,41.8700,37.3800,40.3500,214400
2005-11-25,43.5000,43.5000,41.5000,41.9000,82200
2005-11-18,42.2300,43.5900,41.9000,43.2200,184900
2005-11-11,44.9500,44.9500,41.1000,42.2300,213000
2005-11-04,39.3500,44.5000,37.7500,43.1500,268500
2005-10-28,39.6000,42.0000,37.2200,39.0100,265700
2005-10-21,39.5000,40.5300,37.0600,39.5100,234100
2005-10-14,36.3800,41.5310,35.6100,40.5000,356500
2005-10-07,36.3100,36.7900,35.0200,36.0200,209300
2005-09-30,36.0400,36.7100,35.7600,36.2800,119900
2005-09-23,36.9000,36.9000,35.0000,35.7900,164900
2005-09-16,35.0000,36.8900,34.9900,36.5400,165100
2005-09-09,36.7700,36.9000,35.1601,35.5100,123500
2005-09-02,32.0100,37.1500,31.8600,36.0800,428000
2005-08-26,31.8800,33.1600,31.7601,32.6200,28000
2005-08-19,34.0400,34.0400,31.5500,32.0700,77900
2005-08-12,33.2100,34.4100,32.0000,34.2400,93600
2005-08-05,30.2500,33.1060,30.2500,32.8500,71100
2005-07-29,33.0000,33.6900,30.2501,30.5000,41600
2005-07-22,29.2500,33.8900,29.0000,33.0000,87600
2005-07-15,28.0200,29.0000,27.5200,28.8100,34600
2005-07-08,28.0000,28.7000,26.1400,28.4200,29000
2005-07-01,28.3000,28.5000,27.8000,28.2500,64500
2005-06-24,27.7500,28.6500,27.6300,28.1500,59800
2005-06-17,28.7000,28.7000,27.8500,28.1800,56200
2005-06-10,28.6400,28.7000,26.6100,28.4200,53500
2005-06-03,27.5100,28.3020,26.2200,28.0100,59000
2005-05-27,26.2500,28.2500,26.0000,26.8400,41800
2005-05-20,26.5200,27.9700,26.2000,26.2000,40600
2005-05-13,26.2400,28.4000,26.2400,26.7900,105700
2005-05-06,26.3000,27.4900,26.0000,26.8500,112100
2005-04-29,24.8000,27.1500,24.0000,26.5000,98900
2005-04-22,23.0000,24.7700,23.0000,24.2400,76800
2005-04-15,25.0000,25.0000,23.0000,23.0500,58200
2005-04-08,23.2000,27.0000,23.0000,23.5000,121700
2005-04-01,25.7500,26.1900,22.5000,23.4900,92400
2005-03-24,28.0000,28.0000,25.5100,25.5500,86900
2005-03-18,26.5200,28.1000,25.0200,27.4400,112400
2005-03-11,27.3900,28.5000,27.0000,27.0000,81400
2005-03-04,26.8800,29.7400,25.6000,27.3800,301500
2005-02-25,24.7000,25.2900,23.7500,24.6500,49200
2005-02-18,25.4000,25.7000,24.5000,25.0000,93400
2005-02-11,25.4700,25.6840,25.0000,25.3000,83800
2005-02-04,47.8800,47.9900,24.0600,25.0400,186950
2005-01-28,46.5000,47.4890,46.0000,46.8500,44000
2005-01-21,49.4400,50.0000,46.0850,46.1200,71200
2005-01-14,47.0000,49.9500,46.7800,49.4400,59600
2005-01-07,44.5500,46.9800,44.5500,46.4000,61800
2004-12-31,44.8700,45.0500,43.5000,45.0000,19600
2004-12-23,44.7190,45.0000,44.4410,45.0000,5300
2004-12-17,41.2100,45.5000,41.1000,44.0000,32900
2004-12-10,41.0000,41.3800,40.1000,41.3800,15300
2004-12-03,40.0000,41.5300,39.4000,41.1000,228800
2004-11-26,42.0900,42.0900,40.0000,40.6800,23600
2004-11-19,44.9790,46.9300,42.1900,42.7900,59800
2004-11-12,40.2400,45.2000,40.2400,45.0000,77200
2004-11-05,40.4700,40.6000,39.4700,40.1000,77100
2004-10-29,39.6400,40.4500,38.4700,39.9100,52100
2004-10-22,38.9900,39.7190,38.5000,39.0000,21900
2004-10-15,38.7800,38.9000,38.2600,38.9000,10600
2004-10-08,38.2500,39.2500,38.2010,38.4800,28100
2004-10-01,38.2900,38.8000,37.7600,38.0500,30700
2004-09-24,38.8900,39.0000,37.7700,38.2910,26200
2004-09-17,39.0000,39.0000,37.5000,38.2900,45000
2004-09-10,39.5000,39.7200,38.4800,38.4800,20200
2004-09-03,39.4900,39.7500,37.7300,39.4890,45300
2004-08-27,39.4010,39.8500,39.3500,39.4200,8400
2004-08-20,37.3700,39.9100,37.3200,39.2100,65900
2004-08-13,39.0000,39.5000,37.4200,37.4200,44600
2004-08-06,39.0000,40.2000,39.0000,39.0800,116800
2004-07-30,39.8500,40.9400,38.0000,39.5900,217200
2004-07-23,37.3500,40.9000,37.3500,40.0100,64600
2004-07-16,36.4600,37.6000,35.9400,37.5800,57300
2004-07-09,39.5800,39.5800,36.6100,36.9500,47900
2004-07-02,39.9900,40.2500,39.3900,39.5000,33500
2004-06-25,40.5000,40.5000,39.7450,39.9900,45600
2004-06-18,40.5000,40.5100,39.7600,39.9900,106400
2004-06-10,40.0000,40.9800,39.8600,40.8500,25400
2004-06-04,38.0000,40.5900,37.7600,40.0000,88500
2004-05-28,37.1000,38.2000,36.9500,37.9390,116300
2004-05-21,36.6300,37.0000,35.0000,37.0000,127000
2004-05-14,39.2500,39.8800,36.6700,36.9800,122700
2004-05-07,39.4000,40.1000,38.9910,39.0500,46100
2004-04-30,40.0000,41.2000,39.0200,39.5500,133300
2004-04-23,40.0000,40.0652,39.4300,40.0000,280100
2004-04-16,38.0000,39.9900,37.1510,39.9900,19500
2004-04-08,35.8000,38.5000,35.8000,38.2000,31100
2004-04-02,36.5600,37.6000,35.2000,37.0000,156100
2004-03-26,37.9000,37.9000,36.5500,36.5500,73400
2004-03-19,38.1900,38.3500,37.7000,37.8800,26500
2004-03-12,36.5500,38.2400,36.5500,38.1900,47700
2004-03-05,39.0000,39.0000,36.2300,37.0800,78600
2004-02-27,40.7900,40.7900,37.3900,37.7600,61500
2004-02-20,37.2600,40.9500,36.2700,38.7100,39500
2004-02-13,35.0300,40.6000,35.0000,37.3010,189100
2004-02-06,30.1000,36.0300,30.1000,35.4000,29200
2004-01-30,31.0800,33.5400,30.4600,31.5000,87800
2004-01-23,29.9900,32.3400,28.2500,31.2000,76200
2004-01-16,27.8800,30.0000,27.6000,30.0000,127600
2004-01-09,23.6000,26.0000,23.5000,25.5000,31500
2004-01-02,23.9500,24.1700,23.2500,23.6000,86400
2003-12-26,23.1000,23.9100,23.1000,23.4000,24500
2003-12-19,23.0000,23.7990,22.5000,23.0000,61800
2003-12-12,23.0000,23.5000,22.9800,23.1000,16600
2003-12-05,22.9500,23.2500,22.9500,23.0500,55400
2003-11-28,23.3400,23.5790,22.9500,23.5000,15300
2003-11-21,22.7000,23.5000,22.0600,23.4000,82700
2003-11-14,23.5500,24.0500,22.7700,23.0000,52100
2003-11-07,24.4800,24.5000,23.3700,24.0000,52500
2003-10-31,23.7500,24.3500,23.6500,24.2000,50700
2003-10-24,22.9990,23.9000,22.3000,23.8000,162800
2003-10-17,23.0500,23.1500,21.5000,22.7000,46100
2003-10-10,22.9900,23.0000,21.2600,23.0000,51300
2003-10-03,20.0500,22.9800,20.0500,22.4900,71200
2003-09-26,20.0000,20.6800,19.7000,20.4500,45300
2003-09-19,19.2500,20.4300,19.2500,19.9500,92800
2003-09-12,19.8000,20.3600,19.0000,19.1000,546100
2003-09-05,19.6500,19.8000,19.0000,19.5500,77200
2003-08-29,19.2000,19.6000,18.9000,19.0600,141500
2003-08-22,20.5000,20.5000,18.9000,19.0500,75300
2003-08-15,19.7000,21.3000,19.5000,19.7000,151900
2003-08-08,19.7300,20.2500,18.1500,19.6500,156700
2003-08-01,19.2000,19.9100,18.0500,18.6000,338600
2003-07-25,20.3500,20.3500,18.2500,19.1500,372600
2003-07-18,17.8400,21.3900,17.2600,18.5600,651100
2003-07-11,20.0000,20.5000,17.7100,17.9600,752300
