timestamp,open,high,low,close,volume
2018-02-27,25.7700,26.4500,25.3538,26.2900,8257
2018-02-23,26.5000,26.8700,25.3104,25.8600,17377
2018-02-16,25.8700,27.0000,24.8297,26.6100,90360
2018-02-09,27.3900,28.5600,25.4600,25.7900,45858
2018-02-02,28.9365,28.9365,27.3400,27.7300,40232
2018-01-26,27.8600,29.6252,27.7726,28.4500,18748
2018-01-19,28.7000,29.7000,27.6600,28.6600,29974
2018-01-12,27.7000,28.9500,27.4057,28.5900,14922
2018-01-05,27.8800,28.8700,27.0000,27.8400,39060
2017-12-29,28.0000,28.6500,27.3100,27.5300,29161
2017-12-22,30.3600,30.9500,28.0000,28.0000,52779
2017-12-15,28.7000,30.5000,28.0800,30.3200,115548
2017-12-08,30.0700,30.0700,28.3400,28.7600,41739
2017-12-01,28.4150,30.4500,28.4150,29.6600,39018
2017-11-24,29.7200,30.0700,28.0600,28.4800,31537
2017-11-17,30.5100,30.5900,28.4000,29.7300,76360
2017-11-10,31.3300,31.7500,29.7500,30.5400,62700
2017-11-03,32.2000,33.1000,31.0000,31.4200,47529
2017-10-27,32.9400,33.4600,31.2700,32.1800,54474
2017-10-20,33.5200,34.7500,32.0798,34.3700,74660
2017-10-13,31.6200,33.6300,31.4720,33.3100,52492
2017-10-06,30.5200,32.0700,30.5200,31.7600,53548
2017-09-29,28.1300,31.8600,28.1300,30.7100,75348
2017-09-22,25.8900,28.1900,25.8309,28.0900,36072
2017-09-15,25.5300,26.6100,25.1200,26.1700,73569
2017-09-08,25.1500,25.5000,25.0400,25.3500,24518
2017-09-01,25.2265,25.6200,23.9600,25.5700,65909
2017-08-25,25.5500,25.6000,24.8840,25.3700,18136
2017-08-18,26.5000,26.7400,25.4000,25.4100,52368
2017-08-11,27.4500,27.6500,26.4600,26.4600,31266
2017-08-04,27.9000,28.2000,27.5100,27.6600,42935
2017-07-28,28.0500,28.4800,27.8000,27.8000,32906
2017-07-21,28.0000,28.5000,27.5000,28.1300,42623
2017-07-14,28.5400,29.2000,27.5947,28.0500,26472
2017-07-07,28.5000,28.7500,28.0000,28.7500,22879
2017-06-30,27.1600,28.4900,26.9050,28.4000,61425
2017-06-23,26.9500,27.2500,26.8350,27.0500,135052
2017-06-16,26.9700,27.0000,26.3200,26.7200,71558
2017-06-09,27.1500,27.1500,26.3000,26.9400,64876
2017-06-02,26.1500,27.4400,25.5250,26.9600,29238
2017-05-26,25.4400,27.2400,25.2240,26.2200,39515
2017-05-19,27.5200,27.6000,25.2800,25.3800,42801
2017-05-12,28.2600,28.9000,27.0000,27.1800,26955
2017-05-05,29.1900,29.2500,26.2700,28.3000,34480
2017-04-28,27.6900,29.5600,26.3360,28.9900,49562
2017-04-21,26.0000,27.7500,25.3700,27.4900,50857
2017-04-13,26.2000,26.3200,25.5000,25.5800,49088
2017-04-07,25.9800,26.4400,25.5500,26.1800,68112
2017-03-31,26.1100,26.3600,25.7700,25.9100,40683
2017-03-24,26.8200,27.1000,25.8500,26.0000,48640
2017-03-17,26.0900,26.9900,26.0100,26.9800,92713
2017-03-10,26.0811,26.4416,25.9000,26.0300,37618
2017-03-03,26.8200,26.8500,25.8200,26.1400,28175
2017-02-24,26.8600,26.9500,26.0064,26.5200,16490
2017-02-17,26.7400,27.0900,25.9300,26.9500,36736
2017-02-10,26.0900,27.0900,25.5624,26.5000,54688
2017-02-03,26.9500,26.9500,25.6100,26.2000,41527
2017-01-27,25.1600,27.3000,25.0200,26.8800,24678
2017-01-20,25.1300,27.0500,25.1298,25.3600,45528
2017-01-13,27.4200,28.4300,25.0235,26.8000,64743
2017-01-06,28.7200,28.8500,26.6800,27.6400,67794
2016-12-30,28.7200,29.1600,27.1011,28.6000,97236
2016-12-23,28.3800,29.3400,28.2123,28.7400,94309
2016-12-16,28.0200,28.3600,26.9200,28.3500,361235
2016-12-09,23.5047,29.2700,23.4000,28.2400,225054
2016-12-02,23.6300,24.5400,23.1600,24.1500,67449
2016-11-25,22.6400,23.9900,21.5600,23.9300,34796
2016-11-18,21.4900,22.8150,21.1200,22.7000,73898
2016-11-11,20.3000,21.4300,19.9900,21.4000,132189
2016-11-04,21.0000,21.1000,20.1500,20.1600,41722
2016-10-28,21.1500,21.2400,20.6300,21.0400,39277
2016-10-21,21.2700,21.6400,20.5500,21.1600,21976
2016-10-14,21.6600,21.7400,21.0797,21.2200,64507
2016-10-07,21.8100,21.8100,21.3100,21.5800,34330
2016-09-30,21.4200,21.9000,21.3600,21.8800,49823
2016-09-23,21.0800,21.5800,21.0800,21.5100,49942
2016-09-16,21.0300,21.5500,20.8000,20.8500,116252
2016-09-09,21.0600,21.3300,20.8600,21.1300,77435
2016-09-02,20.8900,20.9900,20.7000,20.9800,41154
2016-08-26,21.2500,21.4900,20.0174,20.8800,33346
2016-08-19,21.3100,21.4900,20.7500,21.2800,49682
2016-08-12,20.9500,21.3500,20.5200,21.3100,26220
2016-08-05,21.0200,21.2750,20.3700,20.8300,33890
2016-07-29,21.3300,21.6300,19.9510,21.2100,71477
2016-07-22,21.5600,21.6400,19.9600,21.3500,90463
2016-07-15,21.0000,21.8000,20.5012,21.6000,99478
2016-07-08,20.2600,20.9000,20.1200,20.9000,83116
2016-07-01,19.8500,20.5100,19.7600,20.3700,133464
2016-06-24,20.0400,21.5500,19.9100,20.0400,851030
2016-06-17,20.1500,20.6500,19.8600,19.8700,149803
2016-06-10,20.6000,20.7500,20.1700,20.2150,98989
2016-06-03,21.7300,21.7300,20.6000,20.6100,63565
2016-05-27,21.6000,21.7700,21.3700,21.7000,59836
2016-05-20,21.2300,21.6500,21.0000,21.5900,123090
2016-05-13,21.4600,21.8200,21.0500,21.1300,87243
2016-05-06,21.0000,21.8300,20.9200,21.6000,73503
2016-04-29,20.6600,21.0000,20.5640,20.9400,63829
2016-04-22,20.4800,20.7380,20.3100,20.6100,96331
2016-04-15,20.0000,20.9800,19.7900,20.4500,68599
2016-04-08,20.3900,20.5000,19.8700,20.0500,56945
2016-04-01,20.6500,20.6500,20.0000,20.2200,82135
2016-03-24,20.0740,20.7000,20.0300,20.7000,37754
2016-03-18,20.4500,20.7000,19.8100,20.0400,45554
2016-03-11,20.1100,20.6100,19.8800,20.4000,56017
2016-03-04,20.1000,20.6400,19.7100,20.0200,107243
2016-02-26,20.0600,20.4300,19.9000,20.1000,75024
2016-02-19,20.0000,20.3600,19.8101,19.9900,58432
2016-02-12,20.0000,20.3000,19.6540,19.9000,47421
2016-02-05,20.2977,20.6700,20.0100,20.2550,30132
2016-01-29,20.7000,20.7000,20.1100,20.4300,84198
2016-01-22,20.2300,20.7000,20.0100,20.3500,136175
2016-01-15,20.6100,20.8800,19.9900,20.2700,42327
2016-01-08,20.0800,21.0000,20.0800,20.4200,44586
2015-12-31,20.2000,21.0000,20.0000,20.3400,78736
2015-12-24,20.1400,20.3600,19.9587,20.2000,43206
2015-12-18,20.0500,20.1400,19.9000,20.1400,89064
2015-12-11,20.5000,20.5100,19.5000,20.0100,198311
2015-12-04,21.0900,21.0900,20.6000,20.9800,4759
2015-11-27,20.8000,20.8600,20.8000,20.8500,1012
2015-11-20,20.8700,20.9700,20.5000,20.8500,9889
2015-11-13,20.8800,21.1000,20.5001,20.8500,12595
2015-11-06,20.6300,21.0989,20.6100,20.9500,7773
2015-10-30,20.9900,21.0600,20.5700,20.6100,6316
2015-10-23,20.7399,21.1500,20.5950,20.9900,7286
2015-10-16,20.2500,20.7400,20.2500,20.7310,5757
2015-10-09,20.2500,20.4000,20.2500,20.3400,15432
2015-10-02,20.3500,20.7500,20.1500,20.2500,12944
2015-09-25,20.5500,20.5500,20.2500,20.2500,10599
2015-09-18,20.2500,21.0600,19.9500,20.4900,12176
2015-09-11,20.8300,20.8300,20.2500,20.6999,3349
2015-09-04,21.2000,21.2000,20.4001,20.4001,5920
2015-08-28,20.4500,21.5000,20.2000,20.3200,26306
2015-08-21,20.5500,20.7900,20.5500,20.7100,13101
2015-08-14,20.6700,20.7999,20.1500,20.5500,17541
2015-08-07,21.8925,22.0000,20.5000,20.9200,8010
2015-07-31,20.2500,21.2500,19.6700,20.6700,20552
2015-07-24,20.4000,20.7200,19.8000,20.2100,24710
2015-07-17,20.3500,20.5800,19.7800,20.2600,35758
2015-07-10,20.3000,20.7330,20.2500,20.2500,17576
2015-07-02,20.7300,20.7500,20.0110,20.3000,11433
2015-06-26,20.7100,21.1800,20.5000,20.6700,21662
2015-06-19,20.7600,21.2500,20.7400,20.7400,12944
2015-06-12,20.5932,21.6500,20.5932,20.9800,11088
2015-06-05,21.2500,21.2500,20.5500,20.5932,4263
2015-05-29,21.0700,21.4899,20.6000,21.2500,10287
2015-05-22,21.2300,21.4600,21.1800,21.4600,4356
2015-05-15,21.1500,21.3000,21.0100,21.2300,3509
2015-05-08,21.0500,21.3400,21.0000,21.1500,27674
2015-05-01,21.8200,21.8200,20.5000,21.6400,6378
2015-04-24,20.4000,21.8200,20.2505,21.8200,6435
2015-04-17,20.4300,20.6300,19.2200,20.0050,12192
2015-04-10,20.5000,20.7000,20.0700,20.6200,17984
2015-04-02,20.5800,20.7490,20.3000,20.6800,5112
2015-03-27,20.2500,20.7400,19.4700,20.3800,18414
2015-03-20,20.5000,20.7500,20.2500,20.2600,13734
2015-03-13,20.5000,20.5000,20.2500,20.5000,9447
2015-03-06,20.6600,21.0000,20.2500,20.4700,12239
2015-02-27,20.4500,20.5000,20.3000,20.5000,3853
2015-02-20,19.8000,20.2682,19.2300,20.2682,5369
2015-02-13,19.2700,19.8500,19.1600,19.7900,13843
2015-02-06,20.0000,20.2400,18.7000,19.0500,19916
2015-01-30,19.8300,20.2399,19.7600,20.2399,12624
2015-01-23,19.7700,19.9999,19.5000,19.9900,9071
2015-01-16,19.8500,19.9900,19.5500,19.5717,6760
2015-01-09,20.1000,20.3400,19.6800,19.8200,4228
2015-01-02,19.7200,20.4495,19.6600,19.6750,6480
2014-12-26,19.7500,20.2100,19.7500,20.0700,12002
2014-12-19,20.4593,20.4593,19.6200,19.7500,2287
2014-12-12,19.8701,20.4593,19.5700,20.4593,7379
2014-12-05,19.8000,19.9600,19.5000,19.9200,5620
2014-11-28,20.2600,20.2600,19.3500,19.8000,8718
2014-11-21,22.0000,22.0500,19.9500,20.2500,6981
2014-11-14,22.5000,23.9000,21.0000,21.8500,16488
2014-11-07,19.7278,24.0000,19.7278,22.9890,21791
2014-10-31,21.1001,21.7200,19.5000,19.5000,6422
2014-10-24,20.6505,21.8100,20.3700,21.6875,9821
2014-10-17,20.5000,21.4935,17.1000,20.6505,12470
2014-10-10,20.8700,20.9000,20.5450,20.6400,2768
2014-10-03,20.6500,20.6500,20.1900,20.5000,6195
2014-09-26,21.0200,21.0200,20.3001,20.3350,7827
2014-09-19,20.2000,21.2500,20.2000,21.0200,31300
2014-09-12,21.5000,21.5000,20.0800,20.4000,41725
2014-09-05,20.9377,21.8500,20.9377,21.0500,7171
2014-08-29,21.7900,21.8500,20.6510,21.8500,11888
2014-08-22,20.7400,21.8400,20.3550,21.8400,46448
2014-08-15,20.4300,21.2500,20.2800,21.0000,64538
2014-08-08,20.7400,21.2200,19.9700,20.5100,34559
2014-08-01,20.7499,21.0000,20.2900,20.3500,34986
2014-07-25,20.6700,21.1000,20.1400,21.0000,29337
2014-07-18,21.4650,21.7400,20.6700,20.6700,29295
2014-07-11,21.0300,21.6390,21.0000,21.3900,7484
2014-07-03,21.5000,21.6000,21.0500,21.0500,10135
2014-06-27,21.0200,21.4000,20.1300,21.4000,66250
2014-06-20,20.9300,21.4000,20.8000,21.0800,113288
2014-06-13,21.4000,21.5000,20.8000,20.8500,30093
2014-06-06,20.6001,21.5000,20.6001,21.4000,11343
2014-05-30,20.0100,21.2000,20.0100,21.0900,6386
2014-05-23,20.0530,21.2000,19.6550,20.8400,9490
2014-05-16,21.2500,21.5100,19.4500,20.0101,23231
2014-05-09,21.5000,21.5000,21.2500,21.4900,2256
2014-05-02,21.5900,21.7900,21.2500,21.5000,22736
2014-04-25,21.4300,21.8500,21.2500,21.6200,48259
2014-04-17,21.5000,21.8800,21.0282,21.3900,5160
2014-04-11,20.9500,21.9200,20.8500,21.9200,2760
2014-04-04,21.4200,21.5400,20.6500,21.0000,22979
2014-03-28,21.8699,22.0400,21.4800,21.5000,5895
2014-03-21,21.3000,21.9000,21.3000,21.7500,13891
2014-03-14,20.5000,21.7300,20.5000,21.2700,20130
2014-03-07,20.9600,21.5000,20.2600,21.5000,13383
2014-02-28,20.6500,20.9999,20.2200,20.2200,11290
2014-02-21,20.5892,20.6000,19.9500,20.5910,6261
2014-02-14,20.0700,20.3990,19.9100,20.2200,16888
2014-02-07,20.5100,21.4850,19.9500,20.0500,9847
2014-01-31,20.8912,21.6471,19.8800,19.8800,4020
2014-01-24,21.7600,22.0340,21.3500,21.3500,14653
2014-01-17,21.5100,22.3500,21.5100,21.8800,32951
2014-01-10,19.2200,21.7500,19.1401,21.6300,13095
2014-01-03,19.4600,20.0001,19.4600,20.0001,26312
2013-12-27,19.0180,19.8000,18.9000,19.5700,3912
2013-12-20,19.6400,19.7200,18.5000,19.0800,9999
2013-12-13,20.4300,20.4300,19.5100,19.6400,7468
2013-12-06,19.9500,20.0000,19.5000,19.6700,3740
2013-11-29,19.8800,20.0000,19.1000,19.6100,10738
2013-11-22,19.5000,19.8800,19.1000,19.8800,7917
2013-11-15,21.0400,21.2600,19.5300,19.5300,18370
2013-11-08,20.9700,21.4500,20.3600,21.3900,8716
2013-11-01,20.8100,21.4700,20.2500,21.0000,9165
2013-10-25,21.0000,21.9800,18.4800,21.0200,61504
2013-10-18,18.8700,21.9600,18.5000,20.9900,35841
2013-10-11,17.9200,19.0100,17.5700,18.8000,29000
2013-10-04,18.0000,18.1470,17.7000,17.9400,19009
2013-09-27,17.8800,18.0900,17.7000,18.0000,4010
2013-09-20,18.2200,18.3600,17.6200,17.8800,24147
2013-09-13,18.1000,18.1500,18.0000,18.0700,3756
2013-09-06,17.8400,18.5000,17.7700,18.1000,4235
2013-08-30,17.9900,18.3999,17.5000,17.6200,24444
2013-08-23,18.0500,18.4999,17.8001,17.9500,18679
2013-08-16,17.6000,18.4299,17.5200,18.0300,38722
2013-08-09,18.0800,18.2400,17.4600,17.7400,16334
2013-08-02,18.1100,19.1000,17.5500,18.1700,19650
2013-07-26,17.8300,18.5000,17.5000,18.0900,33604
2013-07-19,17.5000,18.0000,17.2500,17.4720,21929
2013-07-12,17.5000,17.6900,17.4500,17.5200,22774
2013-07-05,17.4000,17.5000,17.2600,17.4200,11647
2013-06-28,17.2200,17.4500,17.0100,17.4000,25183
2013-06-21,17.3500,17.4460,16.9000,17.3500,6864
2013-06-14,17.2700,17.3500,15.9700,17.3500,22019
2013-06-07,17.2400,17.4500,17.0800,17.2500,11548
2013-05-31,17.3000,17.5000,17.1000,17.1000,11029
2013-05-24,17.4900,17.5000,16.5601,17.4200,18182
2013-05-17,17.5900,17.5900,17.0701,17.4700,33074
2013-05-10,16.3900,17.5000,16.3500,17.5000,17521
2013-05-03,16.7500,16.8000,16.2500,16.3400,19907
2013-04-26,16.3800,16.8000,16.0501,16.3500,18280
2013-04-19,15.4600,16.5000,15.2500,16.4100,38287
2013-04-12,15.6700,15.7400,15.3500,15.4000,9829
2013-04-05,16.3100,16.5000,15.3700,15.7400,23382
2013-03-28,16.4700,16.7500,15.6500,16.6840,12991
2013-03-22,16.3600,16.8000,16.1700,16.5000,22780
2013-03-15,16.7500,16.7900,16.2700,16.3800,12744
2013-03-08,16.8700,16.8865,16.1401,16.2700,5840
2013-03-01,16.5500,16.8500,16.1100,16.4000,7935
2013-02-22,16.7800,16.9000,16.5200,16.5400,5667
2013-02-15,16.3300,16.8700,16.3300,16.6200,11850
2013-02-08,16.0000,16.8492,15.5990,16.6000,38396
2013-02-01,15.3400,16.2500,15.2800,15.9600,25491
2013-01-25,15.2000,15.8000,14.9300,15.3800,16815
2013-01-18,15.1400,15.4000,14.7000,15.2000,17360
2013-01-11,14.9900,15.1700,14.8700,15.0400,19307
2013-01-04,15.1100,15.3100,14.7088,14.9000,18439
2012-12-28,14.7599,15.3000,14.6748,15.2500,12799
2012-12-21,15.1000,15.3800,14.6901,14.9600,19441
2012-12-14,14.5800,15.0400,14.5000,14.6900,14767
2012-12-07,14.8200,15.6500,14.5100,15.0000,31385
2012-11-30,15.0599,15.2401,14.5100,14.7100,31635
2012-11-23,14.9100,15.2500,14.7500,15.0000,35027
2012-11-16,14.6700,15.1900,14.5000,14.7500,6373
2012-11-09,15.2500,15.7600,14.5500,14.6300,15971
2012-11-02,15.3500,15.4000,15.2000,15.2501,9687
2012-10-26,16.0000,16.0000,14.7000,15.3500,23174
2012-10-19,15.5000,16.1700,15.1000,15.5101,47304
2012-10-12,14.4100,15.5000,14.2000,15.2700,37252
2012-10-05,14.3200,14.5000,14.2700,14.4999,15249
2012-09-28,14.2300,14.5000,14.2300,14.3399,9014
2012-09-21,14.8300,14.8800,14.1800,14.2500,22554
2012-09-14,14.7600,15.0300,14.5000,14.8800,24970
2012-09-07,15.4900,15.4900,14.6000,14.9700,19428
2012-08-31,15.1599,15.3900,15.0000,15.3700,18009
2012-08-24,15.2500,15.5500,14.8100,15.1600,21615
2012-08-17,15.4800,15.5900,15.0400,15.1900,8958
2012-08-10,15.7200,15.7300,15.3500,15.4300,8462
2012-08-03,15.1200,15.8600,15.0900,15.7200,7047
2012-07-27,15.7700,16.1400,15.3500,15.7400,12504
2012-07-20,14.0500,16.1600,13.6800,16.1400,51309
2012-07-13,13.8200,14.0000,13.5001,14.0000,6973
2012-07-06,13.8400,13.8400,13.2500,13.8400,7001
2012-06-29,13.1400,13.8400,13.1400,13.8400,22493
2012-06-22,13.5600,13.8500,12.5100,13.2500,7142
2012-06-15,13.5400,13.7100,13.0000,13.7100,8220
2012-06-08,13.5800,13.6600,13.1900,13.5400,5538
2012-06-01,13.7500,13.7500,13.1200,13.5600,6427
2012-05-25,13.3500,13.7500,13.1000,13.6500,13961
2012-05-18,13.2800,13.7500,12.9900,13.4900,19631
2012-05-11,13.6900,13.7540,12.9600,12.9600,11984
2012-05-04,13.6700,13.8000,13.3000,13.5700,8259
2012-04-27,13.6500,13.8500,13.3000,13.7000,14467
2012-04-20,11.1900,13.8792,11.1700,13.7000,46096
2012-04-13,10.9300,11.1700,10.8100,11.1100,4610
2012-04-05,10.9000,11.1900,10.7700,10.8500,5291
2012-03-30,11.0000,11.2000,10.7100,11.2000,16821
2012-03-23,10.8300,11.0000,10.5000,11.0000,8366
2012-03-16,10.8800,11.1000,10.6400,10.6900,10304
2012-03-09,10.6500,10.9000,10.2900,10.8470,18744
2012-03-02,10.3400,10.7500,10.1500,10.6800,5964
2012-02-24,10.7200,10.7500,10.4950,10.6400,6169
2012-02-17,10.2100,10.7500,10.0500,10.7500,26175
2012-02-10,10.2800,10.4500,10.0500,10.1100,15817
2012-02-03,10.1600,10.3500,10.0000,10.3500,11155
2012-01-27,9.9500,10.2500,9.4700,10.2300,27702
2012-01-20,9.0499,9.9500,9.0200,9.9400,20883
2012-01-13,8.8800,9.3500,8.8000,8.8000,4391
2012-01-06,8.5000,9.5700,8.2800,8.8600,3877
2011-12-30,8.3950,8.4430,8.2570,8.3000,9134
2011-12-23,8.2700,8.4800,8.2500,8.3000,16268
2011-12-16,8.3600,8.4400,8.2700,8.4400,854
2011-12-09,8.4100,8.4500,8.2500,8.3600,6960
2011-12-02,8.4600,8.6900,8.3500,8.5000,6076
2011-11-25,8.5400,8.5400,8.3500,8.4000,2500
2011-11-18,8.3601,8.5500,8.3500,8.4600,1355
2011-11-11,8.4000,9.0060,8.3500,8.4600,6301
2011-11-04,9.0000,9.0300,8.2300,8.4000,20787
2011-10-28,9.1100,9.2000,8.8500,8.9500,9167
2011-10-21,8.4200,9.4600,8.3800,9.1000,13227
2011-10-14,9.3400,9.3400,8.5000,8.5100,14960
2011-10-07,9.2000,9.7500,8.2500,8.9400,22686
2011-09-30,9.8500,10.0000,9.5000,9.5300,3974
2011-09-23,9.7900,9.9000,9.5001,9.8400,2309
2011-09-16,9.6500,9.7500,8.7500,9.6800,12537
2011-09-09,9.6100,10.0500,9.5000,9.5500,8892
2011-09-02,9.9500,10.0760,9.7500,9.7500,4995
2011-08-26,10.0050,10.0900,9.7100,9.9180,8078
2011-08-19,10.4000,10.5500,10.0400,10.0400,2384
2011-08-12,9.1100,10.6100,9.0000,10.3200,7014
2011-08-05,10.1900,10.2300,9.1200,9.5100,6361
2011-07-29,10.5000,10.5000,10.1101,10.1900,4404
2011-07-22,10.3000,10.8260,10.3000,10.4700,7196
2011-07-15,10.8500,10.8900,10.2700,10.2700,13207
2011-07-08,10.9700,11.0000,10.5300,10.8200,13889
2011-07-01,10.5200,11.0000,10.4500,11.0000,25363
2011-06-24,10.5500,10.5500,10.2300,10.5000,13766
2011-06-17,10.3100,10.5500,10.0700,10.5500,13401
2011-06-10,10.3800,10.6001,10.0501,10.2101,16589
2011-06-03,10.5800,10.7500,10.2000,10.4300,5817
2011-05-27,10.2300,10.8400,10.0200,10.6300,14363
2011-05-20,10.2700,10.8000,10.2001,10.3100,14496
2011-05-13,10.5500,10.8020,10.2000,10.5043,20642
2011-05-06,10.6800,10.9000,10.5601,10.7400,18714
2011-04-29,10.8900,10.9000,10.4700,10.8800,9302
2011-04-21,10.1900,11.2500,10.1900,10.8100,6507
2011-04-15,10.9000,11.2500,10.1700,10.5000,11316
2011-04-08,10.9000,11.0200,10.5500,10.8000,8880
2011-04-01,10.1000,10.9500,10.1000,10.9000,10850
2011-03-25,10.3640,10.5500,10.0300,10.0300,9740
2011-03-18,10.8500,11.1701,10.0624,10.3300,19226
2011-03-11,10.5600,11.0000,10.3000,10.8200,7114
2011-03-04,10.5000,10.8800,10.1000,10.4600,7803
2011-02-25,10.3500,10.6400,10.0180,10.6400,13748
2011-02-18,10.4900,10.8800,10.2000,10.3500,13541
2011-02-11,10.1600,10.4900,10.1500,10.3550,12635
2011-02-04,10.1500,10.4000,10.1350,10.1501,9418
2011-01-28,10.3100,10.4500,10.0700,10.3800,9062
2011-01-21,10.1200,11.2300,9.8100,10.3000,32923
2011-01-14,9.7900,10.2500,9.5424,10.2100,16628
2011-01-07,9.4000,9.8000,9.3000,9.5300,15959
2010-12-31,8.9700,9.5000,8.9500,9.5000,27138
2010-12-23,8.9000,8.9700,8.4900,8.6500,35293
2010-12-17,8.8800,8.9900,8.6500,8.6800,6879
2010-12-10,9.0800,9.4400,8.6700,8.8799,9542
2010-12-03,8.8500,9.2300,8.7500,8.9800,16978
2010-11-26,8.8700,9.1300,8.8500,8.9000,4702
2010-11-19,9.1001,9.2500,8.7700,8.8500,5546
2010-11-12,9.0100,9.2500,9.0000,9.0000,5374
2010-11-05,9.0200,9.2500,8.7500,9.2000,3916
2010-10-29,8.4000,9.4800,8.3400,9.3100,23385
2010-10-22,8.3400,8.7500,8.2000,8.6100,15892
2010-10-15,8.1300,8.4899,8.1300,8.3800,30163
2010-10-08,8.3400,8.5000,8.0300,8.1975,9766
2010-10-01,8.2400,8.5000,8.1500,8.3400,32233
2010-09-24,8.0100,8.2500,8.0100,8.2400,8136
2010-09-17,7.9200,8.2500,7.5400,8.2500,10815
2010-09-10,8.2999,8.3000,7.8500,7.9200,5143
2010-09-03,7.8000,8.2300,7.8000,7.9000,1471
2010-08-27,8.2900,8.2900,7.8000,7.8501,3151
2010-08-20,8.2000,8.3000,8.0000,8.2900,7096
2010-08-13,8.0500,8.4900,8.0500,8.2361,14911
2010-08-06,8.5100,8.5100,8.0000,8.0900,17866
2010-07-30,8.2500,8.4000,8.2500,8.3001,10826
2010-07-23,7.3500,8.3200,7.3500,8.2500,16616
2010-07-16,7.3000,7.6000,7.0800,7.6000,7053
2010-07-09,7.1000,7.4899,7.0500,7.3000,6195
2010-07-02,7.4400,7.4400,7.1000,7.1000,5203
2010-06-25,7.4999,7.4999,7.1000,7.4400,7717
2010-06-18,7.3000,7.5599,7.0550,7.4300,14448
2010-06-11,7.2600,7.6400,7.1700,7.2400,4200
2010-06-04,8.1600,8.1620,7.2000,7.3400,16178
2010-05-28,8.1000,8.6500,7.9900,8.1500,6577
2010-05-21,8.1700,8.5400,8.1000,8.1001,28618
2010-05-14,8.3999,8.8599,8.0600,8.3800,10454
2010-05-07,8.6000,8.6000,8.0000,8.1900,10674
2010-04-30,8.8700,8.8700,8.5500,8.5500,22164
2010-04-23,8.6700,9.1500,8.5100,8.8500,31717
2010-04-16,7.1500,9.0000,6.7010,8.6700,29674
2010-04-09,7.2000,7.2000,6.7010,7.0800,13168
2010-04-01,6.7200,7.6000,6.7200,7.2501,23884
2010-03-26,6.0700,6.7400,6.0200,6.7399,7200
2010-03-19,5.9450,6.0900,5.7800,6.0600,17301
2010-03-12,5.9500,5.9999,5.6770,5.9499,4425
2010-03-05,5.8999,6.0000,5.6500,5.9500,6785
2010-02-26,5.9000,5.9000,5.4020,5.6500,9470
2010-02-19,5.7500,5.9000,5.5200,5.9000,12957
2010-02-12,5.5400,5.7000,5.4400,5.4999,59837
2010-02-05,5.5000,5.6500,5.3300,5.4800,28742
2010-01-29,5.4900,5.7000,5.3400,5.6800,26202
2010-01-22,5.4700,5.5500,5.2300,5.4200,4544
2010-01-15,5.4800,5.7400,5.0000,5.5000,9428
2010-01-08,5.3000,5.4800,5.0950,5.4800,8105
2009-12-31,5.2800,5.2800,5.1200,5.2799,18155
2009-12-24,5.2600,5.2899,5.1289,5.2770,15880
2009-12-18,5.8000,5.8500,5.2300,5.2800,19333
2009-12-11,5.8000,5.9000,5.7700,5.8000,13100
2009-12-04,6.0900,6.0900,5.8000,5.8001,4850
2009-11-27,5.9145,6.0000,5.7700,6.0000,7520
2009-11-20,5.9501,6.0000,5.9000,5.9000,6274
2009-11-13,5.9500,6.0000,5.9000,6.0000,10870
2009-11-06,5.9500,6.0000,5.9000,6.0000,16397
2009-10-30,5.8375,6.1000,5.8300,5.9000,29173
2009-10-23,6.0000,6.0000,5.8272,5.9987,6558
2009-10-16,5.7900,6.0000,5.2500,6.0000,21801
2009-10-09,6.2399,6.2400,5.7000,5.7000,2249
2009-10-02,5.7600,6.1575,5.7200,5.7500,4421
2009-09-25,5.7900,6.0000,5.7900,5.8501,9194
2009-09-18,6.4000,6.4000,5.9700,5.9700,15356
2009-09-11,6.3550,6.4000,6.2500,6.4000,7380
2009-09-04,6.6000,6.6000,6.2500,6.4000,5774
2009-08-28,6.5050,6.9499,6.3500,6.6000,6731
2009-08-21,6.5000,6.8999,6.4900,6.5000,11485
2009-08-14,6.8500,7.0000,6.0800,6.5000,6991
2009-08-07,6.6700,6.8600,6.3500,6.8500,3992
2009-07-31,6.5100,6.7000,6.2100,6.6700,10091
2009-07-24,6.6800,6.7400,6.3700,6.6400,9813
2009-07-17,6.5000,6.9680,6.5000,6.6600,17346
2009-07-10,6.5000,7.5000,6.2000,6.5000,3466
2009-07-02,7.5660,7.5660,6.3000,6.3000,2031
2009-06-26,6.5000,7.8625,6.2000,6.3600,49573
2009-06-19,6.8700,7.3099,6.5000,6.5000,27105
2009-06-12,6.8700,7.8000,6.5500,6.7100,10723
2009-06-05,6.7500,8.2500,6.7500,7.5000,32915
2009-05-29,6.5000,7.2700,6.0500,6.6000,21494
2009-05-22,8.3100,8.3100,6.4000,6.4000,26130
2009-05-15,8.5000,9.0000,7.9100,7.9100,21208
2009-05-08,7.9900,8.7000,7.3700,8.6900,5428
2009-05-01,8.8500,9.0000,8.1600,8.2001,8907
2009-04-24,8.6001,9.8588,8.2500,8.8500,5549
2009-04-17,8.8100,9.3000,8.5500,9.0000,8224
2009-04-09,8.5000,8.8300,8.5000,8.8300,3187
2009-04-03,8.0500,8.3300,8.0500,8.3300,1400
2009-03-27,7.9500,8.7500,7.9500,8.0500,2600
2009-03-20,8.4900,8.7300,7.8000,7.9500,2650
2009-03-13,7.2500,8.5000,6.5000,7.9900,4431
2009-03-06,7.9400,8.2000,6.6400,6.6400,20269
2009-02-27,7.9800,8.2500,7.9300,7.9400,2662
2009-02-20,7.9100,8.4100,7.0000,7.0000,500
2009-02-13,8.8700,8.8899,7.0340,7.9100,4301
2009-02-06,8.9000,8.9000,6.5200,7.9900,4750
2009-01-30,8.0000,9.0000,7.5000,7.5000,5578
2009-01-23,8.7500,8.8999,7.8799,7.8799,2000
2009-01-16,9.0000,9.0000,8.2500,8.7500,1893
2009-01-09,8.9500,9.0000,8.4800,9.0000,16737
2009-01-02,8.5000,9.0500,7.7600,8.9100,32513
2008-12-26,8.9400,8.9400,8.5300,8.7500,3386
2008-12-19,8.0000,9.0000,7.7500,8.5200,22235
2008-12-12,8.5500,9.0500,8.1000,8.2399,4251
2008-12-05,8.4600,8.9600,8.2600,8.6000,1818
2008-11-28,8.4700,9.0000,8.0000,8.5000,3325
2008-11-21,9.7700,10.4500,8.0600,8.1400,7371
2008-11-14,9.7600,10.0000,9.7600,9.9900,4898
2008-11-07,10.2100,10.4200,9.7500,9.7500,4680
2008-10-31,10.4600,10.9600,9.5000,10.2100,4600
2008-10-24,11.7500,11.8600,10.2850,10.4600,10719
2008-10-17,11.4000,11.7500,10.5000,11.6000,4646
2008-10-10,11.5300,11.6500,11.5300,11.6500,1554
2008-10-03,12.0000,12.7200,10.8000,12.7200,6043
2008-09-26,12.1000,12.5000,11.3000,12.0000,6938
2008-09-19,12.6900,12.7400,11.7500,12.7200,17180
2008-09-12,12.7400,12.7400,11.9100,11.9100,4020
2008-09-05,12.4000,13.0900,12.2800,12.5500,1424
2008-08-29,12.1500,13.5000,11.9500,12.9000,5903
2008-08-22,12.4500,12.9400,12.0000,12.5200,2584
2008-08-15,12.8600,13.0199,12.0000,12.4500,10888
2008-08-08,12.0000,13.4800,12.0000,13.1070,2034
2008-08-01,12.4000,13.1800,12.1000,12.1000,3405
2008-07-25,11.9680,13.2000,11.9680,12.4000,5196
2008-07-18,11.7900,12.4999,11.5500,11.9680,9882
2008-07-11,12.3500,13.0000,11.0500,11.5500,10996
2008-07-03,14.2200,14.2500,12.2500,12.2500,13518
2008-06-27,14.4500,14.9999,13.9000,14.2100,9020
2008-06-20,15.0500,15.1100,13.7201,13.7201,24425
2008-06-13,15.8900,15.9400,14.7840,15.0000,11665
2008-06-06,15.7700,15.8000,15.7700,15.8000,735
2008-05-30,16.3000,16.3000,15.7700,15.7700,592
2008-05-23,16.2500,16.7500,15.8600,16.0500,5276
2008-05-16,16.1000,16.9400,16.1000,16.2500,16234
2008-05-09,15.8501,17.4000,15.8501,16.1001,3188
2008-05-02,15.9700,16.2000,15.8000,15.9000,7265
2008-04-25,16.5300,17.0000,14.9200,15.9700,16110
2008-04-18,15.7500,17.5000,15.6600,17.0000,24181
2008-04-11,16.3000,16.7000,15.6600,15.6600,7032
2008-04-04,16.2400,17.0000,16.2400,16.2400,1812
2008-03-28,16.6500,17.1000,15.3300,17.0500,6306
2008-03-20,15.7500,16.6500,15.7500,16.6499,2353
2008-03-14,16.7500,17.1900,15.3600,16.0000,14460
2008-03-07,17.3899,17.4399,16.5500,16.7500,1430
2008-02-29,17.4200,17.4200,16.9000,17.3899,4724
2008-02-22,17.0000,17.7000,16.9000,17.5000,16536
2008-02-15,16.9100,17.7400,16.9000,17.2600,9562
2008-02-08,17.2600,17.7500,16.0500,17.7500,14150
2008-02-01,16.3500,17.2500,16.1500,17.2500,4907
2008-01-25,15.6600,17.7500,15.6600,16.0601,4673
2008-01-18,17.1500,17.3600,15.4000,17.3600,10539
2008-01-11,17.7500,17.7500,16.5800,17.0300,27468
2008-01-04,17.0300,17.6400,17.0300,17.4400,6078
2007-12-28,16.5000,17.3800,16.2600,17.0300,6362
2007-12-21,17.1401,17.3000,15.0000,16.5000,16663
2007-12-14,17.4000,17.7500,17.0100,17.5700,9443
2007-12-07,18.2501,18.4300,16.5000,17.5000,18784
2007-11-30,18.0000,18.4900,17.4500,18.0900,15406
2007-11-23,17.2800,17.5300,17.2500,17.5000,1594
2007-11-16,18.3400,18.3400,17.0700,17.4600,3045
2007-11-09,17.1100,17.9600,17.1100,17.7400,8906
2007-11-02,18.0000,18.3500,17.1500,17.5500,2074
2007-10-26,16.9500,18.4200,16.9500,17.3000,9809
2007-10-19,17.6000,17.7400,16.9100,16.9200,14970
2007-10-12,18.5320,19.0000,17.5600,17.9850,34052
2007-10-05,17.5000,18.5100,17.5000,18.2500,15416
2007-09-28,18.5000,19.0000,17.8900,18.0000,19130
2007-09-21,18.9900,18.9900,18.4700,18.9500,3536
2007-09-14,19.0000,19.0000,18.9900,18.9900,300
2007-09-07,18.2500,19.2500,18.2500,19.2500,12979
2007-08-31,18.0000,18.4900,18.0000,18.2500,1300
2007-08-24,18.5000,18.5000,18.0000,18.0000,6271
2007-08-17,17.9900,18.4600,17.5200,18.0000,5379
2007-08-10,17.5000,18.3000,17.0000,17.4200,4767
2007-08-03,17.9500,18.1400,17.0000,17.4500,1484
2007-07-27,19.4000,19.4000,17.0300,18.1480,7086
2007-07-20,19.4800,19.4800,18.7100,19.4000,3728
2007-07-13,19.4800,19.4900,18.9000,19.4800,2956
2007-07-06,19.4900,19.4900,18.8500,19.4899,2545
2007-06-29,19.1000,19.5200,18.8200,18.8200,2393
2007-06-22,19.4100,19.4400,18.9900,19.0600,8830
2007-06-15,19.5600,19.5600,19.0000,19.4100,2143
2007-06-08,19.5000,19.5900,19.1000,19.5600,2222
2007-06-01,19.2500,19.6620,19.2500,19.5600,601
2007-05-25,19.1900,19.7500,19.1500,19.3300,3173
2007-05-18,19.2001,19.4500,19.1000,19.3000,13850
2007-05-11,19.4719,19.5000,19.2200,19.5000,17250
2007-05-04,19.2500,19.9499,19.2000,19.4500,4681
2007-04-27,19.1100,19.6400,18.9500,19.2500,5448
2007-04-20,19.5000,20.0000,17.3600,18.9000,15944
2007-04-13,19.5000,19.7299,19.2500,19.2500,13453
2007-04-05,19.0000,19.7500,19.0000,19.5000,1220
2007-03-30,19.9900,20.0000,19.0300,19.0300,5112
2007-03-23,19.5501,20.1000,19.5500,19.9000,45527
2007-03-16,20.1900,20.1900,20.0000,20.1000,1009
2007-03-09,20.2000,20.2000,19.8100,20.0500,11794
2007-03-02,19.8600,20.3600,19.8000,20.0000,9837
2007-02-23,19.8000,20.0100,19.8000,20.0000,6681
2007-02-16,19.7500,20.0000,19.7400,19.8000,2834
2007-02-09,19.5400,19.7500,19.5000,19.7500,25066
2007-02-02,19.5000,20.0000,19.4800,19.8000,2758
2007-01-26,19.5100,19.7200,19.4800,19.4800,2960
2007-01-19,19.6700,19.8500,19.3600,19.3600,15184
2007-01-12,19.7500,19.7500,19.3500,19.7500,3735
2007-01-05,20.2700,20.4800,19.5700,20.1400,3626
2006-12-29,19.9900,20.4281,19.7600,20.3000,10494
2006-12-22,19.8500,20.4000,19.4000,19.9900,12135
2006-12-15,19.8400,20.3400,19.6501,19.9100,22052
2006-12-08,20.0000,20.2500,19.6500,19.9900,18479
2006-12-01,20.0000,20.0000,19.9900,20.0000,3350
2006-11-24,20.5000,20.5000,19.2800,20.0000,4050
2006-11-17,19.5100,19.9500,19.5100,19.9500,335
2006-11-10,20.8700,21.2500,19.5100,19.5100,1852
2006-11-03,20.1900,20.9600,20.1500,20.5200,3374
2006-10-27,19.5000,20.6200,19.1000,19.6410,2369
2006-10-20,20.4999,21.0000,19.1180,19.5000,5090
2006-10-13,19.8830,20.0000,19.8500,19.8500,4243
2006-10-06,19.6000,20.0000,19.0476,19.0476,1497
2006-09-29,20.0000,20.0000,19.6000,19.6000,1130
2006-09-22,19.5000,19.9800,19.5000,19.6000,31077
2006-09-15,19.3500,19.7000,19.3500,19.7000,5344
2006-09-08,19.5000,19.5000,19.3500,19.5000,3499
2006-09-01,19.2500,19.2500,19.0000,19.0000,1102
2006-08-25,19.0000,19.4000,19.0000,19.2500,470
2006-08-18,18.8000,19.5000,18.8000,19.0000,6942
2006-08-11,19.1000,19.1000,18.8000,18.8000,1057
2006-08-04,19.1200,19.1200,19.0000,19.1000,2477
2006-07-28,18.7500,19.9500,18.7500,19.9500,2437
2006-07-21,19.0500,19.2500,18.7500,18.7500,2184
2006-07-14,18.9700,19.1100,18.9000,19.0500,4404
2006-07-07,19.0000,19.0100,19.0000,19.0100,3000
2006-06-30,19.1500,19.3770,18.9000,19.0000,6371
2006-06-23,18.8500,19.1500,18.8500,19.1500,5599
2006-06-16,18.8500,19.0000,18.8500,19.0000,812
2006-06-09,18.8500,19.6499,18.8500,18.8500,687
2006-06-02,18.8000,18.8501,18.8000,18.8500,1996
2006-05-26,18.8000,19.0000,18.8000,18.8000,2544
2006-05-19,20.4900,20.5000,18.8000,18.8000,22864
2006-05-12,19.9600,19.9600,19.5800,19.5800,400
2006-05-05,19.3500,19.3500,19.3500,19.3500,315
2006-04-28,19.3500,20.0000,19.3500,19.5500,1900
2006-04-21,20.0000,21.0000,19.6540,19.9000,2882
2006-04-13,19.4100,20.8100,19.4100,20.1600,2311
2006-04-07,20.5000,20.5000,19.4100,19.4100,1122
2006-03-31,19.8000,20.6400,19.6700,20.5000,8386
2006-03-24,20.0000,20.2500,19.7500,20.2500,3577
2006-03-17,20.0000,20.5500,20.0000,20.0000,5206
2006-03-10,20.3500,20.3500,20.0000,20.0000,1101
2006-03-03,20.5200,20.9500,20.0000,20.0400,1640
2006-02-24,21.5000,21.5000,19.5600,20.6200,5920
2006-02-17,19.9000,21.2500,19.5000,21.0000,10664
2006-02-10,19.7500,20.0000,19.5000,19.5000,1415
2006-02-03,19.7200,19.7500,19.5000,19.7500,1415
2006-01-27,19.2100,19.6900,19.2100,19.5000,700
2006-01-20,20.0000,20.0000,19.0200,19.4300,1724
2006-01-13,19.5000,20.0000,19.5000,20.0000,2000
2006-01-06,19.3700,19.9500,19.2500,19.9500,600
2005-12-30,19.9000,19.9000,19.3010,19.3730,5200
2005-12-23,19.3500,19.9000,19.2000,19.9000,4100
2005-12-16,19.2100,19.3500,18.7100,19.3500,2800
2005-12-09,19.0500,19.9700,19.0500,19.3620,10600
2005-12-02,19.0400,19.9200,19.0400,19.0500,8300
2005-11-25,19.6900,19.6900,18.7700,19.0400,1800
2005-11-18,19.3000,19.7000,19.2100,19.6900,8200
2005-11-11,18.6800,19.5500,18.6800,19.3000,4600
2005-11-04,18.5100,19.0000,18.5100,18.6700,3200
2005-10-28,18.2500,19.4000,18.1000,19.0000,8900
2005-10-21,18.2000,18.5000,18.2000,18.5000,1000
2005-10-14,18.1470,18.2000,18.0000,18.2000,3100
2005-10-07,18.2000,18.5000,18.1000,18.5000,1600
2005-09-30,18.1000,18.2000,18.1000,18.2000,200
2005-09-23,18.0000,18.5200,18.0000,18.1000,2700
2005-09-16,18.0000,18.5000,18.0000,18.4900,3900
2005-09-09,17.7500,18.6000,17.7500,17.8620,1500
2005-09-02,17.7800,18.3500,17.7000,18.1000,5600
2005-08-26,19.0000,19.0000,18.0000,18.5200,1300
2005-08-19,19.0700,19.0900,18.9900,19.0000,1400
2005-08-12,18.5000,20.7300,18.0000,19.2500,15400
2005-08-05,18.0000,18.2500,18.0000,18.0000,5500
2005-07-29,17.9500,18.5000,17.7000,18.0500,8500
2005-07-22,17.7500,18.7000,17.7500,18.4900,5400
2005-07-15,17.7600,18.5000,17.0100,18.0000,3100
2005-07-08,18.4400,18.4400,18.4400,18.4400,100
2005-07-01,18.1500,18.1500,17.6000,17.6000,500
2005-06-24,18.4400,18.4400,17.9500,18.1500,1600
2005-06-17,17.9500,18.7000,17.9500,18.1200,5800
2005-06-10,18.8000,18.8000,17.9420,17.9420,1700
2005-06-03,18.8550,18.9500,18.8000,18.8000,2800
2005-05-27,19.0500,19.5000,17.9400,18.8500,8000
2005-05-20,18.8700,19.7000,18.8700,19.3400,2400
2005-05-13,19.7500,22.2500,18.6000,18.8700,21300
2005-05-06,18.5000,19.3300,18.5000,18.5000,1700
2005-04-29,19.0500,19.7500,18.2500,18.5000,4148
2005-04-22,19.4100,19.5500,18.8700,19.4500,5731
2005-04-15,19.0300,19.5000,18.8500,19.4100,3500
2005-04-08,19.3800,19.5000,19.0000,19.0300,1600
2005-04-01,19.4000,19.8400,19.1000,19.3800,4600
2005-03-24,19.4010,19.9800,19.4010,19.8300,2600
2005-03-18,19.7500,19.9900,19.7500,19.9000,10100
2005-03-11,19.7000,19.7500,18.5000,19.7500,10800
2005-03-04,19.9900,20.0000,19.5000,19.7500,7000
2005-02-25,19.7510,19.8200,19.7500,19.7500,4149
2005-02-18,19.8100,20.4900,19.6200,20.0100,8800
2005-02-11,20.0000,20.2500,19.4000,20.2400,17100
2005-02-04,19.8000,20.2800,19.4100,20.2800,1100
2005-01-28,19.8000,20.2500,19.2000,19.8000,13900
2005-01-21,19.7400,20.2400,19.4900,19.4900,6900
2005-01-14,19.6000,19.9500,19.6000,19.9500,900
2005-01-07,18.8300,19.9400,18.8300,19.6000,4300
2004-12-31,19.6200,19.6200,19.2500,19.2500,1100
2004-12-23,19.9900,19.9900,19.0100,19.0100,2298
2004-12-17,19.8700,19.8700,19.0000,19.0000,10600
2004-12-10,19.4500,19.8700,19.0820,19.8700,2300
2004-12-03,18.9100,19.7500,18.9100,19.4500,8300
2004-11-26,19.2500,19.7500,18.9100,18.9100,1873
2004-11-19,18.9110,19.7200,18.9000,19.2500,12500
2004-11-12,18.8200,19.5500,18.8200,19.3200,20400
2004-11-05,18.7900,19.4900,18.7900,19.4900,500
2004-10-29,18.7800,19.5000,18.7510,18.7900,10500
2004-10-22,19.0000,19.2500,18.7500,18.7800,2100
2004-10-15,18.5600,19.0000,18.5600,19.0000,1100
2004-10-08,18.4000,19.0000,18.3100,18.5600,9400
2004-10-01,18.6200,18.6300,18.0610,18.6300,2300
2004-09-24,18.6300,18.6300,18.1100,18.1100,6500
2004-09-17,18.4990,18.6300,18.0200,18.0200,4600
2004-09-10,17.7000,18.6700,17.0500,18.5000,3800
2004-09-03,18.0000,18.5400,17.7000,17.7000,2900
2004-08-27,17.0100,18.1800,17.0000,18.0000,6100
2004-08-20,17.2000,17.2000,16.8500,16.8500,1400
2004-08-13,18.0200,18.7000,17.3500,17.3500,12700
2004-08-06,18.0700,18.4290,18.0200,18.0200,1900
2004-07-30,18.6900,18.6900,18.5000,18.6700,1500
2004-07-23,18.7500,19.1800,18.3100,18.6900,2900
2004-07-16,18.4800,19.1700,18.0000,18.5500,8200
2004-07-09,18.4000,19.2500,18.0500,18.1000,9500
2004-07-02,19.0100,19.3000,18.0600,18.1300,12300
2004-06-25,20.0000,20.4000,19.0000,19.1300,11300
2004-06-18,20.0000,20.3700,19.2500,20.3700,3400
2004-06-10,18.5400,19.9600,18.2500,19.9600,4300
2004-06-04,18.9000,19.1300,18.1000,18.5400,5700
2004-05-28,19.0000,19.9900,18.7000,19.0500,4400
2004-05-21,20.0500,21.5900,19.3000,19.9500,14300
2004-05-14,18.5100,20.3290,18.5000,20.1000,4900
2004-05-07,18.3160,19.9700,18.2500,19.4500,7000
2004-04-30,19.4300,19.8800,18.0600,18.3160,5000
2004-04-23,21.0000,21.0000,18.3500,19.2000,9600
2004-04-16,21.0200,21.8500,20.5000,21.5100,8700
2004-04-08,20.6700,21.9500,20.6500,21.7500,2100
2004-04-02,21.0100,21.7500,20.6900,21.7500,3300
2004-03-26,21.7500,21.7500,21.0100,21.0100,1200
2004-03-19,21.3700,21.4000,20.3800,21.4000,2800
2004-03-12,20.6800,21.5000,20.0000,20.0500,9769
2004-03-05,20.7100,21.2500,20.7100,21.0000,2300
2004-02-27,21.0000,21.3300,20.7100,20.7100,1000
2004-02-20,21.2900,21.3800,20.8800,21.1200,3500
2004-02-13,20.1000,21.3000,20.1000,21.3000,11400
2004-02-06,20.4400,21.0000,20.0600,20.0600,2000
2004-01-30,21.3900,21.3900,19.7000,20.0000,7400
2004-01-23,21.2600,21.3900,20.7600,21.1400,5500
2004-01-16,19.9000,21.4000,19.9000,21.4000,14100
2004-01-09,20.2900,21.0000,19.4500,19.6500,20900
2004-01-02,19.5500,20.9100,19.5500,20.9100,5500
2003-12-26,20.0100,20.0100,19.5400,19.5500,2400
2003-12-19,19.6400,20.2500,19.1100,20.0100,22800
2003-12-12,19.7000,20.1100,19.3500,20.1100,3600
2003-12-05,19.8000,19.9400,19.3600,19.7000,3600
2003-11-28,20.0800,20.3500,19.8000,19.8000,3471
2003-11-21,20.5100,20.7500,20.3000,20.3000,1400
2003-11-14,20.3500,21.4600,20.1000,20.1000,10100
2003-11-07,20.0000,20.3500,20.0000,20.3500,16600
2003-10-31,19.1000,20.0000,19.1000,20.0000,5871
2003-10-24,19.0500,19.1000,19.0500,19.1000,200
2003-10-17,19.5000,20.0000,19.0500,19.0500,5600
2003-10-10,17.8900,20.0000,17.8600,20.0000,11600
2003-10-03,17.7500,18.0000,17.7500,17.9900,22600
2003-09-26,18.0000,18.0400,17.7500,18.0000,3900
2003-09-19,17.7400,18.0000,17.5410,18.0000,2100
2003-09-12,17.0700,17.7500,17.0300,17.5100,6800
2003-09-05,17.6800,17.8500,17.3300,17.7500,5200
2003-08-29,16.4720,17.4500,16.4500,16.6500,18000
2003-08-22,16.8300,17.0000,16.0700,16.7210,4600
2003-08-15,16.3500,16.9500,16.3500,16.8300,11700
2003-08-08,16.0980,16.4800,16.0600,16.1000,900
2003-08-01,16.0000,16.6000,15.8500,16.0900,3000
2003-07-25,15.8000,15.9500,15.5300,15.8190,5400
2003-07-18,15.8720,15.8720,15.5300,15.5300,2200
2003-07-11,15.6100,16.0990,15.6100,16.0990,800
2003-07-03,15.7000,15.7700,15.5300,15.6100,2900
2003-06-27,15.7500,16.0300,15.4000,15.7000,9200
2003-06-20,15.6000,15.6900,15.6000,15.6900,500
2003-06-13,15.8200,15.8200,15.4100,15.6000,2900
2003-06-06,16.1300,16.2500,15.8000,16.0500,2500
2003-05-30,16.2500,16.2500,16.1300,16.1300,600
2003-05-23,16.3500,16.5000,16.1000,16.2500,2900
2003-05-16,16.0000,16.5000,16.0000,16.1200,8400
2003-05-09,15.5600,15.9600,15.5600,15.9600,5100
2003-05-02,16.1500,16.1600,15.5100,15.5100,4300
2003-04-25,15.8200,16.0500,15.7300,16.0500,14300
2003-04-17,16.2500,16.4500,15.4500,15.8600,7326
2003-04-11,15.7000,16.1100,15.7000,16.1100,2200
2003-04-04,16.3500,16.3500,15.7000,15.7000,1300
2003-03-28,15.6800,16.3500,15.6800,16.3500,2200
2003-03-21,15.5500,15.8000,15.5500,15.8000,2500
2003-03-14,15.4700,15.6000,15.4400,15.4400,8100
2003-03-07,15.3500,15.6000,15.2500,15.4000,12014
2003-02-28,15.1100,15.3500,15.0900,15.3500,2200
2003-02-21,15.2500,15.3500,15.0000,15.0100,9300
2003-02-14,15.2500,15.3500,15.2500,15.2500,8700
2003-02-07,15.0100,15.3500,15.0000,15.2500,59800
2003-01-31,15.0000,15.3200,15.0000,15.1500,22634
2003-01-24,15.1900,15.1900,15.0700,15.0700,0
2003-01-17,14.9600,15.2000,14.6000,15.1900,2100
2003-01-10,15.1500,15.4800,14.9600,14.9600,2600
2003-01-03,15.4000,15.4500,15.2300,15.4500,4400
2002-12-27,15.3500,15.5000,15.2500,15.2500,7800
2002-12-20,15.4000,15.4000,15.2800,15.2800,5300
2002-12-13,15.3500,15.6200,15.3400,15.4000,10700
2002-12-06,15.7000,15.7000,15.3500,15.4500,1600
2002-11-29,15.7000,15.7000,15.0500,15.6000,438
2002-11-22,15.8500,15.9000,14.8000,15.7000,15400
2002-11-15,14.6700,15.9000,14.5000,15.8500,57600
2002-11-08,15.0000,15.2500,14.1000,15.1000,4000
2002-11-01,15.9500,15.9500,14.6000,14.6000,2774
2002-10-25,16.0900,16.1000,15.9600,15.9600,300
2002-10-18,16.2400,16.2400,15.9000,15.9000,900
2002-10-11,15.9500,16.2500,15.9500,16.2400,700
2002-10-04,16.1000,16.2500,15.9500,15.9500,50700
2002-09-27,16.3600,16.3600,16.0000,16.2000,3200
2002-09-20,16.6500,16.8000,16.3500,16.3500,4100
2002-09-13,16.0100,16.6000,16.0100,16.6000,4700
2002-09-06,15.9400,16.1000,15.8000,16.0100,6800
2002-08-30,16.0000,16.0000,15.7500,15.7500,677
2002-08-23,15.4500,16.0000,15.4500,16.0000,4400
2002-08-16,15.1400,16.0400,15.1400,15.4300,7600
2002-08-09,15.3700,16.0000,15.1400,15.1400,400
2002-08-02,15.9900,15.9900,15.0800,15.3700,12700
2002-07-26,15.1200,16.0000,15.1100,15.9900,3500
2002-07-19,15.2500,15.6500,15.2000,15.2500,7500
2002-07-12,15.3000,15.6100,15.1000,15.6100,4500
2002-07-05,15.3000,15.3000,15.3000,15.3000,600
2002-06-28,15.9000,16.0000,15.9000,15.9400,600
2002-06-21,15.1000,15.7500,15.1000,15.7500,2600
2002-06-14,15.4700,15.7500,15.1000,15.1000,4300
2002-06-07,15.7400,15.7400,15.1500,15.4700,5000
2002-05-31,15.2500,15.5000,15.2500,15.5000,1100
2002-05-24,14.5500,16.0000,14.5500,15.2500,8900
2002-05-17,15.1000,16.0000,14.5500,14.5500,11400
2002-05-10,15.3000,15.3600,15.0000,15.1000,700
2002-05-03,14.2500,15.2500,14.2500,15.2500,4100
2002-04-26,13.9000,14.0000,13.9000,14.0000,1700
2002-04-19,13.9000,14.3500,13.0000,13.0000,4200
2002-04-12,13.9000,14.3500,13.9000,13.9000,1900
2002-04-05,14.4500,14.4500,13.8500,13.9000,6400
2002-03-28,14.4500,14.4500,14.4500,14.4500,0
2002-03-22,14.0500,14.4500,14.0500,14.4500,7600
2002-03-15,14.0000,15.0000,13.0000,14.0500,14500
2002-03-08,13.5000,14.0000,13.5000,14.0000,300
2002-03-01,13.5000,14.2500,13.5000,13.5000,6400
2002-02-22,14.7000,14.7000,13.5000,13.5000,2300
2002-02-15,13.5000,14.2500,13.5000,13.5800,18200
2002-02-08,15.7000,15.7000,13.5000,13.5000,5100
2002-02-01,15.2500,15.7000,14.9000,14.9000,2200
2002-01-25,15.5000,15.5000,15.2500,15.2500,100
2002-01-18,15.0500,15.5000,15.0500,15.5000,100
2002-01-11,14.1500,15.8500,14.1500,15.0500,17400
2002-01-04,13.6000,14.1500,13.6000,14.1500,700
2001-12-28,13.6000,13.6000,13.6000,13.6000,700
2001-12-21,13.6000,14.4000,13.5000,14.4000,4200
2001-12-14,14.2000,14.2000,13.6000,13.6000,600
2001-12-07,14.4500,14.7500,14.2000,14.2000,400
2001-11-30,15.6300,15.7400,14.4500,14.4500,8100
2001-11-23,14.6500,15.7500,14.6500,15.0200,10900
2001-11-16,13.6500,14.5400,13.6000,14.5400,5400
2001-11-09,14.1000,14.1000,13.6500,13.6500,1100
2001-11-02,13.6000,14.1000,13.6000,14.1000,300
2001-10-26,14.0200,14.3000,13.5500,13.5500,2000
2001-10-19,14.1500,14.1500,13.6500,14.1500,1200
2001-10-12,14.3500,14.3500,13.5500,13.5500,8000
2001-10-05,14.0000,14.3500,14.0000,14.3500,9500
2001-09-28,13.5500,14.6100,13.3000,14.0000,12400
2001-09-21,15.9700,15.9700,13.5100,14.2200,14047
2001-09-10,15.4000,15.4000,15.4000,15.4000,0
2001-09-07,15.4000,15.4000,15.4000,15.4000,200
2001-08-31,16.0000,16.0000,15.4000,15.4000,1000
2001-08-24,15.8000,16.1100,15.4000,16.0000,5500
2001-08-17,14.9000,16.9500,14.9000,15.8000,27100
2001-08-10,15.0000,15.0000,14.9000,14.9000,1800
2001-08-03,15.6000,15.6000,15.3000,15.3000,2600
2001-07-27,15.1500,15.7500,15.0000,15.6000,21900
2001-07-20,15.0500,15.2000,14.9000,14.9000,800
2001-07-13,14.9000,15.2000,14.9000,15.0500,900
2001-07-06,15.2000,15.2000,14.9000,15.0000,2400
2001-06-29,15.5000,15.5000,14.9000,15.2400,1800
2001-06-22,14.8800,15.5000,14.8800,15.5000,3300
2001-06-15,15.2500,15.2500,14.5000,14.8800,3100
2001-06-08,14.6000,15.2500,14.5000,15.2500,3900
2001-06-01,15.2500,15.2500,14.6000,14.6000,300
2001-05-25,14.5000,15.2500,14.5000,15.2500,2400
2001-05-18,15.0500,15.4500,14.5000,14.5000,3500
2001-05-11,14.0000,15.2500,14.0000,15.2500,2900
2001-05-04,15.0600,15.0600,14.0000,14.0000,11080
2001-04-27,15.4400,15.4400,15.0000,15.0600,1000
2001-04-20,16.0000,16.0000,15.0000,15.0000,895
2001-04-12,16.0600,16.0600,16.0000,16.0000,1400
2001-04-06,16.1300,16.1300,16.0600,16.0600,200
2001-03-30,16.6300,16.6300,16.1300,16.1300,500
2001-03-23,17.1300,17.5000,16.6300,16.6300,2600
2001-03-16,17.0000,17.8800,16.5000,16.5000,1200
2001-03-09,17.0000,18.1300,17.0000,18.0000,1800
2001-03-02,16.7500,19.0000,16.5000,17.0000,6200
2001-02-23,16.7500,16.7500,16.5000,16.7500,800
2001-02-16,16.5200,16.7500,16.5200,16.7500,400
2001-02-09,16.5200,16.5200,16.5200,16.5200,0
2001-02-02,16.5000,16.5200,16.5000,16.5200,500
2001-01-26,16.5000,16.8800,16.5000,16.5000,1800
2001-01-19,17.0000,17.0000,15.5000,15.5000,1067
2001-01-12,16.1300,16.5000,16.1300,16.2500,2400
2001-01-05,16.0000,16.1300,15.0000,16.1300,1000
2000-12-29,12.6300,15.8800,12.6300,15.8800,1096
2000-12-22,12.6300,13.5000,12.6300,12.6300,193
2000-12-15,12.5000,13.5000,12.5000,12.6300,3287
2000-12-08,11.8800,12.2500,11.8800,12.2500,1289
2000-12-01,11.8800,11.8800,11.5000,11.8800,2385
2000-11-24,11.8800,11.8800,11.8800,11.8800,64
2000-11-17,11.0000,11.8800,11.0000,11.3800,644
2000-11-10,11.3800,11.3800,11.0000,11.0000,6317
2000-11-03,11.0000,11.3800,11.0000,11.3800,321
2000-10-27,11.2500,11.2500,11.0000,11.0000,515
2000-10-20,11.3800,11.3800,11.0600,11.3100,580
2000-10-13,11.0000,11.3800,11.0000,11.3800,258
2000-10-06,11.2500,11.3800,11.0000,11.0000,12376
2000-09-29,11.1300,11.2500,10.8800,11.2500,6188
2000-09-22,11.6300,11.6300,11.0000,11.5000,12118
2000-09-15,12.0600,12.0600,11.6300,11.6300,322
2000-09-08,11.6300,12.0600,11.6300,12.0600,64
2000-09-01,11.6300,11.6300,11.6300,11.6300,0
2000-08-25,12.0000,12.1300,11.6300,11.6300,13924
2000-08-18,12.0000,12.0000,11.6300,12.0000,1031
2000-08-11,11.2500,12.0000,11.2500,12.0000,128
2000-08-04,11.7500,11.7500,11.3800,11.6300,2578
2000-07-28,11.6300,11.7500,11.0000,11.7500,3223
2000-07-21,11.1300,11.6300,11.1300,11.6300,193
2000-07-14,11.1300,11.1300,11.1300,11.1300,0
2000-07-07,11.1300,11.1300,10.8800,11.1300,709
2000-06-30,11.1300,11.8800,10.8800,11.1300,2449
2000-06-23,12.7500,12.7500,12.0000,12.2500,709
2000-06-16,12.7500,12.7500,12.7500,12.7500,0
2000-06-09,12.3800,12.7500,12.3800,12.7500,64
2000-06-02,12.3800,12.3800,12.3800,12.3800,902
2000-05-26,12.0000,12.7500,12.0000,12.5000,9218
2000-05-19,12.0000,12.0000,12.0000,12.0000,258
2000-05-12,11.6300,12.0000,11.6300,12.0000,64
2000-05-05,12.2500,12.7500,11.6300,11.6300,838
2000-04-28,12.8800,12.8800,12.0000,12.2500,580
2000-04-20,12.8800,12.8800,12.0000,12.8800,580
2000-04-14,13.0000,13.0000,12.6300,12.8800,1869
2000-04-07,12.8100,12.8100,12.6300,12.6300,322
2000-03-31,12.6300,13.0000,12.6300,12.8100,967
2000-03-24,12.2500,12.7500,12.2500,12.6300,966
2000-03-17,13.5000,13.5000,12.2500,12.2500,7026
2000-03-10,15.0000,15.0000,13.5000,13.5000,2578
2000-03-03,13.7500,15.0000,13.7500,15.0000,1095
2000-02-25,14.0000,14.5000,13.7500,13.7500,3868
2000-02-18,14.1300,14.1300,14.0000,14.0000,2837
2000-02-11,15.0000,16.0000,14.1300,14.1300,4576
2000-02-04,16.0000,16.0000,15.0000,15.0000,5479
2000-01-28,16.0000,17.1300,16.0000,16.0000,516
2000-01-21,16.0000,16.0000,14.8800,14.8800,709
2000-01-14,17.3800,17.3800,16.0000,16.0000,1272
