timestamp,open,high,low,close,volume
2018-02-27,41.2100,41.3500,39.6200,39.6300,2502
2018-02-23,41.8200,42.8700,40.2600,40.2600,4391
2018-02-16,42.0800,42.5000,41.3600,41.8000,7541
2018-02-09,42.5900,45.5400,39.7700,40.8200,19645
2018-02-02,47.2000,48.2000,42.8100,43.5000,24652
2018-01-26,46.0000,47.3700,45.7800,45.8000,70786
2018-01-19,46.9000,47.4400,45.8400,45.9999,16131
2018-01-12,45.8400,47.4900,44.0700,45.4400,6892
2018-01-05,41.3500,46.8092,41.1100,46.5000,15100
2017-12-29,37.4300,45.8700,37.4300,43.1000,12764
2017-12-22,39.2500,39.5500,36.9844,37.7500,43838
2017-12-15,40.0200,41.2500,35.1300,36.5000,45189
2017-12-08,40.8700,40.9149,37.4476,37.7500,8265
2017-12-01,44.8600,44.9100,40.2801,40.3900,10291
2017-11-24,46.1400,46.1400,44.0000,45.3000,6119
2017-11-17,49.3100,49.3100,43.9900,44.2900,20014
2017-11-10,58.0300,59.0500,51.7500,53.4900,9700
2017-11-03,58.3200,59.0100,55.9000,57.5100,26161
2017-10-27,60.9000,61.1000,57.0100,58.0000,29634
2017-10-20,60.3800,63.1910,60.3800,62.5000,12735
2017-10-13,59.9000,61.2000,58.8400,60.1100,59265
2017-10-06,58.3400,64.7500,56.8300,61.2000,42199
2017-09-29,56.1100,56.5290,53.1100,56.5290,7350
2017-09-22,52.8400,57.3000,52.1400,57.3000,6388
2017-09-15,54.1600,54.1600,50.2900,51.5000,10997
2017-09-08,46.2599,53.3640,46.0400,53.3640,24722
2017-09-01,46.4500,46.9900,44.0000,45.9000,9248
2017-08-25,44.2680,44.2680,42.2600,42.2600,893
2017-08-18,45.0300,45.1544,42.3878,44.2680,4003
2017-08-11,38.0500,45.1000,38.0500,42.0000,7041
2017-08-04,33.4700,38.0500,31.9900,38.0500,5747
2017-07-28,37.0000,37.0000,33.3800,34.0400,5252
2017-07-21,35.8900,37.5445,35.1000,37.0000,6415
2017-07-14,39.4700,40.6000,37.0000,37.0000,3739
2017-07-07,42.4000,42.4000,37.9900,38.8500,3662
2017-06-30,44.6700,45.6500,41.0000,42.4000,7348
2017-06-23,47.5400,48.9300,44.8850,45.0000,5249
2017-06-16,44.9000,48.6700,44.8200,46.7400,6820
2017-06-09,44.3900,47.1230,42.5804,44.6800,3635
2017-06-02,43.7300,46.0000,42.6900,44.5000,6235
2017-05-26,41.4200,48.2000,39.0000,39.9600,16661
2017-05-19,40.0200,40.9300,36.9900,40.5800,11764
2017-05-12,42.6000,47.4990,37.9500,41.6979,17431
2017-05-05,34.0000,42.0000,30.1000,41.0000,22801
2017-04-28,29.5600,33.0399,28.2900,32.9750,2311
2017-04-21,29.7500,29.7500,28.7500,28.7500,2030
2017-04-13,30.3600,32.5900,28.0500,29.4997,32026
2017-04-07,28.2400,29.3100,26.7120,29.3100,4810
2017-03-31,22.1000,26.9600,20.5130,26.2000,10536
2017-03-24,23.3900,23.3900,21.1800,22.0700,3191
2017-03-17,22.5000,22.5000,21.0900,22.4500,5146
2017-03-10,22.4000,23.6710,21.3000,22.2500,15404
2017-03-03,22.5300,24.5000,21.8500,22.0300,19292
2017-02-24,20.7700,22.5000,20.6000,22.3500,9876
2017-02-17,20.6500,20.6500,19.5690,20.5800,456
2017-02-10,21.0500,21.0600,20.4500,20.6500,918
2017-02-03,21.7100,21.7100,20.7500,21.5000,6355
2017-01-27,22.9779,23.5000,21.2751,21.7100,14594
2017-01-20,21.9900,24.9600,21.9900,22.5000,10179
2017-01-13,19.8900,21.6900,19.0000,21.6588,20560
2017-01-06,19.0000,19.5000,18.0000,19.2500,5609
2016-12-30,18.4900,18.7816,16.7300,17.7600,24931
2016-12-23,17.9700,18.7800,17.9100,18.5000,4699
2016-12-16,19.0600,19.0600,18.0000,18.1500,71144
2016-12-09,20.1810,21.0000,18.0000,18.0000,56393
2016-12-02,22.6600,24.0000,17.8200,19.6700,42712
2016-11-25,18.3800,20.5200,18.0000,20.5200,6328
2016-11-18,18.4000,18.4000,18.4000,18.4000,173
2016-11-11,18.3200,18.4100,17.5000,18.4000,1725
2016-11-04,17.8000,18.3200,16.6982,18.3200,596
2016-10-28,17.0600,17.9900,16.3100,17.8000,5005
2016-10-21,20.0000,20.0000,17.4001,17.4001,5117
2016-10-14,21.0000,21.0000,19.4700,20.0000,3522
2016-10-07,21.8500,25.0000,21.8500,22.2000,4644
2016-09-30,21.1500,23.5900,21.0600,23.5900,13212
2016-09-23,21.7600,22.5806,19.8100,21.0900,16697
2016-09-16,23.5000,23.5500,21.4000,21.4500,5840
2016-09-09,22.3000,23.5456,21.3700,23.5456,5997
2016-09-02,25.0000,25.0000,21.8700,22.5000,7154
2016-08-26,26.1000,27.0500,24.8100,26.7000,8353
2016-08-19,24.8700,26.5900,24.8700,25.4100,2626
2016-08-12,25.3500,26.1300,24.5862,25.2100,18863
2016-08-05,23.0700,25.8000,23.0700,25.8000,7035
2016-07-29,25.8100,25.8100,23.3600,24.9800,5279
2016-07-22,26.5973,26.5973,24.3700,24.3700,7144
2016-07-15,25.2000,26.9800,25.0177,25.7600,15371
2016-07-08,25.5500,26.7613,24.8800,25.1900,29316
2016-07-01,43.5600,44.5098,24.2700,24.6000,196797
2016-06-24,44.5000,48.7900,42.2000,42.7400,19278
2016-06-17,48.0300,48.7918,42.0000,43.0000,25163
2016-06-10,58.0900,58.5000,49.0300,49.7500,39392
2016-06-03,53.0500,59.5000,53.0500,58.6600,26381
2016-05-27,48.0500,51.7400,48.0500,50.9100,12569
2016-05-20,53.6200,53.6200,48.1500,48.2000,38559
2016-05-13,49.3500,52.0100,48.2758,52.0100,13662
2016-05-06,52.0200,52.0200,48.1812,49.3367,19000
2016-04-29,49.0000,50.2500,46.5600,49.7800,36951
2016-04-22,46.5700,49.3300,46.5700,47.3140,7060
2016-04-15,47.9999,48.0000,46.3900,46.5700,13997
2016-04-08,44.6400,48.0000,42.6200,46.3000,31508
2016-04-01,44.0000,47.9800,41.7900,45.2500,18763
2016-03-24,48.8000,50.0000,45.0000,45.0000,14616
2016-03-18,43.7800,47.6300,43.7800,47.6300,23913
2016-03-11,44.6800,45.1900,42.4800,43.4100,16386
2016-03-04,40.0000,47.6800,39.9900,43.2700,13337
2016-02-26,36.9200,39.9700,36.0100,38.8800,6193
2016-02-19,34.5000,39.1000,34.5000,36.9200,19116
2016-02-12,38.5000,38.5000,32.8100,34.0100,26018
2016-02-05,36.0001,39.0000,34.0100,38.8000,35083
2016-01-29,38.0499,38.0499,33.5100,35.1100,37622
2016-01-22,34.8800,37.9900,32.0000,36.9900,28187
2016-01-15,47.0000,47.0000,34.3000,34.3000,81039
2016-01-08,55.1000,55.1000,46.8570,47.3700,49177
2015-12-31,50.3100,54.9000,50.3100,54.5899,19448
2015-12-24,52.0800,52.1000,48.5401,50.2300,26835
2015-12-18,50.0000,51.7000,47.8700,50.4000,49481
2015-12-11,46.8700,49.5400,45.0600,48.4638,80321
2015-12-04,47.5000,47.9000,45.7000,46.5905,93861
2015-11-27,42.9600,47.2600,42.0900,46.0500,33588
2015-11-20,42.4200,46.0000,41.5000,44.2500,114209
2015-11-13,46.5100,48.3200,43.7000,44.3000,19409
2015-11-06,39.4900,54.1600,39.4300,49.3500,28153
2015-10-30,42.9500,44.5000,37.3400,37.3400,67381
2015-10-23,36.6650,41.2400,33.8400,39.9100,68877
2015-10-16,38.0000,38.0000,35.0101,36.0000,33267
2015-10-09,40.1500,43.5300,37.1100,38.0000,33285
2015-10-02,41.5000,44.0000,37.0000,43.8000,66582
2015-09-25,46.1100,46.4699,41.9700,42.3000,13406
2015-09-18,43.4500,47.9900,42.5500,44.0500,10303
2015-09-11,45.0000,47.7000,42.2500,42.2600,10015
2015-09-04,48.7900,49.7900,46.5300,47.5010,8532
2015-08-28,49.2400,53.0710,44.4700,49.0100,13632
2015-08-21,54.9500,56.1260,50.3500,50.3500,15405
2015-08-14,55.6500,57.9600,53.3300,55.2600,24686
2015-08-07,56.0700,56.9200,54.3160,55.4600,47279
2015-07-31,57.6800,57.6800,55.3000,55.3300,23088
2015-07-24,60.5100,61.3200,57.9500,58.6700,85853
2015-07-17,55.3000,62.0000,53.4260,61.0000,188591
2015-07-10,49.7300,53.4000,47.5200,52.4200,99137
2015-07-02,51.7700,54.1700,49.5700,50.2000,413201
2015-06-26,59.7900,59.7900,52.4500,52.7200,434481
