timestamp,open,high,low,close,volume
2018-02-27,5.2000,5.2500,5.0000,5.1750,14676
2018-02-23,5.0500,5.3400,4.8500,5.1750,98563
2018-02-16,5.2500,5.3500,4.7241,5.0255,59674
2018-02-09,3.9000,5.7791,3.8100,5.0550,298207
2018-02-02,4.1050,4.2000,3.9000,4.0500,9177
2018-01-26,3.8000,4.2280,3.7788,4.1000,20480
2018-01-19,3.9000,4.0000,3.4500,3.8000,21642
2018-01-12,4.1500,4.3500,3.8600,3.9500,9536
2018-01-05,3.8500,4.1500,3.8500,4.0600,6226
2017-12-29,4.1000,4.1158,3.8500,3.9090,43784
2017-12-22,4.1000,4.1500,3.9500,4.0500,27948
2017-12-15,4.1500,4.2211,4.0813,4.1000,12322
2017-12-08,4.3000,4.3000,4.1400,4.1500,9389
2017-12-01,4.2000,4.4221,4.0500,4.3000,20561
2017-11-24,4.3500,4.3600,4.1000,4.3500,20926
2017-11-17,4.3000,4.3500,4.1000,4.3500,14742
2017-11-10,4.5500,4.5700,4.0500,4.3500,37939
2017-11-03,5.1500,5.2000,4.7100,4.8900,36907
2017-10-27,4.9000,5.3500,4.5000,4.9500,25411
2017-10-20,4.5500,5.1500,4.4000,4.9500,26461
2017-10-13,4.0000,4.8000,3.9200,4.5500,21276
2017-10-06,4.0000,4.0800,3.8200,3.9500,10909
2017-09-29,3.8500,4.3000,3.8500,4.0600,12597
2017-09-22,4.5500,4.5800,3.5000,4.1500,31667
2017-09-15,4.8000,5.1000,4.3400,4.5500,28440
2017-09-08,4.8000,5.1500,4.7000,4.7000,21990
2017-09-01,4.7000,4.9500,4.6000,4.7500,32438
2017-08-25,4.8000,5.3500,4.7000,4.7500,43172
2017-08-18,4.7000,5.1000,4.3200,4.9000,64841
2017-08-11,3.4000,4.6500,3.3000,4.5900,235770
2017-08-04,3.3500,3.6000,3.3000,3.3000,48586
2017-07-28,3.4500,3.6000,3.3500,3.4000,16370
2017-07-21,3.3500,3.7000,3.2500,3.3500,25777
2017-07-14,3.3000,3.4500,3.2500,3.3500,18818
2017-07-07,3.5000,3.5000,3.2500,3.3000,22746
2017-06-30,3.2600,3.6000,3.2600,3.5500,15040
2017-06-23,3.4500,3.5000,3.2600,3.2600,28259
2017-06-16,3.5500,3.5500,3.4100,3.4900,2814
2017-06-09,3.7000,3.8000,3.4500,3.4700,14070
2017-06-02,3.7000,3.8000,3.5500,3.7000,4400
2017-05-26,3.5700,3.8000,3.5500,3.5500,10111
2017-05-19,3.9000,3.9400,3.5500,3.9000,13329
2017-05-12,3.9200,3.9200,3.8000,3.9000,2645
2017-05-05,3.8200,3.9500,3.8200,3.9200,1475
2017-04-28,3.8500,4.0000,3.8000,3.8200,4560
2017-04-21,3.8500,3.9100,3.8500,3.8500,1851
2017-04-13,3.9000,3.9200,3.8500,3.9200,2690
2017-04-07,4.0000,4.0100,3.8600,4.0000,9267
2017-03-31,3.8000,4.1000,3.7500,3.8500,11780
2017-03-24,3.9500,3.9600,3.6500,3.8100,17328
2017-03-17,3.9500,4.2500,3.7000,3.9800,17959
2017-03-10,3.9000,4.1500,3.9000,3.9500,9171
2017-03-03,4.3000,4.3000,3.9500,3.9500,12146
2017-02-24,3.8500,4.2200,3.8500,4.1600,22480
2017-02-17,3.7200,4.1500,3.6000,3.7500,93541
2017-02-10,3.9600,4.1500,3.5500,4.0000,19851
2017-02-03,4.3000,4.3000,3.7300,4.0000,13335
2017-01-27,4.3500,4.5500,4.3000,4.3000,6224
2017-01-20,4.5680,4.5889,4.3315,4.4840,1783
2017-01-13,4.6000,4.7356,4.3666,4.5600,3558
2017-01-06,4.2000,4.7500,4.2000,4.3500,11079
2016-12-30,4.0000,4.6000,3.9330,4.3000,13572
2016-12-23,3.8000,3.9500,3.5500,3.9500,71197
2016-12-16,3.8000,3.9500,3.6500,3.8500,29180
2016-12-09,3.7500,3.9500,3.6000,3.8000,41842
2016-12-02,3.9500,4.0100,3.6500,3.8363,40661
2016-11-25,4.1000,4.1000,3.9000,3.9500,5211
2016-11-18,4.0000,4.1500,3.7120,3.9843,13761
2016-11-11,3.8450,4.4500,3.5500,4.0000,70403
2016-11-04,3.8550,4.2500,3.7100,3.9250,15476
2016-10-28,4.1100,4.1300,3.8500,4.0500,6919
2016-10-21,3.9000,4.2400,3.8400,4.1000,22771
2016-10-14,3.8299,3.8300,3.6010,3.7000,43051
2016-10-07,3.6800,3.8000,3.5500,3.6900,12764
2016-09-30,3.6700,3.7400,3.6000,3.6901,3393
2016-09-23,4.0100,4.0499,3.6600,3.8900,38833
2016-09-16,3.5300,4.0000,3.4200,4.0000,11317
2016-09-09,3.6200,3.8200,3.4300,3.4800,11646
2016-09-02,3.9780,4.0055,3.5700,3.7100,25016
2016-08-26,4.0100,4.1000,3.9300,3.9300,11846
2016-08-19,4.2100,4.4000,3.3200,3.9600,53235
2016-08-12,4.5100,4.5100,4.2500,4.3017,9168
2016-08-05,4.8090,4.8090,4.3500,4.4300,19885
2016-07-29,4.7201,4.8450,4.7201,4.8000,7244
2016-07-22,5.0000,5.0400,4.6600,4.7201,11109
2016-07-15,5.2100,5.2100,5.0000,5.0000,17109
2016-07-08,5.3300,5.3600,5.1500,5.2100,10706
2016-07-01,5.0000,5.3300,4.9436,5.1400,40785
2016-06-24,5.2800,5.2900,4.8900,5.0000,26416
2016-06-17,5.2100,5.2950,5.0499,5.2900,19535
2016-06-10,5.1800,5.5599,5.1300,5.3500,21683
2016-06-03,5.2899,5.4700,4.9500,5.1900,34912
2016-05-27,5.2000,5.2700,4.9000,5.0300,13867
2016-05-20,5.6200,5.6500,5.0300,5.0500,23265
2016-05-13,5.0101,5.7999,5.0101,5.6500,32691
2016-05-06,4.9888,5.0001,4.9000,5.0001,14660
2016-04-29,5.0000,5.0000,4.8500,4.8900,6052
2016-04-22,4.8300,4.9800,4.7600,4.9500,5028
2016-04-15,5.0999,5.0999,4.8700,4.8700,9652
2016-04-08,5.0900,5.2500,4.8700,5.0800,13681
2016-04-01,5.1900,5.2000,4.9800,5.1600,15347
2016-03-24,5.0600,5.2500,4.9000,5.1200,48186
2016-03-18,4.8900,5.1199,4.6601,5.0600,48544
2016-03-11,4.5841,5.3700,4.5841,4.9600,6878
2016-03-04,4.2422,4.7800,4.2101,4.6000,27246
2016-02-26,4.3500,4.4700,4.0270,4.4200,5296
2016-02-19,4.2500,4.6450,4.0000,4.1400,36841
2016-02-12,4.9400,4.9500,3.6010,4.1200,215872
2016-02-05,4.9900,5.1900,4.9900,5.0000,12673
2016-01-29,5.6500,5.8039,5.0100,5.0100,23454
2016-01-22,5.0500,5.5150,4.7500,5.4057,21307
2016-01-15,5.2600,5.4000,5.0000,5.0000,22720
2016-01-08,5.2100,5.2600,5.0000,5.0860,81383
2015-12-31,5.1100,5.7099,5.0700,5.2501,19237
2015-12-24,5.1000,5.2890,5.1000,5.1100,5064
2015-12-18,5.1622,5.7999,5.0933,5.1000,12173
2015-12-11,5.4400,5.4600,5.1000,5.1000,49534
2015-12-04,5.8100,5.8500,5.4000,5.4600,31707
2015-11-27,5.5200,5.8775,5.5000,5.6601,31059
2015-11-20,5.7500,5.9100,5.5011,5.5500,11313
2015-11-13,5.9000,5.9000,5.5000,5.6100,11735
2015-11-06,5.9500,6.0000,5.6700,5.9000,11811
2015-10-30,5.6000,5.9600,5.6000,5.9600,3251
2015-10-23,6.0000,6.0871,5.5926,5.7499,11186
2015-10-16,5.7700,6.1399,5.5600,6.0800,12259
2015-10-09,6.0200,6.0200,5.7600,5.7600,12821
2015-10-02,5.7400,5.9624,5.6800,5.6800,16912
2015-09-25,6.2100,6.2100,5.5519,5.7290,12007
2015-09-18,6.2200,6.4900,5.8600,5.9500,17958
2015-09-11,6.3900,6.6000,6.1000,6.2200,14664
2015-09-04,7.6000,7.6000,6.0900,6.1200,45664
2015-08-28,6.6300,7.8400,6.6300,7.5600,18554
2015-08-21,7.6400,7.8700,6.8000,7.0200,57423
2015-08-14,7.7386,7.9900,7.5315,7.7100,26896
2015-08-07,8.0100,8.2300,7.5000,7.5799,17270
2015-07-31,7.9300,8.2100,7.7400,8.1100,15500
2015-07-24,8.0900,8.2400,7.8200,8.0500,32727
2015-07-17,8.6800,8.9800,7.6101,8.1000,70335
2015-07-10,9.5600,9.5600,8.3300,8.8900,29540
2015-07-02,10.2900,10.8511,9.4000,9.5500,51844
2015-06-26,9.5600,10.2500,9.5000,10.2500,40496
2015-06-19,9.1900,9.6700,9.1150,9.6000,46857
2015-06-12,9.1500,9.4350,9.0300,9.3000,27816
2015-06-05,9.3800,9.8400,9.0000,9.0600,26466
2015-05-29,9.1500,9.3800,9.1500,9.3800,19079
2015-05-22,9.1500,9.2500,8.9700,9.1500,28937
2015-05-15,9.0000,9.2500,8.9100,9.1390,20805
2015-05-08,9.0600,9.4300,8.8400,9.0000,28762
2015-05-01,9.0500,9.2300,9.0200,9.0904,26816
2015-04-24,9.4300,9.5799,9.0200,9.1100,75171
2015-04-17,9.6900,9.7800,9.2300,9.4200,45654
2015-04-10,8.9300,9.9299,8.9300,9.8000,96920
2015-04-02,8.6600,9.0200,8.4200,8.9200,63311
2015-03-27,8.8300,8.9500,8.0800,8.5400,39808
2015-03-20,9.0200,9.2500,8.5000,8.7200,58622
2015-03-13,7.9300,9.0400,7.9300,8.9500,98656
2015-03-06,8.0140,8.1500,7.5000,7.9500,12575
2015-02-27,8.0700,8.4900,8.0000,8.1400,31408
2015-02-20,8.5000,9.1100,7.9200,8.2500,79736
2015-02-13,7.2300,9.2000,7.0100,8.7200,116678
2015-02-06,6.1300,7.2500,6.1300,7.2300,47579
2015-01-30,6.2600,6.5700,6.1501,6.4600,31221
2015-01-23,6.5300,6.5310,5.9986,6.3250,70103
2015-01-16,6.7200,6.7700,6.4500,6.5199,38820
2015-01-09,6.8200,6.8200,6.5100,6.7000,51954
2015-01-02,6.8656,6.9500,6.7700,6.9000,33612
2014-12-26,6.5500,7.0000,6.2500,6.8400,44828
2014-12-19,6.0200,6.8399,5.8800,6.5900,62487
2014-12-12,5.9900,6.4200,5.9000,5.9000,49415
2014-12-05,6.4400,6.9000,5.9200,5.9200,134132
2014-11-28,6.2900,6.5400,6.2600,6.5400,25903
2014-11-21,7.2500,7.9500,6.1600,6.3100,230071
2014-11-14,4.7900,7.1800,4.7900,7.0300,266326
2014-11-07,4.8500,4.9400,4.8300,4.8800,35325
2014-10-31,4.8000,4.9200,4.6280,4.8300,32911
2014-10-24,4.4900,4.7900,4.4900,4.7700,25132
2014-10-17,4.5700,4.7390,4.2700,4.6600,33373
2014-10-10,4.7399,4.8000,4.6000,4.7100,31531
2014-10-03,4.6100,4.7400,4.5200,4.7400,18007
2014-09-26,4.7300,4.7300,4.5900,4.6260,14179
2014-09-19,4.6400,4.7400,4.5300,4.7200,27500
2014-09-12,4.7599,4.7600,4.5872,4.6200,16300
2014-09-05,4.7200,4.7700,4.6200,4.7590,21200
2014-08-29,4.6400,4.8000,4.6000,4.8000,33500
2014-08-22,4.5500,4.8400,4.5500,4.6790,22800
2014-08-15,4.5546,4.9300,4.4360,4.5990,32800
2014-08-08,4.7134,4.9572,4.3600,4.4490,51300
2014-08-01,4.7880,5.0400,4.6800,4.7700,39100
2014-07-25,4.7500,4.9099,4.6100,4.7200,56800
2014-07-18,4.7000,5.1150,4.6000,4.7300,151700
2014-07-11,4.9000,4.9300,4.5000,4.6501,66100
2014-07-03,4.6000,4.8500,4.4500,4.8400,30200
2014-06-27,4.7800,4.9700,4.4100,4.4100,95500
2014-06-20,4.8000,4.9600,4.6600,4.8100,29600
2014-06-13,4.5600,4.8700,4.5200,4.7101,33324
2014-06-06,4.8500,5.0000,4.5000,4.6000,49400
2014-05-30,4.7600,5.0000,4.6100,4.8500,20700
2014-05-23,4.8250,4.8900,4.6100,4.6200,34100
2014-05-16,4.8700,4.8700,4.7500,4.7600,25600
2014-05-09,4.7600,4.9400,4.7000,4.8900,30900
2014-05-02,5.0000,5.0237,4.6900,4.8530,31800
2014-04-25,5.0800,5.1100,4.9401,5.0300,16400
2014-04-17,5.1100,5.2100,4.9000,5.0600,31500
2014-04-11,5.4000,5.4900,5.1300,5.1350,40200
2014-04-04,5.2700,5.6000,5.0800,5.4400,43200
2014-03-28,5.6100,5.6300,5.1693,5.2700,34600
2014-03-21,5.5800,5.7674,5.2810,5.5900,88800
2014-03-14,6.3501,6.4500,5.4300,5.7200,90600
2014-03-07,6.0900,6.8100,5.9500,6.3300,123300
2014-02-28,5.4700,6.5000,5.3110,6.0000,171800
2014-02-21,5.0810,5.7300,5.0500,5.5000,95400
2014-02-14,5.0500,5.2100,5.0100,5.0401,15500
2014-02-07,5.0200,5.3400,4.9800,5.2000,30600
2014-01-31,5.3800,5.4500,4.8300,5.0100,101400
2014-01-24,4.9700,5.5500,4.9500,5.2900,45800
2014-01-17,5.0200,5.0388,4.8300,4.9200,23100
2014-01-10,4.6100,5.0300,4.5700,4.9800,37700
2014-01-03,5.0200,5.0200,4.5100,4.6400,54000
2013-12-27,4.6900,5.0390,4.6100,4.9800,25200
2013-12-20,4.8800,4.8800,4.6400,4.6500,35800
2013-12-13,4.8500,5.0390,4.5800,4.8300,53100
2013-12-06,4.7700,4.9700,4.7500,4.8700,79100
2013-11-29,4.8600,5.0215,4.7700,4.8600,19600
2013-11-22,5.0000,5.1200,4.7500,4.7500,89600
2013-11-15,5.0000,5.1899,4.8500,5.0501,50600
2013-11-08,5.3790,5.3900,4.7600,5.0400,46100
2013-11-01,5.1700,5.4000,5.0600,5.3200,47100
2013-10-25,5.2000,5.3900,4.7500,5.3600,73000
2013-10-18,5.4100,5.4100,5.0110,5.1500,173500
2013-10-11,5.6000,5.7990,5.4110,5.5000,109500
2013-10-04,5.7500,5.8400,5.5300,5.6800,33800
2013-09-27,5.7000,5.9100,5.6400,5.8500,17800
2013-09-20,5.6000,5.7300,5.4210,5.7300,57300
2013-09-13,5.4500,5.6800,5.3200,5.6000,79800
2013-09-06,5.7000,6.0000,5.4103,5.4800,76100
2013-08-30,5.8300,5.9800,5.5100,5.7300,57800
2013-08-23,5.6600,6.0000,5.6500,5.8700,59700
2013-08-16,5.7500,6.0200,5.4000,5.6500,50200
2013-08-09,6.0400,6.0400,5.8200,6.0164,58800
2013-08-02,6.2000,6.2000,5.9900,6.0560,27100
2013-07-26,6.2200,6.2500,6.0600,6.2390,15300
2013-07-19,6.0100,6.2800,5.9700,6.1700,47800
2013-07-12,6.3000,6.6811,5.3500,6.0320,41200
2013-07-05,6.4500,6.5000,6.2801,6.3300,21300
2013-06-28,5.5000,6.7000,5.4679,6.4100,161600
2013-06-21,5.4800,5.6700,5.2200,5.5200,49100
2013-06-14,5.5900,5.7000,5.4000,5.4100,46400
2013-06-07,5.8000,5.9800,5.5610,5.5801,35900
2013-05-31,5.6900,5.8790,5.5000,5.7300,61600
2013-05-24,5.7300,5.9000,5.4900,5.7270,47100
2013-05-17,4.8400,5.9199,4.7800,5.5900,92900
2013-05-10,4.5800,5.1799,4.5800,4.8180,65400
2013-05-03,4.3800,4.8000,4.3000,4.5620,65600
2013-04-26,4.3300,4.4550,4.2300,4.3400,19100
2013-04-19,4.3500,4.3900,4.2100,4.3762,11900
2013-04-12,4.4200,4.4300,4.2200,4.3201,53900
2013-04-05,4.5000,4.5200,4.3300,4.4000,31800
2013-03-28,4.6000,4.8400,4.4100,4.4700,25400
2013-03-22,4.7200,4.7700,4.6000,4.6649,7206
2013-03-15,4.5800,4.7400,4.4400,4.7300,35100
2013-03-08,4.3700,4.6800,4.3700,4.5700,60300
2013-03-01,4.4800,4.5000,4.2500,4.3700,64757
2013-02-22,4.6900,4.6900,4.4780,4.5020,31100
2013-02-15,4.9100,4.9100,4.6500,4.6599,49000
2013-02-08,5.0400,5.0400,4.8264,4.9195,37700
2013-02-01,4.9600,5.1600,4.8700,5.0400,34900
2013-01-25,4.9900,5.2867,4.9000,4.9600,36300
2013-01-18,5.1100,5.1910,4.8380,4.9000,29600
2013-01-11,4.9100,5.3886,4.6900,5.1100,37800
2013-01-04,4.6200,4.9799,4.6200,4.9600,28000
2012-12-28,4.7800,4.9900,4.6200,4.7600,22900
2012-12-21,4.9200,5.0400,4.8000,4.8000,35000
2012-12-14,5.3000,5.4000,4.8000,4.8590,53600
2012-12-07,5.2600,5.3000,4.5000,5.2300,144100
2012-11-30,5.2000,5.5600,5.1000,5.2300,74800
2012-11-23,5.3700,5.5001,5.1500,5.3000,50700
2012-11-16,5.8100,5.9134,5.3600,5.3600,78200
2012-11-09,6.0000,6.3000,5.8000,5.8100,70800
2012-11-02,6.1000,6.1783,6.0000,6.0000,21100
2012-10-26,6.0100,6.1983,5.8600,6.0100,33600
2012-10-19,6.0000,6.1983,5.9900,6.0900,27100
2012-10-12,5.8700,6.2000,5.8601,6.0000,28800
2012-10-05,6.0200,6.1800,5.8000,5.8470,51500
2012-09-28,5.9600,5.9900,5.7000,5.9000,28900
2012-09-21,5.8200,6.1900,5.7500,5.9100,74300
2012-09-14,6.2600,6.2899,5.5500,5.8400,91900
2012-09-07,5.9000,6.6083,5.7500,6.2700,94800
2012-08-31,5.9200,5.9200,5.6000,5.7890,21700
2012-08-24,5.7100,6.0000,5.3800,5.9000,71300
2012-08-17,5.6700,5.8500,5.3000,5.7400,81700
2012-08-10,6.4400,6.5900,5.5400,5.6100,127400
2012-08-03,6.7000,6.8200,6.1200,6.4300,82700
2012-07-27,6.1000,6.7800,6.1000,6.6700,71400
2012-07-20,6.5400,6.5400,5.2700,6.1300,401600
2012-07-13,6.8700,6.9600,6.4750,6.6280,111300
2012-07-06,6.8300,7.2789,6.7800,6.8000,91200
2012-06-29,6.6900,7.1582,6.4000,6.9200,114000
2012-06-22,7.2600,8.0700,6.3800,6.9700,321300
2012-06-15,7.4500,7.6300,7.0500,7.2900,109900
2012-06-08,6.9400,7.9200,6.3400,7.3800,178500
2012-06-01,7.5100,7.7300,6.9000,6.9700,88400
2012-05-25,8.1500,8.2500,7.1600,7.6000,201900
2012-05-18,10.1500,10.4100,7.2108,8.0800,250800
2012-05-11,10.1700,10.8400,10.0000,10.3100,96855
2012-05-04,10.0000,10.9900,10.0000,10.2600,232900
2012-04-27,8.9200,9.9490,8.6501,9.9200,189800
2012-04-20,9.6700,9.6960,8.6600,8.9900,251400
2012-04-13,9.5800,10.2500,8.8200,9.5500,204700
2012-04-05,10.1600,10.2500,8.5500,9.6700,185900
2012-03-30,10.3200,10.4790,8.8100,10.1300,303300
2012-03-23,10.1200,11.0000,10.1200,10.3300,240400
2012-03-16,10.0200,11.8400,10.0200,10.1200,719300
2012-03-09,7.9400,10.4800,7.8900,10.0200,554000
2012-03-02,8.1200,8.5000,7.6300,7.8500,145200
2012-02-24,8.4200,8.4200,7.5300,8.1180,186500
2012-02-17,8.8000,9.4100,7.5800,8.1800,656600
2012-02-10,6.6200,9.3900,6.0700,8.6900,776200
2012-02-03,6.4100,6.7300,6.3900,6.6200,133500
2012-01-27,6.2000,6.5200,5.9200,6.4900,126900
2012-01-20,6.7300,6.8590,6.1400,6.2000,144300
2012-01-13,6.4500,6.8500,6.3300,6.7700,253100
2012-01-06,7.1000,7.2400,6.2700,6.4700,281900
2011-12-30,9.0000,9.0900,6.8800,6.9500,319200
2011-12-23,8.5000,9.3600,8.4090,9.0900,334100
2011-12-16,8.5000,8.7000,7.9510,8.4800,404400
2011-12-09,6.1100,8.9000,6.1100,8.5900,547800
2011-12-02,5.4100,6.0200,5.2500,6.0000,141500
2011-11-25,5.4500,5.4800,5.0500,5.4100,137100
2011-11-18,5.1800,6.0890,5.1800,5.4800,262800
2011-11-11,5.4900,5.5000,5.0100,5.0400,90600
2011-11-04,4.8500,5.5000,4.8500,5.4900,130200
2011-10-28,5.2500,5.3400,4.5000,4.9900,148200
2011-10-21,4.4200,5.4900,4.4200,5.2500,226300
2011-10-14,3.8600,4.4200,3.8000,4.4200,73100
2011-10-07,3.7500,3.9000,3.5600,3.6800,17700
2011-09-30,3.9000,3.9400,3.7000,3.7575,14900
2011-09-23,4.0000,4.2490,3.5600,3.8000,24100
2011-09-16,3.7499,4.0000,3.5800,4.0000,31400
2011-09-09,3.6600,3.7600,3.6200,3.7500,11700
2011-09-02,3.9000,3.9900,3.6500,3.6600,30100
2011-08-26,4.0500,4.0500,3.7000,3.8100,40400
2011-08-19,4.2500,4.3800,3.9300,4.0700,80800
2011-08-12,3.2000,4.2400,3.0800,4.1440,70000
2011-08-05,3.5800,3.8500,3.2700,3.2700,54700
2011-07-29,3.5900,3.7344,3.4900,3.5200,40700
2011-07-22,3.6500,3.6600,3.5000,3.6600,39800
2011-07-15,3.5300,3.7000,3.5000,3.6700,35000
2011-07-08,3.5700,3.7000,3.5000,3.5500,33900
2011-07-01,3.0900,3.6740,3.0000,3.5800,106800
2011-06-24,3.0900,3.2300,3.0600,3.0600,21300
2011-06-17,3.2600,3.4500,2.8500,3.1200,57500
2011-06-10,3.2200,3.3600,3.0800,3.1500,15400
2011-06-03,3.3600,3.3799,3.0809,3.2500,35900
2011-05-27,3.4700,3.4770,3.2409,3.3600,32200
2011-05-20,3.4600,3.5900,3.3770,3.5000,24400
2011-05-13,3.0300,3.5560,2.9300,3.4500,69700
2011-05-06,3.2000,3.2199,3.0400,3.0401,34500
2011-04-29,3.2300,3.3899,3.1100,3.2299,49400
2011-04-21,3.6400,3.8300,3.2200,3.2400,73300
2011-04-15,3.3700,3.6000,3.3000,3.5900,53300
2011-04-08,3.4400,3.5800,3.3200,3.3201,34600
2011-04-01,3.4800,3.7300,3.3500,3.3790,61200
2011-03-25,3.4100,3.4500,3.3701,3.4500,29200
2011-03-18,3.5900,3.6200,3.3500,3.3901,80100
2011-03-11,3.4600,3.8800,3.4200,3.5000,149700
2011-03-04,3.3900,3.7600,3.3900,3.5200,60700
2011-02-25,3.7000,3.8100,3.1100,3.3600,169100
2011-02-18,2.6500,4.6720,2.5500,3.6200,1142300
2011-02-11,2.6600,2.8430,2.6400,2.7300,27100
2011-02-04,2.9600,3.0000,2.5700,2.6500,87500
2011-01-28,3.1700,3.1700,2.8100,2.9300,53800
2011-01-21,3.0600,3.3300,3.0600,3.2400,30100
2011-01-14,3.0400,3.2000,3.0100,3.1500,35500
2011-01-07,3.3300,3.3640,2.9800,3.2300,112500
2010-12-31,3.5200,3.5300,3.3800,3.3800,64800
2010-12-23,3.2799,3.5200,3.1401,3.4600,60500
2010-12-17,3.1500,3.4000,3.1100,3.3000,87800
2010-12-10,2.9200,3.2200,2.8101,3.2000,107200
2010-12-03,2.9800,3.2900,2.8600,3.0500,87300
2010-11-26,3.5000,4.0600,2.8700,2.9000,237000
2010-11-19,2.3500,3.4000,2.3500,3.3801,286500
2010-11-12,2.1100,3.0000,2.1090,2.3300,75200
2010-11-05,2.0600,2.1100,2.0000,2.0800,31100
2010-10-29,2.2900,2.3000,2.0201,2.0800,34300
2010-10-22,2.1100,2.2320,2.0235,2.2320,28800
2010-10-15,2.1200,2.2180,2.0600,2.1100,30000
2010-10-08,2.3601,2.5600,2.0100,2.1200,61200
2010-10-01,2.3500,2.4500,2.2700,2.4500,24500
2010-09-24,2.2500,2.5700,2.2500,2.3510,26800
2010-09-17,2.6450,2.6450,2.2000,2.2000,19900
2010-09-10,2.6800,2.8100,2.5500,2.6399,27700
2010-09-03,2.8400,2.8400,2.5500,2.6600,24900
2010-08-27,2.5000,2.9199,2.2700,2.7900,133400
2010-08-20,2.0500,2.5000,2.0000,2.5000,114400
2010-08-13,2.0000,2.2600,1.9495,2.0799,81800
2010-08-06,1.8100,1.9400,1.8100,1.9400,19300
2010-07-30,1.8900,1.9147,1.8000,1.8000,11300
2010-07-23,1.6500,1.8900,1.6500,1.8401,54000
2010-07-16,1.7000,1.7564,1.5800,1.6500,59300
2010-07-09,1.8100,1.8100,1.4000,1.7000,182500
2010-07-02,1.9900,2.0000,1.7600,1.8500,33100
2010-06-25,2.2400,2.3500,1.7100,1.9500,89200
2010-06-18,2.2900,2.3100,2.1500,2.2400,24500
2010-06-11,2.2700,2.3500,2.0700,2.2200,48700
2010-06-04,2.0300,2.3500,2.0115,2.2000,15700
2010-05-28,2.0500,2.0900,1.9600,2.0300,21600
2010-05-21,2.1600,2.2521,1.9600,2.0401,70200
2010-05-14,2.4000,2.5100,2.1400,2.2000,122900
2010-05-07,2.6500,2.6500,2.4000,2.4000,63400
2010-04-30,2.7700,2.7900,2.5500,2.6300,68800
2010-04-23,2.7600,2.8800,2.7400,2.7501,61000
2010-04-16,3.1200,3.1500,2.7500,2.7700,128000
2010-04-09,3.4000,3.4600,3.0000,3.1600,72000
2010-04-01,3.1000,3.4700,3.1000,3.3800,86300
2010-03-26,3.4751,3.6399,3.0900,3.1100,73900
2010-03-19,3.6600,3.8600,3.4400,3.5000,94700
2010-03-12,3.6900,3.9200,3.6000,3.7500,55800
2010-03-05,4.1100,4.1599,3.5950,3.6800,271500
2010-02-26,4.2000,4.5200,4.1200,4.3900,71200
2010-02-19,3.5400,4.2700,3.5400,4.1201,110100
2010-02-12,3.3400,4.0600,3.1900,3.4400,281000
2010-02-05,3.3800,3.7100,3.2500,3.3200,68500
2010-01-29,3.9700,4.1500,3.1800,3.3810,261100
2010-01-22,4.6900,4.7500,3.8000,4.1600,170800
2010-01-15,5.1200,5.2400,4.5500,4.8100,141200
2010-01-08,5.4800,5.7500,5.0000,5.1500,149400
2009-12-31,4.7500,5.3500,4.7000,5.2850,103600
2009-12-24,5.0100,5.5000,4.2700,4.6800,274800
2009-12-18,4.5000,5.7600,4.4864,5.1300,438100
2009-12-11,3.9700,4.5300,3.7300,4.4000,213100
2009-12-04,3.7400,3.9300,3.2600,3.7784,247100
2009-11-27,2.7800,3.7400,2.7800,3.3700,227500
2009-11-20,2.9300,2.9300,2.6900,2.8300,68300
2009-11-13,2.2900,2.9400,2.1900,2.8456,106100
2009-11-06,2.2200,2.4201,2.1104,2.3415,68600
2009-10-30,2.4100,2.4100,2.2650,2.4000,33600
2009-10-23,2.6100,2.7300,2.3500,2.4064,27400
2009-10-16,2.6900,2.7800,2.4500,2.7100,21900
2009-10-09,2.3468,2.8500,2.3301,2.7600,28000
2009-10-02,2.5400,2.8299,2.2400,2.3300,21800
2009-09-25,2.8000,2.8400,2.6000,2.6100,20100
2009-09-18,2.6200,3.0000,2.4200,2.8400,97400
2009-09-11,2.4300,2.7400,2.3501,2.5100,70800
2009-09-04,2.4400,2.4400,2.3000,2.4400,33900
2009-08-28,2.5900,2.5900,2.3000,2.4520,39800
2009-08-21,2.3500,2.6000,2.1501,2.5900,133700
2009-08-14,2.0236,2.8000,1.9500,2.3900,203400
2009-08-07,1.9900,2.0500,1.9600,2.0300,22400
2009-07-31,1.9600,2.0780,1.9500,1.9900,20500
2009-07-24,1.8700,2.0000,1.8600,1.9800,78100
2009-07-17,1.7900,2.2600,1.6100,1.8500,104100
2009-07-10,1.8400,1.9200,1.7500,1.7800,25100
2009-07-02,1.9500,2.0200,1.7500,1.8300,66400
2009-06-26,2.1500,2.3200,1.7600,2.0000,144800
2009-06-19,2.0500,2.1800,2.0000,2.0801,32400
2009-06-12,1.9500,2.1100,1.9500,2.1000,43700
2009-06-05,2.0400,2.0500,1.9900,2.0400,14500
2009-05-29,1.9900,2.0500,1.9600,2.0400,18300
2009-05-22,2.0500,2.1000,1.9000,1.9700,81400
2009-05-15,1.9601,2.1000,1.9100,2.1000,22000
2009-05-08,2.0800,2.1400,1.9500,2.0300,40000
2009-05-01,1.9900,2.0800,1.8900,2.0800,19500
2009-04-24,2.0000,2.1000,1.9000,2.0400,54900
2009-04-17,1.7400,1.9900,1.7400,1.9800,17200
2009-04-09,1.8500,1.9700,1.6240,1.9000,33600
2009-04-03,2.0000,2.1500,1.8600,1.9500,61500
2009-03-27,2.0000,2.1500,1.9000,2.0900,46900
2009-03-20,1.9900,2.1900,1.8300,2.0000,51400
2009-03-13,2.1900,2.2000,1.5000,1.9000,59400
2009-03-06,1.7800,2.2444,1.6500,1.9499,74800
2009-02-27,1.9300,1.9500,1.7700,1.9500,15800
2009-02-20,1.8400,1.9500,1.7636,1.7901,51200
2009-02-13,1.4100,1.9500,1.4100,1.8204,117800
2009-02-06,1.4700,1.5000,1.1700,1.5000,24500
2009-01-30,1.5900,1.7300,1.2100,1.4300,27700
2009-01-23,1.1200,1.9900,1.1000,1.5800,52141
2009-01-16,1.6900,1.6900,1.1400,1.1500,27617
2009-01-09,1.4200,1.7900,1.2500,1.6200,119700
2009-01-02,1.3500,1.4900,1.1600,1.4300,16100
2008-12-26,1.5200,1.5400,1.3500,1.3599,10900
2008-12-19,1.5800,1.6000,1.1600,1.3500,18800
2008-12-12,1.5800,1.6000,1.2100,1.5300,21800
2008-12-05,1.1200,1.5200,1.1100,1.5000,13300
2008-11-28,1.4500,1.4500,1.0900,1.3900,6500
2008-11-21,1.6100,1.6100,1.0500,1.4300,13300
2008-11-14,1.6300,1.6300,1.3500,1.5101,16600
2008-11-07,1.2400,1.6800,1.2400,1.6300,6700
2008-10-31,1.3401,1.6800,1.2300,1.5900,27600
2008-10-24,1.6200,1.6800,1.2600,1.4500,11200
2008-10-17,1.6101,1.7100,1.5000,1.6799,13700
2008-10-10,1.8200,2.0400,1.5600,1.6500,19200
2008-10-03,2.0500,2.0500,1.5000,2.0500,14200
2008-09-26,1.8300,2.1000,1.7701,1.9800,10500
2008-09-19,1.9500,1.9500,1.6200,1.9400,34100
2008-09-12,2.1500,2.1500,2.0100,2.0100,24400
2008-09-05,2.0012,2.1500,2.0012,2.1100,20000
2008-08-29,1.9500,2.0500,1.8600,2.0400,17200
2008-08-22,1.6500,2.0900,1.6500,2.0000,35300
2008-08-15,1.5100,1.9900,1.5000,1.9799,65500
2008-08-08,1.6200,1.7200,1.5000,1.6000,38800
2008-08-01,1.6800,1.6800,1.5500,1.6400,8220
2008-07-25,1.7900,1.9400,1.5000,1.6800,32900
2008-07-18,1.5600,1.8400,1.4600,1.7800,55200
2008-07-11,1.6700,1.7100,1.5600,1.5700,9028
2008-07-03,1.6000,1.9500,1.5847,1.7500,20700
2008-06-27,1.7500,1.9700,1.5400,1.5400,10700
2008-06-20,1.9500,2.0000,1.7400,1.7400,55200
2008-06-13,2.0300,2.1000,1.9000,1.9500,85300
2008-06-06,1.7100,2.0000,1.7100,1.9200,130800
2008-05-30,1.5400,1.7300,1.4700,1.7200,369500
2008-05-23,1.4000,1.6800,1.4000,1.6400,52100
2008-05-16,1.6700,1.7000,1.4100,1.4100,31300
2008-05-09,1.6200,1.7200,1.3800,1.6000,64341
2008-05-02,1.6000,1.6800,1.3300,1.6700,132300
2008-04-25,1.6800,1.7900,1.5400,1.6100,43800
2008-04-18,1.7400,1.8000,1.5801,1.7501,83600
2008-04-11,1.6400,1.7799,1.5100,1.7600,103800
2008-04-04,1.5200,1.7000,1.4500,1.6000,84560
2008-03-28,1.4500,1.5696,1.3500,1.5100,73475
2008-03-20,1.4300,1.5300,1.3900,1.5000,66800
2008-03-14,1.4600,1.5900,1.4000,1.4260,35100
2008-03-07,1.5800,1.5900,1.4000,1.5400,48600
2008-02-29,1.6000,1.7700,1.4100,1.4500,70700
2008-02-22,1.4000,1.6000,1.2000,1.6000,63400
2008-02-15,1.4000,1.4000,1.2000,1.4000,35000
2008-02-08,1.4000,1.4000,1.2000,1.3600,21300
2008-02-01,1.1500,1.3900,1.1300,1.3900,31200
2008-01-25,1.1000,1.3000,1.0100,1.2400,28800
2008-01-18,1.0500,1.2100,1.0200,1.1020,22600
2008-01-11,1.1300,1.4000,1.0200,1.0500,31000
2008-01-04,1.2900,1.4000,1.1000,1.2600,72500
2007-12-28,0.9794,1.4000,0.9794,1.3300,104500
2007-12-21,1.1153,1.2600,0.9800,0.9800,58000
2007-12-14,1.1700,1.3601,1.0500,1.1500,58900
2007-12-07,1.1500,1.3400,1.1200,1.2000,96800
2007-11-30,1.1700,1.2900,1.1500,1.1800,9600
2007-11-23,1.2100,1.3500,1.1600,1.2300,19600
2007-11-16,1.2348,1.3500,1.1000,1.2500,62800
2007-11-09,1.1700,1.2900,1.1500,1.2400,46500
2007-11-02,1.2000,1.3000,1.1100,1.2700,25800
2007-10-26,1.1500,1.4000,1.1000,1.2203,94200
2007-10-19,0.9000,1.4500,0.9000,1.0800,190200
2007-10-12,0.8000,1.0000,0.7500,1.0000,61100
2007-10-05,0.8800,0.9200,0.8000,0.8100,22300
2007-09-28,0.8700,0.9500,0.8300,0.8600,27100
2007-09-21,0.9300,0.9890,0.8700,0.8700,18400
2007-09-14,0.9400,0.9700,0.9000,0.9500,10200
2007-09-07,1.0320,1.0900,0.9900,0.9900,9200
2007-08-31,1.1600,1.1601,1.0100,1.0300,24225
2007-08-24,1.0100,1.2600,1.0100,1.1700,20800
2007-08-17,1.0100,1.2000,1.0000,1.1101,60900
2007-08-10,1.1899,1.3000,1.0200,1.0200,26500
2007-08-03,1.1500,1.2500,1.0100,1.1600,97000
2007-07-27,1.3100,1.3200,1.1000,1.2100,84000
2007-07-20,1.3300,1.3700,1.3000,1.3000,12550
2007-07-13,1.3800,1.4200,1.3200,1.3557,41000
2007-07-06,1.4200,1.4900,1.4000,1.4100,58400
2007-06-29,1.4500,1.5000,1.4200,1.5000,7950
2007-06-22,1.4600,1.6000,1.4500,1.4720,6000
2007-06-15,1.4901,1.6800,1.3100,1.4500,54800
2007-06-08,1.4700,1.5900,1.4600,1.5015,26900
2007-06-01,1.4900,1.5500,1.4000,1.5500,29700
2007-05-25,1.5900,1.6500,1.4000,1.5118,69100
2007-05-18,1.8000,1.8000,1.6100,1.6100,14100
2007-05-11,1.7400,1.7900,1.5500,1.7500,39200
2007-05-04,1.5400,1.9300,1.5400,1.8247,53700
2007-04-27,1.8000,1.8200,1.4000,1.5400,25200
2007-04-20,1.6000,1.7500,1.5600,1.7100,28100
2007-04-13,1.6500,1.6500,1.3700,1.6400,61900
2007-04-05,1.6100,1.6900,1.6100,1.6300,46200
2007-03-30,1.7100,1.7300,1.6100,1.6400,46300
2007-03-23,1.6200,1.7730,1.6100,1.6800,35200
2007-03-16,1.8190,2.4500,1.6200,1.6700,282400
2007-03-09,1.8000,1.8900,1.6100,1.8000,50300
2007-03-02,1.7200,1.8100,1.6099,1.6100,50100
2007-02-23,1.9000,1.9000,1.6900,1.7200,33400
2007-02-16,2.2500,2.2500,1.6100,1.7600,177900
2007-02-09,2.3000,2.3000,2.0000,2.2099,48500
2007-02-02,2.3000,2.4700,1.8100,2.2508,191700
2007-01-26,1.8400,2.4800,1.7600,2.2300,254100
2007-01-19,1.8500,1.8500,1.6500,1.8300,46400
2007-01-12,1.7800,1.8700,1.7500,1.7500,27800
2007-01-05,1.8500,1.8578,1.7600,1.7800,18300
2006-12-29,1.7600,1.9000,1.7000,1.8800,105200
2006-12-22,1.7900,1.9000,1.7200,1.8700,68900
2006-12-15,1.7500,2.0500,1.7500,1.8001,78900
2006-12-08,1.8400,1.9300,1.6000,1.7400,100200
2006-12-01,1.9000,1.9100,1.6900,1.8600,43900
2006-11-24,1.9000,1.9000,1.6000,1.8220,28800
2006-11-17,1.8000,1.9300,1.4940,1.8700,131500
2006-11-10,0.7600,2.1000,0.7600,1.8100,64800
2006-11-03,0.4400,0.4500,0.3900,0.4300,228800
2006-10-27,0.4300,0.4700,0.3700,0.4400,222000
2006-10-20,0.4500,0.5800,0.4200,0.4300,280400
2006-10-13,0.4400,0.4900,0.4200,0.4800,110800
2006-10-06,0.4200,0.4500,0.4000,0.4400,102800
2006-09-29,0.4200,0.4600,0.4000,0.4400,108400
2006-09-22,0.4900,0.4900,0.4000,0.4500,233600
2006-09-15,0.4800,0.5100,0.4400,0.4600,66000
2006-09-08,0.4300,0.5100,0.4300,0.5000,75200
2006-09-01,0.4900,0.5500,0.4300,0.4400,270800
2006-08-25,0.6400,0.6400,0.4600,0.4900,327200
2006-08-18,0.5100,1.1500,0.4000,0.6700,571600
2006-08-11,0.6000,0.6200,0.5600,0.5700,67600
2006-08-04,0.6500,0.6500,0.6000,0.6100,42800
2006-07-28,0.6800,0.6800,0.6300,0.6300,77200
2006-07-21,0.6800,0.7200,0.6700,0.6800,44800
2006-07-14,0.7100,0.7400,0.6700,0.6700,108800
2006-07-07,0.6700,0.7100,0.6700,0.6800,21200
2006-06-30,0.6700,0.7400,0.6700,0.7000,76000
2006-06-23,0.6500,0.7500,0.6400,0.6900,114000
2006-06-16,0.7000,0.7000,0.6400,0.6700,77600
2006-06-09,0.7000,0.7900,0.6400,0.7000,122000
2006-06-02,0.7100,0.7100,0.6400,0.7000,64000
2006-05-26,0.5500,0.7300,0.5500,0.7000,336800
2006-05-19,0.5900,0.6600,0.5600,0.5700,208800
2006-05-12,0.7000,0.7000,0.5800,0.5900,197200
2006-05-05,0.6800,0.7300,0.6600,0.6800,162800
2006-04-28,0.7500,0.7500,0.6700,0.6800,115600
2006-04-21,0.7300,0.9400,0.6900,0.7500,1448000
2006-04-13,0.6600,0.7300,0.6300,0.7200,175200
2006-04-07,0.7000,0.7500,0.6300,0.6600,149200
2006-03-31,0.7000,0.7500,0.6400,0.7200,136800
2006-03-24,0.6500,0.7600,0.6200,0.6900,782800
2006-03-17,0.6000,0.6400,0.5900,0.6300,478000
2006-03-10,0.6600,0.6600,0.5800,0.6100,507200
2006-03-03,0.6000,0.7000,0.5600,0.6400,266000
2006-02-24,0.5700,0.6000,0.5500,0.6000,180000
2006-02-17,0.5700,0.6000,0.5600,0.5700,280400
2006-02-10,0.6500,0.7000,0.5600,0.6100,198400
2006-02-03,0.6500,0.7200,0.6500,0.6900,236800
2006-01-27,0.6400,0.7300,0.6200,0.7000,331600
2006-01-20,0.6300,0.6800,0.6300,0.6400,154800
2006-01-13,0.7300,0.8200,0.5900,0.6300,510400
2006-01-06,0.6300,0.8800,0.6000,0.7100,372000
2005-12-30,0.6800,0.6800,0.5100,0.6500,589200
2005-12-23,0.5700,0.6800,0.5400,0.6100,455600
2005-12-16,0.6500,0.6500,0.5700,0.5800,321600
2005-12-09,0.6400,0.7400,0.6200,0.6300,205600
2005-12-02,0.6500,0.7400,0.6100,0.6500,400400
2005-11-25,0.6600,0.6600,0.6200,0.6400,118400
2005-11-18,0.7600,0.8000,0.6100,0.6700,337200
2005-11-11,0.8000,0.8300,0.7500,0.7600,142400
2005-11-04,0.9000,0.9400,0.7500,0.7900,228000
2005-10-28,0.9900,0.9900,0.8700,0.8900,73600
2005-10-21,0.9600,1.0600,0.8800,0.9000,220000
2005-10-14,0.8900,0.9600,0.8300,0.9600,180800
2005-10-07,0.9500,0.9700,0.9000,0.9300,94000
2005-09-30,0.9500,1.0000,0.9000,0.9600,94400
2005-09-23,0.9400,0.9500,0.7300,0.9400,201600
2005-09-16,0.9900,0.9900,0.9100,0.9400,127200
2005-09-09,0.9800,1.0400,0.9700,1.0000,50400
2005-09-02,1.0500,1.0500,0.9600,1.0200,126000
2005-08-26,1.0800,1.1500,1.0300,1.0600,122000
2005-08-19,1.0600,1.0800,0.9500,1.0700,135600
2005-08-12,1.0400,1.1700,0.9000,1.0700,155600
2005-08-05,1.0500,1.0500,0.9500,1.0400,96000
2005-07-29,1.0000,1.0800,0.9200,1.0000,220400
2005-07-22,1.1600,1.1600,1.0000,1.0100,130400
2005-07-15,1.1600,1.2000,1.1200,1.1400,93600
2005-07-08,1.1900,1.2000,1.1000,1.1700,83600
2005-07-01,0.9700,1.2100,0.9700,1.1500,188000
2005-06-24,1.0500,1.0800,0.9500,0.9700,74400
2005-06-17,0.9300,1.0500,0.9300,1.0300,73600
2005-06-10,0.9300,1.0500,0.8900,0.9600,108000
2005-06-03,0.8600,0.9600,0.8400,0.9000,88000
2005-05-27,0.8600,0.9600,0.8500,0.9100,70400
2005-05-20,1.0300,1.0600,0.8500,0.8800,226800
2005-05-13,0.9600,1.1000,0.9400,1.0200,138000
2005-05-06,1.0000,1.0300,0.8000,0.9600,232000
2005-04-29,1.0800,1.1300,1.0000,1.0400,177600
2005-04-22,1.1200,1.1500,1.0700,1.0900,76000
2005-04-15,1.1700,1.1700,1.0700,1.1100,164800
2005-04-08,1.2100,1.2300,1.1100,1.1500,166000
2005-04-01,1.2700,1.2800,1.2000,1.2300,118000
2005-03-24,1.3000,1.3000,1.2000,1.2800,92800
2005-03-18,1.2300,1.3300,1.2000,1.2800,131200
2005-03-11,1.3500,1.3800,1.2000,1.2300,214000
2005-03-04,1.3000,1.3700,1.2200,1.3500,146800
2005-02-25,1.2400,1.3000,1.2200,1.2900,173600
2005-02-18,1.2600,1.3200,1.2200,1.2400,133600
2005-02-11,1.3300,1.3300,1.2200,1.2700,171600
2005-02-04,1.3500,1.3800,1.2900,1.3000,322800
2005-01-28,1.3600,1.4100,1.2600,1.3200,142000
2005-01-21,1.4500,1.5300,1.3500,1.3800,148400
2005-01-14,1.3900,1.4300,1.3500,1.4000,158000
2005-01-07,1.5100,1.5100,1.4000,1.4300,192400
2004-12-31,1.4000,1.4500,1.3500,1.4400,252000
2004-12-23,1.5300,1.5300,1.3600,1.4000,185200
2004-12-17,1.5400,1.7000,1.4000,1.5000,623600
2004-12-10,1.3100,1.5500,1.3100,1.5400,365200
2004-12-03,1.3300,1.4300,1.2800,1.3600,425200
2004-11-26,1.2000,1.3700,1.1500,1.2900,195200
2004-11-19,1.2600,1.2600,1.1600,1.2000,114800
2004-11-12,1.1300,1.2500,1.1300,1.2100,153600
2004-11-05,1.2900,1.3000,1.1100,1.2000,274000
2004-10-29,1.2100,1.3500,1.1800,1.2800,104400
2004-10-22,1.2000,1.3200,1.1000,1.2200,114400
2004-10-15,1.1800,1.2500,1.1400,1.1600,74000
2004-10-08,1.2000,1.2900,1.1500,1.2000,99600
2004-10-01,1.2400,1.2900,1.2000,1.2500,84000
2004-09-24,1.3700,1.3700,1.2300,1.2800,99200
2004-09-17,1.2500,1.3900,1.2300,1.3100,166800
2004-09-10,1.1600,1.3000,1.1600,1.2300,97600
2004-09-03,1.2000,1.2500,1.1500,1.2300,86800
2004-08-27,1.2000,1.2700,1.1400,1.2000,166400
2004-08-20,1.3100,1.3800,1.0000,1.2400,226400
2004-08-13,1.2600,1.3900,1.2300,1.3500,182000
2004-08-06,1.7200,1.8500,1.2200,1.3200,428000
2004-07-30,1.5500,1.7900,1.5100,1.7400,234400
2004-07-23,1.6300,1.8400,1.5500,1.5500,292800
2004-07-16,1.7000,1.7700,1.6300,1.6700,175600
2004-07-09,1.6500,1.8500,1.6000,1.7300,672000
2004-07-02,1.2500,1.8200,1.2500,1.6600,846400
2004-06-25,1.1800,1.3200,1.1800,1.2400,163200
2004-06-18,1.3500,1.3900,1.2100,1.2800,106400
2004-06-10,1.3300,1.4000,1.2500,1.3600,110800
2004-06-04,1.2900,1.3200,1.1400,1.2900,158800
2004-05-28,1.3900,1.4100,1.2600,1.2900,146400
2004-05-21,1.4500,1.4500,1.2000,1.3300,207200
2004-05-14,1.3500,1.6400,1.2900,1.4100,520400
2004-05-07,1.1400,1.3500,1.1000,1.3500,227200
2004-04-30,1.4300,1.4800,1.1200,1.3000,307600
2004-04-23,1.3500,1.5000,1.3200,1.3600,95200
2004-04-16,1.3100,1.6500,1.2700,1.3800,484000
2004-04-08,1.4200,1.4200,1.2400,1.3200,132800
2004-04-02,1.1100,1.4400,1.1100,1.3600,312800
2004-03-26,1.2500,1.2500,1.0500,1.1700,212400
2004-03-19,1.3100,1.3300,1.1300,1.2300,376000
2004-03-12,1.3500,1.4500,1.2100,1.2700,302400
2004-03-05,1.3300,1.4900,1.3200,1.3200,388400
2004-02-27,1.5400,1.5500,1.2200,1.3400,781600
2004-02-20,1.8000,1.8000,1.5000,1.5300,472400
2004-02-13,1.7700,1.9200,1.6800,1.7200,482000
2004-02-06,2.2100,2.2100,1.5000,1.7400,1557600
2004-01-30,1.9600,2.1900,1.9000,2.0900,768000
2004-01-23,1.9700,2.2000,1.8000,1.9100,889600
2004-01-16,2.1100,2.3000,1.8500,1.9500,1778000
2004-01-09,1.7200,2.2500,1.5800,2.0500,909200
2004-01-02,1.4600,1.9700,1.4600,1.7000,863200
2003-12-26,1.2400,1.7500,1.2100,1.5100,990000
2003-12-19,1.2600,1.3200,1.1600,1.2200,211600
2003-12-12,1.3100,1.3500,1.0600,1.2000,326000
2003-12-05,1.2700,1.4800,1.1000,1.2500,878000
2003-11-28,1.0600,1.2500,0.9800,1.2300,367200
2003-11-21,1.1000,1.1900,0.9800,1.0400,767600
2003-11-14,1.2500,1.3000,0.9700,1.0600,1085200
2003-11-07,0.6100,1.3500,0.5800,1.1700,2260800
2003-10-31,0.4600,0.6400,0.4400,0.5700,596400
2003-10-24,0.4600,0.5000,0.4500,0.4600,124000
2003-10-17,0.5500,0.6000,0.3600,0.4700,976000
2003-10-10,0.5900,0.6000,0.4600,0.5800,570400
2003-10-03,0.5300,0.6400,0.5200,0.5700,149200
2003-09-26,0.5400,0.6200,0.5000,0.5200,118400
2003-09-19,0.5900,0.7500,0.5200,0.5400,492000
2003-09-12,0.5600,0.6200,0.5100,0.5900,269200
2003-09-05,0.5500,0.5900,0.5200,0.5600,88800
2003-08-29,0.5000,0.6500,0.4400,0.5500,398800
2003-08-22,0.4200,0.5000,0.4200,0.5000,46400
2003-08-15,0.5200,0.5200,0.4100,0.4600,93600
2003-08-08,0.4600,0.5000,0.4300,0.5000,70400
2003-08-01,0.4700,0.5100,0.4300,0.4600,152000
2003-07-25,0.5000,0.5300,0.4500,0.4800,81200
2003-07-18,0.5000,0.6500,0.4500,0.5000,134400
2003-07-11,0.5800,0.6100,0.4400,0.5000,65200
2003-07-03,0.5500,0.6200,0.5100,0.5900,104000
2003-06-27,0.5300,0.5700,0.4800,0.5000,96800
2003-06-20,0.6200,0.6500,0.4900,0.5300,210400
2003-06-13,0.4700,0.7200,0.4200,0.6300,326400
2003-06-06,0.4500,0.4700,0.4200,0.4200,96800
2003-05-30,0.4900,0.4900,0.4000,0.4500,135200
2003-05-23,0.4300,0.5000,0.4100,0.4300,46000
2003-05-16,0.4700,0.5200,0.4300,0.4300,54800
2003-05-09,0.4700,0.5200,0.4200,0.4800,42400
2003-05-02,0.5200,0.5700,0.4700,0.4700,19200
2003-04-25,0.5200,0.5500,0.4100,0.5200,39600
2003-04-17,0.5200,0.5500,0.4600,0.5000,15200
2003-04-11,0.5000,0.5500,0.4800,0.5100,54800
2003-04-04,0.4700,0.5200,0.4300,0.4800,23600
2003-03-28,0.4800,0.5000,0.4600,0.4700,27600
2003-03-21,0.4400,0.4900,0.4300,0.4800,7600
2003-03-14,0.4900,0.5000,0.3500,0.4700,26800
2003-03-07,0.4500,0.4900,0.4200,0.4300,15200
2003-02-28,0.5000,0.5800,0.4200,0.5100,19200
2003-02-21,0.5000,0.5400,0.4800,0.4800,21200
2003-02-14,0.4900,0.5500,0.4500,0.5000,41200
2003-02-07,0.4100,0.6000,0.4000,0.5500,28400
2003-01-31,0.5100,0.5800,0.3800,0.4300,41200
2003-01-24,0.4300,0.6000,0.4300,0.5400,100000
2003-01-17,0.4400,0.5200,0.4300,0.5000,33600
2003-01-10,0.4000,0.4800,0.3900,0.4800,38800
2003-01-03,0.3100,0.4500,0.3100,0.4100,60000
2002-12-27,0.3800,0.4100,0.2600,0.3500,102800
2002-12-20,0.4000,0.4300,0.3700,0.4000,134000
2002-12-13,0.4100,0.4200,0.3800,0.4000,62800
2002-12-06,0.4800,0.5000,0.2500,0.4200,89600
2002-11-29,0.5000,0.5200,0.4600,0.4700,51600
2002-11-22,0.5200,0.5300,0.4600,0.5000,332400
2002-11-15,0.5000,0.5300,0.4000,0.4700,79200
2002-11-08,0.5200,0.5300,0.5000,0.5000,40400
2002-11-01,0.5300,0.5700,0.5100,0.5400,38000
2002-10-25,0.5100,0.5400,0.5000,0.5200,66000
2002-10-18,0.5300,0.5600,0.5000,0.5400,82800
2002-10-11,0.6000,0.6000,0.5100,0.5500,42400
2002-10-04,0.6000,0.6300,0.5000,0.5900,57600
2002-09-27,0.5100,0.7000,0.5100,0.5600,61200
2002-09-20,0.5100,0.6800,0.5100,0.5500,25200
2002-09-13,0.5500,0.7000,0.5000,0.5600,47600
2002-09-06,0.5400,0.7300,0.5000,0.5000,73600
2002-08-30,0.6000,0.6100,0.5500,0.5500,39200
2002-08-23,0.6400,0.7000,0.6000,0.6000,40800
2002-08-16,0.6500,0.7000,0.6400,0.6400,61200
2002-08-09,0.6500,0.6500,0.5500,0.6500,47200
2002-08-02,0.7400,0.7400,0.5800,0.6000,38000
2002-07-26,0.6600,0.8500,0.5500,0.7500,78400
2002-07-19,0.6300,0.6800,0.5800,0.6600,9200
2002-07-12,0.7800,0.8000,0.5300,0.5300,104800
2002-07-05,0.5900,0.7000,0.4000,0.6800,157600
2002-06-28,0.7300,0.7700,0.4000,0.6300,120800
2002-06-21,0.8400,0.8400,0.7200,0.7300,97600
2002-06-14,0.8500,0.8500,0.7900,0.8300,19600
2002-06-07,0.8500,0.8700,0.7900,0.8300,56000
2002-05-31,0.8700,0.8900,0.8500,0.8500,18000
2002-05-24,0.8100,0.9000,0.7600,0.8700,78800
2002-05-17,0.9500,0.9900,0.8500,0.8500,60800
2002-05-10,1.0200,1.0600,0.8200,0.9000,126800
2002-05-03,1.1700,1.1700,0.8000,1.0000,77200
2002-04-26,1.1200,1.2000,1.0600,1.1700,96800
2002-04-19,1.0000,1.1800,0.9800,1.1000,125200
2002-04-12,1.0400,1.0800,0.9800,1.0200,48000
2002-04-05,1.1000,1.1300,0.9900,1.0400,52400
2002-03-28,1.1100,1.1400,0.9900,1.0500,43200
2002-03-22,1.0100,1.1500,0.9800,1.1500,165200
2002-03-15,1.0300,1.1200,1.0000,1.0000,190400
2002-03-08,1.1100,1.1500,1.0000,1.1100,67600
2002-03-01,1.1000,1.2500,1.0100,1.1500,73200
2002-02-22,1.0300,1.1800,1.0000,1.1000,104000
2002-02-15,1.0900,1.1800,1.0300,1.0300,61200
2002-02-08,1.1500,1.2500,1.0300,1.1400,32400
2002-02-01,1.1300,1.2500,1.0000,1.2000,82400
2002-01-25,1.3000,1.4300,1.1000,1.1400,156000
2002-01-18,1.1900,1.4000,1.1000,1.2800,140400
2002-01-11,1.0000,1.4000,1.0000,1.1900,372400
2002-01-04,0.9000,1.0900,0.8700,1.0500,160800
2001-12-28,0.9500,1.0900,0.9000,0.9500,77200
2001-12-21,0.6300,1.1600,0.6100,0.9900,432400
2001-12-14,0.6300,0.7200,0.6300,0.6700,70800
2001-12-07,0.6500,0.7600,0.6300,0.7200,76800
2001-11-30,0.7500,0.7900,0.6100,0.6500,95200
2001-11-23,0.8000,0.8000,0.7500,0.7800,22000
2001-11-16,0.7900,0.7900,0.7100,0.7700,76000
2001-11-09,0.8700,0.8700,0.7500,0.7900,56800
2001-11-02,0.8200,0.9400,0.8000,0.8100,62400
2001-10-26,0.8400,1.0700,0.8100,0.8200,261600
2001-10-19,0.7000,0.7800,0.6500,0.7800,135600
2001-10-12,0.7200,0.7200,0.5500,0.6900,140000
2001-10-05,0.6500,0.7600,0.6000,0.6500,178800
2001-09-28,0.5500,0.7100,0.4900,0.5600,166800
2001-09-21,0.7000,0.7000,0.4800,0.5000,349200
2001-09-10,0.7000,0.7200,0.5500,0.6500,72000
2001-09-07,0.9900,0.9900,0.6300,0.7800,285200
2001-08-31,1.0100,1.0300,0.9700,1.0000,127600
2001-08-24,1.0400,1.1200,0.9600,1.0300,123600
2001-08-17,1.0900,1.2200,1.0200,1.0500,49200
2001-08-10,1.1700,1.1700,1.0200,1.0800,74000
2001-08-03,1.1500,1.2000,1.0300,1.1700,127200
2001-07-27,1.2000,1.2900,1.1100,1.1500,101600
2001-07-20,1.2900,1.2900,1.2000,1.2000,149600
2001-07-13,1.3100,1.3900,1.2000,1.2800,177200
2001-07-06,1.3500,1.5000,1.3500,1.3600,31600
2001-06-29,1.4200,1.5300,1.2000,1.3300,131600
2001-06-22,1.4000,1.5600,1.2500,1.3500,118800
2001-06-15,1.6000,1.6000,1.2900,1.4000,141600
2001-06-08,1.7300,1.7500,1.4000,1.6000,277200
2001-06-01,1.4000,1.5000,1.2500,1.4500,465600
2001-05-25,1.0900,1.3900,1.0800,1.2800,490800
2001-05-18,1.1200,1.1200,1.0000,1.0600,74800
2001-05-11,1.1900,1.1900,1.0000,1.1000,218400
2001-05-04,1.0200,1.4800,1.0000,1.2000,383600
2001-04-27,1.0300,1.0300,0.9200,1.0200,161600
2001-04-20,1.0300,1.1200,1.0000,1.0300,288800
2001-04-12,0.9500,1.0700,0.8700,1.0300,80800
2001-04-06,1.0000,1.0600,0.8800,0.9400,106400
2001-03-30,0.9700,1.0600,0.9100,1.0300,73600
2001-03-23,1.0000,1.0000,0.8800,0.9100,72000
2001-03-16,1.0500,1.3800,0.8800,1.0000,233600
2001-03-09,0.8800,1.1600,0.8800,1.0600,160400
2001-03-02,0.9200,1.0000,0.8400,0.9100,61200
2001-02-23,0.8400,1.0300,0.8400,0.8800,84000
2001-02-16,0.8800,1.0600,0.8400,0.8400,276000
2001-02-09,0.9200,0.9400,0.8100,0.8800,110800
2001-02-02,1.0000,1.0000,0.8400,0.8800,116800
2001-01-26,0.8800,1.0000,0.7800,0.9100,274800
2001-01-19,0.9400,0.9700,0.7500,0.8100,79200
2001-01-12,0.9400,0.9400,0.7200,0.9100,134400
2001-01-05,0.8100,1.0000,0.8100,0.9400,102000
2000-12-29,0.8100,0.8100,0.6200,0.7800,554400
2000-12-22,0.7800,1.0300,0.7800,0.9100,298800
2000-12-15,1.1100,1.1200,0.7500,0.7500,214400
2000-12-08,1.0600,1.3100,0.7500,1.0900,650800
2000-12-01,1.2700,1.2800,0.9100,0.9100,198800
2000-11-24,1.1200,1.3100,1.0600,1.2200,124400
2000-11-17,1.3400,1.5000,1.0600,1.2500,156000
2000-11-10,1.2700,1.4100,1.2200,1.2500,214800
2000-11-03,1.3800,1.5000,1.1900,1.3800,832000
2000-10-27,1.2200,1.7500,1.2200,1.3800,225600
2000-10-20,1.2500,1.3400,1.0000,1.1200,173200
2000-10-13,1.4400,1.5300,1.2500,1.2800,160400
2000-10-06,1.5300,1.5900,1.3100,1.4400,227600
2000-09-29,1.5800,1.6200,1.4700,1.5000,311600
2000-09-22,1.6900,1.7500,1.5000,1.5300,208800
2000-09-15,1.9400,2.0000,1.5900,1.6200,298800
2000-09-08,1.8900,2.0000,1.7500,1.9400,157600
2000-09-01,1.7500,2.0000,1.6200,1.8400,429200
2000-08-25,2.0500,2.0600,1.6600,1.6900,344000
2000-08-18,1.6200,2.0000,1.5000,2.0000,510000
2000-08-11,1.6900,1.7500,1.5300,1.6200,171200
2000-08-04,1.7800,1.9700,1.5000,1.6200,241200
2000-07-28,1.7700,1.9100,1.6600,1.7800,158000
2000-07-21,1.7800,1.9400,1.5900,1.6600,174000
2000-07-14,1.6900,1.9400,1.5000,1.8100,261200
2000-07-07,1.5900,1.8800,1.5600,1.6900,87200
2000-06-30,1.6200,1.7500,1.5000,1.7500,93600
2000-06-23,1.6400,1.6900,1.4700,1.6200,104000
2000-06-16,1.6600,1.6900,1.2800,1.5300,146800
2000-06-09,1.3100,1.6900,1.1900,1.5900,305200
2000-06-02,1.2500,1.4700,1.1200,1.2500,120400
2000-05-26,1.5300,1.5600,1.1200,1.2500,242400
2000-05-19,1.7200,1.9200,1.5000,1.5000,357600
2000-05-12,1.6200,2.0900,1.5900,1.6900,373200
2000-05-05,1.7700,1.8400,1.4400,1.5300,414400
2000-04-28,1.6400,1.9400,1.5000,1.7500,174000
2000-04-20,1.5600,1.9400,1.5000,1.6600,282800
2000-04-14,1.8800,1.9700,1.5600,1.6200,408000
2000-04-07,2.3800,2.6200,1.3800,1.7500,1413200
2000-03-31,3.1200,3.1200,2.5000,2.5000,223600
2000-03-24,3.1200,3.1200,2.5000,3.0900,400800
2000-03-17,4.0000,4.0000,3.0000,3.1200,724000
2000-03-10,2.3800,4.8800,1.5600,3.7500,4110800
2000-03-03,2.5600,3.0000,2.4700,2.7500,255200
2000-02-25,2.6200,3.2500,2.5000,2.7200,609600
2000-02-18,2.5900,2.7500,2.1600,2.5000,340800
2000-02-11,2.5300,3.0000,2.5000,2.6200,602400
2000-02-04,2.9100,3.0000,2.5000,2.7500,474800
2000-01-28,2.9800,3.5000,2.5000,2.6200,1050800
2000-01-21,1.4400,3.2500,1.3100,2.8400,1402800
2000-01-14,1.2500,1.5600,1.1900,1.3800,354400
