timestamp,open,high,low,close,volume
2018-02-27,8.2100,8.8700,8.2100,8.8500,168890
2018-02-23,8.5100,8.5500,7.9300,8.1700,230277
2018-02-16,7.8600,8.7400,7.8600,8.5900,599151
2018-02-09,8.4200,8.5000,7.7100,7.8600,429953
2018-02-02,9.0100,9.2600,8.3600,8.5500,784580
2018-01-26,8.4100,9.2300,8.1227,9.0000,834735
2018-01-19,8.8000,8.8000,7.9908,8.3600,268139
2018-01-12,8.4600,8.7900,7.9800,8.7200,301335
2018-01-05,8.6200,8.9000,8.1600,8.4500,290601
2017-12-29,8.8700,9.1500,8.5000,8.5900,293680
2017-12-22,8.5400,9.1500,8.4479,8.8300,394471
2017-12-15,8.6300,8.7000,8.2800,8.5600,384819
2017-12-08,7.0600,8.5900,6.8638,8.5900,819139
2017-12-01,6.9400,7.5445,6.6800,7.0400,509666
2017-11-24,6.9000,7.1500,6.7100,6.9300,387554
2017-11-17,6.6500,7.3800,6.0200,6.8800,641706
2017-11-10,6.6300,6.9400,6.0200,6.6600,759438
2017-11-03,7.4200,8.0000,6.6300,6.6800,895642
2017-10-27,7.8000,8.2400,7.1400,7.3900,764611
2017-10-20,8.3900,8.7000,7.7600,7.8500,789687
2017-10-13,8.4400,8.7900,8.1500,8.3700,731838
2017-10-06,9.8700,9.9600,7.4900,8.4300,2597250
2017-09-29,10.4000,10.4000,9.5900,9.8500,1615645
2017-09-22,9.3000,10.4000,9.1500,10.2100,1677226
2017-09-15,9.1100,9.8300,8.8900,9.2500,1485276
2017-09-08,8.2000,9.2400,8.0000,9.0300,1694033
2017-09-01,6.6900,8.3000,6.4600,7.8900,1681322
2017-08-25,7.8000,7.8000,6.4500,6.6100,1221634
2017-08-18,7.3000,8.2300,7.2500,7.7500,1448157
2017-08-11,7.0500,7.4000,6.4300,7.2200,1051817
2017-08-04,6.7500,7.1500,6.4800,7.0400,530047
2017-07-28,5.7100,7.1800,5.5610,6.7200,1312622
2017-07-21,5.8700,6.1611,5.3001,5.7000,616149
2017-07-14,4.7900,5.7700,4.7000,5.7100,907835
2017-07-07,4.9600,5.0000,4.6100,4.7900,128418
2017-06-30,4.7200,5.1000,4.2500,4.9200,363569
2017-06-23,4.6500,4.9400,4.3300,4.8000,764652
2017-06-16,4.4800,4.7500,4.0100,4.6800,972317
2017-06-09,3.6000,4.1500,3.5200,4.0600,651227
2017-06-02,3.3200,3.6300,3.0800,3.6000,284890
2017-05-26,3.4200,3.4500,3.2500,3.3200,185928
2017-05-19,3.1200,3.4200,3.0500,3.4200,441607
2017-05-12,2.6300,3.1700,2.5000,3.0800,993896
2017-05-05,2.4500,2.6500,2.3200,2.6500,565685
2017-04-28,2.5000,2.5000,2.3000,2.4100,369894
2017-04-21,2.1900,2.4600,2.1900,2.4300,552962
2017-04-13,2.1500,2.3500,2.1500,2.2100,715500
2017-04-07,2.4200,2.4200,2.0100,2.1500,1134464
2017-03-31,3.4700,3.7500,1.9600,2.3600,8208789
2017-03-24,3.6200,3.7000,3.3500,3.5300,178885
2017-03-17,3.8300,3.9800,3.3500,3.5800,190064
2017-03-10,3.5300,4.0700,3.4800,3.7500,182649
2017-03-03,3.3000,3.8700,3.1600,3.5800,167490
2017-02-24,3.2500,3.4000,3.0300,3.1700,98620
2017-02-17,3.2100,3.3700,2.8200,3.2100,70683
2017-02-10,3.2600,3.3400,3.1500,3.2000,43963
2017-02-03,3.3200,3.3600,3.1500,3.3500,63801
2017-01-27,3.0900,3.3820,3.0500,3.3600,57095
2017-01-20,3.1700,3.3599,3.0900,3.0900,59428
2017-01-13,3.2400,3.3100,3.1093,3.2000,32791
2017-01-06,3.2500,3.3000,3.0600,3.1900,84945
2016-12-30,3.4000,3.4185,3.1001,3.2400,87307
2016-12-23,3.4700,3.4900,3.1152,3.4000,115728
2016-12-16,2.9000,3.4500,2.7500,3.3400,304594
2016-12-09,2.3100,2.8700,2.3100,2.8700,161634
2016-12-02,2.3500,2.4378,2.2500,2.3500,114137
2016-11-25,2.5172,2.7432,2.2600,2.4000,44586
2016-11-18,2.1601,2.7900,2.0900,2.5100,276958
2016-11-11,2.2501,2.3000,2.0700,2.1800,146590
2016-11-04,2.1200,2.5000,2.0200,2.2000,59838
2016-10-28,1.8300,2.2500,1.8000,2.0100,137645
2016-10-21,1.9220,1.9220,1.8073,1.8300,28314
2016-10-14,2.0000,2.0200,1.9100,1.9100,25630
2016-10-07,1.9800,2.0200,1.8900,2.0154,27878
2016-09-30,2.0000,2.1000,1.9000,1.9700,99037
2016-09-23,2.1000,2.1200,1.9500,1.9600,54734
2016-09-16,2.1000,2.1000,1.9200,2.0800,85206
2016-09-09,1.9584,2.1000,1.9000,2.0099,82795
2016-09-02,2.0000,2.0687,1.9716,1.9900,48700
2016-08-26,2.0123,2.1100,1.8800,2.0000,72276
2016-08-19,1.9499,2.1700,1.8218,2.0000,93412
2016-08-12,2.2100,2.3000,1.8000,1.9600,231589
2016-08-05,2.1000,2.5000,1.9100,2.2700,458314
2016-07-29,1.7500,2.0500,1.6300,2.0200,208037
2016-07-22,1.7900,1.8800,1.7000,1.7500,109010
2016-07-15,1.9290,1.9600,1.7100,1.7800,172002
2016-07-08,1.8400,1.9700,1.6600,1.8200,89636
2016-07-01,1.5500,2.6900,1.5500,1.7000,581217
2016-06-24,1.6100,1.7699,1.5000,1.5600,63907
2016-06-17,1.5400,1.6600,1.5000,1.6100,77721
2016-06-10,1.6600,1.8499,1.5200,1.5900,62598
2016-06-03,1.7750,1.8500,1.6000,1.6600,67159
2016-05-27,2.1999,2.1999,1.7500,1.7900,121690
2016-05-20,2.0574,2.2400,1.6501,2.0900,99034
2016-05-13,1.9000,2.2201,1.7500,2.0400,81055
2016-05-06,2.3000,2.4000,1.6300,1.8700,145437
2016-04-29,2.6600,2.8500,2.2500,2.2600,315910
2016-04-22,2.5100,3.0000,2.4700,2.6600,133924
2016-04-15,2.1500,2.6900,2.0000,2.4400,80534
2016-04-08,1.9700,2.2500,1.8601,2.1100,55116
2016-04-01,1.7500,2.4400,1.7000,2.0000,69358
2016-03-24,1.4800,1.7900,1.4800,1.7300,46695
2016-03-18,1.6640,1.7700,1.3500,1.5000,141046
2016-03-11,2.2200,2.2400,1.6301,1.7600,81616
2016-03-04,1.6700,2.3600,1.6200,2.1500,143560
2016-02-26,1.6600,1.7700,1.5300,1.6500,83642
2016-02-19,1.6400,1.7200,1.3390,1.6500,108532
2016-02-12,1.2300,1.7700,1.0301,1.5700,179611
2016-02-05,1.7000,1.7600,1.2000,1.4300,159224
2016-01-29,2.1500,2.1500,1.6970,1.7000,50022
2016-01-22,2.0500,2.1300,1.8600,1.9900,27216
2016-01-15,2.1800,2.1800,2.0300,2.0600,35858
2016-01-08,2.0300,2.1500,2.0300,2.1036,65915
2015-12-31,2.2500,2.2500,2.0000,2.0200,126900
2015-12-24,2.1900,2.2300,2.1000,2.1900,30000
2015-12-18,2.3100,2.3800,2.2000,2.2200,67100
2015-12-11,2.5000,2.6900,2.2500,2.2600,117000
2015-12-04,2.7100,2.7200,2.3700,2.4600,88200
2015-11-27,2.2800,2.7500,2.2100,2.7500,98800
2015-11-20,2.4200,2.5100,2.0801,2.3400,131200
2015-11-13,2.6300,2.6300,2.3500,2.3900,37500
2015-11-06,2.9950,2.9950,2.5000,2.5500,77800
2015-10-30,2.6600,3.1580,2.5900,2.8700,93500
2015-10-23,2.6300,2.9300,2.5500,2.6900,43600
2015-10-16,2.8300,2.8900,2.3900,2.6200,41500
2015-10-09,2.8100,3.0000,2.6300,2.8800,48200
2015-10-02,2.5800,2.8900,2.2800,2.7700,175600
2015-09-25,2.6400,3.0000,2.4700,2.6600,170700
2015-09-18,3.1100,3.2000,2.4700,2.4700,159800
2015-09-11,2.9500,3.1600,2.8100,3.1000,132900
2015-09-04,2.8100,3.0000,2.7600,3.0000,106900
2015-08-28,2.7600,3.1000,2.6500,2.8850,151000
2015-08-21,3.0500,3.2000,2.8000,2.8800,256300
2015-08-14,3.1000,3.3500,2.7600,3.0100,299600
2015-08-07,2.5700,3.4400,2.5100,3.1399,570400
2015-07-31,2.4300,3.0000,2.2915,2.5100,1118400
2015-07-24,6.0100,6.8000,2.2400,2.2500,808100
2015-07-17,6.7000,6.7000,5.5100,6.0100,18300
2015-07-10,7.2000,7.2100,6.6600,6.7500,16500
2015-07-02,7.2000,8.1000,7.0000,7.2000,3000
2015-06-26,7.9200,8.1900,7.0000,7.0200,4100
2015-06-19,6.5700,8.5500,5.5000,8.0000,7200
2015-06-12,7.2100,7.9000,6.0000,6.5700,11800
2015-06-05,8.0000,8.0000,7.2100,7.2100,2300
2015-05-29,7.2100,8.2500,7.2100,8.0000,2400
2015-05-22,0.6200,7.2100,0.6100,7.2100,17900
2015-05-15,0.6700,0.6900,0.6100,0.6900,7300
2015-05-08,0.6500,0.6800,0.6100,0.6400,9200
2015-05-01,0.6500,0.6800,0.6000,0.6500,10100
2015-04-24,0.7100,0.7200,0.5700,0.6500,10700
2015-04-17,0.7100,0.7300,0.6700,0.7100,9400
2015-04-10,0.7900,0.7900,0.6600,0.7200,18200
2015-04-02,0.6300,0.7700,0.6300,0.7100,19400
2015-03-27,0.5700,0.8700,0.5300,0.6900,45100
2015-03-20,0.5300,0.5700,0.5300,0.5600,7900
2015-03-13,0.5400,0.5600,0.5100,0.5100,24400
2015-03-06,0.5100,0.5700,0.5100,0.5400,10400
2015-02-27,0.5100,0.5700,0.5000,0.5100,11600
2015-02-20,0.5300,0.5300,0.5000,0.5200,6600
2015-02-13,0.4700,0.6300,0.4500,0.5000,28100
2015-02-06,0.4500,0.5400,0.4000,0.5000,56900
2015-01-30,0.4000,0.4500,0.4000,0.4500,4900
2015-01-23,0.4000,0.4300,0.3800,0.4300,7100
2015-01-16,0.3800,0.4000,0.3800,0.4000,8700
2015-01-09,0.4400,0.4500,0.3900,0.4000,7600
2015-01-02,0.3900,0.4500,0.3800,0.4500,8000
2014-12-26,0.4100,0.4300,0.3800,0.4000,4500
2014-12-19,0.4800,0.4800,0.3700,0.3900,20500
2014-12-12,0.4600,0.4800,0.4600,0.4600,5300
2014-12-05,0.4900,0.4900,0.4000,0.4600,9100
2014-11-28,0.4700,0.4700,0.4000,0.4400,9000
2014-11-21,0.4800,0.4800,0.3700,0.4700,11400
2014-11-14,0.4000,0.4900,0.3900,0.4800,16700
2014-11-07,0.4200,0.4900,0.3700,0.4000,24800
2014-10-31,0.4100,0.4500,0.4100,0.4300,5200
2014-10-24,0.3800,0.4300,0.3700,0.4100,16200
2014-10-17,0.3600,0.4200,0.3600,0.3800,12500
2014-10-10,0.3900,0.4200,0.3600,0.4200,7000
2014-10-03,0.4100,0.4100,0.3800,0.4100,18700
2014-09-26,0.4500,0.4500,0.3800,0.4100,9300
2014-09-19,0.4600,0.4600,0.3900,0.4300,7300
2014-09-12,0.4500,0.4600,0.4200,0.4600,2000
2014-09-05,0.4300,0.4700,0.3800,0.4200,11700
2014-08-29,0.4800,0.4900,0.4200,0.4200,13700
2014-08-22,0.4500,0.4800,0.4400,0.4800,6900
2014-08-15,0.4300,0.4800,0.4300,0.4500,6700
2014-08-08,0.4800,0.4900,0.4300,0.4500,11100
2014-08-01,0.4500,0.4800,0.4500,0.4600,6600
2014-07-25,0.4400,0.4800,0.4400,0.4500,7000
2014-07-18,0.4400,0.4600,0.4400,0.4600,4400
2014-07-11,0.4600,0.4800,0.4400,0.4400,3700
2014-07-03,0.4900,0.4900,0.4400,0.4600,4000
2014-06-27,0.4900,0.4900,0.4400,0.4900,3600
2014-06-20,0.4800,0.4900,0.4300,0.4900,7100
2014-06-13,0.4400,0.4900,0.4300,0.4800,10300
2014-06-06,0.4600,0.4700,0.4200,0.4400,10000
2014-05-30,0.4500,0.4700,0.4300,0.4600,3000
2014-05-23,0.4800,0.5000,0.4200,0.4200,7000
2014-05-16,0.4700,0.5000,0.4600,0.4700,6300
2014-05-09,0.4000,0.4700,0.4000,0.4700,4600
2014-05-02,0.3700,0.4700,0.3700,0.4700,8700
2014-04-25,0.3900,0.4100,0.3100,0.3500,19000
2014-04-17,0.4300,0.5000,0.3900,0.3900,17600
2014-04-11,0.4700,0.4700,0.4000,0.4300,14400
2014-04-04,0.4700,0.5400,0.4700,0.4700,25100
2014-03-28,0.4700,0.5200,0.4600,0.5200,16800
2014-03-21,0.5200,0.5200,0.4600,0.4600,9700
2014-03-14,0.5400,0.5400,0.4000,0.5000,17500
2014-03-07,0.5300,0.5900,0.5000,0.5400,13100
2014-02-28,0.5100,0.5200,0.4600,0.5100,16300
2014-02-21,0.5300,0.5300,0.4300,0.5000,24000
2014-02-14,0.4100,0.5900,0.4100,0.5100,47600
2014-02-07,0.4200,0.4400,0.4000,0.4200,55500
2014-01-31,0.4200,0.4400,0.3900,0.3900,23800
2014-01-24,0.4100,0.4700,0.4000,0.4600,21200
2014-01-17,0.4300,0.4300,0.4000,0.4000,12600
2014-01-10,0.3800,0.4200,0.3300,0.4100,11700
2014-01-03,0.3600,0.3900,0.3200,0.3400,6600
2013-12-27,0.3100,0.4000,0.3000,0.3600,9100
2013-12-20,0.3600,0.4000,0.3100,0.3100,62000
2013-12-13,0.3900,0.4000,0.3100,0.4000,16700
2013-12-06,0.4500,0.4700,0.3600,0.3900,24700
2013-11-29,0.5200,0.5500,0.4000,0.4800,16900
2013-11-22,0.4500,0.5800,0.4300,0.5300,69700
2013-11-15,0.4800,0.4900,0.4300,0.4300,10700
2013-11-08,0.4500,0.5000,0.4200,0.4800,3700
2013-11-01,0.4200,0.4700,0.4000,0.4500,5300
2013-10-25,0.4700,0.4800,0.4200,0.4200,7200
2013-10-18,0.4300,0.4900,0.4300,0.4700,8900
2013-10-11,0.4600,0.4600,0.3800,0.4600,10500
2013-10-04,0.5000,0.5000,0.4100,0.4900,20800
2013-09-27,0.4800,0.5700,0.4600,0.4600,30000
2013-09-20,0.4200,0.5500,0.4000,0.5000,27800
2013-09-13,0.3900,0.4200,0.3500,0.4000,7900
2013-09-06,0.4300,0.4300,0.3500,0.3800,13500
2013-08-30,0.3300,0.4300,0.3100,0.4200,28400
2013-08-23,0.3100,0.3300,0.2300,0.3200,15900
2013-08-16,0.2700,0.3200,0.2400,0.3000,5900
2013-08-09,0.2900,0.2900,0.2800,0.2800,3200
2013-08-02,0.3100,0.3100,0.2800,0.2900,5200
2013-07-26,0.2600,0.3300,0.2300,0.2500,17300
2013-07-19,0.2500,0.2600,0.2400,0.2600,12300
2013-07-12,0.2300,0.2500,0.2300,0.2500,13400
2013-07-05,0.2500,0.3000,0.2300,0.2300,21900
2013-06-28,0.1900,0.3400,0.1800,0.2700,45500
2013-06-21,0.2600,0.3000,0.1200,0.1900,190100
2013-06-14,0.3000,0.3200,0.2400,0.2600,14000
2013-06-07,0.3000,0.3200,0.2400,0.3000,20800
2013-05-31,0.3500,0.3500,0.2300,0.3100,23500
2013-05-24,0.4100,0.4600,0.3000,0.3500,29000
2013-05-17,0.4300,0.4800,0.3900,0.4700,6000
2013-05-10,0.4100,0.5000,0.3900,0.4800,1700
2013-05-03,0.4500,0.5000,0.4100,0.4900,11400
2013-04-26,0.5000,0.5200,0.4500,0.4800,6200
2013-04-19,0.5000,0.5000,0.4600,0.5000,2800
2013-04-12,0.5000,0.5000,0.4100,0.5000,8800
2013-04-05,0.5600,0.5600,0.4800,0.5200,5100
2013-03-28,0.5600,0.5600,0.4800,0.5200,6200
2013-03-22,0.5400,0.5700,0.4900,0.5400,18700
2013-03-15,0.4200,0.5400,0.3700,0.5400,25700
2013-03-08,0.4000,0.4300,0.3900,0.4300,6400
2013-03-01,0.4100,0.4300,0.3900,0.4000,22100
2013-02-22,0.4600,0.4700,0.3900,0.4000,61600
2013-02-15,0.5600,0.5600,0.4300,0.4600,36300
2013-02-08,0.4700,0.5700,0.4600,0.5500,47500
2013-02-01,0.5300,0.5400,0.4600,0.5200,26900
2013-01-25,0.5100,0.6100,0.4600,0.5300,43000
2013-01-18,0.4300,0.5000,0.4200,0.5000,59800
2013-01-11,0.3500,0.4900,0.3300,0.3900,69300
2013-01-04,0.3100,0.4100,0.3100,0.3500,54500
2012-12-28,0.1900,0.3400,0.1800,0.3300,132600
2012-12-21,0.1500,0.2200,0.1500,0.2000,101900
2012-12-14,0.2000,0.2000,0.1100,0.1500,50100
2012-12-07,0.2000,0.2000,0.1800,0.2000,13900
2012-11-30,0.2200,0.2200,0.1900,0.2100,24300
2012-11-23,0.2300,0.2400,0.1800,0.1800,14300
2012-11-16,0.1700,0.2400,0.1700,0.2300,14400
2012-11-09,0.2400,0.2400,0.1800,0.1900,9800
2012-11-02,0.2800,0.2900,0.2200,0.2200,8300
2012-10-26,0.2100,0.3200,0.1900,0.2900,37500
2012-10-19,0.1900,0.1900,0.1700,0.1900,64400
2012-10-12,0.1600,0.2300,0.1600,0.1900,133200
2012-10-05,0.2000,0.2000,0.1400,0.1800,147300
2012-09-28,0.2300,0.2400,0.1900,0.2000,44200
2012-09-21,0.2500,0.2600,0.2200,0.2400,90100
2012-09-14,0.3000,0.3100,0.2200,0.2200,45200
2012-09-07,0.3500,0.3600,0.3000,0.3300,6400
2012-08-31,0.3800,0.5000,0.3500,0.3500,30500
2012-08-24,0.3300,0.5100,0.3000,0.4000,24700
2012-08-17,0.3200,0.3500,0.3200,0.3300,2500
2012-08-10,0.3600,0.4200,0.3200,0.3800,13200
2012-08-03,0.3700,0.4500,0.3500,0.4300,5000
2012-07-27,0.3200,0.4500,0.2000,0.3500,13000
2012-07-20,0.3600,0.3600,0.3000,0.3100,10800
2012-07-13,0.4000,0.4000,0.3300,0.3600,8100
2012-07-06,0.3600,0.4300,0.3600,0.4000,7000
2012-06-29,0.5000,0.5000,0.4000,0.4000,6000
2012-06-22,0.4600,0.5800,0.4600,0.5000,24600
2012-06-15,0.5100,0.5100,0.4200,0.4600,3100
2012-06-08,0.5100,0.6000,0.4600,0.5000,2300
2012-06-01,0.7000,0.7000,0.5000,0.5300,2800
2012-05-25,0.5800,0.6500,0.5100,0.6500,6900
2012-05-18,0.4100,0.5800,0.4100,0.5800,3000
2012-05-11,0.4000,0.5100,0.3800,0.5000,12800
2012-05-04,0.3900,0.5100,0.3700,0.3800,15900
2012-04-27,0.4500,0.5000,0.4000,0.4000,7500
2012-04-20,0.5000,0.5500,0.4300,0.4300,10400
2012-04-13,0.6100,0.6300,0.5000,0.5000,6900
2012-04-05,0.6400,0.6700,0.6100,0.6500,4300
2012-03-30,0.6800,0.7200,0.6100,0.6400,11600
2012-03-23,0.7000,0.7300,0.6800,0.6800,9400
2012-03-16,0.7000,0.7500,0.6900,0.7000,15300
2012-03-09,0.7500,0.7800,0.7000,0.7500,5500
2012-03-02,0.7900,0.8000,0.7100,0.7600,7700
2012-02-24,0.6600,0.8500,0.6100,0.7900,13200
2012-02-17,0.6800,0.7400,0.6800,0.7400,4000
2012-02-10,0.7100,0.7300,0.6600,0.6800,4400
2012-02-03,0.6800,0.7400,0.6000,0.6600,6100
2012-01-27,0.7300,0.8000,0.6700,0.7400,15000
2012-01-20,0.8200,0.8500,0.7300,0.7300,6400
2012-01-13,0.7500,0.9000,0.7000,0.8200,12500
2012-01-06,0.7100,0.7500,0.6800,0.7500,11500
2011-12-30,0.7400,0.7500,0.6500,0.6800,12900
2011-12-23,0.6600,0.7500,0.6600,0.7500,8700
2011-12-16,0.8200,0.8200,0.7200,0.7400,5000
2011-12-09,0.7600,0.8200,0.7500,0.8200,5300
2011-12-02,0.8700,0.9000,0.7700,0.7700,10900
2011-11-25,0.8900,0.8900,0.7400,0.8400,4100
2011-11-18,0.8900,0.9500,0.7400,0.8900,21500
2011-11-11,1.2400,1.2400,0.8400,0.8700,8700
2011-11-04,0.9900,1.0800,0.9500,0.9900,3500
2011-10-28,1.0800,1.1000,0.9500,1.0100,11100
2011-10-21,1.0500,1.1300,0.9600,1.0800,72900
2011-10-14,1.1000,1.1400,1.0500,1.0500,5100
2011-10-07,1.1500,1.1500,0.8500,1.1400,35800
2011-09-30,1.2200,1.2200,1.0600,1.1500,18900
2011-09-23,1.3299,1.4899,1.1500,1.2200,19800
2011-09-16,1.0700,1.3499,1.0700,1.2999,18400
2011-09-09,1.0500,1.2000,1.0300,1.0500,10800
2011-09-02,1.0100,1.1000,1.0100,1.0900,40800
2011-08-26,1.0800,1.1000,1.0000,1.0000,14100
2011-08-19,1.0100,1.1200,1.0000,1.0300,17200
2011-08-12,1.1000,1.1400,0.9600,1.1000,17700
2011-08-05,1.1600,1.3999,1.1300,1.1700,15200
2011-07-29,1.3799,1.3999,1.1000,1.2300,20900
2011-07-22,1.4199,1.4499,1.2999,1.4499,30600
2011-07-15,1.5299,1.7299,1.3999,1.4099,45100
2011-07-08,1.1800,1.5499,1.1800,1.5499,47400
2011-07-01,1.0000,1.2300,1.0000,1.2000,37900
2011-06-24,0.9000,1.0000,0.8600,1.0000,22400
2011-06-17,0.9000,0.9500,0.8900,0.9000,23300
2011-06-10,0.9000,0.9300,0.8700,0.9000,14400
2011-06-03,0.9000,0.9200,0.8500,0.9000,12400
2011-05-27,0.8800,0.9500,0.8800,0.9000,25400
2011-05-20,1.0000,1.0000,0.8600,0.9200,15200
2011-05-13,0.9000,1.0000,0.8800,0.9900,19300
2011-05-06,1.0000,1.0000,0.8700,0.9000,42600
2011-04-29,1.3899,1.3899,0.9500,0.9700,50800
2011-04-21,1.3999,1.4499,1.2799,1.3899,7700
2011-04-15,1.2999,1.4799,1.2499,1.4799,6600
2011-04-08,1.3999,1.5999,1.2499,1.2899,20600
2011-04-01,1.4999,1.5499,1.2499,1.3999,20400
2011-03-25,1.4499,1.5299,1.3499,1.3999,13400
2011-03-18,1.5299,1.5899,1.2999,1.5499,19000
2011-03-11,1.5499,1.6899,1.4999,1.5499,32400
2011-03-04,1.2499,1.5999,1.2000,1.5599,33400
2011-02-25,1.1900,1.3999,1.0600,1.2000,27200
2011-02-18,0.9200,1.1900,0.8900,1.1900,59600
2011-02-11,0.9500,1.0000,0.9000,0.9200,66000
2011-02-04,1.0300,1.0300,0.9100,0.9500,22100
2011-01-28,1.0500,1.3499,0.9500,1.0000,56000
2011-01-21,0.9300,1.1500,0.9000,1.0400,47200
2011-01-14,0.7200,0.9500,0.6300,0.9000,58500
2011-01-07,0.6100,0.7000,0.5100,0.6500,41500
2010-12-31,0.5500,0.6000,0.5100,0.6000,23000
2010-12-23,0.6500,0.6500,0.4300,0.5500,11000
2010-12-17,0.6100,0.7000,0.6100,0.6700,5500
2010-12-10,0.6800,0.7000,0.5800,0.6100,15600
2010-12-03,0.6700,0.7400,0.6200,0.7000,11500
2010-11-26,0.6600,0.7000,0.6600,0.6700,3800
2010-11-19,0.7300,0.7400,0.7000,0.7300,10600
2010-11-12,0.7200,0.7500,0.7200,0.7200,8000
2010-11-05,0.7400,0.7400,0.7200,0.7300,4700
2010-10-29,0.7400,0.7600,0.7100,0.7400,8400
2010-10-22,0.7900,0.7900,0.7100,0.7400,11100
2010-10-15,0.6800,0.9500,0.6800,0.7900,4400
2010-10-08,0.8000,0.8000,0.6500,0.6800,11300
2010-10-01,0.8500,0.8500,0.7300,0.8000,8300
2010-09-24,0.6900,0.8500,0.6900,0.8000,18100
2010-09-17,0.7800,0.8800,0.6600,0.7000,18700
2010-09-10,0.7500,0.8500,0.7500,0.7800,17700
2010-09-03,0.7500,0.7800,0.6700,0.7700,15900
2010-08-27,0.7500,0.7500,0.6700,0.7000,3300
2010-08-20,0.7200,0.9100,0.7100,0.7200,13800
2010-08-13,1.4499,1.4499,0.6800,0.7400,37800
2010-08-06,1.3699,1.4999,1.3699,1.4499,900
2010-07-30,0.9800,1.4999,0.9800,1.3499,2000
2010-07-23,1.1500,1.1500,0.8800,0.9100,500
2010-07-16,1.3499,1.3499,0.9100,0.9200,3200
2010-07-09,1.3199,1.3499,1.3199,1.3499,300
2010-07-02,1.3999,1.4999,1.3099,1.3199,2000
2010-06-25,1.3699,1.4499,1.3499,1.3999,1000
2010-06-18,1.4999,1.4999,1.3699,1.3699,1600
2010-06-11,1.4199,1.4999,1.3499,1.4499,800
2010-06-04,1.6699,1.6799,1.3999,1.4999,2100
2010-05-28,1.6599,1.8399,1.6599,1.6999,1200
2010-05-21,1.8099,1.8999,1.8099,1.8899,500
2010-05-14,1.6999,1.8999,1.5999,1.8099,1900
2010-05-07,1.8999,1.8999,1.6499,1.6499,3500
2010-04-30,1.8599,1.9499,1.7499,1.7999,4200
2010-04-23,1.9499,2.0499,1.8499,1.8999,4900
2010-04-16,1.9499,2.1999,1.6499,1.8999,15700
2010-04-09,1.9899,1.9999,1.8499,1.9499,4100
2010-04-01,1.6499,1.9999,1.6499,1.9999,3800
2010-03-26,1.9499,1.9599,1.4999,1.6499,3300
2010-03-19,1.9999,2.0699,1.7999,1.9499,5700
2010-03-12,2.0199,2.2499,1.9999,1.9999,1700
2010-03-05,2.6499,2.6499,1.8999,2.0199,9500
2010-02-26,5.6498,5.6598,2.4999,2.6499,25500
2010-02-19,7.4897,7.4897,5.4998,5.6298,1300
2010-02-12,8.4997,9.4996,4.9998,7.8997,5200
2010-02-05,0.7597,9.2996,0.7597,9.2996,1200
2010-01-29,0.8497,0.8497,0.7497,0.8297,2100
2010-01-22,0.9096,1.0396,0.7497,0.7997,6200
2010-01-15,0.6997,1.0496,0.5698,0.9196,8700
2010-01-08,0.4098,0.6697,0.4098,0.6697,2800
2009-12-31,0.4098,0.4198,0.3798,0.4098,1600
2009-12-24,0.4098,0.4198,0.3798,0.4098,1600
2009-12-18,0.4098,0.4298,0.3898,0.3998,2200
2009-12-11,0.4298,0.4398,0.3998,0.4198,800
2009-12-04,0.4898,0.4898,0.4298,0.4298,1500
2009-11-27,0.4798,0.4898,0.4398,0.4898,500
2009-11-20,0.4798,0.5098,0.4598,0.4798,3300
2009-11-13,0.4298,0.5398,0.4298,0.4798,1500
2009-11-06,0.4298,0.4498,0.3998,0.4198,1400
2009-10-30,0.5198,0.5398,0.3898,0.4298,4600
2009-10-23,0.4498,0.4998,0.4098,0.4998,3600
2009-10-16,0.4498,0.4598,0.4098,0.4298,1600
2009-10-09,0.4698,0.4698,0.4198,0.4498,3400
2009-10-02,0.4798,0.4898,0.4298,0.4898,3400
2009-09-25,0.4898,0.4998,0.4498,0.4698,1200
2009-09-18,0.4998,0.5198,0.4498,0.4998,2900
2009-09-11,0.5298,0.5398,0.4998,0.5198,1900
2009-09-04,0.5498,0.5598,0.4698,0.5398,2000
2009-08-28,0.4798,0.6497,0.4398,0.5298,2000
2009-08-21,0.6997,0.6997,0.4398,0.4798,2800
2009-08-14,0.4198,0.6997,0.4098,0.6997,2500
2009-08-07,0.3998,0.4598,0.3998,0.4098,1500
2009-07-31,0.4398,0.4398,0.3898,0.4098,1000
2009-07-24,0.4198,0.4798,0.4098,0.4398,2200
2009-07-17,0.4398,0.4498,0.3699,0.3998,3400
2009-07-10,0.4698,0.4998,0.3998,0.4498,4600
2009-07-02,0.4998,0.5298,0.4298,0.4698,2200
2009-06-26,0.5398,0.5998,0.4998,0.5198,1000
2009-06-19,0.6297,0.6297,0.5298,0.5398,600
2009-06-12,0.6497,0.6897,0.5098,0.5098,1400
2009-06-05,0.6897,0.7497,0.5998,0.6497,1200
2009-05-29,0.8497,0.8996,0.6697,0.6797,1600
2009-05-22,0.6497,0.8996,0.6497,0.8197,6500
2009-05-15,0.5998,0.6397,0.5398,0.5998,2400
2009-05-08,0.5098,0.5998,0.4998,0.5898,2700
2009-05-01,0.4898,0.5598,0.4398,0.5598,1300
2009-04-24,0.5198,0.5798,0.4198,0.4998,2000
2009-04-17,0.4698,0.5998,0.4098,0.5098,2500
2009-04-09,0.4798,0.4998,0.4498,0.4798,1800
2009-04-03,0.5398,0.5898,0.4698,0.4798,1000
2009-03-27,0.4998,0.5698,0.4698,0.5498,1700
2009-03-20,0.3499,0.5098,0.3499,0.4998,3100
2009-03-13,0.3599,0.3898,0.3299,0.3499,1300
2009-03-06,0.3699,0.4298,0.3699,0.3798,500
2009-02-27,0.3499,0.4498,0.2999,0.4398,1100
2009-02-20,0.4998,0.4998,0.3499,0.3499,1800
2009-02-13,0.5498,0.5698,0.4798,0.4798,700
2009-02-06,0.4298,0.6497,0.4298,0.5498,1900
2009-01-30,0.3998,0.4498,0.3998,0.4298,1200
2009-01-23,0.4398,0.4498,0.3898,0.3998,1400
2009-01-16,0.4398,0.4598,0.4198,0.4398,900
2009-01-09,0.4798,0.5298,0.4398,0.4998,1000
2009-01-02,0.5098,0.5398,0.4498,0.5398,900
2008-12-26,0.5198,0.5398,0.4198,0.5098,700
2008-12-19,0.5998,0.5998,0.4998,0.5098,1800
2008-12-12,0.4898,0.6397,0.4798,0.5598,2500
2008-12-05,0.4998,0.4998,0.4398,0.4898,1500
2008-11-28,0.4398,0.5398,0.4398,0.4998,800
2008-11-21,0.5898,0.5898,0.4398,0.5098,2200
2008-11-14,0.5798,0.6198,0.4998,0.5098,1700
2008-11-07,0.6697,0.6697,0.4798,0.5598,1100
2008-10-31,0.6098,0.6897,0.5098,0.6697,1300
2008-10-24,0.6198,0.7497,0.5498,0.6098,1300
2008-10-17,0.5998,0.7497,0.5498,0.5898,700
2008-10-10,0.6397,0.7897,0.4498,0.5998,2000
2008-10-03,0.6497,0.6497,0.4998,0.6397,1400
2008-09-26,0.6997,0.6997,0.5798,0.6497,600
2008-09-19,0.8097,0.8097,0.5798,0.6997,800
2008-09-12,0.8497,0.8996,0.6997,0.7297,600
2008-09-05,0.7997,0.8996,0.7797,0.8497,300
2008-08-29,0.8397,0.8996,0.7397,0.8397,1000
2008-08-22,0.9496,0.9896,0.7997,0.7997,400
2008-08-15,0.9996,0.9996,0.8097,0.9896,700
2008-08-08,0.8996,1.0096,0.7697,0.9996,900
2008-08-01,0.6997,0.8597,0.6797,0.8597,1900
2008-07-25,0.7697,0.7797,0.6497,0.6997,1400
2008-07-18,0.8497,0.8497,0.6098,0.7497,900
2008-07-11,0.7097,0.8497,0.6497,0.8497,1300
2008-07-03,0.6997,0.7097,0.6098,0.7097,700
2008-06-27,0.6697,0.7497,0.6397,0.6997,1400
2008-06-20,0.7997,0.7997,0.6198,0.6697,1200
2008-06-13,0.7197,0.7997,0.6098,0.7397,1600
2008-06-06,0.7997,0.7997,0.6997,0.7697,1800
2008-05-30,0.8297,0.8896,0.6997,0.7997,800
2008-05-23,0.8297,0.8896,0.7897,0.8297,1100
2008-05-16,0.8996,0.8996,0.7897,0.7897,2600
2008-05-09,0.9996,0.9996,0.8996,0.8996,2300
2008-05-02,1.0996,1.0996,0.9196,0.9696,1700
2008-04-25,1.1695,1.1995,1.0496,1.0796,2100
2008-04-18,0.9196,1.1495,0.8796,1.1495,1100
2008-04-11,0.9896,0.9996,0.8597,0.8896,1200
2008-04-04,0.9896,1.1196,0.8497,0.9996,2200
2008-03-28,1.0096,1.0996,0.8497,0.9896,2000
2008-03-20,1.0496,1.0996,0.8397,1.0796,1200
2008-03-14,1.0996,1.1395,1.0296,1.0596,400
2008-03-07,1.1495,1.1895,1.0096,1.0996,1200
2008-02-29,1.1995,1.1995,1.0396,1.1595,800
2008-02-22,1.2995,1.3095,1.1295,1.1595,900
2008-02-15,1.0796,1.4294,1.0796,1.2995,1300
2008-02-08,1.2295,1.2295,0.9596,1.1395,900
2008-02-01,1.0096,1.3495,0.9896,1.1995,1600
2008-01-25,1.0696,1.0696,0.8597,1.0496,1400
2008-01-18,1.1495,1.1995,1.0896,1.0996,1000
2008-01-11,1.3994,1.3994,1.0496,1.1995,1400
2008-01-04,1.3994,1.3994,1.1196,1.2995,1900
2007-12-28,1.2195,1.5494,1.1995,1.3595,2700
2007-12-21,0.7197,1.2895,0.6997,1.2495,6000
2007-12-14,0.7997,0.7997,0.6797,0.7197,1600
2007-12-07,0.7897,0.8297,0.6597,0.7997,1900
2007-11-30,0.7697,0.8197,0.6297,0.7997,1800
2007-11-23,0.8397,0.8597,0.6497,0.7097,1400
2007-11-16,0.8796,0.8796,0.7997,0.8597,3400
2007-11-09,1.0096,1.0496,0.8497,0.8597,1500
2007-11-02,0.8996,1.0696,0.8197,1.0096,1400
2007-10-26,1.1595,1.1595,0.8097,0.8697,2000
2007-10-19,1.2495,1.2495,1.0996,1.1795,3000
2007-10-12,1.1495,1.2495,1.0196,1.2495,700
2007-10-05,0.7497,1.2495,0.7497,1.1495,2400
2007-09-28,0.8996,0.9496,0.7097,0.7997,1300
2007-09-21,0.7997,0.9996,0.6997,0.8996,3100
2007-09-14,0.6198,0.9496,0.5498,0.8796,4000
2007-09-07,0.5998,0.7897,0.5998,0.6198,900
2007-08-31,0.7097,0.9996,0.4998,0.7497,700
2007-08-24,0.6997,1.0496,0.5998,0.7197,1500
2007-08-17,0.9996,1.0996,0.5998,0.7497,2700
2007-08-10,0.9196,1.0496,0.5998,0.9196,2000
2007-08-03,1.0996,1.0996,0.9096,0.9796,3900
2007-07-27,1.0496,1.2995,0.9696,1.0996,2200
2007-07-20,1.0996,1.3495,0.7997,1.1995,4800
2007-07-13,1.2995,1.3495,1.0996,1.1995,3700
2007-07-06,1.4994,1.7993,1.1096,1.2795,3200
2007-06-29,1.3794,1.9392,1.0596,1.6993,4000
2007-06-22,1.5494,1.5494,1.2995,1.3794,1000
2007-06-15,1.6094,1.6993,1.3994,1.4994,2100
2007-06-08,1.8992,1.9992,1.0496,1.6993,4400
2007-06-01,1.8693,1.9492,1.6993,1.8892,4100
2007-05-25,2.1491,2.1491,1.7993,1.8992,3200
2007-05-18,2.1491,2.2491,1.7993,2.1491,5300
2007-05-11,2.1591,2.3990,2.0492,2.1491,12100
2007-05-04,2.3691,2.8788,1.7993,2.1491,17700
2007-04-27,1.7493,3.4986,1.5994,2.1491,62300
2007-04-20,0.8497,1.9992,0.8497,1.6893,29900
2007-04-13,0.8197,0.9496,0.7697,0.8497,1700
2007-04-05,0.9496,1.0096,0.8197,0.8996,400
2007-03-30,0.9996,0.9996,0.0900,0.9496,200
2007-03-23,0.8996,0.9996,0.8996,0.9996,200
2007-03-16,1.2995,1.2995,0.8996,0.9996,0
2007-03-09,0.9996,1.2995,0.7497,0.8996,200
2007-03-02,1.2495,1.2995,0.8996,0.9996,2000
2007-02-23,1.5494,1.5494,0.6497,1.2495,800
2007-02-16,0.9996,1.6993,0.9996,1.4994,2000
2007-02-09,1.5494,1.5494,0.9896,1.0196,5400
2007-02-02,1.8992,2.0992,1.4794,1.5494,3500
2007-01-26,1.4994,1.9992,1.4994,1.6993,1100
2007-01-19,0.4498,1.9992,0.4398,1.7993,1200
2007-01-12,0.4998,0.4998,0.3798,0.4398,1400
2007-01-05,0.2999,0.5198,0.2499,0.4898,5000
2006-12-29,0.2999,0.3998,0.1999,0.2799,2300
2006-12-22,0.2999,0.3998,0.2299,0.2999,1400
2006-12-15,0.3099,0.3099,0.2499,0.2499,400
2006-12-08,0.2499,0.4498,0.2499,0.2999,0
2006-12-01,0.1999,0.3099,0.1999,0.2499,700
2006-11-24,0.2399,0.3998,0.1999,0.2499,100
2006-11-17,0.4998,0.4998,0.2499,0.4398,600
2006-11-10,0.4998,0.4998,0.2499,0.4898,100
2006-11-03,0.4998,0.4998,0.4998,0.4998,0
2006-10-27,0.4498,0.4998,0.2499,0.4998,0
2006-10-20,0.4998,0.4998,0.2499,0.4498,0
2006-10-13,0.4998,0.4998,0.2499,0.4998,0
2006-10-06,0.4998,0.6497,0.2499,0.2599,300
2006-09-29,0.7897,0.7897,0.4998,0.4998,0
2006-09-22,0.4998,0.7997,0.4998,0.7897,400
2006-09-15,0.8996,0.8996,0.4998,0.8996,0
2006-09-08,0.4998,0.9496,0.4998,0.9496,0
2006-09-01,0.4998,0.9496,0.4998,0.8497,100
2006-08-25,0.8996,1.0496,0.4998,0.9496,0
2006-08-18,0.9996,1.0496,0.4998,0.9496,0
2006-08-11,1.0496,1.0496,0.4998,0.9996,0
2006-08-04,1.1995,1.1995,0.9996,1.0496,0
2006-07-28,0.1499,1.2495,0.1499,1.1995,0
2006-07-21,1.5994,1.5994,0.8996,0.9996,100
2006-07-14,2.4990,2.4990,0.9996,1.5994,0
2006-07-07,2.4490,2.4990,0.9996,2.4990,100
2006-06-30,2.4490,2.4490,0.9996,2.4490,0
2006-06-23,2.4490,2.4490,1.9992,1.9992,0
2006-06-16,2.4990,2.4990,0.9996,2.4490,0
2006-06-09,2.9988,2.9988,0.9996,2.4990,0
2006-06-02,2.9988,2.9988,0.9996,2.9988,0
2006-05-26,2.7989,2.9988,1.0496,2.9988,0
2006-05-19,0.9996,2.8489,0.9996,2.7989,0
2006-05-12,2.4490,2.8489,1.9992,2.8489,100
2006-05-05,1.4994,2.8489,0.9996,2.4490,0
2006-04-28,1.9992,2.9988,0.9996,2.8489,0
2006-04-21,4.1483,4.1483,0.0400,3.0988,0
2006-04-13,4.1983,4.1983,4.1983,4.1983,0
2006-04-07,3.9984,4.1983,3.9984,4.1983,0
2006-03-31,4.2983,4.2983,3.9984,3.9984,0
2006-03-24,4.3683,5.7477,4.0984,4.2983,0
2006-03-17,4.2983,4.3683,4.2983,4.3683,0
2006-03-10,4.3383,5.7477,4.2983,4.2983,0
2006-03-03,5.7477,5.7477,3.9984,4.2583,0
2006-02-24,5.1979,5.7477,5.1979,5.7477,100
2006-02-17,5.2979,5.4478,5.1979,5.1979,0
2006-02-10,5.4878,5.4878,5.4878,5.4878,0
2006-02-03,5.2979,5.5078,5.2979,5.4978,0
2006-01-27,5.4878,5.7477,5.0680,5.2979,0
2006-01-20,5.4978,5.4978,5.0680,5.4878,0
2006-01-13,5.8477,5.8477,5.0480,5.4978,0
2006-01-06,5.2979,6.0476,5.2979,5.9976,0
2005-12-30,5.3479,5.4978,5.2979,5.4978,0
2005-12-23,5.0380,5.9476,5.0380,5.5978,200
2005-12-16,5.0980,5.5478,4.9480,4.9980,0
2005-12-09,4.9980,5.7477,4.8980,4.9980,0
2005-12-02,5.0480,5.9976,3.9984,5.4978,200
2005-11-25,5.9976,6.3974,5.2979,5.8477,300
2005-11-18,6.0976,6.0976,5.6977,5.7477,0
2005-11-11,6.0976,6.0976,5.7477,5.9976,0
2005-11-04,6.0976,6.2475,5.9976,6.2475,0
2005-10-28,5.4978,6.3774,5.4978,6.0976,300
2005-10-21,6.3475,6.3774,5.9976,5.9976,300
2005-10-14,6.3475,6.3475,5.7977,6.2475,100
2005-10-07,6.3475,6.3475,4.9980,6.3375,0
2005-09-30,6.2475,6.3475,6.0976,6.3275,200
2005-09-23,6.1975,6.2975,5.3479,6.2475,600
2005-09-16,6.1975,6.2475,5.9976,6.1475,500
2005-09-09,6.1975,6.2475,5.8976,6.2475,300
2005-09-02,6.2975,6.2975,4.9980,6.1975,400
2005-08-26,6.2475,6.2975,5.8876,6.2975,1400
2005-08-19,5.0800,5.0800,5.0800,5.0800,0
2005-08-12,5.0800,5.0800,5.0800,5.0800,0
2005-08-05,5.0800,5.0800,5.0800,5.0800,0
2005-07-29,5.0800,5.0800,5.0800,5.0800,0
2005-07-22,5.0800,5.0800,5.0800,5.0800,0
2005-07-15,5.0800,5.0800,5.0800,5.0800,0
2005-07-08,5.0800,5.0800,5.0800,5.0800,0
2005-07-01,5.0800,5.0800,5.0800,5.0800,0
2005-06-24,5.0800,5.0800,5.0800,5.0800,0
2005-06-17,5.0800,5.0800,5.0800,5.0800,0
2005-06-10,5.0800,5.0800,5.0800,5.0800,0
2005-06-03,5.0800,5.0800,5.0800,5.0800,0
2005-05-27,5.0800,5.0800,5.0800,5.0800,0
2005-05-20,5.0800,5.0800,5.0800,5.0800,0
2005-05-13,5.0800,5.0800,5.0800,5.0800,0
2005-05-06,5.0800,5.0800,5.0800,5.0800,0
2005-04-29,5.0800,5.0800,5.0800,5.0800,0
2005-04-22,5.0800,5.0800,5.0800,5.0800,0
2005-04-15,5.0800,5.0800,5.0800,5.0800,0
2005-04-08,5.0800,5.0800,5.0800,5.0800,0
2005-04-01,5.0800,5.0800,5.0800,5.0800,0
2005-03-24,5.0800,5.0800,5.0800,5.0800,0
2005-03-18,0.7501,5.0800,0.7501,5.0800,1500
2005-03-11,0.7501,0.7501,0.7501,0.7501,0
2005-03-04,0.7501,0.7501,0.7501,0.7501,0
2005-02-25,0.7501,0.7501,0.7501,0.7501,0
2005-02-18,0.7501,0.7501,0.7501,0.7501,0
2005-02-11,0.7501,0.7501,0.7501,0.7501,0
