timestamp,open,high,low,close,volume
2018-02-27,0.3600,0.3800,0.3300,0.3590,1591472
2018-02-23,0.3200,0.3674,0.3110,0.3548,3206374
2018-02-16,0.3000,0.3680,0.3000,0.3230,5682178
2018-02-09,0.3880,0.3883,0.3000,0.3150,5259554
2018-02-02,0.4429,0.5140,0.3600,0.3883,10835481
2018-01-26,0.4040,0.5177,0.3850,0.4403,10367534
2018-01-19,0.3750,0.4680,0.3500,0.4012,12827369
2018-01-12,0.4280,0.4800,0.3100,0.3540,20220144
2018-01-05,0.3040,0.5400,0.2665,0.4700,9310192
2017-12-29,0.2500,0.3098,0.2353,0.3016,4492163
2017-12-22,0.2699,0.2702,0.2352,0.2500,3820749
2017-12-15,0.2700,0.2746,0.2150,0.2600,3146054
2017-12-08,0.3200,0.3300,0.2401,0.2624,4920450
2017-12-01,0.4100,0.4100,0.3200,0.3250,5119641
2017-11-24,0.4100,0.4400,0.3400,0.4100,3740304
2017-11-17,0.3600,0.4100,0.3200,0.3800,2938946
2017-11-10,0.4000,0.4400,0.3600,0.3700,2083196
2017-11-03,0.4200,0.4600,0.3700,0.4000,1988445
2017-10-27,0.5000,0.5500,0.4200,0.4300,3991087
2017-10-20,0.4600,0.5400,0.4500,0.5000,5638886
2017-10-13,0.7300,0.7400,0.4200,0.4600,9760910
2017-10-06,0.3600,0.8700,0.3500,0.6300,25485528
2017-09-29,0.3900,0.4100,0.3400,0.3700,2099569
2017-09-22,0.3300,0.4500,0.3200,0.3900,3800988
2017-09-15,0.3800,0.4000,0.3200,0.3300,2192954
2017-09-08,0.3800,0.3800,0.2800,0.3700,2823540
2017-09-01,0.3600,0.3900,0.3500,0.3600,2885097
2017-08-25,0.3200,0.3700,0.3000,0.3600,2874159
2017-08-18,0.3300,0.3800,0.3200,0.3200,3478814
2017-08-11,0.3900,0.3900,0.3100,0.3400,2965413
2017-08-04,0.4600,0.4600,0.3600,0.3900,4045864
2017-07-28,0.5000,0.5400,0.4100,0.4600,11837587
2017-07-21,1.1200,1.1800,1.0800,1.1100,2416214
2017-07-14,1.0700,1.2000,1.0300,1.1200,4739060
2017-07-07,1.1100,1.1200,1.0000,1.0400,2541091
2017-06-30,1.0400,1.2100,1.0200,1.1000,7404876
2017-06-23,0.9800,1.0700,0.9800,1.0400,1756507
2017-06-16,1.0500,1.1000,0.9800,0.9800,1521106
2017-06-09,1.0300,1.1200,1.0300,1.0600,2677323
2017-06-02,1.0200,1.0800,0.9700,1.0300,1560539
2017-05-26,0.9900,1.0900,0.9500,1.0300,4056834
2017-05-19,0.9600,0.9900,0.9000,0.9700,954183
2017-05-12,0.9400,1.0000,0.9100,0.9700,1123658
2017-05-05,1.0500,1.0600,0.9000,0.9500,2664200
2017-04-28,1.0400,1.1000,1.0100,1.0300,2279718
2017-04-21,1.0900,1.0900,0.9800,1.0100,3126940
2017-04-13,1.8200,2.0800,1.0500,1.0700,3323149
2017-04-07,1.6000,1.6000,1.3500,1.3700,682738
2017-03-31,1.6200,1.6500,1.5800,1.6000,276901
2017-03-24,1.6500,1.6500,1.6000,1.6500,382981
2017-03-17,1.6600,1.7000,1.5800,1.6500,406004
2017-03-10,1.5800,1.6500,1.5200,1.6400,644813
2017-03-03,1.7200,1.7900,1.5700,1.5900,729263
2017-02-24,1.8200,1.8500,1.6800,1.7100,575964
2017-02-17,1.8300,2.1300,1.7600,1.8500,2595806
2017-02-10,1.6400,1.8000,1.6400,1.8000,645651
2017-02-03,1.6000,1.6200,1.5500,1.5900,311406
2017-01-27,1.5500,1.6255,1.5020,1.5900,229923
2017-01-20,1.5900,1.8800,1.4500,1.5500,1160348
2017-01-13,1.5400,1.6800,1.5100,1.5800,451918
2017-01-06,1.5500,1.6572,1.5200,1.5500,684004
2016-12-30,1.4800,1.5345,1.3600,1.5100,923070
2016-12-23,1.5900,1.6500,1.4500,1.4900,1256732
2016-12-16,1.6200,1.8000,1.4050,1.5900,4803026
2016-12-09,1.5300,1.6500,1.4800,1.6000,1280657
2016-12-02,1.6200,1.6500,1.4900,1.5400,503378
2016-11-25,1.7100,1.7499,1.5800,1.6200,152550
2016-11-18,1.6400,1.9500,1.6100,1.6700,997653
2016-11-11,1.6300,1.7235,1.5500,1.6400,384777
2016-11-04,1.8200,1.8500,1.5000,1.6500,380115
2016-10-28,1.8500,1.8900,1.8000,1.8100,148212
2016-10-21,1.9100,2.0000,1.7800,1.8400,320548
2016-10-14,2.0000,2.0000,1.8800,1.9200,192749
2016-10-07,2.0200,2.0500,1.9100,2.0000,300288
2016-09-30,2.1300,2.1390,2.0000,2.0300,417072
2016-09-23,2.0600,2.1400,2.0000,2.1200,640141
2016-09-16,2.1400,2.1600,2.0100,2.0100,602352
2016-09-09,2.0700,2.2900,2.0700,2.1600,525758
2016-09-02,2.0300,2.1300,2.0000,2.0500,293780
2016-08-26,2.1700,2.2500,2.0000,2.0500,884853
2016-08-19,2.0400,2.2900,1.9700,2.1600,852739
2016-08-12,2.0600,2.0900,1.8100,2.0500,906662
2016-08-05,2.2100,2.2400,2.0300,2.0400,1232813
2016-07-29,2.0500,2.2100,1.9545,2.1700,876061
2016-07-22,2.0100,2.1500,2.0100,2.0300,525279
2016-07-15,2.0100,2.0700,1.9500,2.0250,420909
2016-07-08,2.0600,2.0799,1.9500,2.0100,357376
2016-07-01,2.1400,2.1800,1.9600,2.0900,1065087
2016-06-24,2.1100,2.1400,1.9100,2.0200,804110
2016-06-17,2.1700,2.2900,2.0000,2.0600,1179067
2016-06-10,2.4500,2.4800,2.1500,2.2700,1357755
2016-06-03,2.8900,2.9600,2.5000,2.5200,1060056
2016-05-27,2.9200,3.4000,2.8400,2.9600,701167
2016-05-20,2.6100,3.5400,2.4200,2.9700,2008429
2016-05-13,0.2513,3.3000,0.1921,2.6600,10090559
2016-05-06,0.3270,0.3288,0.2296,0.2500,12788356
2016-04-29,0.3091,0.3625,0.3000,0.3200,18411961
2016-04-22,0.3000,0.3400,0.2850,0.2963,18162024
2016-04-15,0.2400,0.2850,0.2200,0.2775,7557107
2016-04-08,0.2300,0.2550,0.2150,0.2398,10520633
2016-04-01,0.2400,0.2400,0.1951,0.2211,8227109
2016-03-24,0.1700,0.2350,0.1650,0.2150,10579478
2016-03-18,0.1885,0.1900,0.1570,0.1600,4702051
2016-03-11,0.1800,0.1990,0.1771,0.1842,4199270
2016-03-04,0.2000,0.2188,0.1790,0.1892,7686393
2016-02-26,0.1819,0.2105,0.1700,0.2006,8475379
2016-02-19,0.1395,0.1760,0.1395,0.1690,3888274
2016-02-12,0.1600,0.1650,0.1280,0.1330,9931338
2016-02-05,0.1910,0.1929,0.1672,0.1792,4307459
2016-01-29,0.1790,0.1999,0.1700,0.1900,6933045
2016-01-22,0.1492,0.1745,0.1399,0.1743,4616283
2016-01-15,0.1700,0.1800,0.1382,0.1490,8747683
2016-01-08,0.1899,0.2150,0.1600,0.1700,9923001
2015-12-31,0.2000,0.2000,0.1750,0.1850,9359515
2015-12-24,0.2205,0.2205,0.1800,0.1944,9857036
2015-12-18,0.3100,0.3100,0.1630,0.2100,19025507
2015-12-11,0.3800,0.3800,0.2501,0.2647,10399696
2015-12-04,0.3900,0.4070,0.3500,0.3714,8120090
2015-11-27,0.3280,0.3748,0.3215,0.3685,2939998
2015-11-20,0.3699,0.3699,0.3150,0.3265,4177785
2015-11-13,0.3600,0.3800,0.3400,0.3651,4359853
2015-11-06,0.3600,0.4000,0.3500,0.3511,5688362
2015-10-30,0.3900,0.3900,0.3500,0.3600,3185728
2015-10-23,0.3940,0.4000,0.3600,0.3800,3733240
2015-10-16,0.4300,0.4300,0.3820,0.3915,3959602
2015-10-09,0.3650,0.4300,0.3501,0.4193,6744497
2015-10-02,0.3600,0.3700,0.3210,0.3500,4994920
2015-09-25,0.4100,0.4132,0.3350,0.3600,8190259
2015-09-18,0.4451,0.4500,0.3700,0.4100,8218421
2015-09-11,0.3700,0.5290,0.3700,0.4445,19866325
2015-09-04,0.3300,0.3900,0.3210,0.3571,13205372
2015-08-28,0.3600,0.3800,0.2850,0.3150,12283207
2015-08-21,0.4080,0.4090,0.3623,0.3770,4463906
2015-08-14,0.4200,0.4400,0.3924,0.4041,3938076
2015-08-07,0.4500,0.4537,0.4000,0.4203,4654468
2015-07-31,0.4090,0.5100,0.3700,0.4400,11162244
2015-07-24,0.5200,0.5200,0.4011,0.4055,5912277
2015-07-17,0.4760,0.5500,0.4721,0.5100,4386117
2015-07-10,0.5345,0.5400,0.4501,0.4750,6387423
2015-07-02,0.6078,0.6100,0.5310,0.5476,4767930
2015-06-26,0.6100,0.6660,0.5835,0.5900,20314623
2015-06-19,0.7000,0.7000,0.5830,0.6000,8053639
2015-06-12,0.6614,0.6900,0.5600,0.6812,13342011
2015-06-05,0.6850,0.7090,0.6500,0.6614,7189626
2015-05-29,0.6492,0.7500,0.6462,0.6611,9526087
2015-05-22,0.6700,0.7184,0.6411,0.6601,8731908
2015-05-15,0.7600,0.7800,0.6400,0.6571,12166613
2015-05-08,0.9300,0.9500,0.6800,0.7304,18668006
2015-05-01,1.0100,1.0200,0.7550,0.8652,14857141
2015-04-24,1.1300,1.1300,0.9030,0.9850,19042190
2015-04-17,1.2200,1.2300,1.0400,1.1100,20604864
2015-04-10,1.4000,1.4500,1.1900,1.2400,41193806
2015-04-02,1.2100,1.2200,1.1000,1.1600,3452237
2015-03-27,1.2700,1.3500,1.1600,1.1900,12158391
2015-03-20,1.2000,1.3900,1.1500,1.1900,22168943
2015-03-13,1.1600,1.4700,1.0300,1.2000,45229460
2015-03-06,1.0800,1.2700,0.9700,1.1100,32217184
2015-02-27,0.5700,1.4200,0.5600,1.1200,106329555
2015-02-20,0.4700,0.6399,0.4600,0.5500,15471839
2015-02-13,0.4500,0.4800,0.4200,0.4658,3013844
2015-02-06,0.4899,0.4900,0.4600,0.4600,2329237
2015-01-30,0.4628,0.5195,0.4532,0.4800,4302832
2015-01-23,0.4900,0.4980,0.4580,0.4789,3847837
2015-01-16,0.5355,0.5500,0.4203,0.4766,8000057
2015-01-09,0.5200,0.5351,0.4712,0.5099,7363825
2015-01-02,0.5000,0.5380,0.4600,0.5200,4652063
2014-12-26,0.5399,0.5470,0.4700,0.5000,5128433
2014-12-19,0.5500,0.5698,0.4530,0.5059,9475842
2014-12-12,0.4400,0.5500,0.4300,0.5301,14065426
2014-12-05,0.4400,0.4700,0.4100,0.4401,3998475
2014-11-28,0.4500,0.4589,0.4000,0.4300,3461730
2014-11-21,0.4400,0.4700,0.3925,0.4144,5048910
2014-11-14,0.4300,0.4799,0.3627,0.4325,8558280
2014-11-07,0.5028,0.5200,0.4200,0.4318,7909416
2014-10-31,0.5100,0.5690,0.4622,0.5190,11484396
2014-10-24,0.5100,0.6700,0.4600,0.5144,19456912
2014-10-17,0.4660,0.5300,0.4610,0.5050,4270920
2014-10-10,0.7000,0.7000,0.4600,0.4640,4371928
2014-10-03,0.6700,0.7700,0.6410,0.6890,3441948
2014-09-26,0.9700,0.9900,0.6661,0.6790,3397158
2014-09-19,1.0800,1.1400,0.8801,1.0000,3043700
2014-09-12,1.2600,1.3000,1.0200,1.0800,2125618
2014-09-05,1.3900,1.4100,1.2400,1.2600,1448000
2014-08-29,1.3800,1.4200,1.3300,1.4100,1236900
2014-08-22,1.6600,1.7000,1.2600,1.3700,3622100
2014-08-15,1.6800,1.7512,1.5800,1.6500,1593200
2014-08-08,2.1000,2.2100,1.4600,1.6800,4409800
2014-08-01,2.1300,2.1700,2.0300,2.0700,1365300
2014-07-25,2.1500,2.2250,2.0600,2.1200,1306900
2014-07-18,2.2500,2.2540,2.0200,2.1600,2027500
2014-07-11,2.4300,2.5200,2.1600,2.2200,2592800
2014-07-03,2.3900,2.4500,2.3600,2.3700,1336900
2014-06-27,2.4300,2.4500,2.3500,2.4000,1443700
2014-06-20,2.5000,2.5250,2.3600,2.4400,1703000
2014-06-13,2.3200,2.5400,2.3200,2.4700,2844900
2014-06-06,2.4100,2.4100,2.2500,2.3200,1257000
2014-05-30,2.4100,2.5000,2.3500,2.4100,930100
2014-05-23,2.3300,2.4500,2.2500,2.3900,1305100
2014-05-16,2.3200,2.5450,2.2000,2.3500,1737100
2014-05-09,2.2400,2.3800,2.1600,2.3700,1719100
2014-05-02,2.3400,2.4000,2.2000,2.2700,1593400
2014-04-25,2.3400,2.6300,2.3100,2.3400,1444300
2014-04-17,2.5200,2.5200,2.1400,2.3400,2605600
2014-04-11,2.5400,2.6000,2.3500,2.3800,2314600
2014-04-04,2.6500,2.8800,2.5100,2.5500,2865400
2014-03-28,3.0100,3.0480,2.6000,2.6300,2955800
2014-03-21,2.8500,3.1000,2.7700,2.9900,2372500
2014-03-14,3.1300,3.2500,2.7100,2.8100,3378700
2014-03-07,3.0500,3.3300,2.9700,3.1200,2972100
2014-02-28,3.3000,3.4300,3.0400,3.1500,3290500
2014-02-21,2.8900,3.4700,2.8800,3.2600,3401100
2014-02-14,2.5700,3.1100,2.5500,2.8900,2293800
2014-02-07,2.7000,2.7400,2.4400,2.5500,1734400
2014-01-31,2.8600,2.8600,2.5550,2.6600,2060300
2014-01-24,3.0500,3.1400,2.8000,2.8700,2019300
2014-01-17,3.0000,3.1800,2.8900,3.0500,2588600
2014-01-10,2.6400,3.1000,2.5400,2.9400,4248400
2014-01-03,2.6700,2.6790,2.4700,2.6400,1778800
2013-12-27,2.4500,2.6800,2.4300,2.6600,1576000
2013-12-20,2.3300,2.4947,2.2000,2.4700,4197200
2013-12-13,2.5500,2.5900,2.3000,2.3300,2076200
2013-12-06,2.7000,2.7400,2.5000,2.5600,1782200
2013-11-29,2.5000,2.7500,2.4300,2.7200,2266800
2013-11-22,2.5000,2.5800,2.3000,2.4700,3120300
2013-11-15,2.6000,2.7400,2.4100,2.4900,3827300
2013-11-08,2.0900,3.9300,2.0700,2.5800,27461900
2013-11-01,2.3800,2.4000,2.0000,2.0600,1714900
2013-10-25,2.2500,2.4000,2.2200,2.3700,972600
2013-10-18,2.2700,2.2900,2.2100,2.2500,983300
2013-10-11,2.2600,2.2900,2.1000,2.2900,1494000
2013-10-04,2.3900,2.4000,2.2200,2.2600,1568400
2013-09-27,2.4400,2.5300,2.3500,2.4300,1231200
2013-09-20,2.5400,2.6800,2.3799,2.4500,2013800
2013-09-13,2.2900,2.6800,2.2900,2.5000,1816900
2013-09-06,2.1000,2.3000,2.0900,2.2800,723700
2013-08-30,2.4300,2.4300,2.1000,2.1000,1239900
2013-08-23,2.2600,2.4200,2.1800,2.4100,848180
2013-08-16,2.4500,2.4500,2.2000,2.2800,1313722
2013-08-09,2.7800,2.8200,2.4200,2.4300,1545300
2013-08-02,2.6700,2.8700,2.5700,2.8000,1052300
2013-07-26,2.7300,2.7499,2.5600,2.6900,799600
2013-07-19,2.7600,2.7600,2.5800,2.7100,1084400
2013-07-12,2.4400,2.7600,2.3720,2.7500,1282700
2013-07-05,2.3300,2.4300,2.2500,2.4300,613100
2013-06-28,2.3000,2.3100,2.2000,2.3000,1061400
2013-06-21,2.2800,2.3500,2.2000,2.3200,1409100
2013-06-14,2.3500,2.3680,2.2100,2.2400,753700
2013-06-07,2.4700,2.5200,2.3000,2.3600,1377000
2013-05-31,2.5300,2.6000,2.4600,2.4600,739100
2013-05-24,2.6500,2.6500,2.4000,2.5000,1145100
2013-05-17,2.6400,2.8700,2.5800,2.6300,1453400
2013-05-10,2.6000,2.6500,2.5100,2.6400,749100
2013-05-03,2.7200,2.8878,2.5100,2.6200,1213100
2013-04-26,2.5000,2.8400,2.4201,2.7100,1268800
2013-04-19,2.5100,2.5800,2.3200,2.4800,1314400
2013-04-12,2.5000,2.6300,2.3300,2.5100,828700
2013-04-05,2.5100,2.6800,2.2800,2.4700,1458700
2013-03-28,2.6800,2.7200,2.5000,2.5050,1142900
2013-03-22,2.7400,2.8300,2.6800,2.6900,1667400
2013-03-15,2.7600,2.8398,2.6800,2.7700,1722600
2013-03-08,2.5100,2.9500,2.5100,2.7800,3060100
2013-03-01,2.5900,2.6900,2.3800,2.5300,2171800
2013-02-22,2.7000,2.7500,2.3100,2.4000,1899600
2013-02-15,2.7700,2.7700,2.6500,2.7000,1181100
2013-02-08,2.8300,2.9000,2.6500,2.7600,1111900
2013-02-01,2.8200,2.8700,2.7000,2.8400,1432900
2013-01-25,2.8100,2.8500,2.6500,2.7900,1622100
2013-01-18,3.0600,3.1600,2.7800,2.8100,1543200
2013-01-11,2.8100,3.0700,2.7800,3.0600,2519900
2013-01-04,2.7400,2.9400,2.6900,2.8100,2628400
2012-12-28,2.7000,2.7500,2.5800,2.7100,1462100
2012-12-21,2.8800,2.8800,2.4600,2.6400,3650700
2012-12-14,3.7400,3.8900,2.7400,2.8400,4679000
2012-12-07,4.2100,4.2500,3.6900,3.7400,1029900
2012-11-30,3.4100,4.2500,3.3500,4.1900,1788200
2012-11-23,3.4900,3.5599,3.2750,3.4300,731300
2012-11-16,4.0200,4.0500,3.2700,3.4500,1547000
2012-11-09,3.4000,3.8900,3.1500,3.8300,1929800
2012-11-02,3.9700,4.0600,3.4400,3.4400,970600
2012-10-26,4.0500,4.2386,3.8300,3.9400,1147700
2012-10-19,4.2200,4.5500,3.9950,4.0400,1598800
2012-10-12,4.4300,4.4400,3.8500,4.2300,2034500
2012-10-05,4.0500,4.4700,4.0000,4.4400,2479600
2012-09-28,4.8000,4.9300,3.6100,4.4100,7408400
2012-09-21,3.9000,4.8400,3.8000,4.7500,3706400
2012-09-14,3.6000,3.9500,3.4200,3.9400,2305800
2012-09-07,3.1600,3.6500,3.1100,3.6100,1378000
2012-08-31,2.9200,3.2400,2.9100,3.1500,1151500
2012-08-24,2.9800,3.1900,2.8200,2.8900,1109200
2012-08-17,2.6800,3.0000,2.6000,2.9500,1316600
2012-08-10,2.6500,2.6800,2.4000,2.6600,946700
2012-08-03,2.6900,2.7210,2.4200,2.6500,843200
2012-07-27,2.4300,2.6800,2.3500,2.6700,909800
2012-07-20,2.9500,3.0100,2.4100,2.5000,1103100
2012-07-13,2.9600,3.1000,2.7900,2.9600,1307700
2012-07-06,2.7700,3.0000,2.7304,2.9400,1397400
2012-06-29,2.8000,2.8100,2.5100,2.7000,1151400
2012-06-22,2.2500,2.8600,2.2300,2.8600,2279500
2012-06-15,2.4400,2.4400,2.1600,2.2800,1268300
2012-06-08,2.0900,2.4300,2.0600,2.3900,1134700
2012-06-01,2.1600,2.4000,2.0800,2.0800,1347100
2012-05-25,2.0600,2.2100,2.0400,2.1800,927600
2012-05-18,2.4000,2.4400,2.0100,2.0500,1446500
2012-05-11,2.3000,2.6000,2.2100,2.4400,1492000
2012-05-04,2.4100,2.5600,2.2600,2.3100,1470700
2012-04-27,2.2300,2.4700,2.2000,2.4200,1894200
2012-04-20,2.3500,2.3500,2.1500,2.2900,1672300
2012-04-13,2.0500,2.4700,2.0200,2.1650,2918800
2012-04-05,2.5000,2.5000,2.0800,2.1000,1858400
2012-03-30,2.6600,2.7400,2.4700,2.4900,1640300
2012-03-23,3.2500,3.2600,2.5500,2.6200,3294200
2012-03-16,2.6100,3.4500,2.4500,3.1300,5382100
2012-03-09,2.9400,2.9400,2.5500,2.6200,2449800
2012-03-02,3.2900,3.4000,2.9100,2.9300,1729700
2012-02-24,3.5100,3.6870,3.1000,3.3100,1652900
2012-02-17,3.6700,3.7700,3.2900,3.5600,2569200
2012-02-10,4.2100,4.5000,3.6300,3.6400,4886600
2012-02-03,3.5700,4.2600,3.3000,4.2000,4278800
2012-01-27,2.7900,3.6200,2.7600,3.4700,3067800
2012-01-20,2.6200,2.8700,2.6200,2.7500,1372800
2012-01-13,2.3000,2.6600,2.2700,2.5800,2009100
2012-01-06,2.4000,2.4000,2.2000,2.2800,1227000
2011-12-30,2.0100,2.2700,1.9500,2.2000,2350800
2011-12-23,2.1000,2.2000,1.9000,2.0100,1976300
2011-12-16,2.4000,2.4000,2.0100,2.0700,2197300
2011-12-09,2.7100,2.7100,2.3100,2.4200,1488200
2011-12-02,2.5300,2.8200,2.5200,2.6400,1627000
2011-11-25,2.8500,2.8700,2.4100,2.4200,1083100
2011-11-18,2.7900,2.9600,2.6100,2.9300,2006500
2011-11-11,2.9100,2.9800,2.6900,2.8000,1387400
2011-11-04,3.1000,3.1500,2.8100,2.9000,1677900
2011-10-28,3.0000,3.2600,2.8800,3.1600,1695400
2011-10-21,3.1800,3.2100,2.7700,2.9900,1298200
2011-10-14,2.8100,3.3000,2.6700,3.2300,1690700
2011-10-07,2.9100,3.0600,2.5500,2.7200,2271600
2011-09-30,3.4200,3.4300,2.8300,2.9500,2047300
2011-09-23,3.3700,3.4600,3.0400,3.3900,1446200
2011-09-16,3.0100,3.7200,2.9600,3.4800,1619600
2011-09-09,3.0000,3.1700,2.9000,3.0200,1365400
2011-09-02,3.2000,3.5700,3.0200,3.1500,1770500
2011-08-26,3.2900,3.4400,2.9500,3.1600,1689800
2011-08-19,3.3600,4.3300,3.1000,3.1700,3119700
2011-08-12,3.3700,3.4700,2.3200,3.2800,4748400
2011-08-05,4.4300,4.4800,3.1300,3.5300,3288300
2011-07-29,4.6800,4.7000,4.1400,4.3300,1969700
2011-07-22,4.9200,4.9800,4.6300,4.7200,1754200
2011-07-15,5.3100,5.4400,4.8500,4.9800,1764900
2011-07-08,4.9200,5.7200,4.9200,5.3800,2084700
2011-07-01,4.8700,4.9900,4.6600,4.9400,1399600
2011-06-24,4.7100,5.0500,4.6100,4.8500,2244700
2011-06-17,5.0300,5.0700,4.5000,4.7600,2157000
2011-06-10,5.0700,5.5276,4.9800,5.0000,2702500
2011-06-03,5.7400,5.8000,5.0700,5.1800,1774300
2011-05-27,5.2400,5.9400,4.9500,5.6000,3719200
2011-05-20,6.0000,6.0701,5.0400,5.2800,4161900
2011-05-13,6.3100,6.6500,5.9500,6.0800,2870300
2011-05-06,7.5100,7.5100,6.1700,6.3100,3300300
2011-04-29,7.6200,7.7200,7.2500,7.5100,1798700
2011-04-21,7.6000,7.6400,7.0800,7.5900,2355000
2011-04-15,7.8000,8.2500,7.5100,7.6600,3148900
2011-04-08,8.0000,8.4400,7.7300,7.8000,2794800
2011-04-01,7.6400,7.9400,7.2000,7.9100,2282000
2011-03-25,7.3400,8.0600,7.0700,7.5700,4657100
2011-03-18,7.1400,7.3600,6.3700,7.2200,5113300
2011-03-11,6.4600,7.4800,6.2100,7.2800,4649100
2011-03-04,5.8700,6.6900,5.5900,6.4400,4830700
2011-02-25,5.6000,5.8700,5.5000,5.7700,1375000
2011-02-18,5.6000,5.9301,5.5400,5.6900,1594500
2011-02-11,5.4200,5.6300,5.3500,5.5500,1345300
2011-02-04,5.4800,5.7100,5.3500,5.3900,1482500
2011-01-28,5.4400,5.9401,5.3200,5.4200,2729600
2011-01-21,5.6300,5.7400,5.2600,5.4000,1765500
2011-01-14,5.8300,5.8300,5.5000,5.6500,1644100
2011-01-07,5.2800,5.9000,5.1800,5.8400,2089000
2010-12-31,5.5000,5.5500,5.1500,5.1900,1480300
2010-12-23,5.3000,6.1500,5.2601,5.5000,2452700
2010-12-17,5.3700,5.4500,5.1100,5.2900,1943000
2010-12-10,4.8800,5.7500,4.8800,5.3600,3912700
2010-12-03,4.5600,4.9400,4.4500,4.9200,1738200
2010-11-26,4.5100,4.6800,4.4800,4.5600,901200
2010-11-19,4.4800,4.7800,4.4000,4.5200,2262900
2010-11-12,4.4900,4.7400,4.0700,4.4300,3015600
2010-11-05,4.9300,4.9650,4.4500,4.4900,2692200
2010-10-29,5.2200,5.4500,4.8200,4.8775,2538900
2010-10-22,4.7900,5.1900,4.7700,5.1000,2535400
2010-10-15,4.7600,4.8500,4.6600,4.7400,1543900
2010-10-08,4.8500,5.3500,4.6200,4.7700,3970300
2010-10-01,5.1500,5.1500,4.7500,4.8500,1060000
2010-09-24,5.0100,5.2300,4.9180,5.0800,1425500
2010-09-17,5.0000,5.0590,4.6900,4.9800,982600
2010-09-10,4.7700,4.9700,4.5700,4.9600,701600
2010-09-03,4.7800,4.8800,4.4900,4.8100,1003400
2010-08-27,5.1500,5.1500,4.4000,4.7900,1789000
2010-08-20,4.3300,5.2600,4.3300,5.0100,2381700
2010-08-13,5.1000,5.1000,4.2500,4.3100,2098600
2010-08-06,4.8600,5.4299,4.7901,5.0200,2241600
2010-07-30,4.3400,5.0268,4.3300,4.7800,2195600
2010-07-23,3.8400,4.3100,3.6800,4.3100,1300200
2010-07-16,3.7300,4.0900,3.6500,3.8100,1614900
2010-07-09,3.6500,3.8000,3.4100,3.7400,1251600
2010-07-02,3.9000,3.9600,3.1500,3.4700,2085600
2010-06-25,4.2100,4.2100,3.5500,3.9200,3292500
2010-06-18,4.1100,4.9199,3.9700,4.1400,2770000
2010-06-11,4.4600,4.5800,3.5200,4.0450,3202500
2010-06-04,4.5900,4.7000,4.3000,4.4200,1344700
2010-05-28,4.4300,4.8700,4.3400,4.6500,2128500
2010-05-21,5.2000,5.2500,4.0700,4.3200,3826300
2010-05-14,5.7000,5.7000,5.0100,5.1500,2971200
2010-05-07,5.8000,6.1200,4.7200,5.3900,6804400
2010-04-30,5.8800,6.0800,5.3200,5.6400,3364800
2010-04-23,4.8000,6.0000,4.7000,5.8200,3727400
2010-04-16,4.6400,5.1000,4.6300,4.8100,1770700
2010-04-09,4.4500,4.9600,4.4300,4.6600,1847800
2010-04-01,4.5200,4.7500,4.4100,4.4500,1799900
2010-03-26,4.8000,5.0300,4.4000,4.5900,3327700
2010-03-19,5.4900,5.6650,4.6550,4.8000,9899100
2010-03-12,7.3000,7.7600,5.5000,6.0200,7971300
2010-03-05,7.0000,7.2500,7.0000,7.2300,1534800
2010-02-26,7.1800,7.3400,6.6600,6.9500,2650900
2010-02-19,7.5700,7.7500,7.1300,7.1800,2227200
2010-02-12,6.7300,7.4400,6.5000,7.3800,2852600
2010-02-05,6.7400,7.6500,6.3800,6.7100,5897900
2010-01-29,8.4500,8.6500,6.6700,6.7400,6564300
2010-01-22,8.4000,9.5000,8.2000,8.2200,7379800
2010-01-15,7.3900,8.4800,7.1100,8.2400,7723700
2010-01-08,6.1300,7.7800,6.0900,7.2600,6004100
2009-12-31,6.0400,6.1200,5.8200,6.1000,1286000
2009-12-24,6.2300,6.2300,5.5500,6.0500,2539600
2009-12-18,6.4800,6.5399,5.6500,6.1900,5012800
2009-12-11,6.2300,6.6500,6.0300,6.4500,3928400
2009-12-04,5.3300,6.4000,5.2500,6.1400,6500800
2009-11-27,4.4800,5.2400,4.3200,5.1500,3395800
2009-11-20,3.6600,4.4800,3.6000,4.3100,2296800
2009-11-13,3.5000,3.6000,3.3000,3.5500,1501800
2009-11-06,3.3200,3.5500,3.0800,3.5500,1519500
2009-10-30,3.8700,3.8700,3.2500,3.2900,1801400
2009-10-23,3.7100,3.8800,3.5600,3.6200,1455500
2009-10-16,3.6700,3.8200,3.3700,3.6900,1491800
2009-10-09,3.6900,3.8800,3.5000,3.5800,1563300
2009-10-02,4.1400,4.3200,3.6000,3.6600,1827300
2009-09-25,3.5100,4.1292,3.4500,4.0600,2469300
2009-09-18,3.8100,3.8578,3.5000,3.5500,1568600
2009-09-11,3.2000,3.8700,3.0400,3.6300,1609900
2009-09-04,3.1600,3.2200,2.9300,3.1200,1280400
2009-08-28,3.2500,3.2899,3.0500,3.1700,703000
2009-08-21,3.2100,3.2500,3.0000,3.2000,1112600
2009-08-14,3.4800,3.4900,3.1000,3.2700,1397600
2009-08-07,3.4100,3.4300,3.1000,3.2100,1206800
2009-07-31,3.3500,3.5994,3.2900,3.3000,897900
2009-07-24,3.5600,3.5600,3.1800,3.3900,1208100
2009-07-17,3.1800,3.6100,3.1000,3.4100,1460000
2009-07-10,3.7200,3.7200,3.1000,3.1800,1211100
2009-07-02,3.9300,3.9600,3.5800,3.6700,824500
2009-06-26,3.6500,3.9500,3.2500,3.9500,1777200
2009-06-19,3.9500,4.0400,3.3600,3.6000,1743300
2009-06-12,4.5000,4.6000,3.8290,4.0400,1686500
2009-06-05,3.9700,4.8000,3.6800,4.3700,3173900
2009-05-29,2.9000,3.7900,2.7800,3.7900,2753100
2009-05-22,2.8900,3.1500,2.7500,2.8800,1905900
2009-05-15,2.9000,3.5100,2.7000,2.8000,5226900
2009-05-08,1.8300,2.5300,1.8300,2.5000,3959100
2009-05-01,1.7500,1.8600,1.7200,1.8200,1319600
2009-04-24,1.8000,1.8200,1.6300,1.7900,1443500
2009-04-17,1.7600,1.8500,1.4200,1.8100,2327000
2009-04-09,1.8600,1.8800,1.7000,1.7200,1261800
2009-04-03,1.8000,1.9700,1.6300,1.8100,3584600
2009-03-27,1.9000,1.9000,1.7300,1.8000,1174400
2009-03-20,1.9600,1.9700,1.6800,1.7200,1813700
2009-03-13,3.2900,3.3300,1.7900,1.8800,3906600
2009-03-06,2.7600,2.7800,2.0700,2.3100,1388400
2009-02-27,3.2300,3.4500,2.7600,2.7600,967400
2009-02-20,3.7600,4.7000,3.1200,3.3300,2169200
2009-02-13,4.3300,4.3500,3.8000,3.8500,481800
2009-02-06,5.0000,5.0000,3.9400,4.4000,1183100
2009-01-30,3.3900,5.1400,3.3900,4.9200,1801900
2009-01-23,3.3400,3.9120,2.9700,3.3800,599700
2009-01-16,3.6100,3.8000,3.0000,3.2900,522300
2009-01-09,3.6500,3.9000,3.3300,3.3400,386400
2009-01-02,3.6200,3.7099,3.1300,3.6000,260800
2008-12-26,3.8600,3.9450,3.5000,3.6300,190500
2008-12-19,3.1000,4.2500,2.9500,3.7700,786400
2008-12-12,2.7100,3.2700,2.6300,3.1000,497400
2008-12-05,2.2000,2.9600,2.0200,2.5700,509500
2008-11-28,2.0300,2.2800,1.7600,2.2500,525200
2008-11-21,2.7200,2.7300,1.8100,2.0000,907100
2008-11-14,3.7500,3.8700,2.4500,2.6800,1170100
2008-11-07,3.9800,4.1800,3.3200,3.6500,508700
2008-10-31,3.4300,4.0400,3.2500,4.0000,380700
2008-10-24,4.2400,4.3700,3.3100,3.4100,612500
2008-10-17,4.0000,4.4300,3.6000,4.1500,685000
2008-10-10,4.7600,4.7600,3.0000,3.6800,1147900
2008-10-03,5.3800,5.8700,4.8600,4.8600,664300
2008-09-26,6.2400,6.3000,5.2500,5.3800,471500
2008-09-19,6.0000,6.5000,5.0000,6.3000,1644400
2008-09-12,6.3400,6.4400,5.9500,5.9900,478600
2008-09-05,6.4400,6.8400,6.0000,6.0100,327400
2008-08-29,6.8300,6.8400,6.0800,6.3900,595000
2008-08-22,6.9100,6.9900,6.5200,6.8300,291800
2008-08-15,6.2600,7.1000,6.0900,6.9300,574300
2008-08-08,7.4400,7.4400,5.9400,6.2400,696100
2008-08-01,7.1000,7.4699,6.8500,7.2500,355500
2008-07-25,6.7500,7.9700,6.6300,7.1300,629800
2008-07-18,5.8600,6.9800,5.5500,6.8600,537600
2008-07-11,5.7800,6.1500,5.3200,5.8000,469300
2008-07-03,6.5100,6.6400,5.5500,5.7200,523800
2008-06-27,6.3600,7.1860,5.8100,6.5500,3220900
2008-06-20,7.6900,7.8400,6.1500,6.4200,1429800
2008-06-13,8.0000,8.5600,7.4000,7.6200,1592700
2008-06-06,7.6000,8.2900,7.0400,7.9200,1036700
2008-05-30,6.5000,7.7000,6.2000,7.5399,679700
2008-05-23,5.9600,6.6799,5.6500,6.3200,577700
2008-05-16,5.4600,6.0000,5.4400,5.9600,414800
2008-05-09,5.1600,5.6300,5.0200,5.5600,412400
2008-05-02,5.0400,5.2100,4.9200,5.1000,164300
2008-04-25,5.1400,5.2600,5.0000,5.0600,176800
2008-04-18,5.6300,5.7000,5.0500,5.1900,254700
2008-04-11,5.6900,5.9500,5.5400,5.6600,204600
2008-04-04,5.1300,5.7500,4.7400,5.7100,327500
2008-03-28,5.1100,5.5000,5.0000,5.1600,190600
2008-03-20,5.0300,5.2300,4.6200,5.1200,359900
2008-03-14,5.8100,5.8300,4.8800,5.0500,502600
2008-03-07,6.3500,6.4000,5.6000,5.7500,285500
2008-02-29,6.0800,6.4399,6.0000,6.3600,280200
2008-02-22,5.9200,6.2900,5.5801,6.0800,196800
2008-02-15,5.5000,6.2200,5.3000,6.1100,392800
2008-02-08,5.1500,5.4606,4.9600,5.4380,239700
2008-02-01,5.0100,5.3200,4.7700,5.2300,375700
2008-01-25,5.2800,5.3800,4.9100,4.9999,345500
2008-01-18,5.5300,6.1500,5.4500,5.4800,243800
2008-01-11,6.2500,6.2500,5.5000,5.5200,219300
2008-01-04,5.7400,6.4000,5.7100,6.2600,269000
2007-12-28,5.4000,5.9000,5.1700,5.7400,254400
2007-12-21,5.7000,5.7500,5.0700,5.2900,548400
2007-12-14,5.5000,5.7000,5.1332,5.2100,349700
2007-12-07,5.5400,5.8900,5.4000,5.5000,249500
2007-11-30,5.4900,5.7700,5.2500,5.5100,342600
2007-11-23,5.3300,5.5300,4.8800,5.4600,221200
2007-11-16,5.8400,6.0000,5.2700,5.3500,168700
2007-11-09,5.9550,6.1000,5.7700,5.8500,156700
2007-11-02,5.8200,6.2000,5.7600,5.9600,224000
2007-10-26,5.8000,6.0890,5.5900,5.7800,300600
2007-10-19,6.0500,6.1800,5.7500,5.7800,168700
2007-10-12,6.5000,6.5000,5.8100,6.0400,462900
2007-10-05,6.0500,6.5000,5.8800,6.3500,361700
2007-09-28,5.5100,6.2000,5.4200,6.0500,482700
2007-09-21,5.4800,5.8000,5.2800,5.7200,224700
2007-09-14,5.4400,6.0500,5.3000,5.4400,647400
2007-09-07,5.0900,5.7400,5.0000,5.4000,369000
2007-08-31,5.1200,5.3700,4.8500,5.1260,418800
2007-08-24,5.3100,5.4500,5.1000,5.1500,378300
2007-08-17,6.0000,6.5900,5.2800,5.2800,797500
2007-08-10,5.8400,6.2000,5.5900,5.7700,397800
2007-08-03,6.1900,6.1900,5.7000,5.7800,341600
2007-07-27,6.6200,6.6200,5.7700,6.0700,483100
2007-07-20,6.0900,6.6700,5.8300,6.6300,557300
2007-07-13,5.9200,6.2900,5.7000,6.0300,885700
2007-07-06,5.7500,5.9800,5.6500,5.8400,449500
2007-06-29,5.7500,6.0000,5.6400,5.7500,377937
2007-06-22,5.8700,5.9400,5.5500,5.7500,152741
2007-06-15,6.1500,6.1500,5.6200,5.8400,223600
2007-06-08,6.2500,6.6900,5.9300,6.0000,801700
2007-06-01,5.8800,6.2500,5.7865,6.2200,525200
2007-05-25,5.8500,6.0299,5.7400,5.9000,245600
2007-05-18,5.8000,6.0000,5.6300,5.8300,300100
2007-05-11,5.9900,6.1500,5.5000,5.7400,376700
2007-05-04,5.6600,5.9800,5.3700,5.5000,371000
2007-04-27,5.6800,5.7400,5.5500,5.6300,202400
2007-04-20,6.1300,6.1300,5.5000,5.6500,365000
2007-04-13,6.2500,6.5100,5.9000,6.0600,1209600
2007-04-05,5.9500,6.1500,5.3600,5.9500,528400
2007-03-30,4.9300,6.0000,4.8000,5.8000,871700
2007-03-23,4.7000,4.9400,4.6400,4.8400,319100
2007-03-16,4.8900,4.9400,4.5600,4.7000,275100
2007-03-09,5.2300,5.2600,4.8001,4.8300,251700
2007-03-02,5.7000,5.7028,5.2200,5.2500,404200
2007-02-23,5.9400,6.4900,5.6500,5.8200,228900
2007-02-16,5.9400,6.5000,5.6500,5.9200,465000
2007-02-09,6.0200,6.0200,5.6200,5.7800,347200
2007-02-02,6.0000,6.0000,5.7500,5.9000,191000
2007-01-26,5.5500,5.9400,5.4000,5.8700,302100
2007-01-19,6.0000,6.0500,5.4000,5.4000,123900
2007-01-12,5.3000,6.1600,5.2100,6.0200,293100
2007-01-05,6.8300,7.0000,5.2100,5.2800,334200
2006-12-29,5.4700,7.4300,5.3500,6.5400,403400
2006-12-22,5.4600,5.7300,5.2700,5.3500,282500
2006-12-15,4.7500,5.4900,4.7000,5.4000,360200
2006-12-08,4.6800,4.7500,4.4900,4.6500,112200
2006-12-01,4.5300,4.6200,4.0600,4.6100,158600
2006-11-24,4.3000,4.5000,3.8700,4.4299,94400
2006-11-17,4.5900,4.8000,4.3000,4.3500,110900
2006-11-10,4.1500,4.9399,4.0500,4.5500,148900
2006-11-03,4.3100,4.6500,4.0200,4.0500,68600
2006-10-27,4.5500,4.7500,4.2500,4.4200,84700
2006-10-20,4.9000,5.0900,4.5000,4.9000,49700
2006-10-13,5.0000,5.0300,4.7500,4.9500,47900
2006-10-06,5.0300,5.1000,4.7505,5.1000,91800
2006-09-29,5.3000,5.3000,4.7100,4.8500,50800
2006-09-22,4.4000,4.9000,4.3200,4.6800,73600
2006-09-15,4.4600,4.9200,4.4100,4.5000,42100
2006-09-08,5.1900,5.1900,4.4100,4.4100,53300
2006-09-01,4.9900,5.5000,4.9856,5.3100,130200
2006-08-25,4.7600,5.0000,4.0500,4.9300,132400
2006-08-18,6.0000,6.0000,4.2979,4.3500,208900
2006-08-11,5.9000,5.9500,5.5100,5.6300,80400
2006-08-04,6.5500,6.6400,5.5500,5.9000,157500
2006-07-28,6.6700,7.0400,6.4500,6.5500,35500
2006-07-21,7.0000,8.0000,6.2700,6.8300,41800
2006-07-14,7.1000,7.2600,6.7100,6.7100,27500
2006-07-07,7.1600,7.5000,7.0000,7.0000,27700
2006-06-30,7.0400,7.1900,6.8000,7.1900,36500
2006-06-23,7.2500,7.6900,6.7500,7.0100,125900
2006-06-16,7.4000,7.5500,6.6600,7.0800,94200
2006-06-09,8.0304,8.2400,7.2600,7.3501,23400
2006-06-02,8.0000,8.4800,7.8800,8.0000,50400
2006-05-26,7.4600,8.1200,6.8000,8.1000,125400
2006-05-19,8.2500,8.2500,7.4400,7.5900,45900
2006-05-12,8.0500,8.1200,7.7300,7.8600,64800
2006-05-05,8.4900,8.4900,7.7000,7.9100,43900
2006-04-28,7.6600,9.0000,7.6300,8.1300,75600
2006-04-21,8.1000,8.3000,7.5910,7.6500,79200
2006-04-13,9.0000,9.0000,8.0800,8.2200,46600
2006-04-07,9.1600,9.1600,8.5600,8.8100,79100
2006-03-31,8.7500,9.2000,8.5000,8.7600,135300
2006-03-24,8.0100,8.7190,8.0000,8.6300,126600
2006-03-17,7.3000,8.9500,7.1300,8.3500,242200
2006-03-10,7.3200,7.4000,6.8500,7.1500,94200
2006-03-03,7.5000,7.5500,6.7500,7.3000,73100
2006-02-24,7.8200,7.8200,7.3200,7.4900,46400
2006-02-17,7.2800,7.6000,7.0500,7.5000,91300
2006-02-10,7.2500,7.4700,6.6500,6.9000,112500
2006-02-03,7.5000,7.6500,6.8100,6.9700,112400
2006-01-27,6.9800,8.0000,6.9600,7.4700,99400
2006-01-20,7.5100,7.5100,6.7500,6.7500,74400
2006-01-13,7.5500,8.0600,7.2500,7.7000,106600
2006-01-06,8.3000,8.3900,7.6000,7.9000,23000
2005-12-30,8.4000,8.4000,7.6000,8.3000,54300
2005-12-23,8.0000,10.0100,7.6400,8.0200,189500
2005-12-16,8.0000,8.1000,7.2500,7.8700,60600
2005-12-09,8.1000,8.1000,6.7500,7.9500,40600
2005-12-02,8.7500,8.8500,8.0000,8.1000,33800
2005-11-25,8.6500,9.0000,8.0000,8.7000,40900
2005-11-18,9.0000,9.6000,8.5000,9.2500,107000
2005-11-11,7.8000,9.0000,7.4500,8.9500,118000
2005-11-04,7.2500,8.0000,6.6500,7.7500,51300
2005-10-28,6.1500,7.5000,6.1500,7.5000,20500
2005-10-21,6.1100,6.5000,5.8500,6.1500,22200
2005-10-14,5.0000,5.7500,5.0000,5.7000,20900
2005-10-07,4.9500,5.4000,4.9500,5.0000,15500
2005-09-30,5.0000,5.5000,4.9500,4.9500,12700
2005-09-23,4.8500,5.1500,4.7000,5.0000,12200
2005-09-16,5.0000,5.3500,4.6000,4.7000,15400
2005-09-09,4.7500,4.7500,4.7500,4.7500,1100
2005-09-02,4.6000,5.0500,4.6000,5.0500,1500
2005-08-26,4.8500,4.8500,4.2000,4.2000,20700
2005-08-19,4.7000,5.6500,4.5000,4.9500,60600
2005-08-12,5.1500,5.5000,4.3000,4.5500,50300
2005-08-05,5.6000,5.9000,4.9000,5.2000,55400
2005-07-29,4.2600,5.7500,4.2600,5.5000,55500
2005-07-22,4.0000,4.1100,3.8000,4.1000,76300
2005-07-15,3.3000,3.6000,3.2500,3.2500,7000
2005-07-08,3.1200,3.3900,3.0000,3.3900,12600
2005-07-01,3.1000,3.2300,2.9000,3.1200,12200
2005-06-24,3.2000,3.2000,3.1500,3.1500,800
2005-06-17,3.0000,3.2000,3.0000,3.2000,11500
2005-06-10,3.5000,3.5000,3.0500,3.2500,41300
2005-06-03,3.5000,3.5500,3.5000,3.5000,5000
2005-05-27,3.4500,3.7500,3.4000,3.5000,22800
2005-05-20,3.1100,3.5500,3.1000,3.5500,60000
2005-05-13,3.3000,3.3000,3.0500,3.1500,35300
2005-05-06,3.6000,3.9000,3.1500,3.4000,150800
2005-04-29,2.8000,3.0000,2.7500,3.0000,31200
2005-04-22,2.7000,2.9000,2.6000,2.8000,17400
2005-04-15,2.7100,2.7100,2.3000,2.7000,1800
2005-04-08,2.7100,2.7100,2.7100,2.7100,1000
2005-04-01,2.7500,2.9000,2.7500,2.9000,11500
2005-03-24,3.2500,3.2500,2.7500,2.7500,10300
2005-03-18,3.3000,3.3000,3.0000,3.2500,3100
2005-03-11,3.2500,3.4000,3.0000,3.3000,26400
2005-03-04,3.1600,3.3000,3.0000,3.0000,23500
2005-02-25,3.3500,3.3500,2.9000,2.9000,4700
2005-02-18,2.9000,3.3500,2.9000,3.3500,9000
2005-02-11,2.9500,3.3100,2.9500,3.0500,40400
2005-02-04,2.9500,3.1800,2.9500,3.0500,40500
2005-01-28,2.7000,3.0000,2.5800,3.0000,162600
2005-01-21,2.7000,2.7000,2.7000,2.7000,0
2005-01-14,2.8000,2.8000,2.5000,2.7000,1300
2005-01-07,2.3800,2.8000,2.3800,2.8000,28000
2004-12-31,2.6500,2.7500,2.4500,2.7500,25900
2004-12-23,2.7000,2.7000,2.6500,2.6500,1000
2004-12-17,2.8800,2.8800,2.6000,2.7000,43600
2004-12-10,3.0500,3.0500,2.8000,2.8800,15500
2004-12-03,3.0500,3.0500,3.0500,3.0500,0
2004-11-26,3.3500,3.3500,3.0500,3.0500,78600
2004-11-19,2.9500,3.4000,2.9500,3.4000,32900
2004-11-12,2.7500,2.9500,2.7500,2.9500,25300
2004-11-05,3.0000,3.0000,2.7500,2.7500,15400
2004-10-29,3.1500,3.2000,2.8000,2.8000,7200
2004-10-22,3.1000,3.1500,2.9500,3.1500,10100
2004-10-15,2.7500,2.7500,2.7500,2.7500,0
2004-10-08,2.7500,2.7500,2.7500,2.7500,0
2004-10-01,3.0000,3.5500,2.7500,2.7500,2300
2004-09-24,3.0000,3.4500,3.0000,3.4000,21600
2004-09-17,3.4000,3.7400,3.4000,3.7400,15700
2004-09-10,3.3000,3.5000,3.3000,3.5000,2300
2004-09-03,2.7000,3.2500,2.7000,3.2500,500
2004-08-27,2.7000,2.7000,2.7000,2.7000,500
2004-08-20,3.1500,3.1500,2.7000,2.9000,8000
2004-08-13,3.1500,3.1500,3.1500,3.1500,0
2004-08-06,3.0000,3.3500,3.0000,3.1500,2000
2004-07-30,3.8000,3.8000,3.0000,3.0000,4100
2004-07-23,3.7500,4.0500,3.7500,3.8000,3900
2004-07-16,4.1000,4.1000,3.7500,3.7500,2000
2004-07-09,4.1000,4.1000,4.1000,4.1000,3100
2004-07-02,4.0000,4.1000,3.9000,4.1000,2300
2004-06-25,4.0000,4.0000,4.0000,4.0000,0
2004-06-18,4.0000,4.0000,4.0000,4.0000,0
2004-06-10,4.0000,4.0000,4.0000,4.0000,5000
2004-06-04,3.9500,4.0000,3.9500,4.0000,2000
2004-05-28,3.9500,3.9500,3.9500,3.9500,0
2004-05-21,4.0500,4.1000,3.9500,3.9500,2000
2004-05-14,4.2000,4.2000,3.5000,4.0500,24100
2004-05-07,3.9000,4.5000,3.9000,4.2000,3300
2004-04-30,3.9000,3.9000,3.9000,3.9000,0
2004-04-23,4.1000,4.1500,3.8000,3.9000,19100
2004-04-16,3.9000,4.1000,3.9000,4.1000,600
2004-04-08,3.7000,3.9000,3.6500,3.9000,11000
2004-04-02,3.8500,3.8500,3.7000,3.7000,800
2004-03-26,3.8500,3.8500,3.8500,3.8500,2300
2004-03-19,3.7500,4.2500,3.7500,3.9800,56500
2004-03-12,3.8000,4.1500,3.7000,3.7500,33700
2004-03-05,3.7500,4.2500,3.4000,4.2500,23100
2004-02-27,3.3000,3.4500,3.1000,3.2000,4000
2004-02-20,3.2000,3.4000,3.0500,3.4000,104500
2004-02-13,3.1500,3.4500,3.1500,3.3500,13000
2004-02-06,3.0000,3.1500,3.0000,3.1500,300
2004-01-30,3.0000,3.0000,3.0000,3.0000,0
2004-01-23,3.0000,3.1000,2.9000,3.0000,9200
2004-01-16,2.7500,3.0000,2.5000,3.0000,51700
2004-01-09,3.0500,3.0500,2.5700,2.7500,12000
2004-01-02,3.0500,3.0500,2.9500,3.0500,6400
2003-12-26,3.0500,3.0500,3.0500,3.0500,0
2003-12-19,4.1000,4.1000,3.0500,3.0500,13500
2003-12-12,3.9000,3.9000,3.4500,3.5500,8800
2003-12-05,3.9000,3.9000,3.9000,3.9000,0
2003-11-28,3.9000,3.9000,3.9000,3.9000,2200
2003-11-21,4.0000,4.0700,4.0000,4.0700,2300
2003-11-14,3.8500,4.0000,3.7000,4.0000,15500
2003-11-07,4.0700,4.2000,3.8500,3.8500,6200
2003-10-31,3.7000,4.0000,3.5000,4.0000,26500
2003-10-24,3.3500,3.8500,3.3500,3.7000,3900
2003-10-17,3.9200,3.9200,3.3500,3.3500,8500
2003-10-10,3.9200,3.9200,3.9200,3.9200,0
2003-10-03,3.9000,4.0000,3.9000,3.9200,19800
2003-09-26,3.6000,3.6000,3.6000,3.6000,0
2003-09-19,3.5500,3.8000,3.4000,3.6000,37800
2003-09-12,3.3000,3.9500,3.3000,3.5500,13600
2003-09-05,3.1000,3.3000,3.1000,3.3000,2500
2003-08-29,2.9000,3.0000,2.9000,3.0000,6000
2003-08-22,3.5000,3.5000,3.2000,3.2000,1500
2003-08-15,3.5000,3.5000,3.5000,3.5000,2500
2003-08-08,3.3000,3.3000,3.3000,3.3000,5400
2003-08-01,3.7000,3.7000,3.3100,3.3100,1400
2003-07-25,3.5000,3.5000,3.5000,3.5000,0
2003-07-18,3.7700,3.7700,3.5000,3.5000,9100
2003-07-11,4.1000,4.1000,3.7700,3.7700,15300
2003-07-03,3.4000,3.7500,3.4000,3.7500,1600
2003-06-27,3.5000,3.5000,3.4000,3.4000,10600
2003-06-20,3.8600,3.8600,3.5000,3.5000,11800
2003-06-13,3.6000,3.9000,3.6000,3.9000,8000
2003-06-06,3.3000,3.6100,3.3000,3.6000,36000
2003-05-30,3.2000,3.3000,3.2000,3.3000,2000
2003-05-23,3.2300,3.2300,3.2000,3.2000,4000
2003-05-16,3.3500,3.4000,3.0500,3.4000,7400
2003-05-09,3.2900,3.2900,3.2500,3.2500,8700
2003-05-02,3.1500,3.2400,3.1500,3.2200,18000
2003-04-25,3.1500,3.1500,3.1500,3.1500,0
2003-04-17,3.1500,3.1500,3.1500,3.1500,1000
2003-04-11,3.3000,3.3000,3.3000,3.3000,0
2003-04-04,3.2500,3.3000,3.2500,3.3000,300
2003-03-28,3.2500,3.2500,3.2500,3.2500,0
2003-03-21,3.1200,3.2500,3.1200,3.2500,10900
2003-03-14,3.2900,3.3000,3.1200,3.2500,14100
2003-03-07,3.4000,3.4000,3.2900,3.2900,33200
2003-02-28,3.6000,3.6000,3.1200,3.4000,27500
2003-02-21,3.9500,3.9500,3.6000,3.6000,4000
2003-02-14,4.1000,4.1000,3.9500,3.9500,2000
2003-02-07,4.1000,4.1000,4.1000,4.1000,0
2003-01-31,4.2100,4.2100,4.1000,4.1000,29000
2003-01-24,4.4700,4.4700,4.0500,4.2100,22900
2003-01-17,4.0000,4.0000,4.0000,4.0000,0
2003-01-10,4.0000,4.0500,4.0000,4.0000,54000
2003-01-03,4.0000,4.0000,4.0000,4.0000,10500
2002-12-27,3.9700,3.9700,3.9700,3.9700,0
2002-12-20,3.9500,3.9700,3.9500,3.9700,3500
2002-12-13,3.8500,3.9500,3.8500,3.9500,2700
2002-12-06,4.0000,4.0800,4.0000,4.0800,5000
2002-11-29,4.0000,4.0000,4.0000,4.0000,5300
2002-11-22,4.4500,4.4500,4.0000,4.1500,14100
2002-11-15,4.7500,4.7500,4.3500,4.4500,24500
2002-11-08,4.1600,4.7500,4.1400,4.7000,114900
2002-11-01,3.8500,4.0400,3.8500,4.0000,49400
2002-10-25,4.0000,4.0400,3.8500,3.8500,60800
2002-10-18,4.1200,4.1200,4.0000,4.0000,1000
2002-10-11,4.1300,4.3200,3.9500,4.1200,392400
2002-10-04,4.3500,4.3500,4.1000,4.1500,21800
2002-09-27,4.0600,4.3000,3.9500,3.9500,7300
2002-09-20,4.2500,4.2500,4.0600,4.0600,28400
2002-09-13,4.1400,4.2500,4.1400,4.2500,4000
2002-09-06,4.7000,4.7000,4.1400,4.1400,23400
2002-08-30,3.7200,3.7200,3.7200,3.7200,0
2002-08-23,3.7200,3.7200,3.7200,3.7200,0
2002-08-16,3.7200,3.7200,3.7200,3.7200,0
2002-08-09,3.7200,3.7200,3.7200,3.7200,0
2002-08-02,3.5300,3.7500,3.5100,3.7200,30700
2002-07-26,4.2500,4.2500,3.3200,3.5300,11000
2002-07-19,4.2500,4.2500,4.2500,4.2500,0
2002-07-12,4.2000,4.2500,4.2000,4.2500,40000
2002-07-05,4.4000,4.4000,4.4000,4.4000,0
2002-06-28,4.3000,4.4000,4.0000,4.4000,4500
2002-06-21,4.1500,4.3000,4.0000,4.3000,5700
2002-06-14,4.6000,4.6000,4.1500,4.1500,25200
2002-06-07,4.8300,4.8300,4.5000,4.5500,17200
2002-05-31,4.3500,4.5500,4.3300,4.5500,3000
2002-05-24,3.6800,4.2500,3.6800,4.0500,33600
2002-05-17,3.6500,3.6800,3.3000,3.6800,9400
2002-05-10,3.9500,3.9500,3.6500,3.6500,20300
2002-05-03,2.7500,2.7500,2.7500,2.7500,0
2002-04-26,2.7500,2.7600,2.7500,2.7500,2700
2002-04-19,2.7500,2.9700,2.6500,2.9700,3500
2002-04-12,2.9500,2.9500,2.7500,2.7500,3000
2002-04-05,2.9000,3.0000,2.9000,3.0000,7800
2002-03-28,2.7500,3.0000,2.7500,2.9000,18300
2002-03-22,3.0500,3.6000,3.0000,3.6000,30200
2002-03-15,5.0000,5.0000,3.0500,3.3100,22500
2002-03-08,2.9500,2.9500,2.9500,2.9500,0
2002-03-01,2.7500,2.9500,2.7500,2.9500,25700
2002-02-22,2.7500,2.7500,2.7500,2.7500,0
2002-02-15,2.9500,3.1500,2.7500,2.7500,29700
2002-02-08,3.2600,3.2600,2.9500,3.0500,2000
2002-02-01,3.2300,3.2600,3.2300,3.2600,7800
2002-01-25,3.2500,3.5800,3.2300,3.2300,16900
2002-01-18,3.5000,3.5000,2.8900,2.8900,1700
2002-01-11,3.5300,3.5300,3.5000,3.5000,10900
2002-01-04,3.2000,3.3600,3.0800,3.3100,45500
2001-12-28,3.4600,3.4600,3.2000,3.2000,2000
2001-12-21,3.5000,3.5600,3.4600,3.4600,11300
2001-12-14,3.4000,4.2500,3.4000,3.9600,4100
2001-12-07,3.2000,3.4000,3.2000,3.4000,7000
2001-11-30,3.2000,3.2000,3.2000,3.2000,0
2001-11-23,3.5000,3.5000,3.1300,3.2000,11400
2001-11-16,3.7000,3.7000,3.3500,3.3500,5200
2001-11-09,4.6000,4.6000,4.0500,4.1000,1600
2001-11-02,4.6000,4.6000,4.6000,4.6000,0
2001-10-26,3.4000,4.6000,3.4000,4.6000,14900
2001-10-19,3.5000,3.5000,3.2500,3.3500,5100
2001-10-12,3.1000,3.5500,3.1000,3.5000,6400
2001-10-05,2.8200,3.7000,2.8200,3.5500,45500
2001-09-28,2.9500,2.9500,2.8200,2.8200,500
2001-09-21,2.7000,2.9500,2.7000,2.9500,10000
2001-09-10,2.7000,2.7000,2.3700,2.7000,9000
2001-09-07,4.0000,4.0000,3.2500,3.2500,1200
2001-08-31,4.0000,4.0000,4.0000,4.0000,0
2001-08-24,4.0000,4.0000,3.9000,4.0000,33300
2001-08-17,5.0000,5.0000,3.6800,3.6800,15100
2001-08-10,5.4000,5.4600,5.0000,5.0000,47700
2001-08-03,6.3700,6.5100,6.1000,6.1000,26600
2001-07-27,5.2300,6.3700,4.8500,6.3700,36000
2001-07-20,6.1300,6.1300,5.2900,5.2900,37000
2001-07-13,5.8500,6.7500,5.8500,6.0000,11400
2001-07-06,7.3300,7.3300,6.0000,6.0000,12700
2001-06-29,7.3300,7.3300,7.3300,7.3300,0
2001-06-22,8.5200,8.5200,7.0000,7.3300,4500
2001-06-15,8.5200,8.5200,8.5200,8.5200,0
2001-06-08,9.5900,9.5900,8.5200,8.5200,6100
2001-06-01,9.5000,9.5000,9.2500,9.2500,2000
2001-05-25,8.4100,9.5000,8.4100,9.5000,3000
2001-05-18,8.0000,8.4100,7.7500,8.4100,26000
2001-05-11,9.0300,9.0300,8.2000,8.2000,21100
2001-05-04,6.0000,7.5800,6.0000,7.5800,40800
2001-04-27,5.8500,6.4900,5.8500,6.0000,5900
2001-04-20,5.5000,5.5000,5.5000,5.5000,0
2001-04-12,5.0200,5.5000,4.7500,5.5000,7300
2001-04-06,5.7500,5.7500,5.7500,5.7500,200
2001-03-30,5.6600,6.7500,5.6600,5.7500,12500
2001-03-23,5.5900,5.6600,5.5900,5.6600,22100
2001-03-16,6.2500,6.2500,5.5900,5.5900,5200
2001-03-09,6.9400,7.2500,6.2500,6.2500,29100
2001-03-02,7.3000,7.3300,6.9400,6.9400,33000
2001-02-23,8.6300,8.6300,8.6300,8.6300,0
2001-02-16,11.3800,11.3800,8.5000,8.6300,8300
2001-02-09,11.3800,11.3800,11.3800,11.3800,0
2001-02-02,11.3800,11.3800,11.3800,11.3800,0
2001-01-26,6.9700,11.3800,6.9700,11.3800,600
2001-01-19,6.9700,6.9700,6.9700,6.9700,0
2001-01-12,6.9700,6.9700,6.9700,6.9700,0
2001-01-05,11.7500,11.7500,6.9700,6.9700,5100
2000-12-29,11.7500,11.7500,11.7500,11.7500,0
2000-12-22,11.7500,11.7500,11.7500,11.7500,0
2000-12-15,11.7500,11.7500,11.7500,11.7500,0
2000-12-08,11.7500,11.7500,11.7500,11.7500,0
2000-12-01,11.7500,11.7500,11.7500,11.7500,0
2000-11-24,11.7500,11.7500,11.7500,11.7500,0
