timestamp,open,high,low,close,volume
2018-02-27,22.7600,22.7900,20.7500,21.5700,916461
2018-02-23,23.8500,26.2600,22.2600,23.0200,2610367
2018-02-16,21.1600,26.8900,20.2300,25.8600,4673042
2018-02-09,22.1800,22.3800,20.0750,21.2500,1472897
2018-02-02,24.7700,24.8800,22.5310,22.6400,1058989
2018-01-26,25.2000,26.3400,24.6100,25.0000,569850
2018-01-19,26.3000,26.3889,24.1600,25.0500,679220
2018-01-12,26.6400,26.9100,25.7799,26.2900,573344
2018-01-05,25.1600,26.9800,24.9000,26.5100,717540
2017-12-29,23.4300,25.1800,23.2700,24.6000,499406
2017-12-22,21.5800,24.2000,21.5300,23.3900,943859
2017-12-15,21.6300,21.9700,20.7000,21.9300,915248
2017-12-08,21.9700,22.0500,20.5800,21.4600,880749
2017-12-01,24.2800,24.3100,21.9000,22.2200,1003807
2017-11-24,25.1200,26.0800,23.8300,24.5700,1756142
2017-11-17,22.0900,23.6400,21.5100,23.4300,1662035
2017-11-10,23.1800,23.4200,21.8400,22.4900,703589
2017-11-03,23.4600,24.2600,21.9400,23.2200,2089550
2017-10-27,24.3700,28.4900,22.3300,23.7200,18499010
2017-10-20,48.0800,49.6900,46.9600,48.0700,1502787
2017-10-13,47.3100,50.5700,46.5500,47.4800,1635152
2017-10-06,42.8900,48.1100,42.7200,47.9200,1421469
2017-09-29,43.5000,43.5500,39.5300,42.4400,1782686
2017-09-22,42.7000,44.2500,42.6900,43.4100,909924
2017-09-15,43.9900,44.2500,42.4200,43.2600,534885
2017-09-08,45.5700,46.1600,42.6200,43.8100,870970
2017-09-01,44.7300,44.7300,43.4200,44.6200,786148
2017-08-25,43.6500,46.0000,43.1850,44.7000,1030063
2017-08-18,42.6900,44.0100,42.3300,43.5700,556689
2017-08-11,45.0700,46.3300,42.3600,43.2000,498942
2017-08-04,44.9200,45.9800,43.2100,45.5300,613833
2017-07-28,44.1000,44.8200,42.9600,43.8200,394971
2017-07-21,41.1400,44.9500,40.4100,43.8000,926132
2017-07-14,37.1100,41.5000,36.9000,41.2100,740438
2017-07-07,34.5800,38.0700,34.3950,38.0700,681776
2017-06-30,36.8100,36.8500,34.7700,35.7100,465172
2017-06-23,33.2500,36.9800,33.0900,36.9100,1123221
2017-06-16,33.0500,33.2600,32.3400,32.9700,307378
2017-06-09,34.7400,34.9400,32.2500,32.8600,444557
2017-06-02,33.8900,35.4900,32.9000,34.9000,794027
2017-05-26,35.1500,35.1800,33.0900,33.2500,361783
2017-05-19,35.6600,36.0500,34.0500,34.7700,633061
2017-05-12,35.3100,35.9000,34.7200,34.8000,430443
2017-05-05,35.3600,35.9800,34.7300,35.3700,229318
2017-04-28,33.9300,35.6300,33.4700,35.3300,296209
2017-04-21,32.8600,33.2400,31.8700,32.6200,251647
2017-04-13,33.1000,33.4500,32.3000,32.6800,206023
2017-04-07,34.4500,35.0300,33.1050,33.3100,428247
2017-03-31,34.5200,35.3800,34.3300,35.2200,343850
2017-03-24,35.5000,36.0400,34.2700,35.2400,365182
2017-03-17,37.2300,37.2500,34.5200,34.8800,366452
2017-03-10,37.5100,37.5100,35.6400,36.9700,585752
2017-03-03,35.1900,36.8700,35.1200,36.5300,493233
2017-02-24,36.5000,36.7600,35.1100,35.7800,331951
2017-02-17,34.2300,36.6400,33.5800,36.5450,240447
2017-02-10,33.3500,34.2500,33.1000,33.9400,212114
2017-02-03,35.0500,35.4800,33.2600,33.4200,606301
2017-01-27,34.2000,35.9000,34.1200,35.5800,235414
2017-01-20,35.6600,35.6600,33.2900,34.1500,255510
2017-01-13,35.1300,35.7500,34.2810,35.4300,473546
2017-01-06,35.1100,35.8800,34.4200,35.0700,557648
2016-12-30,35.0600,35.2100,34.2000,35.1300,212371
2016-12-23,36.3000,36.3000,34.6800,35.0800,223498
2016-12-16,36.7500,37.1900,35.8100,36.1600,224198
2016-12-09,36.3200,36.9500,35.5900,36.5400,172376
2016-12-02,36.0400,36.7400,35.5100,35.6500,442155
2016-11-25,35.9000,36.6600,34.5600,36.4500,221633
2016-11-18,36.6000,36.9400,35.9050,35.9400,338030
2016-11-11,35.0000,37.0499,34.9750,36.7900,547012
2016-11-04,34.6500,34.8400,33.5300,34.6700,384284
2016-10-28,35.5000,37.7556,34.5800,35.1800,498811
2016-10-21,35.2400,36.3800,35.2300,35.5700,225781
2016-10-14,37.7500,37.9800,35.0900,35.2700,319499
2016-10-07,36.6400,37.8500,36.2200,37.6700,286269
2016-09-30,37.8100,37.8700,36.1300,36.3300,267954
2016-09-23,35.5200,37.9500,35.4600,37.5000,421001
2016-09-16,34.4500,35.7600,34.3000,35.2000,345582
2016-09-09,35.0200,36.4350,34.7900,34.8200,439016
2016-09-02,34.5500,35.5800,34.2900,34.4700,594326
2016-08-26,33.3900,35.5100,33.3650,34.5300,714877
2016-08-19,33.9200,35.3500,33.1900,34.8000,594439
2016-08-12,33.4600,34.1300,32.8300,33.5200,345893
2016-08-05,34.7600,34.9800,33.4400,34.1200,160025
2016-07-29,35.3000,35.4800,34.1900,34.6000,218718
2016-07-22,33.6900,34.9400,33.5100,34.9000,172551
2016-07-15,33.3600,33.7600,32.9900,33.5800,206810
2016-07-08,33.1600,33.8400,31.5800,32.7500,197408
2016-07-01,27.8400,33.7200,27.4950,33.5400,776390
2016-06-24,30.4800,30.8500,27.0200,27.9600,347798
2016-06-17,30.2500,31.0100,29.1200,30.0000,805559
2016-06-10,32.8500,33.5400,31.4000,32.0000,477467
2016-06-03,33.9000,34.0400,32.9500,33.0800,218384
2016-05-27,30.4700,32.6600,30.4200,32.5400,493122
2016-05-20,29.0800,30.4700,28.4600,29.9900,872090
2016-05-13,30.8000,31.1500,28.6400,28.6800,809031
2016-05-06,33.7100,33.9100,29.8300,30.4600,746380
2016-04-29,35.4100,35.6000,33.7000,33.9700,288516
2016-04-22,35.8300,36.6150,34.8000,35.1000,431961
2016-04-15,35.7600,36.0000,34.2500,35.3500,325180
2016-04-08,34.0900,37.1050,33.4200,34.9400,393460
2016-04-01,30.8500,34.0100,30.2001,33.6900,280362
2016-03-24,30.8100,32.2050,30.3601,30.6500,209178
2016-03-18,31.5000,32.3200,29.8600,30.7400,531540
2016-03-11,27.5700,31.0100,27.2001,30.8500,1593619
2016-03-04,26.3200,26.6900,24.9400,26.1500,1191848
2016-02-26,26.4900,27.2900,25.3700,25.7000,478594
2016-02-19,24.2400,26.2100,23.7200,25.6100,344309
2016-02-12,23.4400,23.7400,22.5475,23.3200,664757
2016-02-05,26.3000,26.6600,24.2300,24.2600,638265
2016-01-29,26.8600,28.3500,25.2500,25.9900,694326
2016-01-22,26.1500,26.6900,24.2300,26.2900,740068
2016-01-15,32.4200,32.4200,25.9700,27.0000,866161
2016-01-08,36.0500,36.0500,32.7400,33.0800,591038
2015-12-31,35.5200,36.6700,35.1000,36.3100,309869
2015-12-24,35.3200,35.4050,34.2500,34.7900,199640
2015-12-18,32.9200,35.7700,32.7950,34.4500,1279491
2015-12-11,35.1300,35.1400,32.2600,32.7500,578413
2015-12-04,35.3100,36.7100,34.3600,35.2500,693824
2015-11-27,33.9300,35.5100,33.9200,34.8600,391721
2015-11-20,34.4500,37.2200,33.4200,34.7200,535618
2015-11-13,36.5700,37.3000,34.2000,34.8200,887688
2015-11-06,34.8400,36.9900,34.6700,36.7800,1365365
2015-10-30,33.5200,35.5100,33.4500,34.6700,1092378
2015-10-23,33.5200,34.0300,32.2100,33.5300,717199
2015-10-16,35.0700,35.0700,33.0400,33.5400,717611
2015-10-09,39.8400,39.8400,33.8300,34.8200,2096054
2015-10-02,39.2800,39.3900,34.0400,36.7900,1194381
2015-09-25,41.8900,43.2300,38.7750,39.3500,723387
2015-09-18,36.2000,42.2550,36.0950,41.4300,759074
2015-09-11,37.0000,38.2700,35.8500,37.2100,435509
2015-09-04,40.7700,41.6250,36.3900,36.4100,829496
2015-08-28,34.7100,41.9800,34.2486,41.2600,809166
2015-08-21,40.1100,44.6300,38.4000,38.5500,662593
2015-08-14,39.4900,41.7500,38.8800,40.1400,550343
2015-08-07,44.5000,44.7590,38.0100,39.6200,840203
2015-07-31,41.9600,43.9599,41.5000,43.5900,710508
2015-07-24,43.2800,43.3700,41.0381,42.5400,941773
2015-07-17,36.2100,42.6300,35.0800,41.9400,4642473
2015-07-10,29.7600,35.3600,29.5400,35.3600,888977
2015-07-02,28.6100,32.4900,28.4901,30.5100,854317
2015-06-26,26.9100,29.7300,26.9100,29.3800,703898
2015-06-19,26.7800,27.9600,26.2350,26.5100,1119052
2015-06-12,24.5400,27.7100,24.4200,27.2700,964680
2015-06-05,23.7800,25.6200,23.0500,23.7500,437329
2015-05-29,24.9100,24.9100,23.4000,23.5400,154727
2015-05-22,25.2800,25.6600,24.6299,24.6600,736152
2015-05-15,25.0400,26.0600,25.0000,25.5200,177410
2015-05-08,26.9000,27.2900,25.1400,25.2100,404613
2015-05-01,26.1500,26.3100,24.9500,25.2600,318044
2015-04-24,25.2400,26.3400,24.8730,26.2900,280152
2015-04-17,26.0100,26.0300,24.8100,25.0200,1415966
2015-04-10,24.6800,27.9900,23.9000,26.5800,1211978
2015-04-02,22.8600,24.9100,22.7400,24.6900,674173
2015-03-27,23.5400,23.7900,21.4800,23.1200,1346899
2015-03-20,21.0000,24.0700,20.7100,23.8200,1803949
2015-03-13,20.9600,21.4000,20.2601,20.6200,1332224
2015-03-06,21.9700,22.1100,20.7400,20.8400,499984
2015-02-27,23.1400,23.9600,21.5800,21.6700,1151309
2015-02-20,22.8300,23.4400,22.6501,23.3400,196375
2015-02-13,21.8400,23.1800,21.7600,22.1500,300475
2015-02-06,23.4600,26.0000,21.5000,21.8600,1021150
2015-01-30,25.3500,26.2100,24.0000,24.2900,304478
2015-01-23,26.9400,26.9400,24.8900,25.4300,407246
2015-01-16,27.4300,27.5100,26.3711,26.8100,295209
2015-01-09,27.6800,27.8900,25.6000,27.1200,124338
2015-01-02,26.7500,28.4000,26.3690,28.2000,211231
2014-12-26,27.3100,27.4450,26.1300,27.1100,170501
2014-12-19,26.7500,27.2700,25.5200,27.1800,326361
2014-12-12,26.0000,27.5900,25.1600,27.0200,413142
2014-12-05,25.3900,27.0400,25.2070,25.9900,242292
2014-11-28,25.3200,25.8000,24.9700,25.5700,129621
2014-11-21,24.0500,25.9800,24.0200,25.4300,248731
2014-11-14,23.7300,25.3400,23.2900,24.1700,230601
2014-11-07,25.6300,25.6300,23.2000,23.7400,379639
2014-10-31,25.0500,26.7700,24.0100,25.2600,1085267
