timestamp,open,high,low,close,volume
2018-02-27,14.4000,14.4000,14.4000,14.4000,35
2018-02-23,14.5000,14.5000,14.4000,14.4000,1130
2018-02-16,14.2500,14.2500,14.2500,14.2500,318
2018-02-09,14.9500,14.9500,14.2500,14.2500,883
2018-02-02,15.5000,15.5000,15.1275,15.1275,424
2018-01-26,15.5000,15.5000,15.5000,15.5000,118
2018-01-19,15.5000,15.5000,15.5000,15.5000,651
2018-01-12,14.9000,15.5000,14.5500,15.5000,16231
2018-01-05,15.2200,15.2220,15.2200,15.2220,1
2017-12-29,13.7500,15.2220,13.7500,15.2220,2710
2017-12-22,14.1500,14.1500,13.7000,13.7500,4258
2017-12-15,15.6500,15.6500,13.9000,14.1500,4358
2017-12-08,13.9000,15.6500,13.8500,15.6500,62
2017-12-01,15.4500,15.4500,13.8500,13.8500,1205
2017-11-24,15.6000,15.9100,15.4500,15.4500,1259
2017-11-17,15.9100,16.7000,15.0000,16.2000,73
2017-11-10,15.9100,15.9100,15.9100,15.9100,205
2017-11-03,13.3500,15.7600,13.3500,15.7600,2395
2017-10-27,14.0000,14.7000,13.3500,13.3500,713
2017-10-20,13.9000,14.0000,13.5000,14.0000,1114
2017-10-13,13.8500,14.1000,13.7000,13.9000,3616
2017-10-06,14.5000,14.9500,14.5000,14.9500,1705
2017-09-29,13.4000,15.9000,13.4000,15.0000,1819
2017-09-22,14.3500,14.3500,13.4000,13.4000,400
2017-09-15,13.5000,13.5500,13.5000,13.5500,338
2017-09-08,13.9600,13.9600,13.5000,13.5000,311
2017-09-01,13.9600,13.9600,13.9550,13.9600,75
2017-08-25,14.0000,14.0500,13.8500,13.9600,1404
2017-08-18,14.0500,14.0500,14.0000,14.0000,38
2017-08-11,14.0500,14.0500,14.0500,14.0500,355
2017-08-04,14.0500,14.0500,14.0500,14.0500,20
2017-07-28,14.5000,14.5000,14.0500,14.0500,300
2017-07-21,14.5000,14.5500,14.5000,14.5500,144
2017-07-14,14.5000,14.5000,14.5000,14.5000,20
2017-07-07,14.5000,14.5000,14.5000,14.5000,16
2017-06-30,14.5000,14.5000,14.5000,14.5000,200
2017-06-23,14.5000,14.5000,14.5000,14.5000,62
2017-06-16,14.5000,14.5000,14.5000,14.5000,282
2017-06-09,14.3000,14.5000,14.3000,14.5000,1115
2017-06-02,15.7000,15.7000,14.6000,14.6000,512
2017-05-26,15.7000,15.7000,15.7000,15.7000,0
2017-05-19,15.8500,15.8500,15.3100,15.7000,174
2017-05-12,15.8500,15.8500,15.8500,15.8500,77
2017-05-05,16.0000,16.0000,15.8500,15.8500,51
2017-04-28,16.2500,16.2500,16.0000,16.0000,127
2017-04-21,15.6800,16.2500,15.6800,16.2500,141
2017-04-13,15.6800,15.6800,15.6800,15.6800,50
2017-04-07,16.0000,16.6500,15.6800,15.6800,43
2017-03-31,15.3500,16.0000,15.3500,16.0000,785
2017-03-24,17.0000,17.0000,15.3000,15.3500,462
2017-03-17,16.1300,17.0000,16.1300,17.0000,3370
2017-03-10,16.1300,16.1300,16.1300,16.1300,367
2017-03-03,16.1000,16.1300,15.7500,16.1300,20
2017-02-24,17.9500,17.9500,16.1000,16.1000,9
2017-02-17,15.7500,17.9500,15.7500,17.9500,405
2017-02-10,16.2000,16.9500,15.7500,15.7500,62
2017-02-03,16.7500,16.7500,15.8000,16.2000,1927
2017-01-27,17.0000,20.0000,15.8100,15.8100,399
2017-01-20,17.0000,17.0000,16.2500,17.0000,482
2017-01-13,18.4000,18.4000,16.0000,16.0000,209
2017-01-06,17.2000,18.4000,16.6000,18.4000,1384
2016-12-30,16.7500,16.7500,15.8000,15.9000,2131
2016-12-23,18.5000,19.8500,16.1000,16.7500,448
2016-12-16,15.7000,18.5000,15.6500,18.5000,1335
2016-12-09,20.5500,20.5500,15.3000,16.7000,484
2016-12-02,20.5500,20.5500,20.5500,20.5500,204
2016-11-25,17.9000,20.5500,17.9000,20.5500,260
2016-11-18,17.9000,17.9000,17.9000,17.9000,17
2016-11-11,18.0000,18.0000,17.9000,17.9000,418
2016-11-04,18.0000,18.0000,18.0000,18.0000,0
2016-10-28,18.0000,18.0000,18.0000,18.0000,435
2016-10-21,17.6700,19.3700,17.6700,18.4900,775
2016-10-14,19.4000,19.4000,17.0800,17.0800,64
2016-10-07,17.6700,19.4000,17.6700,19.4000,200
2016-09-30,18.5000,20.0000,18.5000,18.5900,565
2016-09-23,17.5100,19.5400,17.5100,18.7900,355
2016-09-16,22.0100,22.7500,18.3000,18.3000,11355
2016-09-09,17.1500,22.8800,16.3600,22.8800,4755
2016-09-02,14.8800,17.4500,14.8800,17.4500,937
2016-08-26,14.8800,14.8800,14.8800,14.8800,266
2016-08-19,16.4300,16.4300,14.8800,14.8800,377
2016-08-12,15.1000,15.1000,15.1000,15.1000,48
2016-08-05,15.0010,15.3000,15.0010,15.1000,1982
2016-07-29,15.4900,15.5900,15.0010,15.0010,3045
2016-07-22,15.5000,15.9000,15.0900,15.5000,21562
2016-07-15,15.6400,15.8500,15.5500,15.7800,1959
2016-07-08,15.7600,15.9525,15.4499,15.6000,6712
2016-07-01,15.3999,15.9900,15.2400,15.7600,22569
2016-06-24,15.4499,15.8800,15.2900,15.7700,5710
2016-06-17,15.0001,15.0400,15.0000,15.0000,1105
2016-06-10,14.3101,15.0000,14.3101,15.0000,1901
2016-06-03,14.0000,14.4200,14.0000,14.3101,1491
2016-05-27,14.0000,14.0000,14.0000,14.0000,0
2016-05-20,13.8400,14.2000,13.8400,14.0000,2886
2016-05-13,12.9300,13.6000,12.9300,13.0800,834
2016-05-06,14.1000,14.1000,12.9300,12.9300,1573
2016-04-29,14.5001,14.5001,14.0400,14.1000,595
2016-04-22,12.8500,14.5001,12.6700,14.5001,9203
2016-04-15,12.8500,16.4000,12.8500,12.8500,207
2016-04-08,13.0899,13.4000,12.5560,12.9800,1204
2016-04-01,13.5141,13.5141,12.7200,12.7200,1161
2016-03-24,13.9800,13.9800,13.5100,13.5141,1274
2016-03-18,13.9800,13.9800,13.9800,13.9800,0
2016-03-11,14.0900,14.0900,13.9800,13.9800,213
2016-03-04,14.2500,14.4400,14.0900,14.0900,1196
2016-02-26,14.4100,14.4100,14.2500,14.2500,200
2016-02-19,13.6400,14.4500,13.5800,14.4100,324
2016-02-12,13.6400,13.6400,13.6400,13.6400,6
2016-02-05,15.0000,15.0000,13.6400,13.6400,351
2016-01-29,15.5000,15.5000,15.3600,15.4700,515
2016-01-22,15.5000,15.5000,15.5000,15.5000,0
2016-01-15,15.6272,15.6272,15.5000,15.5000,1375
2016-01-08,16.5200,16.5200,15.6272,15.6272,890
2015-12-31,16.7501,16.7501,16.5000,16.5200,781
2015-12-24,16.0000,17.6500,16.0000,16.7501,514
2015-12-18,17.8000,17.8000,16.0000,16.0000,663
2015-12-11,17.7000,17.8500,17.7000,17.8000,1172
2015-12-04,18.1710,18.1710,17.6900,17.7000,1200
2015-11-27,18.1710,18.1710,18.1710,18.1710,0
2015-11-20,20.3200,20.4000,18.1710,18.1710,11
2015-11-13,20.7000,20.7000,18.6025,18.6025,52
2015-11-06,18.7200,20.7000,18.7200,20.7000,0
2015-10-30,18.7200,18.7200,18.7200,18.7200,156
2015-10-23,18.7200,18.7200,18.7200,18.7200,97
2015-10-16,18.7200,18.7200,18.7200,18.7200,0
2015-10-09,18.5400,18.7200,18.5400,18.7200,139
2015-10-02,21.3825,21.3825,18.5400,18.5400,667
2015-09-25,18.7400,21.3825,18.7400,21.3825,0
2015-09-18,18.7400,18.7400,18.7400,18.7400,0
2015-09-11,18.7400,18.7400,18.7400,18.7400,96
2015-09-04,21.3825,21.3825,18.7400,18.7400,0
2015-08-28,21.3825,21.3825,21.3825,21.3825,95
2015-08-21,21.3825,21.3825,21.3825,21.3825,93
2015-08-14,21.3825,21.3825,21.3825,21.3825,4
2015-08-07,21.3825,21.3825,21.3825,21.3825,140
2015-07-31,21.5000,21.5000,21.5000,21.5000,0
2015-07-24,21.5000,21.5000,21.5000,21.5000,0
2015-07-17,21.5000,21.5000,21.5000,21.5000,135
2015-07-10,20.1300,21.5000,20.1300,21.5000,239
2015-07-02,20.1300,20.1300,20.1300,20.1300,0
2015-06-26,20.8700,20.8700,19.0800,20.1300,92
2015-06-19,19.7600,19.7600,19.7600,19.7600,11
2015-06-12,19.7600,19.7600,19.7600,19.7600,5
2015-06-05,19.7600,19.7600,19.0200,19.7600,46
2015-05-29,19.8600,20.7600,19.7600,19.7600,201
2015-05-22,20.1500,20.6600,19.8600,19.8600,403
2015-05-15,19.7400,20.8800,19.7400,20.1500,280
2015-05-08,19.7400,19.7400,19.7400,19.7400,0
2015-05-01,18.6800,20.9000,18.1900,19.7400,6986
2015-04-24,18.9200,20.9500,18.0000,18.6800,1571
2015-04-17,18.0000,19.2500,18.0000,18.1500,2197
2015-04-10,18.4400,18.4400,18.0000,18.0000,1014
2015-04-02,20.0750,20.0750,18.9500,18.9999,2315
2015-03-27,22.0500,22.0500,19.3000,19.3000,1157
2015-03-20,27.0000,27.0000,20.9500,20.9500,3085
2015-03-13,27.0000,27.0000,19.6000,21.3800,122
2015-03-06,27.0000,27.0000,27.0000,27.0000,1
2015-02-27,27.0000,27.0000,27.0000,27.0000,2
2015-02-20,29.4000,29.4000,27.0000,27.0000,5
2015-02-13,26.8200,27.9200,25.8600,27.0000,554
2015-02-06,22.5000,26.8200,22.5000,26.8200,220
2015-01-30,22.0000,22.5000,22.0000,22.5000,100
2015-01-23,22.0000,22.0000,22.0000,22.0000,0
2015-01-16,21.5000,22.0000,21.5000,22.0000,100
2015-01-09,21.5000,21.5000,21.5000,21.5000,1
2015-01-02,21.5000,21.5000,21.5000,21.5000,3
2014-12-26,21.5000,21.5200,21.5000,21.5000,1356
2014-12-19,21.5500,21.7000,21.3000,21.4500,801
2014-12-12,22.9340,22.9340,21.5500,21.5500,0
2014-12-05,22.9340,22.9340,22.9340,22.9340,0
2014-11-28,22.9340,22.9340,22.9340,22.9340,0
2014-11-21,22.9340,22.9340,22.9340,22.9340,6
2014-11-14,23.0500,23.0500,22.9340,22.9340,9
2014-11-07,23.0500,23.0500,23.0500,23.0500,0
2014-10-31,23.0500,23.0500,23.0500,23.0500,0
2014-10-24,23.0500,23.0500,23.0500,23.0500,9
2014-10-17,23.0500,23.0500,23.0500,23.0500,50
2014-10-10,23.0500,23.0500,23.0500,23.0500,0
2014-10-03,24.0000,24.0000,23.0500,23.0500,1092
2014-09-26,24.0001,24.5200,24.0000,24.0000,1411
2014-09-19,24.8000,24.8000,24.0001,24.0001,687
2014-09-12,24.0100,24.8000,24.0100,24.8000,200
2014-09-05,24.0100,24.0100,24.0100,24.0100,0
2014-08-29,24.0000,24.8000,23.8400,24.0100,975
2014-08-22,22.6200,24.5000,21.7200,24.0000,4277
2014-08-15,21.9700,25.1000,21.9700,25.1000,33
2014-08-08,22.4600,22.4600,21.0000,21.9700,832
2014-08-01,24.3490,24.3490,21.1900,22.1000,1649
2014-07-25,24.0001,24.9000,24.0000,24.2500,3463
2014-07-18,22.4100,24.7500,21.3800,24.7500,4617
2014-07-11,21.5800,21.8291,21.0699,21.6500,3658
2014-07-03,21.0300,23.0000,21.0300,21.4100,1787
2014-06-27,25.5000,25.5000,20.6500,22.3500,10612
2014-06-20,21.0001,26.1700,18.2600,26.1700,26338
2014-06-13,21.0600,22.1000,20.1200,20.7700,11454
2014-06-06,23.0200,23.0200,21.4500,21.4500,291
2014-05-30,24.5001,26.0000,23.0200,23.0200,869
2014-05-23,22.2400,24.0000,21.7501,24.0000,2298
2014-05-16,25.5200,25.5500,24.3500,25.0600,502
2014-05-09,25.0401,25.0401,24.7500,24.7500,191
2014-05-02,25.3000,25.3000,24.5000,25.0401,402
2014-04-25,24.7500,25.5000,23.0000,25.0400,2871
2014-04-17,25.7500,25.7500,25.4500,25.4500,1463
2014-04-11,26.2200,27.7500,25.0000,25.4500,2226
2014-04-04,27.1800,27.1800,24.8200,26.3000,1817
2014-03-28,25.7500,26.0400,25.5600,25.5600,1536
2014-03-21,26.0000,26.6900,25.3300,25.3300,663
2014-03-14,24.0300,26.0000,23.8900,26.0000,1107
2014-03-07,25.4900,26.0100,24.0300,24.0300,7474
2014-02-28,21.1400,24.2500,21.1400,24.2500,2360
2014-02-21,23.0100,23.6900,22.3100,23.1410,1342
2014-02-14,24.0000,24.9900,24.0000,24.0000,114
2014-02-07,24.5200,24.8300,23.9700,24.0000,1240
2014-01-31,22.9000,24.8300,22.9000,24.8300,1035
2014-01-24,22.9000,24.8300,22.9000,24.8300,219
2014-01-17,23.0500,25.0500,23.0500,24.8300,1457
2014-01-10,23.1200,23.1200,23.0500,23.0500,407
2014-01-03,26.0000,26.0000,23.1200,23.1200,557
2013-12-27,24.4900,26.0000,24.4900,26.0000,600
2013-12-20,23.8100,24.3100,23.4500,23.4500,2992
2013-12-13,23.0000,23.9900,23.0000,23.7500,3176
2013-12-06,20.8100,22.5000,20.8100,22.5000,4463
2013-11-29,22.3700,22.3700,20.5000,20.9300,4021
2013-11-22,22.2500,22.2500,21.2101,22.2300,2011
2013-11-15,21.0000,22.8500,21.0000,22.7000,702
2013-11-08,21.7700,22.4999,21.0000,22.4999,1950
2013-11-01,20.2300,21.2100,19.2100,21.2100,1179
2013-10-25,22.0700,22.0700,20.0000,20.2500,10868
2013-10-18,19.7601,23.0900,19.7601,22.0000,1764
2013-10-11,21.2200,23.2400,21.2200,22.9100,2701
2013-10-04,19.4900,19.9800,18.5600,18.5600,640
2013-09-27,18.4300,19.2900,18.4300,19.1400,4651
2013-09-20,19.5000,19.5000,18.1200,18.1200,883
2013-09-13,18.6400,19.7600,18.1510,19.5000,1976
2013-09-06,19.9000,19.9000,18.6800,18.6800,705
2013-08-30,18.8000,19.8900,18.1210,19.8900,2472
2013-08-23,19.0400,19.0800,18.1800,18.8000,701
2013-08-16,18.5500,19.1000,18.1200,19.1000,1679
2013-08-09,19.0000,19.2900,18.0000,18.5000,2575
2013-08-02,23.0000,24.0300,18.0500,19.2000,9224
2013-07-26,21.9600,23.2500,19.5600,22.9700,3280
2013-07-19,21.3700,21.8500,21.3700,21.8500,6
2013-07-12,21.2000,21.3700,21.1700,21.3700,415
2013-07-05,21.1100,21.2200,20.9800,21.1800,217
2013-06-28,19.6200,21.3600,19.0000,21.1100,2690
2013-06-21,20.7000,20.8800,19.0000,19.9000,8467
2013-06-14,19.7700,21.7800,19.7700,19.9900,1772
2013-06-07,20.0100,20.5000,19.1600,19.1600,4128
2013-05-31,20.0000,20.2900,19.8000,20.0100,5308
2013-05-24,22.0000,22.3600,19.8401,19.9900,2764
2013-05-17,20.5000,22.0000,19.8300,22.0000,3941
2013-05-10,23.5000,27.8500,20.1300,20.1300,10342
2013-05-03,25.7700,25.7700,23.0000,23.7700,6197
2013-04-26,20.2500,26.9900,20.2500,26.0001,4950
2013-04-19,20.6600,23.0500,19.0000,19.1500,8764
2013-04-12,22.0000,22.0000,20.1800,20.7533,8121
2013-04-05,23.0000,23.0300,21.8000,21.8000,9850
2013-03-28,23.5050,23.5050,22.4000,23.0000,7575
2013-03-22,23.1600,28.2000,20.6100,23.5500,17738
2013-03-15,20.0000,23.1600,20.0000,23.1600,3093
2013-03-08,20.0000,20.0000,20.0000,20.0000,0
2013-03-01,18.7600,20.1800,18.7600,20.0000,1851
2013-02-22,19.3700,19.3700,18.7300,18.7600,618
2013-02-15,19.1700,19.1700,19.0000,19.0000,257
2013-02-08,18.8600,19.1700,18.7800,19.1700,585
2013-02-01,18.7500,18.8600,18.7500,18.8600,144
2013-01-25,18.7500,18.7500,18.7500,18.7500,100
2013-01-18,19.2400,19.3000,18.5600,18.8800,400
2013-01-11,19.1300,19.4600,17.9201,19.2400,2652
2013-01-04,18.0000,18.7300,18.0000,18.7000,400
2012-12-28,18.9800,18.9800,17.5900,18.0000,1318
2012-12-21,18.9600,18.9600,18.0400,18.9600,627
2012-12-14,19.3300,19.3300,19.0300,19.0300,1310
2012-12-07,19.2400,19.3500,19.2400,19.3500,1258
2012-11-30,19.0000,19.4900,19.0000,19.0065,1930
2012-11-23,19.2600,19.7000,19.2000,19.7000,1166
2012-11-16,17.5004,23.0000,17.5004,20.9000,4536
2012-11-09,17.6800,18.5500,17.4600,17.5004,1336
2012-11-02,18.4400,18.4400,18.4000,18.4000,200
2012-10-26,17.5600,18.5800,17.5600,18.4400,1100
2012-10-19,18.6600,18.6600,16.5100,18.5600,3137
2012-10-12,17.5200,18.8900,17.5200,18.6600,338
2012-10-05,17.9900,17.9900,17.5200,17.5200,235
2012-09-28,16.0400,18.2200,16.0400,17.9900,1403
2012-09-21,17.7500,17.7500,17.7500,17.7500,0
2012-09-14,17.7500,17.7500,17.7500,17.7500,0
2012-09-07,18.0000,18.0000,17.7500,17.7500,300
2012-08-31,18.0000,18.0000,18.0000,18.0000,0
2012-08-24,16.9000,18.0000,16.3500,18.0000,2157
2012-08-17,17.0000,17.0000,16.2900,16.9000,2870
2012-08-10,17.0000,17.0000,17.0000,17.0000,0
2012-08-03,17.0000,17.0000,17.0000,17.0000,0
2012-07-27,16.1500,17.0000,16.1500,17.0000,200
2012-07-20,16.1500,16.1500,16.1500,16.1500,0
2012-07-13,18.0000,18.0000,16.1000,16.1500,409
2012-07-06,18.0000,18.0000,18.0000,18.0000,0
2012-06-29,18.0000,18.1000,18.0000,18.1000,0
2012-06-22,18.0000,18.0000,18.0000,18.0000,0
2012-06-15,18.0000,18.0000,18.0000,18.0000,0
2012-06-08,18.0000,18.0000,18.0000,18.0000,0
2012-06-01,16.8500,18.0000,16.8500,18.0000,814
2012-05-25,16.8500,16.8500,16.8500,16.8500,0
2012-05-18,16.9100,16.9100,16.8500,16.8500,108
2012-05-11,16.9100,16.9100,16.9100,16.9100,5
2012-05-04,18.0000,18.0000,16.9100,16.9100,1191
2012-04-27,18.0000,18.0000,18.0000,18.0000,0
2012-04-20,18.0000,18.0000,18.0000,18.0000,0
2012-04-13,18.0000,18.0000,18.0000,18.0000,0
2012-04-05,18.0000,18.0000,17.2900,18.0000,300
2012-03-30,17.3700,17.8900,17.3700,17.8900,500
2012-03-23,17.3900,17.4200,17.3700,17.3700,809
2012-03-16,16.7800,17.5000,16.7800,17.5000,296
2012-03-09,15.1900,16.7800,15.1900,16.7800,1000
2012-03-02,15.1800,16.9000,15.1800,15.1900,3525
2012-02-24,16.5000,16.5000,14.7400,15.1800,1600
2012-02-17,17.0500,17.0500,16.0400,16.3800,2564
2012-02-10,17.2400,17.2400,17.0500,17.0500,105
2012-02-03,17.2400,17.2400,17.2400,17.2400,0
2012-01-27,16.2600,17.2400,16.2600,17.2400,200
2012-01-20,16.2600,16.2600,16.2600,16.2600,0
2012-01-13,16.4290,16.4290,16.2600,16.2600,200
2012-01-06,16.4290,16.4290,16.4290,16.4290,0
2011-12-30,16.5100,16.6200,16.1000,16.4290,1660
2011-12-23,15.8400,17.0000,15.8400,16.9101,3700
2011-12-16,15.8400,15.8400,15.8400,15.8400,0
2011-12-09,16.2100,16.2100,15.8400,15.8400,295
2011-12-02,16.2100,16.2100,16.2100,16.2100,0
2011-11-25,16.0100,16.2100,16.0100,16.2100,199
2011-11-18,17.1800,17.2000,16.0100,16.0100,912
2011-11-11,16.0000,16.0000,16.0000,16.0000,365
2011-11-04,16.7000,16.7200,16.7000,16.7200,399
2011-10-28,15.0200,15.0200,15.0200,15.0200,0
2011-10-21,14.9700,15.0940,14.9700,15.0200,599
2011-10-14,14.9700,14.9700,14.9700,14.9700,0
2011-10-07,15.0000,15.4000,14.9700,14.9700,523
2011-09-30,17.8600,17.8600,14.9000,15.0000,4223
2011-09-23,16.1600,16.1600,14.6200,15.2000,300
2011-09-16,16.0000,16.2300,16.0000,16.1600,500
2011-09-09,15.6500,16.0000,15.6500,16.0000,100
2011-09-02,18.0800,18.0800,15.6500,15.6500,400
2011-08-26,17.7400,18.0800,17.0800,18.0800,1000
2011-08-19,20.0000,20.0000,18.4200,20.0000,4
2011-08-12,20.0000,20.0000,19.7300,20.0000,366
2011-08-05,18.3100,21.4900,18.3100,20.0000,1646
2011-07-29,23.7300,23.7300,20.5400,21.5000,929
2011-07-22,21.0200,23.3000,20.2700,23.3000,2008
2011-07-15,19.9800,20.4300,18.9200,20.2100,4840
2011-07-08,19.8900,19.8900,17.4000,17.4000,400
2011-07-01,16.3100,19.5100,16.3100,17.5000,16955
2011-06-24,16.7600,16.8100,15.3900,16.2500,1769
2011-06-17,16.2500,16.2501,15.0185,16.2500,3630
2011-06-10,16.1200,16.1800,16.0000,16.0000,400
2011-06-03,16.9500,17.0000,16.1200,16.1200,947
2011-05-27,17.4400,18.0900,16.2700,16.9500,1207
2011-05-20,16.9500,17.4400,13.9100,17.4300,2207
2011-05-13,16.4000,17.0000,16.4000,16.9500,500
2011-05-06,15.3500,16.6500,15.3500,16.4000,1400
2011-04-29,16.4700,16.6400,15.4100,15.4100,1100
2011-04-21,16.7500,16.7500,16.7500,16.7500,0
2011-04-15,16.7500,16.7500,16.7500,16.7500,0
2011-04-08,16.7500,16.7500,16.7500,16.7500,0
2011-04-01,17.0000,17.0000,16.5000,16.7500,2200
2011-03-25,18.5000,18.5000,16.9900,17.0000,1553
2011-03-18,18.5000,18.5000,18.5000,18.5000,0
2011-03-11,18.5000,18.5000,18.5000,18.5000,100
2011-03-04,18.5000,18.5000,18.5000,18.5000,0
2011-02-25,18.7500,18.7500,18.5000,18.5000,100
2011-02-18,18.7500,18.7500,18.6900,18.7500,300
2011-02-11,17.8400,18.7500,17.5000,18.7500,1200
2011-02-04,18.6900,18.6900,16.8000,16.8000,600
2011-01-28,16.3000,18.7500,16.2500,18.6900,2055
2011-01-21,15.3400,16.3800,15.2100,16.3600,1602
2011-01-14,17.6000,17.6000,17.6000,17.6000,0
2011-01-07,17.6000,17.6000,17.6000,17.6000,0
2010-12-31,17.6000,17.6000,17.6000,17.6000,0
2010-12-23,18.7500,18.7500,17.6000,17.6000,151
2010-12-17,17.4000,18.7500,17.4000,18.7500,1528
2010-12-10,17.2600,17.4000,17.1600,17.4000,1723
2010-12-03,17.2600,17.2600,17.2600,17.2600,0
2010-11-26,17.2600,17.2600,17.2600,17.2600,0
2010-11-19,16.9200,17.2700,15.8900,17.2600,1700
2010-11-12,16.7100,16.7100,16.7100,16.7100,383
2010-11-05,16.7500,16.7500,16.7500,16.7500,0
2010-10-29,16.7500,16.7500,16.7500,16.7500,283
2010-10-22,16.3000,17.0000,16.1900,16.7500,1405
2010-10-15,16.4900,16.4900,16.2900,16.3000,600
2010-10-08,17.0000,17.0000,16.3000,17.0000,832
2010-10-01,17.2000,17.2300,16.9900,17.0000,6748
2010-09-24,18.3000,18.3000,17.1800,17.1800,1177
2010-09-17,17.0500,17.3000,16.0100,16.0100,2600
2010-09-10,16.8199,17.2600,16.8199,17.2600,100
2010-09-03,15.5000,16.8199,15.5000,16.8199,100
2010-08-27,15.5000,15.5000,15.5000,15.5000,0
2010-08-20,17.4800,17.4800,15.3700,15.5000,2278
2010-08-13,17.4800,17.4800,17.4800,17.4800,1878
2010-08-06,17.1699,17.1699,17.0300,17.0300,2178
2010-07-30,14.5900,17.0000,14.5900,17.0000,4422
2010-07-23,17.0000,17.0000,17.0000,17.0000,0
2010-07-16,17.0000,17.0000,17.0000,17.0000,0
2010-07-09,17.0000,17.0000,17.0000,17.0000,0
2010-07-02,17.7550,17.7550,15.9300,17.0000,2345
2010-06-25,17.2600,17.7550,16.1300,17.7550,2300
2010-06-18,16.7500,17.2600,15.8400,17.2600,1700
2010-06-11,16.7500,16.7500,16.7500,16.7500,0
2010-06-04,16.7500,16.7500,16.7500,16.7500,0
2010-05-28,17.2300,17.4800,16.1800,16.7500,1800
2010-05-21,17.9200,17.9200,17.9200,17.9200,877
2010-05-14,17.4800,18.0000,17.4200,17.9200,1254
2010-05-07,17.5100,17.8100,16.2600,17.6200,1941
2010-04-30,18.0000,18.0000,17.5700,17.5700,200
2010-04-23,18.0000,18.0000,18.0000,18.0000,100
2010-04-16,16.4700,19.0000,16.4700,18.0000,3380
2010-04-09,17.6900,19.1600,17.6900,18.5400,3672
2010-04-01,17.7200,17.7200,17.7200,17.7200,250
2010-03-26,19.0000,19.0000,16.4700,17.7200,750
2010-03-19,16.4700,19.1900,16.4700,19.0000,2846
2010-03-12,17.1400,18.4600,17.1400,17.1700,5948
2010-03-05,16.7500,16.7500,16.7500,16.7500,0
2010-02-26,16.5300,16.8600,16.3100,16.7500,1990
2010-02-19,17.8500,17.8750,16.5300,16.5300,901
2010-02-12,17.2050,17.2200,16.0500,17.2200,1689
2010-02-05,16.1200,17.2100,16.0300,17.2100,409
2010-01-29,17.2900,17.7200,17.2200,17.2200,600
2010-01-22,16.1750,17.4000,16.1400,17.4000,13432
2010-01-15,17.0000,17.6800,17.0000,17.6800,3000
2010-01-08,16.8000,17.0000,16.8000,17.0000,3900
2009-12-31,17.1000,17.8700,16.8000,16.8000,1363
2009-12-24,15.8700,17.7400,15.8700,17.1000,762
2009-12-18,16.7500,16.7500,16.1000,16.1200,2737
2009-12-11,17.5900,17.5900,16.7450,16.7500,12800
2009-12-04,16.2500,17.3500,16.0900,16.1600,6276
2009-11-27,16.7800,16.7800,16.7800,16.7800,100
2009-11-20,17.5000,18.8900,16.3600,16.5300,2992
2009-11-13,19.8000,19.8000,16.5000,17.5000,4975
2009-11-06,17.5100,22.0000,17.5100,19.8000,889
2009-10-30,17.5300,17.7500,17.4800,17.5100,6481
2009-10-23,17.5300,17.5300,17.5300,17.5300,200
2009-10-16,16.5000,17.5700,16.5000,17.5700,1464
2009-10-09,15.7700,18.0600,15.7700,16.5000,6225
2009-10-02,17.5000,17.6400,15.4300,16.1100,3253
2009-09-25,16.1600,17.5000,15.5300,17.5000,1438
2009-09-18,16.1600,16.1600,16.1600,16.1600,0
2009-09-11,16.1600,16.1600,16.1600,16.1600,0
2009-09-04,16.1500,16.1600,15.5000,16.1600,5998
2009-08-28,14.5200,17.6800,14.5200,16.1800,10418
2009-08-21,13.5500,15.0600,12.7500,15.0500,6009
2009-08-14,13.9500,13.9700,13.9500,13.9700,100
2009-08-07,14.3200,14.3200,13.9300,13.9500,1289
2009-07-31,14.9100,14.9100,13.7892,14.3200,2557
2009-07-24,14.1800,14.9700,14.1800,14.9100,1300
2009-07-17,14.1000,14.7200,13.0700,14.7200,816
2009-07-10,14.7500,14.7500,14.1000,14.1000,739
2009-07-02,14.0000,14.7500,14.0000,14.7500,100
2009-06-26,14.3400,14.7500,13.4600,14.0000,7474
2009-06-19,15.5900,15.5900,13.5000,14.3400,3053
2009-06-12,15.9500,15.9500,13.4100,15.5900,1023
2009-06-05,15.9300,15.9500,15.9300,15.9500,943
2009-05-29,16.0000,16.0000,16.0000,16.0000,1
2009-05-22,16.0000,16.0000,16.0000,16.0000,1
2009-05-15,15.2500,16.0200,15.2500,16.0000,400
2009-05-08,14.9500,15.2500,14.9500,15.2500,1811
2009-05-01,14.9500,14.9500,14.9500,14.9500,0
2009-04-24,16.0700,16.0700,14.9500,14.9500,347
2009-04-17,16.0700,16.0700,16.0700,16.0700,17
2009-04-09,15.0400,16.0700,14.7800,16.0700,3270
2009-04-03,16.6800,16.6800,16.6800,16.6800,0
2009-03-27,16.5600,16.6800,16.5600,16.6800,181
2009-03-20,14.0600,16.5600,12.9200,16.5600,179
2009-03-13,14.0600,14.0600,14.0600,14.0600,18
2009-03-06,16.0000,16.0000,13.0600,14.0600,3436
2009-02-27,16.0000,16.0000,16.0000,16.0000,0
2009-02-20,16.0000,16.0000,15.8800,16.0000,1906
2009-02-13,16.0100,16.0100,16.0000,16.0000,2260
2009-02-06,16.0100,16.0100,16.0100,16.0100,1499
2009-01-30,16.9900,17.2000,16.9200,16.9200,9756
2009-01-23,17.0100,17.0100,16.0100,16.8000,2398
2009-01-16,17.0100,17.5000,17.0100,17.0100,4023
2009-01-09,17.0700,17.0700,17.0100,17.0100,296
2009-01-02,16.1000,17.0700,16.1000,17.0700,900
2008-12-26,17.3000,17.5300,17.3000,17.4000,900
2008-12-19,17.1800,18.0000,17.1800,18.0000,3413
2008-12-12,16.9000,17.1800,16.9000,17.1800,500
2008-12-05,17.1800,17.1800,14.3000,16.4000,2000
2008-11-28,15.9400,17.0000,15.9400,17.0000,400
2008-11-21,16.1550,16.1550,15.1000,15.1000,4293
2008-11-14,16.8500,18.3700,15.5600,16.2500,6794
2008-11-07,16.8000,18.7600,16.7800,16.7900,17685
2008-10-31,14.5500,16.3500,14.5500,16.3500,4182
2008-10-24,15.5300,15.5300,13.5350,15.4900,6433
2008-10-17,14.3999,16.0100,14.1500,15.6800,15125
2008-10-10,17.0000,17.0000,12.4600,12.5000,4320
2008-10-03,17.7600,17.7600,11.0350,17.4800,3020
2008-09-26,17.7500,17.7600,17.7500,17.7600,2600
2008-09-19,17.8400,18.9300,17.7300,17.7500,4069
2008-09-12,17.8100,18.8101,17.8100,18.7000,1548
2008-09-05,17.7000,18.4800,17.6600,17.6600,933
2008-08-29,18.4900,18.7620,18.4900,18.7600,200
2008-08-22,18.4600,18.4900,18.4600,18.4900,952
2008-08-15,17.9701,18.4900,17.9700,18.4600,1516
2008-08-08,17.7201,17.7201,17.7201,17.7201,0
2008-08-01,17.7201,17.7201,17.7201,17.7201,0
2008-07-25,17.9700,18.5000,17.7201,17.7201,1197
2008-07-18,17.0100,17.3000,17.0000,17.0100,1597
2008-07-11,17.6100,17.6100,17.5700,17.5700,100
2008-07-03,17.7400,17.7400,17.6100,17.6100,672
2008-06-27,17.5001,17.8000,17.5001,17.7400,2781
2008-06-20,17.5001,17.5001,17.5001,17.5001,0
2008-06-13,17.6500,17.6500,17.5001,17.5001,200
2008-06-06,17.6500,17.6500,17.6500,17.6500,0
2008-05-30,17.6500,17.6500,17.6500,17.6500,0
2008-05-23,17.7500,17.7500,17.6500,17.6500,333
2008-05-16,17.0000,17.7500,17.0000,17.7500,5014
2008-05-09,18.8500,18.8500,17.0000,17.0000,976
2008-05-02,19.0100,19.0100,17.8200,18.8500,2779
2008-04-25,17.7500,18.8100,17.7500,18.7000,1271
2008-04-18,17.7500,17.7500,17.7500,17.7500,0
2008-04-11,17.9500,18.1000,17.7500,17.7500,785
2008-04-04,17.9500,17.9500,17.9500,17.9500,0
2008-03-28,18.1500,18.6700,17.9500,17.9500,2855
2008-03-20,17.9500,18.0300,17.9500,17.9700,1700
2008-03-14,19.5000,19.5000,18.7500,18.7500,200
2008-03-07,19.0100,19.5000,18.0500,19.5000,5474
2008-02-29,18.7500,19.3500,18.0900,19.2500,1175
2008-02-22,19.5100,19.5399,18.7400,18.7500,3726
2008-02-15,18.0800,18.5000,18.0500,18.0500,1707
2008-02-08,18.8500,19.1200,18.0100,18.0800,5908
2008-02-01,18.2500,19.5500,17.6700,18.2500,11716
2008-01-25,18.2500,18.3500,18.2500,18.2500,9470
2008-01-18,18.5100,18.5100,18.2500,18.3500,1737
2008-01-11,17.9500,19.9800,17.9500,19.6000,10188
2008-01-04,18.2500,18.2800,18.2500,18.2500,1000
2007-12-28,19.0000,19.0000,18.3700,19.0000,1417
2007-12-21,18.0000,19.0000,17.9501,19.0000,5806
2007-12-14,19.0000,19.0000,18.1600,18.5000,1137
2007-12-07,18.5000,19.0000,18.2600,19.0000,5289
2007-11-30,18.2000,18.5000,18.2000,18.5000,1003
2007-11-23,18.2000,18.2000,18.2000,18.2000,3
2007-11-16,18.2000,19.9900,17.9000,18.0500,1470
2007-11-09,18.0100,19.9900,18.0000,18.2000,11978
2007-11-02,19.0200,19.0200,18.1800,19.0000,14228
2007-10-26,18.5100,18.9200,18.4300,18.9200,1034
2007-10-19,18.0900,18.5100,18.0200,18.5100,5701
2007-10-12,19.0000,19.0000,18.0980,18.0980,104
2007-10-05,18.9400,19.0000,18.9400,19.0000,6100
2007-09-28,18.5900,20.0900,18.0580,18.0580,1650
2007-09-21,19.3300,20.2220,18.5900,18.5900,4050
2007-09-14,18.8600,19.9800,18.7500,19.1900,32571
2007-09-07,18.3800,18.3800,18.3800,18.3800,200
2007-08-31,18.0000,19.2800,17.9600,18.0540,17092
2007-08-24,18.0000,18.0100,18.0000,18.0000,3305
2007-08-17,18.5000,18.5000,17.7500,18.0100,17811
2007-08-10,17.0700,18.2500,16.8300,17.7800,10339
2007-08-03,16.7800,18.2080,16.2700,17.5001,9486
2007-07-27,17.7500,19.8000,17.3100,17.4900,34971
2007-07-20,16.5300,17.9400,16.1400,17.7500,3593
2007-07-13,16.5400,16.8800,16.1500,16.8800,7012
2007-07-06,16.4000,16.4000,16.4000,16.4000,500
2007-06-29,16.7700,16.7700,16.3000,16.4000,2101
2007-06-22,16.4800,16.7700,16.4800,16.7700,2190
2007-06-15,16.8100,16.8100,16.4800,16.4800,100
2007-06-08,16.8100,16.8900,16.5800,16.8100,700
2007-06-01,16.4800,17.4700,16.4800,16.8100,3715
2007-05-25,16.5300,16.9400,16.4500,16.4500,5505
2007-05-18,17.1000,17.1000,16.7500,16.8900,1809
2007-05-11,17.1200,17.1500,16.5300,17.1000,1248
2007-05-04,16.7600,17.0200,16.5500,17.0200,2857
2007-04-27,17.1800,17.5600,16.8400,17.0000,19041
2007-04-20,17.0800,17.1800,17.0500,17.1800,4704
2007-04-13,17.2000,17.2000,17.1300,17.1300,200
2007-04-05,17.1000,17.2000,17.0800,17.2000,600
2007-03-30,18.0500,18.0500,17.4800,17.5000,9491
2007-03-23,17.3000,19.1300,17.3000,18.0500,1133
2007-03-16,17.6100,17.9700,16.9900,17.3000,5205
2007-03-09,17.1600,18.0000,16.8400,17.6000,11538
2007-03-02,17.6100,17.8050,16.8500,17.1600,13721
2007-02-23,17.5374,17.5400,17.4900,17.5000,2200
2007-02-16,17.5000,18.4000,17.5000,17.5000,3700
2007-02-09,17.9500,17.9500,17.4800,17.4800,2300
2007-02-02,17.0000,18.0300,17.0000,17.9500,900
2007-01-26,16.7800,17.0000,16.7800,17.0000,1157
2007-01-19,17.0500,17.3300,16.7500,16.7800,3400
2007-01-12,17.0100,17.5000,17.0000,17.3500,12682
2007-01-05,18.0000,18.0000,16.0900,17.8500,7650
2006-12-29,18.0000,18.0000,18.0000,18.0000,421
2006-12-22,17.5000,18.0000,17.5000,18.0000,25461
2006-12-15,17.7400,17.7400,17.2100,17.5000,550
2006-12-08,17.5200,17.6800,17.2500,17.5500,4913
2006-12-01,16.9350,17.6500,16.5000,17.0400,8395
2006-11-24,17.0500,17.1100,15.8400,17.0000,46914
2006-11-17,16.9800,17.2400,16.8300,17.0700,1672
2006-11-10,17.5700,17.5700,16.7500,16.9800,900
2006-11-03,17.4800,17.9800,17.0100,17.0100,4219
2006-10-27,17.4800,17.7500,16.5700,17.5000,3944
2006-10-20,17.7300,17.8500,16.0500,17.4800,2757
2006-10-13,18.1000,18.1000,17.1100,17.6000,1540
2006-10-06,18.0200,18.1000,17.0000,18.1000,200
2006-09-29,17.0500,18.0300,17.0500,18.0200,3990
2006-09-22,18.9400,18.9400,16.1500,16.7800,5075
2006-09-15,18.0000,19.0700,17.7500,18.9400,1824
2006-09-08,16.3000,17.9800,16.3000,17.6100,2285
2006-09-01,15.5000,16.5500,15.5000,16.3000,4090
2006-08-25,16.4500,16.4500,15.6000,15.8300,8622
2006-08-18,15.8300,16.4700,15.8200,16.4700,2730
2006-08-11,16.2500,16.2500,16.0000,16.0000,1591
2006-08-04,16.5500,16.9900,16.2500,16.2500,8433
2006-07-28,16.7400,16.9400,16.6000,16.6300,11516
2006-07-21,15.6600,16.5800,15.6600,16.5000,3835
2006-07-14,17.2500,17.2500,14.0100,16.0000,10014
2006-07-07,17.7400,17.7400,17.0500,17.2500,1000
2006-06-30,16.9100,18.3900,16.6500,17.7400,1900
2006-06-23,17.8300,17.8300,16.8900,16.9100,12715
2006-06-16,17.5200,17.8300,17.2300,17.8300,2700
2006-06-09,16.8500,17.0800,16.7500,17.0800,3154
2006-06-02,16.5000,16.8700,16.5000,16.8500,1600
2006-05-26,17.0500,17.5000,16.6600,17.1400,3500
2006-05-19,17.9500,17.9500,17.1000,17.1000,1714
2006-05-12,18.0000,19.1400,17.8500,17.8500,3200
2006-05-05,16.4700,17.4400,16.4700,17.4400,1300
2006-04-28,24.0100,24.0100,15.9100,16.4700,20152
2006-04-21,24.0700,25.3000,24.0700,25.3000,2751
2006-04-13,24.3100,24.7500,23.6900,24.7500,875
2006-04-07,23.8000,24.9000,22.7900,24.9000,5079
2006-03-31,21.7685,23.5600,21.7685,23.5600,868
2006-03-24,22.0500,22.1000,21.5000,22.1000,638
2006-03-17,21.3200,22.2200,21.3200,22.0500,1390
2006-03-10,29.1500,29.1500,21.1900,21.3200,9808
2006-03-03,22.5000,22.5100,21.7300,21.7600,2047
2006-02-24,22.9500,22.9900,21.5400,21.9500,6068
2006-02-17,21.1000,23.1400,21.1000,23.1400,2924
2006-02-10,21.7600,22.5300,21.1000,21.3600,2750
2006-02-03,21.2900,21.5300,21.1000,21.1000,4081
2006-01-27,21.9800,22.1000,21.3600,21.8200,10070
2006-01-20,21.4000,21.4000,21.2100,21.4000,4800
2006-01-13,21.9500,22.6300,21.3000,21.4500,7100
2006-01-06,21.1500,22.8900,21.1500,22.8900,5100
2005-12-30,21.3000,22.0000,20.8840,21.2500,3800
2005-12-23,21.2500,21.9900,20.7400,21.3000,6200
2005-12-16,22.4200,24.0000,21.4000,21.4000,20600
2005-12-09,22.5000,22.5000,21.9900,22.4200,1000
2005-12-02,21.7100,23.9900,21.6700,23.2400,2200
2005-11-25,21.7300,21.7300,20.7500,21.7100,6700
2005-11-18,20.2500,21.7500,19.4700,21.5200,12600
2005-11-11,19.7900,20.6800,18.9315,20.1000,4300
2005-11-04,19.5600,20.2000,19.5600,19.7300,4500
2005-10-28,19.2400,19.7700,18.8000,19.7500,23100
2005-10-21,18.5000,19.2200,17.4000,19.2200,4300
2005-10-14,17.8000,19.1800,17.6800,19.1800,1300
2005-10-07,18.4900,18.5500,17.5100,17.8000,16400
2005-09-30,18.7500,18.7500,18.2500,18.5800,2200
2005-09-23,18.5900,18.6600,18.2500,18.2500,2700
2005-09-16,18.7300,19.0300,18.0100,18.5900,2700
2005-09-09,18.8000,18.8000,18.0800,18.6000,1000
2005-09-02,18.1000,19.6800,17.7800,18.3600,6500
2005-08-26,18.3000,19.0000,17.6500,18.6900,5500
2005-08-19,20.0000,20.0000,17.9600,18.4000,1400
2005-08-12,20.0000,20.0000,19.4000,20.0000,6600
2005-08-05,18.5600,19.9400,18.5600,19.8000,4000
2005-07-29,17.6510,19.0000,17.4001,18.5000,2000
2005-07-22,17.6000,18.2800,16.7500,17.4300,22900
2005-07-15,18.0500,18.1600,16.5600,17.0200,17300
2005-07-08,17.5500,18.0000,17.5500,18.0000,1000
2005-07-01,17.5000,17.7700,16.9200,17.7700,13900
2005-06-24,17.3800,19.0000,16.4200,19.0000,6700
2005-06-17,17.4300,17.7900,17.2700,17.3820,1850
2005-06-10,16.5200,17.1300,16.5200,17.1300,5200
2005-06-03,16.6050,16.8400,14.5100,16.4800,23100
2005-05-27,16.6500,16.7400,16.4100,16.5200,3000
2005-05-20,16.5100,16.7700,16.4100,16.6500,14700
2005-05-13,16.5700,16.9690,16.5000,16.7500,12075
2005-05-06,16.8000,17.4990,16.5700,17.2640,5300
2005-04-29,16.5610,17.6300,16.5610,17.6300,6900
2005-04-22,16.2700,16.8600,15.1600,16.5000,14900
2005-04-15,17.0000,18.0000,16.4400,16.9700,7900
2005-04-08,16.5500,18.0000,16.2500,17.1710,8700
2005-04-01,22.4500,22.4500,15.7800,16.3600,8400
2005-03-24,22.7200,23.2600,21.0000,23.0500,5913
2005-03-18,22.2200,22.2200,21.6200,21.6200,4300
2005-03-11,22.4800,23.1280,21.9930,22.2100,3800
2005-03-04,21.7200,22.5790,21.6210,22.4900,6900
2005-02-25,21.6600,22.0000,21.6600,21.7500,2400
2005-02-18,24.0000,25.1000,22.2500,22.2500,14900
2005-02-11,21.2400,22.8000,20.1400,22.3300,6700
2005-02-04,20.0500,21.2500,20.0500,21.2500,3700
2005-01-28,19.8100,20.2600,19.8100,20.0500,6700
2005-01-21,20.4400,20.8400,19.7200,20.8200,3700
2005-01-14,19.8400,20.3900,19.8400,20.3900,3000
2005-01-07,22.2700,22.2700,18.7500,19.5800,18600
2004-12-31,22.2500,23.0000,21.5500,22.2500,9200
2004-12-23,20.1800,22.0000,20.1800,21.8700,10200
2004-12-17,20.3800,21.1900,20.0700,20.3000,12700
2004-12-10,20.0000,20.7500,19.5500,20.7500,13300
2004-12-03,20.3200,20.7500,19.7500,20.6500,8800
2004-11-26,19.8800,20.4000,19.2500,20.4000,1800
2004-11-19,19.7500,20.4000,19.0100,19.8500,16600
2004-11-12,20.0000,20.3500,18.1000,19.6800,57600
2004-11-05,20.1800,20.6000,19.2100,19.8200,4600
2004-10-29,18.8200,21.6000,18.8200,21.1500,15500
2004-10-22,18.3000,19.3690,16.8000,18.8200,12800
2004-10-15,18.5500,19.0000,18.4500,18.4500,1800
2004-10-08,19.2200,19.2200,18.4500,18.5500,7600
2004-10-01,18.7600,19.2200,18.5500,19.2200,7500
2004-09-24,18.8100,19.0500,18.5000,18.8100,3000
2004-09-17,18.7500,18.8100,18.6000,18.8000,34600
2004-09-10,18.7500,18.8300,18.5000,18.7500,2900
2004-09-03,19.8100,20.0000,18.7500,18.7500,42200
2004-08-27,19.5000,19.6600,18.7600,18.9300,15500
2004-08-20,19.6900,19.6900,19.1100,19.5000,1500
2004-08-13,19.4000,20.0000,19.0100,19.6900,2800
2004-08-06,18.9900,20.0000,18.9900,19.4000,5400
2004-07-30,19.5000,20.2000,19.5000,20.2000,2400
2004-07-23,20.3400,20.3400,19.0500,19.9600,6700
2004-07-16,19.8700,21.1300,19.8700,20.3400,6100
2004-07-09,19.8700,21.5500,19.0100,19.8700,2175
2004-07-02,21.1500,21.1500,20.0000,20.0000,5400
2004-06-25,21.0000,21.4000,20.3600,21.1500,5681
2004-06-18,20.4700,21.1000,20.3400,20.9000,12800
2004-06-10,21.1100,21.1100,19.7600,19.7700,2100
2004-06-04,21.9800,21.9800,19.5500,21.1100,7350
2004-05-28,19.7400,20.9700,19.7400,20.7000,5200
2004-05-21,19.2400,19.7000,18.9700,19.7000,2200
2004-05-14,20.1400,20.1400,18.9400,19.3600,8500
2004-05-07,20.6700,21.4000,20.1500,20.1500,5100
2004-04-30,21.7500,21.8700,20.6320,21.0800,30000
2004-04-23,21.4500,22.1000,19.5000,21.7500,16000
2004-04-16,21.1900,22.2500,21.1900,21.4700,7800
2004-04-08,19.4800,21.2500,19.4800,20.8300,25600
2004-04-02,18.8500,19.9500,18.5000,19.7500,7200
2004-03-26,18.7500,19.9500,18.5000,18.8500,11000
2004-03-19,21.1100,21.1100,18.7400,19.6310,37400
2004-03-12,20.6500,21.2400,20.2700,21.0000,10700
2004-03-05,19.6680,20.7100,19.3700,20.6500,24500
2004-02-27,20.7000,20.7000,19.3700,19.3700,11000
2004-02-20,20.8900,21.1900,19.9300,20.2610,18200
2004-02-13,18.9600,20.2000,18.9100,20.2000,8700
2004-02-06,18.5010,20.4000,18.0200,19.0000,14600
2004-01-30,20.1500,20.6700,17.0000,19.2500,11100
2004-01-23,20.0000,21.4600,20.0000,20.5900,12900
2004-01-16,19.8600,20.0000,19.0000,20.0000,11900
2004-01-09,19.1100,20.0000,17.4800,19.5310,26100
2004-01-02,18.8990,20.0000,18.8990,19.3800,6900
2003-12-26,17.8100,18.7500,17.8100,18.6000,7000
2003-12-19,17.9300,18.5200,17.6300,18.4900,14300
2003-12-12,17.7500,17.8000,17.2000,17.8000,8500
2003-12-05,18.1500,18.2200,16.8100,17.8700,8400
2003-11-28,17.7300,18.1300,16.5100,18.1200,7400
2003-11-21,17.8500,17.8500,17.0100,17.2100,14200
2003-11-14,17.1100,17.9900,17.1100,17.6200,6300
2003-11-07,16.9510,17.2100,16.9510,17.1100,9000
2003-10-31,16.8200,17.1300,16.6600,17.1100,10100
2003-10-24,16.3900,16.7500,16.2300,16.6750,9300
2003-10-17,16.0400,16.3800,15.7500,16.2000,19400
2003-10-10,15.5400,16.2800,15.5400,15.9500,4600
2003-10-03,14.4200,15.5400,14.3300,15.5400,5100
2003-09-26,15.4800,15.7100,14.3900,14.4200,6900
2003-09-19,15.3300,15.9600,15.3300,15.4500,16900
2003-09-12,15.5000,16.0100,14.6000,15.7800,11200
2003-09-05,14.5500,15.5000,14.5500,15.5000,5200
2003-08-29,15.5000,15.5000,14.6000,14.7900,3400
2003-08-22,15.6700,15.7700,15.4350,15.5100,5600
2003-08-15,14.5000,15.5000,14.4200,15.5000,3100
2003-08-08,15.0300,15.0400,14.2500,14.5900,14300
2003-08-01,14.5900,15.4000,14.2300,14.9500,15500
2003-07-25,13.8900,15.7700,13.8000,15.0000,23100
2003-07-18,12.4990,13.9000,12.4990,13.7000,12700
2003-07-11,13.4200,13.4200,12.0500,12.4400,19100
2003-07-03,13.0740,14.0000,11.7600,13.4000,26800
2003-06-27,13.1500,13.2900,13.0300,13.1400,7200
2003-06-20,13.0000,13.4000,12.8700,13.0800,8100
2003-06-13,12.6300,13.7900,12.1000,12.7500,30700
2003-06-06,11.5600,12.8390,11.5000,12.8300,16500
2003-05-30,11.2100,11.5000,11.1500,11.5000,36700
2003-05-23,11.2400,11.4600,10.8000,11.1500,26813
2003-05-16,11.8000,11.8000,11.1900,11.2410,14600
2003-05-09,11.1700,11.3000,11.1700,11.3000,16300
2003-05-02,11.1000,11.3000,11.0100,11.1700,24100
2003-04-25,11.0000,11.4600,10.9100,11.0000,34000
2003-04-17,10.7400,11.0000,10.6000,10.9200,41300
2003-04-11,10.4700,10.5500,10.3500,10.5000,17000
2003-04-04,10.7600,10.8300,10.4000,10.5000,11500
2003-03-28,10.7600,10.7600,10.7600,10.7600,0
2003-03-21,10.9000,10.9000,10.7600,10.7600,3200
2003-03-14,11.0000,11.3200,10.9000,10.9000,3200
2003-03-07,10.9500,11.0000,10.9500,11.0000,21700
2003-02-28,10.9400,11.0500,10.9000,11.0500,14300
2003-02-21,10.8000,11.2400,10.7200,11.2400,12300
2003-02-14,11.0000,11.1900,10.8000,10.8000,11938
2003-02-07,11.0100,11.0100,11.0000,11.0000,600
2003-01-31,11.1500,11.1500,10.9500,11.0100,4400
2003-01-24,11.0600,11.2500,11.0600,11.1500,1800
2003-01-17,11.0600,11.0600,11.0600,11.0600,0
2003-01-10,11.2000,11.2000,10.7500,11.0600,2600
2003-01-03,11.4400,11.4400,11.2000,11.2000,3213
2002-12-27,11.1800,11.2900,11.0000,11.2900,2300
2002-12-20,11.2500,11.2500,10.9500,10.9500,2000
2002-12-13,10.5900,11.2500,10.5800,11.2500,17800
2002-12-06,10.2300,10.6000,10.1900,10.5000,2000
2002-11-29,10.2900,10.4000,10.2900,10.4000,100
2002-11-22,10.0400,10.2900,9.7600,10.2900,22900
2002-11-15,9.7000,10.4000,9.7000,10.4000,2500
2002-11-08,11.0000,11.0000,9.2000,9.2000,800
2002-11-01,10.2000,11.0000,10.2000,11.0000,100
2002-10-25,10.2000,10.2000,10.2000,10.2000,100
2002-10-18,10.2500,10.9000,10.2000,10.2000,1500
2002-10-11,9.8700,10.2500,9.8000,10.2500,3900
2002-10-04,9.9530,10.1500,9.8500,9.8500,4100
2002-09-27,10.0000,10.0000,9.8500,9.9000,6000
2002-09-20,10.2500,10.2500,9.9040,10.0100,1100
2002-09-13,10.0500,11.5000,10.0500,10.2500,1700
2002-09-06,10.0000,10.0500,10.0000,10.0500,1900
2002-08-30,10.1500,10.2500,10.1500,10.1500,956
2002-08-23,9.8500,10.8800,9.5100,9.5600,2656
2002-08-16,10.0600,10.2500,9.8500,9.8500,700
2002-08-09,10.1100,10.6700,10.0600,10.0600,3600
2002-08-02,10.2200,10.4000,10.1000,10.3000,7300
2002-07-26,10.4800,11.5000,10.0000,10.5000,3600
2002-07-19,9.8800,10.4800,9.8800,10.4800,2600
2002-07-12,10.0200,10.3000,10.0000,10.1000,3600
2002-07-05,10.0000,10.5000,9.9500,10.5000,3500
2002-06-28,10.6800,11.0000,10.0000,10.2600,11800
2002-06-21,10.4500,10.9300,10.4000,10.8700,7400
2002-06-14,10.8000,10.9700,10.4000,10.4000,5400
2002-06-07,10.7400,10.8000,10.6200,10.8000,9200
2002-05-31,10.5100,10.8000,10.5000,10.7500,1300
2002-05-24,10.7500,10.7500,10.5100,10.5100,800
2002-05-17,10.6900,10.8000,10.5000,10.7500,1200
2002-05-10,10.4100,10.6900,10.4000,10.6900,1500
2002-05-03,10.9900,10.9900,10.4000,10.9900,1000
2002-04-26,9.9900,10.9900,9.8500,10.9900,2100
2002-04-19,9.8110,9.8110,9.7500,9.8100,3600
2002-04-12,9.8000,10.0200,9.7500,9.7500,700
2002-04-05,11.0000,11.0000,10.2500,10.9600,6600
2002-03-28,9.4000,12.8000,9.4000,12.5000,17250
2002-03-22,8.8630,9.4000,8.8630,9.4000,4000
2002-03-15,9.1500,9.1500,8.7800,8.8630,12700
2002-03-08,9.2010,9.2010,8.9000,9.1500,5000
2002-03-01,9.6000,9.6000,9.1500,9.3200,3900
2002-02-22,9.5000,9.6000,9.5000,9.6000,700
2002-02-15,9.7400,9.7400,9.7380,9.7380,338
2002-02-08,9.9100,9.9100,9.4100,9.7400,6600
2002-02-01,9.9600,10.2500,9.8100,10.0000,44200
2002-01-25,10.6000,10.6000,9.9600,9.9600,184100
2002-01-18,10.5000,10.6000,10.5000,10.6000,400
2002-01-11,10.5000,10.6700,10.0100,10.5000,16200
2002-01-04,10.5000,10.6000,10.2600,10.4600,6100
2001-12-28,11.0000,11.0000,10.5500,10.7000,17000
2001-12-21,10.9500,11.0000,10.7000,11.0000,8981
2001-12-14,9.5000,12.0000,9.5000,11.1500,6400
2001-12-07,10.1500,10.3000,9.3500,9.5000,13400
2001-11-30,9.7570,9.8600,9.7570,9.8600,2600
2001-11-23,9.5000,9.7500,9.5000,9.5000,900
2001-11-16,9.4200,9.5000,9.0000,9.5000,3800
2001-11-09,9.8460,9.8460,9.4400,9.4400,788
2001-11-02,9.9000,9.9000,9.4200,9.8500,3500
2001-10-26,9.7700,9.9000,9.7700,9.9000,600
2001-10-19,10.0100,10.3000,9.7100,9.8000,4200
2001-10-12,10.1600,10.5000,10.1600,10.2100,11100
2001-10-05,10.5100,10.5100,10.1500,10.1600,800
2001-09-28,11.5200,11.5200,11.0100,11.0100,600
2001-09-21,11.5200,11.9400,11.5200,11.8900,5437
2001-09-10,11.5000,11.7500,11.5000,11.7500,800
2001-09-07,11.6000,11.6000,11.6000,11.6000,0
2001-08-31,11.3500,11.6000,11.3500,11.6000,5000
2001-08-24,11.9600,12.5400,11.3500,11.5000,9256
2001-08-17,12.5000,12.5000,11.5000,11.9000,5200
2001-08-10,12.5000,13.0000,12.5000,12.5000,5200
2001-08-03,11.9500,13.1000,11.9500,13.1000,8731
2001-07-27,11.6500,11.9500,11.6500,11.6500,1300
2001-07-20,11.6000,11.7000,11.6000,11.7000,1200
2001-07-13,11.8500,11.8500,11.7500,11.7500,2200
2001-07-06,11.9000,12.0100,11.8500,11.8500,1800
2001-06-29,11.7500,11.9400,11.5000,11.5100,2300
2001-06-22,12.3100,12.3100,11.7100,11.7500,2300
2001-06-15,12.3100,12.3100,12.3100,12.3100,0
2001-06-08,12.2000,12.4000,12.2000,12.3100,2300
2001-06-01,12.4000,12.4000,12.1500,12.2000,2200
2001-05-25,12.2500,12.5000,12.0000,12.2000,9750
2001-05-18,11.0500,12.4700,11.0500,12.4200,4200
2001-05-11,10.9500,11.2700,10.9500,10.9600,2300
2001-05-04,10.6500,11.0200,10.6500,10.9500,2400
2001-04-27,12.0000,12.0000,10.5000,10.5000,1400
2001-04-20,11.0000,12.0000,8.7500,12.0000,16400
2001-04-12,10.8100,11.1200,10.1000,11.0000,17000
2001-04-06,10.9400,11.0000,10.7500,11.0000,59300
2001-03-30,10.8800,11.2500,10.0000,11.0000,66400
2001-03-23,10.7500,10.7500,9.8750,10.5000,10600
2001-03-16,10.4400,10.8800,9.8750,10.7500,16000
2001-03-09,10.8800,11.0000,10.4400,11.0000,7900
2001-03-02,10.7500,11.0000,10.2500,11.0000,25300
2001-02-23,10.7500,13.0000,10.2500,10.5000,68000
2001-02-16,9.1250,11.2500,9.1250,11.0000,28900
2001-02-09,8.7500,9.2500,8.7500,9.1880,5000
2001-02-02,9.1250,9.1250,8.5000,8.7500,13100
2001-01-26,10.0000,10.0600,9.2500,9.2500,11100
2001-01-19,10.2500,10.2500,8.8750,10.0000,6187
2001-01-12,11.0000,11.0000,10.0000,10.2500,16100
2001-01-05,9.3130,10.3800,9.2500,10.0600,13000
2000-12-29,9.0000,10.0000,8.8800,9.5000,48263
2000-12-22,8.6250,9.2500,8.0000,8.6880,8832
2000-12-15,10.0000,10.0600,8.6250,9.5000,33357
2000-12-08,9.7500,10.1300,9.7500,10.0000,6582
2000-12-01,9.7500,10.2500,9.7500,9.7500,1689
2000-11-24,10.6300,10.6300,9.2500,9.7500,12657
2000-11-17,8.4380,10.8800,8.3750,10.5000,80045
2000-11-10,9.4380,9.9380,8.2500,8.3750,35663
2000-11-03,8.1250,13.9400,8.1250,9.4380,55127
2000-10-27,7.6250,8.7500,7.5630,8.7500,30769
2000-10-20,7.5630,7.7500,7.5000,7.7500,24413
2000-10-13,7.3130,7.4400,7.1880,7.3750,7987
2000-10-06,7.1250,7.8750,7.1250,7.3130,12544
2000-09-29,7.2500,7.3130,7.1250,7.2500,24300
2000-09-22,7.6250,7.6250,7.1250,7.1300,2193
2000-09-15,7.6300,7.6300,7.6300,7.6300,0
2000-09-08,7.5000,8.0000,7.5000,7.6250,24806
2000-09-01,7.6560,7.6560,7.0000,7.5000,3993
2000-08-25,7.5000,8.0000,7.5000,8.0000,6525
2000-08-18,6.9690,7.5000,6.6880,7.0000,19857
2000-08-11,7.3750,7.5630,6.3130,6.9690,56193
2000-08-04,7.0000,7.9060,6.9380,7.5000,11138
2000-07-28,6.0000,7.0000,5.7500,7.0000,92363
2000-07-21,6.2500,6.2500,5.8750,6.0000,43145
2000-07-14,6.0630,6.5000,5.7500,6.2500,25201
2000-07-07,6.0000,6.0000,5.7500,5.8750,5401
2000-06-30,6.1250,6.2500,5.7500,5.7500,63394
2000-06-23,6.3750,6.5000,6.1880,6.3750,22557
2000-06-16,6.1250,6.6250,6.1250,6.3750,45113
2000-06-09,6.5000,7.1250,6.1250,6.5000,60582
2000-06-02,6.7500,7.4060,6.3750,6.5000,25144
2000-05-26,7.0000,7.0000,6.5000,6.9060,12713
2000-05-19,7.8800,7.8800,6.8910,7.0000,13388
2000-05-12,7.7500,7.8800,6.8750,7.8800,12769
2000-05-05,7.0000,8.1090,6.7500,7.8750,16088
2000-04-28,7.3750,8.2500,7.0000,8.0000,128587
2000-04-20,6.5630,8.0000,6.5630,7.5000,69356
2000-04-14,6.6880,7.6250,6.5940,6.8750,15975
2000-04-07,6.4060,7.0000,6.0000,6.5630,77175
2000-03-31,7.8130,8.6250,5.7500,6.3750,221063
2000-03-24,7.8750,7.8750,7.6250,7.8130,6020
2000-03-17,7.0000,8.1250,7.0000,8.0000,38475
2000-03-10,7.0000,7.6250,6.8750,7.0000,28968
2000-03-03,6.6250,7.5000,6.6250,7.0000,104850
2000-02-25,7.5630,8.0000,6.6250,7.1250,26270
2000-02-18,6.4380,7.8750,6.0630,7.5000,52144
2000-02-11,5.9380,6.6250,5.8750,6.1250,62439
2000-02-04,6.5000,6.5000,6.2800,6.2800,31332
2000-01-28,6.2500,6.4380,6.0900,6.0900,17550
2000-01-21,6.3750,6.5000,6.0630,6.5000,55294
2000-01-14,6.3130,6.5000,6.0000,6.1250,123187
