timestamp,open,high,low,close,volume
2018-02-27,44.6300,45.0500,43.5800,43.6400,5374496
2018-02-23,45.5800,45.7600,43.1300,44.4800,13771019
2018-02-16,43.5400,46.3000,43.3400,45.6900,10872162
2018-02-09,46.6200,47.0800,42.2850,43.4000,17837197
2018-02-02,46.8100,47.6400,46.5400,46.7900,8345057
2018-01-26,45.3600,48.2130,45.2400,47.1900,9844621
2018-01-19,49.5700,49.7100,44.8300,45.2600,15911458
2018-01-12,49.1000,49.7800,48.0000,49.4800,8215945
2018-01-05,48.4100,50.4900,48.1700,49.2200,8677230
2017-12-29,48.5300,48.8500,47.4700,47.7500,4145461
2017-12-22,48.8000,50.1100,48.3501,48.5300,8321826
2017-12-15,48.6500,50.3200,48.2220,48.5700,11295034
2017-12-08,50.5400,52.5300,48.3000,48.5900,14202315
2017-12-01,49.9900,51.7500,49.1200,50.3200,11889134
2017-11-24,50.6000,50.7800,49.2800,49.8700,5805737
2017-11-17,50.3100,51.0100,49.5200,50.6600,11112788
2017-11-10,49.8500,51.8900,48.4500,50.8100,18552872
2017-11-03,46.2300,49.1300,46.0700,48.0700,15960781
2017-10-27,49.4800,49.7000,46.4100,46.4900,10993084
2017-10-20,48.7200,50.0900,48.3200,49.3000,10322612
2017-10-13,53.2800,53.4800,47.4800,48.3800,19037325
2017-10-06,54.0100,54.7700,53.2800,53.3300,6577247
2017-09-29,53.2500,54.4500,52.0900,54.2300,9913579
2017-09-22,52.6900,54.7000,52.3900,53.2600,9762090
2017-09-15,55.0200,55.3000,52.1400,52.9500,13222820
2017-09-08,58.4700,58.6700,54.5400,54.6000,7417545
2017-09-01,56.6100,59.9000,55.9700,58.4700,9364509
2017-08-25,56.9500,57.9200,56.4700,56.6400,6587945
2017-08-18,58.7400,59.4600,56.2200,56.8400,7989737
2017-08-11,60.5000,60.5900,58.0200,58.4600,7099764
2017-08-04,63.9800,66.4800,60.1600,60.6200,14979099
2017-07-28,64.6600,65.1600,62.7100,63.9400,8841877
2017-07-21,66.0500,66.5000,64.1500,64.7200,7651622
2017-07-14,63.8300,66.2600,63.5400,66.0000,8257943
2017-07-07,63.2900,64.6200,62.2200,63.8900,6352868
2017-06-30,64.0400,65.1900,62.0400,62.7600,7649176
2017-06-23,64.6600,65.2900,62.5600,63.8900,7474451
2017-06-16,64.6300,66.4800,63.7000,64.5000,9549314
2017-06-09,66.2000,66.4400,63.3900,65.0200,12499233
2017-06-02,64.0700,66.3100,62.3300,66.0800,7180477
2017-05-26,63.4800,64.7600,61.6200,64.1200,11246942
2017-05-19,61.2400,65.4100,61.2400,63.5300,16976251
2017-05-12,61.7600,62.3700,60.4200,61.3700,10126921
2017-05-05,63.4600,65.1700,59.8300,61.6000,18108895
2017-04-28,60.2500,65.6100,59.7600,64.4400,16733048
2017-04-21,62.5000,62.6300,57.3100,59.6100,23191813
2017-04-13,64.2600,64.4800,62.2900,62.3800,13706263
2017-04-07,63.4900,64.3200,62.3000,62.5500,9796019
2017-03-31,61.7000,63.7700,61.3500,63.4900,11494316
2017-03-24,63.7000,63.7700,61.2500,61.9900,12906099
2017-03-17,62.0000,64.1500,61.3300,63.8600,24711341
2017-03-10,60.9000,64.5000,60.8800,62.0500,66687487
2017-03-03,62.3400,62.9200,60.7000,61.1800,8189188
2017-02-24,62.8000,64.7400,61.6100,62.5400,11879132
2017-02-17,62.1700,63.2900,61.4000,62.8900,12037770
2017-02-10,61.8200,61.9900,59.9100,61.1500,6641239
2017-02-03,59.0700,63.9900,58.4500,61.8500,14316416
2017-01-27,61.1200,63.0000,57.0100,59.2800,27054425
2017-01-20,62.0800,62.7800,59.8850,60.1400,8127072
2017-01-13,61.1400,62.9700,60.6100,62.2700,6831698
2017-01-06,58.5000,61.4900,58.0400,61.3600,8866260
2016-12-30,59.0500,59.7900,57.6900,57.9300,4236516
2016-12-23,58.2800,59.6500,57.8000,58.8900,4523239
2016-12-16,58.5900,60.0400,57.5600,58.4000,9079883
2016-12-09,55.9600,60.2450,55.8000,59.0000,11025182
2016-12-02,55.8100,58.4190,55.2700,55.5500,10698030
2016-11-25,55.9100,56.5900,55.0900,55.9300,4695409
2016-11-18,55.5600,56.1100,53.8800,55.8500,9678698
2016-11-11,55.9100,58.9700,54.2800,55.5500,13974513
2016-11-04,57.6900,58.7250,54.4500,54.9300,12019756
2016-10-28,57.7300,59.5200,57.3400,57.3800,8813799
2016-10-21,57.1500,59.5700,55.9675,57.4000,14675790
2016-10-14,55.8600,58.1000,54.9700,56.9700,13165299
2016-10-07,54.7100,56.9700,54.6900,55.4500,9572656
2016-09-30,53.9100,55.6400,53.3300,54.7800,11086536
2016-09-23,52.2400,54.2300,51.7600,53.9100,10349418
2016-09-16,49.5100,52.3600,49.0100,52.0700,16656620
2016-09-09,51.6300,51.7300,49.6600,49.6900,14769965
2016-09-02,48.9100,52.0000,48.8800,51.7800,11437551
2016-08-26,50.5100,50.6100,48.5100,48.8400,6756973
2016-08-19,51.0800,52.9000,50.3500,50.4000,9940224
2016-08-12,51.5700,52.7500,50.7100,51.0200,10471743
2016-08-05,53.5500,54.1900,49.1800,51.4200,40719385
2016-07-29,53.2500,53.7000,51.3810,53.4200,9676574
2016-07-22,52.4300,54.2900,49.9100,53.4800,10465706
2016-07-15,52.1700,53.6400,51.7700,52.1800,7966028
2016-07-08,52.4400,52.6900,49.9300,51.8500,7663828
2016-07-01,50.3900,53.3000,48.5100,52.5700,14508332
2016-06-24,53.4900,54.4900,50.4100,50.5900,14322601
2016-06-17,53.3000,54.3000,51.7100,53.0000,12782923
2016-06-10,54.4000,56.6000,53.1500,53.4700,15976410
2016-06-03,48.8400,54.4100,48.4000,54.3000,17106624
2016-05-27,46.4900,49.3550,46.0100,48.9500,11714216
2016-05-20,45.8000,46.5650,44.3450,46.4900,15168582
2016-05-13,46.7000,48.3400,45.1200,45.8600,22236683
2016-05-06,49.4800,49.5450,43.8600,46.7000,21269009
2016-04-29,49.7600,51.6300,49.1300,49.2900,22260119
2016-04-22,44.4600,49.8200,44.1700,49.7600,16018715
2016-04-15,43.7500,44.8900,43.2900,44.6300,6611576
2016-04-08,46.3000,46.4300,43.2850,43.4500,7209596
2016-04-01,47.8900,48.1400,45.4100,46.2900,9418037
2016-03-24,48.9000,49.0900,47.1200,47.9100,5282004
2016-03-18,49.5000,49.7299,48.0800,49.1300,6328667
2016-03-11,49.5000,50.3500,48.1200,49.5400,9563780
2016-03-04,46.9300,50.1300,46.5700,49.9300,10081499
2016-02-26,44.4700,47.8200,44.2200,46.7000,11103025
2016-02-19,43.9500,46.8800,41.3800,44.2100,15214279
2016-02-12,45.4300,45.5300,38.8455,43.3100,19225609
2016-02-05,47.7400,48.5100,45.2600,45.5600,8351878
2016-01-29,48.7900,48.9400,46.5300,48.2700,8166235
2016-01-22,50.7500,50.7800,46.6400,49.1000,10305455
2016-01-15,53.8600,54.2300,49.4300,49.9400,11038305
2016-01-08,56.1100,57.5300,53.6600,53.8100,8831592
2015-12-31,58.2300,58.5100,57.0300,57.1800,3670050
2015-12-24,57.3300,59.0500,56.7800,58.3100,5615023
2015-12-18,59.2200,59.7700,56.8900,57.1600,11821013
2015-12-11,61.2700,61.5000,58.7800,59.0000,7303465
2015-12-04,63.0400,63.8000,60.0300,61.5200,6509341
2015-11-27,63.7700,64.2100,62.1550,63.0700,2491297
2015-11-20,62.6300,64.5800,61.6600,63.8200,4978327
2015-11-13,60.7500,64.4200,60.0414,62.6200,6767032
2015-11-06,63.0500,65.4900,62.1000,63.7400,7378104
2015-10-30,63.0100,63.9100,61.4400,62.9700,4921559
2015-10-23,61.8900,62.5000,60.4800,62.4300,5465755
2015-10-16,62.8100,62.9800,60.6900,62.0100,3994771
2015-10-09,59.1500,63.2400,58.9900,62.5600,6641946
2015-10-02,58.8300,59.2700,55.5000,58.9600,11543153
2015-09-25,61.3500,62.7100,58.9200,59.1700,7774706
2015-09-18,57.9900,62.7200,57.5200,60.9400,10223789
2015-09-11,60.0900,61.2199,57.1700,58.1100,4716402
2015-09-04,59.4200,59.9600,57.9300,58.9300,7575506
2015-08-28,55.9800,60.3200,54.6200,59.6200,10568484
2015-08-21,65.5000,67.2500,60.9400,60.9500,7233746
2015-08-14,67.4500,68.2200,65.0000,66.3100,5163996
2015-08-07,64.4900,69.8200,64.4400,66.9200,10782646
2015-07-31,64.8000,65.8100,63.7050,64.6100,7108647
2015-07-24,67.1200,67.1200,64.2700,65.0100,6872387
2015-07-17,69.6100,69.9200,65.1200,67.0500,10396129
2015-07-10,68.0900,69.0000,66.2600,68.8100,5995701
2015-07-02,69.4000,69.7400,67.2800,68.7100,6554436
2015-06-26,70.6500,71.3099,69.2400,69.7300,10100167
2015-06-19,72.2900,72.7500,70.4400,70.5200,7755934
2015-06-12,75.5000,75.6600,71.7000,72.6200,8342891
2015-06-05,71.9300,76.2900,70.3100,75.5100,17374971
2015-05-29,69.0600,70.9600,68.2300,70.7900,6116863
2015-05-22,67.9800,69.8900,67.6100,69.1500,6353474
2015-05-15,67.0000,68.0400,65.1800,68.0000,10103278
2015-05-08,68.8400,68.9900,66.2700,66.8600,5471857
2015-05-01,70.2200,70.4700,67.3825,68.5200,8245113
2015-04-24,69.5000,70.7400,69.0100,69.9100,5547807
2015-04-17,71.9700,72.0500,68.6000,69.2550,7412382
2015-04-10,70.2500,72.2000,70.0705,71.8300,3819846
2015-04-02,71.0400,71.6600,69.3800,70.9600,4601009
2015-03-27,73.6200,73.9900,69.9400,70.6300,4794037
2015-03-20,74.3100,75.2300,72.1200,73.4100,5512282
2015-03-13,75.7700,76.4900,73.0100,73.8200,5163224
2015-03-06,75.2200,76.5200,74.6160,76.0600,6136692
2015-02-27,79.0000,80.7500,74.9200,75.0400,9649746
2015-02-20,76.9100,78.5400,76.0800,78.3100,6963666
2015-02-13,74.7000,77.9500,74.1750,77.2000,6307725
2015-02-06,71.6600,78.4100,69.1900,75.6300,12358759
2015-01-30,73.4400,74.4900,67.5000,70.3500,14564466
2015-01-23,72.0500,74.7499,70.1600,73.6500,8993782
2015-01-16,71.7600,72.9700,69.5900,71.8500,9239092
2015-01-09,71.9800,72.4600,67.6100,71.7900,11091694
2015-01-02,72.4200,73.8300,71.6900,72.2700,3787896
2014-12-26,72.5400,73.0000,71.0100,72.7100,2920266
2014-12-19,70.8500,73.6000,68.4500,72.6100,12544645
2014-12-12,73.5600,73.8600,69.4000,70.8300,8227068
2014-12-05,79.0000,79.2800,72.1300,73.2000,15364386
2014-11-28,74.1600,79.5700,73.7700,79.4100,10876881
2014-11-21,64.5700,75.2900,64.0201,73.7000,28087881
2014-11-14,63.6800,65.0700,62.7200,64.9000,5980729
2014-11-07,63.3600,64.4900,60.5000,63.7050,11411397
2014-10-31,62.2100,64.0000,60.9300,63.6500,7222310
2014-10-24,58.7600,62.8800,58.1300,62.2000,7822916
2014-10-17,61.2600,61.6200,56.1700,58.5300,17397965
2014-10-10,65.2200,65.4950,61.5400,61.6300,8017632
2014-10-03,64.6500,65.6900,62.0900,65.1600,10432447
2014-09-26,64.9900,64.9900,62.7800,64.9200,6967911
2014-09-19,66.0600,67.0550,64.8100,64.9800,7642600
2014-09-12,66.4800,66.8499,65.1700,65.9600,4719200
2014-09-05,65.3200,66.7100,65.2300,66.4400,5253000
2014-08-29,65.0200,66.6300,63.8900,64.8100,4772000
2014-08-22,65.2800,65.4650,63.8600,64.8200,6662300
2014-08-15,62.7500,64.9200,62.2500,64.7700,8188100
2014-08-08,62.2000,64.6800,61.3600,62.6000,10669600
2014-08-01,62.9400,63.3800,60.9100,62.1400,7060800
2014-07-25,64.7900,65.2800,62.9000,63.0200,7692000
2014-07-18,65.7900,66.7500,64.4200,64.8500,5639000
2014-07-11,67.5000,67.5000,64.3500,65.8400,8140100
2014-07-03,65.1600,66.6500,64.5600,66.3700,5357000
2014-06-27,62.5000,65.7500,61.3200,65.6400,12678200
2014-06-20,59.8900,62.1700,58.9200,61.2900,12049000
2014-06-13,58.4100,59.7700,57.9600,58.9600,7136300
2014-06-06,58.6300,59.4500,57.8600,58.5100,10229800
2014-05-30,60.0000,60.4000,58.3600,58.6600,11403100
2014-05-23,58.9200,61.2800,57.1900,59.8700,20352800
2014-05-16,60.5200,61.5600,58.4600,59.9500,14100400
2014-05-09,61.3400,63.3500,58.8310,60.6300,17251100
2014-05-02,58.3100,62.0000,55.4500,61.8200,20560100
2014-04-25,59.2100,60.3600,57.0700,57.9800,8176900
2014-04-17,58.0500,59.9670,56.8500,59.4700,11212200
2014-04-11,62.0400,62.1700,57.3600,57.4900,16716600
2014-04-04,61.8900,64.5200,61.6400,62.2400,12568500
2014-03-28,61.2000,63.9800,57.6700,61.8000,31187700
2014-03-21,62.0100,63.0400,61.0200,61.0700,7975800
2014-03-14,62.1400,62.4550,60.2700,61.5800,13043700
2014-03-07,58.2900,62.6000,57.8300,62.3100,14012500
2014-02-28,57.7500,58.9800,56.5200,58.8400,10303400
2014-02-21,56.3100,59.9500,56.0200,57.9200,11936800
2014-02-14,56.6200,58.8700,56.2700,56.9000,9538300
2014-02-07,56.0600,58.3000,54.3100,56.8000,13858600
2014-01-31,54.6000,57.0100,53.7200,56.3800,10381800
2014-01-24,55.0200,56.9800,54.0150,54.6000,16319800
2014-01-17,57.1100,57.5000,54.6500,54.8500,12781900
2014-01-10,58.0700,58.5500,55.8200,57.2100,18971900
2014-01-03,57.5600,58.3000,57.0200,57.8000,5439300
2013-12-27,56.9200,58.1400,56.3300,57.6800,3986700
2013-12-20,54.0500,57.1800,53.3700,56.4900,21791800
2013-12-13,55.1000,55.3700,52.7500,53.2900,13922600
2013-12-06,54.0500,55.1000,52.5500,54.7700,9109500
2013-11-29,52.0900,54.3900,51.4050,54.1600,8828300
2013-11-22,51.0600,52.7800,49.0100,52.2100,17754600
2013-11-15,47.9800,51.6850,47.4550,50.9400,17930500
2013-11-08,48.5500,49.3500,47.7300,48.2500,8045100
2013-11-01,48.6300,49.0800,47.2900,48.5000,10592100
2013-10-25,49.0300,49.5900,48.5700,48.6700,7430600
2013-10-18,47.5900,49.3300,47.1600,49.1300,5868100
2013-10-11,47.8000,49.0900,46.6200,47.8800,12866300
2013-10-04,44.0400,48.5900,43.7500,48.4700,19745400
2013-09-27,47.0600,47.4600,44.2600,44.4600,16648000
2013-09-20,48.2000,48.3000,46.6600,47.2650,13153900
2013-09-13,46.4800,47.7600,45.7100,47.7200,8415900
2013-09-06,45.5000,49.4400,44.9900,46.6200,7734700
2013-08-30,45.1600,45.5700,44.0000,44.9600,10878700
2013-08-23,44.5500,45.0500,43.8400,44.9100,6862900
2013-08-16,45.5000,45.9200,43.8800,44.5000,11383900
2013-08-09,45.2300,46.0000,43.6020,45.6400,15308800
2013-08-02,44.5300,45.6150,42.8500,45.2200,17726400
2013-07-26,46.2800,46.2800,43.7500,44.4000,10648800
2013-07-19,43.3000,46.8900,43.1000,45.5400,19796800
2013-07-12,43.0800,43.3300,41.3300,43.1200,11070800
2013-07-05,43.3400,43.4300,42.1850,42.9800,7796800
2013-06-28,39.8600,42.8600,38.7300,42.5200,18561900
2013-06-21,39.9700,41.1100,37.9700,40.4100,14881700
2013-06-14,39.3900,39.6800,37.3000,39.6000,11522600
2013-06-07,40.3900,40.3900,37.5305,39.1400,10579600
2013-05-31,39.4500,40.1900,38.4100,38.5400,8826200
2013-05-24,39.1300,40.6000,38.4600,39.3300,11713100
2013-05-17,39.0000,39.4400,38.2600,38.9900,11223000
2013-05-10,39.6400,40.9500,38.0000,39.1900,15839900
2013-05-03,39.8000,40.8100,38.7300,39.6800,14481300
2013-04-26,38.9900,40.3400,38.8700,39.9900,17975000
2013-04-19,36.5100,39.4300,34.7700,39.0000,42340400
2013-04-12,36.9800,37.8400,36.1000,37.6300,9914000
2013-04-05,37.8900,38.4350,36.1900,37.2000,10880000
2013-03-28,37.8500,38.2000,37.6400,37.9000,10960900
2013-03-22,34.8500,38.1200,34.4500,37.7900,18046300
2013-03-15,34.5000,35.6800,34.1300,35.1500,16420900
2013-03-08,34.5600,35.0880,33.7900,34.4500,13308000
2013-03-01,35.2300,35.4000,34.2101,34.7000,12838400
2013-02-22,36.6900,36.7500,34.5700,35.0900,13998400
2013-02-15,37.5500,38.1400,36.5200,36.9300,11946200
2013-02-08,37.2300,37.7000,36.4600,37.6400,7995600
2013-02-01,37.6900,38.0950,36.8600,37.6800,13687300
2013-01-25,37.8300,38.0000,36.5050,37.7300,9821400
2013-01-18,36.2100,37.9400,35.7800,37.9200,8809100
2013-01-11,36.4900,37.3500,35.5100,36.2100,13088500
2013-01-04,35.2700,37.5100,35.1600,36.8900,5981400
2012-12-28,35.5500,35.9900,34.9300,35.4300,7335500
2012-12-21,36.4600,36.8350,34.6700,35.5500,26465800
2012-12-14,37.5200,37.6200,36.1000,36.2806,16488600
2012-12-07,35.9100,37.9200,35.8500,37.6800,31997900
2012-11-30,34.3600,37.2200,34.0000,37.0400,19030600
2012-11-23,35.9100,35.9600,34.5100,35.7500,12888500
2012-11-16,35.8700,36.0400,34.0250,35.5500,11714700
2012-11-09,35.1100,36.5800,34.1400,35.8600,18015400
2012-11-02,35.7000,36.4200,35.0900,35.3900,4443900
2012-10-26,35.8900,36.6800,34.9700,35.5500,15265900
2012-10-19,33.5100,36.0100,33.3200,35.4700,19097000
2012-10-12,31.9700,34.1599,31.7900,33.3900,11057000
2012-10-05,30.6400,32.7200,30.2400,32.1200,10387400
2012-09-28,31.6900,31.8700,30.1000,30.6100,8240600
2012-09-21,33.0200,33.0200,30.4900,31.9100,13884200
2012-09-14,32.3600,33.6200,32.1400,33.0700,10451100
2012-09-07,31.8200,32.6800,30.3800,32.3500,7428100
2012-08-31,32.5800,32.5800,31.4700,31.9900,5541900
2012-08-24,31.5300,32.3700,31.0100,32.2700,8335700
2012-08-17,30.8900,31.8400,30.4300,31.7900,7976400
2012-08-10,30.5100,31.0500,28.6600,30.9100,9420900
2012-08-03,31.2000,31.3800,29.4500,30.4400,9124300
2012-07-27,28.9900,31.1200,28.3100,30.9700,8346200
2012-07-20,27.3400,30.2700,27.1500,29.4900,11923000
2012-07-13,28.4500,28.6100,26.1200,27.3300,8852000
2012-07-06,28.7300,29.0150,28.1700,28.4800,5829800
2012-06-29,27.8900,28.6600,26.1800,28.5500,10403000
2012-06-22,27.5800,28.6400,27.3700,28.3700,7844500
2012-06-15,28.1100,28.3050,26.9100,27.7800,8860900
2012-06-08,26.9500,28.2400,26.5900,27.9000,7843500
2012-06-01,28.4000,29.0000,26.8900,26.9700,7038700
2012-05-25,28.5000,29.0290,27.7425,28.2400,13251800
2012-05-18,30.5500,30.9700,28.4200,28.4800,8541000
2012-05-11,31.8900,32.1300,29.8900,30.8300,13833200
2012-05-04,32.0000,32.7400,31.2700,31.3100,9628000
2012-04-27,31.3100,32.3300,30.7800,32.1500,5627800
2012-04-20,31.7100,32.2700,29.9300,31.6500,16762800
2012-04-13,32.4100,32.4450,31.3500,31.6900,6508400
2012-04-05,32.9600,33.9600,32.0600,32.9100,8186100
2012-03-30,32.9500,33.9600,31.9400,32.9300,8803900
2012-03-23,31.4900,35.6400,31.0100,32.8000,17491400
2012-03-16,31.3500,31.9100,30.9400,31.5100,8060400
2012-03-09,28.6800,31.6300,28.3900,31.4600,20188100
2012-03-02,28.6600,30.0100,28.2000,29.2700,18428000
2012-02-24,29.2400,30.4900,28.4400,28.8000,11876600
2012-02-17,28.8000,29.7100,27.9500,29.0200,9480900
2012-02-10,28.7500,29.1600,27.7800,28.5000,10992800
2012-02-03,27.4400,29.4600,27.3900,28.9100,13138800
2012-01-27,28.7000,29.4500,27.5400,27.6400,12427700
2012-01-20,29.2000,30.0000,28.5200,28.8600,10750000
2012-01-13,28.8600,29.4000,28.3100,28.7500,9746500
2012-01-06,28.7300,29.6300,28.6800,28.7400,10813900
2011-12-30,28.8500,28.9495,27.9000,28.4800,9852400
2011-12-23,25.8100,29.3000,25.0400,29.0000,15218300
2011-12-16,25.5000,26.8700,24.8900,25.7800,18806800
2011-12-09,26.5600,27.5400,25.2100,25.8300,21847400
2011-12-02,24.4800,26.4500,23.7300,26.2100,25308100
2011-11-25,24.0400,24.4300,23.2100,23.8400,10975200
2011-11-18,25.7399,26.2300,23.1200,24.7300,20992300
2011-11-11,23.1000,25.8200,23.1000,25.7800,34059800
2011-11-04,24.2100,24.4500,23.0000,23.4800,15983400
2011-10-28,26.0700,26.8600,23.9900,24.4400,15546000
2011-10-21,27.5400,27.6200,24.7300,25.9100,13929800
2011-10-14,26.5500,28.4700,26.4500,27.5000,11342600
2011-10-07,25.0300,26.5800,22.6100,26.1800,19307600
2011-09-30,27.0500,29.2100,24.9700,25.0500,19598100
2011-09-23,25.9400,28.3700,24.7600,26.7600,18722200
2011-09-16,24.0400,26.3900,23.6600,26.2900,11072000
2011-09-09,23.5200,26.0900,23.0800,24.4200,10707000
2011-09-02,22.5400,25.4200,22.3909,24.3000,17009300
2011-08-26,22.3400,22.7000,20.8900,22.2400,10717100
2011-08-19,23.0600,24.0100,21.7900,21.8600,11720700
2011-08-12,22.8700,24.4300,21.1700,23.1000,26453800
2011-08-05,30.1600,30.3600,24.2801,25.1200,25265400
2011-07-29,31.8100,31.9600,29.6000,29.6300,10189600
2011-07-22,30.4700,32.3400,30.3200,32.0100,10307600
2011-07-15,31.5700,32.5650,30.6200,30.7700,9927400
2011-07-08,31.2900,31.9400,30.7200,31.7800,7490400
2011-07-01,27.9600,31.2300,27.8200,31.1050,14852400
2011-06-24,27.7500,28.8000,27.5200,28.0000,15008200
2011-06-17,28.1000,28.3200,27.4501,27.7500,9996600
2011-06-10,28.8600,29.2700,27.9700,28.0500,7768200
2011-06-03,30.4400,30.5000,29.0250,29.0300,7605400
2011-05-27,29.0900,30.1400,28.8400,30.1300,9254600
2011-05-20,28.8300,30.0500,28.4600,29.4800,11036100
2011-05-13,29.2700,29.8500,28.6200,28.8100,9612400
2011-05-06,27.8900,29.9500,27.5000,29.2100,32002700
2011-04-29,24.6600,25.0600,24.2600,25.0400,6192400
2011-04-21,23.0000,24.7700,22.7100,24.3700,11961000
2011-04-15,23.8900,23.9000,22.9050,23.2000,9974500
2011-04-08,24.5100,24.5900,23.2700,23.7900,10633900
2011-04-01,24.4100,24.6600,24.0000,24.4400,10924100
2011-03-25,22.8399,24.7600,22.7702,24.4000,16252100
2011-03-18,23.4100,24.1400,22.4900,23.8800,10390300
2011-03-11,23.5500,24.1800,23.0000,23.4300,9351900
2011-03-04,23.3800,23.9800,22.5800,23.5000,13354200
2011-02-25,23.3000,23.6000,21.7200,23.4500,10695500
2011-02-18,23.3200,23.6400,22.7250,23.4700,8730100
2011-02-11,21.9100,24.0000,21.6175,23.4000,15622200
2011-02-04,20.9700,22.1500,20.9500,21.8400,11191500
2011-01-28,21.7500,22.1800,20.8500,21.0300,11040600
2011-01-21,21.3600,21.8600,20.9900,21.6100,10490100
2011-01-14,20.9600,21.7100,20.5100,21.4100,12053600
2011-01-07,19.7400,21.1600,19.3750,21.1400,18222400
2010-12-31,19.3000,19.6600,19.0850,19.6600,5448900
2010-12-23,18.2000,19.3600,18.1600,19.3100,10569100
2010-12-17,18.8800,18.8800,17.9500,17.9700,18221700
2010-12-10,18.5800,18.9000,18.1500,18.8000,12616100
2010-12-03,18.6200,18.7600,18.2100,18.5800,18299200
2010-11-26,18.8300,19.1300,18.5700,18.6700,7897900
2010-11-19,19.6000,19.8000,18.6850,18.8100,9843700
2010-11-12,20.4500,20.4500,19.5000,19.5000,14234400
2010-11-05,19.8800,21.5000,19.7900,20.8100,15290400
2010-10-29,19.5000,19.9300,19.2400,19.8700,14130900
2010-10-22,19.1600,19.7600,18.9600,19.4100,10337900
2010-10-15,19.1800,19.6600,18.9900,19.2500,11050700
2010-10-08,19.3100,19.8725,18.9200,19.4300,13809400
2010-10-01,19.1900,19.4600,18.7400,19.3300,9740600
2010-09-24,18.7700,19.2900,18.6300,19.2900,10107300
2010-09-17,18.7900,18.9100,18.3500,18.7700,11590300
2010-09-10,18.3300,18.7800,18.1000,18.6500,8176300
2010-09-03,17.8600,18.7000,17.5400,18.4600,11562700
2010-08-27,17.8700,18.1100,17.3300,17.9500,18069100
2010-08-20,17.5000,18.3700,17.4200,17.8800,16171000
2010-08-13,19.3300,19.5900,17.4900,17.4900,39471200
2010-08-06,20.5000,20.9300,20.0500,20.8400,14295600
2010-07-30,19.8000,20.5400,19.5400,20.0800,9758900
2010-07-23,18.7400,19.9900,18.6600,19.8100,15118900
2010-07-16,18.8300,19.7900,18.6000,18.6800,13764100
2010-07-09,18.2300,18.9800,17.8750,18.9100,12564100
2010-07-02,19.8400,19.9100,17.7500,17.9400,22979800
2010-06-25,21.5400,21.5900,19.6500,19.7500,18203700
2010-06-18,20.9600,21.8500,20.7700,21.3100,14219600
2010-06-11,20.4700,20.9710,19.6200,20.8400,18276200
2010-06-04,20.8700,21.6300,20.2800,20.3450,14200700
2010-05-28,20.8500,21.4900,20.1700,20.8500,19911700
2010-05-21,22.9100,23.3650,20.0600,21.0300,25184000
2010-05-14,21.9500,24.1600,21.4250,22.9000,25738900
2010-05-07,22.5200,23.0600,20.2800,21.3000,19515400
2010-04-30,22.5600,22.9300,21.4800,22.1700,16780100
2010-04-23,21.4200,22.5300,21.2700,22.4900,12021820
2010-04-16,21.8000,22.0900,21.3750,21.5200,18609800
2010-04-09,20.7400,22.1500,20.6200,21.7700,32495900
2010-04-01,20.4900,21.1700,20.2150,20.7300,9289400
2010-03-26,20.8700,21.1500,20.2900,20.4600,13306400
2010-03-19,21.6700,21.8100,20.7450,20.9200,12240700
2010-03-12,21.1600,21.9700,21.0200,21.6900,13370600
2010-03-05,20.5300,22.1300,19.9100,21.1800,38075600
2010-02-26,19.7100,20.0500,19.3800,19.9700,17180900
2010-02-19,18.5700,19.8500,18.4700,19.6800,11642900
2010-02-12,17.7100,18.4000,17.5300,18.3800,13883900
2010-02-05,18.4600,19.1200,17.3200,17.7500,15199100
2010-01-29,18.9400,19.1000,18.1500,18.2600,12907700
2010-01-22,19.9700,20.2700,18.7200,18.8100,11762000
2010-01-15,21.1700,21.2750,19.5800,19.9100,14891100
2010-01-08,20.9100,21.4600,20.5900,21.1600,15116300
2009-12-31,20.9200,21.2400,20.6600,20.7700,17099100
2009-12-24,21.1600,21.3250,20.7600,20.9400,5850600
2009-12-18,21.4400,21.5000,20.6601,20.9600,16170200
2009-12-11,21.1200,21.7500,20.6100,21.2600,15787300
2009-12-04,20.5600,21.2400,20.3100,21.2000,18587200
2009-11-27,20.1600,21.2600,18.9000,20.6500,14146300
2009-11-20,21.1700,22.1800,19.6000,19.9900,28335100
2009-11-13,20.5150,21.0700,19.7000,21.0100,42454100
2009-11-06,17.8000,19.1800,17.0600,19.1500,21618700
2009-10-30,18.1500,18.4000,17.0550,17.4000,18490600
2009-10-23,18.6200,19.1300,17.9600,18.0700,14990200
2009-10-16,20.2300,20.2600,18.1600,18.4800,25839000
2009-10-09,19.3200,20.1800,19.1300,20.0300,19367000
2009-10-02,18.9000,19.8200,18.6500,19.2400,27523100
2009-09-25,17.9400,19.3300,17.7400,18.8200,20127000
2009-09-18,17.4800,18.6400,17.3500,18.0900,18659000
2009-09-11,17.3300,17.6500,16.3600,17.5600,15629800
2009-09-04,16.6400,17.7100,15.6701,17.2300,21420000
2009-08-28,17.2000,17.3700,16.2300,16.8600,14999200
2009-08-21,17.4200,17.4300,16.3500,17.1800,22407600
2009-08-14,20.0000,20.4000,17.3600,17.7500,40847700
2009-08-07,17.0000,18.6800,16.9600,18.4200,23425400
2009-07-31,16.7600,17.3800,16.4500,16.9500,18399500
2009-07-24,16.1400,17.4000,16.1000,16.8300,19548100
2009-07-17,14.8600,16.2900,14.1700,16.1400,17663800
2009-07-10,16.0100,16.2700,14.3400,14.8600,19331300
2009-07-02,15.7700,16.7700,15.6500,16.1000,14143700
2009-06-26,14.7800,15.8900,14.2600,15.8100,23409000
2009-06-19,15.1500,15.5300,14.5000,15.1800,17660400
2009-06-12,15.7900,16.2900,14.9900,15.3300,17773800
2009-06-05,16.2200,17.3700,15.3400,15.9600,24598300
2009-05-29,16.5100,17.1900,15.8400,16.4000,17588200
2009-05-22,15.7800,18.0000,15.7800,16.8200,20146000
2009-05-15,17.2800,18.6100,15.6200,15.7100,36813200
2009-05-08,14.2000,15.5600,14.0400,15.3100,29363100
2009-05-01,13.5000,14.4900,12.7800,14.3800,23743600
2009-04-24,13.6200,14.1600,13.0200,13.8800,21883700
2009-04-17,13.5000,14.2800,12.5800,14.2100,18778900
2009-04-09,12.1900,13.7000,12.0600,13.6800,11776400
2009-04-03,11.4700,12.5950,10.7700,12.4300,13045400
2009-03-27,10.8000,12.2500,10.6600,11.5700,16880700
2009-03-20,10.9800,11.1460,10.2500,10.3500,15396900
2009-03-13,9.4500,11.1550,9.1700,10.8800,22135300
2009-03-06,10.8600,10.9800,8.7900,9.2700,34327700
2009-02-27,11.2400,11.8900,10.8000,11.2500,20141900
2009-02-20,13.0800,13.1700,10.4700,11.1600,20447100
2009-02-13,13.5400,14.1300,12.6400,13.5800,20568400
2009-02-06,12.5500,14.1000,12.3800,13.5700,25674700
2009-01-30,11.1800,13.4900,10.8800,12.8400,25260400
2009-01-23,12.1100,12.3100,10.6500,11.1900,21553100
2009-01-16,13.0800,13.2400,11.5600,12.3400,21998600
2009-01-09,11.6300,13.5700,11.3700,13.0500,28915100
2009-01-02,10.8200,11.7500,10.2500,11.7400,10282300
2008-12-26,11.6900,11.6900,10.3200,10.7400,10039400
2008-12-19,11.0000,11.9700,10.4700,11.7300,21294600
2008-12-12,11.3800,12.4000,10.7000,10.9900,17938100
2008-12-05,10.8800,11.0900,9.9200,11.0300,27230100
2008-11-28,9.1800,11.1700,9.1300,11.0800,18370400
2008-11-21,11.0000,11.3300,8.3400,9.0100,25420600
2008-11-14,14.7700,15.2300,10.4900,11.0000,29693400
2008-11-07,15.7400,16.4800,14.7900,15.5200,19520400
2008-10-31,15.8700,16.6299,14.8900,15.7400,24155100
2008-10-24,15.4500,16.9900,15.3600,16.1900,17400300
2008-10-17,15.0000,19.0000,14.0000,15.4000,28295900
2008-10-10,18.5900,19.1700,13.4100,13.7100,31805400
2008-10-03,23.5000,23.8100,18.7100,18.8000,20323900
2008-09-26,25.1900,25.3800,23.5100,24.5500,11612400
2008-09-19,28.3800,28.3800,24.3500,25.3300,21434800
2008-09-12,27.7000,28.3600,27.1879,28.1200,15650100
2008-09-05,28.7400,29.0800,27.6100,27.7500,11420900
2008-08-29,28.6800,29.2500,27.7000,28.2100,11710600
2008-08-22,31.3500,31.4500,28.4100,28.9200,12944700
2008-08-15,30.9300,31.9800,29.8600,31.4700,16817900
2008-08-08,28.6000,31.0600,26.7200,30.9100,21303000
2008-08-01,28.4900,29.7900,27.8100,28.9600,15693200
2008-07-25,28.9000,28.9000,26.8800,28.3800,10650100
2008-07-18,26.7200,28.7800,25.9600,28.4400,11253700
2008-07-11,26.6700,28.1400,26.0700,26.9800,11593500
2008-07-03,29.2600,29.7500,26.7400,26.8400,12486300
2008-06-27,30.2200,30.6800,28.9000,29.2600,12627400
2008-06-20,33.6800,34.1000,29.8100,30.0200,15974800
2008-06-13,35.1100,35.4200,33.1200,33.9100,8757100
2008-06-06,35.1700,35.7300,33.9700,35.1300,12441800
2008-05-30,34.3100,35.6300,34.1300,35.1100,11097000
2008-05-23,33.5100,36.1100,33.3600,34.3500,16010700
2008-05-16,30.2200,33.9600,29.9500,33.7400,14752500
2008-05-09,30.1500,31.4700,29.7000,30.3900,9429300
2008-05-02,30.4700,31.4400,29.6100,30.3400,12633900
2008-04-25,31.6100,32.0300,30.0000,30.5900,8612700
2008-04-18,30.6000,32.4000,30.1000,32.0000,9324300
2008-04-11,29.6600,32.0400,29.3700,30.8200,15121300
2008-04-04,28.5500,30.4400,28.3788,29.6500,11670900
2008-03-28,28.0000,29.5700,27.5000,28.3900,14368100
2008-03-20,27.4900,28.6400,25.7200,28.6200,14791100
2008-03-14,28.4900,29.4400,26.6195,27.7400,21178700
2008-03-07,29.4300,30.6500,28.2200,28.3400,17177100
2008-02-29,30.4600,31.3000,28.9500,29.6500,16568500
2008-02-22,31.0000,31.6200,29.7600,31.2500,9382500
2008-02-15,29.3000,31.1300,28.6101,30.4400,9416900
2008-02-08,31.0600,31.0600,28.3200,29.1800,11000500
2008-02-01,28.3200,31.8100,27.9000,31.1700,13397800
2008-01-25,27.2000,29.1000,27.0000,28.1500,12667700
2008-01-18,30.6000,30.6524,27.3900,27.9500,16216200
2008-01-11,33.2800,33.8000,29.5600,30.4000,16151600
2008-01-04,37.1400,38.1200,31.2500,33.4800,15511300
2007-12-28,37.0800,37.8800,36.3800,36.9100,5559900
2007-12-21,37.2000,37.7900,36.6700,37.3700,16434100
2007-12-14,40.4400,40.5000,37.4000,37.8200,12135500
2007-12-07,42.8600,42.9200,37.8500,40.2700,19531500
2007-11-30,41.2700,43.7000,40.6600,43.1000,14613700
2007-11-23,42.6300,50.8000,40.8000,41.8500,35631600
2007-11-16,41.0100,45.4900,39.1000,39.8300,30115600
2007-11-09,47.4000,50.9000,46.8800,48.5100,13615500
2007-11-02,49.7500,50.3200,47.2600,47.5000,10574900
2007-10-26,48.6000,50.5000,46.5500,49.7200,11593800
2007-10-19,48.2600,52.5400,47.8500,48.7200,17717800
2007-10-12,47.9300,49.6100,47.5600,48.4800,10211300
2007-10-05,47.1800,52.1500,46.2600,48.4800,20056800
2007-09-28,41.8000,47.2000,41.2600,46.8100,20016700
2007-09-21,41.0200,42.6600,40.5000,41.7300,8888900
2007-09-14,41.8400,42.2300,40.6200,41.1800,6233200
2007-09-07,42.2600,43.1600,41.5324,41.7300,5657100
2007-08-31,42.3400,42.3700,40.3600,42.3200,6252000
2007-08-24,39.6600,42.7300,38.2700,42.4500,10653300
2007-08-17,39.1500,41.6200,37.4200,39.8400,12260700
2007-08-10,41.6300,41.8000,37.2900,38.7500,22523800
2007-08-03,42.2000,43.7000,41.2800,41.3000,10399900
2007-07-27,44.3300,45.2400,41.3000,42.1000,10867400
2007-07-20,44.0700,45.0800,43.2700,44.0900,6497900
2007-07-13,44.4400,44.5399,43.2200,44.0600,5214700
2007-07-06,43.3200,44.6600,43.3200,44.5600,4434800
2007-06-29,42.9900,43.9200,42.6500,43.3700,6775500
2007-06-22,43.5200,44.3700,43.0600,43.2900,8949200
2007-06-15,45.4600,45.6900,43.7300,43.9200,10379300
2007-06-08,46.4200,47.2000,44.2403,45.3900,10018400
2007-06-01,47.4600,47.5400,45.7500,46.6500,7224500
2007-05-25,49.2500,49.6300,47.0200,47.5900,7431100
2007-05-18,48.6900,49.4400,47.4800,49.2400,9252600
2007-05-11,49.0700,49.2200,46.7600,49.1300,9189300
2007-05-04,46.4000,49.6900,45.9200,48.9000,11707700
2007-04-27,46.6500,47.1800,46.1500,46.2900,6235800
2007-04-20,46.6400,47.4500,46.3400,46.8700,7753800
2007-04-13,44.7600,46.6100,44.7600,46.4700,9752900
2007-04-05,43.3000,44.9500,43.1200,44.7100,8657200
2007-03-30,43.2700,43.7000,42.4000,43.4300,7849900
2007-03-23,43.1000,44.3500,42.5200,43.3600,9891200
2007-03-16,43.5800,44.2900,41.8700,42.7000,11476400
2007-03-09,41.8900,44.5500,41.5300,43.3200,15336200
2007-03-02,42.7500,43.3900,40.0000,41.8200,16474600
2007-02-23,42.9500,43.4400,42.1700,42.5200,8626800
2007-02-16,41.5500,42.7000,41.4900,42.5300,7596200
2007-02-09,40.9700,42.5100,40.4600,41.5800,10197700
2007-02-02,38.9100,40.5600,38.9100,40.3800,6927100
2007-01-26,39.9500,41.1200,38.7000,39.4100,10183600
2007-01-19,40.3600,41.5300,39.9200,40.0500,10078600
2007-01-12,38.2600,40.5900,38.1400,40.4800,11997500
2007-01-05,38.0500,38.9500,37.6500,38.3700,4469000
2006-12-29,37.6300,38.5400,37.6000,38.0300,2785000
2006-12-22,38.4500,38.6500,37.4000,37.7500,6094200
2006-12-15,36.9500,38.9200,36.6700,38.4500,9921100
2006-12-08,36.7500,37.6500,36.2800,36.8300,8101800
2006-12-01,36.4400,36.6600,35.1600,36.5900,5869300
2006-11-24,36.0500,36.8400,35.9900,36.6100,3962200
2006-11-17,36.3100,36.9500,35.8300,36.2900,5386700
2006-11-10,34.3600,37.2800,34.3600,36.3100,14567200
2006-11-03,35.3900,35.7500,34.1500,34.3900,6308400
2006-10-27,33.6900,35.4600,33.6500,35.3800,9369700
2006-10-20,34.8000,34.8100,32.7900,33.9200,6749500
2006-10-13,33.4900,35.0100,32.6000,34.9200,8169900
2006-10-06,32.8800,33.5900,31.7300,33.4000,8471700
2006-09-29,31.8600,32.9900,31.4000,32.7400,6902900
2006-09-22,32.2200,32.5900,31.3000,31.6400,7680300
2006-09-15,33.1200,34.5900,30.6500,32.3500,20157300
2006-09-08,32.4400,33.6000,32.2000,33.5400,6366100
2006-09-01,31.8100,32.5800,31.5700,32.3000,9813900
2006-08-25,31.9600,32.2500,31.1000,31.7000,9596200
2006-08-18,33.0700,33.5100,31.4400,32.4500,15158300
2006-08-11,35.2400,35.7700,31.4700,33.2400,26674600
2006-08-04,35.0600,35.9500,34.2200,35.4000,12043200
2006-07-28,33.4500,35.2600,33.3400,35.2200,15290900
2006-07-21,30.4500,33.7800,30.4400,33.3600,19780800
2006-07-14,30.0000,30.7600,29.9800,30.6300,9857700
2006-07-07,30.9500,31.1900,29.8000,30.0200,6032500
2006-06-30,30.1300,31.0000,29.9200,30.8100,7574000
2006-06-23,30.4100,30.7000,29.9200,30.1600,8934000
2006-06-16,30.3100,30.7000,29.8800,30.5000,7338000
2006-06-09,30.6800,31.0600,29.8400,30.5200,12087000
2006-06-02,30.2500,30.8700,29.8200,30.8000,6091700
2006-05-26,30.3600,30.6000,29.9500,30.2300,11847400
2006-05-19,30.8000,31.0000,29.9500,30.4200,14726700
2006-05-12,31.7700,32.4100,30.3700,30.9200,13357300
2006-05-05,31.0000,32.2400,30.8100,31.8300,13108800
2006-04-28,30.5700,31.7500,30.4000,30.9000,10233400
2006-04-21,29.5100,31.0200,29.3200,30.8200,7261200
2006-04-13,30.5000,30.5000,29.7301,29.9700,5256500
2006-04-07,30.0000,30.8100,29.7100,30.4500,8388000
2006-03-31,29.3700,30.0300,28.7000,29.8700,6575500
2006-03-24,29.2300,29.7600,28.7500,29.2900,5692500
2006-03-17,29.1000,29.9800,28.7700,29.1000,9114600
2006-03-10,29.2000,29.8300,28.5200,29.0600,10452500
2006-03-03,28.4300,29.9300,28.4200,29.1000,8076300
2006-02-24,28.5200,28.6200,27.9000,28.4000,3313200
2006-02-17,28.3100,28.5200,27.6500,28.4500,5596000
2006-02-10,27.3900,28.5500,27.1700,28.3400,9121000
2006-02-03,27.8900,27.9800,27.0800,27.4200,6092700
2006-01-27,27.2000,27.8500,27.0200,27.8100,9183500
2006-01-20,28.8700,29.0000,27.7000,27.9300,7238300
2006-01-13,28.8500,29.0600,27.4100,27.9100,9483200
2006-01-06,27.2300,29.0700,26.8800,28.9600,12274500
2005-12-30,27.5000,27.7199,26.7000,27.1800,3744200
2005-12-23,27.5000,27.5000,26.2700,27.3900,8161300
2005-12-16,26.0400,27.7400,25.8200,27.2500,10609500
2005-12-09,26.2400,26.4800,25.7300,26.0400,6005200
2005-12-02,26.5000,26.6000,25.6000,26.4400,7764200
2005-11-25,26.0200,26.7400,25.8700,26.5400,9960300
2005-11-18,26.0000,26.1200,24.4400,26.0800,16716500
2005-11-11,27.0000,27.2500,25.4100,25.7400,16275200
2005-11-04,26.9700,27.1900,26.2800,26.6600,11619900
2005-10-28,27.1400,27.7100,26.5800,26.9100,7331500
2005-10-21,28.0300,28.1700,26.5000,27.1300,13694000
2005-10-14,28.8100,29.1700,27.5100,28.1300,7534600
2005-10-07,29.6400,30.0000,28.7300,28.9600,8018400
2005-09-30,29.2000,29.8000,28.7300,29.5700,11600400
2005-09-23,29.9600,30.3500,28.5000,29.0200,7945500
2005-09-16,31.8200,32.3300,29.7600,29.8500,10442100
2005-09-09,30.5000,32.0000,30.3800,31.8400,6020200
2005-09-02,30.0000,30.7100,29.5400,30.4000,6747200
2005-08-26,30.6200,31.0300,29.6000,30.0200,7230900
2005-08-19,31.0500,31.4100,30.5000,30.6400,5455700
2005-08-12,29.5800,31.3000,29.1100,31.2200,12766300
2005-08-05,28.9600,30.0000,28.7000,29.7000,8959100
2005-07-29,29.0300,29.2900,28.5000,28.7200,8429000
2005-07-22,29.9000,30.0700,28.8100,29.0800,11829700
2005-07-15,30.0300,30.4800,29.7800,29.9500,7494600
2005-07-08,30.0800,30.1900,29.6200,30.0700,6160300
2005-07-01,29.6800,30.3300,29.5200,30.1900,10211200
2005-06-24,30.2800,30.4000,29.3600,29.8600,14215900
2005-06-17,29.0800,30.5300,29.0800,29.9700,7053800
2005-06-10,29.9800,30.0600,28.9900,29.1500,6695400
2005-06-03,28.9900,30.2200,28.7000,29.9800,5952000
2005-05-27,29.7500,29.7500,28.7500,29.0500,4710400
2005-05-20,28.6900,29.9000,28.2700,29.7600,6262400
2005-05-13,27.9300,28.9300,27.7500,28.8200,8905200
2005-05-06,29.1600,29.9700,27.2600,27.9300,12368500
2005-04-29,29.6500,29.7300,28.2300,28.9500,6169600
2005-04-22,28.8300,30.1500,28.5700,29.6500,9371200
2005-04-15,29.1400,29.8100,28.3200,28.9000,9664700
2005-04-08,29.2100,29.4900,28.6600,29.1000,5462900
2005-04-01,28.5000,29.8500,28.0400,29.2900,11533800
2005-03-24,29.0400,29.2000,28.4100,28.5200,12207700
2005-03-18,28.4300,31.0000,28.1300,29.0000,25138000
2005-03-11,30.4300,30.8800,28.2000,28.4900,24562700
2005-03-04,29.3600,30.7500,29.3200,30.3900,7999100
2005-02-25,29.5500,30.0800,28.8100,29.3100,8881200
2005-02-18,31.0500,31.5800,29.6100,29.6200,11699700
2005-02-11,30.3100,30.8500,29.9700,30.3500,6718500
2005-02-04,30.6200,31.0000,29.6100,30.3000,9195700
2005-01-28,32.4700,32.9200,29.4500,30.0200,19221100
2005-01-21,32.9800,33.3900,31.7100,32.5400,10966700
2005-01-14,32.6500,33.5200,31.8000,33.0000,10634900
2005-01-07,33.2200,33.6800,32.1400,32.7600,9368900
2004-12-31,33.0100,33.4600,32.5700,33.2500,4896100
2004-12-23,33.1000,33.9800,32.8800,33.0700,5658900
2004-12-17,32.3500,33.5700,31.6400,33.0800,10396200
2004-12-10,32.5800,32.9600,31.5100,32.3000,9274500
2004-12-03,33.5500,34.3800,32.7400,33.6000,11589400
2004-11-26,32.6200,33.8200,32.5500,33.4600,5397400
2004-11-19,32.3600,33.6400,32.2500,32.6500,10896500
2004-11-12,30.1900,32.5200,29.9200,32.4500,18893300
2004-11-05,31.7450,32.0900,29.7500,30.3000,15995600
2004-10-29,32.2400,32.5000,31.5600,31.6200,8342200
2004-10-22,33.0000,33.7100,31.5300,32.1500,9813400
2004-10-15,31.8500,33.8900,31.8400,32.9300,12354500
2004-10-08,31.6200,32.3200,31.2900,31.7100,8642800
2004-10-01,31.6600,31.9100,30.8200,31.7400,9075700
2004-09-24,31.1000,32.1900,30.5500,31.8900,9377800
2004-09-17,31.6200,31.9700,31.1100,31.2900,8759800
2004-09-10,30.9200,31.6000,30.6500,31.5300,7366500
2004-09-03,31.3800,31.4500,30.2000,30.6700,6108100
2004-08-27,31.6500,31.8300,30.4000,31.3400,7325900
2004-08-20,31.0000,32.0000,30.4300,31.6200,13827700
2004-08-13,27.8700,31.4200,27.0300,30.8600,29621800
2004-08-06,28.4300,29.5400,27.5900,27.8900,14751900
2004-07-30,28.9000,29.0500,27.4900,27.7200,10110400
2004-07-23,28.8000,29.2500,26.9500,28.9000,22342900
2004-07-16,29.1700,30.0400,28.7300,28.7300,9677100
2004-07-09,30.4300,30.6000,28.6400,29.2900,10088900
2004-07-02,30.2800,31.0300,29.7100,30.2900,10755800
2004-06-25,30.9000,31.0300,29.4000,29.7300,14185800
2004-06-18,31.5000,31.7500,30.5700,30.9500,10712600
2004-06-10,31.4100,32.1200,31.3400,31.6800,10318500
2004-06-04,31.9200,32.1100,31.0400,31.3400,9004300
2004-05-28,31.9400,32.8500,31.3800,32.1600,10585900
2004-05-21,30.0800,31.8500,29.5000,31.8300,14021200
2004-05-14,31.4200,31.6000,29.2700,30.2700,18979000
2004-05-07,33.6400,34.6800,30.9000,31.6200,21525000
2004-04-30,34.4200,34.8500,32.8900,33.1900,9861500
2004-04-23,33.1600,34.9100,32.7500,34.4800,11862100
2004-04-16,33.1600,34.3000,32.9500,33.0100,8725800
2004-04-08,33.0500,33.5000,32.4700,33.0800,8193100
2004-04-02,33.3700,33.7500,32.2200,32.9900,17683200
2004-03-26,33.0000,34.8000,32.9200,33.7000,17254100
2004-03-19,35.5500,35.7000,32.9700,33.1000,12706200
2004-03-12,34.6500,35.7500,33.3000,35.4800,25728000
2004-03-05,36.2400,37.4000,34.5169,34.5500,16475500
2004-02-27,36.6500,37.4500,35.5600,36.1200,12441600
2004-02-20,38.9400,39.9100,36.3100,36.7700,12074900
2004-02-13,37.9100,40.1000,37.4300,38.9300,20932100
2004-02-06,36.6600,38.4900,35.8900,38.0200,11334300
2004-01-30,37.1800,38.5600,35.8800,36.5000,11940500
2004-01-23,36.1000,37.8200,35.2500,37.3200,10133100
2004-01-16,35.8100,36.4900,35.1500,36.0500,10877100
2004-01-09,34.3300,36.4300,33.4800,35.7700,17182400
2004-01-02,34.0000,34.5000,33.4400,34.0900,8509300
2003-12-26,33.2000,34.4500,33.0000,34.0600,9850500
2003-12-19,32.5000,33.3000,29.7500,33.1000,28713000
2003-12-12,32.6400,33.1000,31.0300,32.4200,24185100
2003-12-05,34.4900,34.6400,32.6500,32.9000,15405300
2003-11-28,34.0300,34.9400,33.5600,34.4500,7263900
2003-11-21,33.3000,34.8900,33.0500,33.8200,16281200
2003-11-14,36.6000,37.1400,31.9100,33.3900,61214800
2003-11-07,38.3300,38.5900,35.9700,36.6500,17072200
2003-10-31,38.8600,39.2700,37.7700,38.2500,11003400
2003-10-24,39.6800,39.8900,38.2800,38.8200,12539700
2003-10-17,39.9700,40.6000,39.4700,39.6600,8674900
2003-10-10,40.1600,40.7900,39.3600,39.8400,11488600
2003-10-03,38.9700,40.5000,38.1200,40.0200,9828300
2003-09-26,40.2600,41.0000,38.4300,38.5400,13048400
2003-09-19,37.4400,40.4500,37.0700,39.5300,15681100
2003-09-12,38.4800,39.0000,36.2800,37.3800,10041000
2003-09-05,36.9200,40.9500,36.9100,38.3000,9625200
2003-08-29,36.3200,37.2500,35.2500,37.0500,6616900
2003-08-22,35.9700,36.6600,35.4400,36.3400,12137500
2003-08-15,36.1300,37.0000,33.8220,35.7700,20424800
2003-08-08,35.7500,36.4600,35.1200,36.0300,8901200
2003-08-01,37.2500,37.2500,35.5300,35.7700,9009400
2003-07-25,35.9600,37.2000,35.2500,37.1500,17105300
2003-07-18,36.7300,37.7000,34.5000,35.3300,13683600
2003-07-11,35.1900,36.7800,35.1500,36.5700,9569300
2003-07-03,35.0300,35.7000,34.1300,34.5100,8617800
2003-06-27,35.5200,35.8500,34.1400,34.7700,14363800
2003-06-20,35.5100,37.0700,34.6100,35.5800,15971500
2003-06-13,33.8000,36.3200,32.8050,35.5800,19190500
2003-06-06,32.9000,35.5500,32.2700,33.8100,15054700
2003-05-30,31.3900,33.5900,31.2800,33.1000,12050900
2003-05-23,30.9400,32.7500,30.1100,31.4900,16655500
2003-05-16,32.9800,32.9900,30.6200,31.2900,21905400
2003-05-09,32.1600,33.8700,30.4800,33.2800,36050300
2003-05-02,28.5400,32.1500,28.5200,32.0300,16056300
2003-04-25,28.6900,29.9500,28.2800,28.6000,12524700
2003-04-17,28.0100,29.1700,27.8800,28.7300,10700900
2003-04-11,29.6900,30.3300,27.3300,27.6300,25243000
2003-04-04,29.1900,30.1400,28.2900,29.0900,15847700
2003-03-28,30.4200,30.5000,28.0200,29.4800,14250200
2003-03-21,28.9800,30.5000,28.8100,30.4000,17020400
2003-03-14,28.7400,29.5100,27.8600,29.2000,19854200
2003-03-07,26.4000,29.3300,25.7600,28.7500,32729300
2003-02-28,26.8900,27.0100,25.2500,26.3300,14755500
2003-02-21,25.2200,26.9500,25.2100,26.6000,8925700
2003-02-14,24.8200,25.8700,23.8800,25.1000,13759300
2003-02-07,25.8700,26.1000,24.3800,24.7000,13817400
2003-01-31,23.4600,26.1500,23.0400,25.9500,23868400
2003-01-24,26.3000,26.4500,23.3500,23.5700,16675000
2003-01-17,27.0500,27.4700,25.6400,25.7700,26019500
2003-01-10,23.8500,26.8000,23.5700,26.2200,27648900
2003-01-03,21.9700,23.9000,21.5400,23.9000,12994400
2002-12-27,22.2000,23.2600,21.8200,21.9700,7233800
2002-12-20,20.3000,23.4200,20.2900,22.2000,25882000
2002-12-13,19.6000,22.1400,19.0300,20.2500,33259800
2002-12-06,20.5000,20.9800,19.3500,19.6100,8092300
2002-11-29,19.8900,20.5900,19.4300,20.4100,11631200
2002-11-22,19.2700,20.0100,18.2500,19.8100,18604700
2002-11-15,20.0000,20.3600,17.9700,19.0100,27491400
2002-11-08,20.0000,21.2500,19.7500,20.0000,14318000
2002-11-01,20.4900,21.0200,19.5600,19.7400,18046100
2002-10-25,16.9500,20.3300,16.6800,20.2500,19107200
2002-10-18,17.2300,17.4100,16.7300,16.9400,16339500
2002-10-11,16.9300,18.0400,16.2700,17.2800,23294700
2002-10-04,17.6000,18.1100,16.7400,16.9500,18139300
2002-09-27,17.5000,18.1600,16.0000,17.7100,18260700
2002-09-20,17.3600,17.8100,16.8000,17.5100,11470800
2002-09-13,17.3800,18.8400,17.1100,17.3400,10538900
2002-09-06,17.6800,17.9600,16.9700,17.5000,9926600
2002-08-30,18.5800,19.1000,17.0500,17.8000,10276900
2002-08-23,18.4900,19.5200,17.9700,18.5200,22145300
2002-08-16,15.6800,18.6000,14.4300,18.4100,32090000
2002-08-09,15.1300,16.0900,14.1600,15.9300,13174800
2002-08-02,15.5300,16.7600,14.7800,15.1900,16659300
2002-07-26,16.2300,16.7100,13.8200,15.0900,20924100
2002-07-19,17.0700,17.8000,16.0000,16.2700,18108900
2002-07-12,18.1200,18.1700,16.2800,17.4700,21717300
2002-07-05,18.3600,19.1500,15.1800,18.1600,25621500
2002-06-28,19.6000,19.8000,13.4100,18.5600,63262900
2002-06-21,22.7300,23.3000,18.7700,18.9400,27981700
2002-06-14,23.9100,24.0000,21.2300,22.6800,22498400
2002-06-07,25.2100,25.7500,22.8300,24.0000,12084300
2002-05-31,24.8500,25.7400,24.6100,25.1900,9136800
2002-05-24,24.5000,25.5900,24.0200,24.8300,12120500
2002-05-17,24.1300,25.2600,24.1100,24.5200,15058700
2002-05-10,24.9000,26.2500,24.0200,24.0800,18330500
2002-05-03,27.2000,27.6400,23.9700,24.8400,27327000
2002-04-26,28.2800,28.7900,26.8000,27.1500,11941200
2002-04-19,28.0100,29.7400,27.4100,28.3700,13855000
2002-04-12,27.5300,28.1700,27.1100,28.1100,7974400
2002-04-05,28.4000,28.5300,25.7500,27.7100,14446000
2002-03-28,28.4900,28.7900,28.0100,28.3200,6555000
2002-03-22,28.0100,28.6900,27.6600,28.6200,11525300
2002-03-15,26.7000,28.1500,26.6100,27.9100,13013400
2002-03-08,26.9400,27.9800,25.6500,26.7700,15334500
2002-03-01,23.0000,27.0500,22.5500,27.0000,31236200
2002-02-22,22.8500,23.4800,21.9200,22.9000,19728000
2002-02-15,25.7200,25.9700,22.8000,23.0700,16222300
2002-02-08,26.9000,26.9100,24.7600,25.6300,13230100
2002-02-01,28.1000,28.4000,26.2700,26.9900,11882100
2002-01-25,26.8000,28.1500,26.3000,28.0000,7232500
2002-01-18,29.2900,29.3600,26.5500,26.7900,10855200
2002-01-11,28.6900,30.0300,28.3600,29.4500,16332200
2002-01-04,27.3700,29.2000,27.0500,28.5900,12896400
2001-12-28,26.6900,27.4000,26.6000,27.3000,9252900
2001-12-21,26.2800,27.2500,25.8600,26.6900,18676600
2001-12-14,26.0600,27.0000,25.7700,25.9200,18010000
2001-12-07,26.4400,27.0400,25.7500,26.2700,13005600
2001-11-30,25.1000,26.5100,25.0700,26.4700,14711700
2001-11-23,25.9000,25.9700,24.7200,25.0100,7154200
2001-11-16,25.2400,26.4000,24.4400,25.8300,12878000
2001-11-09,23.0400,25.3100,23.0200,25.2600,29549400
2001-11-02,24.6500,26.8700,22.4700,22.7800,55024000
2001-10-26,25.5600,27.4000,24.1800,25.2600,23844300
2001-10-19,24.6500,27.9900,24.3500,25.5000,24055200
2001-10-12,23.9000,25.6600,23.0000,25.0500,19770300
2001-10-05,23.1800,24.5700,21.7900,23.8900,15654700
2001-09-28,22.4600,24.0600,20.5000,23.2700,24282400
2001-09-21,22.2800,23.2500,19.4900,21.9200,24370500
2001-09-10,23.7700,24.8300,23.7700,24.7300,3579100
2001-09-07,28.1000,28.9400,22.7200,23.7700,13906500
2001-08-31,29.0500,29.7500,27.3700,28.1600,8161200
2001-08-24,27.8600,28.9800,26.9000,28.9300,8681700
2001-08-17,28.7800,29.4900,26.4700,27.0900,8838700
2001-08-10,29.2500,30.3100,28.1000,28.7400,15243500
2001-08-03,28.4100,31.0000,27.7800,30.4400,10795700
2001-07-27,29.1300,29.3600,25.9000,28.3600,13694800
2001-07-20,30.0000,31.7700,27.3200,29.1100,30253600
2001-07-13,28.7700,30.2500,27.2900,29.3800,9308400
2001-07-06,31.6600,31.8000,28.2300,28.7000,7720100
2001-06-29,28.7000,32.8000,27.9000,32.4200,8802700
2001-06-22,27.7500,29.5000,25.7100,28.3900,9787000
2001-06-15,31.2500,31.8500,25.9200,27.4500,22547900
2001-06-08,31.9300,32.1800,29.3000,31.2000,16052600
2001-06-01,33.9000,33.9100,30.3000,31.6500,15764400
2001-05-25,35.5500,36.8300,32.8500,34.0200,38422600
2001-05-18,34.7600,37.5500,33.0500,35.5500,15558300
2001-05-11,38.4900,38.5000,34.5000,34.7000,15302600
2001-05-04,30.7600,39.0300,29.7500,38.5100,33900200
2001-04-27,30.9900,32.2500,28.9300,30.5200,7405300
2001-04-20,28.7500,33.1000,28.4900,31.1800,15091800
2001-04-12,26.9600,32.3700,26.9600,29.0600,13777400
2001-04-06,27.6300,29.2500,25.2300,26.6900,18208400
2001-03-30,27.4400,30.1300,27.3800,27.6900,7818900
2001-03-23,26.4400,28.4400,25.5600,27.3800,14555600
2001-03-16,27.5600,30.2800,24.8800,26.5000,17475700
2001-03-09,27.0600,31.3100,26.9400,28.2500,12992000
2001-03-02,28.0600,29.1300,25.2500,26.9400,10410400
2001-02-23,26.8100,29.1300,25.3100,27.5000,11593100
2001-02-16,28.6300,30.1300,24.8100,26.8000,14865100
2001-02-09,28.1300,31.5000,27.6300,29.0000,12538300
2001-02-02,30.6300,32.9400,28.0600,28.1900,10627600
2001-01-26,32.3100,34.6300,28.6900,30.8800,16607600
2001-01-19,29.3100,34.7500,27.9400,32.5600,13746500
2001-01-12,23.8800,30.6900,22.8100,29.3800,26789600
2001-01-05,23.0600,28.8800,20.5000,24.0000,20256300
2000-12-29,25.1200,26.3100,22.5600,22.7500,10168000
2000-12-22,25.2500,28.5000,21.5600,25.7500,23799600
2000-12-15,25.8800,27.4400,21.9400,25.0000,20754000
2000-12-08,26.6300,29.7500,22.2500,25.8100,31572400
2000-12-01,36.0000,36.3800,25.5000,26.5600,12651100
2000-11-24,33.7500,35.0000,30.3100,34.9400,8897400
2000-11-17,36.4400,43.1300,32.5000,33.9400,20203400
2000-11-10,45.6900,46.3800,36.7500,37.9400,10506800
2000-11-03,45.2500,48.0000,43.5000,45.0000,7901400
2000-10-27,43.3800,47.4400,39.6300,45.5600,13388400
2000-10-20,38.9400,45.1300,36.4400,44.0600,13599500
2000-10-13,43.9400,44.9400,35.8800,39.0600,19994400
2000-10-06,53.0000,56.4400,42.8100,44.3100,28766300
2000-09-29,51.8800,54.1300,49.8100,52.7500,14393500
2000-09-22,45.0000,51.8800,44.1900,51.3800,14994400
2000-09-15,47.3800,49.6300,43.8800,45.4400,12890800
2000-09-08,52.8800,52.8800,47.2500,47.2500,23342000
2000-09-01,45.0600,54.1300,42.1300,53.0600,12999100
2000-08-25,41.3100,46.6300,40.0000,45.1300,12516100
2000-08-18,38.5600,42.0000,37.2500,40.6300,12194300
2000-08-11,40.6900,41.6300,38.1300,38.5600,7303000
2000-08-04,37.2500,44.2500,36.1300,40.5600,17052300
2000-07-28,45.1900,45.3800,35.6300,36.7500,13643500
2000-07-21,44.3100,45.8800,41.2500,44.9400,14963300
2000-07-14,36.6300,44.7500,35.7500,44.1900,22204800
2000-07-07,32.8800,38.0000,31.5000,36.6900,14582700
2000-06-30,39.0000,39.0000,30.7500,33.1100,29737300
2000-06-23,37.8800,42.3800,37.0600,38.1300,23054300
2000-06-16,38.5000,38.8800,34.2500,35.0600,28574000
2000-06-09,45.9400,46.6300,35.8100,38.3800,32747200
2000-06-02,40.1300,47.0000,37.8800,47.0000,17192400
2000-05-26,44.2500,47.6300,34.1900,38.6900,25765600
2000-05-19,45.3800,51.8800,41.2500,42.3100,11853400
2000-05-12,53.2500,54.1300,42.5000,45.3800,15229200
2000-05-05,64.8800,65.0000,52.5000,54.1300,13018000
2000-04-28,46.5000,64.7500,45.0000,63.6900,18427800
2000-04-20,38.5000,58.8800,37.8800,49.4400,20640400
2000-04-14,71.3800,72.3800,41.3800,42.8100,27700700
2000-04-07,76.5600,77.0000,52.8100,72.8800,21342300
2000-03-31,79.0600,81.2500,66.0000,79.0000,12834900
2000-03-24,121.0000,129.6000,63.0000,76.1200,15147650
2000-03-17,128.5000,138.5000,110.5000,121.1000,9863400
2000-03-10,121.9000,144.5000,114.0000,138.0000,9368200
2000-03-03,112.4000,123.4000,110.4000,121.4000,10348600
2000-02-25,94.8100,127.5000,93.5000,109.5000,14452500
2000-02-18,89.6300,96.8100,86.3800,94.1300,5934500
2000-02-11,83.0000,93.9400,82.6900,89.3800,6298300
2000-02-04,82.5000,87.9400,76.9400,82.4400,11317600
2000-01-28,96.3800,104.4000,83.0000,84.1900,8128900
2000-01-21,88.7500,98.6300,87.0000,96.2500,4627100
2000-01-14,87.6300,93.9400,82.7500,90.2500,6204200
