timestamp,open,high,low,close,volume
2018-02-27,75.0800,75.0800,0.0000,75.0800,0
2018-02-23,75.0800,75.0800,75.0800,75.0800,0
2018-02-16,75.0800,75.0800,75.0800,75.0800,45
2018-02-09,75.0800,75.0800,75.0800,75.0800,0
2018-02-02,78.3200,78.3200,75.0800,75.0800,800
2018-01-26,78.3200,78.3200,78.3200,78.3200,0
2018-01-19,78.3200,78.3200,78.3200,78.3200,0
2018-01-12,78.3200,78.3200,78.3200,78.3200,2
2018-01-05,78.3200,78.3200,78.3200,78.3200,0
2017-12-29,78.3200,78.3200,78.3200,78.3200,28
2017-12-22,78.3200,78.3200,78.3200,78.3200,0
2017-12-15,78.3200,78.3200,78.3200,78.3200,0
2017-12-08,78.3200,78.3200,78.3200,78.3200,0
2017-12-01,78.3200,78.3200,78.3200,78.3200,19
2017-11-28,78.3200,78.3200,78.3200,78.3200,0
2017-11-24,78.3200,78.3200,78.3200,78.3200,0
2017-11-17,78.3200,78.3200,78.3200,78.3200,2
2017-11-10,78.3200,78.3200,78.3200,78.3200,0
2017-11-03,78.3200,78.3200,78.3200,78.3200,100
2017-10-27,78.3200,78.3200,78.3200,78.3200,0
2017-10-20,78.3200,78.3200,78.3200,78.3200,0
2017-10-13,78.1200,78.3200,77.8800,78.3200,484
2017-10-06,77.2000,78.1200,77.2000,78.1200,484
2017-09-29,77.2000,77.2000,77.2000,77.2000,0
2017-09-22,77.2000,77.2000,77.2000,77.2000,0
2017-09-15,77.2000,77.2000,77.2000,77.2000,0
2017-09-08,77.2000,77.2000,77.2000,77.2000,0
2017-08-31,77.2000,77.2000,77.2000,77.2000,0
2017-08-25,77.2000,77.2000,77.2000,77.2000,0
2017-08-18,77.2000,77.2000,77.2000,77.2000,40
2017-08-11,77.2000,77.2000,77.2000,77.2000,0
2017-08-04,77.2000,77.2000,77.2000,77.2000,0
2017-07-28,77.2000,77.2000,77.2000,77.2000,0
2017-07-21,77.2000,77.2000,77.2000,77.2000,30
2017-07-14,77.2000,77.2000,77.2000,77.2000,30
2017-07-07,77.2000,77.2000,77.2000,77.2000,30
2017-06-30,77.2000,77.2000,77.2000,77.2000,2
2017-06-23,77.2000,77.2000,77.2000,77.2000,0
2017-06-16,77.2000,77.2000,77.2000,77.2000,40
2017-06-09,77.2000,77.2000,77.2000,77.2000,94
2017-06-02,77.2000,77.2000,77.2000,77.2000,0
2017-05-26,74.4200,77.2000,74.4200,77.2000,100
2017-05-19,74.4200,74.4200,74.4200,74.4200,50
2017-05-12,74.4200,74.4200,74.4200,74.4200,0
2017-05-05,74.4200,74.4200,74.4200,74.4200,0
2017-04-28,74.4200,74.4200,74.4200,74.4200,55
2017-04-21,74.4200,74.4200,74.4200,74.4200,4
2017-04-13,74.4200,74.4200,74.4200,74.4200,27
2017-04-07,74.4200,74.4200,74.4200,74.4200,0
2017-03-31,74.4200,74.4200,74.4200,74.4200,1
2017-03-24,74.4200,74.4200,74.4200,74.4200,12
2017-03-17,75.0300,75.0300,63.1200,74.4200,556
2017-03-10,75.0300,75.0300,75.0300,75.0300,45
2017-03-03,75.0300,75.0300,75.0300,75.0300,0
2017-02-24,75.0300,75.0300,75.0300,75.0300,0
2017-02-17,79.3300,79.3300,75.0300,75.0300,200
2017-02-10,79.3300,79.3300,79.3300,79.3300,0
2017-02-03,79.3300,79.3300,79.3300,79.3300,0
2017-01-27,79.3300,79.3300,79.3300,79.3300,40
2017-01-20,79.3300,79.3300,79.3300,79.3300,0
2017-01-13,79.3300,79.3300,79.3300,79.3300,2
2017-01-06,79.3300,79.3300,79.3300,79.3300,1
2016-12-30,79.3300,79.3300,79.3300,79.3300,0
2016-12-23,79.3300,79.3300,79.3300,79.3300,0
2016-12-16,79.3300,79.3300,79.3300,79.3300,0
2016-12-09,79.3300,79.3300,79.3300,79.3300,0
2016-12-02,79.3300,79.3300,79.3300,79.3300,62
2016-11-25,79.3300,79.3300,79.3300,79.3300,0
2016-11-18,79.3300,79.3300,79.3300,79.3300,0
2016-11-11,79.3300,79.3300,79.3300,79.3300,0
2016-11-04,81.6500,81.6500,79.3300,79.3300,125
2016-10-28,81.6500,81.6500,81.6500,81.6500,0
2016-10-21,81.6500,81.6500,81.6500,81.6500,0
2016-10-14,81.6500,81.6500,81.6500,81.6500,0
2016-10-07,81.6500,81.6500,81.6500,81.6500,0
2016-09-30,81.6500,81.6500,81.6500,81.6500,0
2016-09-23,81.6500,81.6500,81.6500,81.6500,0
2016-09-16,81.6500,81.6500,81.6500,81.6500,0
2016-09-09,81.6500,81.6500,81.6500,81.6500,1
2016-09-02,81.6500,81.6500,81.6500,81.6500,0
2016-08-26,81.6500,81.6500,81.6500,81.6500,0
2016-08-19,81.6500,81.6500,81.6500,81.6500,19
2016-08-12,81.6500,81.6500,81.6500,81.6500,0
2016-08-05,81.6500,81.6500,81.6500,81.6500,1
2016-07-29,81.6500,81.6500,81.6500,81.6500,1
2016-07-22,81.6500,81.6500,81.6500,81.6500,0
2016-07-15,81.6500,81.6500,81.6500,81.6500,0
2016-07-08,81.6500,81.6500,81.6500,81.6500,0
2016-07-01,81.6500,81.6500,81.6500,81.6500,0
2016-06-24,81.6500,81.6500,81.6500,81.6500,4
2016-06-17,81.6500,81.6500,81.6500,81.6500,1
2016-06-10,80.8500,81.6500,80.8500,81.6500,900
2016-06-03,79.2900,81.2100,79.2900,81.2100,1803
2016-05-27,80.2005,80.2005,79.2500,79.5000,1504
2016-05-20,80.3999,80.3999,80.0600,80.2005,803
2016-05-13,80.1000,80.6100,80.0800,80.6100,604
2016-05-06,81.2700,81.2700,81.2700,81.2700,29
2016-04-29,81.2700,81.2700,81.2700,81.2700,26
2016-04-22,81.2700,81.2700,81.2700,81.2700,8
2016-04-15,81.2700,81.2700,81.2700,81.2700,12
2016-04-08,81.2700,81.2700,81.2700,81.2700,3
2016-04-01,77.9430,81.2700,77.9430,81.2700,167
2016-03-24,80.4200,80.4200,77.9430,77.9430,6762
2016-03-18,78.4600,78.9900,77.9000,78.6000,6600
2016-03-11,79.7800,79.7800,77.6700,78.9200,11053
2016-03-04,79.7800,79.7800,79.7800,79.7800,12
2016-02-26,79.9700,80.0700,78.0000,79.7800,5759
2016-02-19,83.1100,83.1100,79.6986,79.6986,8292
2016-02-12,76.7000,80.1487,76.7000,80.0900,5978
2016-02-05,76.7000,76.7000,76.7000,76.7000,99
2016-01-29,76.7000,76.7000,76.7000,76.7000,142
2016-01-22,76.7000,76.7000,76.7000,76.7000,118
2016-01-15,75.7800,75.7800,75.7800,75.7800,28
2016-01-08,75.0400,75.7800,74.8900,75.7800,401
2015-12-31,74.3500,74.3500,74.3500,74.3500,46
2015-12-24,75.3600,75.3600,74.3500,74.3500,405
2015-12-18,75.2410,75.3600,75.2410,75.3600,397
2015-12-11,75.9699,75.9699,74.8400,74.8400,472
2015-12-04,73.5300,74.9300,73.5300,74.9300,300
2015-11-27,73.5300,73.5300,73.5300,73.5300,0
2015-11-20,72.9399,73.5300,72.9399,73.5300,326
2015-11-13,73.7000,73.7000,72.9399,72.9399,806
2015-11-06,75.0000,75.0000,73.7000,73.7000,727
2015-10-30,75.0400,75.8499,75.0000,75.0000,430
2015-10-23,75.6686,75.7700,75.0400,75.0400,782
2015-10-16,75.6686,75.6686,75.6686,75.6686,4
2015-10-09,75.6686,75.6686,75.6686,75.6686,204
2015-10-02,73.4190,75.6686,73.4190,75.6686,271
2015-09-25,73.4190,73.4190,73.4190,73.4190,0
2015-09-18,73.4190,73.4190,73.4190,73.4190,68
2015-09-11,74.4800,74.4800,73.4190,73.4190,202
2015-09-04,76.7300,76.7300,73.9000,74.4800,1043
2015-08-28,76.7300,76.7300,76.7300,76.7300,208
2015-08-21,75.5653,75.5653,74.9600,75.0400,1315
2015-08-14,74.1400,75.5653,74.1400,75.5653,208
2015-08-07,74.1400,74.1400,74.1400,74.1400,6
2015-07-31,71.5400,74.1400,71.5400,74.1400,500
2015-07-24,71.5400,71.5400,71.5400,71.5400,0
2015-07-17,71.5300,71.5400,71.5300,71.5400,400
2015-07-10,71.5300,71.5300,71.5300,71.5300,2
2015-07-02,71.5300,71.5300,71.5300,71.5300,12
2015-06-26,71.5300,71.5300,71.5300,71.5300,6
2015-06-19,71.5300,71.5300,71.5300,71.5300,1
2015-06-12,71.5300,71.5300,71.5300,71.5300,38
2015-06-05,73.4200,73.4200,71.5300,71.5300,1316
2015-05-29,73.4200,73.4200,73.4200,73.4200,160
2015-05-22,72.1201,72.7100,72.1201,72.7100,154
2015-05-15,73.9300,73.9300,72.1200,72.1201,593
2015-05-08,74.0900,74.0900,73.9300,73.9300,187
2015-05-01,75.5700,75.5700,74.0900,74.0900,524
2015-04-24,77.2600,77.2600,75.5700,75.5700,153
2015-04-17,76.7000,77.2600,76.6500,77.2600,1902
2015-04-10,76.5300,76.5300,76.5300,76.5300,29
2015-04-02,76.5300,76.5300,76.5300,76.5300,0
2015-03-27,76.5300,76.5300,76.5300,76.5300,2
2015-03-20,73.3100,76.7100,73.3100,76.5300,1290
2015-03-13,73.3100,73.3100,73.3100,73.3100,40
2015-03-06,75.5900,75.5900,73.3080,73.3100,5503
2015-02-27,75.2400,76.2700,75.2400,76.2700,1261
2015-02-20,78.1401,78.1401,78.1401,78.1401,145
2015-02-13,78.1401,78.1401,78.1401,78.1401,17
2015-02-06,78.1401,78.1401,78.1401,78.1401,25
2015-01-30,77.3600,78.1401,77.3600,78.1401,600
2015-01-23,78.6900,78.6900,77.3600,77.3600,628
2015-01-16,76.6000,78.1500,76.6000,78.1500,368
2015-01-09,76.3900,77.1619,76.3900,76.6000,768
2015-01-02,74.0400,74.0400,74.0400,74.0400,116
2014-12-26,75.5900,75.5900,74.0400,74.0400,781
2014-12-19,71.6999,75.5900,71.6999,75.5900,4620
2014-12-12,71.6999,71.6999,71.6999,71.6999,58
2014-12-05,71.6999,71.6999,71.6999,71.6999,0
2014-11-28,71.6999,71.6999,71.6999,71.6999,0
2014-11-21,71.6999,71.6999,71.6999,71.6999,0
2014-11-14,72.2900,72.2900,71.6999,71.6999,100
2014-11-07,72.2900,72.2900,72.2900,72.2900,0
2014-10-31,72.2900,72.2900,72.2900,72.2900,15
2014-10-24,72.2900,72.2900,72.2900,72.2900,0
2014-10-17,72.2900,72.2900,72.2900,72.2900,450
2014-10-10,70.0000,70.0000,70.0000,70.0000,1
2014-10-03,70.0000,70.0000,70.0000,70.0000,0
2014-09-26,70.0000,70.0000,70.0000,70.0000,58
2014-09-19,70.0000,70.0000,70.0000,70.0000,0
2014-09-12,70.0000,70.0000,70.0000,70.0000,0
2014-09-05,70.0000,70.0000,70.0000,70.0000,30
2014-08-29,70.0000,70.0000,70.0000,70.0000,21
2014-08-22,70.0000,70.0000,70.0000,70.0000,1
2014-08-15,70.0000,70.0000,70.0000,70.0000,75
2014-08-08,68.9800,70.0000,68.9800,70.0000,800
2014-08-01,68.8900,68.8900,68.8900,68.8900,0
2014-07-25,68.8900,68.8900,68.8900,68.8900,50
2014-07-18,68.4199,68.9300,68.4199,68.8900,500
2014-07-11,68.4200,68.4200,68.4199,68.4199,7
2014-07-03,68.4200,68.4200,68.4199,68.4199,51
2014-06-27,67.5100,68.4199,67.5100,68.4199,200
2014-06-20,67.1000,67.5100,67.1000,67.5100,3700
2014-06-13,67.0999,67.1000,67.0999,67.1000,200
2014-06-06,67.5100,67.5100,66.8900,67.2600,1000
2014-05-30,67.5100,67.5100,67.5100,67.5100,70
2014-05-23,68.1400,68.1400,67.4700,67.5100,35400
2014-05-16,66.6500,67.1000,66.5000,67.0400,98707
2014-05-09,66.8400,67.3300,66.8400,67.3300,1800
2014-05-02,66.2300,66.8400,65.6100,66.8400,44300
2014-04-25,65.7900,66.5000,65.7800,66.3400,29200
2014-04-17,65.9800,66.5000,65.9800,66.3600,200
2014-04-11,64.5300,65.9800,64.5300,65.9800,460
2014-04-04,65.0800,65.0800,64.5300,64.5300,2500
2014-03-28,65.2900,66.1200,65.2300,66.0000,4601
2014-03-21,65.2200,65.2200,65.2200,65.2200,0
2014-03-14,63.8000,65.2200,63.8000,65.2200,6500
2014-03-07,65.4500,65.4500,63.8000,63.8000,16925
2014-02-28,64.0100,64.9100,63.9200,64.7500,45300
2014-02-21,64.2200,64.4800,63.6900,63.8600,65800
2014-02-14,64.1700,64.3800,63.4500,64.0300,376800
2014-02-07,64.6700,65.4200,64.0200,64.2200,774700
2014-01-31,63.9100,64.8900,63.5600,64.5900,140400
2014-01-24,62.9400,64.1800,62.6600,64.1300,307400
2014-01-17,62.5100,62.9900,61.9800,62.9100,310600
2014-01-10,60.6100,62.2700,60.6100,62.1800,144600
2014-01-03,60.8900,60.8900,60.6100,60.6100,4000
2013-12-27,61.8200,61.8200,60.8900,60.8900,500
2013-12-20,61.7400,61.8200,61.4400,61.8200,200
2013-12-13,61.7400,61.7400,61.7400,61.7400,0
2013-12-06,61.7400,61.7400,61.7400,61.7400,0
2013-11-29,61.7400,61.7400,61.7400,61.7400,0
2013-11-22,62.6300,62.6300,61.7400,61.7400,8400
2013-11-15,63.1900,63.1900,62.6300,62.6300,500
2013-11-08,64.3000,64.3000,63.1900,63.1900,100
2013-11-01,64.3000,64.3000,64.3000,64.3000,0
2013-10-25,63.7000,64.3000,63.7000,64.3000,800
2013-10-18,62.4000,63.7300,62.4000,63.7000,3400
2013-10-11,62.3800,62.4000,62.3800,62.4000,500
2013-10-04,62.3800,63.0800,62.3800,62.3800,500
2013-09-27,62.3800,62.3800,62.3800,62.3800,0
2013-09-20,60.8200,62.3800,60.8200,62.3800,2900
2013-09-13,60.6999,60.8510,60.1200,60.8200,2700
2013-09-06,62.3000,62.3000,60.7490,60.7490,200
2013-08-30,62.3000,62.3000,62.3000,62.3000,0
2013-08-23,62.3000,62.3000,62.3000,62.3000,0
2013-08-16,62.3000,62.3000,62.3000,62.3000,0
2013-08-09,62.3000,62.3000,62.3000,62.3000,100
2013-08-02,63.2100,63.2100,62.0100,62.0100,100
2013-07-26,63.2100,63.2100,63.2100,63.2100,0
2013-07-19,63.2101,63.2101,63.2100,63.2100,100
2013-07-12,62.1000,62.1000,62.1000,62.1000,0
2013-07-05,63.8900,63.8900,62.1000,62.1000,3200
2013-06-28,62.7500,62.7500,62.7500,62.7500,100
2013-06-21,67.0900,67.0900,63.9500,63.9500,4600
2013-06-14,66.1500,67.0900,65.8100,67.0900,6500
2013-06-07,67.0000,68.1800,66.6100,66.6300,2900
2013-05-31,67.8200,67.8200,66.4100,66.4400,13600
2013-05-24,69.0000,69.0000,68.3400,68.3400,700
2013-05-17,69.0700,69.4400,68.4600,69.0000,4900
2013-05-10,70.4400,70.4400,69.5200,69.5200,1400
2013-05-03,71.8699,71.8700,70.6300,70.6300,5400
2013-04-26,71.4400,71.4400,71.2800,71.2800,1800
2013-04-19,70.9100,71.4400,70.9100,71.4400,2800
2013-04-12,70.7000,70.7000,69.8700,69.9200,900
2013-04-05,68.9800,69.8400,68.9800,69.8400,100
2013-03-28,68.1300,69.0000,68.1200,68.9800,5700
2013-03-22,68.0100,68.4600,67.8100,68.1300,3100
2013-03-15,68.4100,68.4100,66.8600,66.8600,1100
2013-03-08,68.9500,69.0500,68.4100,68.4100,4600
2013-03-01,67.9800,69.0600,67.9800,68.9000,1500
2013-02-22,67.4800,67.7301,67.0300,67.7301,2300
2013-02-15,67.5400,67.5400,67.0100,67.4800,3100
2013-02-08,67.3200,67.7300,66.9400,67.5300,2400
2013-02-01,67.4500,67.8100,66.8500,66.8500,4100
2013-01-25,68.5300,68.5300,68.1000,68.1000,200
2013-01-18,68.0400,68.5600,68.0400,68.5300,400
2013-01-11,68.0700,68.0700,68.0400,68.0400,200
2013-01-04,70.3300,70.3300,68.0500,68.0700,5500
2012-12-28,69.2600,70.3600,69.2600,70.3300,7400
2012-12-21,70.3300,70.3300,69.2300,69.2600,1300
2012-12-14,71.1600,71.1600,70.1900,70.1900,7400
2012-12-07,71.3800,71.3800,71.1400,71.1600,200
2012-11-30,71.1100,71.5900,70.9800,71.3800,14800
2012-11-23,70.8300,71.3800,70.6200,70.6200,7400
2012-11-16,70.8300,70.8300,70.8300,70.8300,0
2012-11-09,70.0900,70.8300,69.6100,70.8300,6600
2012-11-02,68.7500,68.7500,68.7500,68.7500,0
2012-10-26,69.1300,69.3073,68.6300,68.7500,3800
2012-10-19,69.8500,69.8500,68.5900,68.5900,100
2012-10-12,69.2600,69.9400,69.2600,69.8500,3400
2012-10-05,70.5500,70.5500,69.2600,69.2600,3100
2012-09-28,69.3200,70.5500,69.3200,70.5500,1700
2012-09-21,67.7300,68.9200,67.7300,68.6200,900
2012-09-14,70.5700,70.5700,67.7300,67.7300,18400
2012-09-07,71.4100,71.5600,70.5000,70.5700,4900
2012-08-31,70.6680,71.0200,70.6680,71.0000,4200
2012-08-24,69.0600,70.6200,68.4200,70.6000,14300
2012-08-17,70.6680,70.6680,68.8700,68.8700,5800
2012-08-10,70.9900,70.9900,70.0600,70.5300,27100
2012-08-03,70.9900,70.9900,70.9900,70.9900,0
2012-07-27,72.3200,73.0100,70.9900,70.9900,2200
2012-07-20,72.0400,72.3200,72.0400,72.3200,200
2012-07-13,70.2800,72.5000,66.4500,72.0400,5500
2012-07-06,70.2800,70.2800,70.2800,70.2800,0
2012-06-29,70.5400,70.5400,70.2800,70.2800,300
2012-06-22,70.5400,70.5400,70.5400,70.5400,0
2012-06-15,70.9000,70.9000,70.5400,70.5400,500
2012-06-08,72.2100,72.2100,70.9000,70.9000,500
2012-06-01,69.3600,69.3600,69.3600,69.3600,0
2012-05-25,69.2300,69.8500,69.2300,69.3600,800
2012-05-18,68.5500,69.2300,68.4300,69.2300,14700
2012-05-11,67.1000,67.9100,67.0700,67.8700,6000
2012-05-04,66.5600,66.9600,66.2600,66.9600,7200
2012-04-27,65.6400,66.2700,65.3200,66.2700,7100
2012-04-20,64.7000,66.0100,64.7000,65.6400,4800
2012-04-13,64.8700,65.6000,64.7000,64.7000,24300
2012-04-05,63.3000,63.7400,62.4400,63.4300,27400
2012-03-30,62.9000,63.6200,62.9000,63.5900,8100
2012-03-23,61.6500,62.3400,61.5400,62.3100,19300
2012-03-16,64.5000,64.5000,61.7200,62.2450,11300
2012-03-09,64.7700,65.7100,64.4800,64.5000,24000
2012-03-02,66.2500,66.2500,64.7700,64.7700,18100
2012-02-24,64.8700,64.8700,64.8700,64.8700,0
2012-02-17,65.2400,65.2400,64.8500,64.8660,4300
2012-02-10,65.4000,65.4000,64.5400,65.2400,700
2012-02-03,66.8300,67.0001,65.4000,65.4000,4800
2012-01-27,66.8400,66.8400,64.4300,65.1900,39100
2012-01-20,66.7900,66.9600,66.7900,66.8400,6300
2012-01-13,65.5800,66.3200,65.5800,66.1300,14800
2012-01-06,65.9000,66.2600,65.4500,65.6700,25300
2011-12-30,65.1100,66.8200,65.1100,66.8200,10500
2011-12-23,66.2500,67.0000,64.9199,65.1100,5300
2011-12-16,65.0901,66.6900,64.7500,66.2500,11300
2011-12-09,65.0500,65.3300,64.4899,64.5600,1200
2011-12-02,66.2100,66.2100,64.6700,64.7000,1200
2011-11-25,65.9772,67.2800,65.8900,66.2100,24600
2011-11-18,64.5000,65.8500,64.3700,65.4500,57500
2011-11-11,64.4200,65.4600,63.8300,63.9100,150100
2011-11-04,62.2100,65.4300,62.2100,64.4900,96900
2011-10-28,62.3900,63.7000,60.4000,61.3200,115100
2011-10-21,62.9099,63.5300,62.3000,62.3000,3400
2011-10-14,63.3400,63.6544,62.2400,62.4900,10000
2011-10-07,65.9700,67.1395,63.6500,64.4000,119100
2011-09-30,66.1400,66.1600,63.4100,65.2700,184300
2011-09-23,64.3400,67.9400,64.2100,66.4800,243100
2011-09-16,64.4200,64.5400,62.5400,63.1400,194500
2011-09-09,64.5400,64.5400,63.2800,64.2700,137400
2011-09-02,60.2700,63.7000,60.0500,63.5900,11100
2011-08-26,62.3700,63.0300,60.1500,60.7200,90300
2011-08-19,60.0000,62.9600,59.4700,62.9600,137600
2011-08-12,57.4700,62.2400,57.3200,59.9600,11200
2011-08-05,53.4800,58.1400,53.4800,56.8500,194500
2011-07-29,52.0000,53.6900,52.0000,53.6900,1100
2011-07-22,52.0400,52.8000,51.2300,51.9300,64500
2011-07-15,51.6400,52.5300,51.6400,52.5200,15700
2011-07-08,49.7400,51.1800,49.5200,51.1800,28600
2011-07-01,52.3600,52.3600,49.3300,49.7400,15800
2011-06-24,52.0300,52.7300,51.4600,52.7300,25500
2011-06-17,51.8000,52.3300,50.3400,52.0300,61000
2011-06-10,51.1700,52.0200,50.7600,51.8200,87900
2011-06-03,51.1500,51.9300,51.1500,51.3736,7000
2011-05-27,50.5300,50.9500,50.0900,50.9200,25600
2011-05-20,50.2600,50.8200,49.3400,50.1300,80100
2011-05-13,49.6900,50.3500,49.1000,49.8100,98000
2011-05-06,48.1500,50.0200,48.1000,49.6900,149200
2011-04-29,47.1600,48.1100,47.1100,48.1100,122300
2011-04-21,46.2500,47.4500,46.2500,47.0700,32100
2011-04-15,44.8300,46.7600,44.8300,46.6600,4500
2011-04-08,46.2400,46.5400,44.6600,44.8300,171000
2011-04-01,46.5500,46.8700,45.9200,46.2400,112700
2011-03-25,47.0400,47.4600,46.9400,46.9500,6300
2011-03-18,46.5200,49.2000,46.5200,47.7500,17400
2011-03-11,45.0400,46.8300,44.9500,46.5280,89200
2011-03-04,46.4500,46.6200,44.9000,45.0400,10100
2011-02-25,44.9400,46.2300,44.9400,46.2300,3600
2011-02-18,44.0000,44.5695,43.9100,44.1400,26700
2011-02-11,43.3400,44.0600,42.6000,43.8000,94600
2011-02-04,46.0300,46.0300,43.1800,43.3400,94800
2011-01-28,45.4100,46.4200,45.0600,46.1300,127000
2011-01-21,45.2300,45.4500,44.6400,44.6400,22100
2011-01-14,46.0600,46.6700,45.0900,45.8700,129400
2011-01-07,45.6800,46.6300,44.4700,45.8300,134800
2010-12-31,45.4400,46.7700,44.5800,46.7700,61300
2010-12-23,46.4600,46.6600,45.3300,45.4700,27100
2010-12-17,45.9900,46.0400,44.1100,45.4350,39500
2010-12-10,48.2900,48.2900,45.8000,46.3000,133900
2010-12-03,50.2700,51.0900,48.2200,48.2900,127400
2010-11-26,49.9100,50.7000,48.9700,49.7900,31800
2010-11-19,48.9600,49.8000,48.9600,49.5000,5800
2010-11-12,51.9200,51.9200,50.1000,50.1600,4600
2010-11-05,52.0600,53.4100,52.0600,52.1000,2800
2010-10-29,53.4200,53.4200,51.5200,51.5200,2200
2010-10-22,53.1000,53.4400,52.5300,52.5300,1700
2010-10-15,54.6300,54.6500,53.3800,53.3800,10111
2010-10-08,54.2100,55.3500,54.1600,54.7600,13300
2010-10-01,53.9600,54.6900,53.4400,53.8700,10600
2010-09-24,51.9100,53.5900,51.9100,52.9900,2800
2010-09-17,52.0400,52.6000,51.5600,51.9100,5900
2010-09-10,53.7100,53.8000,51.7100,51.7100,20200
2010-09-03,54.4200,55.0000,52.1800,52.6200,11400
2010-08-27,53.6000,55.3500,53.2200,53.2200,29900
2010-08-20,53.4400,54.0000,52.7700,53.9800,33500
