timestamp,open,high,low,close,volume
2014-06-13,9.5000,9.5200,9.4700,9.5100,4562912
2014-06-06,9.3600,9.5100,9.3000,9.4900,7880174
2014-05-30,9.4800,9.5000,9.1800,9.3700,9017445
2014-05-23,9.2000,9.4300,8.9250,9.3800,4590918
2014-05-16,9.3100,9.3200,9.1500,9.2100,8236177
2014-05-09,9.3200,9.3550,9.2500,9.2700,3230452
2014-05-02,9.3500,9.3800,9.3000,9.3300,4694178
2014-04-25,9.3700,9.4200,9.2950,9.3400,8815922
2014-04-17,9.4700,9.4900,9.4200,9.4200,6693004
2014-04-11,9.4600,9.5800,9.4150,9.4200,13868700
2014-04-04,8.8500,9.6800,8.8300,9.4800,39226200
2014-03-28,8.8400,9.0500,8.2000,8.8100,2539100
2014-03-21,8.3900,8.9600,8.3900,8.8100,2871100
2014-03-14,8.9300,9.0000,8.2300,8.3400,3522500
2014-03-07,8.1600,9.0900,8.0500,8.9800,3199400
2014-02-28,7.4800,8.3400,7.4700,8.2300,3104600
2014-02-21,7.1500,7.5600,7.1100,7.4800,2478300
2014-02-14,6.5300,7.1950,6.5200,7.1400,3293600
2014-02-07,7.5400,7.5800,6.2400,6.5300,7346400
2014-01-31,10.2500,10.9600,7.4900,7.5200,8050700
2014-01-24,10.5500,10.8200,10.1800,10.1900,1585700
2014-01-17,10.7800,11.0700,10.3600,10.4600,2442000
2014-01-10,11.5800,11.7300,10.6250,10.8400,2056900
2014-01-03,11.1100,11.5900,10.9600,11.5900,1469700
2013-12-27,10.7200,11.2000,10.5000,11.1500,1277400
2013-12-20,9.4100,10.7000,9.3850,10.6600,2532700
2013-12-13,9.4600,9.9300,9.2500,9.3700,2073900
2013-12-06,10.0500,10.0700,9.4400,9.4600,3092900
2013-11-29,12.3600,12.3950,9.8200,10.0100,6405000
2013-11-22,12.9000,13.7500,11.2800,12.3500,4338500
2013-11-15,12.1900,13.2900,12.0400,12.8800,1940200
2013-11-08,11.6800,12.2700,11.4400,12.2300,2835000
2013-11-01,12.3600,12.6650,11.6400,11.7400,3105900
2013-10-25,12.5300,12.8400,11.9100,12.3700,2352400
2013-10-18,11.7100,12.5900,11.7100,12.5500,1977900
2013-10-11,11.3200,11.8100,10.9000,11.8000,1964400
2013-10-04,11.1000,11.6600,10.9500,11.4400,2829300
2013-09-27,11.7400,11.8950,11.1600,11.1900,2217200
2013-09-20,11.6900,12.3200,11.6800,11.7200,2486600
2013-09-13,11.2000,11.8300,11.0400,11.6100,3770300
2013-09-06,11.4400,11.4700,10.9400,11.0000,1571000
2013-08-30,11.3700,11.4700,10.8100,11.3000,4781600
2013-08-23,15.7600,16.1800,11.2000,11.3100,6608600
2013-08-16,14.9400,16.4200,14.9400,15.8100,1059000
2013-08-09,15.5800,15.5800,14.8900,14.9600,1102400
2013-08-02,15.2600,15.9000,14.8700,15.6400,921400
2013-07-26,15.3700,15.5600,14.9600,15.2700,1021800
2013-07-19,14.9800,15.5000,14.4500,15.5000,1079400
2013-07-12,13.7500,15.0700,13.6800,15.0200,1161600
2013-07-05,13.7600,14.2800,13.6800,13.7000,1008200
2013-06-28,14.7900,14.8400,13.7200,13.8100,4967100
2013-06-21,15.3300,15.4900,14.7400,14.9500,1629000
2013-06-14,15.3600,15.8100,15.1900,15.2200,1522600
2013-06-07,14.9800,15.3600,14.5850,15.2700,1927000
2013-05-31,14.9600,15.3700,14.8300,14.9000,1557800
2013-05-24,15.1400,15.4800,14.4300,14.7700,1570500
2013-05-17,14.6700,15.4600,14.3900,15.2000,1447100
2013-05-10,14.5100,14.7700,14.3300,14.7000,1141400
2013-05-03,13.4200,14.8800,13.1800,14.5000,2943300
2013-04-26,14.0000,14.0000,13.0700,13.4000,3126800
2013-04-19,14.3700,14.3700,13.5100,14.0000,2720900
2013-04-12,13.7100,14.7100,13.7100,14.5400,3595200
2013-04-05,14.7000,15.4500,12.9500,13.7000,11592400
2013-03-28,17.0200,17.3100,16.5400,16.6400,2178800
2013-03-22,17.2700,17.3450,16.8700,17.0100,2011500
2013-03-15,18.6600,18.7900,17.3400,17.4200,1700500
2013-03-08,18.9100,19.6400,18.2000,18.6600,1673500
2013-03-01,19.0400,19.0400,18.2900,18.9100,1491400
2013-02-22,19.7200,19.8200,18.7000,18.9100,865900
2013-02-15,19.2600,19.9600,19.1600,19.7200,1598000
2013-02-08,19.2000,19.3600,18.8000,19.2100,1804200
2013-02-01,19.0000,19.4600,18.8200,19.3500,1741393
2013-01-25,18.2400,19.7500,18.1100,19.0300,1225000
2013-01-18,18.4100,18.7300,18.2400,18.3000,1306300
2013-01-11,18.8700,18.9700,18.3000,18.4000,992100
2013-01-04,18.5600,19.2200,18.1900,18.9900,924600
2012-12-28,18.5000,18.9600,18.1500,18.5400,582800
2012-12-21,18.5400,19.1100,18.2600,18.4800,1493600
2012-12-14,17.6900,18.7700,17.5600,18.4600,1529700
2012-12-07,17.6200,17.7300,17.2400,17.6100,1128800
2012-11-30,17.2400,17.7200,17.0200,17.4500,1606100
2012-11-23,15.7000,17.2800,15.7000,17.2800,1748300
2012-11-16,15.5000,15.7300,15.1000,15.5100,1641100
2012-11-09,16.6400,16.6500,15.3300,15.4900,1621900
2012-11-02,16.8900,17.0100,16.5300,16.6100,773600
2012-10-26,16.2100,17.2400,16.0300,16.8300,1246200
2012-10-19,16.5000,17.1100,16.1600,16.2100,1440400
2012-10-12,16.7500,17.0400,16.3400,16.4800,1403200
2012-10-05,17.2100,17.5100,16.7800,16.8800,1776800
2012-09-28,17.6200,17.7100,16.8500,17.1500,1846200
2012-09-21,19.3700,19.4300,17.5000,17.6500,3515600
2012-09-14,18.9600,19.5300,18.5200,19.4300,1586200
2012-09-07,18.6600,18.9200,18.4100,18.9200,2396900
2012-08-31,18.5500,18.8000,18.2600,18.6200,2026900
2012-08-24,20.2200,20.4400,18.0300,18.5000,2823000
2012-08-17,20.3500,20.4900,19.8200,20.2100,1203500
2012-08-10,19.7400,20.3700,19.5900,20.3300,1424100
2012-08-03,18.5500,19.8800,18.2300,19.7600,1457400
2012-07-27,18.1100,18.8500,17.9600,18.6200,1574600
2012-07-20,19.3200,19.4900,18.3800,18.4700,1216300
2012-07-13,18.3200,19.5000,18.2900,19.2700,2461400
2012-07-06,18.5200,18.7800,18.2500,18.4100,897300
2012-06-29,17.5600,18.4400,17.1600,18.4300,1309500
2012-06-22,17.0000,17.8500,16.9300,17.8400,2010500
2012-06-15,17.0000,17.3100,16.3800,17.1700,1852600
2012-06-08,16.0400,17.0100,15.8400,16.7600,1217900
2012-06-01,15.6300,16.5400,15.6300,16.0300,1543100
2012-05-25,15.5800,16.0000,15.0700,15.5200,2483900
2012-05-18,15.7000,16.3100,15.3500,15.5700,3406900
2012-05-11,15.8000,16.1800,15.6800,15.9100,2314400
2012-05-04,17.7900,18.1700,15.6400,15.8900,3592300
2012-04-27,16.7100,17.9400,16.5600,17.9100,1728300
2012-04-20,17.3600,17.8200,16.9200,16.9900,2880900
2012-04-13,18.0900,18.0900,16.4200,17.2000,9899900
2012-04-05,18.8300,19.3200,18.1700,18.4400,965700
2012-03-30,18.0000,19.3400,17.9500,18.8700,1419700
2012-03-23,18.1000,18.4850,17.3400,17.8000,1210900
2012-03-16,17.8000,18.8600,17.8000,18.1500,826700
2012-03-09,17.5500,17.8500,17.1900,17.8500,1205500
2012-03-02,18.3500,18.7000,17.4900,17.6400,902700
2012-02-24,18.9000,19.0100,18.1200,18.5300,1076200
2012-02-17,18.8400,19.2200,18.0900,18.8000,1624800
2012-02-10,19.6500,19.7300,18.3500,18.6400,1012300
2012-02-03,19.5500,20.2800,19.3100,19.7400,1298700
2012-01-27,17.8300,20.2500,17.5200,19.7300,2254200
2012-01-20,18.3800,18.4900,17.3900,17.8300,1125000
2012-01-13,18.0200,18.6100,17.8400,18.2100,1231800
2012-01-06,18.4200,18.6000,17.2700,17.9800,2107200
2011-12-30,18.2300,18.5700,17.8600,18.0600,863800
2011-12-23,18.0100,18.3400,17.3800,18.3000,1240500
2011-12-16,18.5000,18.6700,16.7800,17.9400,2071600
2011-12-09,18.8700,18.9400,18.0700,18.7600,1792000
2011-12-02,17.0700,19.1100,16.5200,18.5500,3009000
2011-11-25,17.2500,17.3500,15.8200,16.5900,1731600
2011-11-18,19.3700,19.3700,16.6700,17.5000,4122600
2011-11-11,19.7500,19.8400,18.9500,19.4700,3244400
2011-11-04,21.2300,22.0700,19.6700,19.7600,2578500
2011-10-28,21.5800,23.0000,20.8900,21.4900,2733600
2011-10-21,22.3600,22.7200,20.7900,21.5500,1758600
2011-10-14,20.9000,22.5700,20.9000,22.4800,1568500
2011-10-07,21.8300,22.0900,19.4800,20.7900,2383900
2011-09-30,22.8700,23.7200,21.5800,21.8500,2179400
2011-09-23,23.8900,24.5500,21.5200,22.6300,3498400
2011-09-16,21.3500,24.8900,21.1000,24.1300,3465800
2011-09-09,20.5400,22.9600,20.5400,21.7300,2430500
2011-09-02,22.1400,23.1400,20.7500,21.2900,2544300
2011-08-26,18.4600,22.2300,17.7800,21.7100,2121400
2011-08-19,19.8500,20.8000,17.8800,18.0100,1962800
2011-08-12,19.9100,20.8300,17.4100,19.6900,3162000
2011-08-05,21.9300,22.1900,19.5600,20.5300,1770800
2011-07-29,22.3400,22.6700,20.9600,21.6100,1108700
2011-07-22,21.7500,22.7000,20.8600,22.5200,1135700
2011-07-15,22.7200,23.0400,21.7400,21.8400,1553500
2011-07-08,21.7000,23.2500,21.6100,22.9400,2672800
2011-07-01,20.5700,21.8100,20.4500,21.6000,1673000
2011-06-24,21.5800,22.2100,20.4600,20.6100,1894400
2011-06-17,21.3200,22.0200,21.2000,21.6700,2002100
2011-06-10,21.7100,21.8000,20.8300,21.2400,1664800
2011-06-03,22.4300,22.7700,21.7100,21.7400,1178800
2011-05-27,22.1000,22.3200,21.2900,22.1500,1065900
2011-05-20,22.4700,23.0000,21.9600,22.2900,1438200
2011-05-13,22.1800,23.3200,22.0500,22.6500,1647200
2011-05-06,23.2100,23.5000,22.0200,22.2400,1889500
2011-04-29,20.8400,23.4100,20.5900,22.9900,3248000
2011-04-21,20.3600,21.0300,20.0100,20.7800,2601400
2011-04-15,20.9100,20.9100,20.1000,20.5900,4261600
2011-04-08,21.7300,22.7000,20.3900,21.0300,6944400
2011-04-01,20.6300,21.2000,20.3500,20.8300,833400
2011-03-25,21.7600,21.7700,20.2900,20.6000,1587100
2011-03-18,20.9500,21.5500,20.4500,21.4800,1545600
2011-03-11,21.3200,21.6500,20.8200,21.2000,1118000
2011-03-04,20.9800,21.5900,20.6100,21.2700,1350300
2011-02-25,20.6700,20.8400,19.9700,20.8300,865800
2011-02-18,20.3300,21.1100,19.9800,20.9200,961200
2011-02-11,19.8800,20.6400,19.3900,20.4300,1162900
2011-02-04,30.3600,31.8300,29.5000,29.6700,843064
2011-01-28,29.5200,31.4700,28.2100,30.1000,1308598
2011-01-21,30.8100,30.9700,29.3200,29.6000,661866
2011-01-14,30.2800,31.4200,30.1800,31.0000,980666
2011-01-07,29.5000,32.4700,29.3700,30.3400,2061398
2010-12-31,27.9500,28.7200,27.7600,28.6300,506264
2010-12-23,27.1900,28.3300,27.1900,28.1300,464798
2010-12-17,28.4300,28.5400,26.3200,27.0100,1359200
2010-12-10,27.3700,28.6100,27.1200,28.4500,876732
2010-12-03,26.3300,27.7600,26.0000,27.4700,1274198
2010-11-26,25.5600,26.8500,24.8000,26.5600,901798
2010-11-19,25.0700,25.8900,24.2800,25.6100,669132
2010-11-12,25.2200,25.5500,24.3100,25.0300,680130
2010-11-05,25.0100,25.7400,23.4400,25.4100,743666
2010-10-29,24.3500,25.4300,23.0700,25.0200,1670132
2010-10-22,23.1200,24.2800,22.8000,24.1200,1175932
2010-10-15,22.4500,23.4900,21.9800,23.0000,661266
2010-10-08,21.1400,22.5200,20.5800,22.4000,601864
2010-10-01,21.0500,21.3400,20.1900,21.1300,699598
2010-09-24,18.3900,21.3000,18.3000,21.0500,1431600
2010-09-17,19.0000,19.0600,17.4800,18.3000,937064
2010-09-10,19.9600,19.9600,18.5100,19.0200,484866
2010-09-03,19.6700,20.2400,18.8400,19.9900,1104466
2010-08-27,15.7400,19.8600,14.9100,19.7800,2072266
2010-08-20,15.9100,16.4400,15.6400,15.6700,775200
2010-08-13,18.2200,18.3700,15.8300,16.0400,1169064
2010-08-06,19.9300,20.0000,17.7000,18.0600,561932
2010-07-30,19.3600,20.2200,19.2500,19.6100,771932
2010-07-23,17.3300,19.5600,17.1100,19.2500,1032598
2010-07-16,18.0900,18.7200,16.8700,17.1800,739066
2010-07-09,18.8300,18.8300,17.4000,18.1100,727398
2010-07-02,20.2700,20.7100,18.4700,18.5300,1127066
2010-06-25,20.3500,20.5500,19.9500,20.1900,998798
2010-06-18,19.4900,20.3000,19.1100,20.0700,962998
2010-06-11,18.5900,19.3000,17.5900,19.2900,894400
2010-06-04,20.0000,20.4500,18.4700,18.4800,662732
2010-05-28,20.7400,20.8800,19.4400,20.2000,841932
2010-05-21,22.4900,23.0400,19.5500,20.7000,971666
2010-05-14,22.7400,23.3200,21.9300,22.3200,694598
2010-05-07,23.4400,24.4800,20.2600,21.8800,1335798
2010-04-30,25.5200,25.8900,23.3300,23.4100,622998
2010-04-23,25.6900,26.3400,25.2500,25.5700,548998
2010-04-16,24.7400,27.2100,24.0900,25.8700,1069932
2010-04-09,24.2700,25.1400,23.7900,24.6600,723866
2010-04-01,24.6000,25.0500,23.7600,24.2600,480198
2010-03-26,23.9500,25.0200,23.8800,24.4600,708264
2010-03-19,24.8900,24.9800,24.0500,24.1100,832798
2010-03-12,24.4600,25.3000,24.0700,24.8600,895866
2010-03-05,22.5200,24.6100,22.4400,24.3600,1099132
2010-02-26,21.6300,22.5500,21.3100,22.4400,616732
2010-02-19,21.7100,21.9100,21.0000,21.6300,601398
2010-02-12,20.9900,21.7000,20.5900,21.5900,701464
2010-02-05,22.5400,22.6200,20.3000,21.0100,2329666
2010-01-29,22.5900,24.4100,22.3800,22.5500,1271598
2010-01-22,23.8600,23.9100,21.9300,22.4600,751198
2010-01-15,24.2200,24.9100,23.5100,23.7400,738598
2010-01-08,23.9900,25.1900,23.9700,24.1200,1069398
2009-12-31,23.5100,24.2900,23.1400,23.6600,357332
2009-12-24,22.7100,23.7000,22.5300,23.3900,314132
2009-12-18,23.0900,23.7700,22.2200,22.6000,884066
2009-12-11,24.3400,24.4800,22.2200,23.0600,1442398
2009-12-04,23.7500,25.5000,23.7200,24.2800,1352866
2009-11-27,23.5100,24.6200,23.1200,23.8300,411598
2009-11-20,23.0400,23.9600,22.8100,23.2500,486398
2009-11-13,22.0200,24.0900,21.9100,22.7700,1035800
2009-11-06,18.8400,22.1200,18.0000,21.7500,1346466
2009-10-30,20.0500,20.3800,18.7400,18.7700,1012132
2009-10-23,19.2800,20.0200,19.0600,20.0050,664332
2009-10-16,18.2500,19.2800,18.2300,19.1500,1133666
2009-10-09,15.4000,18.3300,15.2600,18.2100,802132
2009-10-02,15.6900,16.5700,14.1900,15.4000,995132
2009-09-25,16.2100,16.4400,15.5500,15.6500,689998
2009-09-18,16.8300,16.9600,16.0200,16.4000,894800
2009-09-11,17.0000,17.0200,16.5200,16.9100,456866
2009-09-04,17.2000,17.9000,16.0700,16.9600,841066
2009-08-28,16.0400,18.9800,15.8700,17.2000,970532
2009-08-21,15.1800,16.3900,14.9400,15.9500,436398
2009-08-14,16.1500,16.4200,15.3200,15.4800,639332
2009-08-07,16.0300,16.9100,15.1700,16.2900,786132
2009-07-31,15.4900,16.2200,15.2200,15.7000,535998
2009-07-24,14.9400,15.8200,14.6100,15.5600,699666
2009-07-17,13.5300,14.9800,12.9300,14.9000,1101732
2009-07-10,13.4800,14.0000,12.8800,13.4300,705598
2009-07-02,14.1500,14.3900,13.5200,13.5800,796266
2009-06-26,13.2700,14.1900,12.6600,14.1400,1204000
2009-06-19,13.9000,14.2500,13.1900,13.3400,831264
2009-06-12,12.2800,14.5900,12.1900,14.1000,1539866
2009-06-05,10.1800,12.6000,9.8800,12.3500,1955932
2009-05-29,9.8100,10.2500,9.6400,10.0700,732332
2009-05-22,10.3200,10.4300,9.6400,9.8600,1072798
2009-05-15,10.5000,10.8100,9.9000,10.2000,1400466
2009-05-08,10.3000,11.3600,10.1900,10.8800,1532132
2009-05-01,9.4400,10.8800,8.8900,10.2400,2741332
2009-04-24,9.7300,9.7900,8.4500,9.6300,1212732
2009-04-17,9.2000,10.7400,8.9200,9.9500,1896132
2009-04-09,10.0000,10.0000,8.4100,9.2000,1398466
2009-04-03,9.5100,10.7000,9.0200,10.1800,1374466
2009-03-27,8.6800,9.9500,8.6800,9.8000,1827132
2009-03-20,7.5600,8.7000,7.4400,8.4600,1190932
2009-03-13,5.0000,7.6700,4.8400,7.5000,1551732
2009-03-06,5.9900,6.1900,4.8400,5.0500,1827864
2009-02-27,6.9300,6.9700,5.7500,6.0800,1565664
2009-02-20,7.9900,7.9900,6.7500,6.8400,915332
2009-02-13,8.0800,8.3600,7.5400,7.9100,1227466
2009-02-06,7.6400,8.1400,6.9900,8.0700,1381800
2009-01-30,7.7600,8.9400,7.3500,7.8500,987332
2009-01-23,8.6000,8.8000,7.2900,7.7100,621998
2009-01-16,9.1700,9.5900,8.1500,8.4900,1117464
2009-01-09,10.5000,10.7400,9.1900,9.2300,1201466
2009-01-02,9.9000,10.5200,9.4100,10.5000,757598
2008-12-26,9.9600,10.0500,8.8300,9.9000,682732
2008-12-19,7.6500,10.1100,7.5200,9.9500,1607664
2008-12-12,6.9400,7.8400,6.7000,7.6100,1504198
2008-12-05,7.3400,7.5700,6.4300,6.7400,1772198
2008-11-28,6.8200,7.6200,6.4800,7.5800,881266
2008-11-21,8.4700,8.8200,5.8900,6.7300,1398598
2008-11-14,10.8700,11.3400,8.2300,8.5000,1081798
2008-11-07,11.5500,12.2900,10.2200,10.5600,1749998
2008-10-31,9.6100,12.2300,8.3400,11.6300,1694266
2008-10-24,11.5600,11.8700,9.5900,9.6000,1226598
2008-10-17,12.8200,14.0700,10.6700,11.3100,751532
2008-10-10,13.0000,13.8100,10.8300,12.0700,1268132
2008-10-03,16.7000,16.7000,13.0600,13.0900,909798
2008-09-26,18.9000,19.1300,14.9200,16.6700,1389466
2008-09-19,18.5700,21.9100,15.9200,18.7500,2463200
2008-09-12,19.9200,20.1600,18.3200,18.8500,1297332
2008-09-05,18.3000,20.0000,18.1400,19.3500,1308400
2008-08-29,16.0300,18.7600,15.3000,18.2800,1631464
2008-08-22,18.2500,18.2600,15.6500,16.0800,1250132
2008-08-15,19.0000,19.6000,17.8500,18.2700,1133064
2008-08-08,18.9900,19.6200,18.1900,19.0200,1202666
2008-08-01,17.7400,19.6000,16.7100,19.0900,1595398
2008-07-25,18.1500,19.2300,16.9500,17.8100,1376598
2008-07-18,16.6800,18.1100,15.1200,17.9300,2004264
2008-07-11,15.9100,18.0900,15.7400,16.5100,1915532
2008-07-03,16.0100,16.7700,15.0200,15.7500,1087532
2008-06-27,17.6900,17.6900,15.8900,15.9800,2468064
2008-06-20,18.7700,19.0700,16.9900,17.6200,1298198
2008-06-13,18.2700,19.2000,17.9100,18.8000,1324598
2008-06-06,19.8800,19.9600,18.2700,18.2900,2204664
2008-05-30,18.9400,20.0900,18.9400,19.9300,1019666
2008-05-23,19.2000,19.6300,17.9800,19.0700,1708798
2008-05-16,20.9200,20.9200,19.1200,19.2000,1639132
2008-05-09,23.1100,23.1100,20.7000,20.8500,2231132
2008-05-02,23.4700,23.5800,21.3300,23.1200,1476066
2008-04-25,23.0500,23.6800,21.8400,23.5500,1344000
2008-04-18,21.7300,23.7000,21.1300,23.1900,1546798
2008-04-11,22.4800,23.4000,21.6700,21.7800,1672266
2008-04-04,22.6500,24.3000,22.3500,22.3700,1641798
2008-03-28,20.8100,23.0200,20.8100,22.6600,1533932
2008-03-20,19.8800,20.8900,19.1900,20.5000,1039466
2008-03-14,20.2000,21.3500,18.7400,19.9900,1687998
2008-03-07,22.4400,23.1400,20.0300,20.0800,1792332
2008-02-29,22.1200,24.2200,21.9700,22.4700,1084532
2008-02-22,23.2800,23.5500,21.6400,22.2100,868332
2008-02-15,24.7000,25.0600,23.1300,23.1800,1114598
2008-02-08,25.9600,25.9600,22.7500,24.7600,2664466
2008-02-01,22.8900,26.2500,22.5800,25.9800,2355466
2008-01-25,22.2500,23.9500,20.6300,22.8900,2755532
2008-01-18,27.4600,27.6400,22.8800,23.0700,1923464
2008-01-11,28.6700,29.0200,26.3900,27.1200,1663332
2008-01-04,30.5900,31.2800,28.2300,28.4000,774332
2007-12-28,30.1200,31.4000,29.7900,30.6800,480332
2007-12-21,26.2300,30.0900,26.2200,29.9200,1702198
2007-12-14,28.9800,30.0100,26.4900,26.4900,1126866
2007-12-07,29.8200,29.8200,28.0000,28.9000,792398
2007-11-30,29.6200,30.4000,27.9800,29.8800,1001532
2007-11-23,29.1400,29.7000,27.7300,29.6400,1034600
2007-11-16,30.3700,30.6500,28.8200,29.5100,1659532
2007-11-09,31.3100,32.2100,29.7900,30.4100,1627398
2007-11-02,30.9800,33.0400,30.9100,31.7500,2464132
2007-10-26,29.5200,32.0000,29.3600,30.8400,1996932
2007-10-19,31.8700,31.8700,29.6100,29.7000,1889864
2007-10-12,30.5300,31.8700,29.8600,31.8600,2108198
2007-10-05,28.8100,30.7200,28.8100,30.5600,1930132
2007-09-28,27.5900,28.9500,27.5600,28.5300,1427198
2007-09-21,26.5100,27.7900,25.7000,27.5700,1738132
2007-09-14,24.5300,27.1900,23.7000,26.6400,2784998
2007-09-07,23.9900,25.3400,23.7200,24.4900,1366398
2007-08-31,24.3000,24.7700,23.4500,23.9800,788266
2007-08-24,24.0100,24.5900,22.6400,24.4800,1447932
2007-08-17,25.0400,25.2500,22.1500,24.0000,2460332
2007-08-10,23.9600,25.5000,22.5300,24.9300,3412000
2007-08-03,25.6600,26.4500,23.3100,23.8400,3537666
2007-07-27,28.2500,28.5400,25.3700,25.6000,2229398
2007-07-20,29.2000,29.9000,28.0000,28.2800,1762466
2007-07-13,29.2900,30.0900,29.1600,29.3200,2529664
2007-07-06,28.5300,29.2800,28.3700,29.1800,699066
2007-06-29,28.8400,29.1900,28.2800,28.5000,2353829
2007-06-22,31.1500,31.5900,28.0500,28.9000,4991998
2007-06-15,29.5200,31.7500,29.3200,31.1000,691600
2007-06-08,30.6400,30.8900,28.6600,29.6000,1176866
2007-06-01,31.2600,31.5600,30.0600,30.7300,746932
2007-05-25,30.6100,31.9800,30.0000,31.1600,1060932
2007-05-18,33.0000,33.2700,30.2500,30.5800,1694866
2007-05-11,31.5000,33.2000,30.8300,33.0900,2016732
2007-05-04,29.7700,32.1300,28.4600,31.6500,2857598
2007-04-27,29.1300,30.2000,28.1900,29.7700,1173932
2007-04-20,27.6100,30.3600,27.4900,29.2400,2382264
2007-04-13,25.6900,27.7100,25.4400,27.4200,1855932
2007-04-05,25.2700,25.9700,23.1200,25.7100,3417066
2007-03-30,26.0800,26.1900,24.8900,25.3000,1340532
2007-03-23,23.6000,26.1600,23.0000,25.9900,2113998
2007-03-16,26.0200,26.1200,23.2200,23.4900,1467198
2007-03-09,24.8700,26.5600,24.0200,26.0500,1677930
2007-03-02,27.8800,27.8800,24.7500,25.0100,1833598
2007-02-23,28.9700,29.9900,28.5900,29.3500,2438798
2007-02-16,29.0300,29.6700,28.3600,28.9900,624998
2007-02-09,29.9000,30.5400,29.0300,29.1400,915066
2007-02-02,28.2000,32.5600,28.2000,29.9500,2396066
2007-01-26,26.2200,28.0300,25.4600,28.0300,1664200
2007-01-19,28.3400,28.3400,25.4300,25.5300,785664
2007-01-12,26.6000,28.2800,26.6000,28.2400,493332
2007-01-05,28.0000,28.0700,26.4100,26.4700,449666
2006-12-29,28.5900,28.5900,27.6800,27.8600,351798
2006-12-22,27.8500,29.0000,27.4800,28.4900,731532
2006-12-15,29.7700,30.0600,27.5500,27.9000,795664
2006-12-08,29.5400,30.0500,28.4000,29.7100,867198
2006-12-01,28.5200,29.7200,27.1800,29.4300,1183598
2006-11-24,27.0000,28.9300,27.0000,28.5700,476466
2006-11-17,27.7400,29.0600,26.7200,26.9500,1578132
2006-11-10,26.4100,28.6800,25.7100,27.6800,1818732
2006-11-03,22.8700,26.7400,21.6700,26.4300,1214866
2006-10-27,23.3100,24.0300,22.4900,22.9800,842666
2006-10-20,23.5800,24.0900,23.0500,23.4300,854732
2006-10-13,21.8200,23.5700,21.1100,23.5600,826132
2006-10-06,21.8800,22.5500,21.2500,21.9000,1008132
2006-09-29,21.1000,22.2300,20.3600,21.8200,600264
2006-09-22,21.1200,21.3500,20.1600,21.1200,561666
2006-09-15,19.8000,21.6900,19.0300,20.9400,1072598
2006-09-08,19.2900,19.9400,18.4600,19.8000,987398
2006-09-01,18.8000,19.4100,18.6500,18.9500,823932
2006-08-25,18.8400,19.3600,18.4900,18.7500,298864
2006-08-18,18.0200,19.0300,17.4100,19.0000,691132
2006-08-11,19.3500,19.9600,17.6000,17.9300,373798
2006-08-04,20.3400,20.6500,19.0600,19.4200,912266
2006-07-28,18.4500,20.5000,18.3300,20.2200,1410598
2006-07-21,18.4500,19.0800,18.2100,18.3400,564930
2006-07-14,17.7000,19.2500,17.6600,18.4700,1139598
2006-07-07,17.9900,19.1800,17.5100,17.7000,504866
2006-06-30,17.6800,18.9500,17.4500,18.0000,1854264
2006-06-23,17.3600,17.6200,16.9400,17.6100,621798
2006-06-16,17.9500,18.8500,16.6500,17.3000,2043866
2006-06-09,18.7300,19.1400,16.8100,17.9300,1386866
2006-06-02,19.0000,19.2500,18.5600,18.8100,734998
2006-05-26,17.4200,19.5000,16.6200,18.9200,562000
2006-05-19,18.4000,18.4400,17.3000,17.9600,384932
2006-05-12,19.2600,19.4300,18.2500,18.4000,231532
2006-05-05,19.4800,19.7400,18.8800,19.3200,311798
2006-04-28,18.8000,19.5300,18.5000,19.4200,204532
2006-04-21,17.1000,19.1300,17.1000,18.9700,448332
2006-04-13,17.7900,17.9500,16.7500,17.2800,433198
2006-04-07,18.0300,18.6000,17.5300,17.8100,523066
2006-03-31,16.5500,18.0500,16.5500,17.7800,503998
2006-03-24,16.0000,16.7500,15.9700,16.6600,937332
2006-03-17,16.2400,16.8500,15.9700,16.1500,739666
2006-03-10,14.8100,16.3300,14.5500,16.2700,1152664
2006-03-03,14.4600,14.9700,13.8500,14.8200,500466
2006-02-24,14.8400,15.1900,13.8500,14.4500,861732
2006-02-17,13.3700,15.2000,13.3700,14.9900,537598
2006-02-10,13.7500,13.7900,12.8900,13.3000,189132
2006-02-03,12.9900,14.7200,12.7500,13.7200,1209998
2006-01-27,12.2500,13.0000,11.9900,12.8000,767398
2006-01-20,12.0200,12.6000,11.9100,12.2500,180600
2006-01-13,11.8400,12.0400,10.7000,12.0200,597532
2006-01-06,11.8600,11.9700,11.6700,11.7500,175732
2005-12-30,11.7000,12.0400,11.5100,11.9900,62466
2005-12-23,11.9000,12.1100,11.5300,11.7500,58132
2005-12-16,11.7000,12.2100,11.6600,11.8700,99864
2005-12-09,12.1000,12.3300,11.5600,11.6600,203998
2005-12-02,12.7000,12.8500,11.6800,12.0500,93732
2005-11-25,12.6500,12.9000,12.1300,12.5800,103598
2005-11-18,11.6800,12.8700,11.6100,12.6200,255332
2005-11-11,11.2500,12.1400,11.2500,11.9000,199132
2005-11-04,10.8200,11.8000,10.2700,11.1500,364332
2005-10-28,11.1800,11.4500,10.8200,10.9100,110000
2005-10-21,11.1800,11.4400,10.6000,11.1000,692866
2005-10-14,11.6400,11.8100,11.0500,11.0700,45666
2005-10-07,12.0000,12.0300,11.6000,11.6400,127598
2005-09-30,12.1600,12.2400,11.7600,11.9800,676800
2005-09-23,12.8500,13.2400,12.0000,12.2200,348664
2005-09-16,13.9500,13.9500,12.6100,12.7500,190598
2005-09-09,15.4000,15.4000,13.8000,13.9000,1603598
2005-09-02,13.3900,15.3900,13.3500,15.1300,231864
2005-08-26,13.0500,14.5100,12.8000,13.4600,1633866
2005-08-19,12.6300,13.0000,12.2100,13.0000,45264
2005-08-12,13.0200,13.0800,12.0000,12.4300,114666
2005-08-05,13.0500,13.3100,12.6500,13.0000,395732
2005-07-29,11.7000,13.0500,11.6000,13.0400,407398
2005-07-22,11.5000,12.0000,11.5000,11.7100,158398
2005-07-15,11.4400,11.7000,11.0900,11.5100,401066
2005-07-08,11.2100,11.8000,11.0900,11.3800,464198
2005-07-01,9.5800,11.7500,9.5100,11.2300,951998
2005-06-24,9.8000,10.0000,8.6100,9.6200,678664
2005-06-17,8.8800,10.3000,8.7000,9.6500,1250398
2005-06-10,9.1000,9.2000,8.7500,8.9400,247132
2005-06-03,9.2000,9.4600,8.5000,9.1200,371000
2005-05-27,9.8700,9.8700,9.0100,9.1200,263866
2005-05-20,9.8300,10.2000,9.3000,9.7700,225664
2005-05-13,11.0800,11.1100,9.5600,9.7600,977398
2005-05-06,10.3200,12.8000,10.2500,11.0000,582598
2005-04-29,11.7800,12.2500,9.6500,10.1400,331132
2005-04-22,11.8700,12.4200,11.7000,12.0500,162798
2005-04-15,12.1700,13.0000,11.6200,12.1500,586666
2005-04-08,11.6500,12.4500,11.0600,12.2900,338130
2005-04-01,12.5700,13.0500,10.8300,11.6200,930398
2005-03-24,13.5000,13.6000,12.0600,12.4300,272932
2005-03-18,13.1800,13.6500,12.5000,13.1700,272198
2005-03-11,12.6000,13.3500,12.2500,12.6000,699466
2005-03-04,14.7000,14.7000,10.5700,12.6000,2204266
2005-02-25,15.4500,15.7500,14.2000,14.2500,421598
2005-02-18,15.7500,15.9000,15.4500,15.5400,287064
2005-02-11,15.1500,15.8000,14.7500,15.7400,803132
2005-02-04,16.1900,16.1900,15.1000,15.1200,2690266
