timestamp,open,high,low,close,volume
2018-02-27,107.5000,108.8300,103.0900,103.9300,5770043
2018-02-23,105.7100,109.2300,104.4600,106.6100,8118453
2018-02-16,108.1700,109.5700,103.2125,107.9600,14269802
2018-02-09,108.3900,110.4400,101.0710,107.6200,13113800
2018-02-02,115.0300,116.6500,108.6700,108.8300,8774644
2018-01-26,114.2800,116.2799,112.7200,115.4300,8427128
2018-01-19,115.4900,115.8900,111.5700,114.7300,7586719
2018-01-12,110.7600,115.0500,108.6600,114.8400,8827135
2018-01-05,107.9900,111.2300,106.5000,111.1400,6663472
2017-12-29,109.5800,110.6900,107.1200,107.3100,5500027
2017-12-22,107.0600,110.8550,106.4500,109.4600,9080224
2017-12-15,108.6700,109.0000,104.0000,106.2900,11736270
2017-12-08,104.4900,108.9000,104.4100,108.6700,11202711
2017-12-01,98.3200,105.1400,97.7000,103.0100,14643058
2017-11-24,95.1200,100.7400,94.7100,98.3800,17749028
2017-11-17,94.7100,95.4600,91.3100,94.6100,9778725
2017-11-10,93.4800,95.6400,92.3400,95.0600,8585422
2017-11-03,92.5200,94.8000,90.3000,93.7500,10065902
2017-10-27,92.3800,93.6800,90.8500,93.2100,8537396
2017-10-20,91.0600,92.5500,90.8000,92.3700,7152796
2017-10-13,89.6100,92.1500,87.9200,91.5000,10483505
2017-10-06,86.6000,89.9000,86.1800,89.4200,11400755
2017-09-29,84.0800,87.1900,84.0800,86.8200,8798886
2017-09-22,83.4500,84.8000,82.2900,84.6200,9001973
2017-09-15,83.1400,84.9000,82.2000,83.4800,10865088
2017-09-08,81.4100,83.9500,81.3700,82.8300,10478281
2017-09-01,80.7800,81.5000,78.3200,81.0600,14642046
2017-08-25,74.2200,82.2600,73.7400,80.3900,26465679
2017-08-18,74.1400,75.7000,73.2000,74.2500,15232727
2017-08-11,74.5700,76.0600,72.7800,73.5000,13333124
2017-08-04,72.0000,74.3000,71.1900,74.1100,10573594
2017-07-28,70.6000,72.4200,68.6600,71.8000,11055383
2017-07-21,69.1100,71.3600,68.8200,70.8900,12120112
2017-07-14,67.9000,69.1500,66.0100,69.1100,12554569
2017-07-07,70.0300,70.6600,67.5500,67.9800,9725562
2017-06-30,66.8100,70.8100,66.5300,69.9200,22315579
2017-06-23,70.5300,71.0000,66.1700,66.6000,19804544
2017-06-16,75.4300,76.7700,65.6300,70.0700,21331165
2017-06-09,80.1500,80.3400,74.4000,75.3800,18826848
2017-06-02,78.0800,80.9300,76.4300,80.4300,11176753
2017-05-26,79.6200,81.1000,76.0000,78.2800,19160682
2017-05-19,81.5000,82.0500,77.6600,79.6800,10961825
2017-05-12,82.1300,83.4800,80.3300,81.2900,7318050
2017-05-05,83.0700,83.2100,80.5000,82.0000,13279216
2017-04-28,80.0200,83.2100,79.3700,82.7700,12588379
2017-04-21,76.6700,80.5100,76.1700,78.8100,12625791
2017-04-13,77.6700,78.6500,76.4100,76.4600,7626075
2017-04-07,78.4600,79.0700,76.9000,77.6100,12150189
2017-03-31,74.8900,79.8800,74.5600,78.4600,15603984
2017-03-24,75.7900,75.8400,72.9100,74.9200,12535102
2017-03-17,75.1000,76.4800,73.4500,75.7000,14396718
2017-03-10,77.0000,77.1500,75.0000,75.0600,12079029
2017-03-03,79.7000,82.1000,74.7400,77.1300,28902039
2017-02-24,80.5000,82.2500,76.9300,79.4100,14790780
2017-02-17,78.4300,80.2000,77.1300,80.0000,10859488
2017-02-10,76.7100,79.9000,74.4700,78.0200,15287923
2017-02-03,73.4900,78.6200,72.8900,76.6900,12810946
2017-01-27,76.5800,77.8200,73.9200,74.0500,9772212
2017-01-20,77.7700,81.9200,75.6007,76.5600,13418043
2017-01-13,76.7400,78.4000,76.6600,77.1300,9401415
2017-01-06,77.5700,80.2300,76.4150,77.0900,11784650
2016-12-30,78.9700,79.7395,74.9200,77.1800,7638773
2016-12-23,84.2000,85.8300,78.3800,78.7000,12827851
2016-12-16,87.5600,87.9400,84.0350,84.2000,13729140
2016-12-09,88.4200,88.9750,86.5500,87.7600,14473421
2016-12-02,88.7000,90.6100,86.0500,87.7600,17047499
2016-11-25,81.9700,91.4100,80.8800,89.1800,24689651
2016-11-18,78.0200,82.1400,77.6150,81.9100,16709621
2016-11-11,74.7600,78.7300,72.5500,77.8100,12656193
2016-11-04,75.5200,75.9700,73.5700,73.6200,6516238
2016-10-28,75.7400,77.3300,74.3600,75.2100,9639454
2016-10-21,77.0000,77.5300,75.3300,75.7100,8874934
2016-10-14,78.0900,78.8000,76.9900,77.0900,8794128
2016-10-07,78.4600,79.8900,74.5200,77.9700,19576554
2016-09-30,79.6100,80.6500,77.2800,78.9300,15184043
2016-09-23,81.2700,81.5500,78.6500,80.0900,13030215
2016-09-16,81.3400,82.6800,79.6550,81.1000,15632976
2016-09-09,83.5600,83.7500,81.4000,81.6300,13478206
2016-09-02,85.7500,86.3200,82.1300,83.1100,17092947
2016-08-26,95.3200,96.3500,84.5700,85.5000,27906752
2016-08-19,96.3500,96.9500,94.6300,95.5700,7953110
2016-08-12,96.9700,99.9300,95.0300,96.2800,8014933
2016-08-05,97.4800,97.8400,95.0200,97.0200,7368172
2016-07-29,95.8700,97.4500,94.6800,96.2900,5758012
2016-07-22,94.5800,96.2700,93.9700,96.1300,7347213
2016-07-15,95.1800,95.6900,94.2400,94.3400,6307810
2016-07-08,93.6300,96.0000,93.5900,95.0800,6556683
2016-07-01,91.4600,94.8500,90.8600,93.7800,9689704
2016-06-24,92.3300,93.3300,90.2300,91.8900,10453697
2016-06-17,91.2000,91.9700,89.2750,91.5800,9741788
2016-06-10,91.4800,92.1700,90.1900,91.3400,6762397
2016-06-03,89.3900,91.9100,88.7100,91.0800,12606371
2016-05-27,77.1100,89.5900,75.4900,88.9400,26230676
2016-05-20,77.7800,80.3900,73.0200,76.8900,16037451
2016-05-13,81.4900,82.4400,77.4200,77.6300,10191807
2016-05-06,80.0600,81.5000,79.1100,81.1900,6668929
2016-04-29,80.9300,82.3100,78.2600,79.7100,7710893
2016-04-22,81.6700,83.6900,79.4600,80.9500,7715981
2016-04-15,79.5300,81.8800,77.6400,81.7500,7121834
2016-04-08,83.4700,83.6800,79.4200,79.6600,10417329
2016-04-01,78.5200,83.7200,78.5200,83.3100,10505386
2016-03-24,79.9500,80.8300,78.2200,78.5200,5712617
2016-03-18,79.6200,82.0800,79.1600,80.0200,10274495
2016-03-11,77.7300,80.7300,75.2400,80.0200,14160433
2016-03-04,81.4200,82.8100,76.4700,78.3900,25617503
2016-02-26,80.4900,82.6800,79.8500,81.6300,13746671
2016-02-19,79.8100,81.4600,76.2500,79.4400,13096679
2016-02-12,78.6200,78.9900,72.5200,75.2300,13437808
2016-02-05,81.2100,82.7600,75.1400,76.5600,16274073
2016-01-29,77.3000,81.9700,76.1300,81.3200,11846252
2016-01-22,76.4600,78.7500,73.7400,77.2600,9366043
2016-01-15,78.2200,78.8300,73.5600,75.3000,15051097
2016-01-08,76.8400,81.4400,76.0900,77.7900,20318066
2015-12-31,76.5800,78.6000,76.1600,77.2200,4888009
2015-12-24,76.1000,78.6300,75.1000,76.6800,7473438
2015-12-18,76.6700,79.1700,74.6600,76.0900,14255634
2015-12-11,77.3400,80.0400,75.8300,76.4500,16703007
2015-12-04,75.2000,77.9000,73.7100,77.2400,18363068
2015-11-27,68.9200,76.0000,68.1100,75.0800,21339738
2015-11-20,62.5300,69.2200,61.3300,68.4200,15629685
2015-11-13,67.7100,68.2900,61.9700,62.2100,17448919
2015-11-06,65.6500,69.2300,64.4500,67.9700,12251329
2015-10-30,62.5800,65.7700,62.5800,65.4900,11350923
2015-10-23,62.7000,65.4989,61.7500,62.5300,13742018
2015-10-16,63.2800,64.1900,60.3100,63.4600,17205330
2015-10-09,67.4000,68.3400,61.2300,63.3600,27557657
2015-10-02,69.5800,69.9640,64.7300,66.9500,18425184
2015-09-25,65.7900,70.4600,65.7900,70.1100,19628093
2015-09-18,66.1200,68.7300,64.9500,66.6500,17886409
2015-09-11,69.3200,69.8000,65.5900,66.4600,18388384
2015-09-04,76.4100,76.7500,66.0300,68.0900,40468407
2015-08-28,71.8900,77.4400,69.6300,76.7300,17644973
2015-08-21,77.7000,81.1700,76.3200,76.3500,11836772
2015-08-14,78.0000,78.4100,75.8600,77.7800,7478333
2015-08-07,78.0500,79.2600,76.1100,77.2600,8202976
2015-07-31,78.3700,78.5700,76.4000,78.0300,9761912
2015-07-24,81.2700,82.1200,77.8140,78.5300,11410405
2015-07-17,81.1500,82.6800,80.9000,81.6700,8303682
2015-07-10,79.4000,80.7600,78.5000,80.4700,15116763
2015-07-02,80.9800,81.8000,78.2800,79.8100,8743903
2015-06-26,80.0800,81.7100,79.9500,81.6600,7899517
2015-06-19,78.1300,81.1300,77.3700,79.5600,8801644
2015-06-12,77.5000,79.4400,76.2700,78.7700,7856965
2015-06-05,74.6500,79.8650,74.6500,77.6400,13806641
2015-05-29,77.1400,77.5200,74.8600,74.9900,8406708
2015-05-22,78.4300,80.2200,74.5123,77.1800,19910769
2015-05-15,79.0500,79.6800,76.8200,78.3700,9930968
2015-05-08,77.7300,79.7500,76.1000,79.1800,9524136
2015-05-01,81.8900,81.8900,76.1400,77.7300,11513559
2015-04-24,79.7900,81.3800,78.7500,81.1400,8149928
2015-04-17,82.8400,83.2500,78.7000,79.1400,9812314
2015-04-10,80.3600,84.0000,80.1600,82.8700,10584621
2015-04-02,82.0000,82.4900,80.2500,81.1200,9615248
2015-03-27,83.7400,84.0000,80.2900,81.7150,9019185
2015-03-20,82.2700,84.2200,82.0500,83.8100,11614877
2015-03-13,79.5400,82.1200,78.8100,81.9100,14092949
2015-03-06,79.5000,80.2500,78.7200,79.6100,13931694
2015-02-27,78.0000,80.8500,77.3400,79.6800,18135711
2015-02-20,76.8400,77.8700,76.1600,77.6900,9491246
2015-02-13,74.6300,77.1600,74.4700,76.8200,16762764
2015-02-06,71.2200,76.7300,70.2800,75.0700,22343919
2015-01-30,72.1100,72.3400,69.5200,71.1000,27705843
2015-01-23,66.8800,72.5900,65.9100,72.0700,22632539
2015-01-16,69.4400,70.2300,65.2000,66.7100,31223070
2015-01-09,70.2000,71.2000,67.5800,69.4600,13059882
2015-01-02,69.3800,71.5300,69.3600,70.3500,5993799
2014-12-26,68.7500,70.8200,68.2900,69.5700,4649862
2014-12-19,68.7100,69.5800,66.8450,68.7000,10703886
2014-12-12,68.0800,69.5800,67.0900,68.1400,10250647
2014-12-05,68.3200,69.6500,66.9200,68.4100,13976945
2014-11-28,66.6000,69.5000,66.4400,68.3600,7724414
2014-11-21,62.0800,67.2300,61.3300,66.3900,19478099
2014-11-14,61.7300,62.3400,61.2000,62.0550,8377483
2014-11-07,60.8400,62.3700,60.2100,61.5600,7760708
2014-10-31,58.9200,61.0000,58.1900,60.5700,9520348
2014-10-24,56.7400,58.9750,56.2100,58.9400,9443158
2014-10-17,55.9800,56.8000,53.7000,56.5750,17948484
2014-10-10,57.2500,57.3700,56.0400,56.0500,10683621
2014-10-03,55.5300,57.0350,54.9900,56.8700,11962738
2014-09-26,57.0700,57.2000,55.3300,55.7400,16796687
2014-09-19,56.1300,57.4000,55.3800,57.0100,12261200
2014-09-12,55.4200,56.2200,55.2020,55.9200,9096900
2014-09-05,53.8700,55.7800,53.7800,55.6100,13318600
2014-08-29,54.3700,54.6850,53.1700,53.6250,13229000
2014-08-22,54.7500,55.3600,53.6000,54.2650,26605000
2014-08-15,55.6900,56.1600,54.4800,55.6050,8939400
2014-08-08,54.7700,56.6500,54.4200,55.6800,15267900
2014-08-01,59.7000,59.8400,53.7550,54.7000,64477200
2014-07-25,54.6400,55.1800,54.1150,54.2200,4360000
2014-07-18,55.4500,55.7000,54.0100,54.7600,7233900
2014-07-11,54.9500,56.7000,54.1200,55.2500,8676900
2014-07-03,53.4700,55.5200,53.1600,55.0000,7067500
2014-06-27,53.7800,54.6300,52.9200,53.3500,8373800
2014-06-20,53.8400,54.3100,53.3600,53.6800,6405000
2014-06-13,56.8600,57.2200,53.5500,53.9200,7952600
2014-06-06,52.9900,55.3500,52.6700,55.1400,8381300
2014-05-30,52.7700,53.6900,52.2600,53.0300,6788900
2014-05-23,51.6300,54.5000,49.6900,52.6800,16686700
2014-05-16,52.7800,53.3500,50.5200,51.7900,8499300
2014-05-09,52.2000,52.8000,51.3801,52.7700,7019800
2014-05-02,51.6300,52.7200,51.1500,52.5000,6402100
2014-04-25,51.1000,51.8900,50.4900,51.3600,6061800
2014-04-17,51.0900,51.4200,50.1500,51.0900,6434900
2014-04-11,52.0900,52.2300,50.3100,50.7400,12913400
2014-04-04,52.2500,53.1500,51.5200,52.1100,10084100
2014-03-28,52.9000,53.0000,51.2200,52.1500,9308200
2014-03-21,54.3000,54.3000,52.6300,52.7500,8851900
2014-03-14,54.3000,54.9900,53.8600,53.9200,8549500
2014-03-07,54.4500,55.3199,53.5900,54.3300,9530200
2014-02-28,52.0000,56.3900,51.9650,54.7700,21481100
2014-02-21,52.0400,52.5200,51.3800,51.9700,8787800
2014-02-14,51.1900,52.1850,50.9675,51.9200,10098400
2014-02-07,50.4900,51.5000,49.5925,51.3900,17512900
2014-01-31,51.6600,52.0100,49.6600,50.5200,21552700
2014-01-24,54.2800,54.5200,51.6500,51.6700,12765100
2014-01-17,55.9100,55.9500,53.8950,54.3200,14693300
2014-01-10,56.7400,57.4100,55.4000,55.8900,13862000
2014-01-03,56.2100,56.9200,55.9800,56.5700,6201800
2013-12-27,55.6500,56.8800,55.3600,56.2900,5873500
2013-12-20,55.8900,56.3200,55.0800,55.4500,14139100
2013-12-13,55.4300,56.3850,55.1000,55.7200,9767100
2013-12-06,55.6300,56.2500,54.6700,55.1700,14936600
2013-11-29,57.0700,57.3600,55.5900,55.6500,9838900
2013-11-22,60.0200,60.1085,55.1500,56.8600,18588300
2013-11-15,58.4200,60.0200,58.2000,59.9100,6260800
2013-11-08,58.5200,59.8500,57.7600,58.6600,8010600
2013-11-01,59.7200,59.7800,58.0100,58.1700,7243000
2013-10-25,59.0200,60.1900,59.0100,59.7000,4509500
2013-10-18,58.6200,59.6800,57.8300,59.2400,6727700
2013-10-11,58.6200,58.8900,57.2100,58.6900,8154200
2013-10-04,56.7600,59.3990,56.3600,59.2100,8923900
2013-09-27,57.6800,58.5800,56.9800,57.5200,7572900
2013-09-20,55.3500,58.6900,55.3500,58.0000,11264500
2013-09-13,53.4500,55.0900,53.2800,54.8700,5564400
2013-09-06,53.1400,54.7100,52.3100,53.4500,5349600
2013-08-30,54.0000,54.5700,52.5268,52.7000,6190200
2013-08-23,50.5200,54.9200,50.3500,53.2900,11025500
2013-08-16,52.5200,53.8700,50.3300,50.4500,6488800
2013-08-09,54.0600,54.4800,52.7200,52.9200,5649500
2013-08-02,52.8300,55.0200,52.5500,54.3800,5493300
2013-07-26,53.8200,53.9100,52.1900,53.1300,5007200
2013-07-19,53.9100,54.1000,52.9600,53.5500,6110400
2013-07-12,53.2500,55.0000,52.6100,53.9600,8780700
2013-07-05,50.6600,53.2500,50.4600,53.0000,5352900
2013-06-28,49.2400,51.2900,48.9100,50.8400,9455600
2013-06-21,49.7000,50.7900,48.5100,49.4100,10455300
2013-06-14,49.7400,50.1800,48.3001,49.1200,5295300
2013-06-07,48.5000,50.1300,47.9900,49.6900,9053500
2013-05-31,50.6800,50.9750,47.7000,48.0400,7541600
2013-05-24,49.6800,51.2000,48.0800,50.2400,12596100
2013-05-17,49.0800,50.6400,48.6600,49.7600,8201800
2013-05-10,48.5200,49.8500,48.1300,49.2800,6757100
2013-05-03,48.0900,48.9150,46.8750,48.6600,7957200
2013-04-26,47.4500,48.8500,46.8750,47.9500,7281400
2013-04-19,47.4800,47.9800,46.3600,47.4700,7870900
2013-04-12,47.0600,47.8500,45.5700,47.8200,14364000
2013-04-05,48.5600,48.5700,46.6300,46.9700,11303300
2013-03-28,47.4800,48.6100,46.6600,48.4300,11201600
2013-03-22,44.7300,47.2300,43.6750,46.8400,12619800
2013-03-15,44.8900,45.5400,44.1300,44.2400,9558100
2013-03-08,45.8500,46.7600,44.8650,45.0300,14092700
2013-03-01,41.9100,46.7100,40.6500,46.1100,29908400
2013-02-22,41.1200,41.9400,39.8600,41.8900,16879000
2013-02-15,41.2600,41.8600,38.4300,41.1200,22286500
2013-02-08,39.9100,41.3300,39.0100,41.0600,14501000
2013-02-01,41.2400,41.5300,39.6600,40.1200,13105400
2013-01-25,38.5000,41.3400,38.3800,41.0500,14669200
2013-01-18,38.0700,39.1700,37.7000,38.5200,13302100
2013-01-11,39.4400,40.0100,37.7600,38.1200,18733700
2013-01-04,39.4700,41.3700,37.9200,39.6200,19308600
2012-12-28,39.8500,40.4500,39.1800,39.6000,7298500
2012-12-21,38.6500,40.6200,38.6350,40.0300,17483100
2012-12-14,39.8000,39.9800,37.4700,38.6300,34063900
2012-12-07,41.9100,41.9900,39.6800,39.8200,15571500
2012-11-30,42.0100,42.6600,40.8300,41.7400,22107900
2012-11-23,38.9900,42.0400,38.9900,42.0300,16234100
2012-11-16,37.7700,40.0100,37.5100,38.8202,28719600
2012-11-09,39.5800,39.6500,37.1200,37.7400,17620700
2012-11-02,39.2100,40.8200,39.2000,39.5900,10886200
2012-10-26,38.8800,40.9700,38.4500,39.8500,23678200
2012-10-19,41.2000,41.9900,38.7700,39.1500,30330600
2012-10-12,47.9600,47.9600,40.8400,41.1096,36406700
2012-10-05,48.3100,48.6800,46.8400,48.0700,11725200
2012-09-28,48.4500,49.2600,47.8200,48.2900,9761300
2012-09-21,47.2000,49.5700,46.5000,48.5500,14590000
2012-09-14,47.5700,47.6900,45.4300,47.2000,16161900
2012-09-07,48.0500,48.9800,47.2900,47.7100,9767000
2012-08-31,49.3700,49.4100,47.9100,48.1700,9622900
2012-08-24,48.8600,49.4600,48.1118,49.2900,12413800
2012-08-17,50.3600,50.7700,38.4000,48.9000,17755800
2012-08-10,51.1000,53.0000,50.5600,50.7200,8537800
2012-08-03,51.7800,52.0600,49.6600,51.1200,7817300
2012-07-27,50.8000,52.3900,49.8000,51.9600,9049700
2012-07-20,52.5000,53.7100,51.3100,51.3800,8820900
2012-07-13,53.0100,53.7700,51.1000,52.7700,10614000
2012-07-06,53.4300,54.7200,50.6300,54.2900,10370000
2012-06-29,109.0300,111.3900,50.6900,53.8000,9702200
2012-06-22,110.5500,113.6300,107.5400,109.5400,5673600
2012-06-15,107.4200,110.7900,105.5700,110.3400,5958400
2012-06-08,99.7100,106.8300,99.2600,106.7200,5409000
2012-06-01,103.0000,103.5500,99.7500,99.9400,4620200
2012-05-25,95.2800,102.3154,94.8100,102.2000,4851900
2012-05-18,101.9700,102.8700,92.7000,95.1900,9848900
2012-05-11,101.4700,103.7700,100.1700,102.7100,4205700
2012-05-04,102.0900,104.0800,100.9500,101.8730,3254200
2012-04-27,99.1000,102.4180,96.5200,101.9500,3934200
2012-04-20,96.2400,99.6800,95.2700,99.5500,4109000
2012-04-13,95.4600,96.7100,93.0400,96.0200,4398800
2012-04-05,94.5800,96.6400,93.7900,96.1500,3705900
2012-03-30,95.0600,96.1950,93.6900,94.4900,4811900
2012-03-23,93.4500,95.5500,92.5200,94.7400,3544900
2012-03-16,93.2700,94.4700,92.8000,93.2800,4568400
2012-03-09,90.6100,93.2400,90.5200,93.1200,4641100
2012-03-02,87.5500,91.1300,87.0000,90.6200,4776200
2012-02-24,89.9100,89.9800,84.7500,87.8200,7401300
2012-02-17,86.9900,89.4800,86.7200,89.3500,4453900
2012-02-10,85.4800,86.9000,85.0100,86.8300,3345700
2012-02-03,84.2700,86.4500,84.0700,85.6500,4851900
2012-01-27,84.7900,86.6400,83.4900,84.6400,6360700
2012-01-20,83.2500,86.5000,82.9500,84.4600,5036000
2012-01-13,82.9901,83.8800,81.5800,82.7500,5921700
2012-01-06,84.4000,84.5300,81.6510,82.5700,4802700
2011-12-30,83.1100,84.5100,82.5600,83.1100,4718900
2011-12-23,83.1000,83.3100,81.1500,83.2600,9137000
2011-12-16,82.5100,83.4900,80.4000,82.8200,34831600
2011-12-09,83.6300,83.9900,81.4300,82.5500,6942700
2011-12-02,77.3200,83.1400,76.9000,81.7500,7425400
2011-11-25,74.9600,78.0000,72.0800,76.6100,4917700
2011-11-18,78.6400,79.2800,74.8100,75.9600,8616900
2011-11-11,79.4300,80.9200,77.5000,78.6700,6337400
2011-11-04,78.6700,80.9300,77.3210,79.2100,5520600
2011-10-28,80.2300,82.4900,78.4500,78.8700,6906800
2011-10-21,79.3500,81.3600,79.2400,80.0500,6388100
2011-10-14,78.8000,81.1800,78.7200,80.2600,6779800
2011-10-07,74.5700,79.2300,72.3000,77.6800,7483300
2011-09-30,76.5100,79.3500,73.3475,75.1400,8100500
2011-09-23,75.0400,77.7600,73.6200,75.9100,7773200
2011-09-16,69.9400,76.3200,69.2500,75.5400,8552000
2011-09-09,69.6500,72.9900,69.2500,70.3100,6507900
2011-09-02,70.7200,74.7200,70.2800,71.2100,10961100
2011-08-26,66.3000,70.6200,64.0000,70.4600,9566600
2011-08-19,67.1200,70.2200,61.1200,64.8800,11544900
2011-08-12,60.9600,66.8300,60.0000,66.7500,10755200
2011-08-05,66.7700,66.9729,62.1800,62.8200,7351800
2011-07-29,68.2700,68.5700,64.5600,66.2300,5091500
2011-07-22,67.9700,69.6700,67.4000,68.7600,4130700
2011-07-15,69.4600,69.9900,68.2000,68.8300,6263800
2011-07-08,68.6700,70.5400,68.1000,69.8800,4258900
2011-07-01,65.5100,68.5000,64.9900,68.2300,6207000
2011-06-24,62.5600,66.0000,62.1521,65.2600,5785700
2011-06-17,62.0600,63.5700,61.7500,62.6500,6172400
2011-06-10,61.2800,63.3000,61.0160,61.7500,5418800
2011-06-03,63.6100,63.7500,61.0317,61.6400,6234500
2011-05-27,61.9700,63.4400,60.4800,63.2200,4714400
2011-05-20,60.9500,64.4700,59.8100,62.5300,7743700
2011-05-13,58.2500,61.8000,58.1600,61.0300,4363700
2011-05-06,57.7300,58.9800,57.6400,58.0700,3990400
2011-04-29,57.3000,58.5000,56.8300,57.5000,4898600
2011-04-21,56.3600,57.7900,56.1400,57.1500,3350900
2011-04-15,55.9600,56.9100,55.2100,56.9000,5372900
2011-04-08,56.6800,57.8000,55.2700,55.6900,4106000
2011-04-01,55.3000,57.2000,54.8600,56.7200,5210100
2011-03-25,54.3400,55.8000,53.1700,55.3200,4976300
2011-03-18,53.5400,54.8300,52.6600,54.0500,7544900
2011-03-11,52.2000,53.6298,50.4000,53.4400,6118300
2011-03-04,50.4200,52.9300,49.9700,51.9800,8326400
2011-02-25,52.4200,53.1800,48.5100,50.4700,12555100
2011-02-18,50.3500,55.8000,50.0400,52.7200,9321500
2011-02-11,49.7100,50.5600,49.1900,50.5000,6740300
2011-02-04,50.9400,51.3300,48.9000,49.7100,8180400
2011-01-28,51.7800,52.7500,50.5360,50.9900,7475100
2011-01-21,50.5100,52.3900,50.0900,51.9300,10595900
2011-01-14,51.5500,52.7800,50.1700,50.3900,8665000
2011-01-07,56.6600,57.0000,51.0300,51.8100,11485200
2010-12-31,56.8400,57.3400,56.0100,56.0800,3369300
2010-12-23,57.2500,57.2500,55.5907,56.7700,3450400
2010-12-17,56.8800,57.4400,55.2000,57.3600,7946200
2010-12-10,56.3900,57.3500,54.6400,56.6600,7361700
2010-12-03,56.5000,56.6500,54.7800,56.5400,6896400
2010-11-26,53.6500,56.9300,53.4200,56.7100,5399200
2010-11-19,53.3600,57.9900,52.9900,53.4100,10214000
2010-11-12,52.6200,54.6900,52.1000,53.5500,5056600
2010-11-05,51.5000,53.2000,51.0500,52.9800,4936800
2010-10-29,51.9700,52.6200,50.9100,51.3100,5809300
2010-10-22,50.2200,52.1400,49.7600,51.7300,7577100
2010-10-15,48.8100,50.9600,48.5000,50.0800,6340500
2010-10-08,48.4400,50.1500,47.9600,49.0900,5904900
2010-10-01,47.6000,50.1000,47.5000,48.4800,7248500
2010-09-24,48.6200,48.6300,47.3400,47.3700,5551300
2010-09-17,46.8100,48.4600,46.5000,48.3800,6673400
2010-09-10,46.0500,47.3299,45.6500,46.5400,4614900
2010-09-03,45.6100,47.5000,44.7000,46.0300,8124900
2010-08-27,45.0500,46.0000,43.5000,45.7900,10131000
2010-08-20,42.1200,44.6800,40.6000,44.6200,12311200
2010-08-13,42.1400,43.2300,41.2800,42.3200,5774000
2010-08-06,44.7800,45.4900,41.6000,42.0300,9242600
2010-07-30,43.4500,45.1200,42.7101,44.3200,7611400
2010-07-23,42.3900,43.5000,40.9500,43.4300,7560200
2010-07-16,41.3000,42.8300,41.0000,42.4000,6269600
2010-07-09,43.7200,44.1400,40.9000,41.4000,11094900
2010-07-02,42.0000,43.3000,41.1100,43.0800,11304300
2010-06-25,63.3000,63.8800,41.4900,42.0100,6730267
2010-06-18,63.4800,64.4600,62.6100,63.0200,5804067
2010-06-11,61.2000,63.1600,59.8001,63.0600,5786801
2010-06-04,62.5700,62.7800,60.6450,60.9350,5780201
2010-05-28,61.2200,63.8200,61.0700,62.5900,8675601
2010-05-21,60.0800,62.9500,58.7400,61.0400,11362534
2010-05-14,60.9500,61.6000,59.1900,59.9000,6749401
2010-05-07,61.1000,62.1400,57.6000,58.7300,6418401
2010-04-30,62.2800,62.6000,60.2000,60.7200,5387467
2010-04-23,59.9300,62.6900,58.6800,62.6300,5259134
2010-04-16,59.2400,60.1800,58.2500,59.8900,4593001
2010-04-09,59.8000,60.8200,58.5000,59.4000,5010601
2010-04-01,59.6300,60.2000,59.0100,59.7800,2987134
2010-03-26,56.5600,60.2800,56.5600,59.7100,7697534
2010-03-19,56.0000,57.9400,55.4400,56.4200,4732668
2010-03-12,56.6000,57.0500,55.2000,56.3100,4042134
2010-03-05,56.0900,56.9900,54.9500,56.7700,5813201
2010-02-26,50.1400,56.4600,49.1400,55.7400,13790068
2010-02-19,49.1100,50.3900,48.8700,50.0000,4026334
2010-02-12,48.1100,48.3800,47.0000,48.3700,7059400
2010-02-05,49.9000,51.7300,48.0500,48.1700,10849001
2010-01-29,48.3300,49.8900,48.0000,49.5200,6171334
2010-01-22,49.4500,50.0200,48.1000,48.2200,3429734
2010-01-15,49.4900,50.0000,48.6800,49.3700,3614668
2010-01-08,48.5300,50.4500,46.9900,49.3300,5752934
2009-12-31,49.0000,49.1900,48.3000,48.3000,2258068
2009-12-24,48.9000,49.7500,48.3800,49.0300,2409267
2009-12-18,49.0200,49.0200,47.6400,48.9100,5185401
2009-12-11,46.8100,48.9700,46.5900,48.9100,7198467
2009-12-04,50.3800,50.6399,46.6400,46.7900,10223601
2009-11-27,49.3200,52.2000,48.7200,50.5800,7129134
2009-11-20,47.8100,49.5200,47.5500,48.9300,5218268
2009-11-13,48.8600,49.7700,48.0200,49.0700,5474067
2009-11-06,45.8100,48.7800,45.7600,48.7800,8672934
2009-10-30,47.2800,47.7000,44.7000,45.1300,7018001
2009-10-23,48.9400,49.5000,47.0200,47.5500,6008534
2009-10-16,48.8300,50.1765,48.3000,48.9000,6385534
2009-10-09,47.5300,50.1900,47.3300,49.0500,6063801
2009-10-02,47.9800,49.1200,47.5400,47.5800,8326801
2009-09-25,48.9900,51.3200,47.8000,48.0100,9668934
2009-09-18,48.9000,49.6700,47.5310,48.3000,6767267
2009-09-11,49.2600,50.3900,48.6600,49.0500,5125200
2009-09-04,50.8400,51.1300,48.0200,49.1700,6450468
2009-08-28,45.9500,51.7200,45.5300,51.1300,12883201
2009-08-21,44.5800,46.1900,44.0000,46.0400,4705601
2009-08-14,46.6800,46.8400,44.8500,45.1100,5238134
2009-08-07,46.5900,46.8714,44.3800,46.7400,7385001
2009-07-31,45.9300,47.2800,45.1100,46.1200,4229134
2009-07-24,44.4800,46.8500,44.0400,45.9300,5402801
2009-07-17,43.1900,44.6200,42.4600,44.1500,5636801
2009-07-10,41.0600,44.5591,40.5800,42.9600,7020201
2009-07-02,42.8600,43.2800,41.2400,41.4000,3937934
2009-06-26,41.5800,42.9200,41.1000,42.6600,5774734
2009-06-19,43.1800,43.2600,41.2000,42.1700,6327201
2009-06-12,44.5600,44.7200,42.5600,43.2900,7510201
2009-06-05,44.7900,46.4100,43.5500,44.3700,8429667
2009-05-29,43.1600,46.7350,42.4300,44.7700,10790667
2009-05-22,43.0000,44.0000,41.1600,42.6700,8627401
2009-05-15,41.3200,43.5400,41.1100,42.2000,5597468
2009-05-08,42.0200,44.5900,41.5800,42.3600,9427467
2009-05-01,42.5500,45.0800,41.1600,41.5300,7576601
2009-04-24,42.5000,44.7300,42.2100,42.5800,8260601
2009-04-17,44.0600,44.4350,41.7500,42.6700,8647467
2009-04-09,41.9300,44.7000,41.9100,44.0900,10193934
2009-04-03,43.3700,45.3300,41.5000,42.2500,15830135
2009-03-27,41.0100,44.0997,40.1100,43.8300,12282067
2009-03-20,41.5500,42.4600,39.7900,40.9100,10285334
2009-03-13,39.1300,42.3000,38.7300,41.2100,14808201
2009-03-06,38.7500,40.9200,37.8800,39.5800,19792401
2009-02-27,35.3000,39.5500,34.7100,38.8200,20317668
2009-02-20,33.0300,35.6400,32.9400,35.1800,11483600
2009-02-13,35.3700,36.3400,33.1500,33.6800,13111335
2009-02-06,42.8700,44.3200,34.1600,35.3900,24098667
2009-01-30,42.7300,44.0300,42.1700,42.7100,5835468
2009-01-23,43.0100,43.7400,41.9500,42.4900,7020001
2009-01-16,40.8100,43.9100,40.2800,43.3300,10544934
2009-01-09,42.2400,42.4600,39.5000,41.0000,13294534
2009-01-02,41.2200,42.4800,40.2800,42.0500,5786134
2008-12-26,42.0800,42.7800,41.1000,41.9100,5974801
2008-12-19,41.5500,44.1100,40.2400,43.7100,12576800
2008-12-12,41.9500,43.3000,39.7400,41.6100,12133468
2008-12-05,42.0000,42.3000,37.5200,42.3000,16907267
2008-11-28,35.6300,42.7100,34.7800,42.2900,14383201
2008-11-21,38.3900,39.5600,27.6111,35.2800,18214667
2008-11-14,38.7500,40.4800,36.4000,38.5300,10864268
2008-11-07,38.0900,39.3900,35.4700,37.9000,12359801
2008-10-31,34.1500,39.9900,33.3301,38.0200,12578667
2008-10-24,35.1400,35.8800,31.2901,34.7000,11309401
2008-10-17,34.4900,37.7200,32.3800,34.6400,13680534
2008-10-10,34.8400,36.5100,30.1700,32.7300,14722534
2008-10-03,37.1000,38.7000,35.1400,35.2800,8766268
2008-09-26,37.6300,38.2100,35.7100,37.6200,7585668
2008-09-19,39.0400,41.0000,37.0900,37.5800,13954467
2008-09-12,39.3400,41.9000,39.0900,39.8300,12240734
2008-09-05,39.0000,40.2100,37.5400,38.8900,6797667
2008-08-29,40.3700,40.5000,36.3100,38.3600,13965868
2008-08-22,40.3000,40.6800,38.6700,40.5000,7593867
2008-08-15,40.2900,42.2000,38.2500,40.0000,10771134
2008-08-08,37.3500,40.6300,36.9000,40.3600,11112267
2008-08-01,36.6600,38.2300,35.3600,37.2700,7238001
2008-07-25,36.9300,40.0000,35.8500,36.4400,7488401
2008-07-18,34.3200,38.3200,31.5200,36.8900,9208201
2008-07-11,34.4600,36.6000,33.2700,34.1700,7359401
2008-07-03,32.0500,35.3900,30.7300,34.3400,9106134
2008-06-27,35.3400,35.4900,31.8700,32.5100,7727667
2008-06-20,36.7400,37.2700,35.2468,35.2500,7376534
2008-06-13,36.0600,36.9900,35.2500,36.9400,6995535
2008-06-06,36.9000,37.3700,36.0300,36.1400,8003134
2008-05-30,33.1800,38.3700,32.8100,36.9000,11582401
2008-05-23,34.9200,35.1300,32.3100,33.0700,7563200
2008-05-16,34.9900,36.2300,34.0100,34.9800,8810401
2008-05-09,30.9600,35.1600,30.1400,34.5400,9861734
2008-05-02,31.4400,32.4500,30.3600,30.9300,7188467
2008-04-25,30.1000,31.5600,29.1500,31.4900,6167601
2008-04-18,28.6300,30.8400,28.1500,30.5400,7768534
2008-04-11,29.1600,29.7600,27.4100,28.4500,6946268
2008-04-04,26.9700,30.6900,26.8400,29.3000,7764401
2008-03-28,28.9600,31.0000,26.8900,27.0000,9646467
2008-03-20,26.2300,29.4200,25.2201,28.8000,8194134
2008-03-14,26.6500,27.9400,25.8200,26.7300,9052934
2008-03-07,26.6100,29.0340,26.1000,26.6600,8003934
2008-02-29,25.4000,30.4000,24.4400,26.8300,14896201
2008-02-22,25.5000,26.1100,24.3700,25.5200,4944401
2008-02-15,25.3200,27.2400,24.7400,25.1700,6888934
2008-02-08,27.6400,27.8900,24.6500,25.3500,8536601
2008-02-01,25.7000,28.5200,24.8800,27.7900,10644734
2008-01-25,22.1200,26.6700,21.6100,25.8000,9557401
2008-01-18,22.6700,23.9800,21.1000,23.5000,9198467
2008-01-11,22.9700,23.3300,20.7200,22.2500,10170268
2008-01-04,26.0400,26.1900,22.9200,23.1300,4393134
2007-12-28,26.5600,27.3100,25.8400,26.1300,2996067
2007-12-21,26.5300,27.2000,25.1600,26.4600,10269067
2007-12-14,29.3400,29.5700,26.5100,26.6000,10091601
2007-12-07,28.5700,29.6600,27.9200,29.2400,12210468
2007-11-30,27.0800,29.1300,25.1700,28.6600,18670867
2007-11-23,26.4100,28.8200,26.0000,26.8000,10683334
2007-11-16,28.5400,29.9900,26.4850,26.6300,9722935
2007-11-09,36.0300,36.1700,28.5200,28.6400,11815601
2007-11-02,37.8200,38.8900,36.0000,36.5000,5947334
2007-10-26,35.8000,37.9900,33.6900,37.9900,14317534
2007-10-19,41.1900,41.2500,37.4000,37.4600,4935867
2007-10-12,41.4508,42.7500,40.8500,41.2600,4018334
2007-10-05,40.4800,42.9700,40.3700,41.3700,6910134
2007-09-28,41.7700,42.4800,40.3400,40.5400,5868467
2007-09-21,41.7100,44.1300,41.0200,41.6100,6772001
2007-09-14,41.6000,42.2800,40.3900,41.9100,5883534
2007-09-07,43.1800,44.1200,41.1100,41.3200,6734134
2007-08-31,39.4800,43.7000,38.6200,43.4500,8420867
2007-08-24,37.9900,40.5000,37.3300,39.2500,4935201
2007-08-17,39.6200,40.8500,34.9100,37.2000,7643335
2007-08-10,38.3900,43.3700,36.7800,39.0800,11677801
2007-08-03,38.8100,40.5900,38.0200,38.5000,8875934
2007-07-27,41.5400,41.7400,37.9300,38.8600,7891268
2007-07-20,43.5500,43.6900,40.9600,41.2800,3642668
2007-07-13,44.3500,44.4000,41.5000,43.5900,6395734
2007-07-06,43.8500,44.5000,43.1800,44.2100,3696534
2007-06-29,41.8900,44.5100,41.8450,43.5500,8316467
2007-06-22,43.6700,43.9800,41.7500,42.0200,4813801
2007-06-15,44.0000,44.7300,42.8700,43.3500,6013867
2007-06-08,42.4700,45.9800,42.1995,43.6200,11064001
2007-06-01,41.8000,44.1200,41.5400,42.4100,9662067
2007-05-25,41.2600,42.9900,41.2600,41.5500,4328334
2007-05-18,41.6300,41.9500,40.6100,41.3500,4963201
2007-05-11,39.9600,41.9900,39.4700,41.7500,6302601
2007-05-04,40.1200,40.2500,38.6900,39.8400,5676334
2007-04-27,39.4800,40.3100,38.7200,40.2600,4054134
2007-04-20,38.6100,39.9500,37.9600,39.5300,4738335
2007-04-13,37.9900,39.3100,37.7500,38.6300,6061001
2007-04-05,38.1100,38.6600,37.4500,38.0800,5178267
2007-03-30,38.1200,38.3600,36.8500,38.2400,6820334
2007-03-23,35.7200,38.3100,35.6900,38.2100,8082401
2007-03-16,36.6100,37.2200,35.0500,35.5800,9364334
2007-03-09,33.9000,35.9000,33.6400,35.6600,11839401
2007-03-02,34.1900,34.7500,32.7800,34.2600,10725067
2007-02-23,34.2000,34.9800,33.8210,34.0500,3746534
2007-02-16,33.3900,34.3900,32.7401,34.1700,6812667
2007-02-09,31.5900,33.8900,31.2400,33.3100,7339934
2007-02-02,30.8600,31.8600,30.6300,31.7400,4831601
2007-01-26,31.6700,31.9500,30.4300,30.8500,4334068
2007-01-19,32.1400,32.5300,31.2500,31.6000,3448601
2007-01-12,32.0900,32.4200,31.6200,32.1000,7120268
2007-01-05,30.3700,32.7800,30.0100,32.0300,7134134
2006-12-29,29.9600,30.5900,29.9100,30.1000,2441001
2006-12-22,30.3100,30.6700,29.3400,30.0600,3590734
2006-12-15,30.9500,31.1100,29.8100,30.3100,5119467
2006-12-08,29.7900,30.7800,29.7000,30.1900,4714934
2006-12-01,30.9000,30.9500,29.3500,29.6300,6427201
2006-11-24,31.3400,32.1000,30.7500,30.9500,3897467
2006-11-17,31.3300,32.0000,31.0500,31.5300,3191201
2006-11-10,30.7000,31.7100,30.6500,31.4100,3285401
2006-11-03,30.5900,31.6700,30.0500,30.4700,4152067
2006-10-27,30.9000,31.7400,30.5700,30.7700,3043734
2006-10-20,31.4200,31.6200,30.8800,31.0400,3663734
2006-10-13,30.7800,31.7000,30.4400,31.5300,5179934
2006-10-06,30.8200,32.0000,30.1100,30.8800,6609935
2006-09-29,30.2100,31.3200,30.1100,30.9600,4774801
2006-09-22,30.4800,31.2600,29.9000,30.2400,4814868
2006-09-15,28.7900,31.3300,28.7900,30.6000,6866734
2006-09-08,28.8900,29.2500,28.3100,29.0000,2894468
2006-09-01,28.1200,29.1000,28.1200,28.9900,4012335
2006-08-25,29.1000,29.1600,27.2500,28.1700,5551867
2006-08-18,28.6000,29.8700,28.5600,29.3800,4310201
2006-08-11,28.8700,29.0200,27.8000,28.5100,5400667
2006-08-04,26.3400,29.4000,25.6200,29.0100,7796468
2006-07-28,25.2900,26.5300,25.2000,26.4100,3215668
2006-07-21,25.7700,26.1200,24.8200,25.1000,5095134
2006-07-14,26.3500,26.8700,25.1600,25.7400,4912334
2006-07-07,26.4500,27.0100,26.2100,26.3900,3888601
2006-06-30,25.9000,26.5900,25.4100,26.5000,5591401
2006-06-23,25.9400,26.1600,25.3600,25.9000,2705801
2006-06-16,25.6000,26.3200,25.1200,26.0200,5896468
2006-06-09,25.8300,26.0800,23.9000,25.3500,10733267
2006-06-02,26.1600,26.5600,25.6800,25.9500,4584934
2006-05-26,26.1300,27.2500,24.7700,26.2000,7043401
2006-05-19,26.6000,26.9400,25.9800,26.4500,3701601
2006-05-12,26.6100,27.8900,26.5200,26.8100,4357734
2006-05-05,26.0600,27.2400,25.6000,26.5500,4156468
2006-04-28,25.9000,26.5000,25.6000,26.0700,3504401
2006-04-21,26.0700,26.7500,25.7600,25.9500,5113935
2006-04-13,27.7400,27.7400,25.9110,26.1600,4822934
2006-04-07,27.7100,28.3900,27.5118,27.6700,5090467
2006-03-31,27.5300,28.1500,27.5300,27.6700,3748801
2006-03-24,27.4600,27.9800,26.4400,27.5900,6058667
2006-03-17,26.8800,27.4900,26.2800,27.3700,3913668
2006-03-10,27.4400,27.6400,25.8500,26.4700,5711068
2006-03-03,27.4100,27.9800,26.8200,27.3400,4534667
2006-02-24,28.6800,28.6800,26.9600,27.4500,10431734
2006-02-17,27.0000,28.6500,26.8900,28.5700,5268267
2006-02-10,27.1200,27.6600,26.6300,27.1100,5297867
2006-02-03,25.1000,27.6900,24.3400,27.2000,6747734
2006-01-27,24.4800,25.2200,24.2500,25.0300,2644801
2006-01-20,24.7500,24.8400,24.0900,24.3100,2220067
2006-01-13,24.2900,25.4800,24.1200,24.8500,5165934
2006-01-06,23.9700,24.8700,23.5000,24.2400,4232200
2005-12-30,24.0900,24.5900,23.5000,23.9400,2936134
2005-12-23,23.6500,24.2480,23.1500,24.0500,3697134
2005-12-16,23.4500,24.1800,23.3600,23.5800,8841601
2005-12-09,23.4700,23.7520,22.8700,23.5100,5071067
2005-12-02,23.5200,23.6500,22.7400,23.4300,6338667
2005-11-25,23.3100,24.0300,22.9700,23.3700,3739867
2005-11-18,24.4300,24.4900,23.1300,23.3300,5300934
2005-11-11,23.4500,24.4900,23.4500,24.4700,6134534
2005-11-04,20.7400,23.3600,20.6600,23.3500,6371068
2005-10-28,21.4600,21.9300,20.5600,20.7500,6239334
2005-10-21,21.4300,22.3500,20.6300,21.8700,6827601
2005-10-14,21.6700,22.0300,21.2100,21.3100,4926534
2005-10-07,21.7100,22.5900,21.5500,21.7300,4975401
2005-09-30,22.0000,22.4700,21.0000,21.6500,4974401
2005-09-23,23.9300,23.9700,21.6000,21.9400,9684801
2005-09-16,22.7300,24.4000,22.6000,23.8100,7566067
2005-09-09,22.2700,22.8700,22.2300,22.7400,5922534
2005-09-02,23.1900,23.6300,22.2500,22.3200,8136801
2005-08-26,23.2500,24.0400,22.7600,23.2700,5704734
2005-08-19,24.2700,24.4900,23.1200,23.2500,6049401
2005-08-12,24.8500,24.9500,23.8900,24.3200,4529601
2005-08-05,24.9900,25.6500,24.7300,24.8500,6268267
2005-07-29,24.3300,25.2820,24.2500,24.9900,3284468
2005-07-22,24.5500,24.9200,24.1000,24.4600,3333134
2005-07-15,24.8000,25.3200,24.3500,24.6200,3190201
2005-07-08,24.0100,25.0700,23.5900,24.8800,3277934
2005-07-01,23.4400,24.6400,23.4400,24.1300,3957001
2005-06-24,23.8000,24.1500,23.1800,23.5000,3841534
2005-06-17,24.5500,24.8700,23.7000,23.8100,5905334
2005-06-10,24.7100,25.2700,24.3500,24.7000,4595401
2005-06-03,24.5800,25.1900,24.4000,24.5700,3123934
2005-05-27,25.2600,25.6700,24.4400,24.6000,8382601
2005-05-20,23.9500,26.0100,23.9400,25.2000,5613001
2005-05-13,23.3800,24.6600,23.3100,23.9500,6169601
2005-05-06,24.4800,25.4500,22.7700,23.3900,12780534
2005-04-29,24.3700,25.6100,23.9500,24.4800,8038334
2005-04-22,24.4800,24.7900,23.9600,24.4000,5931267
2005-04-15,25.0700,25.1600,24.1000,24.2200,15982467
2005-04-08,28.3300,28.8700,24.9600,25.1600,17288400
2005-04-01,28.4700,29.0400,28.2400,28.3300,6013068
2005-03-24,27.5300,28.7900,27.2500,28.4600,5892134
2005-03-18,27.7800,28.5000,27.3700,27.5900,5988001
2005-03-11,28.2100,28.4200,27.5300,27.7100,6617601
2005-03-04,26.9000,28.5000,26.6300,28.2200,10081268
2005-02-25,25.4100,26.8700,25.2600,26.8500,7635268
2005-02-18,27.6400,27.7200,25.4900,25.6300,9247601
2005-02-11,27.5200,28.0500,27.0300,27.6900,6458067
2005-02-04,26.8000,28.0000,26.6900,27.4700,6499601
2005-01-28,27.5700,27.7100,26.4000,26.7400,4873467
2005-01-21,28.1500,28.3200,27.1100,27.6600,4604867
2005-01-14,27.7500,28.3500,27.1500,28.1100,4760001
2005-01-07,29.0500,29.5000,27.4700,27.8500,7294134
2004-12-31,28.4500,29.3400,28.2500,28.7700,3215201
2004-12-23,28.5800,29.1200,27.7900,28.4300,4325334
2004-12-17,28.1100,29.4300,27.5200,28.4300,7680068
2004-12-10,28.4100,28.9000,27.8400,28.1700,7125668
2004-12-03,28.7000,29.0100,26.8400,28.3000,10612667
2004-11-26,28.5400,29.4400,28.0500,28.6700,6278334
2004-11-19,29.6400,30.2900,28.5800,28.6700,7361334
2004-11-12,29.0900,29.7200,28.5700,29.6400,6118201
2004-11-05,29.0200,29.8400,27.8500,29.2400,10924801
2004-10-29,26.7900,29.2800,26.5000,28.9000,7267801
2004-10-22,24.5000,27.0900,24.2600,26.8600,6013334
2004-10-15,25.3700,26.1100,24.5500,24.6300,6112534
2004-10-08,27.2500,28.0000,25.2500,25.3600,9135601
2004-10-01,26.7000,27.4600,26.0700,27.2900,6794467
2004-09-24,27.2500,27.7000,26.2000,26.6800,5919268
2004-09-17,25.5400,27.5700,25.3400,27.2500,9353267
2004-09-10,25.2500,25.6000,24.4600,25.4600,4869268
2004-09-03,23.9800,25.4000,23.2700,25.0500,5516201
2004-08-27,24.5000,25.3900,23.3600,24.0100,11838067
2004-08-20,22.7000,24.8200,22.5600,24.5600,6532734
2004-08-13,23.9500,24.5900,22.2900,22.4600,8216601
2004-08-06,26.9600,27.6300,23.6100,23.7600,11592801
2004-07-30,26.1200,27.3600,25.3700,26.9100,4816468
2004-07-23,26.6200,27.6200,26.0300,26.3000,4593067
2004-07-16,27.1700,27.8600,26.0100,26.2200,4866601
2004-07-09,26.4700,27.8600,26.1400,27.2100,5501934
2004-07-02,28.9200,29.2000,26.5000,26.6000,6286667
2004-06-25,27.9900,28.9550,27.0700,28.9400,4907401
2004-06-18,27.4300,28.3400,27.2700,28.0250,4954734
2004-06-10,28.7290,29.2000,28.2400,28.5600,3417467
2004-06-04,27.7600,29.1700,27.7600,28.4900,5589067
2004-05-28,25.5600,28.7100,24.7900,27.9000,15103134
2004-05-21,24.5900,25.4600,24.5000,25.4100,7790668
2004-05-14,25.1400,25.9000,24.5700,25.0900,7957201
2004-05-07,27.2000,28.6200,25.1600,25.2400,15885334
2004-04-30,29.3700,29.5500,26.8200,26.9800,7786134
2004-04-23,29.6000,30.1500,28.5700,29.3300,7859268
2004-04-16,29.3300,30.1600,28.6700,29.6100,5129001
2004-04-08,30.9100,31.4500,29.0800,29.3500,5070934
2004-04-02,29.7590,31.2200,29.5300,30.8400,8306801
2004-03-26,28.9500,30.0200,28.2500,29.4500,6387601
2004-03-19,29.5000,29.5000,28.4300,29.0600,7919801
2004-03-12,31.3800,31.4700,29.2000,29.6300,6959134
2004-03-05,30.9500,31.7600,30.7500,31.3700,6822067
2004-02-27,33.2000,33.4100,30.1200,30.9000,13338335
2004-02-20,32.9800,33.9200,32.0000,32.8000,3391334
2004-02-13,32.6700,33.9700,32.6000,32.8000,3643534
2004-02-06,31.9100,33.3900,31.7700,32.8000,5474334
2004-01-30,31.9200,33.8100,31.2500,31.9100,7695134
2004-01-23,31.7000,32.4000,31.4200,32.0000,2825401
2004-01-16,32.5100,33.0000,31.2100,31.6800,6621468
2004-01-09,29.5700,33.2000,28.8900,32.6400,9843668
2004-01-02,30.3400,30.4800,29.4400,29.6100,5302267
2003-12-26,30.1600,30.5000,29.5000,30.2100,3666001
2003-12-19,30.0300,30.4700,27.3600,29.9400,8775601
2003-12-12,29.6700,30.5000,29.0100,29.2800,7524534
2003-12-05,32.0500,32.7500,29.4000,29.7700,12849601
2003-11-28,34.3100,34.9900,31.1000,31.7200,13845401
2003-11-21,34.1400,34.4900,32.6400,33.5500,6388468
2003-11-14,35.3500,35.6400,33.2700,34.0800,11743468
2003-11-07,38.7400,38.7400,35.1300,35.2900,8470134
2003-10-31,37.8000,38.5000,36.9900,38.2900,4469734
2003-10-24,35.4700,37.8500,35.3600,37.6600,7521667
2003-10-17,35.1800,36.7900,35.1400,35.2700,4356001
2003-10-10,35.1000,36.2600,33.9200,34.7500,8541668
2003-10-03,34.6300,35.7900,33.4700,34.5000,6508667
2003-09-26,35.8100,37.2300,34.0800,34.3100,5803201
2003-09-19,36.1200,36.9000,33.7700,36.2800,8318134
2003-09-12,36.7000,37.4400,34.6700,36.0400,6516668
2003-09-05,39.3700,39.5000,36.3800,36.5900,8084934
2003-08-29,37.7300,39.7500,36.2300,39.2200,13113534
2003-08-22,37.1600,38.8000,36.9800,37.8700,6437001
2003-08-15,35.8900,37.5000,35.7000,37.0000,4343467
2003-08-08,36.8000,37.3500,34.8100,36.0000,9633668
2003-08-01,35.3700,37.6200,34.8100,36.8000,8575734
2003-07-25,34.2000,35.5002,32.7700,35.3400,6687801
2003-07-18,34.9200,36.5000,33.8900,34.3390,7404268
2003-07-11,34.0700,35.2000,33.6300,34.3500,9070267
2003-07-03,31.8800,34.3000,31.0400,33.8000,5555601
2003-06-27,31.4100,32.8100,30.7200,31.9000,6086000
2003-06-20,31.8000,33.1400,31.0100,31.5000,6543334
2003-06-13,30.3000,33.8100,29.9100,31.9000,11502601
2003-06-06,29.0500,31.3500,28.3000,30.2500,10362001
2003-05-30,26.0300,29.3500,25.7600,29.0000,9692801
2003-05-23,25.4200,26.4300,24.8200,26.0400,5905267
2003-05-16,26.4000,27.1700,24.8600,25.7300,9765868
2003-05-09,26.2110,27.8300,26.1000,26.5000,11306534
2003-05-02,23.3400,26.1600,23.3000,26.0000,10176468
2003-04-25,23.8800,24.3400,23.2900,23.3100,5889801
2003-04-17,21.8500,23.9000,21.3700,23.9000,7188334
2003-04-11,20.7500,22.1500,20.1300,21.7500,10219467
2003-04-04,19.7300,21.3800,19.4000,20.4610,5986667
2003-03-28,21.0100,21.5000,19.9000,19.9900,5986734
2003-03-21,19.9600,22.1800,19.8200,21.4900,10672867
2003-03-14,18.6200,20.1400,18.2600,19.8400,6729401
2003-03-07,21.2000,21.2100,17.4000,18.5600,9305601
2003-02-28,20.3200,20.8500,19.3000,20.6500,6042734
2003-02-21,21.5500,21.9000,20.3200,20.5100,3899134
2003-02-14,21.0800,21.5700,20.3500,21.5100,6260801
2003-02-07,22.0100,22.3900,21.0000,21.0500,7249468
2003-01-31,22.6100,22.7100,21.4400,21.9600,9244268
2003-01-24,26.0700,26.1700,21.2200,22.7000,11266534
2003-01-17,27.4900,27.9700,25.2100,26.0000,5320801
2003-01-10,25.3300,27.4500,24.8500,27.4200,11110601
2003-01-03,24.5000,26.1000,23.8300,25.3000,4071067
2002-12-27,25.3800,25.4200,23.9500,24.4300,2514067
2002-12-20,26.3400,27.6400,24.0800,25.2300,6815734
2002-12-13,28.7700,28.7900,25.8700,26.3000,6570401
2002-12-06,29.7900,30.5900,27.8900,28.8800,5085667
2002-11-29,27.2500,29.5800,26.7600,29.3500,3967401
2002-11-22,27.4100,27.9400,25.8000,27.2600,6080734
2002-11-15,25.5000,27.6300,23.7000,27.3500,6901401
2002-11-08,27.0500,27.1700,25.0000,25.5400,4990068
2002-11-01,28.4800,28.4900,25.5500,26.6300,9414801
2002-10-25,25.0200,26.4300,23.6500,26.3500,7850668
2002-10-18,21.4000,25.2300,20.6600,25.1200,8532201
2002-10-11,21.4600,21.4900,19.0800,21.4300,10605334
2002-10-04,22.6400,22.8800,20.2700,21.5500,7851534
2002-09-27,23.2400,24.6000,22.1500,23.2600,4666200
2002-09-20,22.0000,24.7100,21.6800,23.4300,10524201
2002-09-13,24.9000,24.9100,21.9200,22.0900,7302334
2002-09-06,24.2400,25.6900,23.4700,24.8900,5395334
2002-08-30,28.1000,28.3100,24.2500,24.6100,9283534
2002-08-23,29.7200,31.0000,27.4000,27.6000,6610867
2002-08-16,28.4800,29.7400,25.0000,29.3900,9786201
2002-08-09,27.0500,29.2300,25.9200,28.7300,6360201
2002-08-02,31.6100,33.7800,26.6000,27.2900,8645268
2002-07-26,28.6900,32.0200,26.2600,31.5000,6347601
2002-07-19,32.7500,33.1200,28.6600,28.9400,6448734
2002-07-12,37.5500,37.9600,32.3000,32.6200,8634468
2002-07-05,39.4500,39.8400,34.5300,37.6900,5615534
2002-06-28,38.3000,40.0200,36.9000,39.4100,6762534
2002-06-21,37.7200,38.9200,36.3300,38.1700,4824401
2002-06-14,39.0000,40.0400,36.8500,37.5100,5715867
2002-06-07,39.8500,40.0400,38.4000,38.9900,6381067
2002-05-31,37.8500,41.0000,36.6000,40.2700,14376067
2002-05-24,39.4300,39.6900,37.4900,37.6300,3407334
2002-05-17,38.3800,39.7500,37.4000,39.3300,4295001
2002-05-10,38.3300,39.4100,36.8000,38.5800,4204001
2002-05-03,37.1500,38.6200,36.2200,38.2000,7873601
2002-04-26,33.5700,37.2100,32.2700,36.8000,7192801
2002-04-19,33.1600,33.8000,32.6600,33.6200,2882934
2002-04-12,33.0000,34.2900,32.3600,32.9900,5510067
2002-04-05,32.9400,33.2000,30.6600,33.0400,4795334
2002-03-28,33.9500,34.0000,32.4000,32.8100,3452934
2002-03-22,35.1000,35.1500,33.0600,33.8200,8069134
2002-03-15,31.5900,34.0000,31.0400,33.8100,4126801
2002-03-08,31.8400,32.8900,30.0500,31.5400,4177867
2002-03-01,29.3000,32.5200,29.3000,31.9500,3661734
2002-02-22,30.8000,31.5000,28.6500,29.2500,2847334
2002-02-15,31.8500,32.8700,30.4300,30.8500,4960868
2002-02-08,32.9300,32.9300,31.0500,31.2900,3179534
2002-02-01,32.5900,33.9600,31.6100,32.9500,7136468
2002-01-25,29.0700,32.9500,28.7500,32.7800,9966801
2002-01-18,27.6500,30.0000,26.9600,29.0900,5547400
2002-01-11,30.0000,31.2000,28.0600,28.1100,7786268
2002-01-04,31.6500,31.6500,29.8500,30.2000,3997534
2001-12-28,30.5600,31.8700,30.0000,31.5800,3116134
2001-12-21,25.9700,30.6000,25.1400,30.3400,10029268
2001-12-14,28.1800,28.3700,24.7700,26.0700,6282401
2001-12-07,28.0500,28.5900,26.4700,28.4400,6031201
2001-11-30,28.2100,29.7500,27.9300,28.0400,6088868
2001-11-23,27.0000,28.2500,26.9900,28.0900,1682201
2001-11-16,25.8000,27.9400,24.7400,26.9600,4656468
2001-11-09,22.7600,26.2400,22.7600,25.8000,4893068
2001-11-02,24.5000,24.5000,21.8400,22.8700,5604601
2001-10-26,22.7100,24.9400,22.4500,24.3100,8358401
2001-10-19,22.2500,22.9000,21.2000,22.6000,3810734
2001-10-12,20.7500,22.9400,19.5300,22.1200,5765867
2001-10-05,18.8300,21.8200,18.2200,20.1000,7375534
2001-09-28,18.3500,19.5900,16.3600,18.8900,10421867
2001-09-21,22.0100,22.0500,17.4300,18.2700,11449667
2001-09-10,23.2000,23.3400,22.1700,22.4400,1030067
2001-09-07,23.7200,25.2900,22.5800,23.2000,4689134
2001-08-31,23.8700,24.2200,21.8500,23.7300,4354868
2001-08-24,25.0000,25.5400,22.8800,24.0100,5998934
2001-08-17,25.7600,26.2400,24.6900,24.9800,3713800
2001-08-10,25.4000,26.5000,24.6700,25.6800,6059201
2001-08-03,25.5100,26.4600,24.5500,25.3200,5561001
2001-07-27,34.5000,34.9600,24.8500,25.7000,16726801
2001-07-20,31.9500,34.8800,31.7500,34.5400,6561868
2001-07-13,31.3000,32.5000,30.2000,31.9000,11792668
2001-07-06,27.6000,32.1900,26.9000,31.2700,9939668
2001-06-29,25.8500,27.8400,25.4100,27.8400,8728201
2001-06-22,25.1500,25.9400,24.5000,25.9100,4143801
2001-06-15,24.8500,25.9000,24.2400,25.1400,3172534
2001-06-08,25.7000,26.6300,24.8100,24.8500,4122001
2001-06-01,26.0900,26.8000,24.3500,25.7500,4759667
2001-05-25,24.6000,27.7400,24.5100,26.1500,5404401
2001-05-18,22.7000,24.8200,21.7400,24.4500,4102401
2001-05-11,23.6100,23.7000,22.7000,22.7500,4220668
2001-05-04,21.9200,24.0900,20.9200,23.5000,7513801
2001-04-27,21.8500,22.3000,19.6200,22.0000,8048468
2001-04-20,19.1900,23.2700,19.0000,21.9700,11186201
2001-04-12,19.7500,20.1200,18.9500,19.2600,5696867
2001-04-06,19.2500,20.3100,17.9400,19.8800,8563734
2001-03-30,17.8100,20.1300,17.5000,19.2700,16352201
2001-03-23,18.3800,18.4400,15.5600,17.5600,20912001
2001-03-16,27.6900,27.7500,17.8800,18.2500,32038667
2001-03-09,27.8100,29.1900,27.6300,28.4400,3079201
2001-03-02,27.5000,29.2500,26.5000,27.6300,2694601
2001-02-23,27.0600,28.0600,26.6300,27.0000,3847734
2001-02-16,27.0000,29.6300,25.1300,27.2500,5432201
2001-02-09,30.1300,30.5600,26.6900,27.0000,4345067
2001-02-02,29.6300,32.2500,29.0600,30.3800,6257734
2001-01-26,26.0600,30.1900,25.6300,29.9400,8956267
2001-01-19,26.7500,28.4400,25.6300,25.8800,5620867
2001-01-12,24.0000,27.4400,21.8100,27.2500,12160601
2001-01-05,24.2500,25.4400,21.3100,23.8800,16106067
2000-12-29,25.8800,26.2500,23.9400,24.5000,7952534
2000-12-22,34.6300,36.6300,18.6900,26.1300,50734401
2000-12-15,40.6900,41.9400,32.6300,32.6900,10855801
2000-12-08,37.4400,44.0000,37.2500,42.0000,5030867
2000-12-01,38.1300,38.8800,35.8800,37.5000,4365601
2000-11-24,38.5600,39.2500,36.4400,38.0600,1887201
2000-11-17,33.6300,39.6900,33.1300,38.6900,4815867
2000-11-10,38.5600,39.0600,33.8100,33.8100,5262001
2000-11-03,34.9400,41.2500,34.4400,38.5000,5870067
2000-10-27,31.9400,35.3800,28.7500,34.9400,10397201
2000-10-20,33.7500,37.3800,31.1900,31.9400,9279601
2000-10-13,37.5000,37.7500,30.4400,34.4400,4936601
2000-10-06,40.5600,40.5600,36.8800,37.3800,4736068
2000-09-29,44.0900,44.1300,38.7500,40.5600,6952334
2000-09-22,43.5000,44.6300,41.1300,43.6300,3807267
2000-09-15,42.2200,44.0000,41.6300,44.0000,4808801
2000-09-08,42.9800,43.0000,41.1300,42.2500,3366801
2000-09-01,43.0600,44.2500,40.3800,43.0600,4283601
2000-08-25,42.0600,43.1300,40.6900,42.9400,2246734
2000-08-18,40.4400,42.4400,40.0000,41.9400,4484468
2000-08-11,40.5000,40.6300,39.9400,40.5600,5379468
2000-08-04,41.8600,43.3800,37.7500,40.1900,12721134
2000-07-28,43.0000,43.1300,39.6300,41.2500,3747534
2000-07-21,46.2200,47.1300,42.1300,43.3100,2179801
2000-07-14,45.8800,48.2500,43.9400,46.2500,4556067
2000-07-07,39.5300,47.5000,38.5600,45.5600,4673401
2000-06-30,40.2500,40.9400,38.0000,39.5600,3031067
2000-06-23,59.0000,61.6300,39.5000,40.1300,2418112
2000-06-16,55.5000,61.1900,52.7500,59.1900,2036667
2000-06-09,61.0600,64.3100,55.3800,55.5000,2204044
2000-06-02,56.6900,61.6300,56.3800,61.5000,1751734
2000-05-26,59.7500,59.9400,51.2500,55.8100,2392266
2000-05-19,59.4400,64.8100,58.1900,59.6900,2420001
2000-05-12,59.1300,63.5600,57.3800,59.4400,3815422
2000-05-05,58.2500,61.2500,53.7500,61.0000,4593866
2000-04-28,49.4400,60.3800,49.0000,57.8800,7014310
2000-04-20,47.7300,53.7500,47.4400,49.3800,1999022
2000-04-14,52.0000,54.1900,47.8800,48.2500,2023823
2000-04-07,52.7500,54.8800,46.5000,52.1900,4394445
2000-03-31,46.1900,52.3800,43.9400,52.1300,3872801
2000-03-24,46.7500,48.5000,43.4400,44.8100,2115066
2000-03-17,39.1300,49.3100,36.8800,46.8800,4058979
2000-03-10,39.0000,43.0000,34.1900,40.0600,4170934
2000-03-03,34.6900,41.5000,33.8800,39.1900,4019822
2000-02-25,34.2500,36.3800,31.2500,34.8800,5213156
2000-02-18,41.0000,41.1900,33.3800,34.3800,3967778
2000-02-11,46.4400,47.3100,40.5600,40.8800,2355733
2000-02-04,44.5000,48.0000,43.5000,46.2500,2552800
2000-01-28,47.5000,48.7500,42.0000,44.6300,4144579
2000-01-21,53.2500,54.5000,46.8800,47.9400,2469333
2000-01-14,51.8800,54.1300,49.4400,53.4400,3213111
