timestamp,open,high,low,close,volume
2018-02-27,15.9500,15.9795,15.5000,15.5500,56241
2018-02-23,15.8000,16.0000,15.5000,16.0000,81060
2018-02-16,15.4000,15.8000,15.2500,15.8000,222412
2018-02-09,15.4500,15.8000,15.1000,15.4000,576591
2018-02-02,15.9000,16.1500,15.4500,15.4750,361465
2018-01-26,16.4000,17.0000,15.7500,16.0500,581352
2018-01-19,15.8500,16.3500,15.4500,16.3500,538753
2018-01-12,15.4000,16.0000,15.1000,15.7000,374646
2018-01-05,15.1000,16.1000,15.0500,15.4000,565155
2017-12-29,14.8000,15.3000,14.6500,15.2000,514848
2017-12-22,14.6000,15.0000,14.4000,14.9000,398370
2017-12-15,14.7500,14.9000,14.4500,14.6000,532195
2017-12-08,14.9500,15.0000,14.5000,14.7500,381183
2017-12-01,15.0000,15.1500,14.7000,15.0000,413181
2017-11-24,15.0500,15.2000,14.9000,15.0000,182651
2017-11-17,15.5000,15.6647,14.7000,15.0000,338777
2017-11-10,14.8000,15.6000,14.7000,15.6000,597702
2017-11-03,14.5000,14.9500,14.4500,14.8000,386724
2017-10-27,14.6000,14.7500,14.3000,14.5750,278898
2017-10-20,14.7500,14.9500,14.3500,14.5000,306862
2017-10-13,14.9000,15.1500,14.6500,14.7000,316846
2017-10-06,15.1000,15.4500,14.8000,14.9000,398605
2017-09-29,14.8000,15.2500,14.7500,15.0500,350507
2017-09-22,14.5500,15.1000,14.4000,14.7500,512074
2017-09-15,14.3000,14.7500,14.2500,14.6500,343263
2017-09-08,14.5500,14.7000,14.1500,14.3000,500484
2017-09-01,14.1500,14.7500,13.9500,14.5500,212712
2017-08-25,14.2500,14.4500,13.9000,14.1500,339428
2017-08-18,14.7000,14.7000,13.9000,14.2500,252780
2017-08-11,14.6000,14.8500,14.3000,14.6000,275986
2017-08-04,15.0500,15.2000,14.5500,14.6500,388472
2017-07-28,15.0000,15.5000,14.7500,15.0000,522290
2017-07-21,15.4000,15.5000,14.7500,14.9500,480178
2017-07-14,15.0000,15.9222,14.9000,15.2000,488308
2017-07-07,14.6500,15.2500,14.3500,14.9000,212247
2017-06-30,15.0000,15.3515,14.2142,14.4500,404991
2017-06-23,14.7500,15.5000,14.3000,14.8000,317923
2017-06-16,16.0500,16.1750,14.7500,14.8000,1045963
2017-06-09,16.1500,16.2000,15.7500,16.1500,237396
2017-06-02,16.4500,16.4990,16.1500,16.2000,91849
2017-05-26,16.8500,16.8500,16.3500,16.4000,290586
2017-05-19,16.6500,16.8500,16.3500,16.6000,208751
2017-05-12,16.8500,17.1000,16.2869,16.4500,122771
2017-05-05,17.1500,17.2500,16.1500,16.7500,163810
2017-04-28,17.5000,17.8500,16.7900,17.0000,150487
2017-04-21,16.7500,17.6000,16.5000,17.4500,247100
2017-04-13,17.4500,17.6000,16.1500,16.5000,197023
2017-04-07,17.3500,17.7000,17.1000,17.3000,141123
2017-03-31,17.5000,17.5325,16.6500,17.2000,147398
2017-03-24,17.5000,17.9500,17.0500,17.3500,179123
2017-03-17,16.6500,19.1000,16.4000,17.5000,1304853
2017-03-10,16.5000,16.9500,15.7000,16.4500,200975
2017-03-03,17.0000,17.0000,16.1000,16.3500,151543
2017-02-24,17.0000,18.1500,16.5000,16.8000,240183
2017-02-17,16.6000,17.7500,15.5000,16.8500,431230
2017-02-10,16.8500,17.0000,16.0000,16.6000,225248
2017-02-03,17.6500,18.0000,16.2500,16.8500,332076
2017-01-27,18.7000,18.8000,17.6500,17.8000,178535
2017-01-20,18.2000,18.9500,17.8000,18.4500,146779
2017-01-13,18.0000,18.3500,17.4000,18.3500,178280
2017-01-06,17.8500,18.4612,17.1500,17.9000,143132
2016-12-30,18.0500,18.6000,17.4000,17.5500,170808
2016-12-23,17.4500,19.3000,17.4065,18.3000,363429
2016-12-16,16.8000,17.3500,16.5501,17.3500,184854
2016-12-09,16.9000,17.4500,16.0600,16.7500,237792
2016-12-02,16.4500,17.3000,15.8500,16.9500,290296
2016-11-25,15.9500,17.5000,15.9499,16.8500,156854
2016-11-18,15.2500,16.4247,15.2500,15.9500,270290
2016-11-11,14.7000,15.7000,14.4500,15.3000,264293
2016-11-04,15.1000,15.6500,14.4500,14.7500,247183
2016-10-28,14.9000,15.8000,14.9000,15.2000,172993
2016-10-21,16.3500,16.8250,14.8500,14.9000,391815
2016-10-14,16.5600,17.9499,16.1800,16.3700,259025
2016-10-07,15.3500,16.6500,15.2400,16.4600,252281
2016-09-30,15.3700,16.1800,15.0200,15.4100,157741
2016-09-23,14.8400,16.1750,14.8100,15.3700,109824
2016-09-16,14.9400,15.5800,14.6800,14.7200,142844
2016-09-09,14.8800,15.6726,14.5600,15.0100,174135
2016-09-02,15.2000,15.7110,14.3100,14.8100,133679
2016-08-26,15.8000,16.7399,15.1100,15.1500,168099
2016-08-19,15.5800,15.9900,15.2518,15.8200,155392
2016-08-12,15.7500,15.9900,15.2000,15.5500,141106
2016-08-05,14.7200,15.7900,14.2800,15.5300,155519
2016-07-29,14.7100,15.1900,14.4200,14.9300,126587
2016-07-22,14.2500,15.1900,14.1300,14.7100,129997
2016-07-15,14.1100,14.9500,14.0000,14.3900,198670
2016-07-08,14.1100,14.4420,13.5500,14.1300,106787
2016-07-01,14.8400,15.0000,14.0240,14.2800,171028
2016-06-24,14.4900,15.8250,14.4900,15.1400,184387
2016-06-17,14.0400,14.5499,14.0000,14.3600,231833
2016-06-10,13.6224,14.8848,13.5882,14.1000,176670
2016-06-03,13.1800,13.7300,12.6700,13.5000,174043
2016-05-27,12.3500,13.5000,12.0200,12.8000,294212
2016-05-20,13.0000,13.4999,12.3101,12.4200,305614
2016-05-13,13.2900,13.5450,12.3700,12.8500,168027
2016-05-06,14.0500,14.0500,12.0600,13.2500,431608
2016-04-29,13.7300,14.3130,13.1601,14.2100,153554
2016-04-22,12.7000,14.0900,12.3200,13.7500,253609
2016-04-15,11.7500,13.7200,11.7500,13.1000,268638
2016-04-08,10.9100,11.6800,10.7100,11.6700,196210
2016-04-01,11.0800,11.9900,10.7750,11.0000,145133
2016-03-24,10.8700,11.6300,10.5700,11.1900,133592
2016-03-18,11.1300,11.6950,10.5500,10.7000,337496
2016-03-11,10.7600,11.8490,10.4800,10.9300,277568
2016-03-04,9.7000,10.7499,9.4300,10.6600,209462
2016-02-26,10.1600,10.3180,9.3600,9.6000,286835
2016-02-19,9.9700,10.3980,9.7000,10.0800,244594
2016-02-12,10.0100,10.4600,9.5600,9.9300,238534
2016-02-05,10.6900,10.6900,9.9900,10.0400,173038
2016-01-29,10.0900,10.7900,9.3500,10.7200,194372
2016-01-22,9.2700,10.8000,8.5700,10.1300,258262
2016-01-15,9.7400,10.2413,9.0100,9.2700,215722
2016-01-08,9.9200,10.4700,9.3664,9.7000,285217
2015-12-31,9.9500,10.1000,9.2100,9.8900,588307
2015-12-24,9.7900,10.5700,9.3855,10.1000,338495
2015-12-18,10.4600,10.5100,8.7700,9.4400,1691814
2015-12-11,12.7500,12.8500,10.5600,10.6100,630692
2015-12-04,13.7400,13.7400,12.5000,12.7500,354883
2015-11-27,13.2600,13.8472,13.0300,13.3600,164293
2015-11-20,13.8000,14.5999,13.1200,13.1900,392563
2015-11-13,14.5700,15.2800,13.8000,13.8500,160117
2015-11-06,14.4500,16.0700,14.0900,14.5700,220572
2015-10-30,14.3300,15.1500,13.9000,14.4500,181840
2015-10-23,15.1500,15.5899,14.2500,14.3200,287216
2015-10-16,16.2800,16.3400,14.5600,15.3300,152529
2015-10-09,15.2800,16.7500,15.1730,16.5600,164037
2015-10-02,15.2400,16.0050,14.1900,15.0300,260213
2015-09-25,17.6500,17.6900,15.0500,15.1600,259017
2015-09-18,14.7300,18.9300,14.7300,17.5800,755269
2015-09-11,14.8300,15.7500,14.4201,14.8500,198028
2015-09-04,14.3900,16.1850,13.8630,14.8000,268404
2015-08-28,13.5300,15.0100,12.8400,14.3900,338090
2015-08-21,14.8000,15.3600,13.4800,13.9000,524562
2015-08-14,14.6700,15.4900,14.4900,14.9200,252620
2015-08-07,17.1000,17.4690,14.2500,14.6800,390134
2015-07-31,17.0000,18.8500,17.0000,17.0700,239077
2015-07-24,18.8000,19.2500,15.9190,17.0100,332571
2015-07-17,19.7500,20.0000,18.0600,18.7700,327378
2015-07-10,20.9200,21.0350,19.5000,19.7500,163625
2015-07-02,21.7100,21.9600,20.2600,20.9100,121484
2015-06-26,23.1300,23.1300,21.7500,21.8100,153126
2015-06-19,22.0000,23.7500,22.0000,22.9000,288678
2015-06-12,22.3100,22.4812,21.3300,22.1700,147797
2015-06-05,22.7100,22.9300,22.2500,22.4500,95103
2015-05-29,23.0500,23.2200,22.6000,22.6700,60649
2015-05-22,23.2600,23.7500,22.8000,23.1300,96967
2015-05-15,22.8100,23.3800,22.7100,23.2100,123107
2015-05-08,22.9200,23.2600,22.8000,22.8500,148567
2015-05-01,23.3000,23.7100,22.5800,22.9200,127056
2015-04-24,22.7600,23.5749,22.7600,23.3000,117698
2015-04-17,23.0000,23.3700,22.3300,22.9800,144277
2015-04-10,22.6600,23.7700,22.5100,23.0300,131786
2015-04-02,23.8200,23.8900,22.4100,22.5000,164436
2015-03-27,24.7600,25.5900,23.4200,23.9200,146200
2015-03-20,22.7500,25.4000,22.5000,25.0200,305332
2015-03-13,23.5000,24.1500,22.5000,22.9000,190870
2015-03-06,24.5800,24.7400,23.5000,23.5100,108507
2015-02-27,24.0400,24.5000,23.6623,24.2500,119286
2015-02-20,25.5200,25.7200,23.6600,23.9800,146478
2015-02-13,25.9000,26.7600,25.0601,25.7500,132211
2015-02-06,24.2900,26.2252,24.2900,25.7801,227981
2015-01-30,25.5600,26.3000,23.5600,24.2100,228977
2015-01-23,25.5600,26.5099,25.5200,25.7000,184787
2015-01-16,25.7000,26.0700,25.0000,25.7100,245052
2015-01-09,25.1000,25.7300,23.1600,25.5500,250436
2015-01-02,25.3700,25.9900,24.7500,25.4800,155774
2014-12-26,24.7500,26.3300,24.3300,25.3700,204779
2014-12-19,22.3000,25.0500,22.0200,24.5300,810818
2014-12-12,23.6400,24.4800,22.1100,22.4100,377404
2014-12-05,25.5000,25.7500,23.1500,23.7100,349416
2014-11-28,27.2700,28.3600,25.6000,25.8300,186818
2014-11-21,26.3200,27.9800,26.1500,27.3300,236114
2014-11-14,27.8948,28.2796,26.2499,26.6800,125615
2014-11-07,27.6300,28.4000,25.8001,27.6000,202394
2014-10-31,28.1100,29.3650,27.2000,27.4700,172737
2014-10-24,28.7200,31.7180,27.3700,28.2000,401862
2014-10-17,27.0300,28.8000,24.4200,28.8000,609238
2014-10-10,28.3600,29.5400,26.2700,26.8400,415218
2014-10-03,29.0500,30.3400,28.2700,28.4000,224628
2014-09-26,29.2900,29.6000,28.5100,29.5800,241878
2014-09-19,31.3600,31.4500,29.6000,29.6100,574050
2014-09-12,33.1600,33.6300,31.1675,31.4900,281835
2014-09-05,34.0600,34.3800,33.0000,33.2900,186039
2014-08-29,33.7700,34.2500,33.2500,34.0800,214076
2014-08-22,34.0000,34.2600,33.3501,33.7500,195238
2014-08-15,33.3400,33.9300,33.1000,33.6900,247686
2014-08-08,34.4000,35.0000,33.1101,33.3300,227532
2014-08-01,33.9400,35.5540,33.6600,34.0200,731870
2014-07-25,33.0200,34.2770,32.4100,33.7900,416200
2014-07-18,30.9500,34.0700,30.6500,33.0200,399124
2014-07-11,30.2000,31.2300,30.2000,31.0100,143066
2014-07-03,30.3500,30.7400,30.0000,30.3000,97100
2014-06-27,29.3000,30.4400,29.1200,30.3800,246506
2014-06-20,28.4100,29.5900,28.0000,29.3000,222439
2014-06-13,28.5400,28.5900,28.2500,28.3500,101817
2014-06-06,28.2700,28.5000,27.7000,28.4700,139673
2014-05-30,28.6200,28.6200,28.0000,28.2800,99082
2014-05-23,27.9100,29.0000,27.9100,28.6100,139626
2014-05-16,28.3100,28.6400,27.7800,27.9000,198338
2014-05-09,27.2500,28.2600,27.2500,28.1200,153298
2014-05-02,26.8800,27.5000,26.7990,27.4000,169734
2014-04-25,26.9300,27.4640,26.5500,26.7200,119967
2014-04-17,26.9000,27.6500,26.6004,26.8400,262633
2014-04-11,26.5000,26.9000,26.1500,26.7500,113099
2014-04-04,26.0000,26.5000,26.0000,26.3400,109613
2014-03-28,26.0700,26.0800,25.8100,25.9500,138625
2014-03-21,25.6500,26.0800,25.3000,25.8000,191536
2014-03-14,25.6300,25.9000,25.4000,25.5000,160113
2014-03-07,24.9200,25.6599,24.9200,25.5500,238324
2014-02-28,25.0000,25.1500,24.9900,25.0800,186421
2014-02-21,24.7900,25.2900,24.5400,25.0500,254381
2014-02-14,24.7100,25.2900,24.5100,24.7900,182873
2014-02-07,25.0800,25.1000,24.0800,24.8300,306911
2014-01-31,25.6000,25.6000,24.6200,25.0100,344510
2014-01-24,25.4600,25.9800,25.2800,25.5100,159536
2014-01-17,26.1500,26.2800,25.0000,25.4000,264815
2014-01-10,25.6800,26.1500,25.2600,26.1500,122397
2014-01-03,25.7200,25.9990,25.2124,25.5200,104319
2013-12-27,24.7000,25.7000,24.6300,25.6400,91053
2013-12-20,24.7000,25.2400,24.4000,24.7300,153668
2013-12-13,24.6400,24.9300,24.5100,24.7000,79092
2013-12-06,24.4300,24.8400,24.3600,24.6200,111137
2013-11-29,24.3000,24.8800,24.2200,24.5500,122953
2013-11-22,25.0000,25.0000,23.9000,24.3600,258611
2013-11-15,24.6900,24.9500,24.3500,24.9200,220053
2013-11-08,24.3000,25.2000,24.0900,24.7600,286336
2013-11-01,24.6100,24.8655,24.0400,24.2800,305510
2013-10-25,24.8700,25.0000,23.8310,24.6200,231631
2013-10-18,24.1600,24.8600,24.0400,24.8600,232343
2013-10-11,23.7700,24.6000,23.7700,24.3200,147145
2013-10-04,23.8700,24.1700,23.6900,23.7800,158884
2013-09-27,23.5900,24.2400,23.5628,23.9800,157093
2013-09-20,24.3000,24.4000,23.7500,23.7500,259630
2013-09-13,24.1200,24.4000,24.0500,24.2400,141802
2013-09-06,24.0000,24.3000,23.9000,23.9800,106497
2013-08-30,24.0000,24.3400,23.8800,23.9900,123015
2013-08-23,24.0300,24.2800,23.8500,24.1600,74214
2013-08-16,24.2600,24.5000,23.8500,24.0000,114811
2013-08-09,24.3200,24.6200,24.0100,24.2400,76290
2013-08-02,24.1100,24.5000,23.7601,24.2500,129805
2013-07-26,24.6500,24.6601,23.7700,24.1000,130320
2013-07-19,25.0000,25.2400,24.2500,24.6600,130907
2013-07-12,24.0101,25.1100,24.0101,24.9328,112703
2013-07-05,24.4900,24.7100,23.9100,24.1600,94570
2013-06-28,23.6000,24.8500,23.3700,24.4900,131457
2013-06-21,24.1200,24.8900,23.5100,23.7700,208142
2013-06-14,25.2500,25.3900,24.0000,24.2000,196341
2013-06-07,24.1000,25.2000,24.1000,25.1900,126782
2013-05-31,25.3000,25.4400,23.9700,24.1000,178963
2013-05-24,25.0500,25.6500,24.6500,25.2300,187552
2013-05-17,24.7300,25.3299,24.4453,25.0400,178636
2013-05-10,24.0200,24.9500,23.8610,24.6300,251676
2013-05-03,23.4400,24.3490,23.2500,24.0600,487860
2013-04-26,23.0100,23.4000,22.9120,23.2600,434749
2013-04-19,23.2000,23.4300,22.6500,23.0100,374108
2013-04-12,23.1100,23.6700,23.0100,23.3100,439095
2013-04-05,23.2000,23.6500,22.9400,23.1300,402172
2013-03-28,23.1500,23.7100,23.0200,23.2000,440081
2013-03-22,22.7900,23.7100,22.7900,23.0300,357673
2013-03-15,23.0400,23.4400,22.8000,22.8200,156414
2013-03-08,23.1700,23.5700,22.5900,22.9400,228010
2013-03-01,23.7300,24.0800,22.9800,23.2900,230445
2013-02-22,23.3700,23.6200,23.2600,23.5200,199349
2013-02-15,22.8400,23.9300,22.8000,23.3300,126743
2013-02-08,23.0000,23.7100,22.8000,22.8400,285248
2013-02-01,22.2100,23.1200,21.9000,22.9700,273351
2013-01-25,22.1500,22.7800,22.0800,22.2100,156467
2013-01-18,22.0600,22.5200,21.6500,22.1500,254712
2013-01-11,21.2300,22.2100,20.9900,21.9800,249857
2013-01-04,20.0200,21.3499,20.0000,21.1800,208927
2012-12-28,20.2200,20.5500,19.9000,20.0900,187135
2012-12-21,20.2500,20.9900,19.9000,20.3500,518678
2012-12-14,20.2900,21.2000,20.0100,20.2500,503462
2012-12-07,21.0000,21.4900,20.3000,20.4300,333806
2012-11-30,21.4600,21.5800,20.8300,21.0000,220596
2012-11-23,21.8835,21.9300,21.3100,21.4600,140836
2012-11-16,21.1900,21.9500,21.1300,21.6700,205624
2012-11-09,22.1100,22.3900,20.9000,21.4700,143923
2012-11-02,22.4100,23.2300,21.9180,22.1100,159718
2012-10-26,22.8500,22.8500,22.0800,22.5300,198515
2012-10-19,23.0700,23.2500,22.5000,22.9010,175020
2012-10-12,22.3600,23.5200,22.2400,23.0700,209761
2012-10-05,22.1500,22.8600,22.0100,22.3600,184598
2012-09-28,22.2000,22.3900,21.9300,22.0500,169217
2012-09-21,22.0000,22.3700,22.0000,22.2000,151748
2012-09-14,21.9200,22.3900,21.7710,22.1900,307232
2012-09-07,21.9100,22.4400,21.7400,22.0700,217534
2012-08-31,22.1800,22.2557,21.7000,21.9400,173098
2012-08-24,21.9100,22.2199,21.6800,22.0400,183963
2012-08-17,22.3300,22.5740,21.9000,22.0500,117774
2012-08-10,21.7100,22.7450,21.7100,22.5600,124307
2012-08-03,22.6200,22.7600,21.6700,21.7900,163915
2012-07-27,22.6500,22.8000,22.2000,22.3800,171781
2012-07-20,22.1000,22.8499,21.8700,22.6600,211128
2012-07-13,21.6500,22.2900,21.6100,22.1600,165258
2012-07-06,21.6000,22.2299,21.5600,21.7900,196250
2012-06-29,21.8300,22.2700,21.3000,21.9500,226285
2012-06-22,20.3400,22.0900,20.1400,21.8750,302846
2012-06-15,20.8900,21.0200,19.8700,20.0700,516838
2012-06-08,21.0100,22.1800,20.5500,20.9500,274744
2012-06-01,22.0800,22.6100,20.8500,21.1200,294664
2012-05-25,22.7900,23.3000,21.7600,22.0700,203780
2012-05-18,23.7500,23.8600,22.5800,22.8014,244353
2012-05-11,23.7500,23.9900,23.1000,23.7900,137121
2012-05-04,23.4400,24.0000,23.3250,23.9100,161558
2012-04-27,23.6900,23.8492,23.1600,23.3500,313437
2012-04-20,25.3700,25.8900,23.5680,23.6800,499850
2012-04-13,25.4500,26.0800,24.6000,25.2100,275870
2012-04-05,26.1200,26.1300,24.9200,25.7100,178419
2012-03-30,26.0000,26.2600,24.6330,26.2500,271188
2012-03-23,24.1500,25.6600,24.1110,25.6500,276775
2012-03-16,24.5000,24.7500,24.0700,24.1600,369505
2012-03-09,25.9500,26.1100,24.4500,24.4700,327559
2012-03-02,23.4100,26.6000,23.1601,26.0400,828870
2012-02-24,23.2500,23.6881,22.9000,23.3500,305430
2012-02-17,22.8700,23.7000,22.3700,23.2000,482152
2012-02-10,22.1500,23.3200,22.1500,22.8000,510979
2012-02-03,22.3600,22.5000,21.9300,22.1300,494817
2012-01-27,22.2700,22.8600,22.0900,22.3370,397487
2012-01-20,22.4900,22.8500,21.8000,22.1400,283613
2012-01-13,23.0900,23.2600,22.3000,22.4100,268454
2012-01-06,23.1100,23.2900,22.7960,23.0900,682237
2011-12-30,23.5400,23.7300,22.6300,22.6600,251746
2011-12-23,22.4000,23.7100,21.9000,23.5100,294812
2011-12-16,22.1500,22.7173,21.8100,22.3800,431555
2011-12-09,21.9900,22.3400,21.7600,22.2700,494167
2011-12-02,22.6300,23.4900,21.8100,21.9200,638169
2011-11-25,23.5000,23.7700,21.7800,22.1200,333826
2011-11-18,24.5500,24.8600,23.6200,23.8300,440076
2011-11-11,24.8000,24.8900,24.0300,24.6400,347711
2011-11-04,24.6000,25.1800,23.9100,24.6500,488317
2011-10-28,25.2600,25.5800,24.5000,24.9900,245560
2011-10-21,25.6000,25.7180,24.3400,25.1500,316128
2011-10-14,24.2800,25.7600,24.2600,25.6200,323329
2011-10-07,23.6800,24.4960,22.5000,24.1100,421895
2011-09-30,23.1100,24.3522,22.9000,23.7800,273080
2011-09-23,23.7000,24.7400,22.9000,22.9100,599624
2011-09-16,23.3800,23.6252,22.7700,23.5100,570116
2011-09-09,23.5300,23.9800,22.9100,23.4200,281000
2011-09-02,24.7800,25.3943,24.0199,24.0600,197790
2011-08-26,24.9800,24.9800,24.2500,24.6300,592074
2011-08-19,24.4900,25.5000,24.0000,24.6000,263017
2011-08-12,23.1600,25.2000,20.8100,24.5200,377619
2011-08-05,26.6600,27.1680,23.6000,24.9100,316918
2011-07-29,27.2100,27.4900,26.0000,26.1900,193237
2011-07-22,27.7000,28.1600,27.1200,27.4200,108300
2011-07-15,27.5900,28.2900,26.7700,27.7900,313400
2011-07-08,26.8500,28.1275,26.5100,27.7210,158650
2011-07-01,25.9800,27.0600,25.9600,26.8600,95504
2011-06-24,26.0600,26.9500,25.9700,26.1200,186442
2011-06-17,25.9100,26.3495,25.1801,26.0500,276139
2011-06-10,26.9100,27.2170,25.7700,26.0300,356465
2011-06-03,27.9100,27.9330,26.9000,27.0700,236492
2011-05-27,27.4300,27.9300,26.8700,27.8590,271369
2011-05-20,28.0400,28.5900,27.0600,27.6200,235783
2011-05-13,27.8200,28.4700,27.0600,28.2500,266875
2011-05-06,28.8800,28.8900,26.9400,27.9000,301087
2011-04-29,28.5400,28.8900,28.1000,28.8500,203616
2011-04-21,28.4000,29.2800,28.0000,28.6800,202001
2011-04-15,28.8600,29.0100,27.3000,28.5500,555278
2011-04-08,29.4300,29.8700,28.5816,28.8400,141289
2011-04-01,28.6600,30.0900,28.3401,29.2500,206578
2011-03-25,27.7900,29.2500,27.7620,28.6600,275852
2011-03-18,26.6500,27.7900,26.6000,27.4100,557474
2011-03-11,27.7700,28.0000,26.6000,26.8400,262445
2011-03-04,27.4100,27.9900,26.8100,27.7700,276004
2011-02-25,27.3000,27.8890,26.8000,27.5500,236670
2011-02-18,27.2100,27.7800,26.8100,27.2300,175224
2011-02-11,28.0600,28.3000,26.8000,27.2800,200478
2011-02-04,28.0300,28.9800,28.0000,28.1400,726281
2011-01-28,26.8800,28.0000,26.6100,27.7300,332536
2011-01-21,28.0000,28.0082,25.9000,26.2500,628453
2011-01-14,27.0500,28.4300,27.0500,27.6700,286746
2011-01-07,27.5200,27.8600,26.5000,27.0600,190846
2010-12-31,26.5400,27.5199,26.3101,27.4700,197874
2010-12-23,25.2600,26.5300,25.2500,26.4600,306819
2010-12-17,27.0000,27.0900,25.0000,25.0000,1292807
2010-12-10,27.2500,27.4100,26.5100,26.8500,269001
2010-12-03,26.9000,27.9800,26.6600,27.1800,218022
2010-11-26,27.7900,28.0948,26.8500,26.9200,161122
2010-11-19,27.9400,28.3200,26.6000,27.5000,223377
2010-11-12,27.6200,29.1899,27.2600,27.7200,939613
2010-11-05,26.8100,28.0000,26.5400,27.8300,196125
2010-10-29,27.0000,27.2800,26.0900,26.5500,170577
2010-10-22,28.6300,29.4000,26.2000,26.8200,224580
2010-10-15,27.6500,29.4200,27.6500,28.7000,162347
2010-10-08,27.1600,27.7500,26.9600,27.6290,148870
2010-10-01,25.7200,27.2100,25.5400,27.0100,202591
2010-09-24,25.0000,25.9000,25.0000,25.4800,209629
2010-09-17,24.3700,25.0000,23.9600,24.9100,343184
2010-09-10,24.0000,24.1200,23.6600,24.0600,295699
2010-09-03,24.4300,24.6300,24.0000,24.0300,413387
2010-08-27,24.9600,25.7500,24.2400,24.5798,215836
2010-08-20,25.0500,25.6880,24.7800,25.0200,195223
2010-08-13,26.9900,27.0100,25.0000,25.0500,233686
2010-08-06,26.2300,27.3000,25.4400,26.7400,400649
2010-07-30,26.9800,26.9800,25.6300,25.9800,169011
2010-07-23,26.0400,26.9400,25.9000,26.7500,138847
2010-07-16,26.1200,26.7000,25.2750,26.0700,191450
2010-07-09,25.1000,26.1200,25.0200,26.0300,104906
2010-07-02,25.9000,26.1100,25.0000,25.0800,141077
2010-06-25,27.6800,27.9500,25.5600,26.0000,151942
2010-06-18,26.0900,27.7000,26.0200,27.1300,209029
2010-06-11,25.3800,26.2050,25.0800,25.9800,288332
2010-06-04,25.7000,26.2799,25.1400,25.3900,309465
2010-05-28,26.9100,26.9800,25.0000,26.2000,246795
2010-05-21,26.8000,26.8000,24.5800,25.2800,450939
2010-05-14,27.5700,27.5700,25.7500,26.7100,327467
2010-05-07,27.8900,28.1500,25.0600,25.5600,506349
2010-04-30,25.9500,28.0700,25.1500,27.3000,573061
2010-04-23,25.5400,25.9500,24.0000,25.9400,781067
2010-04-16,23.3500,23.7500,22.5500,22.7000,194115
2010-04-09,22.2400,23.5000,22.0901,23.3500,179005
2010-04-01,21.0600,21.9800,20.9219,21.9700,167817
2010-03-26,20.5500,21.8976,20.5000,21.0800,218561
2010-03-19,21.5000,21.7900,20.6100,20.6300,146874
2010-03-12,21.6000,21.8105,21.2300,21.6500,209782
2010-03-05,22.3400,22.9600,21.2400,21.7700,290001
2010-02-26,22.5000,22.5800,20.6100,22.3200,315459
2010-02-19,21.3700,22.9600,21.3700,22.2300,117540
2010-02-12,21.2650,21.6300,21.2200,21.5000,269015
2010-02-05,22.1700,22.9600,20.7400,21.6200,221068
2010-01-29,23.3900,23.5000,22.0000,22.2400,103080
2010-01-22,23.2300,23.6683,22.8700,23.2400,137838
2010-01-15,23.2500,23.8600,22.8600,23.2200,174182
2010-01-08,21.4200,23.2700,21.3100,23.1100,193144
2009-12-31,21.6600,21.6700,21.1400,21.2800,77916
2009-12-24,20.5200,21.4800,20.2200,21.4400,159351
2009-12-18,20.7500,21.4600,20.0800,20.2900,454835
2009-12-11,20.6000,21.2000,20.0100,20.3800,157365
2009-12-04,20.6900,21.2800,20.5000,20.6000,210978
2009-11-27,20.8200,21.6900,20.3100,21.2000,107485
2009-11-20,21.4100,22.5600,20.8500,20.8500,224314
2009-11-13,21.9700,22.2900,21.0300,21.5000,221958
2009-11-06,22.4100,22.5800,21.6100,22.0000,147647
2009-10-30,23.0800,23.3100,22.0000,22.3600,149032
2009-10-23,23.1500,23.8500,22.7200,23.2900,135914
2009-10-16,21.7000,23.5700,21.5600,22.9800,149093
2009-10-09,21.4900,23.5600,21.3813,21.7000,236857
2009-10-02,22.7200,23.0000,21.1000,21.6100,175236
2009-09-25,24.5900,24.8700,22.7000,22.8800,175569
2009-09-18,22.6500,25.7800,22.6500,25.1500,322367
2009-09-11,22.3700,22.9800,22.1100,22.9700,187989
2009-09-04,21.7600,23.1400,21.0600,22.5100,451270
2009-08-28,22.2400,22.9500,21.7000,22.0900,204948
2009-08-21,21.9400,22.4200,21.6000,22.2600,237785
2009-08-14,22.3300,22.5000,21.8500,22.0800,193633
2009-08-07,23.0000,23.8600,21.8301,22.1500,176643
2009-07-31,22.7500,23.3200,22.0600,22.7600,133171
2009-07-24,22.2600,23.2100,21.7000,22.9800,288665
2009-07-17,21.5300,23.0500,21.4400,22.3400,254369
2009-07-10,22.5900,22.8699,21.3700,21.7000,225440
2009-07-02,21.9200,23.7300,21.4500,23.3100,184452
2009-06-26,21.5200,21.5900,20.2601,21.4900,191085
2009-06-19,21.5100,22.1550,21.2300,21.5200,152183
2009-06-12,20.8200,22.1600,20.6800,21.9100,181347
2009-06-05,20.5000,21.5100,20.1109,21.1900,217334
2009-05-29,19.2000,20.5000,18.8801,20.4900,198699
2009-05-22,18.7600,19.9000,18.6200,19.2500,243375
2009-05-15,19.2570,19.6000,18.4400,18.7800,193831
2009-05-08,17.8900,20.4400,17.7500,20.0200,363879
2009-05-01,17.1900,17.9200,17.0300,17.6300,145248
2009-04-24,17.5000,18.0000,16.6700,17.7700,244421
2009-04-17,17.4400,18.2500,17.2400,17.9600,220693
2009-04-09,17.5200,17.8000,16.7500,17.2700,161804
2009-04-03,16.6500,17.7600,16.0500,17.3200,221829
2009-03-27,18.2600,18.2600,16.8300,17.0800,326249
2009-03-20,16.2800,18.2600,16.0000,17.6300,178105
2009-03-13,14.5400,16.4000,14.5000,16.1500,157515
2009-03-06,15.8900,16.1599,14.3740,14.6500,262599
2009-02-27,15.5600,16.7900,14.4500,16.3100,350934
2009-02-20,18.1000,18.1000,14.5900,15.0100,353730
2009-02-13,19.0300,19.2700,17.6700,18.2700,168814
2009-02-06,19.3900,20.0000,18.7900,19.2100,314302
2009-01-30,17.8000,19.4800,17.6500,19.0000,320848
2009-01-23,18.1200,18.2400,16.8000,17.7400,234745
2009-01-16,18.0000,19.1460,17.2500,18.1200,342326
2009-01-09,17.8700,20.4000,17.8700,18.0000,360972
2009-01-02,16.1700,17.7900,15.0000,17.7300,418893
2008-12-26,16.6900,17.0300,15.7600,15.9300,202025
2008-12-19,16.4500,17.7200,16.0000,16.6900,276364
2008-12-12,16.8400,17.2500,14.8000,15.8400,1120172
2008-12-05,19.1500,19.5800,15.8100,16.5400,408161
2008-11-28,18.2900,19.8900,17.1300,19.8000,250046
2008-11-21,19.8800,20.3160,15.6100,17.3000,352571
2008-11-14,22.9700,22.9800,18.8500,19.8700,318627
2008-11-07,22.8500,23.7700,20.5500,21.2900,335953
2008-10-31,20.8900,22.4100,18.6200,22.4100,378924
2008-10-24,21.7000,22.8699,19.0000,20.3300,395822
2008-10-17,18.4500,22.4500,18.1500,21.0000,578301
2008-10-10,20.9500,20.9500,16.1060,17.5999,960037
2008-10-03,23.7600,24.0000,19.2400,21.2699,298210
2008-09-26,24.1800,25.5932,23.4800,24.3000,287207
2008-09-19,25.0100,25.5700,22.2000,24.1800,616193
2008-09-12,28.0900,28.0900,24.7700,25.0300,258343
2008-09-05,27.4600,28.4200,25.8800,27.1000,323765
2008-08-29,27.4900,29.0000,26.5550,27.7400,205283
2008-08-22,26.7200,28.2800,24.8800,27.0000,364627
2008-08-15,30.0600,30.6900,26.8400,27.1100,398030
2008-08-08,31.5300,32.7000,29.0000,29.8100,407292
2008-08-01,30.5200,32.2200,29.6200,31.5300,386297
2008-07-25,31.8700,32.6400,29.0000,29.9100,623899
2008-07-18,33.9100,35.8399,29.9700,31.0200,740888
2008-07-11,31.1400,33.9900,28.6800,33.3700,681288
2008-07-03,32.7800,33.0000,30.2000,31.0905,561227
2008-06-27,32.0000,36.4900,31.5000,32.5400,1348175
2008-06-20,28.4300,32.0000,27.9600,32.0000,777845
2008-06-13,28.7300,29.0700,27.6700,28.1800,199628
2008-06-06,27.5400,29.2200,27.2500,28.6000,303260
2008-05-30,27.8200,27.9600,26.5380,27.8600,275546
2008-05-23,28.0000,28.6620,27.4600,27.7900,399963
2008-05-16,27.4900,28.0000,26.8300,27.7000,348730
2008-05-09,26.0000,28.0900,25.6200,27.4900,627858
2008-05-02,25.2300,25.9337,24.7000,25.5300,464751
2008-04-25,24.7300,25.4900,24.5000,24.7900,326515
2008-04-18,23.9900,25.3800,23.4396,24.6700,725893
2008-04-11,21.2000,23.9300,21.0000,23.7100,729971
2008-04-04,21.0900,21.2500,20.6500,20.9900,123489
2008-03-28,20.1500,21.4000,19.9500,20.6900,149207
2008-03-20,21.2800,21.2800,19.4000,19.8600,206712
2008-03-14,21.4000,21.4600,20.7900,20.9100,225891
2008-03-07,21.0900,21.8400,20.9000,21.3900,180066
2008-02-29,21.1500,21.9900,20.7500,21.2800,187386
2008-02-22,20.8601,21.1600,20.6000,21.1500,122767
2008-02-15,20.2600,21.2500,20.0300,20.6500,141644
2008-02-08,20.1000,20.5700,19.7400,20.2600,222729
2008-02-01,19.5300,20.2199,19.2500,19.9000,160563
2008-01-25,19.5700,20.0000,18.7000,19.4900,217205
2008-01-18,21.1100,22.0000,19.3400,20.3400,243978
2008-01-11,20.6400,21.1100,20.1100,20.8700,155160
2008-01-04,19.2000,20.6900,19.1700,20.3000,174880
2007-12-28,19.2000,20.0000,19.0000,19.2500,189285
2007-12-21,20.1700,20.3900,19.1600,19.2000,251319
2007-12-14,20.4700,21.2600,20.1000,20.2700,134574
2007-12-07,20.2200,21.3500,19.9300,20.4800,117944
2007-11-30,20.1600,21.0000,19.9500,20.2800,166710
2007-11-23,20.8100,20.8100,19.9500,20.2199,148880
2007-11-16,21.1500,22.1400,20.5600,20.7500,101169
2007-11-09,23.0000,23.2800,21.0000,21.2300,140947
2007-11-02,22.2200,22.9900,21.8701,22.9900,200645
2007-10-26,21.3100,22.4500,21.1100,22.3500,134627
2007-10-19,22.1100,22.6500,21.2101,21.5200,207863
2007-10-12,20.6400,23.4500,20.6400,21.9100,180172
2007-10-05,20.3600,20.9000,20.0000,20.6500,167253
2007-09-28,20.2500,20.5600,20.0600,20.3600,162765
2007-09-21,20.6000,20.7200,19.9300,20.1500,160809
2007-09-14,20.8599,20.9200,19.9000,20.4900,161048
2007-09-07,21.9900,22.0000,20.2000,20.4300,140790
2007-08-31,20.3100,22.5000,20.0300,21.6500,173377
2007-08-24,19.3200,20.6900,19.0000,20.3000,186791
2007-08-17,20.3100,20.9900,19.0000,19.4500,263307
2007-08-10,21.5000,21.8900,18.5000,19.8100,507484
2007-08-03,22.5600,22.8800,21.2200,21.2301,235474
2007-07-27,23.0899,23.1100,21.5300,21.6900,220201
2007-07-20,23.9200,24.0899,23.0000,23.1100,403861
2007-07-13,23.1000,24.0500,22.7500,24.0100,413044
2007-07-06,22.0200,23.1000,21.9900,22.7900,179471
2007-06-29,22.5600,22.5600,21.5500,22.0000,235308
2007-06-22,22.6500,22.9600,22.2100,22.4000,264123
2007-06-15,22.9600,24.0500,22.1800,22.5000,171451
2007-06-08,21.7600,23.9000,21.7600,22.7700,297717
2007-06-01,22.0000,23.0000,21.7900,22.3500,176656
2007-05-25,22.7700,23.0200,21.7600,21.9000,238623
2007-05-18,22.1800,22.7700,21.5519,22.7000,235996
2007-05-11,22.0100,22.2800,21.2700,21.8900,126202
2007-05-04,22.5500,22.7800,21.8100,22.2400,182690
2007-04-27,23.9000,23.9000,22.2600,22.7000,225138
2007-04-20,23.5900,24.0000,23.0600,23.5500,163238
2007-04-13,23.1300,23.6000,22.5800,23.5500,153367
2007-04-05,21.9501,23.1000,21.8400,23.1000,77820
2007-03-30,22.1600,22.6000,21.8200,22.0100,142737
2007-03-23,20.8000,22.4800,20.6500,21.7700,232631
2007-03-16,21.2400,21.6400,20.5500,20.8900,175855
2007-03-09,21.4400,22.9100,20.5200,21.2400,92726
2007-03-02,22.1700,22.2600,21.1100,21.5100,142029
2007-02-23,22.3500,22.5499,21.9000,22.0400,104639
2007-02-16,22.6400,22.7500,21.5000,22.1700,171241
2007-02-09,22.8000,22.8000,21.8200,22.4000,109692
2007-02-02,21.5000,22.7300,21.5000,22.5200,212607
2007-01-26,22.0900,23.1000,21.6000,21.7000,244918
2007-01-19,22.0000,22.0100,21.3000,21.9600,187743
2007-01-12,21.1400,22.2000,21.0600,22.0900,182841
2007-01-05,21.9300,22.1800,20.7500,21.2300,216668
2006-12-29,22.0000,22.5000,21.6100,22.0300,226517
2006-12-22,23.0000,23.0000,21.4000,22.1100,628087
2006-12-15,24.0680,24.2400,23.0100,23.0200,264118
2006-12-08,25.1500,25.1500,24.0000,24.2322,95132
2006-12-01,23.9000,24.9500,23.8900,24.4960,103980
2006-11-24,23.7000,23.9700,23.4500,23.8900,117953
2006-11-17,24.4500,24.7000,23.7500,23.8700,169218
2006-11-10,25.2500,25.2500,24.0600,24.4300,190319
2006-11-03,25.2900,25.3300,24.0400,24.8900,161678
2006-10-27,25.5200,26.0000,25.2100,25.3800,124805
2006-10-20,25.5100,26.7000,25.0400,26.0000,184549
2006-10-13,24.7300,26.0000,24.5000,25.9001,205832
2006-10-06,25.1500,25.5300,24.0000,24.7300,204128
2006-09-29,23.8700,25.7700,23.7500,25.7500,299581
2006-09-22,26.0500,27.0200,25.0000,25.0900,262560
2006-09-15,28.0000,28.0600,25.8200,25.9000,214732
2006-09-08,29.2900,29.3000,28.0000,28.0000,218717
2006-09-01,28.5400,29.1300,28.3000,28.5500,225581
2006-08-25,28.0000,28.3500,27.2900,28.3000,110772
2006-08-18,27.7500,27.8900,26.8400,27.4900,96192
2006-08-11,27.2000,27.7500,26.8500,27.6000,168566
2006-08-04,27.0500,27.4000,26.7000,27.2320,140868
2006-07-28,25.8900,27.1500,25.6901,26.7200,129205
2006-07-21,27.2400,27.6900,25.0632,25.7300,216200
2006-07-14,25.2500,27.3100,25.0500,26.9700,103853
2006-07-07,24.9400,25.7000,24.7700,25.1700,81325
2006-06-30,24.2700,25.7900,24.0800,25.1100,97481
2006-06-23,24.3100,25.8100,23.8000,24.0000,129888
2006-06-16,25.0000,25.7200,23.8000,24.1300,240612
2006-06-09,25.5000,25.9900,24.5500,25.1700,91118
2006-06-02,25.1200,25.7000,24.9100,25.5000,48207
2006-05-26,25.5000,25.7200,24.5000,25.0000,96835
2006-05-19,26.0000,26.1125,24.3100,25.5500,173240
2006-05-12,26.5700,27.1300,25.5000,26.6600,118340
2006-05-05,26.1600,27.2500,25.2600,26.9900,142809
2006-04-28,27.8600,28.2500,24.7700,26.3600,228912
2006-04-21,27.0000,27.9000,26.8100,27.6500,151985
2006-04-13,26.5800,27.2850,26.3300,26.9600,95704
2006-04-07,27.0000,27.0300,25.8000,26.5800,175088
2006-03-31,25.0200,27.2500,24.5100,27.2500,148462
2006-03-24,24.9900,25.4000,23.9101,25.0100,134624
2006-03-17,24.1900,25.2300,23.5700,25.1000,110014
2006-03-10,25.7500,25.7500,23.0000,23.8000,277107
2006-03-03,25.9500,26.5400,25.0000,25.9600,118309
2006-02-24,26.8600,27.5000,25.1500,25.6900,156207
2006-02-17,25.5400,26.1000,24.5000,26.1000,152384
2006-02-10,27.8900,28.0000,24.9500,25.3500,194205
2006-02-03,27.5000,28.2000,26.6900,27.5400,115496
2006-01-27,27.0000,29.0000,26.1800,27.2000,274960
2006-01-20,26.8900,27.7500,26.2000,27.0000,163200
2006-01-13,27.4900,27.4900,26.0400,26.4100,120200
2006-01-06,25.3900,27.0000,25.0000,26.9500,112000
2005-12-30,25.2300,25.6200,24.0500,25.4700,196200
2005-12-23,26.1500,26.8700,25.2500,25.4000,115200
2005-12-16,27.0000,27.0000,25.9000,26.0000,107300
2005-12-09,26.9900,27.3900,25.8301,27.0000,130900
2005-12-02,26.5000,27.0000,25.3800,26.1600,141000
2005-11-25,25.3500,26.8315,25.0600,26.4000,90700
2005-11-18,25.0600,26.0500,24.1000,25.2600,95900
2005-11-11,26.3600,26.3600,25.0400,25.0400,108500
2005-11-04,25.9500,27.0000,25.1000,26.4500,86200
2005-10-28,26.5400,29.5000,26.0000,26.3000,129100
2005-10-21,28.0000,28.6600,25.9500,26.7100,97400
2005-10-14,28.4100,28.4100,27.0000,27.9700,55600
2005-10-07,30.1000,30.5900,25.7300,27.8900,145000
2005-09-30,29.0600,30.7200,27.3000,30.6500,127500
2005-09-23,26.2900,29.2900,26.2500,28.7499,84700
2005-09-16,27.8380,28.4200,26.1000,26.5300,147100
2005-09-09,26.7000,28.2200,26.5700,27.7900,73100
2005-09-02,27.1500,27.6100,26.5000,26.7000,148300
2005-08-26,25.2300,27.6000,25.2300,27.0000,125300
2005-08-19,24.6900,25.5000,24.6100,25.2399,108200
2005-08-12,24.6400,24.6900,24.1200,24.6900,256500
2005-08-05,24.6800,24.6800,24.0000,24.2500,180600
2005-07-29,24.4000,24.5200,23.5000,24.1300,97900
2005-07-22,24.4500,25.8900,23.7300,24.3900,161000
2005-07-15,23.9300,24.4500,23.8200,24.2500,157600
2005-07-08,23.9100,24.3000,23.7200,23.9300,215700
2005-07-01,23.7500,24.5000,23.0300,23.7200,91100
2005-06-24,23.5000,24.3400,22.1100,23.7000,194300
2005-06-17,21.9700,23.5900,21.9580,23.2500,295800
2005-06-10,22.1000,22.5000,21.3500,21.9900,112000
2005-06-03,22.1500,22.1500,21.0700,21.3200,87400
2005-05-27,21.7700,22.0000,21.2100,21.4700,93100
2005-05-20,21.2500,22.2299,21.2500,21.7700,51600
2005-05-13,23.0400,23.9700,21.5000,21.7300,90500
2005-05-06,22.5000,23.0700,21.3500,21.8100,100400
2005-04-29,22.4100,23.0500,22.0400,22.4300,109300
2005-04-22,22.2500,22.9900,21.8000,22.7390,54100
2005-04-15,22.0100,23.0000,21.7600,22.0900,69400
2005-04-08,22.0300,23.4030,22.0300,22.5000,58500
2005-04-01,21.9500,22.5440,21.7700,22.4000,166800
2005-03-24,23.5500,23.5500,21.1000,22.2990,91600
2005-03-18,23.7400,24.2900,23.0000,23.3200,164500
2005-03-11,23.3300,24.2400,23.2000,23.7500,95700
2005-03-04,23.0000,23.2500,22.7640,23.1700,159000
2005-02-25,23.3000,23.3900,22.3010,22.8800,120200
2005-02-18,23.8500,24.0490,23.2400,23.4100,115300
2005-02-11,24.4900,24.8200,23.8200,24.1000,91600
2005-02-04,23.8650,24.3000,23.8650,24.2000,59100
2005-01-28,24.0000,24.3000,23.4700,24.1800,62600
2005-01-21,23.0300,24.0000,23.0300,23.9590,39100
2005-01-14,23.4630,23.8700,22.5400,23.5000,36300
2005-01-07,23.5000,23.8900,22.0300,23.5180,65900
2004-12-31,23.2500,23.9400,23.2500,23.9200,18600
2004-12-23,23.5900,23.9500,23.3400,23.4000,25400
2004-12-17,23.6230,24.0100,22.8010,23.5900,37300
2004-12-10,22.7600,23.6900,21.7700,23.6700,41400
2004-12-03,23.9500,24.2500,22.5500,23.2000,98000
2004-11-26,23.0000,23.9500,23.0000,23.9500,43400
2004-11-19,23.0000,23.4000,22.8900,23.1100,36600
2004-11-12,22.9700,23.3700,22.6500,23.0000,49000
2004-11-05,23.3400,23.6500,21.6700,22.6800,61600
2004-10-29,22.9900,23.4400,21.9110,22.9200,62400
2004-10-22,22.9100,24.9400,22.0100,22.5900,167600
2004-10-15,22.9900,23.1000,21.0200,22.7400,85400
2004-10-08,20.5100,23.8400,20.2000,22.6500,99800
2004-10-01,19.9890,20.5300,19.9100,20.3100,66600
2004-09-24,20.1800,20.1800,19.6000,19.7000,55900
2004-09-17,19.1800,20.0000,19.1800,19.9890,93600
2004-09-10,19.9200,20.1500,19.1200,19.7500,28900
2004-09-03,19.7500,20.4300,19.7500,20.1000,24900
2004-08-27,19.2500,19.9400,19.0600,19.9400,38700
2004-08-20,19.0100,19.5700,18.8300,19.4800,64300
2004-08-13,18.9900,19.5000,18.9900,19.2000,37100
2004-08-06,19.6300,19.7500,18.8800,19.0000,36100
2004-07-30,17.7800,19.7500,17.7800,19.2400,45400
2004-07-23,19.1900,19.7000,18.6300,18.9300,34500
2004-07-16,19.0300,19.5100,18.6200,19.4100,47900
2004-07-09,19.1400,19.4390,18.3100,18.8900,43800
2004-07-02,20.5700,20.5700,18.4100,19.0000,48600
2004-06-25,18.4900,19.4500,18.3000,19.2500,87100
2004-06-18,18.1800,18.7500,17.6000,18.7000,68900
2004-06-10,17.7400,18.1500,17.4100,18.1400,60100
2004-06-04,17.6600,18.0000,17.6500,17.6700,43700
2004-05-28,17.9000,18.0000,17.5000,17.7500,44000
2004-05-21,17.4600,18.0200,17.4100,17.9700,58000
2004-05-14,17.9500,18.0400,17.1000,17.3510,36500
2004-05-07,17.2100,18.1800,16.9400,17.9800,52000
2004-04-30,18.1490,18.6000,17.1100,17.6500,23700
2004-04-23,17.5500,18.6000,17.5500,17.9100,63700
2004-04-16,18.4500,18.4500,17.1000,17.3900,81700
2004-04-08,17.9600,18.4500,17.9000,18.0500,34000
2004-04-02,17.4800,18.5000,17.3500,17.9400,60700
2004-03-26,17.7500,18.1500,17.3000,17.6600,104800
2004-03-19,17.5200,18.2500,17.0100,17.8000,29100
2004-03-12,17.6100,18.2500,17.5000,17.5000,38800
2004-03-05,17.4500,18.5500,17.2500,17.9500,66300
2004-02-27,17.9500,18.1800,17.2000,17.2500,69700
2004-02-20,17.7400,18.1700,17.6610,17.8200,51200
2004-02-13,18.5500,19.0500,17.7000,17.8600,44400
2004-02-06,18.0000,18.2500,17.6500,17.6500,27600
2004-01-30,18.8300,19.1500,17.8300,18.0500,55800
2004-01-23,20.0900,20.0900,18.9100,18.9100,7100
2004-01-16,19.7400,20.1500,19.5620,19.6500,94800
2004-01-09,19.0300,19.9900,19.0300,19.7690,27000
2004-01-02,19.8900,20.0500,19.1300,19.3100,20800
2003-12-26,19.9600,19.9600,19.7100,19.7300,16600
2003-12-19,19.7890,20.0000,19.3300,19.8500,50600
2003-12-12,18.8300,19.7700,17.6100,19.7700,75700
2003-12-05,18.0000,18.9900,17.8000,18.9000,61400
2003-11-28,17.8000,18.0000,17.7000,18.0000,23300
2003-11-21,17.7000,17.8500,17.5100,17.8500,22800
2003-11-14,17.9800,17.9800,17.0500,17.8500,19900
2003-11-07,17.7500,17.9900,17.5000,17.8500,70600
2003-10-31,18.1400,18.1500,17.2600,17.6490,22900
2003-10-24,17.7490,17.9700,17.5600,17.9500,18900
2003-10-17,17.5200,17.9700,17.4990,17.7500,47500
2003-10-10,17.4000,17.5400,16.3900,17.4500,108000
2003-10-03,17.0610,18.0100,16.8000,17.4900,31100
2003-09-26,17.2600,17.5100,17.0700,17.5000,24300
2003-09-19,17.7100,17.9800,17.2000,17.2000,52500
2003-09-12,18.1800,18.1800,17.4000,17.7400,70100
2003-09-05,17.5100,18.1500,17.3000,18.0000,26000
2003-08-29,17.6000,18.3300,17.3000,17.6000,30200
2003-08-22,17.5990,18.2000,17.2500,17.6000,43300
2003-08-15,17.1600,18.1000,17.1600,17.6000,20800
2003-08-08,18.4000,18.4000,17.3000,17.5500,20100
2003-08-01,17.9000,18.3900,17.5000,17.9400,31600
2003-07-25,17.7500,18.2000,17.5500,17.6500,72000
2003-07-18,17.3410,17.9900,16.7000,17.4200,91400
2003-07-11,17.5000,17.6900,17.2300,17.3000,83300
2003-07-03,17.5200,17.9000,17.2600,17.4100,18200
2003-06-27,17.9900,18.4790,17.5280,17.5280,24200
2003-06-20,17.2500,18.6500,17.1500,17.9510,32000
2003-06-13,19.0100,19.4900,16.5200,17.3600,144500
2003-06-06,18.1300,19.5390,17.5400,18.9900,57800
2003-05-30,17.3000,18.2490,17.3000,18.0000,77800
2003-05-23,16.4000,17.5000,16.3400,17.3010,88400
2003-05-16,15.6300,16.5900,15.6300,16.4400,64200
2003-05-09,16.6000,16.9500,15.5100,16.0500,39900
2003-05-02,16.7200,16.7200,14.8000,16.4000,71700
2003-04-25,15.4400,16.2400,14.6750,15.2500,149400
2003-04-17,15.0000,15.4000,14.5100,15.2500,89500
2003-04-11,14.3000,15.0000,14.3000,14.9900,46300
2003-04-04,13.8000,14.9000,13.8000,14.6000,12000
2003-03-28,14.1100,14.3500,13.7000,14.0000,25400
2003-03-21,14.5000,14.6000,14.0300,14.2300,31300
2003-03-14,14.6000,15.0000,14.3000,14.4200,21300
2003-03-07,14.7700,15.1700,14.5000,14.8000,73400
2003-02-28,14.4900,15.4700,14.1000,14.7000,166200
2003-02-21,14.0000,14.5100,13.3200,14.3200,86300
2003-02-14,13.6000,14.7400,13.4000,14.2300,149200
