timestamp,open,high,low,close,volume
2018-02-27,34.0000,34.7000,33.9000,34.1500,5715
2018-02-23,33.8000,34.9500,32.0000,34.5500,83304
2018-02-16,32.1000,34.4500,31.6500,33.6000,59640
2018-02-09,32.4500,33.0500,30.4000,31.6500,28747
2018-02-02,34.2500,35.4000,33.1000,33.2000,40027
2018-01-26,34.1261,35.0000,33.8500,34.4000,11507
2018-01-19,34.9500,34.9500,33.5000,34.4000,38717
2018-01-12,33.5000,35.4000,33.5000,34.8000,10886
2018-01-05,33.5500,33.8500,33.0000,33.5500,60403
2017-12-29,33.7000,34.1500,32.2250,33.7000,6728
2017-12-22,33.8050,34.9500,33.2500,33.7000,28062
2017-12-15,33.0000,35.4000,33.0000,33.5500,31267
2017-12-08,33.9740,35.0500,33.9000,34.5000,9196
2017-12-01,33.2500,35.4500,33.2000,34.6500,12046
2017-11-24,33.0000,33.2500,32.8000,33.1500,39101
2017-11-17,32.7296,33.4000,32.4500,33.0000,11765
2017-11-10,32.5000,33.4000,32.4580,33.4000,9696
2017-11-03,33.6500,33.7500,32.3050,32.9000,15579
2017-10-27,33.1000,34.0000,32.5000,34.0000,6021
2017-10-20,32.5000,33.9000,32.5000,33.5000,22857
2017-10-13,33.4500,34.1000,32.6000,32.7500,12061
2017-10-06,34.8000,34.9000,32.5500,33.2500,18464
2017-09-29,34.2000,35.5000,34.0000,35.2000,36162
2017-09-22,32.3250,34.7500,32.3250,34.2500,24733
2017-09-15,33.7500,34.5000,33.5000,33.6500,53257
2017-09-08,33.1500,33.4500,31.5000,33.4500,22328
2017-09-01,30.8000,33.6500,30.6000,33.6500,7931
2017-08-25,30.0000,31.1000,30.0000,30.9000,11028
2017-08-18,31.4500,31.4500,30.3000,30.6000,12492
2017-08-11,31.1500,32.4000,30.3500,30.9000,13080
2017-08-04,34.8500,34.8500,31.0500,32.0500,19025
2017-07-28,35.4500,35.4500,34.1000,34.8500,11439
2017-07-21,35.3500,35.5000,34.6000,35.2500,17849
2017-07-14,34.9500,35.4500,34.6000,35.3000,26627
2017-07-07,34.0500,35.2500,33.7500,35.0000,19273
2017-06-30,34.3000,35.3500,33.7960,34.3000,51954
2017-06-23,34.1000,35.4000,33.6000,34.5000,369709
2017-06-16,33.7500,35.8500,33.7500,34.7500,116327
2017-06-09,31.4000,33.8500,30.7500,33.3000,21016
2017-06-02,31.3000,33.0000,30.9000,33.0000,12796
2017-05-26,31.1000,33.0000,30.6000,32.0000,17679
2017-05-19,33.6000,33.6000,30.0500,31.5000,24592
2017-05-12,33.1000,34.1000,32.2586,33.6000,13381
2017-05-05,32.8000,34.4500,32.3088,34.0000,7772
2017-04-28,33.5100,34.5000,32.7500,33.4500,11646
2017-04-21,34.0000,34.5000,33.0000,33.4000,23017
2017-04-13,34.0500,34.0500,33.2500,34.0000,32856
2017-04-07,33.7500,34.0500,33.2500,33.9500,20877
2017-03-31,33.8500,34.1094,33.3500,34.0000,22547
2017-03-24,34.7000,34.9500,33.3000,33.8287,5387
2017-03-17,33.1000,35.1500,33.1000,35.1500,35169
2017-03-10,33.4500,34.3500,32.8829,33.2500,13537
2017-03-03,34.3000,34.3000,32.0981,33.4500,52958
2017-02-24,33.8500,34.7500,33.8500,34.4000,15747
2017-02-17,32.0500,34.0000,32.0500,33.9622,18039
2017-02-10,34.3500,34.5000,31.2500,32.0500,27854
2017-02-03,33.5000,35.0000,31.4000,34.3494,30303
2017-01-27,28.8000,30.8000,28.5000,30.7500,14797
2017-01-20,28.5000,28.8000,28.0000,28.2500,11188
2017-01-13,27.3500,29.0000,27.1000,28.8000,10076
2017-01-06,28.2500,29.0000,28.0000,29.0000,12654
2016-12-30,28.5500,28.7450,28.0000,28.4000,23099
2016-12-23,26.5500,28.9500,26.5500,28.9500,24286
2016-12-16,27.8000,28.4250,26.2500,26.4500,128080
2016-12-09,27.0000,29.0000,26.5344,28.1000,31974
2016-12-02,27.2500,28.2500,25.8500,27.3000,61183
2016-11-25,26.1000,27.6000,26.1000,27.3000,7393
2016-11-18,26.4500,26.6500,25.5000,26.1500,155746
2016-11-11,25.5000,26.2500,25.0500,26.2500,10151
2016-11-04,25.1000,25.7500,25.0500,25.7500,10570
2016-10-28,25.3500,25.7000,25.0050,25.0050,7027
2016-10-21,25.3900,25.9500,25.3500,25.9000,7119
2016-10-14,25.3000,25.7501,25.3000,25.3501,4823
2016-10-07,25.5700,25.9800,25.3000,25.3000,479
2016-09-30,25.9200,25.9200,25.2500,25.3600,40887
2016-09-23,25.4000,26.0000,25.4000,25.9200,2125
2016-09-16,25.5000,26.0100,25.2000,26.0100,14537
2016-09-09,25.2624,26.2500,25.1924,26.0000,7526
2016-09-02,25.2624,25.9900,25.2624,25.7500,26
2016-08-26,25.9250,26.5000,25.2624,25.2624,135
2016-08-19,26.0000,26.0000,25.2500,25.2500,119
2016-08-12,26.0000,26.0000,25.2600,26.0000,146
2016-08-05,26.0000,26.0000,25.3750,26.0000,4899
2016-07-29,25.7236,26.6250,25.5850,26.0560,11633
2016-07-22,24.8510,25.9090,24.8510,25.7551,4716
2016-07-15,24.0000,25.9100,23.7510,24.5500,13498
2016-07-08,23.7100,23.9999,23.7100,23.7501,1092
2016-07-01,24.5000,24.5000,23.0500,24.0000,15739
2016-06-24,24.1001,25.1700,24.0500,24.2600,22328
2016-06-17,25.9900,26.3000,24.9100,24.9100,15669
2016-06-10,26.7400,26.7400,25.5000,26.3000,22040
2016-06-03,27.8100,27.9000,26.0800,26.0800,10548
2016-05-27,27.5033,27.9000,27.1400,27.8300,9798
2016-05-20,26.6100,27.4100,25.8700,27.4100,166
2016-05-13,25.4453,26.6101,25.4453,26.6100,1333
2016-05-06,27.1900,27.1900,25.2000,26.4300,1707
2016-04-29,28.3500,28.3980,27.0200,27.2400,8752
2016-04-22,27.6500,28.2600,26.8300,28.2600,2198
2016-04-15,28.1050,28.1400,26.9200,26.9200,8554
2016-04-08,29.4300,29.4300,28.0100,28.2800,22822
2016-04-01,28.2214,29.5000,28.2214,29.5000,6844
2016-03-24,28.9100,29.4000,28.1600,29.3000,19087
2016-03-18,29.4000,29.4500,28.0000,28.8200,54288
2016-03-11,29.4000,29.5000,28.1700,29.4000,19992
2016-03-04,29.0400,29.2100,28.4100,28.7200,2730
2016-02-26,28.9063,29.4000,28.6000,28.6600,3111
2016-02-19,28.9000,29.4000,28.2600,29.3400,5219
2016-02-12,28.1500,29.0000,28.1000,28.5000,103536
2016-02-05,28.0000,28.7400,27.9300,28.3800,13307
2016-01-29,28.8600,29.4000,28.3100,28.4500,6611
2016-01-22,27.6550,29.3200,27.6550,28.7800,49466
2016-01-15,27.9500,29.0000,27.6000,28.2501,32313
2016-01-08,28.8000,29.4175,27.0844,27.9500,5200
2015-12-31,29.3600,29.5000,27.6900,29.5000,2062
2015-12-24,28.9000,30.0000,28.0000,29.2100,1049
2015-12-18,27.5100,28.9900,27.5001,28.9000,5369
2015-12-11,27.5000,28.3500,27.5000,27.5100,6197
2015-12-04,27.6000,27.9900,27.5000,27.5000,986
2015-11-27,27.5000,27.9000,27.4900,27.5500,3405
2015-11-20,29.7500,29.7500,27.4400,28.4500,3582
2015-11-13,28.0600,30.0000,27.5800,29.7000,20092
2015-11-06,28.0000,28.3500,27.2000,28.2800,4573
2015-10-30,26.8510,27.7000,26.8510,27.3700,2459
2015-10-23,27.6000,27.6000,26.6800,26.9300,463
2015-10-16,27.0000,28.0000,26.8000,27.9851,6561
2015-10-09,26.4500,27.9400,26.1410,26.6800,12403
2015-10-02,26.6300,27.3700,26.1401,26.1401,1743
2015-09-25,26.0600,26.7000,26.0200,26.6300,11709
2015-09-18,25.9700,26.9700,25.7900,26.6000,40864
2015-09-11,26.3000,26.3000,25.7600,25.9349,3902
2015-09-04,26.2400,26.2400,25.2700,26.0000,18293
2015-08-28,26.5000,27.2500,25.7600,25.7600,53163
2015-08-21,26.8600,27.6000,26.5000,27.1600,57597
2015-08-14,26.9000,27.4900,26.5000,26.5800,31080
2015-08-07,28.0000,28.0000,26.8672,27.1300,18027
2015-07-31,26.3600,28.0000,26.1100,28.0000,14485
2015-07-24,26.1500,26.9400,25.3100,26.4500,75888
2015-07-17,25.8200,27.4899,25.2610,26.0400,51121
2015-07-10,25.2800,26.5000,25.0700,26.2400,129499
2015-07-02,25.8000,26.5500,25.0901,25.2300,7076
2015-06-26,25.5500,26.9499,25.0501,25.7800,27318
2015-06-19,26.2800,26.9400,25.5000,25.5000,40696
2015-06-12,25.6300,27.1700,25.6300,26.3800,92825
2015-06-05,26.6000,27.2490,25.2600,26.1200,20752
2015-05-29,26.2000,27.0000,25.0601,26.6100,106254
2015-05-22,25.4500,27.7900,25.3700,26.5820,57006
2015-05-15,26.3000,26.5800,25.1500,25.4500,33096
2015-05-08,26.8990,27.5500,25.0500,25.6000,72076
2015-05-01,25.6200,27.4500,25.6200,26.7500,27113
2015-04-24,25.2490,26.0000,25.0000,25.6200,15970
2015-04-17,25.0000,25.2490,25.0000,25.2490,727
2015-04-10,25.1010,26.0000,24.5800,25.0000,1784
2015-04-02,26.0000,26.0000,24.6300,25.5200,1562
2015-03-27,30.0000,30.0000,25.5500,26.0000,7360
2015-03-20,26.0000,28.9000,25.2200,28.9000,2025
2015-03-13,24.7000,26.0000,22.5600,25.8600,12192
2015-03-06,22.9200,24.7500,22.9200,23.0800,4501
2015-02-27,22.5900,22.5900,22.5001,22.5001,549
2015-02-20,22.5900,22.5900,21.9900,22.5000,1497
2015-02-13,22.7000,22.9999,22.2100,22.5940,208
2015-02-06,22.5010,23.0000,22.2100,22.9999,9427
2015-01-30,22.5000,23.0000,22.5000,22.5400,2778
2015-01-23,22.3500,22.9890,21.7700,22.9700,5979
2015-01-16,21.7179,23.0000,21.3500,21.9100,41661
2015-01-09,21.3501,21.4500,21.3500,21.4500,6411
2015-01-02,21.3500,21.6000,21.3500,21.6000,2697
2014-12-26,21.3500,21.9600,21.3500,21.3500,4126
2014-12-19,21.7200,22.0600,21.7200,22.0600,213
2014-12-12,21.2500,21.7200,21.1500,21.7200,1450
2014-12-05,21.2200,21.2500,21.0100,21.2500,3267
2014-11-28,21.3600,21.4800,21.1433,21.1500,2396
2014-11-21,22.0700,22.2000,21.3100,21.3600,11767
2014-11-14,22.0000,22.0000,21.3010,21.3010,945
2014-11-07,21.9000,22.0500,21.9000,22.0000,4900
2014-10-31,21.2500,22.0000,21.2500,21.9000,4575
2014-10-24,21.0610,21.4000,21.0001,21.2601,9664
2014-10-17,21.4000,21.4000,21.4000,21.4000,288
2014-10-10,21.0900,22.0000,21.0700,21.4000,12853
2014-10-03,21.4000,21.5300,21.4000,21.4500,15030
2014-09-26,21.9999,22.0000,21.4000,21.4000,3434
2014-09-19,21.3000,21.9999,21.3000,21.4100,869
2014-09-12,21.9400,21.9400,21.7500,21.7500,3590
2014-09-05,22.0000,22.0000,21.8000,22.0000,5595
2014-08-29,21.9000,22.0000,21.3500,21.5000,4482
2014-08-22,21.9890,22.0000,21.7500,21.7500,5819
2014-08-15,21.2500,21.9500,21.2500,21.6401,6888
2014-08-08,21.4300,21.4300,20.9500,21.3000,12298
2014-08-01,21.0200,22.0000,20.7600,22.0000,19644
2014-07-25,21.6600,21.9000,21.0500,21.0500,22724
2014-07-18,20.6600,21.9900,20.5730,21.6600,11971
2014-07-11,20.5630,21.3340,20.5501,21.2500,4786
2014-07-03,21.0500,21.9500,20.5000,21.2500,8532
2014-06-27,22.8000,22.9000,21.0000,21.2200,4289
2014-06-20,21.2500,22.8000,20.5601,22.8000,3340
2014-06-13,20.4300,21.2500,20.4300,21.2500,946
2014-06-06,21.2500,22.9000,21.2500,21.2500,1086
2014-05-30,21.2600,21.5000,21.0001,21.5000,1289
2014-05-23,20.6900,22.7500,20.6900,21.0000,18549
2014-05-16,20.5000,20.6990,20.5000,20.6900,3369
2014-05-09,19.6710,20.4700,19.2800,20.4700,8863
2014-05-02,19.6900,20.4800,19.6800,20.2400,4726
2014-04-25,20.3499,20.5000,19.5000,19.6906,12611
2014-04-17,20.2800,20.5000,19.7800,19.8300,3946
2014-04-11,20.2000,20.2000,19.6001,20.2000,978
2014-04-04,19.6100,20.2250,19.5200,20.0500,13038
2014-03-28,20.4990,20.5000,19.9555,20.5000,2566
2014-03-21,19.9900,20.2750,19.4000,19.9000,11828
2014-03-14,18.9700,19.9900,18.9700,19.0501,10224
2014-03-07,19.0510,19.8900,19.0500,19.8900,538
2014-02-28,19.0700,20.4490,18.8500,18.8500,2224
2014-02-21,20.0500,20.0500,18.5300,19.4200,8596
2014-02-14,20.6000,20.6600,20.6000,20.6600,616
2014-02-07,20.6136,20.6600,20.4700,20.6000,14701
2014-01-31,20.3100,20.6990,20.3100,20.5000,28143
2014-01-24,20.1000,20.7000,20.0000,20.0300,12681
2014-01-17,20.5000,20.6490,20.0000,20.2500,3802
2014-01-10,20.7000,20.7000,20.4750,20.4750,1626
2014-01-03,20.7500,20.7500,19.3300,20.7000,9
2013-12-27,20.7500,20.7500,19.3300,20.7500,886
2013-12-20,20.0000,20.9300,19.0500,19.0500,1868
2013-12-13,19.9000,20.5000,18.5100,20.4000,614
2013-12-06,19.6000,20.1300,19.6000,19.8000,1614
2013-11-29,21.0000,21.0000,19.6400,19.6400,700
2013-11-22,20.2500,21.2530,20.1100,21.1500,7713
2013-11-15,20.2000,20.9700,20.0298,20.9700,831
2013-11-08,20.0000,21.0000,20.0000,20.9500,1914
2013-11-01,20.0201,20.5700,20.0000,20.0000,2182
2013-10-25,22.0000,22.0000,19.6100,20.0201,1100
2013-10-18,20.0000,22.0000,19.4000,22.0000,10717
2013-10-11,20.7700,20.7700,19.2400,20.0000,13152
2013-10-04,19.7900,21.0000,19.7900,20.7700,5152
2013-09-27,21.0800,21.9500,19.6900,19.6900,1824
2013-09-20,22.7900,22.7900,19.0000,20.4000,4653
2013-09-13,19.5000,23.4300,18.2500,22.6400,35959
2013-09-06,19.0000,19.9800,18.2000,19.5000,3716
2013-08-30,18.2300,19.0000,16.0300,18.5300,1660
2013-08-23,18.2900,18.2900,18.0000,18.2300,2464
2013-08-16,17.8000,18.2900,17.6500,18.2900,5513
2013-08-09,17.9700,18.5000,17.3501,17.8000,3603
2013-08-02,18.2300,18.9890,17.9400,17.9700,2332
2013-07-26,17.6100,18.5200,17.5800,18.1200,7914
2013-07-19,17.7000,17.7000,17.5000,17.5000,2059
2013-07-12,17.1200,17.7100,17.0200,17.7100,7013
2013-07-05,17.2500,17.4000,16.5000,17.1900,2831
2013-06-28,17.6600,17.7500,16.5300,17.7100,5459
2013-06-21,17.3500,17.6800,16.5000,17.6800,29352
2013-06-14,17.2000,17.5300,16.9000,17.2700,3584
2013-06-07,17.5900,17.5900,16.9000,17.1500,6645
2013-05-31,16.9700,17.5000,16.9700,17.5000,4008
2013-05-24,17.3490,17.3800,16.9601,17.0000,4089
2013-05-17,17.0000,17.3500,17.0000,17.3500,6513
2013-05-10,17.0000,17.0000,17.0000,17.0000,442
2013-05-03,17.0000,17.3500,16.8800,17.0000,6436
2013-04-26,17.0000,17.0600,16.4000,16.9000,15789
2013-04-19,17.0300,17.0600,17.0000,17.0000,1288
2013-04-12,17.2000,17.3500,16.8700,17.0000,13518
2013-04-05,16.8000,17.2500,16.6500,17.2500,13477
2013-03-28,16.7500,16.8000,16.4300,16.8000,3801
2013-03-22,16.6750,16.8000,16.6000,16.7500,6666
2013-03-15,16.6000,16.8000,16.6000,16.6501,1490
2013-03-08,16.7800,16.7800,16.6000,16.6000,2087
2013-03-01,16.7100,16.8000,16.5000,16.7800,1642
2013-02-22,16.6300,16.9784,16.6300,16.7500,2211
2013-02-15,16.6000,17.0000,16.6000,17.0000,2236
2013-02-08,16.3600,16.7499,16.3600,16.6000,7068
2013-02-01,16.1800,16.4900,16.0500,16.4900,6570
2013-01-25,16.7000,16.7000,15.3600,16.1900,19887
2013-01-18,16.5500,16.7500,16.0400,16.2700,2029
2013-01-11,15.4900,16.6000,15.1900,16.6000,5384
2013-01-04,15.5000,15.9800,15.1600,15.9200,9493
2012-12-28,15.5100,15.5100,14.8700,15.0700,10753
2012-12-21,15.5800,15.9300,15.2500,15.5100,12706
2012-12-14,16.6834,16.6834,15.1000,15.6200,16113
2012-12-07,15.5900,16.2500,15.2700,15.7000,8443
2012-11-30,15.4312,16.0000,15.0000,15.4500,12485
2012-11-23,15.3400,15.9000,15.2300,15.4312,3030
2012-11-16,16.0200,16.3000,15.0100,16.0000,2467
2012-11-09,16.0200,16.0200,16.0200,16.0200,0
2012-11-02,15.5000,16.0200,15.1300,16.0200,4775
2012-10-26,15.6400,15.7500,15.5300,15.7500,847
2012-10-19,15.9100,15.9100,14.5500,15.6000,4781
2012-10-12,15.9700,16.7500,15.9000,15.9100,2589
2012-10-05,16.2500,16.2500,15.3500,15.8500,12924
2012-09-28,16.4500,16.4500,16.2500,16.2500,2048
2012-09-21,15.0000,16.7400,15.0000,16.4500,15195
2012-09-14,15.0400,15.2500,15.0000,15.0100,5200
2012-09-07,14.9600,15.1000,14.8800,15.0400,3149
2012-08-31,14.6300,15.0000,14.4800,14.5000,14114
2012-08-24,14.2500,14.5700,14.2500,14.5500,7061
2012-08-17,14.0800,14.2500,13.5900,14.2500,14103
2012-08-10,13.7100,14.0500,13.7100,14.0200,2292
2012-08-03,13.9000,13.9000,13.7500,13.8270,1750
2012-07-27,13.7500,13.7500,13.0100,13.7500,12145
2012-07-20,13.4800,13.7500,13.4800,13.7500,200
2012-07-13,13.2100,13.4800,13.2000,13.4800,2338
2012-07-06,13.5000,13.5000,13.2100,13.2100,1200
2012-06-29,13.4300,13.5000,13.2500,13.5000,5624
2012-06-22,13.6100,13.7500,13.2600,13.3000,2708
2012-06-15,13.4700,13.8500,13.4000,13.7500,1689
2012-06-08,13.5100,13.7300,13.3000,13.4600,5176
2012-06-01,13.3000,13.7500,13.2300,13.6800,1573
2012-05-25,13.9000,13.9000,13.0000,13.3200,11773
2012-05-18,13.9800,14.0000,13.2900,13.5500,1378
2012-05-11,13.7500,14.0000,13.7500,14.0000,369
2012-05-04,13.8800,13.8800,13.7000,13.7500,6011
2012-04-27,13.9500,14.1800,13.9500,14.0000,1713
2012-04-20,13.9500,14.0400,13.9500,14.0400,2990
2012-04-13,13.9300,14.1900,13.4000,13.9500,6933
2012-04-05,13.9100,14.2500,13.9100,14.0200,8475
2012-03-30,13.9000,14.2300,13.8600,14.2300,4246
2012-03-23,13.6200,13.9600,13.6100,13.9600,2347
2012-03-16,13.0800,14.0000,13.0800,14.0000,2974
2012-03-09,14.0000,14.0000,13.0000,13.0800,15195
2012-03-02,12.5300,13.9700,12.1300,13.8400,6309
2012-02-24,12.5000,14.1500,12.4700,13.9600,2118
2012-02-17,12.2000,12.5000,11.6000,12.5000,4100
2012-02-10,12.5000,12.5000,11.8500,12.2600,654
2012-02-03,12.0000,12.5000,11.5000,12.5000,9028
2012-01-27,11.1500,12.0000,11.1500,12.0000,9046
2012-01-20,10.7501,11.1500,10.7501,11.1500,800
2012-01-13,11.1000,11.2200,10.6800,10.7500,698
2012-01-06,10.9000,11.1000,10.7000,11.1000,6508
2011-12-30,10.7300,10.9000,10.2500,10.6800,14901
2011-12-23,10.3900,10.7300,10.1000,10.7300,14296
2011-12-16,10.2900,10.6900,7.1300,10.2500,32326
2011-12-09,10.1000,10.5000,10.1000,10.3800,2338
2011-12-02,9.9500,10.4000,9.9500,10.1000,2464
2011-11-25,10.9000,10.9000,9.9000,9.9000,3600
2011-11-18,10.8200,10.9000,10.7500,10.9000,1515
2011-11-11,11.2000,11.2400,10.4700,10.7500,18215
2011-11-04,10.0300,10.0300,9.8000,9.8000,3600
2011-10-28,10.0300,11.1400,9.8400,9.8800,6078
2011-10-21,9.9000,10.1000,9.7500,10.1000,7644
2011-10-14,9.8000,9.9000,9.5300,9.9000,14095
2011-10-07,9.5700,9.9400,9.5700,9.8000,2877
2011-09-30,9.5700,9.5700,9.5700,9.5700,111
2011-09-23,9.5300,9.9500,9.5300,9.6500,3759
2011-09-16,9.7000,10.0000,9.2500,9.3100,6176
2011-09-09,10.1200,10.1200,9.6700,9.7000,11922
2011-09-02,9.9700,10.4500,9.8500,10.2000,10324
2011-08-26,9.7000,10.0700,9.7000,9.9700,1540
2011-08-19,10.0000,10.2200,9.7000,9.7000,14199
2011-08-12,10.0500,10.0900,9.7000,10.0000,15034
2011-08-05,10.4000,10.6000,10.2800,10.4500,7098
2011-07-29,10.2000,10.5999,10.2000,10.4000,12134
2011-07-22,9.5900,10.6100,9.5900,10.2000,10782
2011-07-15,9.7500,9.7500,9.5800,9.6900,600
2011-07-08,10.0399,10.0400,9.8500,9.8501,2472
2011-07-01,10.0000,10.0000,9.4101,10.0000,4562
2011-06-24,9.7800,10.1500,9.3400,9.5700,4778
2011-06-17,10.2000,10.2000,9.3500,9.7800,7534
2011-06-10,10.2000,10.2000,9.3200,9.3601,17683
2011-06-03,10.3965,10.4000,10.1200,10.1200,1254
2011-05-27,10.8800,10.8800,10.3500,10.3500,1000
2011-05-20,10.5000,10.5500,10.3100,10.4200,1402
2011-05-13,10.6200,11.1000,10.5000,10.5000,3316
2011-05-06,10.0300,11.0000,10.0300,10.5600,16518
2011-04-29,9.2500,10.2500,9.2500,9.8000,7756
2011-04-21,8.8300,9.3400,8.7000,9.2400,20883
2011-04-15,8.8000,9.2700,8.8000,8.9700,10603
2011-04-08,9.0700,9.2000,8.9900,9.2000,3287
2011-04-01,9.6100,10.0500,9.0200,9.0500,3833
2011-03-25,9.8000,11.0000,9.5500,10.0500,6469
2011-03-18,10.5000,11.0900,9.6900,9.9200,5202
2011-03-11,10.5600,10.5600,10.3700,10.3700,600
2011-03-04,10.8100,10.8100,10.5600,10.5600,1717
2011-02-25,11.2000,11.2000,10.3000,10.8100,4687
2011-02-18,10.6000,11.3000,10.2500,11.2000,4155
2011-02-11,10.7500,11.0100,10.2401,10.5100,4697
2011-02-04,10.7150,10.9000,10.0000,10.5000,8085
2011-01-28,10.5800,10.5800,10.0200,10.3900,2228
2011-01-21,10.0200,11.1900,10.0200,10.5500,2950
2011-01-14,10.5000,11.3200,9.5000,10.8600,5396
2011-01-07,9.4800,10.5000,9.3500,10.5000,3578
2010-12-31,8.5000,9.0000,8.5000,9.0000,4130
2010-12-23,8.7900,9.0000,8.5000,8.9899,2545
2010-12-17,8.2500,8.9000,8.2200,8.9000,7851
2010-12-10,8.2200,8.2500,8.2000,8.2500,2087
2010-12-03,8.1000,8.3400,8.1000,8.2000,5376
2010-11-26,8.1100,8.1101,8.0000,8.0000,3836
2010-11-19,8.3900,8.6399,8.1700,8.2000,2970
2010-11-12,8.5000,8.8700,8.1000,8.3900,5736
2010-11-05,8.0400,9.4600,8.0300,8.1600,13241
2010-10-29,7.5001,8.0100,7.5001,7.7500,11638
2010-10-22,8.0000,8.1100,7.5000,7.5001,2656
2010-10-15,8.2600,8.6900,8.0400,8.0400,928
2010-10-08,7.4800,8.8000,7.1200,8.8000,6794
2010-10-01,7.6400,7.6400,7.1000,7.4800,1776
2010-09-24,7.6400,7.6400,7.0500,7.6400,3128
2010-09-17,7.2300,7.2500,7.0000,7.1800,3081
2010-09-10,7.0000,7.2450,7.0000,7.2300,3333
2010-09-03,7.1000,7.3400,7.0000,7.0000,1983
2010-08-27,7.0300,7.0700,7.0000,7.0500,8717
2010-08-20,7.0000,7.0100,7.0000,7.0000,5089
2010-08-13,6.9200,7.0000,6.8000,7.0000,10923
2010-08-06,6.9300,6.9600,6.9200,6.9500,2660
2010-07-30,6.8100,6.8100,6.8100,6.8100,106
2010-07-23,6.8500,7.5000,6.7600,6.7600,5491
2010-07-16,6.9500,7.0300,6.8500,6.8500,4173
2010-07-09,6.8500,6.9000,6.8500,6.9000,730
2010-07-02,6.8500,6.9900,6.6690,6.8500,6266
2010-06-25,6.7600,6.9900,6.7000,6.8500,3943
2010-06-18,7.2800,7.2800,6.7000,6.8100,2476
2010-06-11,6.6500,7.2800,6.5800,7.2800,1186
2010-06-04,7.2500,7.3500,6.6200,6.6800,3012
2010-05-28,6.9800,7.4100,6.4000,6.6200,11493
2010-05-21,6.8200,7.2000,6.5000,6.5000,8032
2010-05-14,7.2700,7.5000,6.7100,7.0000,10283
2010-05-07,7.0400,7.1100,6.8100,6.9000,27882
2010-04-30,6.5900,7.5000,6.5900,7.2500,10861
2010-04-23,6.9900,6.9900,6.6100,6.6100,900
2010-04-16,6.4999,6.8500,6.3900,6.8500,2711
2010-04-09,5.3100,6.8100,5.2600,6.6300,54307
2010-04-01,5.5600,6.0600,5.1300,5.5000,10796
2010-03-26,5.3500,6.2300,5.3300,5.5600,12219
2010-03-19,5.2600,5.8200,5.2500,5.3500,8370
2010-03-12,5.7500,5.7700,4.8000,5.4400,14322
2010-03-05,5.5000,5.7500,5.5000,5.7499,8162
2010-02-26,5.7501,5.7501,5.5000,5.5000,2817
2010-02-19,5.5000,6.1700,5.5000,6.0000,258
2010-02-12,6.0000,6.3500,4.5200,5.5000,6389
2010-02-05,5.8100,6.5000,5.5000,6.0000,5310
2010-01-29,6.2700,6.5000,6.2700,6.5000,4851
2010-01-22,6.3100,6.3100,5.7500,5.8000,1893
2010-01-15,6.3900,6.3900,5.8700,5.9300,1190
2010-01-08,6.0500,6.3900,6.0100,6.3900,2531
2009-12-31,6.0500,6.4000,6.0100,6.1500,8488
2009-12-24,6.9800,7.0000,5.9600,6.4999,12654
2009-12-18,6.4900,7.0000,6.1200,6.1200,958
2009-12-11,6.5000,6.5000,6.5000,6.5000,312
2009-12-04,7.2800,7.2800,6.5000,6.5000,2800
2009-11-27,6.2200,7.5000,6.1100,7.5000,4759
2009-11-20,6.9800,7.0100,6.1100,6.5600,2688
2009-11-13,5.9100,6.9700,5.9100,6.6000,5596
2009-11-06,6.2500,6.9400,5.9100,5.9100,4565
2009-10-30,6.2500,6.3000,6.2500,6.2500,2035
2009-10-23,6.2700,6.2700,6.2700,6.2700,255
2009-10-16,7.4800,7.4800,6.0600,6.8000,1100
2009-10-09,6.5000,7.5000,6.5000,7.4800,8031
2009-10-02,5.8500,6.7997,5.8000,6.5000,5262
2009-09-25,6.0150,6.9500,5.8000,6.9000,4516
2009-09-18,7.0000,7.2500,5.7500,6.5000,7907
2009-09-11,7.0000,7.0000,7.0000,7.0000,0
2009-09-04,7.1500,7.8500,7.0000,7.0000,12546
2009-08-28,7.1500,7.3500,7.1500,7.3500,392
2009-08-21,7.2000,7.2000,7.1500,7.1500,4985
2009-08-14,7.5500,7.5500,7.1700,7.2000,4664
2009-08-07,7.5250,7.5500,7.5250,7.5500,321
2009-07-31,7.5000,7.5000,7.5000,7.5000,0
2009-07-24,8.5000,8.5000,7.5000,7.5000,2497
2009-07-17,8.5000,8.5000,8.5000,8.5000,0
2009-07-10,8.5000,8.5000,8.5000,8.5000,100
2009-07-02,8.6000,8.6000,7.5000,7.5000,400
2009-06-26,7.5501,8.6000,7.5000,8.6000,5451
2009-06-19,8.1000,8.2899,7.5000,8.0400,888
2009-06-12,8.0000,8.4999,8.0000,8.1000,3867
2009-06-05,8.7200,8.7600,7.2500,8.3500,9026
2009-05-29,9.4999,9.9000,7.5000,7.5000,6504
2009-05-22,8.9900,10.0000,7.7500,9.9500,6358
2009-05-15,9.5000,9.5000,7.7700,7.7800,224
2009-05-08,8.5500,9.5000,7.0000,9.5000,2591
2009-05-01,8.5100,8.5100,6.7600,6.7600,350
2009-04-24,9.5000,9.5000,8.5200,8.7200,1151
2009-04-17,8.0000,10.0000,7.9900,10.0000,7259
2009-04-09,7.8200,7.8200,7.0000,7.0000,300
2009-04-03,7.5200,7.7300,7.2800,7.2800,200
2009-03-27,6.8500,7.6700,6.8500,7.5200,2603
2009-03-20,7.7500,8.0000,6.7600,6.7700,3346
2009-03-13,4.7500,8.2100,4.7500,8.0000,9588
2009-03-06,5.2500,6.6700,4.7500,4.7500,15283
2009-02-27,5.2900,5.2900,4.7300,4.7500,2200
2009-02-20,5.7600,5.7700,4.1500,4.1500,8876
2009-02-13,5.8000,5.8200,5.1500,5.7600,7689
2009-02-06,5.9500,5.9500,5.5500,5.8000,4513
2009-01-30,6.8000,6.8100,5.1000,5.9900,11550
2009-01-23,7.9000,7.9000,5.5100,6.8400,1466
2009-01-16,7.9500,7.9500,7.2500,7.9000,1181
2009-01-09,8.0500,8.5000,7.8000,7.8000,10578
2009-01-02,8.0000,9.2000,8.0000,8.0500,8179
2008-12-26,9.0000,10.0000,8.0000,8.0000,7576
2008-12-19,10.9500,10.9500,9.0000,9.0000,1137
2008-12-12,9.0400,10.9500,9.0400,10.9500,4192
2008-12-05,10.0000,10.0000,10.0000,10.0000,460
2008-11-28,10.3500,10.3500,10.0000,10.0000,2765
2008-11-21,10.3000,10.8200,10.0500,10.8200,7761
2008-11-14,10.5000,10.5000,10.5000,10.5000,585
2008-11-07,10.5000,10.5000,10.5000,10.5000,105
2008-10-31,10.5000,10.5000,10.5000,10.5000,561
2008-10-24,11.2400,11.2500,10.7500,11.2400,1590
2008-10-17,11.2500,11.2500,10.7500,10.7500,3167
2008-10-10,10.8000,11.2500,10.7500,11.2500,5061
2008-10-03,10.8000,11.5000,10.8000,11.0000,2455
2008-09-26,10.7500,14.4500,10.7500,12.5000,5508
2008-09-19,11.5500,11.5500,10.5500,10.5500,5723
2008-09-12,12.2500,13.2800,11.7500,12.5000,4696
2008-09-05,13.5000,13.5000,13.5000,13.5000,320
2008-08-29,14.5000,14.8000,11.7500,12.2500,4545
2008-08-22,12.0000,14.0000,12.0000,14.0000,6983
2008-08-15,12.7500,13.4500,11.7500,12.0000,6944
2008-08-08,13.0000,13.0000,12.7500,12.7500,751
2008-08-01,13.0000,13.0000,13.0000,13.0000,775
2008-07-25,13.0000,13.0000,13.0000,13.0000,778
2008-07-18,13.0000,13.0000,13.0000,13.0000,1329
2008-07-11,13.8500,14.3500,13.0000,13.0000,3986
2008-07-03,14.0000,14.0000,13.8000,13.8000,707
2008-06-27,15.0000,15.0000,14.0000,14.0000,8195
2008-06-20,14.0000,15.0000,14.0000,15.0000,6881
2008-06-13,14.0000,14.1700,14.0000,14.0000,3262
2008-06-06,14.3500,14.3500,14.0000,14.0000,299
2008-05-30,14.0000,14.3500,14.0000,14.3500,200
2008-05-23,14.0500,14.0500,14.0000,14.0000,1884
2008-05-16,14.0000,14.0500,14.0000,14.0500,9381
2008-05-09,14.9000,14.9000,14.0000,14.0000,200
2008-05-02,13.7500,14.9900,13.7500,14.9000,11129
2008-04-25,14.3500,14.9900,13.7500,14.9900,2208
2008-04-18,14.2500,14.9900,14.2500,14.9900,600
2008-04-11,13.8000,14.2500,13.6500,13.8500,4761
2008-04-04,14.2500,14.2500,13.8000,14.0000,4921
2008-03-28,14.5500,14.5500,13.8500,14.2500,6004
2008-03-20,13.8000,14.5500,13.8000,14.5500,4457
2008-03-14,14.6000,14.6000,13.2500,13.8000,11766
2008-03-07,15.0000,15.0000,15.0000,15.0000,200
2008-02-29,15.2500,15.2500,14.6000,14.6000,5619
2008-02-22,15.0000,15.2500,15.0000,15.2500,1885
2008-02-15,15.2500,15.9500,14.8000,15.2500,2337
2008-02-08,14.7500,15.2500,14.7500,15.2500,400
2008-02-01,15.0500,15.0500,14.0000,14.5000,8430
2008-01-25,16.0000,16.2400,15.9500,15.9500,1002
2008-01-18,18.8000,18.8000,16.0000,16.0000,3880
2008-01-11,15.3500,17.0000,15.0000,16.0000,9417
2008-01-04,16.0000,16.0000,16.0000,16.0000,300
2007-12-28,15.7500,16.0000,14.5000,16.0000,10680
2007-12-21,15.8000,17.7500,15.7500,16.0000,8338
2007-12-14,17.5000,17.7500,16.5500,17.7500,2058
2007-12-07,16.5500,18.0000,16.5500,18.0000,1857
2007-11-30,19.0500,19.0500,16.5500,17.0000,7577
2007-11-23,17.8000,19.0500,17.8000,19.0500,200
2007-11-16,18.1000,18.1000,17.8000,17.8000,218
2007-11-09,18.1000,18.1000,18.1000,18.1000,0
2007-11-02,18.7500,19.0000,18.1000,18.1000,1362
2007-10-26,19.0000,19.0000,18.1000,18.7500,550
2007-10-19,18.5000,19.0000,18.5000,19.0000,7302
2007-10-12,19.0000,19.0000,19.0000,19.0000,0
2007-10-05,19.5000,19.5000,19.0000,19.0000,1441
2007-09-28,19.0000,19.5000,19.0000,19.5000,4799
2007-09-21,18.9900,19.0000,18.9900,19.0000,200
2007-09-14,17.7600,18.9900,17.7500,18.9900,1454
2007-09-07,18.0000,18.0000,17.5000,17.7600,3295
2007-08-31,18.5000,19.0000,17.0000,18.0000,17086
2007-08-24,19.5000,19.6500,18.4100,19.2400,7687
2007-08-17,19.5000,19.7500,19.5000,19.7400,10700
2007-08-10,19.7500,19.7500,19.7000,19.7000,600
2007-08-03,19.7500,19.9500,19.7500,19.7500,9319
2007-07-27,19.8500,19.8500,19.7000,19.7000,20878
2007-07-20,19.9500,19.9500,19.8500,19.8500,729
2007-07-13,19.7600,19.9600,19.7600,19.9500,23302
2007-07-06,20.0000,20.0000,20.0000,20.0000,0
2007-06-29,19.8500,20.0000,19.7500,20.0000,2825
2007-06-22,19.7500,19.8500,19.6300,19.7500,30749
2007-06-15,20.0000,20.0000,19.7500,19.7500,24512
2007-06-08,20.0000,20.0000,20.0000,20.0000,0
2007-06-01,20.0000,20.2500,20.0000,20.0000,2463
2007-05-25,20.1500,20.2500,20.0000,20.0000,8369
2007-05-18,20.0500,20.1500,20.0500,20.1500,12800
2007-05-11,20.3500,20.3500,20.0500,20.3500,4480
2007-05-04,20.0100,20.3500,20.0100,20.3500,17229
2007-04-27,20.3000,20.3000,20.0100,20.0100,7196
2007-04-20,20.0500,20.3000,20.0500,20.3000,1140
2007-04-13,20.1000,20.5000,20.1000,20.3000,2812
2007-04-05,20.0000,20.1000,20.0000,20.1000,869
2007-03-30,19.8500,20.5000,19.8500,20.0000,5839
2007-03-23,20.2500,20.4700,19.7500,19.8500,23496
2007-03-16,20.0000,20.3000,20.0000,20.2500,3297
2007-03-09,19.6100,20.2000,19.6100,20.2000,5625
2007-03-02,19.6100,20.5000,19.6100,20.5000,2262
2007-02-23,19.8000,19.8000,19.1000,19.6100,12319
2007-02-16,19.9000,19.9000,19.8000,19.8000,693
2007-02-09,19.8200,19.9000,19.8000,19.9000,3111
2007-02-02,19.8000,19.8500,19.8000,19.8200,1400
2007-01-26,19.9000,19.9000,19.8000,19.8000,281
2007-01-19,19.8000,19.8200,19.8000,19.8200,9208
2007-01-12,19.8000,20.0000,19.8000,19.8000,4502
2007-01-05,19.8000,20.0000,19.8000,20.0000,8532
2006-12-29,20.0000,20.0000,19.8000,20.0000,1353
2006-12-22,20.2500,20.5500,19.8000,20.0000,12401
2006-12-15,21.0000,21.0000,20.2500,20.2500,6800
2006-12-08,20.8700,21.0000,20.8700,21.0000,883
2006-12-01,20.8700,20.8700,20.8700,20.8700,500
2006-11-24,20.8700,20.8700,20.8700,20.8700,2453
2006-11-17,20.8700,20.9000,20.8700,20.8700,6137
2006-11-10,21.0000,21.1500,20.8700,20.8700,7193
2006-11-03,21.0000,21.0000,21.0000,21.0000,930
2006-10-27,21.0000,21.0000,21.0000,21.0000,2545
2006-10-20,21.0000,21.0000,21.0000,21.0000,500
2006-10-13,21.0000,21.4500,21.0000,21.0000,3050
2006-10-06,21.4500,21.4500,21.0000,21.4000,1889
2006-09-29,21.7500,21.7500,21.0000,21.4500,2814
2006-09-22,21.0000,21.7500,20.8500,21.7500,8789
2006-09-15,21.1500,21.1500,20.8500,20.8500,738
2006-09-08,21.0000,21.1500,20.8500,21.1500,617
2006-09-01,21.1500,21.1500,21.0000,21.0000,5148
2006-08-25,21.0000,21.1500,21.0000,21.1500,1131
2006-08-18,21.0000,21.0000,21.0000,21.0000,0
2006-08-11,21.0000,21.1500,21.0000,21.0000,3481
2006-08-04,21.0000,21.0000,21.0000,21.0000,5516
2006-07-28,21.0000,21.2500,21.0000,21.1500,9540
2006-07-21,21.0000,21.3000,21.0000,21.3000,7135
2006-07-14,21.0000,21.0000,21.0000,21.0000,4258
2006-07-07,21.0000,21.1000,21.0000,21.1000,16500
2006-06-30,21.0000,21.0000,21.0000,21.0000,900
2006-06-23,21.0000,21.4000,21.0000,21.4000,1404
2006-06-16,21.0500,21.0500,21.0000,21.0000,2395
2006-06-09,21.0500,21.1500,21.0500,21.1500,843
2006-06-02,21.0500,21.0500,21.0500,21.0500,0
2006-05-26,21.0500,21.0500,21.0500,21.0500,1865
2006-05-19,21.0500,21.4000,21.0500,21.1000,5091
2006-05-12,21.0500,21.0500,21.0500,21.0500,1033
2006-05-05,21.0500,21.4500,21.0500,21.0500,3002
2006-04-28,21.3000,21.3200,21.2000,21.3000,7650
2006-04-21,21.2500,21.3000,21.0000,21.3000,1936
2006-04-13,21.2500,21.2500,21.2500,21.2500,750
2006-04-07,21.6000,21.6000,21.0000,21.0000,17090
2006-03-31,21.6000,22.0000,21.6000,22.0000,934
2006-03-24,22.5000,22.5000,21.6000,21.6000,5482
2006-03-17,21.6000,22.0000,21.4500,21.4500,1840
2006-03-10,21.5000,22.5000,21.5000,21.6000,1000
2006-03-03,20.5000,21.0000,20.5000,21.0000,586
2006-02-24,20.1500,21.0000,20.0000,20.5000,8174
2006-02-17,20.1500,20.8500,20.1500,20.1500,848
2006-02-10,20.0000,20.3500,20.0000,20.1500,2210
2006-02-03,20.0000,20.0000,20.0000,20.0000,3349
2006-01-27,19.8000,20.5000,19.8000,20.0000,6836
2006-01-20,19.8000,19.8500,19.8000,19.8500,300
2006-01-13,19.7000,19.9500,19.7000,19.7500,3700
2006-01-06,19.7500,20.0000,19.4000,20.0000,2900
2005-12-30,19.2500,19.7500,19.2500,19.7500,10000
2005-12-23,19.2000,20.0000,19.2000,19.2500,4600
2005-12-16,20.8700,20.8700,19.0000,19.2000,2500
2005-12-09,21.2500,21.5000,20.8700,20.8700,2700
2005-12-02,21.5000,21.5000,21.0000,21.3000,4900
2005-11-25,21.5000,21.5000,21.5000,21.5000,0
2005-11-18,21.2500,22.7500,21.0500,21.5000,5800
2005-11-11,20.5000,23.0000,19.8000,21.2500,16100
2005-11-04,20.5000,20.5000,20.2500,20.3000,2800
2005-10-28,21.0000,21.7500,20.5000,20.5000,2600
2005-10-21,21.0000,22.0000,20.5000,21.0500,3100
2005-10-14,22.7500,23.0000,20.0500,21.0000,5500
2005-10-07,23.2500,23.2500,22.7500,22.7500,1800
2005-09-30,23.6500,23.6500,23.5000,23.5000,1500
2005-09-23,23.6500,23.6500,23.6500,23.6500,0
2005-09-16,23.6500,24.0000,23.6000,23.6500,4800
2005-09-09,23.7500,23.9000,23.6000,23.6000,1000
2005-09-02,23.7500,23.7500,23.7500,23.7500,400
2005-08-26,24.0500,24.0500,23.7500,23.7500,5000
2005-08-19,25.0000,25.0000,24.0500,24.0500,2100
2005-08-12,25.0000,25.0000,24.8000,25.0000,1800
2005-08-05,25.2500,25.2500,25.0000,25.2500,1300
2005-07-29,25.1000,25.2500,25.1000,25.2500,1400
2005-07-22,26.0000,26.0000,25.1000,25.1000,6200
2005-07-15,26.0000,26.0000,25.7500,26.0000,9200
2005-07-08,26.7000,26.7000,26.0000,26.0000,2500
2005-07-01,26.5500,27.0000,26.5500,26.7000,6300
2005-06-24,27.0000,27.0000,26.5500,26.5500,800
2005-06-17,27.4000,27.4000,27.0000,27.0000,3500
2005-06-10,27.7500,27.7500,27.7500,27.7500,0
2005-06-03,27.4000,27.7500,27.4000,27.7500,4100
2005-05-27,27.7500,27.7500,27.4000,27.4000,3200
2005-05-20,27.7500,27.7500,27.7500,27.7500,3000
2005-05-13,27.7500,27.7500,27.7500,27.7500,0
2005-05-06,28.3000,28.3000,27.7500,27.7500,1300
2005-04-29,27.7500,27.7500,27.7500,27.7500,100
2005-04-22,28.2500,28.3000,27.7500,27.7500,1600
2005-04-15,28.2500,28.2500,28.2500,28.2500,100
2005-04-08,28.0000,28.2500,28.0000,28.2500,11300
2005-04-01,27.6500,28.3000,27.6500,28.0000,3700
2005-03-24,27.7500,27.7500,27.7500,27.7500,0
2005-03-18,27.7000,27.7500,27.6500,27.7500,3000
2005-03-11,27.5000,27.7500,27.5000,27.7000,23800
2005-03-04,27.7500,27.7500,27.3000,27.7500,18600
2005-02-25,28.0000,28.0000,27.5000,27.7500,10800
2005-02-18,29.0000,29.0000,28.0000,28.0000,4600
2005-02-11,29.2000,29.7500,29.0000,29.0000,11000
2005-02-04,28.7500,29.0000,28.5000,28.7500,10600
2005-01-28,29.0000,29.5000,28.7500,29.5000,700
2005-01-21,28.7500,28.7500,28.2500,28.5000,600
2005-01-14,28.0000,29.0000,27.7500,28.7500,3500
2005-01-07,26.7500,28.5000,26.7500,28.0000,8800
2004-12-31,26.1000,27.0000,26.1000,26.7500,4700
2004-12-23,25.5000,26.7500,25.5000,26.1500,44100
2004-12-17,26.5000,26.5000,25.0000,25.0000,2600
2004-12-10,26.5000,26.7500,26.0000,26.5000,2000
2004-12-03,25.9500,26.5000,25.9500,26.5000,3000
2004-11-26,25.5000,25.7000,25.3000,25.5000,3400
2004-11-19,25.5000,25.5000,25.3000,25.3000,1800
2004-11-12,25.6900,25.6900,25.5000,25.5000,700
2004-11-05,25.8000,25.8000,25.5500,25.5500,1600
2004-10-29,25.8000,25.8000,25.8000,25.8000,900
2004-10-22,25.5000,25.7500,25.4500,25.4500,3900
2004-10-15,25.5000,25.7500,25.5000,25.7500,100
2004-10-08,25.8500,25.8500,25.5000,25.5000,19000
2004-10-01,25.7500,25.9500,25.7500,25.7500,2200
2004-09-24,26.0500,26.2500,25.9500,25.9500,2200
2004-09-17,26.0000,26.2500,26.0000,26.2500,44500
2004-09-10,26.2500,26.2500,26.2500,26.2500,100
2004-09-03,26.0000,26.2500,26.0000,26.2500,100
2004-08-27,25.4500,26.0000,25.4500,26.0000,900
2004-08-20,25.4500,25.4500,25.4500,25.4500,800
2004-08-13,25.4000,25.4000,25.1500,25.1500,200
2004-08-06,25.2500,25.4000,25.1500,25.4000,5400
2004-07-30,25.1000,25.2500,25.1000,25.1500,8500
2004-07-23,25.1000,25.1000,25.1000,25.1000,0
2004-07-16,25.0500,25.3000,25.0500,25.1000,15500
2004-07-09,25.5000,25.5000,25.0500,25.0500,100
2004-07-02,25.5000,25.5000,25.5000,25.5000,0
2004-06-25,25.0500,25.5000,25.0500,25.5000,16300
2004-06-18,25.2500,25.2500,25.0000,25.0500,7200
2004-06-10,25.0000,25.5000,25.0000,25.0000,5000
2004-06-04,25.0000,25.1000,25.0000,25.0000,11100
2004-05-28,25.7500,25.7500,25.0000,25.0000,15900
2004-05-21,26.0000,26.2500,25.5500,25.7500,13700
2004-05-14,26.5000,26.5000,26.0000,26.0000,5200
2004-05-07,26.5000,26.5000,26.5000,26.5000,0
2004-04-30,27.9500,27.9500,26.5000,26.5000,11200
2004-04-23,27.5000,27.9500,27.5000,27.9500,2700
2004-04-16,28.5000,28.5000,27.5000,27.5000,1200
2004-04-08,28.5000,28.5000,28.5000,28.5000,0
2004-04-02,28.0000,28.5000,28.0000,28.5000,300
2004-03-26,28.5000,28.5000,28.5000,28.5000,0
2004-03-19,27.0000,28.5000,27.0000,28.5000,5400
2004-03-12,27.7000,28.2500,27.0000,27.0000,28800
2004-03-05,27.7000,27.7000,27.0500,27.0500,11000
2004-02-27,29.0500,29.1500,27.7000,27.7000,13500
2004-02-20,29.4000,29.4000,29.4000,29.4000,0
2004-02-13,29.0500,29.5500,29.0500,29.4000,4000
2004-02-06,29.5000,29.7500,29.0500,29.5000,8200
2004-01-30,29.2500,29.5000,29.2500,29.5000,1700
2004-01-23,29.5000,30.2500,29.2500,29.2500,1200
2004-01-16,29.2500,29.5000,29.2500,29.5000,300
2004-01-09,29.2500,29.5000,29.2500,29.2500,1300
2004-01-02,32.0000,33.5000,29.0000,29.2500,4200
2003-12-26,26.7000,36.0000,26.7000,34.2500,3400
2003-12-19,29.0000,29.7500,26.7000,26.7000,800
2003-12-12,28.8500,30.0000,28.8000,30.0000,9500
2003-12-05,29.1000,29.1000,28.8000,28.8500,10200
2003-11-28,29.1000,29.1000,29.1000,29.1000,300
2003-11-21,29.0000,30.0000,29.0000,29.1484,4500
2003-11-14,29.5000,30.0000,29.0000,29.0000,5400
2003-11-07,27.1016,30.0000,27.1016,29.5000,4800
2003-10-31,25.5000,27.0000,25.5000,26.9800,1900
2003-10-24,25.1211,26.0000,25.0508,25.5000,2100
2003-10-17,24.6484,25.1211,24.6484,25.1211,1500
2003-10-10,24.0000,24.7500,24.0000,24.5508,1300
2003-10-03,24.5000,24.5000,24.5000,24.5000,0
2003-09-26,23.5000,25.0000,23.5000,24.5000,15300
2003-09-19,23.6992,23.6992,23.5000,23.5000,100
2003-09-12,23.3000,23.9500,23.3000,23.6992,6300
2003-09-05,23.2500,23.3008,23.2500,23.3008,5700
2003-08-29,23.5000,23.5000,23.2500,23.2500,600
2003-08-22,23.5000,23.5000,23.5000,23.5000,0
2003-08-15,23.5000,23.5000,23.5000,23.5000,0
2003-08-08,23.5000,23.5000,23.5000,23.5000,0
2003-08-01,23.7000,24.0000,23.5000,23.5000,12900
2003-07-25,23.6484,23.7000,23.6484,23.7000,200
2003-07-18,23.6484,23.6484,23.6484,23.6484,500
2003-07-11,23.8000,23.8000,23.6500,23.6500,200
2003-07-03,23.8000,23.8000,23.8000,23.8000,0
2003-06-27,23.6500,23.8500,23.3500,23.8000,69300
2003-06-20,23.6484,23.6484,23.6484,23.6484,200
2003-06-13,23.6016,24.2500,23.6000,24.2500,3000
2003-06-06,23.6000,24.2500,23.6000,24.2500,1200
2003-05-30,24.0000,24.0000,23.5508,23.7500,5800
2003-05-23,23.0508,24.0000,23.0508,24.0000,1500
2003-05-16,23.5000,23.5000,23.0508,23.0508,2500
2003-05-09,22.7500,23.5000,22.7500,23.5000,400
2003-05-02,22.8750,22.8750,22.7500,22.7500,1300
2003-04-25,22.6484,23.5000,22.6484,22.8750,16900
2003-04-17,23.2500,23.2500,22.6484,22.6500,100
2003-04-11,23.2500,23.2500,22.5000,23.2500,1000
2003-04-04,22.5000,23.0000,22.5000,22.5000,500
2003-03-28,22.0500,22.5000,22.0500,22.5000,1100
2003-03-21,22.0500,22.0500,22.0500,22.0500,300
2003-03-14,22.0000,23.0000,21.7500,23.0000,11000
2003-03-07,21.7500,22.0500,21.7500,22.0000,2000
2003-02-28,22.5000,22.5000,21.7500,22.0000,1100
2003-02-21,21.5000,22.5000,21.5000,22.5000,28300
2003-02-14,22.2500,23.0000,21.5000,21.5000,2500
2003-02-07,21.9000,22.2500,21.9000,22.2500,200
2003-01-31,22.0000,22.4000,21.9000,21.9000,4300
2003-01-24,21.7400,21.7400,20.8500,20.8500,1600
2003-01-17,20.7000,21.7500,20.7000,21.7400,5800
2003-01-10,20.7000,20.8200,20.7000,20.7000,700
2003-01-03,20.7000,20.8500,20.7000,20.7000,2600
2002-12-27,21.3000,21.3000,21.0000,21.0000,1500
2002-12-20,22.2000,22.5000,21.0000,21.3000,2500
2002-12-13,21.8000,22.2000,21.8000,22.2000,600
2002-12-06,21.8000,21.9000,21.8000,21.8000,2600
2002-11-29,21.8000,21.8000,21.8000,21.8000,100
2002-11-22,21.9000,22.1000,21.8000,21.8000,2400
2002-11-15,22.0000,22.0000,21.8000,21.9000,22100
2002-11-08,22.0000,22.0000,21.8000,21.9000,3600
2002-11-01,22.0000,22.0000,22.0000,22.0000,1000
2002-10-25,21.9000,22.0000,21.8500,22.0000,5600
2002-10-18,21.8000,22.0000,21.8000,21.9000,9200
2002-10-11,21.8000,22.0000,21.8000,21.8000,9000
2002-10-04,21.8000,22.1000,21.8000,21.9500,5100
2002-09-27,22.2500,22.2500,21.8000,21.8000,200
2002-09-20,22.2500,22.2500,22.0000,22.0000,300
2002-09-13,22.4500,22.4500,21.8000,22.2500,400
2002-09-06,22.4500,22.4500,22.4500,22.4500,200
2002-08-30,22.2500,22.2500,21.8000,21.8000,1000
2002-08-23,21.8000,22.2500,21.8000,22.2500,4600
2002-08-16,22.0000,22.0000,21.8000,22.0000,2200
2002-08-09,21.7500,21.7500,21.7500,21.7500,0
2002-08-02,22.7500,22.7500,21.7500,21.7500,1200
2002-07-26,21.7000,22.7500,21.7000,22.7500,100
2002-07-19,22.1000,22.5000,21.7000,21.7000,1900
2002-07-12,22.1000,22.1000,22.1000,22.1000,200
2002-07-05,23.0000,23.0000,22.1000,22.1000,9500
2002-06-28,23.0000,23.0000,23.0000,23.0000,0
2002-06-21,23.0000,23.0000,23.0000,23.0000,500
2002-06-14,22.0000,23.0000,22.0000,23.0000,1500
2002-06-07,22.0000,22.1500,22.0000,22.0000,7700
2002-05-31,22.0000,22.2500,22.0000,22.2500,200
2002-05-24,21.7000,22.0000,21.7000,22.0000,300
2002-05-17,21.8000,22.2500,21.7000,21.7000,1100
2002-05-10,21.6500,21.9500,21.6500,21.8000,1900
2002-05-03,22.0000,22.2500,22.0000,22.2500,2400
2002-04-26,21.0000,21.5000,21.0000,21.5000,14000
2002-04-19,21.0000,21.0000,21.0000,21.0000,0
2002-04-12,21.0000,21.0000,21.0000,21.0000,0
2002-04-05,21.0000,21.0000,21.0000,21.0000,0
2002-03-28,21.0000,21.2500,21.0000,21.0000,17000
2002-03-22,21.8000,22.0000,20.8000,21.0000,2700
2002-03-15,20.8000,21.9000,20.8000,21.8000,1600
2002-03-08,21.0000,21.1000,20.7500,20.7500,900
2002-03-01,21.5000,21.5000,20.5500,21.0000,24000
2002-02-22,21.2500,21.2500,21.0000,21.0000,200
2002-02-15,21.2500,21.2500,21.2500,21.2500,500
2002-02-08,21.0000,21.7500,20.3000,21.7500,600
2002-02-01,21.0000,22.0000,20.1500,22.0000,10400
2002-01-25,20.0000,21.0000,20.0000,21.0000,300
2002-01-18,19.2000,20.0000,19.2000,20.0000,6300
2002-01-11,19.1000,19.2000,19.1000,19.2000,100
2002-01-04,19.2500,19.2500,19.1000,19.1000,1300
2001-12-28,19.7500,19.7500,18.9000,19.2500,31400
2001-12-21,18.5500,22.0000,18.5500,19.7500,13500
2001-12-14,21.5000,21.5000,18.5500,18.5500,700
2001-12-07,19.7000,21.5000,19.6000,21.5000,4800
2001-11-30,19.5500,19.6000,19.5500,19.6000,1100
2001-11-23,19.5000,20.2500,19.5000,20.2500,14500
2001-11-16,19.9000,19.9000,19.3500,19.5000,600
2001-11-09,19.9000,19.9000,19.9000,19.9000,0
2001-11-02,19.9000,19.9000,19.9000,19.9000,100
2001-10-26,19.2500,19.3000,19.2500,19.3000,100
2001-10-19,19.3000,19.3000,19.2500,19.2500,800
2001-10-12,19.1000,19.5000,19.1000,19.1500,1600
2001-10-05,20.0000,20.0000,20.0000,20.0000,1100
2001-09-28,19.7000,19.7000,19.5000,19.5000,2100
2001-09-21,19.0000,19.1000,19.0000,19.1000,4100
2001-09-10,19.0000,19.0000,19.0000,19.0000,0
2001-09-07,19.0000,19.0000,19.0000,19.0000,0
2001-08-31,19.0000,19.0000,19.0000,19.0000,0
2001-08-24,18.5000,19.1000,18.5000,19.0000,2600
2001-08-17,17.2500,18.5000,17.2500,18.5000,4500
2001-08-10,18.0000,18.0000,17.2000,17.2500,300
2001-08-03,17.0000,18.0000,17.0000,18.0000,1200
2001-07-27,16.5000,17.0000,16.3000,17.0000,1200
2001-07-20,15.7500,16.5000,15.7500,16.5000,3100
2001-07-13,16.0000,16.0000,15.7000,15.7500,3200
2001-07-06,16.2000,16.2000,15.7000,16.2000,22900
2001-06-29,16.1000,16.2000,15.7000,16.2000,700
2001-06-22,16.2500,16.2500,16.1000,16.1000,400
2001-06-15,15.5000,16.2500,15.5000,16.2500,800
2001-06-08,15.6500,15.7500,15.5000,15.7500,315808500
2001-06-01,15.5000,15.6500,15.5000,15.6500,1300
2001-05-25,15.1500,15.5000,15.1500,15.5000,2700
2001-05-18,15.2500,15.2500,15.1500,15.1500,800
2001-05-11,15.2500,15.2500,15.2500,15.2500,400
2001-05-04,15.1200,15.1200,15.1200,15.1200,0
2001-04-27,15.1200,15.1200,15.1200,15.1200,0
2001-04-20,15.0000,15.1200,15.0000,15.1200,1600
2001-04-12,15.0000,15.5000,15.0000,15.0000,700
2001-04-06,14.7500,15.0000,14.7500,15.0000,300
2001-03-30,14.7500,14.7500,14.7500,14.7500,0
2001-03-23,14.7500,14.7500,14.7500,14.7500,200
2001-03-16,15.0000,15.0000,15.0000,15.0000,0
2001-03-09,15.0000,15.0000,15.0000,15.0000,200
2001-03-02,14.8800,15.0000,14.0000,15.0000,600
2001-02-23,14.1200,14.8800,14.0000,14.8800,7300
2001-02-16,14.3700,14.3700,14.0000,14.0000,1400
2001-02-09,14.0000,14.3700,14.0000,14.3700,1100
2001-02-02,14.0000,14.0000,14.0000,14.0000,0
2001-01-26,14.0000,14.0000,14.0000,14.0000,0
2001-01-19,14.0000,14.0000,14.0000,14.0000,0
2001-01-12,14.5000,14.5000,14.0000,14.0000,200
2001-01-05,14.2500,14.5000,14.2500,14.5000,500
2000-12-29,14.0000,14.5000,14.0000,14.2500,3300
2000-12-22,14.5000,14.5000,14.0000,14.0000,8000
2000-12-15,15.5000,15.6200,14.6200,14.6200,59700
2000-12-08,15.5000,15.7500,15.5000,15.7500,7600
2000-12-01,15.5000,15.5000,15.5000,15.5000,400
2000-11-24,15.5000,15.8800,15.5000,15.8800,13700
2000-11-17,15.5000,15.5000,15.5000,15.5000,600
2000-11-10,15.7500,15.7500,15.5000,15.6300,26000
2000-11-03,15.5000,15.6200,15.5000,15.5000,42200
2000-10-27,16.0000,16.0000,15.5000,15.5000,2600
2000-10-20,15.5000,16.0000,15.5000,15.5000,3300
2000-10-13,16.1300,16.1300,15.5000,15.5000,3300
2000-10-06,16.1300,16.1300,16.1300,16.1300,0
2000-09-29,16.2500,16.2500,15.5000,16.1300,2600
2000-09-22,15.6200,16.5000,15.6200,16.2500,9100
2000-09-15,15.3800,16.0000,15.3800,15.5000,300
2000-09-08,15.2500,15.3800,15.2500,15.3800,3700
2000-09-01,15.1300,15.3800,15.0000,15.3800,19500
2000-08-25,14.1200,15.1200,14.1200,15.1200,8400
2000-08-18,14.3700,15.0000,14.1300,14.1300,3000
2000-08-11,14.5000,14.7500,14.3700,14.7500,1300
2000-08-04,13.7500,13.7500,13.7500,13.7500,0
2000-07-28,13.8700,14.2500,13.7500,13.7500,7700
2000-07-21,14.0000,14.0000,13.6200,13.6300,400
2000-07-14,14.0000,14.0000,14.0000,14.0000,0
2000-07-07,13.6300,14.0000,13.6200,14.0000,26600
2000-06-30,13.2500,13.6200,13.2500,13.6200,1400
2000-06-23,13.7500,14.0000,13.2500,13.2500,2000
2000-06-16,13.7500,13.7500,13.2500,13.7500,1100
2000-06-09,13.2500,13.7500,13.2500,13.7500,1200
2000-06-02,13.2500,13.2500,13.2500,13.2500,0
2000-05-26,13.5000,13.5000,13.2500,13.2500,200
2000-05-19,13.5600,14.7500,13.5000,13.5000,500
2000-05-12,13.5000,13.6200,13.5000,13.5600,3800
2000-05-05,14.2500,14.2500,13.5000,13.5000,1200
2000-04-28,15.0000,15.0000,13.5000,13.5000,15800
2000-04-20,14.0000,14.1300,13.5000,13.5000,4200
2000-04-14,14.1300,14.1300,14.0000,14.1300,7600
2000-04-07,14.2500,14.3800,14.0000,14.1200,22000
2000-03-31,14.6200,15.0000,14.2500,14.2500,1500
2000-03-24,14.3800,14.3800,14.3800,14.3800,0
2000-03-17,14.2500,14.3800,14.2500,14.3800,8900
2000-03-10,14.2500,14.2500,14.2500,14.2500,400
2000-03-03,14.2500,15.2500,14.2500,14.5000,1200
2000-02-25,14.1300,14.1300,14.1300,14.1300,0
2000-02-18,15.5000,15.5000,14.0000,14.1200,1300
2000-02-11,16.0000,16.0000,14.0000,15.5000,14200
2000-02-04,13.5000,15.0000,13.5000,14.0000,2000
2000-01-28,13.5000,15.0000,13.1200,14.0000,20200
2000-01-21,13.5000,15.2500,13.0000,15.2500,21700
2000-01-14,16.7500,16.7500,12.0000,14.0000,11600
