timestamp,open,high,low,close,volume
2018-02-27,3.1500,3.2000,3.0500,3.0500,115498
2018-02-23,3.3500,3.3900,3.0550,3.1250,18913
2018-02-16,3.0500,3.5400,2.9000,3.4500,90454
2018-02-09,3.5000,3.5000,3.0000,3.0500,112018
2018-02-02,3.7000,3.7000,3.4000,3.4500,62366
2018-01-26,4.0500,4.0500,3.6500,3.7500,58152
2018-01-19,3.5000,4.0450,3.5000,4.0000,61201
2018-01-12,3.7000,3.7700,3.4000,3.5500,110693
2018-01-05,4.0000,4.0000,3.6500,3.6850,64298
2017-12-29,4.0000,4.0500,3.7000,3.8500,184550
2017-12-22,3.9500,4.3000,3.9500,4.0000,172244
2017-12-15,3.9500,4.0950,3.9000,3.9500,57497
2017-12-08,3.9500,4.0000,3.9000,3.9500,62907
2017-12-01,3.9750,4.1500,3.9000,4.0000,64706
2017-11-24,4.0500,4.0500,3.8500,3.9500,104976
2017-11-17,3.8500,4.1000,3.7500,4.0500,37777
2017-11-10,3.7000,4.0700,3.5000,3.8500,262311
2017-11-03,3.5500,3.9000,3.5000,3.6500,32583
2017-10-27,3.6500,3.7500,3.4000,3.5500,152170
2017-10-20,4.0900,4.0900,3.6500,3.6500,80398
2017-10-13,4.1000,4.1500,3.9500,4.0000,55664
2017-10-06,4.0000,4.1500,3.9000,4.1000,49928
2017-09-29,4.1000,4.2000,3.9400,4.0000,129352
2017-09-22,4.1500,4.2500,3.9500,4.1000,90598
2017-09-15,4.2000,4.2500,3.9500,4.1000,75888
2017-09-08,4.2000,4.3000,3.9500,4.0900,52618
2017-09-01,4.0000,4.2600,3.8500,4.1500,167779
2017-08-25,3.9500,4.3500,3.7500,4.1500,126937
2017-08-18,4.2000,4.5000,3.9500,4.0000,57062
2017-08-11,4.2600,4.3000,4.1000,4.1500,71790
2017-08-04,4.6000,4.6000,4.1300,4.3000,104114
2017-07-28,4.5600,4.7500,4.3000,4.6500,57560
2017-07-21,4.3500,4.6000,4.1000,4.6000,128431
2017-07-14,4.3500,4.5000,4.1500,4.4500,59688
2017-07-07,4.5800,4.6500,4.3500,4.3500,25434
2017-06-30,4.4000,4.7500,4.1500,4.4600,214961
2017-06-23,4.6000,4.7000,4.1000,4.4000,157553
2017-06-16,4.5500,5.2100,4.2500,4.4500,160799
2017-06-09,4.3700,4.5000,3.9000,4.4500,87141
2017-06-02,4.2000,4.5000,4.1000,4.3500,40804
2017-05-26,4.2500,4.3000,4.1000,4.1500,47002
2017-05-19,4.2500,4.4500,3.8500,4.1000,65744
2017-05-12,4.0000,4.3500,3.9700,4.2500,106934
2017-05-05,3.8000,4.1500,3.8000,3.9500,126515
2017-04-28,3.6000,3.8000,3.6000,3.7500,76392
2017-04-21,3.4800,3.6500,3.4500,3.6500,69520
2017-04-13,3.3500,3.5500,3.3500,3.5500,65041
2017-04-07,3.6500,3.7000,3.3000,3.4000,171405
2017-03-31,3.5000,3.6300,3.3600,3.6000,75630
2017-03-24,3.4500,3.7000,3.4500,3.5500,52728
2017-03-17,3.4800,3.5500,3.3500,3.5500,128128
2017-03-10,3.5300,3.8000,3.3500,3.5000,310717
2017-03-03,3.4500,3.6500,3.4000,3.5500,120539
2017-02-24,3.5500,3.6000,3.4000,3.4500,17348
2017-02-17,3.7000,3.7000,3.5000,3.5000,37156
2017-02-10,3.4500,3.6600,3.4000,3.6500,82483
2017-02-03,3.4500,3.6000,3.4000,3.4800,80567
2017-01-27,3.6000,3.8000,3.4500,3.4500,155875
2017-01-20,3.7500,3.7500,3.4000,3.5750,143167
2017-01-13,3.8000,3.8770,3.6000,3.6750,41528
2017-01-06,3.8500,3.9500,3.6500,3.8000,65539
2016-12-30,3.8000,4.0000,3.4000,3.6000,107357
2016-12-23,3.5465,3.9500,3.4000,3.8000,215249
2016-12-16,3.7500,3.9000,3.5000,3.5000,200697
2016-12-09,3.4500,4.0000,3.2500,3.9500,150044
2016-12-02,3.6000,3.6000,3.3000,3.3500,170817
2016-11-25,3.7000,3.7845,3.4000,3.6000,62818
2016-11-18,3.3000,4.0000,3.2500,3.7000,201786
2016-11-11,3.7000,3.8500,3.2000,3.2750,155328
2016-11-04,3.9500,4.1500,3.7000,3.7000,123507
2016-10-28,4.5300,4.5464,3.6500,4.0300,200474
2016-10-21,4.4400,4.6700,4.3100,4.5300,314033
2016-10-14,5.2000,5.2000,4.1100,4.3800,143154
2016-10-07,5.0000,5.5600,4.7030,5.1500,122413
2016-09-30,5.0400,5.0400,4.6000,5.0000,138551
2016-09-23,4.4500,5.1500,4.4500,5.0900,149603
2016-09-16,4.5200,4.7000,4.1700,4.4500,153998
2016-09-09,4.6800,4.7800,4.4400,4.5200,158288
2016-09-02,4.7300,5.0000,4.6000,4.6800,210590
2016-08-26,3.8600,4.9262,3.7400,4.6600,344842
2016-08-19,3.8000,3.9490,3.6500,3.8200,301077
2016-08-12,4.0200,4.0750,3.7201,3.8400,146713
2016-08-05,3.7900,4.0189,3.6200,3.9700,324754
2016-07-29,3.3200,4.8800,3.3200,3.7000,553069
2016-07-22,3.4200,3.4800,3.1460,3.3600,105062
2016-07-15,3.8000,3.9435,3.4100,3.4200,127614
2016-07-08,3.4532,3.8000,3.4532,3.7500,29090
2016-07-01,3.7239,3.7239,3.4120,3.6000,57723
2016-06-24,3.5500,3.8000,3.5150,3.6500,83462
2016-06-17,3.5500,3.7100,3.2700,3.4900,79156
2016-06-10,3.5400,3.9800,3.4516,3.5800,122042
2016-06-03,3.3600,3.5400,3.2400,3.5100,119529
2016-05-27,3.3100,3.8650,3.2000,3.3500,1028329
2016-05-20,3.1500,3.3100,3.0000,3.3000,160352
2016-05-13,3.6200,3.8200,3.0700,3.1100,241849
2016-05-06,4.5700,4.8900,3.6200,3.7000,307260
2016-04-29,4.7400,4.8500,4.5700,4.7200,47474
2016-04-22,4.6100,4.8800,4.3300,4.7200,62897
2016-04-15,4.1700,4.7000,3.9000,4.6700,132520
2016-04-08,4.2000,4.4200,3.9500,4.0400,65183
2016-04-01,4.3500,4.4700,4.1200,4.1700,77917
2016-03-24,4.4400,4.5200,4.2000,4.2400,147366
2016-03-18,4.3800,4.6100,4.3600,4.3700,180670
2016-03-11,4.3700,4.5900,4.1300,4.3600,311958
2016-03-04,4.6200,4.6200,4.0800,4.3800,87610
2016-02-26,4.1900,4.7000,3.2500,4.5700,199577
2016-02-19,4.1400,4.4100,4.0900,4.1900,116728
2016-02-12,4.4200,4.6300,3.9700,4.0900,116458
2016-02-05,4.3700,4.7800,4.0225,4.4500,124436
2016-01-29,4.4700,4.6200,4.1800,4.3500,44400
2016-01-22,4.3100,4.5400,3.8100,4.5000,110091
2016-01-15,4.8300,4.9000,4.1200,4.2700,192642
2016-01-08,5.2000,5.3100,4.5500,4.8200,118221
2015-12-31,5.5700,5.6600,5.2200,5.2300,130822
2015-12-24,5.8300,6.0500,5.4420,5.5700,173749
2015-12-18,5.9300,6.0000,5.4400,5.8100,170126
2015-12-11,5.9400,6.3700,5.5001,5.9600,270085
2015-12-04,5.6000,6.3000,5.4850,5.9700,343225
2015-11-27,5.3000,5.6900,5.1600,5.6300,257117
2015-11-20,5.0700,5.5403,4.7500,5.3000,621317
2015-11-13,5.8700,6.1500,5.0900,5.1000,367373
2015-11-06,6.5700,6.8300,5.8400,5.9200,824350
2015-10-30,8.6700,9.1100,6.2801,6.5700,999613
2015-10-23,8.6800,9.2700,8.4200,8.6700,405688
2015-10-16,9.4600,9.7500,8.2500,8.7100,298205
2015-10-09,9.2000,9.8900,9.1100,9.4400,122978
2015-10-02,8.7600,9.3100,8.2200,9.1100,277982
2015-09-25,10.1200,10.3200,8.8100,8.8600,298184
2015-09-18,10.3200,10.6600,9.9000,10.0100,366577
2015-09-11,10.0500,10.4600,9.9550,10.2800,310945
2015-09-04,10.0200,10.2500,9.7200,9.8200,264641
2015-08-28,10.0800,10.7100,9.6000,10.0200,318516
2015-08-21,11.2000,11.3100,10.7000,10.7600,284524
2015-08-14,11.0000,11.4800,10.8600,11.1900,435311
2015-08-07,9.8000,11.1200,9.8000,10.9900,482369
2015-07-31,9.8300,10.7200,9.6900,9.8100,620960
2015-07-24,11.2100,11.2100,9.9500,10.0100,327237
2015-07-17,10.4500,11.5000,10.2500,11.2000,391966
2015-07-10,10.1000,10.4300,9.6100,10.3900,358420
2015-07-02,10.4500,10.6600,10.0000,10.1500,389017
2015-06-26,11.2500,11.3200,10.5200,10.5800,2445510
2015-06-19,10.6300,11.3978,10.5100,11.1700,473247
2015-06-12,10.2600,10.9800,10.0000,10.7700,431061
2015-06-05,9.8100,10.3750,9.3600,10.3200,431664
2015-05-29,9.6800,9.7400,9.3500,9.7000,217351
2015-05-22,9.6200,10.2400,9.3800,9.7400,305001
2015-05-15,9.5900,9.7700,9.3800,9.6000,362961
2015-05-08,10.1500,10.2500,9.4500,9.5800,453257
2015-05-01,10.1700,10.3700,9.3300,10.1500,834576
2015-04-24,10.2300,10.3100,9.7800,10.1700,392126
2015-04-17,10.2500,10.8900,9.8950,10.0900,658633
2015-04-10,8.9000,10.7000,8.9000,10.2400,519695
2015-04-02,8.8300,9.2800,8.7600,9.0000,239417
2015-03-27,8.8900,9.2992,8.6900,8.8100,347063
2015-03-20,8.8700,8.9900,8.0500,8.9400,308797
2015-03-13,9.1000,9.1400,8.7200,8.7800,209148
2015-03-06,8.7500,9.3500,8.6800,9.0800,286112
2015-02-27,8.8500,9.3500,8.7000,8.8200,306616
2015-02-20,9.5900,9.6000,8.3400,9.0200,387771
2015-02-13,8.5700,9.6000,8.1800,9.2600,285988
2015-02-06,8.1400,8.8100,7.9300,8.5900,267718
2015-01-30,8.4700,8.7600,7.9200,8.0800,282418
2015-01-23,8.6200,8.7400,7.8800,8.5000,189144
2015-01-16,9.2300,9.4000,7.7700,8.6500,413340
2015-01-09,8.9500,9.2400,8.2200,8.9300,345681
2015-01-02,8.9800,9.3600,8.3700,9.0400,263449
2014-12-26,9.2100,9.4400,8.9200,8.9700,190830
2014-12-19,8.7600,9.3500,8.4000,9.2100,686009
2014-12-12,8.4100,8.8600,7.7420,8.7400,518634
2014-12-05,7.6500,8.4500,7.2600,8.4100,597512
2014-11-28,7.0300,7.9500,6.8400,7.6600,454636
2014-11-21,6.6800,7.1400,6.0000,6.9900,754907
2014-11-14,7.5100,7.8000,6.5800,6.7200,945738
2014-11-07,7.8600,8.1370,7.4000,7.5400,622773
2014-10-31,7.5400,8.5300,7.1400,7.8800,1151367
2014-10-24,8.2400,8.3150,7.5300,7.5300,294244
2014-10-17,7.2100,8.6800,7.1300,8.2800,445246
2014-10-10,8.2900,8.2900,7.0201,7.2200,532135
2014-10-03,8.6400,8.9400,7.8800,8.2900,388113
2014-09-26,8.1900,8.7900,7.6400,8.7300,596198
2014-09-19,8.7000,8.7900,8.1201,8.2200,458200
2014-09-12,9.1200,9.3600,8.6615,8.6900,280700
2014-09-05,9.7200,9.8900,9.0000,9.1800,322700
2014-08-29,9.5200,9.8800,9.3380,9.6500,457300
2014-08-22,8.7300,9.6000,8.5960,9.5000,494000
2014-08-15,9.1500,9.5440,8.3900,8.6500,880200
2014-08-08,8.2800,9.2200,8.0800,9.1500,693500
2014-08-01,8.3400,8.6800,7.4200,8.2700,1091200
2014-07-25,8.9500,9.3400,8.7900,8.8700,586800
2014-07-18,8.8800,9.3620,8.8500,9.0000,745100
2014-07-11,10.1100,10.2000,8.7500,8.9100,939700
2014-07-03,10.6900,10.7800,9.9100,10.1800,808800
2014-06-27,11.2100,11.3100,10.5000,10.5800,2371000
2014-06-20,10.6600,11.5600,10.6025,11.2700,756000
2014-06-13,11.1300,11.4900,10.2000,10.6400,690300
2014-06-06,11.8000,11.8000,10.3250,11.1800,839800
2014-05-30,10.6400,11.8500,10.6000,11.7800,784400
2014-05-23,10.7500,10.9200,9.7700,10.5400,1031600
2014-05-16,12.5900,12.5900,10.3600,10.8000,1985800
2014-05-09,14.5000,14.9900,12.3814,13.1300,377900
2014-05-02,15.2600,16.0000,13.4300,14.6000,581500
2014-04-25,15.8300,16.9900,15.1200,15.3700,241400
2014-04-17,14.8100,15.9500,13.5504,15.8400,372800
2014-04-11,16.0200,16.3890,14.7501,14.9500,301700
2014-04-04,15.8500,18.4100,15.7600,16.1300,675000
2014-03-28,15.7500,15.9700,14.9800,15.7200,265400
2014-03-21,15.5900,16.0900,14.5600,15.7100,481400
2014-03-14,16.0800,16.8000,15.3200,15.5900,485200
2014-03-07,15.0300,16.2317,14.9800,16.0000,448400
2014-02-28,14.7500,15.5900,14.2000,15.0000,576500
2014-02-21,13.5000,14.7500,12.8900,14.6300,521100
2014-02-14,13.8100,13.8100,13.3100,13.4700,194100
2014-02-07,13.6900,13.8800,13.1400,13.6400,369900
2014-01-31,13.5100,13.9500,12.8100,13.8200,297400
2014-01-24,14.0800,14.4800,13.5300,13.6200,168700
2014-01-17,13.0100,14.3900,13.0100,14.0800,479100
2014-01-10,13.2800,13.5870,12.5800,12.6400,301500
2014-01-03,12.1100,13.5700,12.1000,13.1800,210800
2013-12-27,11.8600,12.3298,11.2600,12.0900,146600
2013-12-20,11.4300,12.0200,11.2500,11.8500,291000
2013-12-13,12.6900,12.9500,11.2900,11.4400,445400
2013-12-06,12.9800,13.5100,12.2500,12.6500,367100
2013-11-29,12.0400,13.1900,11.8760,12.9800,184700
2013-11-22,12.3300,12.6800,11.7150,12.0400,266600
2013-11-15,12.8100,13.0150,12.0200,12.4000,316800
2013-11-08,12.2800,13.1000,12.0175,12.7000,431800
2013-11-01,10.6900,13.8500,10.6900,12.1900,1053600
2013-10-25,9.6000,11.2500,9.6000,10.6900,264100
2013-10-18,10.0700,11.1100,9.4600,10.2500,173500
2013-10-11,11.0100,11.0100,9.1500,10.1300,241100
2013-10-04,11.4000,11.4400,10.6950,11.1400,216500
2013-09-27,11.4900,11.8900,10.7200,11.4600,240900
2013-09-20,11.5600,11.9300,11.2400,11.5300,197700
2013-09-13,11.6800,11.8600,11.4000,11.5000,363000
2013-09-06,10.7000,11.9900,10.1600,11.5900,633600
2013-08-30,11.4400,11.5000,10.3500,10.7000,487400
2013-08-23,11.1200,12.0500,10.6500,11.5600,619800
2013-08-16,10.9500,11.5900,10.5200,11.1200,540400
2013-08-09,10.0600,11.2300,10.0600,10.9300,636200
2013-08-02,7.7101,10.1300,7.6500,9.8700,881700
2013-07-26,7.7200,8.3000,7.4304,7.8200,194600
2013-07-19,8.2800,8.2900,7.5132,7.7600,110600
2013-07-12,8.4000,8.5600,7.9800,8.3000,155600
2013-07-05,8.4000,8.7099,8.3500,8.6000,141200
2013-06-28,8.3800,8.7000,7.9100,8.3000,260300
2013-06-21,8.3400,8.8800,7.6010,8.1900,241800
2013-06-14,8.6900,9.3799,7.6700,8.1100,468600
2013-06-07,7.6000,8.6900,7.4000,8.6000,393900
2013-05-31,7.6800,7.9500,7.1100,7.5200,156200
2013-05-24,7.4700,8.0500,6.8300,7.5000,351200
2013-05-17,7.2700,7.8600,6.8200,7.3600,386800
2013-05-10,7.3500,7.5200,6.5600,7.1000,242800
2013-05-03,6.1100,7.7050,5.8300,7.3500,225500
2013-04-26,5.7800,6.1500,5.5110,6.0500,125100
2013-04-19,5.7000,5.8699,5.5000,5.8000,34100
2013-04-12,5.7500,5.8900,5.4800,5.7999,27300
2013-04-05,5.6800,5.8900,5.3000,5.8300,89200
2013-03-28,5.4300,5.7900,4.9900,5.6000,131500
2013-03-22,5.7600,5.9300,5.3500,5.4300,67700
2013-03-15,5.1700,5.7900,5.0800,5.6800,136200
2013-03-08,4.3700,5.4599,4.3700,5.2500,331700
2013-03-01,4.3800,4.4200,4.0800,4.3500,75300
2013-02-22,4.2300,4.5900,4.0616,4.4200,38300
2013-02-15,4.0601,4.2700,4.0500,4.1600,25300
2013-02-08,4.3000,4.3900,4.0658,4.1800,46400
2013-02-01,4.1800,4.2700,4.0500,4.2700,44100
2013-01-25,4.0000,4.2100,3.8960,4.2096,82700
2013-01-18,3.7600,4.1000,3.7600,4.0400,59800
2013-01-11,3.5799,3.8300,3.4000,3.8300,70600
2013-01-04,3.2400,3.5490,3.2400,3.5490,45500
2012-12-28,3.2100,3.3000,3.1900,3.2200,28100
2012-12-21,3.2000,3.3800,3.0601,3.2100,59800
2012-12-14,3.0400,3.3500,3.0000,3.2300,37100
2012-12-07,3.2400,3.4200,2.9500,3.0900,97900
2012-11-30,3.4000,3.4400,2.9800,3.1500,86200
2012-11-23,3.4600,3.5000,3.3700,3.5000,6700
2012-11-16,3.6300,3.8200,3.3000,3.4100,24500
2012-11-09,4.0700,4.1900,3.4000,3.6300,53600
2012-11-02,4.0000,4.2500,3.7000,4.0200,46600
2012-10-26,4.2500,4.3800,3.7380,4.0000,49200
2012-10-19,3.4800,4.3200,3.3000,4.1700,118800
2012-10-12,3.6800,3.6800,3.4200,3.4200,5900
2012-10-05,3.5300,3.7000,3.4100,3.6900,10500
2012-09-28,3.4000,3.7900,3.3900,3.4700,41300
2012-09-21,3.5600,3.7900,3.3817,3.4600,10900
2012-09-14,3.3200,3.7000,3.1400,3.4900,24900
2012-09-07,3.4500,3.6100,3.1000,3.5300,23500
2012-08-31,3.1500,3.4300,3.1500,3.4200,15800
2012-08-24,3.2500,3.3000,3.0200,3.1000,23500
2012-08-17,3.2100,3.3600,3.1200,3.2500,27900
2012-08-10,3.3200,3.4900,3.2200,3.2200,11900
2012-08-03,3.5400,3.6100,3.2000,3.4000,60700
2012-07-27,3.5000,3.7500,3.5000,3.6100,31400
2012-07-20,3.6400,3.7700,3.4899,3.7000,31000
2012-07-13,3.6100,3.9000,3.5100,3.8000,59800
2012-07-06,3.3400,3.8900,3.3400,3.8900,24700
2012-06-29,3.5600,3.8500,3.4900,3.8000,19500
2012-06-22,3.5600,3.7199,3.4000,3.6000,23100
2012-06-15,3.4500,3.6899,3.3500,3.5800,33000
2012-06-08,3.4500,3.5200,3.2000,3.4800,50000
2012-06-01,3.7000,3.7300,3.4100,3.4300,21100
2012-05-25,3.7900,4.2500,3.6600,3.7500,36800
2012-05-18,3.7500,3.8500,3.4701,3.7508,67900
2012-05-11,4.0000,4.2500,3.4000,3.8400,27600
2012-05-04,3.8300,4.2000,3.8100,3.8284,30900
2012-04-27,3.9100,4.2500,3.7100,3.8200,68400
2012-04-20,4.0400,4.1400,3.8700,3.9600,20200
2012-04-13,4.0000,4.2100,3.9000,4.0400,23400
2012-04-05,3.9000,4.1500,3.9000,4.1000,32700
2012-03-30,4.0000,4.0000,3.7501,3.9910,31000
2012-03-23,4.0684,4.1900,3.9900,3.9900,10000
2012-03-16,4.0600,4.3700,3.9500,4.0500,54500
2012-03-09,4.1200,4.3700,3.6200,4.0500,75000
2012-03-02,4.4500,4.6000,4.1600,4.2100,24200
2012-02-24,4.5400,4.6800,4.1800,4.5300,89100
2012-02-17,4.2800,4.7890,4.1600,4.4800,98300
2012-02-10,3.8000,4.3400,3.7800,4.2400,72700
2012-02-03,3.3900,3.8500,3.3600,3.8500,29100
2012-01-27,3.3500,3.4200,3.2500,3.4200,28600
2012-01-20,3.2500,3.4200,3.2208,3.2500,38400
2012-01-13,3.1300,3.4200,2.8300,3.2200,48100
2012-01-06,2.9500,3.1200,2.9500,3.1200,28900
2011-12-30,2.9300,2.9500,2.8000,2.9400,31100
2011-12-23,2.8200,2.9900,2.7600,2.9140,19600
2011-12-16,3.1200,3.1200,2.7700,2.8200,39900
2011-12-09,2.9700,3.1500,2.8200,3.1500,54900
2011-12-02,2.8200,3.1000,2.8200,3.0000,51600
2011-11-25,2.9000,2.9799,2.8000,2.8800,13500
2011-11-18,3.1900,3.3200,2.9000,2.9300,31700
2011-11-11,3.0008,3.2000,2.9200,3.1501,95300
2011-11-04,3.0500,3.1400,3.0000,3.0499,38500
2011-10-28,3.5100,3.5100,2.9900,3.0500,43100
2011-10-21,2.9700,3.4200,2.9000,3.4000,24100
2011-10-14,3.0800,3.1140,2.8500,2.9636,18200
2011-10-07,3.0100,3.1700,2.8500,3.0560,14000
2011-09-30,3.2300,3.2500,3.0100,3.0100,20200
2011-09-23,3.3600,3.5399,3.2000,3.2000,14700
2011-09-16,3.2300,3.4900,3.2100,3.3700,13500
2011-09-09,3.6400,3.6845,3.3500,3.3500,10600
2011-09-02,3.4500,3.9900,3.4300,3.8900,47700
2011-08-26,3.6200,3.6299,3.3800,3.4400,15200
2011-08-19,3.8600,3.9394,3.4800,3.5800,32800
2011-08-12,4.1500,4.2000,3.8400,3.8500,52200
2011-08-05,4.3200,4.3300,4.0300,4.3300,50300
2011-07-29,4.4100,4.4100,4.2000,4.3128,56700
2011-07-22,4.3100,4.4699,4.2700,4.3410,35600
2011-07-15,4.3050,4.3600,4.2200,4.2800,25800
2011-07-08,4.2500,4.3500,4.2000,4.3050,14200
2011-07-01,4.3900,4.4000,4.2600,4.2600,13000
2011-06-24,4.3200,4.4100,4.2100,4.4100,38000
2011-06-17,4.4200,4.4200,4.1400,4.3600,74300
2011-06-10,4.2000,4.4500,4.1500,4.4400,44800
2011-06-03,4.2500,4.3500,4.1500,4.2500,38500
2011-05-27,4.2000,4.3800,4.1500,4.3000,50800
2011-05-20,4.6400,4.8000,4.1800,4.1999,87500
2011-05-13,4.3600,4.7700,4.3500,4.5500,74400
2011-05-06,4.3000,4.4200,4.1900,4.4000,42100
2011-04-29,4.4401,4.5000,4.1700,4.2400,29900
2011-04-21,4.4000,4.7200,4.3200,4.5100,19600
2011-04-15,4.4000,4.6700,4.2500,4.4900,66000
2011-04-08,4.7232,4.8000,4.4000,4.4000,51300
2011-04-01,4.4800,4.7800,4.3124,4.7800,37200
2011-03-25,4.2500,4.5000,4.0000,4.4800,56700
2011-03-18,4.6000,4.6000,4.2000,4.3100,64800
2011-03-11,4.5100,5.0000,4.3900,4.5300,114800
2011-03-04,4.7800,4.9400,4.5600,4.5600,70400
2011-02-25,4.6200,4.8900,4.4200,4.7440,33200
2011-02-18,4.7251,4.8700,4.3178,4.6600,50600
2011-02-11,4.7000,4.8900,4.3300,4.6500,27800
2011-02-04,4.5000,4.6600,4.2801,4.6450,55500
2011-01-28,4.2100,4.5000,4.2000,4.5000,42000
2011-01-21,4.4000,4.4192,3.9000,4.2100,51200
2011-01-14,3.9000,4.5000,3.7900,4.3000,192900
2011-01-07,3.6900,3.9500,3.4500,3.7400,41600
2010-12-31,3.4100,3.7500,3.2000,3.7200,43300
2010-12-23,3.4400,3.7500,3.3400,3.5600,18200
2010-12-17,3.6200,3.6200,3.2300,3.4400,16900
2010-12-10,3.3000,3.5900,3.2000,3.5900,24800
2010-12-03,3.4100,3.4999,3.1400,3.3000,20600
2010-11-26,3.3900,3.5800,2.9100,3.4860,38900
2010-11-19,3.4650,3.6600,3.2900,3.4100,27700
2010-11-12,3.6100,3.7500,3.3000,3.5800,7000
2010-11-05,3.6700,3.7500,3.4801,3.4801,11700
2010-10-29,3.7000,3.9500,3.5700,3.6300,30100
2010-10-22,2.9400,3.7500,2.9400,3.6300,69800
2010-10-15,2.9000,3.1900,2.8200,2.9400,88400
2010-10-08,3.0200,3.1900,2.8000,2.9300,77400
2010-10-01,3.1000,3.1350,2.8100,3.0100,38000
2010-09-24,3.1600,3.2500,2.9900,3.1200,49000
2010-09-17,3.0900,3.3500,3.0000,3.1600,44100
2010-09-10,3.3900,3.5800,3.1400,3.1400,27000
2010-09-03,3.1800,3.5700,3.1500,3.4400,77300
2010-08-27,3.5000,3.5000,3.1400,3.2100,33200
2010-08-20,3.4600,3.7900,3.3000,3.5000,88500
2010-08-13,3.7000,3.7000,3.3400,3.3500,41100
2010-08-06,3.3600,3.9900,3.2800,3.6600,129700
2010-07-30,3.5000,3.8800,3.2400,3.2900,118300
2010-07-23,3.7000,3.8500,3.4300,3.5000,23100
2010-07-16,3.9000,4.0100,3.5600,3.7000,106100
2010-07-09,3.4300,3.9900,3.3500,3.8600,166500
2010-07-02,4.1300,4.1900,3.2900,3.4800,221100
2010-06-25,4.6400,4.9700,3.8600,4.0700,118400
2010-06-18,4.6400,4.7200,4.2700,4.7000,70900
2010-06-11,4.3800,4.8000,3.9900,4.4000,125000
2010-06-04,4.1500,4.5300,3.8550,4.2900,55900
2010-05-28,4.1600,4.4200,3.5101,4.2000,201000
2010-05-21,4.8100,4.8700,4.1180,4.2200,75700
2010-05-14,5.1200,5.1200,4.7000,4.7500,48200
2010-05-07,5.0300,5.2000,4.4500,5.1000,74000
2010-04-30,5.1500,5.2000,4.4500,4.9000,161900
2010-04-23,4.8400,5.1500,4.7800,5.1500,102500
2010-04-16,4.7400,5.0000,4.6800,4.7900,65500
2010-04-09,4.7900,4.9600,4.7300,4.8000,92400
2010-04-01,4.3200,4.9500,4.3140,4.7700,125600
2010-03-26,4.0800,4.5900,3.8600,4.3800,178600
2010-03-19,3.7100,4.2500,3.6001,4.0500,171600
2010-03-12,2.8500,4.3500,2.8499,3.7800,167800
2010-03-05,2.6400,3.0000,2.5200,2.8000,156100
2010-02-26,2.3200,2.7500,2.2200,2.6000,74700
2010-02-19,2.3800,2.5000,2.2600,2.3600,46900
2010-02-12,2.3600,2.6000,2.2100,2.4100,65000
2010-02-05,2.3700,2.6500,2.3600,2.4000,140000
2010-01-29,2.4500,2.5200,2.3500,2.3600,26300
2010-01-22,2.4000,2.6500,2.3900,2.4500,42900
2010-01-15,2.5600,2.7800,2.4000,2.4000,77500
2010-01-08,2.6900,2.7500,2.4400,2.5300,67500
2009-12-31,2.5499,2.8900,2.4056,2.7100,48300
2009-12-24,2.3900,2.7600,2.3900,2.4500,58000
2009-12-18,2.4500,2.5100,2.3800,2.3800,15700
2009-12-11,2.6900,2.9000,2.3500,2.5700,74500
2009-12-04,2.4800,3.0000,2.3900,2.5100,75300
2009-11-27,2.5200,2.7300,2.3100,2.4600,35000
2009-11-20,2.6301,3.1000,2.3700,2.5800,43200
2009-11-13,2.7900,3.0900,2.6200,2.6320,12100
2009-11-06,2.8200,3.0000,2.7900,2.8560,12200
2009-10-30,3.0985,3.3800,2.6040,2.7500,52100
2009-10-23,3.3300,3.4100,3.0300,3.2320,43700
2009-10-16,3.0700,3.3800,2.9000,3.3300,38800
2009-10-09,2.9900,3.2000,2.8500,2.9700,21200
2009-10-02,3.0600,3.3900,2.9500,2.9600,20800
2009-09-25,3.1700,3.3400,3.0100,3.0100,26200
2009-09-18,3.2000,3.3900,2.9400,3.1700,28700
2009-09-11,3.0100,3.0700,2.9600,2.9610,10300
2009-09-04,3.1000,3.1000,2.9300,3.0400,16400
2009-08-28,3.1000,3.5000,3.0000,3.0036,55100
2009-08-21,3.1300,3.3800,2.9500,3.1000,25800
2009-08-14,3.0100,3.5000,2.3800,3.1300,76400
2009-08-07,3.1000,3.4500,2.7800,3.0900,80300
2009-07-31,2.9999,3.1500,2.6500,3.1400,51500
2009-07-24,2.8700,3.0000,2.4200,3.0000,41500
2009-07-17,2.4600,2.9900,2.2500,2.8300,141400
2009-07-10,2.5800,2.9000,2.2500,2.6500,56700
2009-07-02,2.9200,2.9200,2.6200,2.6200,42200
2009-06-26,3.4900,3.5900,2.7500,2.8900,43900
2009-06-19,3.1000,3.5000,3.0100,3.5000,48200
2009-06-12,3.0100,3.1700,2.8500,3.0500,40000
2009-06-05,2.8900,3.0900,2.7500,2.9700,81300
2009-05-29,2.7900,2.9980,2.7900,2.9400,67700
2009-05-22,2.8300,3.0500,2.7500,2.8100,97600
2009-05-15,3.2700,3.5500,2.7300,2.8300,141600
2009-05-08,2.4100,4.0700,2.4100,3.3900,317900
2009-05-01,2.3700,2.5000,1.8000,2.3800,103200
2009-04-24,2.0100,2.4900,1.1600,2.3500,141200
2009-04-17,1.9000,2.4000,1.7000,1.9900,181600
2009-04-09,1.5100,1.9000,1.3300,1.9000,59700
2009-04-03,1.0700,1.4500,1.0300,1.4500,61900
2009-03-27,1.0100,1.1600,0.9700,1.0599,993400
2009-03-20,1.1400,1.1700,0.8100,0.9700,143700
2009-03-13,0.9100,1.2600,0.7500,0.9500,108800
2009-03-06,1.3600,1.3600,0.8400,0.9500,391400
2009-02-27,1.1000,1.5000,1.0900,1.3600,150800
2009-02-20,1.0700,2.0000,1.0000,1.1000,142600
2009-02-13,1.5000,1.7196,1.2300,1.2900,44900
2009-02-06,1.5500,1.6000,1.5000,1.5000,17200
2009-01-30,1.7000,1.8800,1.5000,1.5500,34700
2009-01-23,1.8200,1.8400,1.5000,1.7000,43100
2009-01-16,2.1200,2.1200,1.7500,1.7600,57500
2009-01-09,1.6000,2.1000,1.6000,2.0600,100500
2009-01-02,1.5800,1.7500,1.4500,1.5501,407400
2008-12-26,1.6400,1.7700,1.5000,1.5399,534400
2008-12-19,2.1600,2.2900,1.5700,1.6400,463700
2008-12-12,2.6800,2.7400,2.0500,2.2400,60000
2008-12-05,3.0200,3.0800,2.7800,2.7800,132200
2008-11-28,2.9900,3.7500,2.8500,3.0200,19900
2008-11-21,3.4700,3.4700,2.8000,3.1500,109700
2008-11-14,4.1300,4.2500,3.4200,3.6900,78300
2008-11-07,4.0900,4.2900,3.8500,4.1500,36900
2008-10-31,5.2600,5.4700,3.8300,4.1000,116900
2008-10-24,7.1200,7.2000,5.2900,5.3100,33400
2008-10-17,6.1100,7.4200,5.0800,6.9200,209700
2008-10-10,7.7700,8.8300,3.3500,6.1400,226400
2008-10-03,7.2200,8.1000,6.8700,7.9900,46600
2008-09-26,8.0100,8.4900,7.6000,8.0000,83400
2008-09-19,7.3600,8.1400,6.7500,8.1000,39200
2008-09-12,7.0300,8.0800,7.0000,7.5500,39200
2008-09-05,7.7800,8.0999,7.0200,7.0300,43700
2008-08-29,7.8800,8.1900,7.3500,7.6100,27300
2008-08-22,7.2301,8.0000,7.0601,7.5900,40500
2008-08-15,6.3400,8.0200,6.0001,7.2400,62000
2008-08-08,5.1400,6.4300,4.7300,6.0000,66400
2008-08-01,5.9500,6.0000,4.9400,5.2500,132500
2008-07-25,5.7600,6.2200,5.0500,6.2200,73700
2008-07-18,6.0000,6.3800,4.9000,5.8400,90800
2008-07-11,5.8400,6.3000,4.6100,5.5000,119300
2008-07-03,6.9200,7.0800,5.8100,6.0300,48600
2008-06-27,6.9400,7.1400,6.2900,7.0000,134700
2008-06-20,6.9100,7.5100,6.5000,7.0200,55600
2008-06-13,6.8000,7.6200,6.4100,7.1900,60300
2008-06-06,6.7600,7.3300,6.5100,6.9800,42700
2008-05-30,7.3200,7.3200,6.5200,7.2600,30800
2008-05-23,7.2000,7.3500,6.8200,7.1100,55600
2008-05-16,7.2200,7.8100,7.0500,7.2200,55500
2008-05-09,6.8800,8.0400,6.6300,7.1900,62600
2008-05-02,7.0500,8.5000,6.6800,7.0000,62800
2008-04-25,7.3000,7.4200,6.8700,6.9300,49100
2008-04-18,7.8000,8.1000,7.1700,7.2575,40500
2008-04-11,7.8420,8.3000,7.6300,7.9900,34800
2008-04-04,7.7200,8.3900,7.6200,8.1600,46400
2008-03-28,8.2900,8.5000,7.7500,7.9600,59500
2008-03-20,8.4800,8.5000,8.2600,8.3200,23500
2008-03-14,8.5400,8.6500,8.2800,8.4100,63200
2008-03-07,8.8100,9.0000,8.2501,8.4500,55800
2008-02-29,8.3400,8.9500,8.2500,8.8100,55500
2008-02-22,8.5000,8.5000,7.9900,8.4500,31800
2008-02-15,8.6200,8.8500,7.9100,8.5100,41100
2008-02-08,8.4100,9.0100,8.2500,8.5300,52000
2008-02-01,7.8000,8.5300,7.7300,8.4700,61100
2008-01-25,8.2500,8.2500,7.6100,7.9000,49100
2008-01-18,7.6700,8.1800,7.6100,8.1300,29700
2008-01-11,8.0200,9.5500,7.6100,7.6200,82200
2008-01-04,7.8850,8.6000,7.4300,8.2000,74800
2007-12-28,8.4700,9.0200,7.9700,7.9700,68000
2007-12-21,9.0100,9.0600,8.0900,8.5900,117100
2007-12-14,8.8800,9.0600,8.6400,8.9500,55000
2007-12-07,8.8100,9.5600,8.6900,8.9300,57600
2007-11-30,9.6300,10.3200,8.6300,9.0000,146800
2007-11-23,9.8400,9.9900,9.7300,9.7500,26200
2007-11-16,8.9600,10.0000,8.6800,9.7100,88100
2007-11-09,9.1400,9.6000,8.5000,9.0000,89700
2007-11-02,9.5400,10.0400,8.9000,9.2700,78400
2007-10-26,9.9500,10.6000,9.4600,9.6100,91600
2007-10-19,9.4600,10.6800,9.4300,10.0000,64600
2007-10-12,9.9000,9.9020,9.2680,9.4600,135600
2007-10-05,9.6200,10.0740,9.3500,10.0000,46300
2007-09-28,9.4900,10.1300,9.0100,9.5000,53200
2007-09-21,9.7100,10.7700,9.2100,10.0000,110500
2007-09-14,10.2100,10.3800,9.3100,9.7100,37600
2007-09-07,10.1800,10.4200,10.0300,10.4200,37900
2007-08-31,10.2600,10.3800,10.1600,10.1700,71900
2007-08-24,10.6700,10.6700,10.0000,10.2700,81900
2007-08-17,11.2000,11.8700,10.3100,10.8900,128200
2007-08-10,10.9600,12.3100,10.6595,11.1200,71100
2007-08-03,10.1600,11.5000,10.1300,11.0100,61200
2007-07-27,12.2500,12.7400,9.6300,10.0100,129000
2007-07-20,13.0000,13.2200,12.3300,12.3300,157800
2007-07-13,13.1100,13.1100,12.8600,13.0300,41400
2007-07-06,12.6000,13.2000,12.5000,12.9700,73500
2007-06-29,12.6200,12.7400,12.3300,12.5000,24300
2007-06-22,13.5600,13.6100,12.5000,12.5000,55500
2007-06-15,13.2000,13.8600,13.1000,13.6900,33700
2007-06-08,12.6700,13.8400,12.5975,13.2199,42200
2007-06-01,12.3400,12.7500,12.3100,12.6200,58300
2007-05-25,11.6200,13.1100,11.4500,12.3900,166900
2007-05-18,12.0100,12.0100,11.5800,11.5800,47200
2007-05-11,11.9700,12.2300,11.8900,12.0100,51900
2007-05-04,12.0400,12.4300,11.8500,12.0700,100800
2007-04-27,12.5900,13.1500,12.5100,12.8000,59500
2007-04-20,12.2500,12.5600,12.0000,12.2000,42900
2007-04-13,12.1700,12.3700,11.9400,12.2000,21800
2007-04-05,12.0000,12.3500,11.9500,12.2500,43000
2007-03-30,12.2900,12.3300,11.9300,12.0200,53600
2007-03-23,12.3000,12.6200,12.2200,12.2900,67300
2007-03-16,13.6300,13.8300,12.2000,12.2800,93300
2007-03-09,12.8900,13.5300,12.5600,13.5300,66400
2007-03-02,13.7500,13.9416,12.8800,12.8800,75700
2007-02-23,13.8000,13.8800,13.7500,13.8200,34600
2007-02-16,13.7600,14.0000,13.6400,13.8700,28900
2007-02-09,13.3900,13.9900,13.1500,13.7600,45400
2007-02-02,12.5400,13.4200,11.8800,13.2600,163300
2007-01-26,12.6300,12.7000,12.4500,12.4500,394600
2007-01-19,12.4900,12.9300,12.4900,12.5900,41900
2007-01-12,12.6000,12.8300,12.5200,12.6300,69700
2007-01-05,12.8500,13.0000,12.5000,12.6300,64400
2006-12-29,12.9450,12.9450,12.4800,12.6400,92800
2006-12-22,13.9400,13.9700,12.5900,12.6600,61500
2006-12-15,14.3900,14.4800,13.7300,13.8400,43900
2006-12-08,13.9800,14.7500,13.8500,14.3000,42400
2006-12-01,12.8200,14.0000,12.5800,13.9500,30400
2006-11-24,12.7300,12.9500,12.5700,12.8600,25500
2006-11-17,11.8901,12.9600,11.8901,12.9100,133000
2006-11-10,12.9600,13.0900,11.8000,12.0100,150700
2006-11-03,13.7300,13.7300,13.0000,13.0000,129800
2006-10-27,13.8800,13.8800,13.3700,13.6600,192200
2006-10-20,14.7100,14.7600,13.7401,13.8500,79700
2006-10-13,14.7500,14.8200,14.5100,14.7700,111100
2006-10-06,14.9200,14.9200,14.6700,14.7300,106700
2006-09-29,15.4800,15.5000,14.8000,14.9200,164500
2006-09-22,15.3000,15.5500,15.3000,15.5000,90800
2006-09-15,14.9800,15.3200,14.8100,15.3200,173600
2006-09-08,14.5000,15.0000,14.4700,14.9900,95100
2006-09-01,13.9900,14.4900,13.8400,14.4300,142000
2006-08-25,13.5700,14.1000,13.4500,13.9400,93600
2006-08-18,13.0900,13.7400,12.7600,13.7400,55000
2006-08-11,13.3100,13.3100,12.5900,13.0000,166900
2006-08-04,11.3600,13.6000,11.3001,13.2900,294000
2006-07-28,11.1100,11.4500,11.0300,11.4500,189600
2006-07-21,11.6900,11.6900,10.7500,11.0600,279700
2006-07-14,12.5900,12.5900,11.5200,11.6600,94400
2006-07-07,13.2500,13.2500,12.4300,12.5000,167500
2006-06-30,11.9100,13.2900,11.4400,13.2900,1388900
2006-06-23,12.4150,12.4600,11.7000,11.8400,293600
2006-06-16,13.1300,13.4100,12.3500,12.3800,344200
2006-06-09,13.6800,13.7500,13.0700,13.1600,328400
2006-06-02,13.8300,13.9400,13.4500,13.8100,173100
2006-05-26,13.5000,14.1000,13.4300,13.9700,217200
2006-05-19,13.8200,14.1000,13.4800,13.5200,179700
2006-05-12,14.2500,14.2500,13.8100,13.9900,190300
2006-05-05,14.7600,14.8200,13.7600,14.3600,110700
2006-04-28,14.9000,14.9000,14.3800,14.6200,132300
2006-04-21,14.0200,15.2600,13.9500,15.0000,161200
2006-04-13,14.0000,14.2600,13.9500,14.0700,93800
2006-04-07,14.3300,14.6700,14.0000,14.1200,117200
2006-03-31,14.8700,14.9700,14.0000,14.9600,123000
2006-03-24,14.6800,15.5700,14.4700,14.9500,101500
2006-03-17,14.8700,15.3000,14.1000,14.8500,230100
2006-03-10,15.4100,15.4100,14.4500,14.9200,69200
2006-03-03,15.8500,16.5500,15.4800,15.5400,117400
2006-02-24,15.5500,16.0300,14.8000,15.8600,75700
2006-02-17,14.1700,16.0000,14.1700,15.5380,104400
2006-02-10,13.9400,14.4400,13.7600,14.3600,199300
2006-02-03,13.3500,13.5800,12.8500,12.9500,148300
2006-01-27,13.6600,13.9400,13.2800,13.4500,149500
2006-01-20,13.7400,13.9900,13.1100,13.4800,81400
2006-01-13,13.6900,14.0000,13.2000,13.6700,102300
2006-01-06,13.9000,13.9000,12.6200,13.6400,140300
2005-12-30,13.5800,14.0700,13.5300,13.7800,96300
2005-12-23,13.8200,13.9100,12.7600,13.5500,165100
2005-12-16,13.8600,14.0400,13.6000,13.9500,272200
2005-12-09,13.8400,14.0600,13.5000,14.0200,163600
2005-12-02,14.0000,14.0800,13.5900,13.9400,225600
2005-11-25,13.5300,14.0800,13.5300,13.9000,123900
2005-11-18,13.7600,14.0800,13.3465,13.6300,209900
2005-11-11,13.8700,14.0900,13.4100,13.7700,262200
2005-11-04,13.5500,13.8800,13.4700,13.8600,358000
2005-10-28,16.2300,16.6900,13.3700,13.5200,409000
2005-10-21,15.4100,16.4600,15.0200,16.1800,170300
2005-10-14,15.2500,15.8300,15.1100,15.5400,235800
2005-10-07,15.9300,16.5000,15.1500,15.4700,355400
2005-09-30,16.5300,16.8300,15.5500,15.9400,539900
2005-09-23,17.0500,17.2000,16.0700,16.5700,198400
2005-09-16,16.5000,17.1500,16.0300,17.0900,279600
2005-09-09,17.5900,17.6300,16.6500,16.7600,245500
2005-09-02,16.4100,17.5000,16.0700,17.4800,217500
2005-08-26,16.4500,17.1700,16.0200,16.5200,275800
2005-08-19,16.6800,16.7900,15.7000,16.5300,215400
2005-08-12,16.9000,17.7100,16.6300,16.7000,362600
2005-08-05,16.8100,17.3200,16.2400,16.9000,1494000
2005-07-29,18.3900,18.4100,17.5000,18.1100,174500
2005-07-22,18.1500,18.6300,17.5000,18.4200,158400
2005-07-15,17.4400,18.6000,16.9700,18.3000,377000
2005-07-08,17.5100,17.7000,17.2600,17.5500,173600
2005-07-01,17.4200,18.0000,17.0101,17.4700,258300
2005-06-24,16.9000,17.7700,16.8000,17.4300,726500
2005-06-17,16.2500,17.5000,16.0700,17.2400,315900
2005-06-10,15.2500,16.5000,15.1000,16.0700,259600
2005-06-03,14.8400,15.5000,14.5600,15.1500,319100
2005-05-27,15.7100,15.7100,15.0000,15.1200,230700
2005-05-20,15.0700,15.9400,14.8000,15.7500,231200
2005-05-13,15.3500,15.5800,14.8500,15.2700,144800
2005-05-06,14.9300,15.8600,14.9000,15.5100,252000
2005-04-29,16.4500,16.6600,14.2500,15.0000,320400
2005-04-22,16.1200,17.1200,15.9500,16.4800,517900
2005-04-15,16.4000,16.7900,15.4100,16.1100,268500
2005-04-08,15.7700,16.5000,15.3500,16.2800,309300
2005-04-01,18.0500,18.1500,15.4700,16.0000,758800
2005-03-24,18.5700,18.8100,17.6200,17.7600,199600
2005-03-18,19.0000,19.2200,17.5100,18.2600,283600
2005-03-11,19.0800,19.7100,18.6500,18.8100,280800
2005-03-04,18.0000,19.1790,17.9000,19.0000,491800
2005-02-25,17.9200,18.5000,16.6900,17.9900,281700
2005-02-18,18.0500,18.5600,17.7000,17.9800,121100
2005-02-11,17.8600,18.7000,17.3400,17.7600,109600
2005-02-04,17.9900,18.3900,17.3900,17.8500,175700
2005-01-28,17.9000,18.0900,17.5000,17.9400,89100
2005-01-21,17.0900,18.1400,16.8910,17.8800,267600
2005-01-14,17.2500,17.3100,16.6300,17.3000,231900
2005-01-07,16.7500,17.9400,16.7500,17.2400,371400
2004-12-31,16.7000,16.9300,16.2100,16.8400,78900
2004-12-23,16.1000,16.7000,16.0800,16.5000,62800
2004-12-17,15.7200,17.0000,15.3100,16.7000,159900
2004-12-10,15.8600,16.1200,15.0500,15.6200,237400
2004-12-03,15.3000,17.0000,15.1500,16.0800,308800
2004-11-26,15.0000,15.2900,14.7800,15.2600,74800
2004-11-19,13.9800,15.1200,13.5100,14.8700,381100
2004-11-12,13.8100,14.0000,13.1500,13.9500,167400
2004-11-05,12.6900,14.0000,12.3600,13.8100,257100
2004-10-29,12.8100,13.4600,11.9500,12.9300,224400
2004-10-22,11.4500,12.5200,11.3900,12.2700,117400
2004-10-15,11.0700,11.9400,10.9100,11.6900,94300
2004-10-08,11.1600,12.1300,11.0100,11.8110,184500
2004-10-01,11.4200,11.8500,11.0000,11.2600,158000
2004-09-24,10.3300,11.9700,10.2810,11.4500,142300
2004-09-17,10.7600,10.8900,10.0300,10.4600,92700
2004-09-10,10.9100,11.4800,10.5300,10.8900,36700
2004-09-03,10.7000,11.4000,10.7000,11.2900,181300
2004-08-27,10.7900,11.4000,10.3900,10.7400,272100
2004-08-20,11.4800,11.7500,10.4100,11.0500,141600
2004-08-13,11.3500,11.9400,11.0000,11.7700,60200
2004-08-06,11.8900,12.0900,11.2800,11.4100,82700
2004-07-30,11.0200,11.9100,10.4800,11.8900,108000
2004-07-23,11.9900,12.0500,10.7920,10.9800,81700
2004-07-16,11.5100,11.9900,11.3700,11.9900,87600
2004-07-09,11.2800,11.6500,11.0300,11.5000,102000
2004-07-02,11.5300,11.9500,11.0000,11.3700,133100
2004-06-25,11.7100,11.9500,11.4500,11.4500,209900
2004-06-18,11.4300,11.9600,11.4300,11.7900,272600
2004-06-10,10.8000,11.9900,10.8000,11.9300,94400
2004-06-04,11.7800,11.8700,10.7500,11.8400,102800
2004-05-28,11.2700,11.8500,10.8000,11.7800,88500
2004-05-21,11.2900,11.5700,10.4000,11.5100,96600
2004-05-14,12.3500,12.6500,11.3000,11.5000,137500
2004-05-07,13.5000,13.5900,11.9700,12.2400,170100
2004-04-30,12.1100,14.1500,11.7600,13.4300,386200
2004-04-23,11.2800,12.0900,11.2300,12.0900,157800
2004-04-16,11.5000,11.8900,10.7500,11.2700,88600
2004-04-08,11.8900,11.9900,11.3500,11.7200,128100
2004-04-02,10.8400,11.9400,10.2800,11.5800,164000
2004-03-26,10.5600,11.3600,10.5600,10.7500,273200
2004-03-19,11.3700,11.7900,10.5600,10.7700,268100
2004-03-12,12.2000,12.5000,11.5500,11.7700,262900
2004-03-05,12.2700,12.3900,11.8000,12.3800,390500
2004-02-27,12.1500,12.4800,10.7300,11.9000,350700
2004-02-20,10.6100,12.9400,10.3000,12.2200,749700
2004-02-13,9.3600,10.4900,9.1500,10.2500,266600
2004-02-06,8.9900,9.5500,8.9600,9.3500,231900
2004-01-30,9.0000,9.1200,8.8200,9.0200,108900
2004-01-23,9.0500,9.1200,8.8100,9.0000,170900
2004-01-16,8.8100,9.1700,8.7000,8.9000,220400
2004-01-09,8.1500,9.0300,8.1500,8.9300,479900
2004-01-02,7.7600,8.1400,7.3600,8.0400,237300
2003-12-26,7.6510,7.9500,7.2400,7.7500,74300
2003-12-19,8.0000,8.0000,7.6500,7.7000,176300
2003-12-12,8.1000,8.1000,7.6100,7.9600,189400
2003-12-05,8.1200,8.1900,7.7300,8.0400,132500
2003-11-28,8.1900,8.1900,7.7000,8.1000,91800
2003-11-21,8.8500,8.9100,7.8200,8.1300,198800
2003-11-14,7.1400,9.6900,7.1400,8.9000,585400
2003-11-07,7.2000,7.4000,6.5100,7.2500,83200
2003-10-31,7.1000,7.2500,7.0000,7.2000,66400
2003-10-24,7.5500,7.5500,6.8800,7.1000,156600
2003-10-17,7.7600,7.7600,7.4800,7.5700,97800
2003-10-10,7.8200,7.9500,7.3500,7.7800,358300
2003-10-03,7.4300,7.9900,7.1600,7.8400,344600
2003-09-26,7.4000,8.2100,7.2300,7.5100,745100
2003-09-19,7.0500,7.6600,6.3700,7.4000,475100
2003-09-12,5.8100,7.1800,5.4400,6.9600,1023800
2003-09-05,3.2400,5.9500,3.2300,5.7310,1718600
2003-08-29,3.1700,3.4200,3.1500,3.2100,73400
2003-08-22,3.1200,3.2400,3.1200,3.1600,89000
2003-08-15,3.2200,3.2400,3.1500,3.2000,49500
2003-08-08,3.2300,3.3000,3.1600,3.1600,34400
2003-08-01,3.4200,3.6900,3.2000,3.2300,82300
2003-07-25,3.2500,3.4500,3.2000,3.2200,37400
2003-07-18,3.4400,3.4400,3.0000,3.2500,40000
2003-07-11,3.3100,3.4000,3.2100,3.3790,51400
2003-07-03,3.2200,3.4800,3.1600,3.3000,15600
2003-06-27,3.4000,3.4800,3.0700,3.2600,40400
2003-06-20,3.1600,3.5000,3.0200,3.3610,89300
2003-06-13,3.1000,3.2400,2.9500,3.1500,76500
2003-06-06,3.2500,3.3000,3.1000,3.1000,69300
2003-05-30,3.2500,3.3300,3.2000,3.2500,61200
2003-05-23,3.1000,3.3800,2.9900,3.2500,260400
2003-05-16,3.1000,3.1600,2.9100,3.0600,99700
2003-05-09,3.0100,3.4500,3.0100,3.1300,38200
2003-05-02,2.8300,3.1400,2.8100,3.0200,197200
2003-04-25,2.8150,3.0000,2.8100,2.8200,79900
2003-04-17,2.8700,3.0000,2.7700,2.8000,68800
2003-04-11,2.8700,3.1500,2.8700,2.9600,272400
2003-04-04,2.9300,3.0100,2.8000,2.8800,126400
2003-03-28,3.2400,3.3100,2.8400,2.8500,122300
2003-03-21,3.5700,3.6500,3.2000,3.2400,60700
2003-03-14,3.6400,3.6900,3.5700,3.6300,24200
2003-03-07,3.8500,3.8700,3.6000,3.6400,40400
2003-02-28,3.9300,4.0000,3.7600,3.8700,25100
2003-02-21,3.8700,4.0300,3.8000,4.0000,76500
2003-02-14,3.8800,4.1200,3.8000,3.9100,40300
2003-02-07,4.0600,4.1000,3.9700,4.0000,27900
2003-01-31,4.0700,4.2500,4.0000,4.1000,34200
2003-01-24,4.3900,4.3900,4.0500,4.2500,32400
2003-01-17,4.1200,4.5750,4.0700,4.3400,53600
2003-01-10,4.0000,4.2000,3.6600,4.1800,71800
2003-01-03,3.7800,4.1400,3.5100,4.0100,90600
2002-12-27,4.0800,4.0800,3.7600,3.8900,20800
2002-12-20,4.3000,4.6000,3.8600,4.0990,164100
2002-12-13,4.0000,4.4000,3.5700,4.3390,238900
2002-12-06,4.0500,4.0900,3.6900,3.9800,69500
2002-11-29,4.3300,4.3300,3.8810,4.0500,28300
2002-11-22,3.9500,4.5000,3.9100,4.4400,201500
2002-11-15,3.4110,4.0000,3.4110,3.9000,205000
2002-11-08,3.4300,3.5000,3.0700,3.4200,18800
2002-11-01,3.6000,3.8300,3.4200,3.5000,36200
2002-10-25,3.2500,3.7100,3.0100,3.5500,39900
2002-10-18,3.4900,3.5500,2.8900,3.2700,12800
2002-10-11,3.1500,3.5100,2.9400,3.5000,14100
2002-10-04,3.2500,3.5700,3.0400,3.3500,38000
2002-09-27,3.1300,3.6000,3.0000,3.3900,61500
2002-09-20,3.8000,3.8000,3.0000,3.1000,197400
2002-09-13,3.8500,3.9500,3.3800,3.7900,174800
2002-09-06,4.5200,4.9400,3.7500,3.7600,142900
2002-08-30,5.1000,5.2400,4.4400,5.0000,145500
2002-08-23,5.0400,5.1300,4.5600,5.0700,64900
2002-08-16,4.5500,5.0000,4.4100,5.0000,51600
2002-08-09,4.9500,4.9500,4.4300,4.7300,29600
2002-08-02,3.6900,5.0400,3.6900,4.8500,68600
2002-07-26,4.1500,4.1600,3.4200,3.6900,134000
2002-07-19,5.6700,5.6700,3.6500,4.1990,263100
2002-07-12,5.4600,6.0000,5.4300,5.6800,88200
2002-07-05,5.8000,6.2300,5.0500,5.4500,58400
2002-06-28,5.0500,6.2000,4.9100,6.2000,112400
2002-06-21,5.3900,5.7000,4.8000,5.1900,97300
2002-06-14,5.6200,5.8500,4.8000,5.4600,139800
2002-06-07,6.6200,6.7000,5.2500,5.6800,462600
2002-05-31,6.8100,6.9700,6.6500,6.7790,84600
2002-05-24,6.7400,7.2000,6.7000,6.9790,210000
2002-05-17,7.1300,7.1600,6.4000,7.0700,247100
2002-05-10,7.0500,7.4000,6.8900,7.0510,493700
2002-05-03,7.0000,7.2500,6.1900,6.8000,813000
2002-04-26,4.9200,6.6500,4.9200,6.6000,895800
2002-04-19,4.7510,4.9700,4.7510,4.9700,95800
2002-04-12,4.5700,4.9500,4.4000,4.8500,69100
2002-04-05,4.7500,4.7500,4.5500,4.6800,48700
2002-03-28,4.4800,5.0000,4.3800,4.8000,98200
2002-03-22,4.5100,4.7500,4.3000,4.5100,137700
2002-03-15,4.4200,4.7000,4.2600,4.5300,78100
2002-03-08,4.5000,4.5500,4.1700,4.4500,69100
2002-03-01,4.0600,4.6000,4.0000,4.5200,90800
2002-02-22,4.6000,4.7000,4.0500,4.3700,33500
2002-02-15,4.4900,4.7500,4.4000,4.7000,44700
2002-02-08,4.6010,4.6500,4.0800,4.5000,50300
2002-02-01,4.6510,4.6550,4.5000,4.6500,42700
2002-01-25,4.3500,4.6800,4.3500,4.6800,17200
2002-01-18,4.4500,4.6900,4.3500,4.5500,36800
2002-01-11,4.3500,4.6900,4.3000,4.6400,24900
2002-01-04,4.2000,4.6500,4.1100,4.5700,156900
2001-12-28,4.1400,4.3100,4.0800,4.2800,104900
2001-12-21,4.4000,4.4000,3.7600,4.1400,171800
2001-12-14,4.7650,4.7650,4.0300,4.2400,346500
2001-12-07,5.0000,5.0000,4.3200,4.8400,111800
2001-11-30,4.8600,5.0000,4.3500,5.0000,207600
2001-11-23,4.7000,4.9000,4.6000,4.9000,15100
2001-11-16,4.6800,4.9000,4.6800,4.9000,67100
2001-11-09,4.8000,4.9400,4.1700,4.8000,69800
2001-11-02,4.7500,4.8600,4.3700,4.8000,35100
2001-10-26,4.9400,5.0000,4.4000,4.9000,125300
2001-10-19,4.8900,5.0300,4.5600,5.0000,21400
2001-10-12,4.9500,5.1000,4.5000,4.9000,72500
2001-10-05,4.9900,5.0000,4.2100,5.0000,122000
2001-09-28,3.4300,5.0000,3.4300,5.0000,141200
2001-09-21,4.6500,4.8700,3.5000,3.8000,141000
2001-09-10,4.5200,5.0000,4.5200,5.0000,10400
2001-09-07,4.7000,5.0400,4.5000,5.0000,76600
2001-08-31,4.8400,5.0500,4.6200,5.0500,94200
2001-08-24,5.0000,5.0000,4.6100,4.9000,17100
2001-08-17,4.6500,5.0000,4.6000,5.0000,27800
2001-08-10,4.6100,5.0000,4.5000,4.8870,38400
2001-08-03,4.5300,5.0000,4.5300,4.6100,40000
2001-07-27,4.9500,4.9800,4.5000,4.9300,15100
2001-07-20,4.2100,5.0000,4.2000,4.9000,65500
2001-07-13,4.5500,4.7500,4.4200,4.7400,43500
2001-07-06,4.7000,4.7000,4.5100,4.5500,16800
2001-06-29,4.2100,4.7800,4.0800,4.7500,69000
2001-06-22,4.5100,4.7000,4.2100,4.3000,37300
2001-06-15,4.5000,4.5500,4.2300,4.5000,61300
2001-06-08,5.2500,5.2500,4.2500,4.5500,153900
2001-06-01,5.1600,5.4700,4.9000,5.3500,198300
2001-05-25,3.7500,5.2400,3.7500,5.1500,451000
2001-05-18,4.0500,4.5000,3.7000,3.9500,36700
2001-05-11,3.6700,4.2000,3.4900,3.8100,50500
2001-05-04,4.4000,4.9900,3.3500,3.4500,219100
2001-04-27,3.1200,4.7500,3.1000,4.2300,184600
2001-04-20,3.1000,3.2000,3.0900,3.1500,36600
2001-04-12,3.0600,3.2000,3.0600,3.1200,30400
2001-04-06,3.1250,3.3130,3.0000,3.0630,63400
2001-03-30,3.1250,3.3750,2.7810,3.1250,71000
2001-03-23,2.7500,3.1880,2.6250,3.1250,74900
2001-03-16,3.1880,3.1880,2.7810,2.7810,64900
2001-03-09,3.2500,3.3440,2.5000,3.0310,61700
2001-03-02,2.4380,3.7500,2.4380,2.9060,170900
2001-02-23,2.7500,2.8130,2.4380,2.4380,23900
2001-02-16,2.5000,2.8750,2.2810,2.7500,124900
2001-02-09,2.4380,2.5630,2.3130,2.4690,219800
2001-02-02,2.5630,2.6250,1.8750,2.3750,1325300
2001-01-26,2.8750,2.8750,2.3750,2.5630,532900
2001-01-19,2.7810,2.9380,2.5000,2.8750,546900
2001-01-12,2.4380,2.8130,2.4380,2.5630,130800
2001-01-05,2.5000,2.7500,2.2500,2.7500,108700
2000-12-29,2.5630,2.6250,2.1880,2.3750,348300
2000-12-22,2.8750,3.0000,2.5000,2.5630,181700
2000-12-15,3.1880,3.1880,2.8750,3.0630,93200
2000-12-08,3.1250,3.1880,2.8130,3.0630,91400
2000-12-01,3.2340,3.2500,2.8130,3.2190,153600
2000-11-24,3.0000,3.2500,2.7500,3.2500,158600
2000-11-17,3.0000,3.2340,2.9380,2.9380,253200
2000-11-10,3.1880,3.2500,2.8750,3.0000,546100
2000-11-03,3.1880,3.2500,3.0000,3.2500,156100
2000-10-27,3.3750,3.3750,3.0000,3.1880,92100
2000-10-20,3.5630,3.7500,3.2500,3.3130,142700
2000-10-13,3.6250,3.7500,3.3750,3.3750,67600
2000-10-06,3.6250,3.7500,3.3750,3.6250,73400
2000-09-29,3.8440,4.0000,3.4690,3.8750,486000
2000-09-22,4.1880,4.1880,3.7500,4.0000,90000
2000-09-15,4.1250,4.3750,3.8750,4.0630,170900
2000-09-08,4.0000,4.7500,3.8750,4.0630,161100
2000-09-01,4.6250,4.6250,3.5630,3.9690,221500
2000-08-25,4.5630,4.6880,4.5000,4.5000,36900
2000-08-18,5.0000,5.1250,4.6250,4.6250,78800
2000-08-11,5.2500,5.2500,4.9060,4.9380,130000
2000-08-04,5.1880,5.5000,5.0630,5.3130,85600
2000-07-28,5.6250,5.7500,5.1880,5.2500,131800
2000-07-21,5.0000,5.8750,5.0000,5.7190,233500
2000-07-14,4.6250,5.0630,4.6250,5.0000,75900
2000-07-07,4.0000,4.8750,4.0000,4.6250,157100
2000-06-30,4.2190,4.6250,3.6250,3.8750,91700
2000-06-23,4.7500,4.7500,4.0000,4.2500,102100
2000-06-16,3.5470,6.4380,3.5000,4.7500,590100
2000-06-09,3.6250,3.6250,3.5000,3.5000,301900
2000-06-02,3.7500,3.9380,3.5000,3.6250,258700
2000-05-26,4.0940,4.0940,3.7500,3.7500,286100
2000-05-19,4.4380,4.4380,4.0000,4.0160,309200
2000-05-12,4.3750,4.5000,4.1250,4.4380,210100
2000-05-05,4.2500,4.5000,4.0630,4.4380,162700
2000-04-28,4.3750,4.3750,4.1250,4.1250,257400
2000-04-20,4.2500,4.3750,4.0000,4.2500,207500
2000-04-14,4.5310,4.5630,4.0000,4.0630,475600
2000-04-07,4.4380,4.5310,4.1250,4.5000,588700
2000-03-31,5.8750,5.8750,4.0630,4.4380,1338800
2000-03-24,6.0000,6.0000,5.5000,5.8130,138600
2000-03-17,5.6250,6.6250,5.5000,6.0000,156900
2000-03-10,5.8750,6.1880,5.5000,5.5000,125900
2000-03-03,5.7500,6.1250,5.5630,5.7500,191000
2000-02-25,6.0000,6.1880,5.5000,5.8130,54700
2000-02-18,6.1250,6.7500,5.6250,5.9380,275100
2000-02-11,5.9380,6.1250,5.7500,6.0000,369200
2000-02-04,6.1250,6.4060,5.6250,6.0000,88700
2000-01-28,6.7500,7.0000,5.5000,6.1250,197700
2000-01-21,7.5000,7.5000,6.6250,6.6250,183300
2000-01-14,7.1250,7.5000,6.7500,7.4380,148100
