timestamp,open,high,low,close,volume
2018-02-27,9.9900,10.0000,9.9500,10.0000,8512
2018-02-23,10.0000,10.0200,10.0000,10.0000,3914
2018-02-16,10.0000,10.0200,8.0000,10.0000,627691
2018-02-09,10.0800,10.0800,9.6900,10.0000,669385
2018-02-02,10.0602,10.0877,9.9800,10.0660,43144
2018-01-26,10.0000,10.0890,9.9600,10.0201,27769
2018-01-19,10.0300,10.0900,10.0000,10.0280,462880
2018-01-12,10.0600,10.0800,10.0100,10.0100,2192550
2017-11-29,10.7700,10.7700,9.5600,10.5000,3502
2017-11-24,10.7700,10.7700,10.7700,10.7700,0
2017-11-17,10.7700,10.7700,10.7700,10.7700,0
2017-11-10,10.9600,10.9800,10.7700,10.7700,6469
2017-11-03,10.6523,12.2499,10.6490,12.2000,9500
2017-10-27,10.7500,10.7500,10.5900,10.5900,101
2017-10-20,10.7500,10.7500,10.7500,10.7500,6
2017-10-13,10.7000,10.7500,10.7000,10.7500,4900
2017-10-06,10.7000,10.7000,10.5750,10.7000,4905
2017-09-29,10.7000,10.7000,10.7000,10.7000,0
2017-09-22,10.7000,10.7000,10.7000,10.7000,0
2017-09-15,10.5800,10.7000,10.5700,10.7000,4410
2017-09-08,10.6400,10.6400,10.5310,10.5600,23773
2017-09-01,10.5500,11.6100,10.5500,10.6400,76979
2017-08-25,10.3800,10.6200,10.3800,10.5500,302541
2017-08-18,10.4400,10.4400,10.4000,10.4000,300
2017-08-11,10.4500,10.5000,10.4000,10.4400,90599
2017-08-04,10.4800,10.4990,10.3500,10.4680,22924
2017-07-28,10.4600,10.5100,10.4200,10.5100,9300
2017-07-21,10.4600,10.4600,10.4600,10.4600,100
2017-07-14,10.4600,10.4900,10.3700,10.4600,2300
2017-07-07,10.7500,10.7500,10.4500,10.4500,5780
2017-06-30,10.4400,10.7500,10.4000,10.6400,90140
2017-06-23,10.4000,10.4000,10.4000,10.4000,454
2017-06-16,10.4000,10.5510,10.3000,10.4370,56408
2017-06-09,10.4600,10.4600,10.4000,10.4000,3775
2017-06-02,10.4780,10.4800,10.4700,10.4700,500
2017-05-26,10.4500,10.4990,10.4400,10.4780,6869
2017-05-19,10.4000,10.4600,10.4000,10.4500,5413
2017-05-12,10.5000,10.5000,10.4000,10.4000,3500
2017-05-05,10.5200,10.5250,10.4500,10.4500,59307
2017-04-28,10.5400,10.5500,10.5000,10.5000,16902
2017-04-21,10.5900,10.6250,10.5000,10.5400,108564
2017-04-13,10.5500,10.5990,10.4110,10.5500,24201
2017-04-07,10.5970,10.6200,10.4500,10.5470,80400
2017-03-31,10.4900,10.6010,10.3800,10.5500,279815
2017-03-24,10.4860,10.5800,10.4200,10.5000,214687
2017-03-17,10.4500,10.4500,10.4500,10.4500,0
2017-03-10,10.3500,10.6000,10.3500,10.4500,447900
2017-03-03,10.5400,10.5400,10.3500,10.3500,20105
2017-02-24,10.5400,10.5400,10.5400,10.5400,0
2017-02-17,10.4300,10.6000,10.4300,10.5400,1482
2017-02-10,10.5750,10.6000,10.2600,10.4300,13601
2017-02-03,10.5750,10.5750,10.5750,10.5750,0
2017-01-27,10.5750,10.5750,10.5750,10.5750,5112
2017-01-20,10.3600,10.4000,10.3600,10.4000,645
2017-01-13,10.5000,10.5000,10.3000,10.3000,4560
2017-01-06,10.5000,10.5000,10.5000,10.5000,0
2016-12-30,10.3500,10.5000,10.3000,10.5000,1200
2016-12-23,10.3000,10.3500,10.3000,10.3500,16801
2016-12-16,10.5000,10.5000,10.3300,10.4000,3100
2016-12-09,10.4000,10.5000,10.2900,10.5000,250200
2016-12-02,10.3100,10.3100,10.3100,10.3100,12845
2016-11-25,10.3100,10.3100,10.3100,10.3100,50
2016-11-18,10.3100,10.3100,10.3100,10.3100,0
2016-11-11,10.3100,10.3100,10.3100,10.3100,50
2016-11-04,10.3700,10.5000,10.2300,10.3100,101424
2016-10-28,10.3000,10.3400,10.3000,10.3400,149
2016-10-21,10.3000,10.3000,10.2755,10.3000,74766
2016-10-14,10.2900,10.3000,10.2600,10.3000,2545
2016-10-07,10.2899,10.3000,10.1200,10.3000,5480
2016-09-30,10.3000,10.3000,10.1500,10.2899,2097
2016-09-23,10.2000,10.2699,10.2000,10.2699,1900
2016-09-16,10.0800,10.1900,10.0800,10.0800,2817
2016-09-09,10.1000,10.1000,10.0800,10.0800,200
2016-09-02,10.0300,10.1300,10.0300,10.0600,203452
2016-08-26,10.0400,10.0400,10.0300,10.0300,208
2016-08-19,10.0400,10.0400,10.0400,10.0400,32
2016-08-12,10.0100,10.0501,10.0100,10.0400,2600
2016-08-05,10.0000,10.2300,9.8500,10.0100,1001177
2016-07-29,10.2499,10.2500,9.8500,10.2500,11182
2016-07-22,9.9100,10.2500,9.8200,10.2499,208995
2016-07-15,9.9600,9.9950,9.8200,9.9499,10812
2016-07-08,9.9300,10.2500,9.7200,9.9800,849875
2016-07-01,9.8500,10.0500,9.8500,9.9600,12527
2016-06-24,9.8500,9.8700,9.8200,9.8200,97357
2016-06-17,9.8500,9.9100,9.8500,9.9100,1970
2016-06-10,9.9600,10.1500,9.8500,9.8600,9735
2016-06-03,10.0500,10.1801,9.9300,9.9499,29006
2016-05-27,9.8500,10.1001,9.8500,9.9605,508880
2016-05-20,9.8500,9.8500,9.8500,9.8500,506
2016-05-13,9.9600,9.9600,9.8500,9.8500,404
2016-05-06,9.8500,9.9900,9.8500,9.9600,1140
2016-04-29,10.0400,10.0400,9.8500,9.8500,8018
2016-04-22,9.9600,10.0400,9.9600,9.9600,1160
2016-04-15,10.0400,10.1000,9.9600,10.0301,3174
2016-04-08,10.2000,10.3000,9.9600,10.0400,13952
2016-04-01,9.8800,10.3000,9.8800,10.1000,132345
2016-03-24,10.0000,10.0000,9.8500,9.8800,684
2016-03-18,10.0181,10.0181,9.8500,10.0000,600
2016-03-11,10.0000,10.0399,9.8800,10.0100,101906
2016-03-04,10.0200,10.0500,10.0000,10.0000,19134
2016-02-26,10.0300,10.2500,10.0200,10.0200,5956
2016-02-19,9.9800,10.0300,9.9000,10.0300,11732
2016-02-12,9.8600,10.0500,9.8500,9.9800,6514
2016-02-05,9.9550,10.0600,9.8500,10.0000,5569
2016-01-29,9.8900,10.0599,9.8900,10.0599,511072
2016-01-22,10.0100,10.0100,9.8100,9.9800,5292
2016-01-15,10.0000,10.0300,9.8100,10.0100,868799
2016-01-08,10.0000,10.1400,10.0000,10.0100,303928
2015-12-31,9.9000,10.0000,9.9000,10.0000,1197
2015-12-24,10.1099,10.1099,10.0000,10.0000,14800
2015-12-18,10.0200,10.1299,9.9000,10.1099,833667
2015-12-11,10.0000,10.1400,10.0000,10.0200,102468
2015-12-04,10.0800,10.0800,9.9900,10.0000,57585
2015-11-27,10.1900,10.2299,10.0000,10.0100,38292
2015-11-20,10.1100,10.2799,10.0900,10.1900,19850
2015-11-13,10.1200,10.3000,10.0102,10.1100,68245
2015-11-06,10.3000,10.4000,10.1050,10.3000,42707
2015-10-30,10.2900,10.3800,10.0600,10.3500,24394
2015-10-23,10.1100,10.4000,10.1100,10.3299,154918
2015-10-16,10.0600,10.1600,10.0500,10.1500,137968
2015-10-09,10.1600,10.3010,10.0500,10.0600,258335
2015-10-02,10.1100,10.2500,10.0200,10.0500,1325198
2015-09-25,10.2500,10.2500,10.0600,10.2000,58073
2015-09-18,10.0500,10.3300,10.0400,10.2000,886090
2015-09-11,10.4100,10.4100,10.0000,10.0500,3800857
2015-09-04,10.4100,10.4100,10.4100,10.4100,0
2015-08-28,10.4100,10.4100,10.4100,10.4100,0
2015-08-21,10.4100,10.4100,10.4100,10.4100,0
2015-08-14,10.4100,10.4100,10.4100,10.4100,0
2015-08-07,10.4100,10.4100,10.4100,10.4100,0
2015-07-31,10.4100,10.4100,10.4100,10.4100,0
2015-07-24,10.4100,10.4100,10.4100,10.4100,0
2015-07-17,10.4100,10.4100,10.4100,10.4100,0
2015-07-10,10.4100,10.4100,10.4100,10.4100,0
2015-07-02,10.4100,10.4100,10.4100,10.4100,0
2015-06-26,10.4100,10.4100,10.4100,10.4100,0
2015-06-19,10.4100,10.4100,10.4100,10.4100,0
2015-06-12,10.4100,10.4100,10.4100,10.4100,0
2015-06-05,10.4100,10.4100,10.4100,10.4100,0
2015-05-29,10.4100,10.4100,10.4100,10.4100,0
2015-05-22,10.4100,10.4100,10.4100,10.4100,0
2015-05-15,10.4100,10.4100,10.4100,10.4100,0
2015-05-08,10.4100,10.4100,10.4100,10.4100,0
2015-05-01,10.4100,10.4100,10.4100,10.4100,0
2015-04-24,10.4100,10.4100,10.4100,10.4100,0
2015-04-17,10.4100,10.4100,10.4100,10.4100,0
2015-04-10,10.4100,10.4100,10.4100,10.4100,0
2015-04-02,10.4100,10.4100,10.4100,10.4100,0
2015-03-27,10.4100,10.4100,10.4100,10.4100,0
2015-03-20,10.4100,10.4100,10.4100,10.4100,0
2015-03-13,10.4100,10.4100,10.4100,10.4100,0
2015-03-06,10.4100,10.4100,10.4100,10.4100,0
2015-02-27,10.4100,10.4100,10.4100,10.4100,0
2015-02-20,10.4100,10.4100,10.4100,10.4100,0
2015-02-13,10.4100,10.4100,10.4100,10.4100,0
2015-02-06,10.4100,10.4100,10.4100,10.4100,0
2015-01-30,10.4100,10.4100,10.4100,10.4100,0
2015-01-23,10.4100,10.4100,10.4100,10.4100,0
2015-01-16,10.4100,10.4100,10.4100,10.4100,0
2015-01-09,10.4100,10.4100,10.4100,10.4100,0
2015-01-02,10.4100,10.4100,10.4100,10.4100,0
2014-12-26,10.4100,10.4100,10.4100,10.4100,0
2014-12-19,10.4100,10.4100,10.4100,10.4100,0
2014-12-12,10.4100,10.4100,10.4100,10.4100,0
2014-12-05,10.4100,10.4100,10.4100,10.4100,8
2014-11-28,10.3500,10.4100,10.3500,10.4100,100
2014-11-21,10.3500,10.3500,10.3500,10.3500,0
2014-11-14,10.3500,10.3500,10.3500,10.3500,0
2014-11-07,10.3500,10.3500,10.3500,10.3500,8
2014-10-31,10.3500,10.3500,10.3500,10.3500,1000
2014-10-23,10.3400,10.6000,10.3400,10.4500,600
2014-10-17,10.3400,10.3400,10.3400,10.3400,0
2014-10-10,10.3400,10.3400,10.3400,10.3400,0
2014-10-03,10.3200,10.3400,10.2600,10.3400,7716
2014-09-26,10.3200,10.3200,10.3200,10.3200,0
2014-09-19,10.3500,10.3500,10.3200,10.3200,200
2014-09-12,10.2900,10.4499,10.2900,10.3500,14300
2014-09-05,10.3300,10.3300,10.3000,10.3000,800
2014-08-29,10.3100,10.7900,10.3000,10.7900,400
2014-08-22,10.3000,10.3100,10.3000,10.3100,700
2014-08-15,10.3000,10.6010,10.1100,10.3000,32600
2014-08-08,10.3000,10.6500,10.2501,10.3000,46400
2014-08-01,10.3599,11.2000,10.2250,10.3000,159200
2014-07-25,10.6100,10.7601,10.2900,10.6800,64200
2014-07-18,10.3600,10.4200,10.2500,10.4200,42400
2014-07-11,10.4600,10.4600,10.3000,10.3000,1000
2014-07-03,10.4600,10.4600,10.4600,10.4600,100
2014-06-27,10.3400,10.3400,10.3000,10.3000,1500
2014-06-20,10.9000,10.9000,10.3400,10.3401,2200
2014-06-13,10.4800,12.1400,10.3900,10.9000,1400
2014-06-06,10.5500,10.5500,10.3000,10.4800,18200
2014-05-30,10.4300,10.4300,10.3000,10.3500,48700
2014-05-23,10.3000,10.4300,10.2900,10.4300,15500
2014-05-16,10.4600,10.6200,10.3000,10.3000,14900
2014-05-09,10.6694,10.9000,10.3800,10.4900,9300
2014-05-02,10.3500,10.4000,10.3500,10.3700,800
2014-04-25,10.3900,10.6000,10.3200,10.3500,8000
2014-04-17,10.3200,10.6000,10.3200,10.4600,7000
2014-04-11,10.3000,10.3500,10.2100,10.3200,16900
2014-04-04,10.3600,10.3600,10.2800,10.3000,310500
2014-03-28,10.3400,10.4000,10.3000,10.3500,945600
2014-03-21,10.3100,10.6500,10.2700,10.3500,31900
2014-03-14,10.2800,10.3900,10.2800,10.3100,4400
2014-03-07,10.3500,10.3500,10.2800,10.2800,6100
2014-02-28,10.3000,10.3000,10.1700,10.2700,69100
2014-02-21,10.3800,10.3800,10.3000,10.3000,200000
2014-02-14,10.2150,10.3800,10.2150,10.3800,170200
2014-02-07,10.2900,10.4400,10.1700,10.1700,11800
2014-01-31,10.3000,10.5300,10.2600,10.2600,24700
2014-01-24,10.3000,10.4500,10.1500,10.4000,2675500
2014-01-17,10.1200,10.3900,10.0000,10.3000,582500
2014-01-10,10.1000,10.1000,10.0400,10.0400,15200
2014-01-03,10.1200,10.1200,9.9800,10.0000,202500
2013-12-27,10.1200,10.1200,10.0000,10.1200,0
2013-12-20,10.1200,10.1200,10.1200,10.1200,0
2013-12-13,10.1200,10.1200,10.1200,10.1200,2200
2013-12-06,10.1200,10.1200,10.1200,10.1200,1700
2013-11-29,10.0000,10.1000,10.0000,10.1000,492000
2013-11-22,10.1000,10.1000,10.1000,10.1000,65100
2013-11-15,10.1000,10.1500,10.1000,10.1000,700
2013-11-08,10.1000,10.1500,10.0500,10.1000,110200
2013-11-01,10.0800,10.2000,10.0500,10.1000,57000
2013-10-25,10.0800,10.1400,10.0500,10.1000,16600
2013-10-18,10.0700,10.0800,10.0700,10.0800,0
2013-10-11,10.1500,10.1500,9.2000,10.0800,1200
2013-10-04,10.1900,10.1900,10.1500,10.1500,1600
2013-09-27,10.1400,10.1400,10.1400,10.1400,0
2013-09-20,10.1500,10.1500,10.0900,10.1400,11600
2013-09-13,10.1000,10.1200,10.1000,10.1200,100
2013-09-06,10.1000,10.1000,10.1000,10.1000,0
2013-08-30,10.0700,10.1400,10.0700,10.1000,1000
2013-08-23,10.0700,10.0700,10.0700,10.0700,200
2013-08-16,10.1500,10.1900,10.0600,10.1000,151700
2013-08-09,10.1600,10.2000,10.0529,10.1200,95000
2013-08-02,10.1000,10.2000,10.0300,10.1000,122900
