timestamp,open,high,low,close,volume
2018-02-27,36.2000,38.5000,36.0500,36.8100,3740296
2018-02-23,33.8000,37.2100,33.0201,35.8900,5312617
2018-02-16,34.2500,35.9200,31.7000,33.8200,5721548
2018-02-09,34.0000,37.7000,29.9200,33.6900,8644688
2018-02-02,35.8100,41.6000,34.6100,34.7500,10593826
2018-01-26,30.8800,37.3600,30.7200,35.9600,12274584
2018-01-19,32.1400,33.0000,29.0170,30.4000,4961174
2018-01-12,29.4700,33.1400,27.0000,32.0000,10731574
2018-01-05,30.8800,36.0000,30.7500,33.5900,6087834
2017-12-29,28.0200,32.8500,28.0000,30.7300,4690852
2017-12-22,25.2200,28.6900,24.0700,28.4300,5426570
2017-12-15,25.2500,25.5800,22.5000,25.0000,7147357
2017-12-08,30.3900,31.8109,24.5000,24.9600,8498205
2017-12-01,26.0400,30.4000,26.0000,29.8700,6298103
2017-11-24,25.0400,28.4500,25.0100,25.8000,3871110
2017-11-17,24.1500,25.9000,22.5350,25.0500,3978756
2017-11-10,25.6800,25.7000,20.2870,24.3800,4587275
2017-11-03,22.2600,25.2000,22.2000,24.9300,4330429
2017-10-27,24.3400,24.9900,21.2600,22.2800,4495822
2017-10-20,23.4600,24.6400,22.5400,24.0100,3881701
2017-10-13,25.1300,25.9300,23.0200,23.3700,5478051
2017-10-06,24.3900,26.7500,22.7500,25.0100,7808449
2017-09-29,22.8500,24.3800,19.0600,24.0100,8675823
2017-09-22,20.7900,24.5000,20.7600,22.8500,5134665
2017-09-15,20.2900,21.5400,19.5500,20.9400,6892054
2017-09-08,20.5200,20.9200,19.0500,20.0900,3986547
2017-09-01,20.2500,21.8300,19.7500,20.5900,6312793
2017-08-25,17.9200,20.4000,17.3500,19.1000,4915069
2017-08-18,22.1900,23.8000,17.8000,17.8300,7607747
2017-08-11,17.7500,22.0550,17.6500,21.9500,8359577
2017-08-04,17.7700,18.1500,15.6900,17.0600,4093395
2017-07-28,15.8300,17.5500,15.2800,17.1400,2788746
2017-07-21,17.3000,17.5220,15.4200,15.8200,3280791
2017-07-14,17.1200,17.8900,16.8000,17.3000,2240096
2017-07-07,16.7800,17.9300,16.7800,17.1800,1211582
2017-06-30,18.0000,18.2500,16.5300,16.7800,2619018
2017-06-23,16.2400,17.9600,16.2100,17.9500,7050878
2017-06-16,15.8100,16.7000,14.0400,16.2800,3226234
2017-06-09,14.3000,16.2800,13.2000,15.7200,4663027
2017-06-02,15.5700,15.6300,13.1200,14.2100,5709015
2017-05-26,17.5100,17.8000,15.5700,15.6200,3158404
2017-05-19,20.0200,20.4400,17.6000,17.9100,4595866
2017-05-12,18.6300,19.4700,17.5500,19.2900,2354678
2017-05-05,18.9500,20.7300,18.4000,18.6300,2497591
2017-04-28,19.2600,19.9500,18.5200,18.8500,2203203
2017-04-21,20.4800,20.8500,18.7500,18.9900,2584254
2017-04-13,20.9000,21.7500,19.1200,20.4800,2447755
2017-04-07,22.4800,22.7400,20.3200,20.9000,2725122
2017-03-31,19.0400,22.8150,18.8500,22.3200,6569765
2017-03-24,22.6500,22.8100,18.7000,19.2600,7725451
2017-03-17,25.2000,29.2000,22.2100,22.3000,11859746
2017-03-10,21.7500,25.1400,20.2600,25.0600,3962333
2017-03-03,23.3700,25.8000,21.7200,22.0200,3465560
2017-02-24,26.5800,28.5000,22.8100,23.5400,5378087
2017-02-17,18.6800,26.9790,18.1100,26.0200,10925801
2017-02-10,18.4800,19.0000,17.7000,18.5700,1052041
2017-02-03,18.0200,18.5100,17.0100,18.4400,1380514
2017-01-27,18.4000,19.2300,17.5500,18.3200,1232782
2017-01-20,18.7600,18.8600,17.3200,18.3200,1240317
2017-01-13,18.0500,19.7200,17.5310,18.7600,2217503
2017-01-06,16.4900,18.9890,16.3000,17.5100,1346717
2016-12-30,17.2100,18.2500,16.0300,16.2300,976894
2016-12-23,16.9500,18.9400,16.4100,17.0800,2372230
2016-12-16,16.0000,18.9000,15.2900,17.0100,3364078
2016-12-09,15.4300,17.0500,15.1000,15.9600,1929030
2016-12-02,15.2500,15.6000,13.7500,15.5400,1682179
2016-11-25,15.1300,15.9428,14.5900,15.2900,696826
2016-11-18,16.4000,17.9200,15.0500,15.2100,1825813
2016-11-11,13.5000,16.5000,12.7500,16.3500,2116413
2016-11-04,13.1000,14.5200,12.4300,13.2300,1344402
2016-10-28,15.5500,16.5000,12.8900,13.1000,2031006
2016-10-21,13.4700,15.4200,13.0300,15.3200,1179487
2016-10-14,13.9000,14.6300,13.0500,13.4400,1220862
2016-10-07,13.5000,16.4250,13.1200,14.0600,2740851
2016-09-30,14.4200,14.4355,13.1000,13.4800,1198370
2016-09-23,14.5100,15.7400,14.2502,14.4600,1641648
2016-09-16,16.3400,16.6699,14.2500,14.4900,2254661
2016-09-09,16.0700,17.6500,15.0700,16.5100,1797688
2016-09-02,18.1600,18.4500,15.9000,16.1100,1606230
2016-08-26,18.9300,20.7100,17.7100,18.3300,1716466
2016-08-19,20.1100,20.5400,17.5000,18.6700,1756153
2016-08-12,25.0100,25.2000,19.7536,20.1100,1868721
2016-08-05,25.7500,26.0500,24.3300,24.8700,579532
2016-07-29,28.2200,28.6321,25.5900,25.7200,504296
2016-07-22,24.7400,28.3110,24.2600,27.1100,586495
2016-07-15,25.5000,26.6700,24.3200,24.7300,450211
2016-07-08,25.7000,26.9900,24.3973,25.3200,463734
2016-07-01,25.2500,27.3900,22.5000,25.4500,988059
2016-06-24,30.0100,31.2500,25.4500,26.0700,1162488
2016-06-17,30.1000,32.6700,29.6900,29.6900,1498756
2016-06-10,33.7500,35.0800,30.4000,30.5400,959247
2016-06-03,35.2200,38.2500,33.0200,33.7100,732686
2016-05-27,33.1400,36.9999,33.0700,35.2200,900089
2016-05-20,31.0000,36.2446,30.8900,33.2500,1158194
2016-05-13,30.0400,30.9730,27.9800,30.0900,627049
2016-05-06,33.0700,34.3088,29.4300,30.1300,813217
2016-04-29,38.0900,39.5000,32.0300,33.0500,772524
2016-04-22,40.5000,41.2600,37.7600,38.1000,571791
2016-04-15,41.0500,41.4000,35.4200,39.8700,945411
2016-04-08,37.2900,43.5000,37.0000,40.4500,1620166
2016-04-01,31.7800,37.4100,30.0500,36.9000,1592460
2016-03-24,30.2400,31.5699,29.0000,31.3100,809667
2016-03-18,31.2500,35.2000,28.0200,29.3600,2153052
2016-03-11,35.8900,43.9900,25.6400,31.2500,3754956
2016-03-04,28.0000,39.1300,26.6900,35.5600,2713139
2016-02-26,19.6000,29.4000,19.1000,27.4900,2236788
2016-02-19,15.8500,19.9800,15.7300,18.4800,863852
2016-02-12,17.5200,18.0000,12.5700,15.4000,1852210
