timestamp,open,high,low,close,volume
2018-02-27,18.6500,19.9500,18.6500,19.3000,24913
2018-02-23,20.2000,20.3390,18.0500,18.9500,58909
2018-02-16,19.1500,20.4500,18.5000,20.2271,69840
2018-02-09,20.6000,22.1143,17.7500,19.1500,220388
2018-02-02,21.9000,22.9500,20.0500,21.7000,103361
2018-01-26,18.7500,22.8372,18.0500,20.8500,269143
2018-01-19,17.0000,19.2450,15.3300,18.0050,106988
2018-01-12,17.5500,18.4000,16.6500,16.7000,76676
2018-01-05,19.0000,19.0000,16.8000,17.5000,91593
2017-12-29,16.8000,19.0000,16.8000,18.9500,111035
2017-12-22,16.7500,18.2096,16.4500,17.5000,72101
2017-12-15,14.0000,17.4617,14.0000,16.7500,80969
2017-12-08,13.7000,14.0000,13.5270,14.0000,15872
2017-12-01,13.4500,14.4174,13.3000,13.7500,25978
2017-11-24,12.6000,14.3000,12.6000,13.7700,35048
2017-11-17,13.9500,14.4500,13.5200,14.4500,39665
2017-11-10,13.0000,13.9500,12.5500,13.8500,28496
2017-11-03,12.5000,13.0000,12.3000,13.0000,26094
2017-10-27,12.0000,13.0000,11.9500,12.6000,84785
2017-10-20,9.2500,11.8000,9.2500,11.8000,104163
2017-10-13,9.6500,9.8500,9.2700,9.5000,28061
2017-10-06,9.5000,10.2300,9.3000,9.6500,43942
2017-09-29,10.4000,10.8500,9.3500,9.6200,59711
2017-09-22,10.9300,10.9500,10.1900,10.4000,14148
2017-09-15,10.6500,10.9500,10.6500,10.9500,2979
2017-09-08,10.9100,10.9600,10.5200,10.7800,9361
2017-09-01,10.7000,11.0000,10.4600,10.9000,8469
2017-08-25,10.4000,10.7500,9.7000,10.7500,26507
2017-08-18,11.2500,11.2500,10.1500,10.5500,13881
2017-08-11,11.0000,11.1500,10.5500,10.5700,19350
2017-08-04,10.4500,11.3500,10.1000,11.3500,28701
2017-07-28,10.8000,11.3500,10.6000,10.6000,15208
2017-07-21,10.6500,12.1263,10.1200,11.1500,98769
2017-07-14,10.7000,11.0000,10.0500,10.4500,20112
2017-07-07,10.5500,10.7500,9.9000,10.7000,8509
2017-06-30,10.1000,10.6100,9.5000,10.6000,49886
2017-06-23,10.1500,11.0000,10.0500,10.1500,18171
2017-06-16,10.1000,10.7300,10.0000,10.3200,38828
2017-06-09,10.0500,10.2500,9.2500,10.1000,60448
2017-06-02,7.0500,11.0000,7.0500,10.0000,111658
2017-05-26,7.8000,8.1500,6.9000,7.2000,41788
2017-05-19,9.0000,9.2500,7.7000,7.7500,49229
2017-05-12,8.8000,9.2500,8.4500,9.0500,39765
2017-05-05,8.1500,9.2000,8.1500,9.0000,45453
2017-04-28,8.4000,8.4000,7.8500,8.2500,38543
2017-04-21,7.9500,8.5000,7.8100,8.2500,42950
2017-04-13,7.5500,8.0000,7.4500,7.9000,39898
2017-04-07,6.7500,7.6000,6.6500,7.5500,183857
2017-03-31,8.6000,8.6500,6.2500,6.7500,92111
2017-03-24,8.9900,9.0000,8.3000,8.6500,24760
2017-03-17,9.0000,9.3000,8.8000,9.1000,26507
2017-03-10,8.9000,9.3000,8.8500,9.1000,11070
2017-03-03,9.4600,10.0000,8.8000,8.9000,28430
2017-02-24,8.8000,9.7500,8.4200,9.6500,60401
2017-02-17,7.2200,9.2500,7.2200,8.7500,127008
2017-02-10,7.8000,7.8000,7.1000,7.3000,99709
2017-02-03,8.1210,8.1210,6.9000,7.4000,124160
2017-01-27,9.8000,9.9500,8.1000,8.3000,263905
2017-01-20,9.6828,9.7727,9.2000,9.6978,36532
2017-01-13,9.9000,10.1500,9.4500,9.8000,42890
2017-01-06,9.9500,10.1000,9.6000,9.9807,26646
2016-12-30,9.7000,9.9500,9.3500,9.9500,43858
2016-12-23,9.6000,9.9200,9.4000,9.6500,37128
2016-12-16,10.5000,10.6140,9.3000,9.5500,67877
2016-12-09,9.3000,10.5450,9.2000,10.4000,81495
2016-12-02,9.6500,9.6500,8.9000,9.3000,59683
2016-11-25,9.4500,9.9000,8.8500,9.6500,74688
2016-11-18,9.3500,9.7000,8.4500,9.2000,106675
2016-11-11,9.1500,9.9000,9.0000,9.2500,152085
2016-11-04,9.5500,9.5500,9.0000,9.2000,27236
2016-10-28,9.9500,10.3500,9.4000,9.5500,117944
2016-10-21,9.6000,10.0500,8.6500,9.9000,140443
2016-10-14,11.3000,11.3300,10.1200,10.2200,305408
2016-10-07,11.2600,11.4400,11.1400,11.2650,59172
2016-09-30,11.2500,11.4200,10.8200,11.3800,72682
2016-09-23,11.1000,11.4000,10.8600,11.2500,40013
2016-09-16,12.3800,12.5680,10.7600,11.1500,119347
2016-09-09,12.7900,12.8400,12.4500,12.5459,40893
2016-09-02,11.8000,12.7818,11.2600,12.6896,116751
2016-08-26,11.4600,11.5400,10.9400,11.2700,88440
2016-08-19,11.7500,11.8666,11.4900,11.4900,49639
2016-08-12,11.4700,12.0500,11.4500,11.6500,113595
2016-08-05,13.4700,13.4700,11.3000,11.3700,101838
2016-07-29,13.6000,13.8800,13.3610,13.4600,65181
2016-07-22,13.3900,14.5200,13.2814,13.6000,61384
2016-07-15,12.7900,13.0900,12.5500,12.9400,74380
2016-07-08,11.4000,13.6800,10.9000,13.1100,157159
2016-07-01,10.8500,11.9600,10.2000,11.4000,117043
2016-06-24,10.1400,11.4100,10.0600,11.0000,63972
2016-06-17,10.3250,10.9300,9.8740,10.1601,82376
2016-06-10,11.2600,12.6260,10.4000,10.4100,132698
2016-06-03,10.9500,11.9900,10.3000,11.1100,147407
2016-05-27,12.6200,12.9000,10.2300,11.1400,205600
2016-05-20,12.9300,13.1300,12.5300,12.6400,28957
2016-05-13,13.6400,13.6900,12.5300,13.0899,74590
2016-05-06,14.1800,14.5920,11.5200,13.4700,92522
2016-04-29,14.2700,14.3400,14.0100,14.1200,49432
2016-04-22,13.6500,15.0300,13.5100,14.1200,70406
2016-04-15,13.6200,14.7500,12.0401,13.6700,86269
2016-04-08,14.0500,14.1000,12.8100,13.6200,82903
2016-04-01,12.2300,14.3876,11.3301,13.9400,140467
2016-03-24,12.4000,12.8019,11.2400,12.3800,81160
2016-03-18,11.7000,12.7500,11.5601,12.4400,137564
2016-03-11,11.8000,12.8900,10.9000,11.5100,104040
2016-03-04,11.0200,12.3500,11.0200,11.5500,100639
2016-02-26,11.2000,13.4000,10.8100,11.4700,167343
2016-02-19,10.0400,11.1700,9.7600,10.8900,82697
2016-02-12,9.6200,10.6500,9.1000,9.9500,84769
2016-02-05,10.5200,10.9300,9.6600,10.0299,122352
2016-01-29,11.7300,11.8000,9.9800,10.5300,142723
2016-01-22,9.3000,11.4100,8.7300,10.8100,163024
2016-01-15,11.2900,11.2900,8.6300,9.2220,148636
2016-01-08,10.6900,11.2650,9.0200,9.6300,180144
2015-12-31,12.7700,13.4899,10.4000,11.0700,165499
2015-12-24,13.8400,14.1600,12.5200,12.7700,192504
2015-12-18,13.7800,14.3500,12.6100,13.9300,228523
2015-12-11,17.1900,17.5852,13.4200,13.9500,291604
2015-12-04,12.3900,17.5000,12.0409,16.6800,309189
2015-11-27,13.3000,13.3900,11.0700,12.5563,332836
2015-11-20,12.5300,14.5000,12.5201,13.2701,220216
2015-11-13,11.5500,12.8700,11.5500,12.6900,99741
2015-11-06,12.6500,13.0300,10.6100,11.9500,246678
2015-10-30,10.6000,12.3400,10.2000,12.1000,143496
2015-10-23,10.0200,10.7500,9.9497,10.6000,95674
2015-10-16,8.5700,10.7050,8.2200,10.1200,238778
2015-10-09,6.9000,9.4400,6.4000,8.5600,288402
2015-10-02,7.3700,7.5500,6.3801,6.6310,86361
2015-09-25,6.9500,7.7390,6.9001,7.4000,76488
2015-09-18,6.8400,6.9700,6.6200,6.9700,63863
2015-09-11,6.5000,7.3500,6.5000,6.8900,104965
2015-09-04,5.6000,7.0000,5.6000,6.4500,272028
2015-08-28,4.6500,5.6620,4.3300,5.5500,75231
2015-08-21,4.6920,4.9100,4.5010,4.6200,23825
2015-08-14,4.8400,4.9800,4.6100,4.6100,2823
2015-08-07,4.7600,4.9900,4.7600,4.8030,8199
2015-07-31,4.7500,4.9500,4.7500,4.8960,7384
2015-07-24,4.8000,4.9500,4.6400,4.8600,15184
2015-07-17,4.6220,4.8600,4.6100,4.8400,9112
2015-07-10,4.7800,4.7800,4.5000,4.6220,24686
2015-07-02,4.8000,4.9155,4.6180,4.7500,23421
2015-06-26,4.9235,5.0900,4.8170,4.8620,23310
2015-06-19,4.8000,5.0999,4.2800,4.8895,23475
2015-06-12,4.8300,5.1000,4.7400,4.9200,40236
2015-06-05,4.7600,4.9400,4.5185,4.9350,38655
2015-05-29,4.3400,5.2500,4.3300,4.8300,47759
2015-05-22,4.3200,4.4900,4.2920,4.3700,12692
2015-05-15,4.4000,4.4000,4.2700,4.2700,7046
2015-05-08,4.2400,4.5300,4.1600,4.4000,41956
2015-05-01,4.3799,4.3900,4.2000,4.3000,9315
2015-04-24,4.4000,4.5000,4.1500,4.4000,6427
2015-04-17,4.3500,4.5199,4.1500,4.2100,11384
2015-04-10,3.9700,4.5200,3.9700,4.3900,28746
2015-04-02,4.1500,4.2330,4.0000,4.0000,23317
2015-03-27,4.0100,4.2700,4.0100,4.2000,8630
2015-03-20,4.1100,4.1500,3.9700,4.0300,41560
2015-03-13,4.2001,4.2600,4.0501,4.2600,28151
2015-03-06,4.3100,4.3690,4.2250,4.2500,10449
2015-02-27,4.2200,4.4500,4.2200,4.3100,11649
2015-02-20,4.2848,4.3990,4.2200,4.2200,11690
2015-02-13,4.1800,4.3700,4.1600,4.1800,22921
2015-02-06,4.2700,4.2800,3.8500,4.1200,50588
2015-01-30,4.1200,4.4200,4.1000,4.2790,29035
2015-01-23,4.4900,4.4900,4.1700,4.2200,44206
2015-01-16,5.8800,6.0000,4.2900,4.4000,101799
2015-01-09,4.8500,5.5200,4.8000,5.5000,96683
2015-01-02,4.6900,4.8800,4.6900,4.8520,16220
2014-12-26,4.5700,4.8200,4.4800,4.6400,36484
2014-12-19,4.6800,4.8500,4.4101,4.5800,30374
2014-12-12,4.8700,4.8800,4.6230,4.7485,40271
2014-12-05,4.2700,4.8600,4.2200,4.7646,80782
2014-11-28,4.2600,4.3800,4.2200,4.2200,52888
2014-11-21,4.3690,4.3900,4.1000,4.2700,87268
2014-11-14,4.2100,4.5000,4.1100,4.2900,127921
2014-11-07,4.2500,4.4700,4.1200,4.1200,85254
2014-10-31,4.2200,4.6200,4.2200,4.3700,15007
2014-10-24,4.1600,4.4999,4.1600,4.2200,19230
2014-10-17,4.3700,4.8200,3.9255,4.1600,75306
2014-10-10,4.3800,4.4400,4.3700,4.3700,9770
2014-10-03,4.7000,4.7000,4.3100,4.4100,19452
2014-09-26,4.8545,4.9000,4.7200,4.7200,12059
2014-09-19,4.7700,4.9300,4.7300,4.8300,19051
2014-09-12,4.8500,4.8987,4.7200,4.8800,9265
2014-09-05,4.9000,4.9000,4.7600,4.8500,10167
2014-08-29,4.8000,4.9000,4.7500,4.9000,24624
2014-08-22,4.9000,4.9000,4.7000,4.7300,24852
2014-08-15,4.8600,4.9500,4.6800,4.8500,13641
2014-08-08,4.7500,4.9500,4.7500,4.8100,53739
2014-08-01,4.7200,5.0000,4.7000,4.7500,49672
2014-07-25,4.5900,4.9900,4.5900,4.8500,104106
2014-07-18,3.9500,4.7400,3.8320,4.5900,106098
2014-07-11,3.9500,3.9500,3.8255,3.9000,32026
2014-07-03,3.7300,3.9500,3.5900,3.9100,26929
2014-06-27,3.8500,3.9500,3.6600,3.7221,33310
2014-06-20,3.8400,3.8700,3.7600,3.8500,19753
2014-06-13,3.8000,3.9000,3.7500,3.8375,19239
2014-06-06,3.7825,3.9000,3.7700,3.8500,23268
2014-05-30,3.7000,3.8799,3.6400,3.8490,23135
2014-05-23,3.8700,3.8800,3.6630,3.6630,30221
2014-05-16,3.8200,3.8527,3.7500,3.7630,5465
2014-05-09,3.8792,3.8800,3.7600,3.8499,8406
2014-05-02,3.7999,3.8900,3.7500,3.8800,14739
2014-04-25,3.8900,3.8900,3.5500,3.7851,38311
2014-04-17,3.7400,3.9000,3.7400,3.8300,13951
2014-04-11,3.7000,3.7400,3.5400,3.7000,13173
2014-04-04,3.7000,3.8100,3.6000,3.7603,11464
2014-03-28,3.6990,3.8100,3.6100,3.7100,10230
2014-03-21,3.6290,3.8400,3.6000,3.6200,37262
2014-03-14,3.7600,3.9574,3.5200,3.6100,58700
2014-03-07,3.7900,3.9190,3.4400,3.7600,55793
2014-02-28,3.7600,3.8800,3.6785,3.7450,12912
2014-02-21,3.7400,3.7700,3.6200,3.7700,15677
2014-02-14,3.7000,3.7399,3.4100,3.7100,48452
2014-02-07,3.5400,3.7400,3.3900,3.6400,34507
2014-01-31,3.6000,3.6000,3.3900,3.5800,20725
2014-01-24,3.7700,3.9300,3.5900,3.6400,42792
2014-01-17,3.1300,3.7800,3.0300,3.7800,59324
2014-01-10,3.4800,3.5000,2.9900,3.1400,38323
2014-01-03,3.0400,3.7900,3.0280,3.4100,75975
2013-12-27,3.0200,3.1300,2.9010,3.0900,13621
2013-12-20,3.0100,3.1498,2.8800,3.0500,15556
2013-12-13,3.2900,3.2903,3.0000,3.0101,20411
2013-12-06,3.1400,3.3000,3.0110,3.3000,34563
2013-11-29,3.0000,3.1130,3.0000,3.0470,9966
2013-11-22,2.8500,3.1200,2.8400,3.0000,34650
2013-11-15,2.8345,3.0000,2.7600,2.8500,18230
2013-11-08,2.9000,2.9000,2.7500,2.7701,24204
2013-11-01,2.9950,2.9990,2.8567,2.8742,13072
2013-10-25,2.9001,3.1200,2.7510,3.0400,34550
2013-10-18,2.8000,3.0200,2.7210,2.8700,28024
2013-10-11,2.8100,2.8500,2.6500,2.7100,27195
2013-10-04,2.7000,2.7799,2.6300,2.7700,21940
2013-09-27,2.6600,2.7590,2.6200,2.6500,63831
2013-09-20,2.7800,2.8001,2.4500,2.7100,75774
2013-09-13,3.0500,3.0599,2.6000,2.7998,37474
2013-09-06,3.0500,3.0599,3.0000,3.0457,15119
2013-08-30,3.0699,3.1000,3.0100,3.0690,14340
2013-08-23,3.0501,3.0800,3.0400,3.0644,18739
2013-08-16,3.0900,3.0900,3.0500,3.0500,22232
2013-08-09,3.1700,3.1700,3.0700,3.0900,9760
2013-08-02,3.1000,3.2700,3.1000,3.1000,46223
2013-07-26,3.1000,3.1200,3.0300,3.1200,14852
2013-07-19,3.1800,3.2799,3.0510,3.0800,10970
2013-07-12,3.1610,3.2900,3.0500,3.1800,22009
2013-07-05,3.1000,3.1899,3.0400,3.1584,7933
2013-06-28,3.4100,3.4100,3.0300,3.1300,32082
2013-06-21,3.4200,3.4800,3.3700,3.3900,24996
2013-06-14,3.5200,3.5900,3.4200,3.4400,11454
2013-06-07,3.5668,3.5900,3.5100,3.5500,18447
2013-05-31,3.5920,3.6000,3.5200,3.5500,20149
2013-05-24,3.5700,3.6275,3.5000,3.5500,64716
2013-05-17,3.5510,3.5700,3.5100,3.5685,22570
2013-05-10,3.5100,3.5899,3.5000,3.5100,53821
2013-05-03,3.5500,3.6800,3.4500,3.5100,50927
2013-04-26,3.5016,3.6000,3.4646,3.5600,19561
2013-04-19,3.5700,3.5700,3.4000,3.5000,26875
2013-04-12,3.7400,3.7900,3.5000,3.5500,40168
2013-04-05,3.8200,3.8500,3.6700,3.7320,20047
2013-03-28,3.7800,3.8400,3.7300,3.8200,15934
2013-03-22,3.8960,3.8960,3.7600,3.7600,27799
2013-03-15,4.0000,4.0000,3.8000,3.8999,46578
2013-03-08,3.8800,3.9800,3.8201,3.8500,62006
2013-03-01,3.9000,3.9300,3.8400,3.8780,39155
2013-02-22,3.8500,3.9064,3.8200,3.8820,14405
2013-02-15,3.9000,3.9800,3.8000,3.8800,45650
2013-02-08,3.9000,3.9699,3.8500,3.9300,34045
2013-02-01,3.9100,3.9900,3.8600,3.8600,39908
2013-01-25,3.8700,3.9900,3.8600,3.9100,17480
2013-01-18,3.9900,4.0000,3.8800,3.8800,11438
2013-01-11,3.9199,3.9900,3.8600,3.9900,15142
2013-01-04,3.8100,4.0000,3.7900,3.9100,37608
2012-12-28,4.0400,4.0500,3.8000,3.8690,33578
2012-12-21,3.9200,4.0100,3.8100,4.0100,24607
2012-12-14,4.0472,4.1500,3.8000,3.8550,54896
2012-12-07,3.9500,4.1000,3.9500,4.0200,36923
2012-11-30,3.9201,3.9500,3.8500,3.8600,25676
2012-11-23,3.9000,3.9500,3.8862,3.9390,8441
2012-11-16,3.9800,3.9900,3.7500,3.8500,20914
2012-11-09,3.9600,4.0400,3.9000,3.9100,11603
2012-11-02,3.9744,4.0300,3.8800,4.0199,13614
2012-10-26,4.0200,4.0399,3.8900,4.0399,21837
2012-10-19,4.0000,4.0400,3.9600,4.0000,17300
2012-10-12,3.9500,4.0000,3.9300,4.0000,14772
2012-10-05,3.9300,4.0399,3.8800,3.8901,21025
2012-09-28,3.9700,4.0000,3.8800,3.8900,10311
2012-09-21,3.8900,4.0200,3.8500,3.9600,40303
2012-09-14,4.0000,4.2499,3.9000,4.0000,105355
2012-09-07,3.9200,4.0100,3.8700,3.9858,19823
2012-08-31,3.9300,4.0500,3.8400,3.9500,6661
2012-08-24,3.9300,4.0000,3.7600,3.8520,25570
2012-08-17,4.0000,4.1000,3.7500,4.0000,35056
2012-08-10,4.0200,4.2000,3.9200,4.0000,25152
2012-08-03,4.2000,4.2500,3.8800,3.9500,33725
2012-07-27,4.0300,4.2300,3.8800,4.1900,25472
2012-07-20,4.0500,4.1000,3.9200,4.0100,9085
2012-07-13,4.0000,4.2000,3.9999,4.0700,9855
2012-07-06,4.0000,4.2100,3.8801,3.9800,20874
2012-06-29,4.3500,4.3500,3.9200,4.0425,21152
2012-06-22,4.3800,4.4000,4.3000,4.3410,15252
2012-06-15,4.4100,4.6399,3.8800,4.4200,22138
2012-06-08,4.6600,4.7399,4.3000,4.3400,45699
2012-06-01,4.6000,4.7400,4.3100,4.6400,15400
2012-05-25,4.5300,4.6900,4.2500,4.6499,14865
2012-05-18,4.4800,4.7000,4.4500,4.5999,9873
2012-05-11,4.8000,4.8000,4.4100,4.5100,5283
2012-05-04,4.7500,4.9500,4.5000,4.8000,31127
2012-04-27,4.3800,4.9000,4.3500,4.7900,20546
2012-04-20,4.6400,4.7000,4.1200,4.3800,28075
2012-04-13,4.8100,4.9300,4.5500,4.6400,22058
2012-04-05,4.9400,4.9400,4.6500,4.8700,15650
2012-03-30,4.7850,4.9800,4.7500,4.9500,6267
2012-03-23,4.8600,4.9500,4.8500,4.9500,5765
2012-03-16,4.9700,5.0000,4.8720,4.8800,21617
2012-03-09,4.9500,5.0499,4.8601,4.9400,24896
2012-03-02,4.8700,5.0000,4.8280,5.0000,8657
2012-02-24,4.9100,4.9900,4.8300,4.9000,17764
2012-02-17,4.8000,4.9900,4.7500,4.9499,16723
2012-02-10,4.8500,5.0000,4.7900,4.8313,17176
2012-02-03,4.9100,4.9900,4.7900,4.8501,6379
2012-01-27,4.7800,5.0000,4.7800,4.9200,5566
2012-01-20,5.1900,5.1900,4.8000,4.8040,20267
2012-01-13,5.1500,5.1600,4.8500,5.1500,13112
2012-01-06,5.1500,5.1500,4.9200,5.0400,3415
2011-12-30,5.0000,5.1430,4.7800,5.0100,14185
2011-12-23,5.2600,5.2800,4.7800,5.0000,24017
2011-12-16,5.1000,5.3300,4.8900,4.8900,9347
2011-12-09,5.3300,5.4000,5.0500,5.3500,7903
2011-12-02,5.1800,5.3500,5.0500,5.3248,6836
2011-11-25,5.1000,5.4000,5.0200,5.2000,4395
2011-11-18,5.1500,5.4000,5.0900,5.0900,4666
2011-11-11,5.4500,5.5600,3.8000,5.1800,32884
2011-11-04,5.5000,5.5999,5.3700,5.4500,5569
2011-10-28,5.2800,5.5900,5.2800,5.3600,3134
2011-10-21,5.2000,5.5500,5.0500,5.4100,25930
2011-10-14,5.4199,5.4199,5.1000,5.2000,11098
2011-10-07,5.2600,5.4700,5.1500,5.2600,10910
2011-09-30,5.4000,5.4000,5.1200,5.2600,10719
2011-09-23,5.4100,5.5499,5.3500,5.4900,3261
2011-09-16,5.3200,5.5500,5.3200,5.4100,9008
2011-09-09,5.2900,5.7000,5.2900,5.5500,9850
2011-09-02,5.0901,5.3500,5.0900,5.3500,7120
2011-08-26,5.1600,5.3799,5.0000,5.0700,19071
2011-08-19,5.0901,5.2500,5.0600,5.0600,22961
2011-08-12,5.5000,5.5000,5.1000,5.2500,30617
2011-08-05,5.4900,5.6000,5.3501,5.5000,6588
2011-07-29,5.5300,5.5800,5.3500,5.5000,33574
2011-07-22,5.5300,5.6400,5.4300,5.5900,19656
2011-07-15,5.5000,5.6500,5.4400,5.4901,9397
2011-07-08,5.4700,5.5000,5.4000,5.4500,6655
2011-07-01,5.3900,5.4700,5.3700,5.4700,7300
2011-06-24,5.5500,5.6399,5.2800,5.3700,10655
2011-06-17,5.4600,5.8100,5.2900,5.5500,18375
2011-06-10,5.5200,5.7475,5.3600,5.5000,26038
2011-06-03,5.5100,5.6500,5.5000,5.5900,7489
2011-05-27,5.7782,5.8199,4.1800,5.4240,54058
2011-05-20,5.8900,5.8900,5.7000,5.7099,7814
2011-05-13,5.7900,5.9500,5.6660,5.9500,10946
2011-05-06,5.6500,5.8500,5.6500,5.7900,10013
2011-04-29,5.7500,5.9000,5.5500,5.8000,19829
2011-04-21,5.7600,5.9499,5.7300,5.7500,6127
2011-04-15,5.9536,5.9999,5.8000,5.8200,13971
2011-04-08,6.1799,6.1799,5.7500,6.0000,55282
2011-04-01,6.2500,6.4000,5.8500,6.0000,39386
2011-03-25,6.5900,6.6000,6.2800,6.3700,3953
2011-03-18,6.5500,6.5999,6.2778,6.5500,10492
2011-03-11,6.8300,6.9000,6.5000,6.5000,16897
2011-03-04,6.5300,6.7200,6.2500,6.5600,9200
2011-02-25,6.7200,6.7200,6.5300,6.7199,4133
2011-02-18,6.7500,6.8000,6.5200,6.7200,7462
2011-02-11,6.7000,6.8000,6.5000,6.8000,13133
2011-02-04,6.8000,6.8000,6.7000,6.8000,5450
2011-01-28,6.8000,6.8000,6.6000,6.7800,4947
2011-01-21,6.6300,6.8000,6.6000,6.6000,10581
2011-01-14,6.6100,6.7900,6.6100,6.6700,5675
2011-01-07,6.8500,6.9099,6.6000,6.6800,9930
2010-12-31,7.0000,7.0000,6.6200,6.8500,19489
2010-12-23,6.7900,6.9600,6.6101,6.9500,87265
2010-12-17,6.9100,6.9100,6.6200,6.7200,10394
2010-12-10,6.9000,6.9300,6.6000,6.6100,27887
2010-12-03,6.4000,6.9600,6.1101,6.9300,22919
2010-11-26,6.6900,6.6900,6.2016,6.4000,2543
2010-11-19,6.4480,6.9500,6.3500,6.3500,6805
2010-11-12,6.5100,6.7000,6.3300,6.4500,2720
2010-11-05,6.0500,6.7000,6.0500,6.6500,8494
2010-10-29,6.0900,6.1600,6.0200,6.1600,10301
2010-10-22,6.0300,6.1600,6.0200,6.1000,6798
2010-10-15,6.0000,6.1600,6.0000,6.1500,3758
2010-10-08,6.0200,7.0000,6.0200,6.0500,9828
2010-10-01,6.0001,6.1600,6.0000,6.0500,2904
2010-09-24,6.1200,6.4700,5.9200,6.1500,14047
2010-09-17,5.5800,6.1600,5.5800,5.8100,14177
2010-09-10,5.8500,6.1600,5.5600,5.6000,31620
2010-09-03,5.5000,5.8500,5.4800,5.8500,3526
2010-08-27,5.6000,5.8500,5.5000,5.5000,30634
2010-08-20,5.5800,5.9600,5.5000,5.7800,21200
2010-08-13,5.6001,5.9400,5.5500,5.9400,14777
2010-08-06,5.3600,5.8000,5.3600,5.8000,24431
2010-07-30,5.4900,5.6000,5.2950,5.4101,6649
2010-07-23,5.6740,5.9200,5.3101,5.4900,20481
2010-07-16,5.7500,5.8215,5.1800,5.3600,12100
2010-07-09,5.4000,5.7800,5.4000,5.7200,14496
2010-07-02,5.4300,5.5500,5.2500,5.5000,15901
2010-06-25,5.7000,5.7500,5.4300,5.4500,9055
2010-06-18,5.5001,5.7000,5.4200,5.6985,14677
2010-06-11,5.5000,5.7000,5.5000,5.6000,2875
2010-06-04,5.8700,5.8700,5.1500,5.4500,49798
2010-05-28,6.1600,6.2500,5.9650,5.9650,24483
2010-05-21,6.1281,6.2500,6.0500,6.1600,13985
2010-05-14,6.2400,6.2400,6.0500,6.0500,17115
2010-05-07,6.1600,6.2400,6.0500,6.1400,5447
2010-04-30,6.1732,6.3600,6.1000,6.1600,20270
2010-04-23,6.3900,6.3900,6.1100,6.2250,15606
2010-04-16,6.1000,6.3900,6.0600,6.1000,9703
2010-04-09,6.2000,6.2500,6.0600,6.2500,16575
2010-04-01,6.1900,6.2500,6.1000,6.1000,4072
2010-03-26,6.2700,6.3000,6.1500,6.2190,22109
2010-03-19,6.5000,6.6600,6.1801,6.1950,15565
2010-03-12,6.1500,6.4000,6.1000,6.1535,11183
2010-03-05,6.1000,6.1500,6.0980,6.1500,13033
2010-02-26,6.0900,6.1899,5.9507,6.1000,12150
2010-02-19,6.1400,6.1500,6.0100,6.0500,2015
2010-02-12,6.0500,6.1500,6.0000,6.1100,2555
2010-02-05,6.1500,6.4800,6.0500,6.1100,10647
2010-01-29,5.9500,6.1900,5.9000,6.0000,16370
2010-01-22,6.1000,6.1900,5.6001,5.9300,7138
2010-01-15,5.9500,6.3500,5.5500,6.1900,54025
2010-01-08,5.9100,6.0500,5.5500,5.9000,12373
2009-12-31,5.8100,6.0500,5.7000,5.9999,20206
2009-12-24,5.8300,5.9000,5.3900,5.8800,20154
2009-12-18,5.8800,5.9500,5.7000,5.9500,8951
2009-12-11,5.5000,5.9500,5.4100,5.9400,19061
2009-12-04,5.3000,5.5499,5.2100,5.4899,8085
2009-11-27,5.4500,5.4500,5.0600,5.4500,2397
2009-11-20,5.2600,5.4500,5.1400,5.4500,13522
2009-11-13,5.1500,5.4500,4.9500,5.4500,34926
2009-11-06,4.9800,5.2400,4.8500,5.1500,17700
2009-10-30,5.2000,5.2500,4.9500,4.9800,11307
2009-10-23,4.8000,5.1400,4.8000,5.1400,8031
2009-10-16,5.2499,5.2499,4.7600,5.0250,8653
2009-10-09,5.2500,5.4500,5.1200,5.2500,24168
2009-10-02,5.4500,5.4800,5.1500,5.3000,9099
2009-09-25,5.0100,5.4000,5.0100,5.3900,13839
2009-09-18,5.4500,5.5500,5.0000,5.0000,393974
2009-09-11,5.5000,5.6612,5.0550,5.5800,5839
2009-09-04,5.1500,5.5000,4.8700,5.0800,16734
2009-08-28,4.9201,5.1500,4.8600,5.1500,4598
2009-08-21,5.0000,5.2400,4.8000,4.9100,6785
2009-08-14,5.0000,5.2500,4.7600,5.1500,6869
2009-08-07,4.8000,5.1500,4.7708,4.9600,4125
2009-07-31,4.8900,5.0000,4.5600,5.0000,9840
2009-07-24,4.8500,5.1500,4.5100,4.8500,10486
2009-07-17,5.1000,5.2500,4.9500,5.0000,4463
2009-07-10,5.0000,5.2444,4.7700,5.1000,8240
2009-07-02,5.1000,5.1000,5.0500,5.1000,1200
2009-06-26,5.2160,5.2500,4.4000,5.2500,8554
2009-06-19,4.8000,5.3799,4.6700,4.7600,3253
2009-06-12,5.2120,5.4000,4.7100,4.8000,1301
2009-06-05,5.1600,5.8748,5.1500,5.5300,6886
2009-05-29,5.1600,5.5000,5.1500,5.5000,3474
2009-05-22,5.7100,5.7200,5.1500,5.4900,6688
2009-05-15,5.3360,6.0500,5.1612,5.2070,10676
2009-05-08,5.1500,6.0400,5.0379,5.3000,13115
2009-05-01,4.9000,5.8232,4.9000,5.5000,25636
2009-04-24,4.2000,4.9600,4.2000,4.9600,13078
2009-04-17,4.7100,4.8200,3.7518,4.2000,5687
2009-04-09,3.7000,4.7000,3.6000,4.7000,15337
2009-04-03,3.6600,4.0000,3.6600,3.9800,1402
2009-03-27,3.9000,4.0000,3.6600,3.6600,828
2009-03-20,3.6500,3.9000,3.6500,3.9000,6550
2009-03-13,3.4999,3.6500,3.1000,3.6500,12676
2009-03-06,3.7399,3.7399,3.3500,3.4700,18219
2009-02-27,3.8400,3.8400,3.1600,3.5800,6542
2009-02-20,3.7400,3.7500,3.1700,3.6000,10105
2009-02-13,3.6500,3.9800,3.3500,3.4688,7861
2009-02-06,3.7500,3.7501,3.2800,3.6500,4866
2009-01-30,3.7500,4.2000,3.7500,3.9800,7837
2009-01-23,3.9000,4.0900,3.7600,3.9800,3916
2009-01-16,3.7900,3.9300,3.4800,3.9000,4497
2009-01-09,4.0000,4.0000,3.7500,3.7500,274
2009-01-02,4.0000,4.0800,3.1300,3.7000,35613
2008-12-26,4.2000,4.2000,3.5200,4.0900,6237
2008-12-19,3.5600,4.4650,3.3000,4.2300,14225
2008-12-12,3.8000,4.4400,3.2920,3.8200,8968
2008-12-05,3.1101,4.3900,3.1101,4.0000,20003
2008-11-28,3.2400,3.7900,3.2350,3.7499,1930
2008-11-21,4.0000,4.0000,3.1700,3.7528,12802
2008-11-14,4.1500,4.3800,4.0000,4.0000,1487
2008-11-07,4.4500,4.4500,4.0400,4.1500,5709
2008-10-31,4.0000,4.8500,3.6100,4.4500,8806
2008-10-24,3.9900,4.0300,3.9900,4.0000,3084
2008-10-17,4.0000,4.0100,3.6000,3.9900,6696
2008-10-10,4.5100,4.7050,3.3000,3.6000,32526
2008-10-03,4.4000,4.5500,3.7500,4.5100,19722
2008-09-26,4.7500,5.2500,4.7500,4.8000,2300
2008-09-19,5.4300,5.4350,4.4510,4.5000,13810
2008-09-12,5.5000,5.6750,4.9400,5.4300,13542
2008-09-05,5.1800,5.5380,5.1100,5.5000,3402
2008-08-29,5.6400,5.7400,5.2900,5.2900,2417
2008-08-22,5.3100,5.4000,5.1300,5.3000,4200
2008-08-15,5.3300,5.7000,5.2000,5.4000,9617
2008-08-08,5.4200,5.7450,5.1300,5.2500,3688
2008-08-01,5.2000,5.8800,5.1000,5.3100,9897
2008-07-25,5.6000,5.6000,5.0300,5.0500,4905
2008-07-18,5.0000,5.6000,4.9900,5.6000,16660
2008-07-11,5.7600,5.8850,4.8500,4.8947,11002
2008-07-03,5.3400,5.9800,5.2500,5.8999,7467
2008-06-27,5.6100,5.8300,5.2200,5.5000,3000
2008-06-20,5.5600,5.8600,5.4000,5.6100,9280
2008-06-13,5.8500,6.1881,5.2000,5.9400,14009
2008-06-06,6.1100,6.3600,6.0500,6.3000,11116
2008-05-30,6.3400,6.4000,5.5701,6.0400,16578
2008-05-23,6.3300,6.6300,6.1600,6.3300,3871
2008-05-16,6.0700,6.4600,5.6400,6.2000,6218
2008-05-09,6.4600,6.8000,6.2000,6.2000,6750
2008-05-02,5.9400,6.4699,5.4000,6.4500,8493
2008-04-25,5.3200,5.9800,5.3200,5.9400,128937
2008-04-18,5.5600,5.7000,5.2600,5.3600,73962
2008-04-11,5.7600,5.9000,5.5600,5.7000,21850
2008-04-04,5.7100,6.0000,5.7100,5.7700,6790
2008-03-28,5.5500,5.7100,5.5500,5.6900,36589
2008-03-20,5.5100,5.8100,5.5100,5.8100,1221
2008-03-14,5.6500,5.7000,5.6250,5.6700,4454
2008-03-07,5.7100,5.7100,5.4900,5.5000,35794
2008-02-29,5.8400,6.1000,5.5000,5.7000,5556
2008-02-22,5.7400,5.8500,5.5600,5.7500,6001
2008-02-15,5.9000,6.3701,5.6200,5.7500,11540
2008-02-08,6.3800,6.4000,5.8600,6.3800,3755
2008-02-01,5.9000,6.5900,5.8100,6.2800,4397
2008-01-25,5.9000,6.3800,5.6600,6.0000,4693
2008-01-18,5.8000,6.1900,5.6300,5.6500,14952
2008-01-11,5.7500,5.7900,5.2100,5.7600,10224
2008-01-04,5.3500,5.6000,5.2000,5.6000,1207
2007-12-28,5.6299,5.8000,5.5000,5.5500,2222
2007-12-21,5.8000,5.8000,5.2700,5.4100,21709
2007-12-14,5.5100,5.9300,5.1900,5.4000,62295
2007-12-07,5.5000,5.7000,5.4000,5.6500,22480
2007-11-30,5.9900,7.2800,5.3000,5.5000,186224
2007-11-23,5.9100,5.9900,5.8000,5.9900,6492
2007-11-16,5.8800,6.1000,5.8800,6.0000,20040
2007-11-09,6.2000,6.2000,6.0000,6.0000,56609
2007-11-02,6.5000,6.5000,6.0500,6.1000,31638
2007-10-26,6.5300,6.5300,6.1900,6.2700,29095
2007-10-19,6.2500,6.6500,6.1900,6.1900,17454
2007-10-12,6.6500,6.9600,6.2500,6.3000,3147
2007-10-05,6.3000,6.7500,6.3000,6.5000,3696
2007-09-28,6.6500,6.8000,6.2500,6.4500,3152
2007-09-21,6.9300,7.1400,6.2500,6.2800,10073
2007-09-14,6.1540,7.0100,6.1200,6.6100,6201
2007-09-07,6.5800,6.6100,6.1600,6.1700,2935
2007-08-31,6.6800,7.1200,6.2500,6.5000,23731
2007-08-24,6.0000,7.8900,6.0000,6.6800,48193
2007-08-17,6.5400,6.6300,5.8900,6.0500,11033
2007-08-10,6.9500,6.9500,5.8499,6.4400,52035
2007-08-03,6.7000,6.9899,6.5500,6.8900,4908
2007-07-27,8.0500,8.1300,6.7200,7.0000,23675
2007-07-20,8.0000,8.0000,7.7100,7.9900,1316
2007-07-13,7.5300,8.0000,7.1900,8.0000,8701
2007-07-06,7.7301,8.1000,7.5200,7.7000,5627
2007-06-29,8.0900,8.1900,7.7400,7.9400,23202
2007-06-22,7.7400,8.1900,7.7300,7.7700,11808
2007-06-15,8.1600,8.1900,7.7200,7.7200,6929
2007-06-08,8.2500,8.4400,7.8100,8.4400,3829
2007-06-01,7.9700,8.2500,7.9700,8.2000,1850
2007-05-25,7.8500,8.2500,7.7000,8.2190,14752
2007-05-18,7.5950,8.2000,7.5950,7.8500,4394
2007-05-11,7.5100,8.1000,7.1800,7.7800,62518
2007-05-04,7.9400,7.9500,7.3200,7.5000,4800
2007-04-27,7.7961,8.1400,7.7200,7.7500,19117
2007-04-20,7.8300,7.9500,7.6000,7.9400,22768
2007-04-13,7.8520,7.9400,7.8001,7.8300,3900
2007-04-05,7.8100,8.0900,7.8000,7.9800,3884
2007-03-30,8.1000,8.1700,7.7600,7.8100,13214
2007-03-23,7.8600,8.1900,7.7500,7.8600,41349
2007-03-16,7.7000,7.9000,7.5000,7.7500,20002
2007-03-09,7.7800,7.8800,7.6500,7.7000,5096
2007-03-02,7.7100,7.7100,7.6500,7.6500,2756
2007-02-23,7.7100,7.8700,7.6100,7.8600,15963
2007-02-16,7.8500,7.8799,7.5001,7.7600,4825
2007-02-09,7.4100,7.8400,7.2601,7.8400,6096
2007-02-02,7.1700,7.8800,7.1700,7.4800,15325
2007-01-26,7.7400,7.7400,7.2800,7.2800,2750
2007-01-19,7.7500,7.7800,7.0000,7.6399,13011
2007-01-12,6.8300,7.7400,6.8300,7.6900,32258
2007-01-05,7.2500,7.2500,6.9500,7.0391,2801
2006-12-29,7.2600,7.4900,7.1500,7.2500,2715
2006-12-22,6.8600,7.4300,6.6000,7.4300,6529
2006-12-15,6.7500,7.1100,6.5500,6.8600,19346
2006-12-08,6.8500,6.8900,6.5000,6.7500,41057
2006-12-01,6.7625,6.9900,6.5400,6.7000,24311
2006-11-24,6.9300,7.2200,6.7500,7.0000,6779
2006-11-17,6.7301,7.3000,6.5100,6.9200,6798
2006-11-10,6.6000,7.2000,6.2400,7.1199,10669
2006-11-03,7.3400,7.3820,6.5200,6.7500,9942
2006-10-27,7.5000,7.8800,7.3540,7.3540,5784
2006-10-20,7.8000,7.8000,7.6000,7.6000,843
2006-10-13,7.2500,7.8000,7.2500,7.8000,11121
2006-10-06,6.8000,7.4500,6.7700,7.4500,7453
2006-09-29,6.8000,6.9800,6.8000,6.9000,1788
2006-09-22,6.7740,6.9620,6.5000,6.8000,3100
2006-09-15,6.7936,6.8520,6.7740,6.7740,600
2006-09-08,6.7000,6.9000,6.7000,6.7936,3200
2006-09-01,6.3900,6.7000,6.3800,6.7000,5995
2006-08-25,6.4000,6.9900,6.1000,6.2360,7121
2006-08-18,6.8600,6.8600,6.3000,6.4900,3789
2006-08-11,6.6700,6.8600,6.1000,6.8600,5139
2006-08-04,6.9500,7.0000,6.5100,7.0000,7193
2006-07-28,7.1000,7.4500,6.9500,6.9500,8986
2006-07-21,7.0100,7.6400,7.0000,7.4500,19118
2006-07-14,7.0000,7.3400,7.0000,7.0100,10934
2006-07-07,7.1700,7.3099,7.0000,7.0000,1100
2006-06-30,7.0700,7.9000,7.0000,7.1700,13908
2006-06-23,7.2300,7.2500,7.0200,7.2500,1927
2006-06-16,7.0800,7.2500,7.0200,7.2400,3633
2006-06-09,7.2500,7.3500,6.7500,7.2500,10341
2006-06-02,7.0900,7.4500,6.8500,7.2500,15910
2006-05-26,7.5600,7.6250,7.0000,7.0900,37082
2006-05-19,7.7600,7.7600,7.4000,7.5600,3866
2006-05-12,7.8000,7.8900,7.2500,7.4000,5633
2006-05-05,7.6600,7.8500,7.4000,7.8500,9268
2006-04-28,7.6100,8.2500,7.5100,7.6600,22108
2006-04-21,7.9100,8.0500,7.6000,7.6100,15146
2006-04-13,7.9500,8.2660,7.9500,8.0500,2194
2006-04-07,8.0500,8.2799,7.9500,7.9500,2755
2006-03-31,8.0500,8.0500,8.0500,8.0500,501
2006-03-24,8.0500,8.2600,8.0500,8.0875,5192
2006-03-17,8.2500,8.8500,8.0500,8.0800,33649
2006-03-10,8.0100,8.1800,8.0100,8.0500,36409
2006-03-03,8.0400,8.2500,7.8000,8.2000,33825
2006-02-24,7.6600,8.1500,7.6500,8.0500,27003
2006-02-17,7.9900,8.1400,7.5000,7.7600,16852
2006-02-10,8.0500,8.1500,7.9900,7.9900,3005
2006-02-03,8.2000,8.5700,8.2000,8.2500,2317
2006-01-27,8.0000,8.2500,7.6660,8.2500,14000
2006-01-20,8.0000,8.3000,8.0000,8.0000,5100
2006-01-13,8.1100,8.5500,7.4200,8.1700,18900
2006-01-06,8.5100,8.5600,8.1710,8.5000,14500
2005-12-30,7.8500,8.4900,7.8500,8.1000,6200
2005-12-23,8.3000,8.4404,7.8100,8.0000,56500
2005-12-16,8.4400,8.4400,7.8600,8.2560,7000
2005-12-09,8.1600,8.5000,8.1600,8.2700,27500
2005-12-02,8.3500,8.7900,7.8200,8.5000,14300
2005-11-25,8.1925,8.4600,7.7700,8.3600,11200
2005-11-18,8.2500,8.5900,8.0500,8.0500,9600
2005-11-11,7.9500,8.4400,7.9500,8.2500,4700
2005-11-04,8.1500,8.2299,7.7000,7.9500,5700
2005-10-28,8.5500,8.6000,7.8000,8.1200,5400
2005-10-21,9.1600,9.1600,8.1800,8.4550,4700
2005-10-14,9.2010,9.2025,8.8500,8.8500,4700
2005-10-07,9.2100,9.4000,9.1160,9.1160,18600
2005-09-30,9.0100,9.3100,9.0100,9.3100,7100
2005-09-23,9.2100,9.5600,9.0100,9.2100,11600
2005-09-16,9.9299,9.9299,8.5500,9.2000,14900
2005-09-09,9.8600,10.2000,9.6550,9.6550,32000
2005-09-02,10.3100,10.3600,9.7000,10.0000,2800
2005-08-26,10.2100,10.6100,10.0910,10.6100,16400
2005-08-19,10.4500,10.4500,10.2500,10.2600,3000
2005-08-12,10.2110,10.3500,10.2110,10.2600,19100
2005-08-05,10.2700,10.2900,10.2000,10.2100,12400
2005-07-29,10.2500,10.6000,10.0500,10.3400,22000
2005-07-22,10.4000,10.5000,10.2100,10.4000,18600
2005-07-15,10.2320,10.3000,10.1600,10.3000,7200
2005-07-08,10.7500,10.7500,10.1700,10.1700,2400
2005-07-01,10.2000,10.5000,10.2000,10.2000,32100
2005-06-24,10.1800,10.4200,10.1500,10.4200,12400
2005-06-17,10.3700,10.4000,10.1100,10.1200,14700
2005-06-10,10.1600,10.4200,10.1500,10.2800,51200
2005-06-03,10.0500,10.4100,10.0500,10.1000,2900
2005-05-27,10.1400,10.5100,10.1400,10.4100,12900
2005-05-20,10.1500,10.5440,10.1200,10.1400,16400
2005-05-13,10.6000,13.0400,10.1500,10.7600,27552
2005-05-06,10.5600,10.6000,10.0500,10.3000,8500
2005-04-29,10.0100,10.5700,10.0100,10.3000,19600
2005-04-22,10.2500,10.3990,10.1700,10.3990,17400
2005-04-15,10.1500,10.3500,10.0500,10.3000,13300
2005-04-08,10.3000,10.3380,10.0500,10.1500,5300
2005-04-01,10.3500,10.6390,10.3500,10.4300,7200
2005-03-24,10.5200,10.5500,10.3500,10.5200,3400
2005-03-18,10.3660,10.9800,10.3600,10.9800,22800
2005-03-11,10.2500,10.7800,10.2500,10.4000,48900
2005-03-04,10.3400,10.8900,10.2000,10.5000,26100
2005-02-25,10.3100,10.9000,10.2510,10.6100,17700
2005-02-18,10.3900,10.7800,10.1500,10.5200,19100
2005-02-11,10.2800,10.9900,10.2800,10.4900,8800
2005-02-04,10.1000,11.8100,10.1000,10.3500,29900
2005-01-28,10.0900,10.2500,10.0900,10.2300,61800
2005-01-21,10.1200,10.2500,10.0500,10.1000,48600
2005-01-14,10.2000,10.8500,10.1600,10.1600,22000
2005-01-07,10.3100,10.4400,10.0500,10.2000,47900
2004-12-31,10.3900,10.6100,10.1000,10.3100,34800
2004-12-23,10.1600,10.4000,10.1500,10.3190,73200
2004-12-17,10.0810,10.3000,10.0800,10.1700,39400
2004-12-10,10.3010,10.3800,10.0400,10.0800,54900
2004-12-03,10.2200,10.3900,10.2200,10.3000,35900
2004-11-26,10.1600,10.3500,10.1600,10.2200,51800
2004-11-19,10.4400,10.4400,10.1500,10.3000,74200
2004-11-12,10.2500,10.4300,9.7000,10.4300,80300
2004-11-05,10.0000,10.4500,10.0000,10.2600,94600
2004-10-29,13.1200,13.1200,10.0000,10.4500,129900
2004-10-22,13.0000,13.4000,12.8500,12.9100,108100
2004-10-15,13.3400,13.7000,12.8500,13.0700,69300
2004-10-08,13.0200,13.4000,12.9600,13.0800,57900
2004-10-01,13.0000,13.4000,12.5500,12.9590,57200
2004-09-24,13.2400,13.2400,12.0900,12.9990,38400
2004-09-17,12.7800,13.0000,12.3000,12.9900,35300
2004-09-10,12.7200,13.1300,11.8000,12.7000,60700
2004-09-03,11.5000,12.1200,11.5000,11.7500,54400
2004-08-27,11.5310,11.7390,11.5000,11.5000,54000
2004-08-20,11.4900,11.6700,11.4000,11.5500,20900
2004-08-13,11.5000,11.6300,11.3900,11.4000,55300
2004-08-06,11.5100,11.5100,11.3000,11.4100,49300
2004-07-30,11.3900,11.5500,11.3900,11.3900,51900
2004-07-23,11.5000,11.5000,11.3900,11.3900,19300
2004-07-16,11.0900,11.4200,11.0900,11.4100,36300
2004-07-09,11.0900,11.2500,11.0900,11.1000,20300
2004-07-02,11.0100,11.0900,11.0100,11.0300,52100
2004-06-25,10.9000,11.4500,10.6000,11.0100,30700
2004-06-18,11.0400,11.1990,10.8100,11.0900,51400
2004-06-10,11.1500,11.6000,10.8000,10.9800,27900
2004-06-04,10.8000,10.8100,10.8000,10.8000,12600
2004-05-28,12.0000,12.0000,10.6000,10.8000,47700
2004-05-21,10.8000,11.1500,10.7000,10.7900,31000
2004-05-14,10.6100,10.8000,10.1500,10.8000,31300
2004-05-07,10.3200,10.3500,10.1500,10.1600,29300
2004-04-30,10.1000,10.6100,10.1000,10.2500,9400
2004-04-23,10.2500,10.4500,10.1000,10.2000,11700
2004-04-16,10.2500,10.4500,10.1000,10.1510,4900
2004-04-08,10.4000,10.5050,10.0200,10.2000,117000
2004-04-02,10.4700,10.6100,10.1000,10.3000,33800
2004-03-26,10.3500,10.3500,9.8800,10.0500,20000
2004-03-19,10.1350,10.1800,10.0700,10.1500,60000
2004-03-12,10.0000,10.4000,10.0000,10.0800,94300
2004-03-05,10.5810,10.6100,10.0000,10.0890,73800
2004-02-27,10.5200,10.7490,10.5200,10.6500,11400
2004-02-20,11.0700,11.0700,10.5100,10.7600,5200
2004-02-13,10.5900,10.6890,10.5000,10.5410,121200
2004-02-06,10.5000,10.6000,10.3500,10.5500,31700
2004-01-30,10.5000,10.7290,10.3300,10.5000,44100
2004-01-23,10.5710,10.7890,10.3300,10.5000,12700
2004-01-16,10.7500,10.9200,10.5300,10.6200,14400
2004-01-09,10.0000,11.0590,10.0000,10.8500,8700
2004-01-02,10.9200,11.1900,10.9200,11.0890,8600
2003-12-26,10.8000,11.4500,10.7600,11.0600,16100
2003-12-19,10.7100,11.1000,10.5000,10.7600,21500
2003-12-12,11.2300,11.2500,10.5710,10.7390,15700
2003-12-05,11.4000,11.4000,10.9800,11.1790,7900
2003-11-28,10.6100,11.9100,10.6100,11.4000,26200
2003-11-21,10.2500,10.8800,9.9600,10.5000,56900
2003-11-14,11.1900,11.2000,10.0600,10.4000,32700
2003-11-07,11.2900,11.3100,11.0800,11.0900,4300
2003-10-31,11.6000,11.6020,10.2000,11.2500,55300
2003-10-24,11.7000,11.8300,11.5000,11.6000,19500
2003-10-17,11.7500,11.9800,10.9900,11.6300,24600
2003-10-10,12.3500,12.4200,11.7400,11.9600,11100
2003-10-03,12.1800,12.6500,10.7800,12.3400,45000
2003-09-26,12.9000,12.9500,12.2000,12.2200,26700
2003-09-19,12.8900,13.0400,12.7500,12.9000,7600
2003-09-12,13.0500,13.0500,12.9000,12.9500,20100
2003-09-05,13.0500,13.0500,12.7100,12.9700,9300
2003-08-29,12.9100,13.1000,12.9100,13.0320,14900
2003-08-22,13.1700,13.1800,12.5000,12.9000,23700
2003-08-15,13.5000,13.5000,13.1600,13.1990,15100
2003-08-08,13.1500,13.5000,13.1000,13.3500,21900
2003-08-01,13.0800,13.4500,13.0000,13.1040,16900
2003-07-25,13.5000,13.5000,12.8400,13.1200,25500
2003-07-18,12.4500,13.8600,12.2500,13.4390,22600
2003-07-11,11.2700,12.7080,11.2700,12.4600,61100
2003-07-03,10.2800,11.5990,10.0530,11.3600,25600
2003-06-27,10.0200,10.4600,9.7900,10.2100,32500
2003-06-20,10.0800,10.2500,9.8000,9.9500,28500
2003-06-13,10.0210,10.1730,10.0100,10.0636,15300
2003-06-06,10.1900,10.2100,10.0500,10.0550,5500
2003-05-30,10.2000,10.2900,10.0200,10.1310,40400
2003-05-23,10.5000,10.5000,10.0000,10.1990,24700
2003-05-16,10.6800,10.6800,10.1200,10.4500,13700
2003-05-09,9.8600,11.1000,9.7500,10.6000,52300
2003-05-02,9.9300,9.9300,9.7000,9.8000,18100
2003-04-25,9.9500,9.9500,9.7500,9.9300,15000
2003-04-17,9.9800,10.0000,9.7500,9.9000,14600
2003-04-11,9.7100,9.9500,9.5500,9.8000,11500
2003-04-04,9.5200,9.9000,9.2600,9.5700,43400
2003-03-28,9.5000,9.5900,9.5000,9.5200,26800
2003-03-21,9.5100,9.6000,9.3100,9.5000,13900
2003-03-14,9.3900,9.7100,9.3100,9.5200,26200
2003-03-07,9.3000,9.7400,9.3000,9.3800,23400
2003-02-28,9.4600,9.8500,9.1000,9.7500,90800
2003-02-21,8.9800,9.9400,8.8300,9.5300,57400
2003-02-14,9.0800,9.0900,8.7500,8.9800,25600
2003-02-07,9.1900,9.4300,9.0500,9.0800,8100
2003-01-31,9.1600,9.4500,8.6000,9.1600,39200
2003-01-24,8.4800,9.1600,8.3500,9.1600,31000
2003-01-17,8.4800,8.8500,8.2050,8.4100,14600
2003-01-10,8.5000,8.9500,8.2500,8.6100,39800
2003-01-03,8.3500,8.4500,7.7500,8.3200,40100
2002-12-27,8.0000,8.4120,8.0000,8.3400,8900
2002-12-20,8.2300,8.4400,8.0000,8.2000,15200
2002-12-13,8.1990,8.6000,8.0500,8.3500,24900
2002-12-06,7.5600,8.6200,7.5600,8.1690,25500
2002-11-29,7.6190,7.6990,7.2400,7.5700,21100
2002-11-22,7.3100,8.0000,6.4300,7.6000,127400
2002-11-15,6.6390,7.8900,6.6200,7.3100,38200
2002-11-08,6.2010,6.8000,6.2000,6.6480,54200
2002-11-01,6.3900,6.4000,5.6500,6.3800,15200
2002-10-25,6.3900,6.4000,5.4600,6.4000,7100
2002-10-18,6.5390,6.5390,4.7700,6.4000,25300
2002-10-11,6.3600,6.5500,5.8600,6.4900,116000
2002-10-04,6.4490,6.9400,6.0000,6.7400,30000
2002-09-27,6.2400,6.5970,5.6520,6.2600,17800
2002-09-20,6.3050,6.9000,6.1510,6.1610,59800
2002-09-13,6.4000,6.7400,6.3600,6.7400,15300
2002-09-06,6.7990,6.8100,6.2500,6.5390,35000
2002-08-30,6.6500,6.8500,6.3400,6.7800,21300
2002-08-23,6.7500,6.9800,6.6100,6.8180,14600
2002-08-16,6.8500,6.8600,6.7000,6.7600,8200
2002-08-09,6.9500,6.9800,6.6020,6.8883,4500
2002-08-02,6.8200,6.9900,6.6200,6.9480,13300
2002-07-26,7.0500,7.0600,6.7500,6.9790,22000
2002-07-19,6.9600,7.2400,6.6700,7.0200,28200
2002-07-12,6.7530,7.2000,6.5500,6.9500,12800
2002-07-05,6.8030,7.2000,6.5800,6.9000,11400
2002-06-28,7.0020,7.1000,6.5500,7.0500,15100
2002-06-21,6.8900,7.2500,6.7500,7.1900,28400
2002-06-14,6.6700,7.0670,6.4300,6.9000,26000
2002-06-07,6.6500,6.8080,6.4000,6.4000,22800
2002-05-31,6.9500,7.0500,6.5000,6.6500,37300
2002-05-24,7.2100,7.2600,6.9900,7.0400,7800
2002-05-17,6.9600,7.3490,6.9000,7.3490,15200
2002-05-10,7.2800,7.4100,7.0000,7.0000,18600
2002-05-03,7.2500,7.4000,6.9900,7.3600,15700
2002-04-26,7.2000,7.5000,6.9600,7.1100,43800
2002-04-19,7.2000,7.5000,7.0000,7.2000,119000
2002-04-12,6.9500,7.3500,6.8200,7.1500,40400
2002-04-05,6.8210,7.1500,6.8100,7.1500,12800
2002-03-28,6.9250,7.1500,6.8000,7.0000,11600
2002-03-22,6.7700,7.2500,6.7700,7.1300,8200
2002-03-15,6.7600,7.2000,6.7600,7.0000,4200
2002-03-08,6.8100,7.0700,6.7500,7.0700,21000
2002-03-01,7.0000,7.0000,6.7530,7.0000,6900
2002-02-22,7.0500,7.0500,6.1100,6.8500,15900
2002-02-15,6.9500,7.3700,6.3500,7.0000,28000
2002-02-08,7.1200,7.4000,6.5000,6.9900,42600
2002-02-01,6.1210,7.8900,5.8500,7.0000,60700
2002-01-25,6.2400,6.5000,6.1000,6.3000,118400
2002-01-18,5.7500,6.2500,5.4000,6.1500,43500
2002-01-11,5.7500,5.8000,5.3800,5.7500,18900
2002-01-04,5.4000,5.7900,5.3000,5.4040,13300
2001-12-28,5.4000,5.5800,5.3800,5.5000,7300
2001-12-21,5.6500,5.6500,5.3900,5.3900,11000
2001-12-14,5.6500,5.8700,5.3700,5.3700,30200
2001-12-07,5.2800,5.6500,4.9000,5.6500,19100
2001-11-30,5.5000,5.6000,5.2300,5.2500,15100
2001-11-23,5.5000,5.6400,5.4800,5.5990,5000
2001-11-16,5.4700,5.6100,5.4600,5.6100,7700
2001-11-09,5.4600,5.6500,5.4500,5.4600,20500
2001-11-02,5.7500,5.7500,5.4500,5.4500,13700
2001-10-26,5.9000,6.0000,5.5500,5.6510,19100
2001-10-19,5.0700,5.7500,5.0700,5.7400,28500
2001-10-12,5.2000,5.3400,5.0500,5.0500,7700
2001-10-05,4.6540,5.2000,4.6400,5.0000,24900
2001-09-28,4.5500,5.1000,4.2500,5.1000,19400
2001-09-21,5.2000,5.5100,3.8000,4.9000,93300
2001-09-10,5.2000,5.2000,5.1500,5.1500,800
2001-09-07,5.2600,5.5100,5.1100,5.2000,18200
2001-08-31,5.1900,5.3390,5.0410,5.3000,42300
2001-08-24,5.1400,5.2200,4.6100,5.0400,59300
2001-08-17,4.4900,5.5600,4.4010,5.1000,58100
2001-08-10,4.4500,4.4500,4.3400,4.4000,13300
2001-08-03,4.4500,4.5000,4.1500,4.4900,27800
2001-07-27,4.2000,4.4000,4.1200,4.2900,9100
2001-07-20,4.3500,4.3500,3.8500,4.2500,12600
2001-07-13,4.1000,4.3000,4.0000,4.3000,7200
2001-07-06,3.5000,4.2000,3.5000,4.0400,10900
2001-06-29,3.4300,3.8000,3.3700,3.4800,14700
2001-06-22,3.4000,3.5800,3.4000,3.5800,2500
2001-06-15,3.2500,3.4200,3.2500,3.4000,14100
2001-06-08,3.2500,3.3500,3.1700,3.2500,35400
2001-06-01,3.4000,3.4000,3.2500,3.2500,600
2001-05-25,3.0000,3.4500,3.0000,3.4000,14000
2001-05-18,3.2000,3.2500,2.9400,3.2500,11600
2001-05-11,3.2000,3.3000,3.1500,3.2000,16400
2001-05-04,2.9200,3.4500,2.9200,3.1500,72400
2001-04-27,3.0300,3.1800,2.9500,3.0500,25700
2001-04-20,3.0000,3.4500,2.9300,3.0200,17000
2001-04-12,3.0000,3.0100,2.9200,3.0000,15900
2001-04-06,3.0940,3.1250,2.8750,3.0000,7500
2001-03-30,3.3130,3.3130,3.0000,3.0940,34200
2001-03-23,3.5000,3.5000,3.3130,3.3130,4700
2001-03-16,3.3130,3.6250,3.3130,3.5000,10000
2001-03-09,3.1250,3.6880,3.1250,3.3130,9400
2001-03-02,3.6090,3.7500,3.2500,3.2500,16800
2001-02-23,3.5000,3.7500,3.1880,3.1900,1600
2001-02-16,3.6880,3.9380,2.8130,3.4380,44700
2001-02-09,3.6250,3.8750,3.6250,3.7500,5500
2001-02-02,3.1250,3.6250,3.1250,3.6250,32900
2001-01-26,3.2500,3.4380,3.0000,3.4380,13000
2001-01-19,3.0000,3.4375,3.0000,3.2500,4800
2001-01-12,3.5000,3.5000,3.0000,3.0000,10500
2001-01-05,3.0000,4.0000,3.0000,3.5000,16500
2000-12-29,3.0000,4.0000,2.8750,3.0000,29800
2000-12-22,3.3130,3.3750,3.0000,3.0000,43500
2000-12-15,3.7500,3.8750,3.1250,3.3130,29200
2000-12-08,3.7500,4.0000,3.7500,3.7500,6300
2000-12-01,4.0630,4.0630,3.7500,3.8100,9400
2000-11-24,3.8750,4.0000,3.8750,4.0000,1200
2000-11-17,3.8750,4.0630,3.7500,3.8750,19100
2000-11-10,4.0000,4.0000,3.8750,4.0000,11000
2000-11-03,3.8750,4.0000,3.7500,4.0000,75100
2000-10-27,4.1250,4.1250,3.6250,4.1250,28900
2000-10-20,3.0000,4.1250,3.0000,4.0000,99200
2000-10-13,3.1200,3.1250,3.0000,3.0000,26500
2000-10-06,3.1250,3.6250,3.0630,3.1250,17700
2000-09-29,3.9380,4.0000,3.0000,3.0630,40500
2000-09-22,3.5000,3.9380,3.5000,3.5000,12000
2000-09-15,3.7500,4.0000,3.5000,3.5000,4000
2000-09-08,3.6200,4.0000,3.6200,4.0000,5900
2000-09-01,3.9380,4.0000,3.3750,3.6250,3800
2000-08-25,3.5000,4.1250,3.5000,4.0630,34300
2000-08-18,3.2500,3.7500,3.2500,3.5000,14900
2000-08-11,3.1880,3.7500,2.9380,3.7500,24400
2000-08-04,3.5000,3.6250,3.0000,3.6200,20800
2000-07-28,4.5000,4.5000,3.5000,3.7030,167300
2000-07-21,2.1880,4.8750,2.0310,3.8750,319200
2000-07-14,2.0000,2.1900,2.0000,2.1880,500
2000-07-07,2.0000,2.2500,2.0000,2.0000,7900
2000-06-30,2.4690,2.5000,2.2500,2.2500,15200
2000-06-23,2.4380,2.5000,2.3130,2.3130,34700
2000-06-16,2.5000,2.5000,2.4380,2.4380,16300
2000-06-09,2.4380,2.5310,2.4380,2.5160,21000
2000-06-02,2.5000,2.5600,2.4380,2.4380,17500
2000-05-26,2.6200,2.6200,2.5000,2.5000,10300
2000-05-19,3.0000,3.0000,2.6250,2.6250,15700
2000-05-12,2.7500,2.9400,2.7500,2.7500,9200
2000-05-05,3.0000,3.0000,2.7500,2.7500,6400
2000-04-28,2.8750,3.0630,2.7500,3.0000,35100
2000-04-20,2.9380,3.1250,2.9380,3.0630,39300
2000-04-14,3.1880,3.1880,2.9840,3.0000,55800
2000-04-07,3.1250,3.1250,3.0000,3.0630,33300
2000-03-31,3.1250,3.3750,3.1250,3.1250,48900
2000-03-24,3.2500,3.3750,3.1250,3.1560,23800
2000-03-17,3.3750,3.5000,3.2500,3.5000,24200
2000-03-10,3.3750,3.3750,3.3750,3.3750,16500
2000-03-03,3.3750,3.5000,3.3750,3.4400,23200
2000-02-25,3.3750,3.6250,3.3750,3.5000,66000
2000-02-18,3.5000,3.6250,3.1250,3.4530,63400
2000-02-11,3.5000,3.5000,3.3750,3.3750,29700
2000-02-04,3.2500,3.5000,3.0630,3.3125,26600
2000-01-28,3.0630,3.5000,3.0000,3.1250,11600
2000-01-21,3.0000,3.3750,3.0000,3.0000,35200
2000-01-14,3.2500,3.2500,2.7500,3.0000,22500
