timestamp,open,high,low,close,volume
2018-02-27,11.4570,11.5500,11.2510,11.4000,3809
2018-02-23,11.4500,11.6965,11.3236,11.3500,14124
2018-02-16,10.9500,11.5000,10.8500,11.5000,15199
2018-02-09,10.7500,11.1500,10.7500,10.8000,28958
2018-02-02,10.8500,10.9000,10.7500,10.8500,25288
2018-01-26,10.7500,11.0240,10.7500,10.8500,23494
2018-01-19,10.5000,10.8500,10.5000,10.8000,13576
2018-01-12,10.6500,10.7000,10.4500,10.5220,13446
2018-01-05,10.5206,10.7400,10.4869,10.7400,6270
2017-12-29,10.6500,10.7000,10.2500,10.5000,27243
2017-12-22,10.8330,10.9500,10.7500,10.8035,19974
2017-12-15,10.7000,11.0500,10.4500,10.9500,46623
2017-12-08,10.9000,10.9000,10.4000,10.4750,24674
2017-12-01,10.3000,11.0500,10.3000,10.8000,24190
2017-11-24,11.2000,11.6500,10.3000,10.3000,122155
2017-11-17,10.2500,11.8500,10.2500,11.1000,75252
2017-11-10,11.5000,11.5000,10.4500,10.5500,28242
2017-11-03,11.8500,11.8500,11.5000,11.5000,12362
2017-10-27,11.8060,11.9500,11.7000,11.8489,17381
2017-10-20,12.2000,12.2000,11.7000,11.8200,20109
2017-10-13,12.3490,12.3499,12.0000,12.2000,12401
2017-10-06,12.0000,12.3750,11.8968,12.3000,14265
2017-09-29,12.3000,12.3000,11.7000,11.9500,19758
2017-09-22,12.2500,12.3000,11.7000,12.2500,12726
2017-09-15,12.0000,12.2500,11.7500,12.2500,13745
2017-09-08,11.7500,12.1500,11.7000,12.0500,17431
2017-09-01,11.8500,12.0500,11.7000,11.7000,16951
2017-08-25,11.8150,11.8500,11.6501,11.8000,10844
2017-08-18,11.5000,11.9000,11.5000,11.8122,13367
2017-08-11,12.2500,12.3233,11.3078,11.3628,20068
2017-08-04,12.5000,12.5500,12.2000,12.2704,9816
2017-07-28,12.3000,12.5500,12.2500,12.4510,11155
2017-07-21,12.6000,12.8500,12.1500,12.5000,20837
2017-07-14,12.6000,12.9500,12.2500,12.8815,24232
2017-07-07,12.4500,12.6000,12.0535,12.6000,12284
2017-06-30,12.7500,13.0573,12.4500,12.5500,57833
2017-06-23,12.2500,12.7000,11.9259,12.6500,29299
2017-06-16,12.1000,12.8383,11.9000,12.2500,75855
2017-06-09,11.7500,12.1000,11.5010,12.0000,28047
2017-06-02,11.3000,11.7500,11.3000,11.7500,18121
2017-05-26,10.9043,11.3000,10.9043,11.2000,13699
2017-05-19,11.1280,11.1500,10.8500,11.1000,6355
2017-05-12,10.5500,11.1500,10.5000,11.0415,21307
2017-05-05,10.5511,10.6500,10.2500,10.5000,20061
2017-04-28,10.7975,10.7975,10.5000,10.6253,13766
2017-04-21,10.6516,10.8333,10.4000,10.5896,8172
2017-04-13,10.5500,11.1000,10.5500,10.5632,21657
2017-04-07,10.0000,10.7500,10.0000,10.6575,36018
2017-03-31,9.9500,10.1500,9.8157,10.0160,17257
2017-03-24,10.0500,10.1500,9.7500,10.0000,18339
2017-03-17,10.1000,10.1500,9.9450,10.0000,26473
2017-03-10,9.8000,10.2268,9.7500,10.1000,38090
2017-03-03,10.1000,10.2500,9.8045,9.9000,41395
2017-02-24,10.1500,10.1500,9.8510,9.9950,32175
2017-02-17,9.6500,10.5000,9.6500,10.0500,43448
2017-02-10,9.9000,10.0750,9.4500,9.5000,34181
2017-02-03,10.3500,10.5000,10.0000,10.0320,24526
2017-01-27,10.4500,10.7000,10.3500,10.5585,22208
2017-01-20,10.5000,10.6500,10.4156,10.4500,8271
2017-01-13,10.4630,10.5500,10.3500,10.3965,10393
2017-01-06,10.5500,10.5500,10.4000,10.4626,19761
2016-12-30,10.5500,10.5500,10.2500,10.5500,15781
2016-12-23,10.5000,10.7000,10.4216,10.5000,34618
2016-12-16,10.5500,10.6500,10.1500,10.4500,74085
2016-12-09,8.9000,10.6500,8.7500,10.4500,93871
2016-12-02,8.9500,9.0500,8.8000,8.8500,20858
2016-11-25,9.2000,9.2852,8.8643,9.0000,9383
2016-11-18,9.1001,9.4276,8.9000,9.2092,10365
2016-11-11,9.0500,9.6500,8.9000,9.2500,74354
2016-11-04,9.3000,9.8500,8.8000,9.1500,20788
2016-10-28,10.1343,10.1343,9.2500,9.2500,13172
2016-10-21,10.1500,10.1500,9.8320,10.1500,2351
2016-10-14,10.0800,10.1400,9.9000,9.9700,4732
2016-10-07,10.0899,10.1300,9.8600,10.1299,7383
2016-09-30,10.1399,10.1399,9.8600,9.8900,20976
2016-09-23,10.3700,10.3999,10.0000,10.1100,11290
2016-09-16,10.1700,10.4400,9.8500,9.9700,21931
2016-09-09,9.9600,10.2000,9.8503,10.1900,19944
2016-09-02,10.0100,10.2500,9.7000,9.9100,31827
2016-08-26,9.7900,10.1017,9.7510,10.0000,7628
2016-08-19,10.1300,10.1400,9.7450,9.7500,15946
2016-08-12,10.0700,10.3500,10.0700,10.1098,7101
2016-08-05,10.1405,10.2800,10.0300,10.0820,12496
2016-07-29,10.1600,10.4020,10.1300,10.1516,14190
2016-07-22,10.4800,10.9600,10.1500,10.4500,39942
2016-07-15,10.2700,10.8900,10.2700,10.8899,33360
2016-07-08,10.1500,10.5200,10.1500,10.4500,8013
2016-07-01,10.1700,10.4900,10.0900,10.2200,2915
2016-06-24,9.7000,10.4900,9.7000,10.3600,23206
2016-06-17,10.8300,10.9400,9.7500,9.7700,33516
2016-06-10,10.7600,11.2000,10.7501,10.7810,18555
2016-06-03,10.6300,10.7900,10.5900,10.7360,5747
2016-05-27,10.6400,10.9000,10.6000,10.7000,2530
2016-05-20,10.9200,10.9200,10.5000,10.8399,4657
2016-05-13,10.9300,11.1216,10.6001,10.9200,7444
2016-05-06,10.8800,10.9390,10.5000,10.9385,6131
2016-04-29,10.9700,11.1100,10.8601,10.9050,10449
2016-04-22,10.9900,11.1899,10.8600,11.0900,12166
2016-04-15,10.4800,11.1300,10.4800,10.9700,20161
2016-04-08,10.1400,10.4800,10.1393,10.4800,10090
2016-04-01,9.9400,10.2400,9.8200,10.1800,14635
2016-03-24,10.1500,10.6100,9.6600,10.2500,15735
2016-03-18,10.7500,10.9400,9.6000,10.6100,33885
2016-03-11,10.3600,10.8500,10.3200,10.7100,24776
2016-03-04,10.4000,10.7100,10.2800,10.5941,12649
2016-02-26,10.1610,10.5000,9.7000,10.3600,15353
2016-02-19,9.4200,10.0500,9.3201,10.0410,16048
2016-02-12,9.7000,9.7600,9.4000,9.5900,15381
2016-02-05,9.2137,9.7885,9.2137,9.7000,16969
2016-01-29,9.6400,9.9300,9.1580,9.9300,19048
2016-01-22,9.6960,9.7000,9.2100,9.6000,12181
2016-01-15,9.9899,10.1200,9.6300,9.7600,18784
2016-01-08,10.1100,10.2900,9.8000,9.9200,41594
2015-12-31,10.3100,10.5500,10.1100,10.2300,20922
2015-12-24,10.2100,10.5000,10.1228,10.5000,8330
2015-12-18,11.3400,11.4000,10.1100,10.1100,27743
2015-12-11,10.8800,11.5300,10.7800,11.3100,26981
2015-12-04,10.7940,10.8900,10.6200,10.8400,15369
2015-11-27,10.7000,10.8800,10.7000,10.8200,9676
2015-11-20,10.7500,10.7900,10.6000,10.6400,26172
2015-11-13,10.7500,11.2500,10.5701,10.7900,26425
2015-11-06,10.6500,10.9300,10.6500,10.7690,13198
2015-10-30,10.2500,10.7700,10.2500,10.6100,13057
2015-10-23,10.8200,10.8200,10.2600,10.6699,14000
2015-10-16,10.7700,10.9400,10.5000,10.8100,16209
2015-10-09,11.4500,11.4500,10.5200,10.7700,14453
2015-10-02,11.6300,11.7800,11.0300,11.3101,7212
2015-09-25,11.7300,11.7300,11.6300,11.6401,2889
2015-09-18,11.7701,11.7701,11.0334,11.6100,8809
2015-09-11,11.7500,11.9900,11.7500,11.7600,8794
2015-09-04,11.1684,11.9200,11.1684,11.8500,37997
2015-08-28,11.0400,11.3300,10.7600,11.2800,22927
2015-08-21,11.1700,11.5600,11.1100,11.1100,27897
2015-08-14,11.6100,11.6900,11.1201,11.3200,27296
2015-08-07,11.3000,11.6300,11.2600,11.6200,24656
2015-07-31,11.2100,11.4000,11.1450,11.3100,35906
2015-07-24,10.2300,11.3400,10.1520,11.1800,54464
2015-07-17,10.1600,10.2780,9.8004,10.0850,7728
2015-07-10,10.1700,10.5500,10.1700,10.2600,30203
2015-07-02,10.5800,10.6600,10.2800,10.4900,17182
2015-06-26,10.8800,10.8800,10.5000,10.7100,26264
2015-06-19,9.0880,11.2000,8.6800,10.5700,105224
2015-06-12,9.1100,9.3400,9.0000,9.0500,15131
2015-06-05,9.0600,9.1600,8.9400,9.1600,13413
2015-05-29,9.1700,9.3100,9.0310,9.0400,6652
2015-05-22,9.0200,9.2200,8.9700,9.2200,12099
2015-05-15,8.8000,9.3400,8.8000,9.0000,20541
2015-05-08,8.8700,8.9299,8.6600,8.8500,18260
2015-05-01,9.0600,9.0600,8.7500,8.8315,20641
2015-04-24,8.8100,9.1400,8.5500,9.0200,36645
2015-04-17,9.2400,9.5000,8.5200,8.6700,168808
2015-04-10,8.8300,9.5000,8.5000,9.2000,92681
2015-04-02,9.0000,9.0000,8.7200,8.8300,6369
2015-03-27,8.6500,9.1200,8.6500,9.0000,28054
2015-03-20,9.4100,9.4800,8.2800,8.6700,82394
2015-03-13,9.6001,9.8300,9.2405,9.4700,43747
2015-03-06,9.6500,9.8500,9.1960,9.7000,77886
2015-02-27,10.2900,10.4900,9.6100,9.7800,46390
2015-02-20,10.4000,10.4900,10.2500,10.2600,31432
2015-02-13,10.0000,10.4600,9.6000,10.2801,12639
2015-02-06,10.4900,10.7900,9.5100,9.8000,123616
2015-01-30,9.9099,11.3400,9.1300,10.4599,296287
2015-01-23,9.8800,9.9099,9.5000,9.6500,26720
2015-01-16,9.1500,11.3200,9.1100,9.8000,144032
2015-01-09,9.5000,9.5000,8.9500,9.1600,19190
2015-01-02,8.8400,9.3900,8.8400,9.0000,27437
2014-12-26,8.6100,8.8999,8.6100,8.8550,17807
2014-12-19,8.7576,8.9699,8.5300,8.7000,30331
2014-12-12,8.7000,9.0000,8.5500,9.0000,21910
2014-12-05,8.8000,8.9999,8.5100,8.6100,54454
2014-11-28,9.1100,9.2900,8.3499,9.0000,29230
2014-11-21,9.6200,9.7900,9.0501,9.2500,15838
2014-11-14,9.6200,9.8238,9.5900,9.6200,9536
2014-11-07,9.8500,9.8700,9.5601,9.7400,13439
2014-10-31,9.8500,10.0300,9.7200,9.9100,16228
2014-10-24,9.7200,10.0100,9.7000,9.9500,15126
2014-10-17,9.6100,10.0000,9.4200,9.7000,31209
2014-10-10,9.7415,9.9300,9.6500,9.6500,21195
2014-10-03,9.8000,9.9300,9.6500,9.6900,11001
2014-09-26,10.0000,10.2100,9.7000,9.7500,30901
2014-09-19,9.7600,10.0000,9.7100,10.0000,40521
2014-09-12,9.7500,9.9900,9.7000,9.8000,22026
2014-09-05,10.0500,10.7200,9.7700,9.8600,42199
2014-08-29,9.8556,10.1250,9.7400,9.9500,23677
2014-08-22,10.0000,10.1400,9.7700,10.0500,26871
2014-08-15,9.7700,10.0600,9.7000,10.0100,23554
2014-08-08,10.3900,10.4700,9.6900,9.8300,28690
2014-08-01,10.6000,10.6000,10.0200,10.5000,30380
2014-07-25,10.3254,10.8000,10.2300,10.7700,17655
2014-07-18,10.2900,10.6800,10.1100,10.3000,26964
2014-07-11,10.4900,10.5900,10.0600,10.2700,28042
2014-07-03,10.4100,10.6400,10.2476,10.4900,13968
2014-06-27,10.4400,10.6400,10.0600,10.3400,13297
2014-06-20,10.7000,11.0000,10.3400,10.6700,31159
2014-06-13,10.6900,11.0000,10.5110,10.7995,25927
2014-06-06,11.0000,11.1000,10.4600,10.8000,48648
2014-05-30,10.8100,11.2400,10.7300,11.0000,16635
2014-05-23,9.9637,11.2500,9.7500,10.5800,59942
2014-05-16,9.7100,10.1000,9.6500,10.0100,33270
2014-05-09,9.7200,9.9099,9.5500,9.9099,17234
2014-05-02,9.6900,9.8900,9.4900,9.4901,20929
2014-04-25,9.4500,10.0600,9.4500,9.5400,31606
2014-04-17,9.5000,9.6960,9.2510,9.3286,23394
2014-04-11,9.5400,9.7900,9.3200,9.5390,44303
2014-04-04,9.8200,9.9625,9.5028,9.5700,15608
2014-03-28,10.4500,10.4996,9.0150,9.7201,31015
2014-03-21,11.5400,11.5400,10.3600,10.5000,30647
2014-03-14,11.8700,11.8700,11.5030,11.6700,2411
2014-03-07,11.8300,12.1400,11.5001,11.8000,4523
2014-02-28,11.9500,12.2600,11.5100,11.9800,16707
2014-02-21,12.1900,12.4300,11.7900,12.0400,10209
2014-02-14,12.0600,12.7758,11.7500,12.1100,31333
2014-02-07,11.2600,11.9800,11.0000,11.9200,27318
2014-01-31,11.1301,11.4800,10.9500,11.4000,8608
2014-01-24,11.1400,11.8799,11.0800,11.1200,56142
2014-01-17,10.9700,11.3500,10.9000,11.0700,33666
2014-01-10,11.1400,11.2000,11.0301,11.1500,17584
2014-01-03,11.0400,11.1500,10.9000,11.1400,23089
2013-12-27,10.8500,11.1500,10.8500,11.1300,24381
2013-12-20,11.0300,11.1400,10.7600,11.0000,37495
2013-12-13,10.8200,11.1500,10.7801,11.0000,23054
2013-12-06,10.9000,11.2500,10.7100,10.7600,27756
2013-11-29,10.7000,11.1000,10.6700,10.8600,40171
2013-11-22,10.7000,10.9000,10.5000,10.7499,39587
2013-11-15,11.1001,11.2400,10.4100,10.7500,44950
2013-11-08,11.0001,11.3000,10.6600,11.1900,42588
2013-11-01,11.8500,12.1900,10.7100,11.0000,61708
2013-10-25,11.6500,11.9300,11.5000,11.8500,15081
2013-10-18,11.3500,11.9800,11.3000,11.5000,9290
2013-10-11,11.7000,11.9300,11.2500,11.5000,29112
2013-10-04,11.2300,11.8900,11.0100,11.8900,11641
2013-09-27,10.6600,11.8600,10.6600,11.4900,22612
2013-09-20,11.7400,11.7400,10.6600,10.6600,30874
2013-09-13,11.7100,12.1900,11.4300,11.7500,36448
2013-09-06,11.3201,11.8700,11.3100,11.6300,15786
2013-08-30,11.4010,12.2500,11.3000,11.5400,18292
2013-08-23,11.1100,11.8400,10.9300,11.4000,19806
2013-08-16,11.0500,11.3500,10.7100,11.1000,15585
2013-08-09,10.9200,11.0300,10.5200,10.6800,10142
2013-08-02,10.5400,10.9700,10.4299,10.9500,21609
2013-07-26,10.2600,10.7900,10.1200,10.6500,18845
2013-07-19,10.3600,11.0000,10.1500,10.2010,11106
2013-07-12,10.2000,11.0000,10.0600,10.2800,18699
2013-07-05,10.6100,10.8500,10.1843,10.2000,8024
2013-06-28,12.0500,12.0900,10.0500,10.5000,33579
2013-06-21,12.4018,12.8700,12.2500,12.2500,10806
2013-06-14,12.5600,12.9499,12.3200,12.6000,6541
2013-06-07,12.8600,13.0000,12.2500,12.4140,28570
2013-05-31,12.7600,12.9000,12.5000,12.8600,11157
2013-05-24,12.5000,12.9800,12.4900,12.6700,10398
2013-05-17,12.4800,12.9500,12.3800,12.4610,7848
2013-05-10,12.3266,13.0000,12.3266,12.6090,7272
2013-05-03,12.2500,12.9999,12.0100,12.9999,13100
2013-04-26,13.0000,13.2400,12.2200,12.2200,19209
2013-04-19,13.0000,13.2320,12.6600,13.0000,7187
2013-04-12,13.8500,13.8500,12.6300,13.0000,12148
2013-04-05,13.5800,13.6400,13.1466,13.6400,41517
2013-03-28,13.7500,14.0000,13.5000,13.5000,3233
2013-03-22,12.3600,14.4156,11.7500,13.5700,38037
2013-03-15,13.0000,13.0500,12.3300,12.3900,8152
2013-03-08,12.9800,12.9800,12.3800,12.7522,4821
2013-03-01,12.7500,13.0000,12.2700,12.7600,21312
2013-02-22,12.7500,13.0900,12.7500,12.7501,8130
2013-02-15,12.9900,13.0400,12.7500,12.7500,24277
2013-02-08,12.9400,13.0000,12.8000,13.0000,14419
2013-02-01,13.0200,13.0400,12.8400,12.9000,13492
2013-01-25,13.1500,13.3600,12.9000,13.0000,9393
2013-01-18,11.1800,13.3000,11.1501,13.1500,15309
2013-01-11,11.5000,11.5000,11.0259,11.1501,7761
2013-01-04,11.7200,12.1900,10.7700,11.5200,28770
2012-12-28,11.3500,11.8450,11.3500,11.8400,5362
2012-12-21,11.1500,12.0000,10.9000,11.5000,11539
2012-12-14,11.2300,12.4999,11.0600,11.2300,22716
2012-12-07,10.9400,11.2760,10.7000,11.2000,5697
2012-11-30,11.1600,11.4400,10.8548,11.1500,24963
2012-11-23,11.0500,11.5100,11.0000,11.2700,4889
2012-11-16,11.9400,11.9400,10.7000,10.9600,21274
2012-11-09,12.2400,12.8600,11.6470,11.6470,34578
2012-11-02,11.9900,12.4500,11.9900,12.2240,10977
2012-10-26,11.8500,12.0000,11.7000,11.9999,9083
2012-10-19,12.1000,12.1900,11.7000,11.8300,11324
2012-10-12,12.1499,12.1499,11.7900,11.9000,9140
2012-10-05,12.4200,12.5000,11.9600,12.2100,8936
2012-09-28,12.4900,12.5900,11.9900,12.3800,8419
2012-09-21,12.1100,12.5300,11.7500,12.5300,17144
2012-09-14,12.2800,13.0000,12.0301,12.1100,14583
2012-09-07,12.3820,12.5900,12.0000,12.5900,6830
2012-08-31,12.0200,12.3999,12.0100,12.0100,7571
2012-08-24,12.0900,12.2000,12.0000,12.1999,3482
2012-08-17,12.2500,12.3400,11.6000,12.1780,7153
2012-08-10,12.1500,12.4000,12.0700,12.1400,7908
2012-08-03,12.0900,12.3895,11.6000,12.2100,9516
2012-07-27,11.8900,12.2400,11.6500,12.0100,19277
2012-07-20,12.4600,13.9932,11.7100,12.1000,27925
2012-07-13,12.0500,12.3900,12.0000,12.3900,9207
2012-07-06,11.3000,12.3300,11.2500,11.9900,27435
2012-06-29,11.3200,11.7100,10.6100,11.5000,14635
2012-06-22,11.4600,11.8000,10.6300,11.4430,44368
2012-06-15,12.7400,12.9900,11.0900,11.4600,32025
2012-06-08,13.0000,13.0000,12.5000,12.7400,15709
2012-06-01,13.5800,13.6290,12.6900,12.9200,6828
2012-05-25,13.9200,14.4799,13.2500,13.5700,13623
2012-05-18,14.3800,14.4800,13.7801,13.8680,10889
2012-05-11,14.7800,14.9300,14.0100,14.5000,25467
2012-05-04,15.0110,15.2000,14.5600,14.6000,15196
2012-04-27,14.7400,15.1100,14.6000,15.0000,20074
2012-04-20,14.7300,15.0400,14.5900,14.9100,15364
2012-04-13,14.9100,14.9400,14.5900,14.7810,7597
2012-04-05,15.1500,15.2500,14.9100,14.9318,15329
2012-03-30,14.9900,15.5000,14.5800,15.2180,28556
2012-03-23,16.3700,16.3700,15.0000,15.0200,46828
2012-03-16,16.3900,16.4700,16.1100,16.2800,32376
2012-03-09,16.9200,16.9200,16.4900,16.5499,17116
2012-03-02,16.9900,17.0000,16.6500,16.7400,12737
2012-02-24,16.9750,17.2400,16.5800,16.9400,25309
2012-02-17,16.5000,17.2400,16.4900,16.9900,41525
2012-02-10,16.5600,17.0000,16.5000,16.6900,18601
2012-02-03,16.5900,17.2900,16.3500,16.5400,33820
2012-01-27,16.2100,16.6000,15.9500,16.4200,13341
2012-01-20,16.4500,16.4500,15.6000,16.2300,9691
2012-01-13,16.6800,16.6800,15.9600,16.2001,5974
2012-01-06,16.3900,16.6900,16.2200,16.6899,9267
2011-12-30,16.0000,16.2900,15.8300,16.1600,13606
2011-12-23,15.8600,16.1500,15.1336,15.8000,30929
2011-12-16,16.6300,17.3500,15.4000,15.8300,38763
2011-12-09,16.5000,17.7899,16.5000,16.9000,19686
2011-12-02,16.0800,16.7100,16.0800,16.3000,24594
2011-11-25,16.2000,16.2500,16.0000,16.0700,4378
2011-11-18,16.0200,16.8400,16.0200,16.2000,5977
2011-11-11,16.2700,16.9700,16.0000,16.0200,11709
2011-11-04,16.8400,16.9000,15.8500,16.0500,33590
2011-10-28,15.6800,16.9900,14.9000,16.5000,24965
2011-10-21,15.0400,15.7700,14.9000,15.2500,16109
2011-10-14,15.0000,15.4900,14.7300,14.9500,16243
2011-10-07,15.5000,15.5000,15.0000,15.0000,7655
2011-09-30,15.9400,16.0600,15.0000,15.7500,6084
2011-09-23,15.5400,16.2490,15.2000,15.8484,11707
2011-09-16,15.5370,15.9700,15.5000,15.7500,9131
2011-09-09,15.9900,16.3800,15.5000,15.7501,18788
2011-09-02,16.4400,16.7300,16.0000,16.4700,21163
2011-08-26,16.4500,16.4500,15.5500,16.1500,37380
2011-08-19,17.6100,17.6700,16.1200,16.1200,26883
2011-08-12,16.2400,17.3500,15.2000,17.3500,50467
2011-08-05,16.7000,17.0800,16.0300,16.2000,33714
2011-07-29,17.1400,17.1900,16.3900,17.0000,53532
2011-07-22,16.9100,17.2300,16.4800,17.0000,17545
2011-07-15,16.5700,17.2900,16.0300,16.9500,47903
2011-07-08,17.2000,17.3500,16.6410,16.7499,68470
2011-07-01,16.2100,17.3700,15.5400,17.2450,97936
2011-06-24,16.6100,19.5000,15.9900,18.7300,57904
2011-06-17,19.2100,19.4100,16.5200,16.7400,79219
2011-06-10,19.8700,20.8900,18.5200,19.1700,68588
2011-06-03,21.9600,22.2290,20.8000,20.8900,32972
2011-05-27,22.5700,22.6800,21.6000,21.7391,44749
2011-05-20,22.6300,22.7700,22.4100,22.6800,54770
2011-05-13,21.0000,22.8400,20.8500,22.4701,135647
2011-05-06,19.5500,19.7500,19.0000,19.6700,39048
2011-04-29,19.5300,19.7100,19.0600,19.5600,15681
2011-04-21,20.1500,20.8224,18.6100,19.4410,32732
2011-04-15,19.6100,20.7800,19.1200,20.6900,40529
2011-04-08,19.8000,20.8800,18.9600,19.7400,47810
2011-04-01,20.1900,20.7300,18.5200,19.0230,54319
2011-03-25,18.9200,20.9000,17.9000,20.2499,183676
2011-03-18,15.4800,19.7800,14.8500,19.0600,288857
2011-03-11,15.1400,15.8200,14.9600,15.0900,16353
2011-03-04,15.0800,15.1999,14.8301,15.1100,7691
2011-02-25,14.7700,15.2000,14.7000,14.8300,15625
2011-02-18,14.9110,15.0000,14.5200,14.7001,13179
2011-02-11,14.7501,15.1000,14.7500,15.0000,10962
2011-02-04,15.1900,15.1900,14.5301,15.0199,10101
2011-01-28,14.4100,15.2000,14.2500,15.2000,8868
2011-01-21,14.9700,14.9700,14.2000,14.3000,4546
2011-01-14,14.3700,15.0600,14.1800,14.8740,18775
2011-01-07,15.2800,15.2800,14.0000,14.1800,49145
2010-12-31,14.9900,15.8900,14.6350,15.0000,31406
2010-12-23,13.9000,14.9800,13.6400,14.8390,28823
2010-12-17,12.9100,14.1550,12.8699,14.0000,80313
2010-12-10,12.7500,12.9800,12.7000,12.9000,28314
2010-12-03,13.0200,13.1900,12.3500,12.7500,21433
2010-11-26,12.5100,13.3000,12.4500,13.0000,23882
2010-11-19,12.8000,12.9400,12.4000,12.4800,29778
2010-11-12,13.5900,13.6900,12.8000,12.8000,27668
2010-11-05,13.5000,13.6992,13.1000,13.5000,13838
2010-10-29,12.0000,14.0000,12.0000,13.5000,55057
2010-10-22,12.0000,12.4600,11.8600,12.0900,14686
2010-10-15,11.9600,12.2060,11.8100,12.0100,9419
2010-10-08,11.7600,12.0620,11.6500,11.9400,21418
2010-10-01,12.0600,12.1501,11.7600,11.7600,13518
2010-09-24,12.3350,12.6300,11.6500,11.9600,17225
2010-09-17,12.3000,12.5900,12.3000,12.3000,8454
2010-09-10,12.3000,12.5500,12.3000,12.3000,19688
2010-09-03,12.2501,12.3000,12.0000,12.3000,11479
2010-08-27,11.8300,12.3000,11.4200,12.3000,15897
2010-08-20,11.4400,12.0000,11.3900,11.8100,13788
2010-08-13,12.2600,12.2700,11.3500,11.5450,14102
2010-08-06,12.0151,12.2999,11.7900,12.1100,11891
2010-07-30,12.1900,12.3800,11.8700,11.9100,14153
2010-07-23,12.8700,13.1985,11.8100,12.1300,30329
2010-07-16,12.2100,12.7800,12.1000,12.4000,11397
2010-07-09,12.1500,12.3800,12.0000,12.2500,7670
2010-07-02,12.5500,12.5501,12.0000,12.1000,21411
2010-06-25,12.7600,13.0900,12.2100,12.5300,19600
2010-06-18,12.8900,12.9000,12.3000,12.9000,18748
2010-06-11,12.5001,13.0900,12.2000,12.9000,12232
2010-06-04,12.5899,12.7400,12.4100,12.5000,8116
2010-05-28,12.8200,12.8500,12.0000,12.4000,27870
2010-05-21,13.3300,13.7150,12.4100,12.8200,30171
2010-05-14,13.5200,13.7500,13.2500,13.2900,21983
2010-05-07,13.3200,13.6900,13.2000,13.5000,29180
2010-04-30,13.6000,13.8300,13.1500,13.2200,33105
2010-04-23,13.9000,13.9000,13.4101,13.6250,12619
2010-04-16,14.0000,14.0000,13.3100,13.8400,13022
2010-04-09,13.9300,14.0300,13.5600,13.9399,12925
2010-04-01,14.6700,14.7700,13.3200,14.0600,21100
2010-03-26,14.7700,14.9900,14.3100,14.7000,15523
2010-03-19,14.7300,14.9699,14.0000,14.7700,33442
2010-03-12,14.7350,16.7500,14.7000,14.8100,39014
2010-03-05,15.1200,15.1200,14.4200,14.6600,28341
2010-02-26,15.0750,15.3900,14.8100,15.3000,12280
2010-02-19,14.9900,15.1450,14.7160,15.0000,8653
2010-02-12,15.1800,15.5899,14.9100,15.0000,8429
2010-02-05,15.0000,15.2500,14.8200,15.2500,19222
2010-01-29,15.3000,15.3000,14.9400,15.1000,16511
2010-01-22,15.2000,15.3399,14.7000,15.2999,24511
2010-01-15,15.2300,15.3000,14.5100,14.8900,8041
2010-01-08,14.7700,15.5599,14.3000,15.0900,16757
2009-12-31,15.1000,16.0000,14.8113,14.9985,15784
2009-12-24,14.4500,15.7900,14.4500,15.6300,14033
2009-12-18,14.5100,14.9900,14.1400,14.2900,30788
2009-12-11,15.1500,15.2200,13.4100,14.5199,38586
2009-12-04,15.1500,15.2490,14.7900,15.1000,16993
2009-11-27,15.0100,15.3500,15.0100,15.2000,8141
2009-11-20,15.2000,15.5000,15.1500,15.3400,4555
2009-11-13,15.2100,15.9900,15.1000,15.1700,15913
2009-11-06,14.3900,16.2300,14.3900,15.2200,43315
2009-10-30,15.7700,16.0400,14.0000,14.6900,42812
2009-10-23,15.9000,16.1000,15.7600,15.7600,24171
2009-10-16,16.3800,16.5000,15.9000,15.9000,16981
2009-10-09,16.4900,16.6900,15.8350,16.1001,22584
2009-10-02,16.5300,16.5300,15.8500,16.2950,19486
2009-09-25,16.2800,16.8300,16.0250,16.1665,22511
2009-09-18,16.8500,16.9000,16.0000,16.0700,25645
2009-09-11,16.9000,16.9800,16.1200,16.7499,17241
2009-09-04,17.0000,17.0000,16.3501,16.8000,20342
2009-08-28,15.7800,17.0000,15.5100,17.0000,35249
2009-08-21,16.3499,16.3499,15.1750,16.0000,14093
2009-08-14,16.2500,17.0000,15.4900,16.3500,31505
2009-08-07,15.2500,16.2500,15.2125,16.2500,40528
2009-07-31,14.5300,15.2000,13.9000,15.1750,25172
2009-07-24,14.7500,14.9500,13.5503,14.4500,52232
2009-07-17,14.1200,15.2499,13.6300,14.8001,15597
2009-07-10,14.3500,14.4000,13.5300,14.0000,11671
2009-07-02,13.1900,14.3400,13.1900,14.1950,16769
2009-06-26,12.8000,14.3400,12.0000,12.9900,18361
2009-06-19,13.1800,15.7000,13.0301,14.0700,72745
2009-06-12,14.0000,14.2200,13.2800,14.0000,14927
2009-06-05,14.1000,14.4900,13.0200,14.0000,17530
2009-05-29,13.2300,14.2200,13.2300,14.2200,21145
2009-05-22,12.0000,13.5000,11.3500,13.4900,30061
2009-05-15,14.3499,14.3500,11.2500,11.9000,62453
2009-05-08,13.4200,15.0000,13.4100,14.3500,40270
2009-05-01,13.8700,14.9500,13.1100,13.4300,22976
2009-04-24,14.8500,14.8799,12.6100,14.2100,44352
2009-04-17,13.1000,15.7000,12.6000,14.6500,53975
2009-04-09,13.4000,13.4000,12.4500,13.1000,10176
2009-04-03,13.3200,13.4400,12.5000,13.3000,16548
2009-03-27,13.6800,13.6800,12.5000,13.3000,18147
2009-03-20,12.3400,13.6900,11.5000,13.4000,34265
2009-03-13,11.1500,12.3400,11.1500,12.3400,12000
2009-03-06,11.5600,12.4400,11.1500,11.3000,12363
2009-02-27,11.8100,12.8500,11.0500,12.4900,7130
2009-02-20,12.5400,12.5400,11.1100,12.3700,11293
2009-02-13,12.8800,13.1400,12.4000,12.9700,11107
2009-02-06,12.5600,13.1400,12.1000,12.5001,14693
2009-01-30,12.7000,13.0000,12.4100,12.4100,15454
2009-01-23,13.7180,13.7500,12.0400,12.6900,19030
2009-01-16,13.2500,13.5000,12.0000,13.4010,9254
2009-01-09,12.2300,13.2600,11.1500,13.2500,22301
2009-01-02,11.4501,12.2500,10.5100,12.0000,25280
2008-12-26,11.2000,11.7299,9.9000,11.7299,21963
2008-12-19,10.2400,12.2850,8.7600,10.7300,17385
2008-12-12,9.5000,10.2500,9.0100,9.9020,4644
2008-12-05,9.0000,9.2500,8.1000,9.2500,6767
2008-11-28,8.7500,9.1000,7.5000,8.9899,11595
2008-11-21,8.6999,9.0000,7.3000,8.5000,10914
2008-11-14,9.3100,10.2500,8.2500,8.5100,5771
2008-11-07,10.2500,10.2500,9.3100,10.1000,4441
2008-10-31,8.3100,10.0000,8.1000,9.9900,11152
2008-10-24,8.8500,9.5200,8.6000,9.5200,700
2008-10-17,8.5400,9.9700,7.5000,8.3000,11387
2008-10-10,9.4400,10.0100,8.8900,8.8900,16634
2008-10-03,9.8520,11.3000,9.4001,10.0900,7236
2008-09-26,9.6600,10.2000,8.9000,10.2000,11687
2008-09-19,11.0000,11.0000,10.0350,10.5000,3707
2008-09-12,9.9500,11.0000,9.4900,11.0000,13398
2008-09-05,10.4900,10.5000,9.9000,9.9600,28156
2008-08-29,10.5800,10.7400,10.5000,10.5000,1995
2008-08-22,11.1000,11.1500,9.9500,10.5800,15735
2008-08-15,10.6000,11.3500,10.5200,11.3500,10057
2008-08-08,11.0500,11.0500,10.6000,10.7500,4157
2008-08-01,11.2500,11.2500,10.0500,10.8500,9962
2008-07-25,11.1800,11.5000,11.0000,11.4000,3148
2008-07-18,11.0000,11.3000,10.5000,11.1800,6616
2008-07-11,10.9500,11.3500,10.8000,11.0333,2895
2008-07-03,11.4000,11.5000,10.7500,11.1500,4290
2008-06-27,11.6500,11.7500,11.0000,11.2000,7020
2008-06-20,11.4000,11.7500,11.2100,11.4500,6486
2008-06-13,10.7800,11.4900,9.9200,11.4900,13686
2008-06-06,11.2500,11.4900,10.5200,10.9800,20733
2008-05-30,11.2200,11.4900,10.7500,11.3500,10788
2008-05-23,11.1000,11.2500,10.5100,10.8999,24567
2008-05-16,11.2000,11.4200,11.0000,11.0020,7446
2008-05-09,11.6500,11.7000,11.0000,11.3700,6900
2008-05-02,11.2900,11.9500,11.1001,11.7500,5443
2008-04-25,11.4670,11.6500,10.8000,11.2900,6905
2008-04-18,11.0000,12.7500,10.4400,11.5000,27676
2008-04-11,10.7100,11.0000,10.7100,11.0000,6152
2008-04-04,11.6270,12.0500,10.4500,10.9300,12500
2008-03-28,11.3500,12.1000,11.0100,11.7500,20062
2008-03-20,11.7900,11.9000,10.9000,11.4500,34400
2008-03-14,11.7300,12.3800,10.8900,11.7000,38000
2008-03-07,11.6000,12.3900,11.3300,12.0000,45905
2008-02-29,11.8400,12.0000,11.3100,11.7000,31800
2008-02-22,11.5700,11.8800,10.5100,11.8441,17200
2008-02-15,11.3000,11.7500,10.7000,11.7100,15400
2008-02-08,10.7000,11.2000,10.7000,11.2000,28400
2008-02-01,11.5700,11.5700,10.7000,10.7000,27746
2008-01-25,10.7000,11.5700,10.5500,11.5700,13800
2008-01-18,10.9000,11.2000,10.4500,11.2000,21564
2008-01-11,11.8500,11.8500,10.6600,10.8500,36000
2008-01-04,11.0400,11.8800,11.0000,11.3000,28664
2007-12-28,11.3000,11.3000,10.8400,11.0000,8800
2007-12-21,11.4300,11.6000,10.5200,11.4200,26200
2007-12-14,12.0000,12.0799,10.8500,11.5000,21900
2007-12-07,10.7000,12.0500,10.7000,12.0000,15771
2007-11-30,10.7400,10.9500,10.5600,10.8499,14205
2007-11-23,10.2900,10.8500,10.1500,10.8500,11642
2007-11-16,11.4200,11.6500,10.1000,10.4400,41400
2007-11-09,12.0000,12.0000,10.9500,11.3000,19000
2007-11-02,12.2000,12.6500,11.6000,12.1000,17500
2007-10-26,12.3500,12.5000,12.0500,12.2500,5700
2007-10-19,12.6500,12.9000,12.1000,12.5000,8300
2007-10-12,11.9700,12.6000,11.9700,12.5500,10600
2007-10-05,11.6900,12.1600,11.6701,12.0038,19900
2007-09-28,12.2700,12.2700,11.1600,11.7000,41000
2007-09-21,12.8700,12.9000,12.2000,12.6000,13900
2007-09-14,12.6500,12.9000,12.6500,12.9000,5100
2007-09-07,12.8000,12.9100,12.4000,12.6500,15100
2007-08-31,12.3000,12.8300,12.2200,12.8300,7100
2007-08-24,11.7500,12.5500,11.6500,12.3700,16800
2007-08-17,11.5900,12.0500,11.3500,11.8500,14900
2007-08-10,12.1500,12.2000,10.9000,11.6500,21400
2007-08-03,12.5000,12.5000,11.9500,12.1000,35000
2007-07-27,13.5300,13.7000,12.9900,13.2500,70900
2007-07-20,12.9010,13.6000,12.7000,13.4500,13900
2007-07-13,12.8000,13.1000,12.8000,13.0000,12200
2007-07-06,12.8500,13.0500,12.8000,12.9500,9100
2007-06-29,12.8000,12.8500,12.6000,12.8500,4900
2007-06-22,12.7400,13.0000,12.7400,13.0000,3800
2007-06-15,12.7000,12.9000,12.3500,12.8500,10300
2007-06-08,12.8200,13.1500,12.5000,12.7500,22100
2007-06-01,12.7000,13.2500,12.6000,13.0000,5900
2007-05-25,12.6500,13.4800,12.5500,12.7600,32900
2007-05-18,12.7700,12.7700,12.0000,12.5500,11500
2007-05-11,12.1500,12.7500,12.1500,12.7500,13400
2007-05-04,13.0900,13.1000,11.8100,12.2500,36400
2007-04-27,12.9600,13.0500,12.6600,13.0500,13800
2007-04-20,11.9800,13.1500,11.8600,12.9500,84800
2007-04-13,11.9100,12.0000,11.7300,11.9701,46000
2007-04-05,11.8500,11.9600,11.8000,11.8800,7600
2007-03-30,11.8199,12.0500,11.7700,11.9700,31500
2007-03-23,11.6999,11.9900,11.6200,11.8000,49900
2007-03-16,11.5100,11.7300,11.3000,11.6300,80900
2007-03-09,11.6000,11.7500,11.3600,11.6102,21500
2007-03-02,12.0000,12.0000,11.6600,11.6900,23600
2007-02-23,11.9200,12.0499,11.8901,12.0000,14500
2007-02-16,11.5100,12.0000,11.5000,11.8900,37200
2007-02-09,11.1500,11.6000,11.1500,11.5500,42500
2007-02-02,11.9300,11.9300,10.6000,11.1900,50700
2007-01-26,11.6000,11.9990,11.6000,11.8100,22100
2007-01-19,11.3900,11.6100,11.2900,11.5500,16200
2007-01-12,11.3000,11.4124,11.2100,11.3900,23200
2007-01-05,10.9000,11.2455,10.9000,11.2000,9100
2006-12-29,10.7500,10.9800,10.7500,10.9000,10900
2006-12-22,10.5500,10.7500,10.5000,10.7500,16100
2006-12-15,10.5200,10.6000,10.3000,10.5055,14200
2006-12-08,10.3000,10.5200,10.2000,10.5200,15500
2006-12-01,10.1500,10.3000,10.1000,10.2500,8900
2006-11-24,10.0000,10.1100,9.9500,10.1100,4600
2006-11-17,10.2600,10.2600,9.9500,9.9600,10300
2006-11-10,10.2000,10.3200,10.2000,10.3000,6200
2006-11-03,10.1400,10.2500,10.1400,10.2500,12000
2006-10-27,10.1101,10.1800,10.1000,10.1600,9700
2006-10-20,10.1500,10.1900,10.1200,10.1350,4100
2006-10-13,10.1300,10.1700,10.0500,10.1700,6000
2006-10-06,10.2400,10.2400,10.0901,10.1500,3500
2006-09-29,10.0500,10.2500,10.0500,10.2300,4800
2006-09-22,10.2500,10.2500,10.1000,10.1000,8400
2006-09-15,10.2500,10.3000,10.2000,10.3000,3400
2006-09-08,10.1500,10.2700,10.0500,10.2500,6800
2006-09-01,10.2300,10.2500,10.1500,10.1500,2200
2006-08-25,10.2500,10.2700,10.1700,10.2500,2700
2006-08-18,10.2500,10.3400,10.2000,10.3400,3500
2006-08-11,10.0000,10.2000,9.8200,10.2000,11600
2006-08-04,9.9800,10.0900,9.9500,10.0000,7800
2006-07-28,9.9500,10.2000,9.7500,10.0000,15400
2006-07-21,10.0000,10.1999,9.9150,10.0000,20700
2006-07-14,10.0500,10.0850,9.8100,10.0500,23700
2006-07-07,10.0800,10.2800,10.0000,10.0591,25300
2006-06-30,10.0501,10.0800,10.0000,10.0800,1200
2006-06-23,9.7100,10.0500,9.7100,10.0500,3200
2006-06-16,10.4000,10.4000,9.7500,9.8800,21900
2006-06-09,10.5000,10.7400,10.2000,10.3000,20300
2006-06-02,10.2500,10.5100,10.0000,10.4500,11000
2006-05-26,10.4500,10.5000,10.0000,10.3800,16500
2006-05-19,10.5000,10.6500,10.4300,10.5299,23100
2006-05-12,10.6500,10.8500,10.4500,10.5700,12200
2006-05-05,10.1800,10.7000,10.1800,10.7000,34800
2006-04-28,10.6200,10.7500,10.0000,10.1000,14300
2006-04-21,10.4500,11.6000,10.3000,10.6500,148500
2006-04-13,10.4000,10.4700,10.3500,10.4500,10100
2006-04-07,10.3600,10.5000,10.2500,10.3500,8100
2006-03-31,9.6500,10.3600,9.6500,10.3600,12000
2006-03-24,9.5000,9.8000,9.5000,9.7400,9000
2006-03-17,10.7600,11.0000,9.2500,9.5500,95200
2006-03-10,10.2000,11.4536,10.0000,10.8800,110800
2006-03-03,10.3000,10.4601,10.1000,10.1000,9800
2006-02-24,10.5000,10.7000,10.2620,10.4100,4900
2006-02-17,10.5999,10.9399,10.2500,10.3800,9700
2006-02-10,9.5000,10.7000,9.5000,10.5500,60900
2006-02-03,9.2500,9.8000,9.2500,9.5000,24400
2006-01-27,9.1500,9.5000,9.1129,9.4000,12400
2006-01-20,9.2500,9.2500,9.0000,9.1222,17500
2006-01-13,9.1000,9.5000,9.1000,9.3400,17400
2006-01-06,8.9900,9.5500,8.9000,9.2500,50900
2005-12-30,9.0100,9.1000,8.7500,8.9200,19000
2005-12-23,8.1500,9.9000,7.9200,9.1400,158400
2005-12-16,8.1500,9.5000,8.0801,8.2300,89200
2005-12-09,8.0900,8.4000,8.0900,8.2500,20600
2005-12-02,7.8000,8.0999,7.8000,8.0000,15800
2005-11-25,7.9600,8.0000,7.7500,7.9000,9000
2005-11-18,7.9300,8.3500,7.9300,7.9600,6600
2005-11-11,7.9000,8.0900,7.9000,7.9500,14000
2005-11-04,7.7200,8.0001,7.7200,7.9000,12300
2005-10-28,7.8000,7.9000,7.6840,7.7000,10400
2005-10-21,7.8100,7.9490,7.7000,7.8000,11100
2005-10-14,7.8000,8.0000,7.6201,7.7800,13700
2005-10-07,8.1500,8.2500,7.7500,7.9000,27100
2005-09-30,8.2300,8.5000,7.8000,8.2000,65900
2005-09-23,7.5000,8.8000,7.4300,8.2000,233400
2005-09-16,8.2000,8.3900,7.2500,7.4700,53900
2005-09-09,8.0600,8.5600,7.7000,8.1000,70100
2005-09-02,7.0000,9.4900,7.0000,8.0500,199500
2005-08-26,7.0000,7.1000,6.8500,7.0000,12000
2005-08-19,7.1000,7.1000,6.9000,7.1000,16900
2005-08-12,7.1700,7.2000,7.0500,7.1000,5900
2005-08-05,6.8000,7.1700,6.7500,7.1700,21900
2005-07-29,6.8500,6.9000,6.6000,6.8500,29000
2005-07-22,6.6700,6.8500,6.6500,6.8300,8800
2005-07-15,6.7500,6.7800,6.6800,6.6900,6900
2005-07-08,6.7500,6.7500,6.6000,6.7500,13800
2005-07-01,6.7000,6.7400,6.7000,6.7000,2000
2005-06-24,6.4500,6.8000,6.3960,6.7400,39800
2005-06-17,6.2500,6.6400,6.2100,6.4300,17500
2005-06-10,6.4500,6.4500,6.2000,6.2200,6600
2005-06-03,6.5500,6.7000,6.4000,6.4000,28500
2005-05-27,6.7000,6.7000,6.5500,6.5500,2300
2005-05-20,6.9000,6.9000,6.5500,6.6000,2700
2005-05-13,6.6500,6.9500,6.6500,6.8500,3000
2005-05-06,6.2700,6.9000,6.2600,6.7500,27100
2005-04-29,6.1500,6.3000,5.9200,6.2700,18000
2005-04-22,6.8000,7.0800,6.0000,6.0200,27200
2005-04-15,7.2500,7.2500,6.7000,6.8000,22100
2005-04-08,7.0500,7.1000,6.8000,7.1000,6000
2005-04-01,6.9000,7.1000,6.9000,7.0500,12900
2005-03-24,6.9500,7.0900,6.8500,7.0000,16100
2005-03-18,7.5500,7.8000,6.5000,6.8300,95300
2005-03-11,7.6000,7.6000,7.4500,7.4700,27300
2005-03-04,7.6000,7.7000,7.5100,7.6000,9400
2005-02-25,7.5000,7.5000,7.3000,7.5000,19200
2005-02-18,7.9000,7.9000,7.5500,7.5500,73500
2005-02-11,7.8500,8.0000,7.7100,7.8500,40800
2005-02-04,7.8000,7.9900,7.6600,7.9900,27100
2005-01-28,7.8400,8.0800,7.7000,8.0000,11100
2005-01-21,7.9500,7.9500,7.7000,7.9000,25300
2005-01-14,7.6500,7.9400,7.6500,7.8500,8500
2005-01-07,7.8100,7.9500,7.7600,7.8900,7900
2004-12-31,7.9000,8.0000,7.7300,7.8500,32300
2004-12-23,8.6500,8.6500,7.7600,7.8300,85400
2004-12-17,8.3800,8.7000,8.1500,8.6500,32000
2004-12-10,8.9100,9.0000,8.3700,8.3800,52000
2004-12-03,8.4300,8.9000,8.4000,8.8000,52800
2004-11-26,8.5000,8.6000,8.3600,8.4000,17000
2004-11-19,8.5100,8.9000,8.4900,8.5000,69500
2004-11-12,8.4500,9.0000,8.4000,8.5200,46800
2004-11-05,9.1000,9.1000,8.3000,8.4000,109000
2004-10-29,9.2500,9.3000,9.0000,9.0000,51300
2004-10-22,9.0000,9.2000,8.8000,9.1000,39200
2004-10-15,8.9500,9.2500,8.7600,9.0000,11300
2004-10-08,8.7500,9.3500,8.7000,9.0000,35700
2004-10-01,9.3000,9.3000,9.0000,9.2000,22900
2004-09-24,9.6000,9.6000,9.0500,9.1500,17000
2004-09-17,9.4000,9.6500,9.3500,9.5000,6800
2004-09-10,9.6000,9.6000,9.4000,9.4000,10400
2004-09-03,9.6500,9.6500,9.6000,9.6000,4900
2004-08-27,9.5000,9.7500,9.4200,9.7500,7500
2004-08-20,9.1000,9.4500,9.1000,9.4000,11500
2004-08-13,8.9500,9.0000,8.8000,9.0000,7500
2004-08-06,9.1500,9.1500,9.0000,9.0000,4400
2004-07-30,8.8500,9.0500,8.4900,9.0500,14800
2004-07-23,9.0000,9.1000,8.6500,8.7200,14700
2004-07-16,8.8700,9.0000,8.8700,8.9900,6700
2004-07-09,9.3000,9.3000,8.8500,8.8700,21800
2004-07-02,9.1300,9.5000,9.1000,9.3000,17200
2004-06-25,9.2500,9.3000,9.0100,9.1200,14800
2004-06-18,9.6000,10.1200,9.1700,9.1700,22100
2004-06-10,9.7500,9.7500,9.3900,9.6000,14700
2004-06-04,9.8500,9.8500,9.8000,9.8000,5000
2004-05-28,10.0000,10.2500,10.0000,10.0000,3700
2004-05-21,9.6500,10.0000,9.6500,9.9800,9200
2004-05-14,10.0000,10.1500,9.6500,9.6500,10000
2004-05-07,10.5900,10.6600,9.4100,10.0000,17700
2004-04-30,10.9000,11.0000,10.5000,10.5400,10900
2004-04-23,11.0500,11.1000,10.7000,11.0500,5200
2004-04-16,11.4500,11.4500,10.9500,11.1200,7900
2004-04-08,10.7500,11.5200,10.6700,11.5200,20300
2004-04-02,11.0000,11.0000,10.7200,10.8000,4800
2004-03-26,11.0000,11.1000,10.8000,11.0000,9700
2004-03-19,10.0500,11.0800,9.0600,11.0800,52100
2004-03-12,10.2800,10.3000,9.8800,10.2000,6700
2004-03-05,10.0400,10.5000,10.0000,10.2800,20300
2004-02-27,10.8500,10.8500,10.0400,10.0400,12000
2004-02-20,10.7000,10.8500,10.4300,10.8500,8100
2004-02-13,10.3500,10.9000,10.2600,10.7000,13000
2004-02-06,10.1100,10.4500,10.1100,10.2600,11100
2004-01-30,10.0100,10.1100,10.0000,10.1100,30400
2004-01-23,10.0200,10.1000,10.0100,10.0100,8100
2004-01-16,10.0500,10.1000,10.0000,10.1000,10200
2004-01-09,9.9400,10.0500,9.8000,10.0500,5000
2004-01-02,9.4100,9.9000,9.3500,9.9000,9000
2003-12-26,9.9300,9.9300,9.4100,9.5000,6600
2003-12-19,9.7500,9.9800,9.2600,9.9300,25100
2003-12-12,9.6900,9.8500,9.2700,9.6500,25500
2003-12-05,9.7100,9.8000,9.5000,9.7000,4200
2003-11-28,9.8000,9.8000,9.8000,9.8000,800
2003-11-21,9.7700,10.0000,9.7000,9.7500,5400
2003-11-14,10.1000,10.1000,9.5200,10.0000,12800
2003-11-07,10.2500,10.3900,9.2500,10.0500,23600
2003-10-31,10.1000,10.1500,9.5100,10.0500,2000
2003-10-24,10.4000,10.4000,10.0000,10.1000,6700
2003-10-17,9.8000,10.3000,9.8000,10.3000,8600
2003-10-10,10.4900,10.4900,9.8000,9.8000,6500
2003-10-03,10.6000,10.6400,10.4000,10.5000,6500
2003-09-26,11.0800,11.0800,10.0000,10.8500,10000
2003-09-19,11.1000,11.1300,11.0000,11.1200,7700
2003-09-12,11.1000,11.4900,10.9000,11.0000,13700
2003-09-05,10.9500,11.6000,10.8500,11.0800,49400
2003-08-29,9.9000,10.9900,9.9000,10.7000,33600
2003-08-22,9.6000,9.9000,9.6000,9.9000,17400
2003-08-15,9.5500,9.7000,9.4000,9.7000,5600
2003-08-08,9.7600,9.8800,9.5400,9.5400,6500
2003-08-01,9.1800,10.1500,9.1800,9.9000,27200
2003-07-25,8.7500,9.1000,8.5500,9.1000,9400
2003-07-18,8.8000,8.8500,8.8000,8.8500,800
2003-07-11,9.0000,9.0000,8.7500,8.8000,6100
2003-07-03,8.8000,9.1000,8.8000,9.1000,11300
2003-06-27,9.0000,9.0000,8.8000,8.8000,3500
2003-06-20,9.2500,9.4900,8.9500,9.0000,16800
2003-06-13,9.7000,9.7000,9.3500,9.3500,11900
2003-06-06,9.8200,9.9100,9.6500,9.7500,4100
2003-05-30,10.0400,10.0400,9.9200,9.9200,1000
2003-05-23,9.1600,10.0000,9.0000,10.0000,7400
2003-05-16,8.6500,9.1000,8.6500,9.1000,3700
2003-05-09,8.4100,8.6500,8.3500,8.6000,9700
2003-05-02,8.4900,8.4900,8.3000,8.4000,2900
2003-04-25,8.4900,8.6500,8.4000,8.4900,4900
2003-04-17,8.4000,8.5000,8.3000,8.4500,4000
2003-04-11,8.2000,8.4500,8.2000,8.4000,3500
2003-04-04,7.8800,8.0500,7.6000,8.0500,9100
2003-03-28,7.7500,7.9000,7.6200,7.9000,5500
2003-03-21,7.5900,7.9300,7.3000,7.8500,17500
2003-03-14,7.3500,7.6000,7.3500,7.5900,3700
2003-03-07,7.3900,7.5000,7.3000,7.3500,6000
2003-02-28,7.4000,7.5900,7.2100,7.3000,15000
2003-02-21,7.6000,7.6400,7.5000,7.6400,4800
2003-02-14,7.2900,7.7000,7.2500,7.7000,9800
2003-02-07,8.0300,8.0300,7.2800,7.3800,20700
2003-01-31,8.2600,8.2600,8.2500,8.2500,2300
2003-01-24,8.3000,8.3000,8.2900,8.2900,1100
2003-01-17,8.1400,8.4000,8.1000,8.2500,17800
2003-01-10,7.9500,8.1400,7.9500,8.1400,10400
2003-01-03,8.1000,8.1000,7.7500,7.8200,25400
2002-12-27,7.9000,8.2500,7.7500,8.1000,18800
2002-12-20,8.1500,8.3000,7.7700,7.7700,27500
2002-12-13,8.7000,8.7000,8.3000,8.3000,8200
2002-12-06,8.9000,8.9000,8.6000,8.7000,7500
2002-11-29,8.9500,8.9500,8.7000,8.7000,1000
2002-11-22,8.9900,8.9900,8.8000,8.9500,500
2002-11-15,8.9000,8.9800,8.9000,8.9800,100
2002-11-08,8.9000,8.9000,8.9000,8.9000,0
2002-11-01,9.0000,9.0000,8.9000,8.9000,3700
2002-10-25,9.0400,9.0400,9.0000,9.0000,300
2002-10-18,9.0000,9.2500,9.0000,9.0400,2000
2002-10-11,8.8000,9.1000,8.5000,9.0900,12500
2002-10-04,9.0000,9.2500,8.8000,8.9000,2800
2002-09-27,8.8000,8.9000,8.6000,8.9000,2800
2002-09-20,9.1000,9.1500,8.7500,8.8500,3000
2002-09-13,9.7500,9.7500,9.2500,9.2500,8600
2002-09-06,9.9900,9.9900,9.7500,9.7500,3800
2002-08-30,10.0000,10.0000,9.8500,9.9900,1000
2002-08-23,10.1000,10.1000,10.0000,10.0000,1200
2002-08-16,10.2500,10.2500,10.1000,10.1000,700
2002-08-09,10.2500,10.2500,10.2500,10.2500,0
2002-08-02,10.1500,10.4000,10.1500,10.2500,4500
2002-07-26,10.5000,10.6000,10.0600,10.2400,4900
2002-07-19,10.7000,10.7000,10.4000,10.4000,4700
2002-07-12,10.8000,10.8000,10.6000,10.7900,1300
2002-07-05,10.8000,10.9500,9.7000,10.8000,4700
2002-06-28,10.6000,10.8000,10.4600,10.6000,4200
2002-06-21,10.9000,10.9000,10.5100,10.7500,3200
2002-06-14,11.1000,11.3000,10.9100,11.0000,7600
2002-06-07,11.1000,11.4000,10.7000,11.0000,9700
2002-05-31,11.0000,11.3000,11.0000,11.2000,1900
2002-05-24,11.1000,11.5000,11.0000,11.2000,5500
2002-05-17,11.1500,11.3000,10.9500,11.2500,4200
2002-05-10,11.2000,11.5000,11.2000,11.3000,1700
2002-05-03,10.9000,11.8000,10.9000,11.1000,19700
2002-04-26,10.6800,11.0000,10.6800,10.9000,5700
2002-04-19,10.2000,10.8000,10.2000,10.7500,4800
2002-04-12,10.2500,10.3200,10.1500,10.2000,2700
2002-04-05,10.3500,10.3500,10.2000,10.2000,4400
2002-03-28,9.9500,10.5000,9.9500,10.4000,6400
2002-03-22,10.1000,10.1300,9.9500,9.9500,1500
2002-03-15,10.0000,10.1400,9.9000,10.1300,6700
2002-03-08,10.2000,10.2000,9.9500,10.0000,12400
2002-03-01,10.1500,10.2000,10.1000,10.1800,7000
2002-02-22,10.1800,10.2500,10.0000,10.2500,11600
2002-02-15,10.1400,10.3000,9.7000,10.1800,28500
2002-02-08,10.6000,10.6000,10.1500,10.1500,10000
2002-02-01,10.5000,10.7500,10.2500,10.6500,12200
2002-01-25,9.3500,10.2000,9.2500,10.2000,8400
2002-01-18,9.2000,9.4000,9.1000,9.3500,5900
2002-01-11,9.1000,9.2500,9.1000,9.2500,600
2002-01-04,9.0000,9.2400,9.0000,9.0100,9800
2001-12-28,8.5200,9.0000,8.5200,8.8600,15100
2001-12-21,8.3000,8.5200,8.1000,8.5200,16900
2001-12-14,9.0000,9.0000,8.2000,8.3500,37600
2001-12-07,9.4000,9.4000,9.0000,9.0200,16600
2001-11-30,10.1500,10.2500,9.4100,9.4500,18800
2001-11-23,9.9100,10.1000,9.9000,10.0500,6400
2001-11-16,10.9000,11.2000,9.8600,10.0000,34200
2001-11-09,10.8500,11.3500,10.8100,11.0000,31900
2001-11-02,11.6600,11.9000,10.6000,10.6000,33100
2001-10-26,9.5500,12.5000,9.5500,11.5000,114100
2001-10-19,9.0000,9.6500,9.0000,9.5500,14600
2001-10-12,10.7000,10.7000,9.1500,9.1500,71200
2001-10-05,7.5000,10.1000,7.5000,10.1000,31200
2001-09-28,7.5000,7.6000,7.5000,7.5000,2000
2001-09-21,7.9100,7.9200,7.5000,7.5000,7700
2001-09-10,8.0100,8.0100,8.0100,8.0100,200
2001-09-07,8.1500,8.1500,8.0500,8.1000,2100
2001-08-31,8.1200,8.2000,8.1200,8.1500,1000
2001-08-24,8.2500,8.2500,8.1200,8.1200,2200
2001-08-17,8.0500,8.3000,8.0500,8.2500,3400
2001-08-10,8.1000,8.2000,8.0500,8.0500,3000
2001-08-03,7.9100,8.2000,7.9100,8.1000,2300
2001-07-27,8.0000,8.0000,7.9100,7.9100,3800
2001-07-20,8.0000,8.1500,7.9000,8.0500,9100
2001-07-13,8.3500,8.3500,8.0000,8.0000,7000
2001-07-06,8.5500,8.5500,8.3000,8.3000,1800
2001-06-29,8.4000,8.5500,8.4000,8.5500,3700
2001-06-22,7.9900,8.3400,7.9900,8.3400,4300
2001-06-15,8.2000,8.2000,7.7100,7.9500,13900
2001-06-08,9.1300,9.3000,7.7000,8.2000,34500
2001-06-01,8.1200,9.1000,8.1200,9.0000,14800
2001-05-25,8.1500,8.1500,8.0000,8.1500,4300
2001-05-18,8.2500,8.2500,8.1000,8.1600,3300
2001-05-11,8.1500,8.4000,8.1500,8.3100,9200
2001-05-04,7.6100,8.1000,7.6100,8.1000,8900
2001-04-27,7.7800,7.8000,7.6100,7.6100,8600
2001-04-20,8.0000,8.0000,7.7500,7.7500,20800
2001-04-12,7.2000,7.6000,7.2000,7.5500,13700
2001-04-06,6.9500,7.2600,6.9500,7.2500,13500
2001-03-30,7.1500,7.1500,6.8900,7.0000,4100
2001-03-23,7.2500,7.3000,6.8500,7.1000,9200
2001-03-16,7.0000,7.2500,7.0000,7.1500,2900
2001-03-09,6.6000,7.0000,6.5000,7.0000,9900
2001-03-02,6.3000,6.5000,6.3000,6.5000,3800
2001-02-23,6.3500,6.3500,6.3000,6.3000,600
2001-02-16,6.2500,6.4100,6.2000,6.3500,5400
2001-02-09,6.2500,6.3000,6.2500,6.2500,1900
2001-02-02,6.3200,6.4000,6.2500,6.2500,10900
2001-01-26,6.0630,6.2500,6.0630,6.2500,3000
2001-01-19,6.1250,6.1250,6.0600,6.0600,2100
2001-01-12,5.8750,6.0000,5.8130,6.0000,5200
2001-01-05,5.8750,5.8750,5.7500,5.8130,4200
2000-12-29,6.3100,6.3100,5.7500,5.7500,21900
2000-12-22,6.0630,6.5000,6.0630,6.3130,10600
2000-12-15,5.8130,6.2500,5.8130,6.0600,3600
2000-12-08,6.0000,6.1880,5.8750,5.8750,4400
2000-12-01,6.1250,6.1250,6.0000,6.0000,3000
2000-11-24,6.1200,6.1900,6.0000,6.1900,1300
2000-11-17,6.3750,6.4380,6.1250,6.1250,8800
2000-11-10,6.5600,6.5600,6.3130,6.3750,6700
2000-11-03,6.3750,6.6250,6.3750,6.5600,3400
2000-10-27,6.2500,6.3750,6.0000,6.3750,9700
2000-10-20,6.5000,6.5000,6.2500,6.2500,2800
2000-10-13,6.7500,6.7500,6.5000,6.5000,5700
2000-10-06,7.0630,7.0630,6.7500,6.7500,7900
2000-09-29,7.3750,7.3750,7.0630,7.0630,2200
2000-09-22,7.1250,7.2500,7.1250,7.2500,1900
2000-09-15,6.8800,7.2500,6.8800,7.1250,2100
2000-09-08,6.8750,7.3750,6.8750,6.8750,20300
2000-09-01,6.4380,6.6880,6.4380,6.6880,4000
2000-08-25,6.5000,6.5000,6.3750,6.4380,12300
2000-08-18,6.1200,6.5000,6.1200,6.5000,4500
2000-08-11,6.2500,6.3130,6.1250,6.1250,5400
2000-08-04,6.1880,6.3750,6.1880,6.2500,6800
2000-07-28,6.3130,6.3750,6.3100,6.3750,7000
2000-07-21,6.3750,6.3800,6.3100,6.3130,2800
2000-07-14,6.2500,6.2500,6.2500,6.2500,200
2000-07-07,6.2500,6.5000,6.2500,6.3750,800
2000-06-30,6.2500,6.2500,6.2500,6.2500,2300
2000-06-23,6.3130,6.3750,6.2500,6.2500,2500
2000-06-16,6.2500,6.3800,6.2500,6.3100,3900
2000-06-09,6.1250,6.5000,6.1250,6.2500,1800
2000-06-02,6.0000,6.0000,6.0000,6.0000,5300
2000-05-26,5.6880,6.0000,5.6880,5.8750,3900
2000-05-19,5.3750,5.7500,5.3750,5.6880,9600
2000-05-12,5.4380,5.5630,5.4380,5.4400,2400
2000-05-05,5.7500,5.7500,5.4380,5.4380,6600
2000-04-28,6.2500,6.3750,5.6250,5.6250,12500
2000-04-20,6.2500,6.3800,6.2500,6.2500,3500
2000-04-14,6.0630,6.8130,6.0000,6.3750,23300
2000-04-07,6.3750,6.3750,6.0000,6.0000,5100
2000-03-31,6.1250,6.3750,6.1200,6.1200,2200
2000-03-24,5.7500,6.2500,5.7500,6.1250,12200
2000-03-17,6.0000,6.1880,5.7500,5.7500,8100
2000-03-10,6.0630,6.2500,6.0630,6.0630,5400
2000-03-03,6.1250,6.3750,6.1250,6.1250,6900
2000-02-25,5.7500,6.0000,5.7500,6.0000,14900
2000-02-18,5.7500,6.0000,5.7500,5.8130,17500
2000-02-11,5.8130,5.8750,5.7500,5.7500,3300
2000-02-04,5.8800,5.8800,5.6880,5.8750,14500
2000-01-28,5.7500,5.9380,5.6880,5.8800,13300
2000-01-21,5.7500,5.9380,5.7500,5.8130,7500
2000-01-14,5.9380,6.0000,5.7500,5.7500,6200
