timestamp,open,high,low,close,volume
2018-02-27,2.8100,2.8400,2.7600,2.8000,42208
2018-02-23,2.7700,2.9000,2.7490,2.7800,53606
2018-02-16,2.7300,2.7700,2.6400,2.7300,69234
2018-02-09,2.7700,2.7900,2.6156,2.7300,109945
2018-02-02,2.8100,2.9779,2.7000,2.7900,139925
2018-01-26,3.0500,3.0500,2.8300,2.8500,42722
2018-01-19,2.8900,2.9900,2.7700,2.9500,86685
2018-01-12,2.9400,2.9930,2.7155,2.9800,59557
2018-01-05,2.8700,2.9900,2.7547,2.9500,36460
2017-12-29,2.8400,2.9300,2.7900,2.8400,54185
2017-12-22,2.7500,2.9995,2.6800,2.9000,223284
2017-12-15,2.3000,3.2300,2.2522,2.7400,399523
2017-12-08,2.3300,2.3858,2.2545,2.3400,29426
2017-12-01,2.2300,2.4000,2.1200,2.3600,186780
2017-11-24,2.3800,2.4200,2.2100,2.3000,45808
2017-11-17,2.4000,2.4900,2.3200,2.4200,36736
2017-11-10,2.4300,2.4800,2.3300,2.4600,34612
2017-11-03,2.4200,2.5300,2.4000,2.4500,19256
2017-10-27,2.6200,2.7100,2.4700,2.4800,74941
2017-10-20,2.6600,2.7400,2.5700,2.6900,25149
2017-10-13,2.7300,2.8000,2.6900,2.7500,48431
2017-10-06,2.7500,2.9000,2.6800,2.7600,61309
2017-09-29,2.8700,2.9400,2.7500,2.8600,20683
2017-09-22,2.8900,2.9400,2.7600,2.9400,27014
2017-09-15,2.8700,2.9800,2.7900,2.8800,24890
2017-09-08,2.8700,3.0200,2.7700,2.8900,32269
2017-09-01,2.8400,2.8800,2.7700,2.8500,41932
2017-08-25,2.7900,2.8700,2.7900,2.8600,7490
2017-08-18,2.7800,2.8900,2.7100,2.8300,29308
2017-08-11,2.8300,2.9000,2.8000,2.9000,3578
2017-08-04,2.9100,2.9700,2.7400,2.9000,14858
2017-07-28,3.0800,3.1500,2.9200,2.9900,16946
2017-07-21,3.0000,3.2400,3.0000,3.1800,11747
2017-07-14,2.8900,3.2000,2.7900,3.1200,49566
2017-07-07,2.9700,2.9900,2.8400,2.9200,6554
2017-06-30,2.8900,3.0100,2.7600,2.9200,49275
2017-06-23,2.9600,3.0100,2.8100,2.9500,18696
2017-06-16,3.0300,3.1800,2.8100,3.0000,38384
2017-06-09,3.1700,3.2800,2.7100,2.9800,123072
2017-06-02,3.1200,3.4200,3.1100,3.4200,28593
2017-05-26,3.2400,3.2700,3.0200,3.1900,8393
2017-05-19,3.3200,3.4100,3.0400,3.1600,19837
2017-05-12,3.3500,3.5000,3.3100,3.4200,57172
2017-05-05,3.3600,3.5500,3.3600,3.4300,20901
2017-04-28,3.4300,3.5900,3.3500,3.4400,35857
2017-04-21,3.4300,3.5200,3.3300,3.4300,9194
2017-04-13,3.4800,3.5000,3.4100,3.4700,3533
2017-04-07,3.4000,3.5900,3.3800,3.4200,41645
2017-03-31,3.2900,3.5800,3.2800,3.4000,22404
2017-03-24,3.4300,3.4800,3.2800,3.4000,21137
2017-03-17,3.5600,3.6100,3.4700,3.5400,16803
2017-03-10,3.3100,3.6500,3.2500,3.6300,35307
2017-03-03,3.3600,3.5100,3.1300,3.3100,63099
2017-02-24,3.3000,3.4700,3.0500,3.2800,17637
2017-02-17,3.5200,3.5400,3.3300,3.3900,6557
2017-02-10,3.5700,3.6000,3.4500,3.5900,4511
2017-02-03,3.3900,3.7200,3.3600,3.5300,51671
2017-01-27,3.2500,3.4900,3.2100,3.3600,27394
2017-01-20,3.2800,3.4000,3.2800,3.3200,19471
2017-01-13,3.3800,3.4100,3.3000,3.3100,29775
2017-01-06,3.3800,3.7400,3.3200,3.4100,30519
2016-12-30,3.4700,3.6800,3.2987,3.4100,38198
2016-12-23,3.6370,3.7340,3.4213,3.5999,101787
2016-12-16,3.5400,3.6800,3.5019,3.6392,33314
2016-12-09,3.4700,3.7100,3.3300,3.5989,23490
2016-12-02,3.4500,3.5648,3.3800,3.5100,20356
2016-11-25,3.5400,3.6900,3.4865,3.5600,33274
2016-11-18,3.5600,3.8700,3.4110,3.6000,71344
2016-11-11,3.5700,3.8600,3.5500,3.6600,45935
2016-11-04,3.7900,3.8650,3.6800,3.7889,33408
2016-10-28,3.8500,3.9400,3.7500,3.8000,30908
2016-10-21,3.8400,3.8700,3.7500,3.8500,18112
2016-10-14,3.8100,3.9800,3.7500,3.8950,97648
2016-10-07,3.8000,3.9000,3.8000,3.9000,29801
2016-09-30,3.7800,3.9000,3.7100,3.8800,62337
2016-09-23,3.8100,3.8385,3.5300,3.7700,93095
2016-09-16,3.7500,3.9700,3.7000,3.8000,55524
2016-09-09,3.8500,4.0400,3.8400,3.9000,27482
2016-09-02,3.5100,3.9700,3.4600,3.8900,125287
2016-08-26,4.0050,4.0200,3.5710,3.8600,57900
2016-08-19,3.2500,4.0000,3.2300,3.9900,208947
2016-08-12,2.8950,3.3000,2.8950,3.1900,102956
2016-08-05,2.7000,2.9399,2.6533,2.8900,145498
2016-07-29,2.5900,2.8790,2.5701,2.7000,68625
2016-07-22,2.6100,2.6950,2.4400,2.6500,36231
2016-07-15,2.3100,2.6899,2.2701,2.6899,327948
2016-07-08,2.3300,2.4023,2.2700,2.3100,80574
2016-07-01,2.3500,2.5000,2.1600,2.4100,89679
2016-06-24,0.8900,0.9400,0.8200,0.8600,84169
2016-06-17,0.8776,0.9900,0.8490,0.9496,59116
2016-06-10,0.8402,0.9797,0.8300,0.8950,106074
2016-06-03,0.8799,0.9247,0.8200,0.8700,104473
2016-05-27,0.8499,0.9980,0.8296,0.8983,199882
2016-05-20,0.8499,0.9180,0.8201,0.9079,31114
2016-05-13,0.8540,0.8900,0.8000,0.8750,33040
2016-05-06,0.8100,0.8950,0.8100,0.8800,8721
2016-04-29,0.8700,0.8700,0.8000,0.8488,10881
2016-04-22,0.8501,0.9200,0.8100,0.8649,17084
2016-04-15,0.8502,0.9000,0.7401,0.8500,86840
2016-04-08,0.8599,0.8887,0.8300,0.8798,84543
2016-04-01,0.9087,0.9564,0.8400,0.8500,96966
2016-03-24,0.8700,0.9700,0.7412,0.8800,332889
2016-03-18,0.9199,0.9490,0.7813,0.8789,149969
2016-03-11,0.7000,1.0000,0.6827,0.9700,406524
2016-03-04,0.6896,0.7300,0.6699,0.7298,80713
2016-02-26,0.7100,0.7300,0.6250,0.7100,149596
2016-02-19,0.7288,0.7350,0.6755,0.7200,15018
2016-02-12,0.6999,0.7500,0.6600,0.7288,49887
2016-02-05,0.6710,0.7276,0.6501,0.6950,131723
2016-01-29,0.6699,0.7100,0.6401,0.7046,87234
2016-01-22,0.6499,0.7000,0.6104,0.6809,62077
2016-01-15,0.6999,0.7194,0.6400,0.6700,47784
2016-01-08,0.8400,0.8400,0.6705,0.6985,96121
2015-12-31,0.6601,0.7297,0.6300,0.6700,379924
2015-12-24,0.6599,0.7400,0.6403,0.7197,408792
2015-12-18,0.8200,0.8200,0.6700,0.7000,315441
2015-12-11,0.9001,0.9474,0.7500,0.7800,205511
2015-12-04,1.0700,1.1400,0.8644,0.9500,438348
2015-11-27,1.0900,1.1000,1.0300,1.0800,115853
2015-11-20,1.0600,1.1400,1.0200,1.1000,60483
2015-11-13,1.0900,1.1300,1.0600,1.0800,111189
2015-11-06,1.1309,1.1700,1.1000,1.1300,75771
2015-10-30,1.1294,1.1900,1.0600,1.1600,439219
2015-10-23,1.2400,1.2800,1.1100,1.1700,158800
2015-10-16,1.2900,1.3600,1.2200,1.2700,179354
2015-10-09,1.3000,1.4700,1.2500,1.3000,242273
2015-10-02,1.2400,1.3000,1.2400,1.2900,14911
2015-09-25,1.2999,1.3400,1.2349,1.3000,168649
2015-09-18,1.2200,1.4000,1.2200,1.4000,182027
2015-09-11,1.2400,1.2800,1.2300,1.2700,200225
2015-09-04,1.2400,1.2500,1.1805,1.2300,75263
2015-08-28,1.2000,1.2989,1.0700,1.2700,120765
2015-08-21,1.2800,1.3300,1.2500,1.2800,99581
2015-08-14,1.3200,1.3800,1.2300,1.3000,253014
2015-08-07,1.3000,1.3900,1.2200,1.3388,85940
2015-07-31,1.3300,1.3300,1.2200,1.2855,75135
2015-07-24,1.3100,1.3900,1.2900,1.3200,152095
2015-07-17,1.3070,1.3900,1.2601,1.3400,116899
2015-07-10,1.3500,1.3500,1.2720,1.3500,57264
2015-07-02,1.3022,1.3700,1.2500,1.3700,164264
2015-06-26,1.3700,1.4650,1.3370,1.4000,244964
2015-06-19,1.3696,1.4395,1.2800,1.3955,311291
2015-06-12,1.4400,1.4600,1.3000,1.4100,100434
2015-06-05,1.8100,1.8400,1.4300,1.5200,207516
2015-05-29,1.6797,2.0000,1.4255,1.9000,348076
2015-05-22,1.5600,1.9300,1.5400,1.7000,420795
2015-05-15,1.3800,1.7390,1.3600,1.6300,314375
2015-05-08,1.3300,1.4150,1.3000,1.3880,363043
2015-05-01,1.3500,1.5000,1.3300,1.3700,171080
2015-04-24,1.3800,1.4340,1.3470,1.4000,88885
2015-04-17,1.2400,1.6200,1.2200,1.4300,264857
2015-04-10,1.2400,1.3700,1.2300,1.2900,88562
2015-04-02,1.3700,1.3720,1.2200,1.2810,63297
2015-03-27,1.4200,1.4800,1.3400,1.3800,71988
2015-03-20,1.4300,1.4800,1.3890,1.4199,119734
2015-03-13,1.6800,1.6800,1.3400,1.4800,323866
2015-03-06,1.7200,1.8500,1.6501,1.6900,118033
2015-02-27,1.6870,1.7760,1.6400,1.7000,78849
2015-02-20,1.7500,1.7800,1.7000,1.7500,60316
2015-02-13,1.7000,1.8300,1.6700,1.8100,96145
2015-02-06,1.7300,1.8100,1.6300,1.7300,100251
2015-01-30,1.9000,1.9000,1.7200,1.7700,70750
2015-01-23,1.9900,2.0400,1.9128,1.9670,71379
2015-01-16,2.0700,2.1800,1.9300,2.0500,153625
2015-01-09,1.6800,2.1600,1.6100,2.1090,253675
2015-01-02,1.5400,2.0000,1.5000,1.7300,262314
2014-12-26,1.7300,2.1000,1.5300,1.6900,134383
2014-12-19,1.3500,1.7300,1.2000,1.6600,221564
2014-12-12,1.6100,1.6501,1.4000,1.4500,104418
2014-12-05,1.9400,2.0000,1.7401,1.7500,39239
2014-11-28,1.9900,2.2700,1.7400,2.0200,185457
2014-11-21,2.2400,2.2660,1.9701,2.0200,217194
2014-11-14,2.5000,2.5299,2.2700,2.3100,57153
2014-11-07,2.5300,2.6250,2.2911,2.5700,126505
2014-10-31,2.6100,2.7000,2.4800,2.5600,163174
2014-10-24,2.6400,2.7400,2.4700,2.6000,117552
2014-10-17,2.8200,2.8800,2.5836,2.7600,122869
2014-10-10,2.8600,3.0195,2.7301,2.8900,110071
2014-10-03,3.0400,3.1300,2.7501,3.0000,72331
2014-09-26,3.2500,3.2500,3.0300,3.1600,58717
2014-09-19,3.4000,3.4300,3.0200,3.3500,240722
2014-09-12,3.6540,3.6800,3.3500,3.3700,94773
2014-09-05,3.8900,3.9600,3.5300,3.6900,193284
2014-08-29,3.8400,4.0301,3.5500,3.9600,322368
2014-08-22,0.1820,3.9000,0.1772,3.7678,8097242
2014-08-15,0.1990,0.2029,0.1800,0.1921,1655646
2014-08-08,0.1944,0.2000,0.1900,0.1965,979785
2014-08-01,0.2038,0.2038,0.1750,0.1930,1749945
2014-07-25,0.2169,0.2279,0.1867,0.2010,5465373
2014-07-18,0.1944,0.2248,0.1912,0.2139,11847768
2014-07-11,0.1799,0.2200,0.1798,0.1950,5178097
2014-07-03,0.1835,0.1937,0.1755,0.1870,2071148
2014-06-27,0.1739,0.2000,0.1626,0.1830,4038620
2014-06-20,0.1790,0.1910,0.1756,0.1800,1665676
2014-06-13,0.1837,0.1861,0.1750,0.1770,1100906
2014-06-06,0.1827,0.1999,0.1700,0.1850,2417019
2014-05-30,0.1869,0.1990,0.1760,0.1890,1990981
2014-05-23,0.2000,0.2089,0.1769,0.1885,1334791
2014-05-16,0.1800,0.2249,0.1735,0.2078,2173927
2014-05-09,0.1855,0.1900,0.1713,0.1800,1486891
2014-05-02,0.2149,0.2225,0.1809,0.1906,3112404
2014-04-25,0.2200,0.2330,0.2113,0.2230,1521507
2014-04-17,0.2300,0.2441,0.2180,0.2201,1501134
2014-04-11,0.2188,0.2395,0.2021,0.2199,2386207
2014-04-04,0.2300,0.2350,0.2110,0.2200,1917761
2014-03-28,0.2677,0.2677,0.2200,0.2270,5891396
2014-03-21,0.2051,0.2990,0.2013,0.2600,24526515
2014-03-14,0.1880,0.2200,0.1840,0.2001,5807824
2014-03-07,0.1988,0.2098,0.1775,0.1880,4583935
2014-02-28,0.1930,0.2520,0.1910,0.2079,13146369
2014-02-21,0.3177,0.3580,0.1600,0.1601,3247125
2014-02-14,0.8245,0.8988,0.7400,0.7700,36773
2014-02-07,0.8314,0.8600,0.8100,0.8300,42422
2014-01-31,1.0100,1.0490,0.8120,0.9100,93828
2014-01-24,1.0600,1.0900,1.0100,1.0600,24793
2014-01-17,1.0300,1.3000,1.0000,1.0600,156812
2014-01-10,1.2500,1.3090,0.9900,1.0700,149203
2014-01-03,0.9351,1.4300,0.9217,1.3200,386145
2013-12-27,0.7000,0.7800,0.6810,0.6900,63651
2013-12-20,0.7500,0.7598,0.6800,0.7100,74339
2013-12-13,1.0700,1.0800,0.8300,0.8849,105233
2013-12-06,1.0900,1.1400,0.9800,1.0501,69279
2013-11-29,1.1101,1.1800,1.0300,1.0801,36241
2013-11-22,1.1400,1.1800,1.1000,1.1140,14488
2013-11-15,1.1800,1.2499,1.1300,1.1700,67425
2013-11-08,1.2000,1.2600,1.1300,1.2000,22712
2013-11-01,1.1100,1.2600,1.1100,1.2000,48398
2013-10-25,1.0800,1.2300,1.0700,1.1000,75588
2013-10-18,1.2500,1.2689,1.1000,1.1100,28443
2013-10-11,1.1900,1.4600,1.1000,1.2500,25101
2013-10-04,1.1800,1.2700,1.1100,1.1200,13509
2013-09-27,1.2100,1.3100,1.1300,1.2100,65032
2013-09-20,1.1300,1.3800,1.1100,1.1900,53986
2013-09-13,1.1100,1.2299,1.1000,1.2299,36061
2013-09-06,1.1400,1.2000,1.0300,1.1400,45691
2013-08-30,1.2400,1.2499,1.0200,1.1400,48121
2013-08-23,1.0600,1.2499,1.0500,1.2400,7515
2013-08-16,1.1134,1.2000,1.0500,1.0500,14904
2013-08-09,1.1300,1.1364,1.0000,1.0300,23027
2013-08-02,1.2100,1.2400,1.1000,1.1300,28497
2013-07-26,1.4900,1.9000,1.0000,1.2100,147072
2013-07-19,1.7000,1.8200,1.4600,1.6200,58998
2013-07-12,1.7201,1.7700,1.5500,1.7099,46444
2013-07-05,2.0871,2.1800,1.8300,1.8900,29388
2013-06-28,2.0600,2.2384,2.0100,2.1500,8720
2013-06-21,2.1200,2.2999,2.0100,2.0899,15792
2013-06-14,2.1400,2.2200,2.0000,2.0300,18866
2013-06-07,1.9700,2.2000,1.9700,2.1700,25471
2013-05-31,2.2200,2.3200,2.1201,2.1201,26141
2013-05-24,2.2200,2.3000,1.9000,2.2700,36951
2013-05-17,2.1000,2.2400,2.0600,2.1600,12898
2013-05-10,2.1900,2.4700,2.1300,2.1301,31592
2013-05-03,2.2600,2.2800,2.0600,2.1300,52537
2013-04-26,2.1500,2.2900,2.1000,2.2600,83461
2013-04-19,2.3500,2.3500,2.0101,2.1000,22994
2013-04-12,2.2700,2.2900,2.0400,2.2799,28589
2013-04-05,2.2200,2.3200,2.0500,2.1000,21350
2013-03-28,2.2300,2.5300,2.2300,2.2700,16707
2013-03-22,2.2900,2.5145,2.2200,2.3300,57064
2013-03-15,2.1900,2.9690,2.0700,2.6000,105840
2013-03-08,2.5200,2.5478,2.1000,2.2899,60031
2013-03-01,2.8500,2.8500,2.3500,2.6200,119493
2013-02-22,3.3100,3.8000,2.9000,3.1600,200464
2013-02-15,1.7500,2.6200,1.6700,2.3300,243583
2013-02-08,1.6000,1.7900,1.4300,1.6500,30000
2013-02-01,1.7000,1.7300,1.5100,1.5999,25299
2013-01-25,1.7400,1.8000,1.7000,1.7000,14324
2013-01-18,1.8700,1.8700,1.7200,1.7200,15495
2013-01-11,1.8200,1.9699,1.7100,1.8500,8252
2013-01-04,1.8800,1.9200,1.7600,1.8200,25659
2012-12-28,2.2500,2.2860,2.0400,2.1412,2327
2012-12-21,2.3600,2.3900,2.2500,2.2524,6809
2012-12-14,2.3300,2.4000,2.2501,2.2501,5936
2012-12-07,2.4000,2.4000,2.3100,2.3738,28433
2012-11-30,2.4600,2.5800,2.3101,2.3435,1810
2012-11-23,2.2200,2.2800,2.2200,2.2590,4238
2012-11-16,2.2400,2.3001,2.1600,2.2100,18794
2012-11-09,2.2100,2.4000,2.1400,2.3000,5207
2012-11-02,2.3500,2.5800,2.3500,2.3700,7657
2012-10-26,2.4100,2.5000,2.2792,2.4000,11923
2012-10-19,2.5200,2.5501,2.3100,2.5000,24236
2012-10-12,2.3300,2.3500,2.2600,2.2900,15473
2012-10-05,2.3500,2.3926,2.1616,2.3300,6262
2012-09-28,2.2100,2.3000,2.1700,2.2500,22103
2012-09-21,2.5200,2.6288,2.1900,2.1900,23329
2012-09-14,2.0500,3.6800,2.0500,2.4901,80665
2012-09-07,2.1000,2.1600,2.0500,2.1600,5252
2012-08-31,2.0900,2.2300,2.0500,2.1100,12210
2012-08-24,2.0300,2.2900,2.0300,2.0800,34669
2012-08-17,2.4800,2.5300,2.2000,2.3800,9864
2012-08-10,2.7800,2.8900,2.5300,2.8900,18539
2012-08-03,2.6600,2.8800,2.5400,2.8200,6973
2012-07-27,2.6600,2.7099,2.4200,2.6800,8864
2012-07-20,2.8000,2.8400,2.6501,2.7900,8489
2012-07-13,2.6400,2.7800,2.5401,2.7800,32391
2012-07-06,2.0800,2.5800,2.0200,2.4000,16136
2012-06-29,2.1500,2.2600,2.0301,2.2600,16737
2012-06-22,2.3800,2.4200,2.1600,2.3400,11651
2012-06-15,2.3400,2.4000,2.2600,2.3699,15211
2012-06-08,2.2500,2.2600,2.1100,2.2600,9079
2012-06-01,2.2800,2.3900,2.2500,2.2800,5169
2012-05-25,2.3400,2.4000,1.9100,2.2000,24024
2012-05-18,2.5600,2.6099,2.1210,2.3300,6627
2012-05-11,2.7600,2.7800,2.5000,2.5301,4403
2012-05-04,2.6600,2.9200,2.6600,2.7200,14963
2012-04-27,2.8400,3.0000,2.8000,2.8601,5165
2012-04-20,2.9600,3.0000,2.7300,2.8600,15693
2012-04-13,3.0300,3.2200,2.7400,2.9800,20861
2012-04-05,2.6500,3.0200,2.6500,2.9000,17996
2012-03-30,2.7300,2.8328,2.4200,2.6200,63234
2012-03-23,2.5000,2.5000,2.3800,2.4000,5434
2012-03-16,2.2600,2.5100,2.2600,2.5000,11094
2012-03-09,2.5200,2.5700,2.4700,2.5225,10788
2012-03-02,2.5800,2.6000,2.4000,2.5200,23964
2012-02-24,2.9000,3.0000,2.7000,2.7600,22192
2012-02-17,2.7500,3.2400,2.6300,2.8800,13953
2012-02-10,2.9400,2.9600,2.7300,2.8600,11716
2012-02-03,2.8570,3.0200,2.7400,2.9400,16695
2012-01-27,2.9100,3.0900,2.8101,2.9800,7058
2012-01-20,3.0600,3.2600,2.9000,3.1700,12679
2012-01-13,3.2000,3.5300,2.5500,3.1000,121323
2012-01-06,2.5700,2.9700,2.5700,2.9500,11388
2011-12-30,2.6000,2.7700,2.1800,2.3000,37422
2011-12-23,2.6900,2.7400,2.5000,2.5800,21083
2011-12-16,3.0700,3.1100,2.6700,2.7500,22704
2011-12-09,3.1600,3.5490,3.0200,3.0650,21960
2011-12-02,2.7000,3.0400,2.6500,2.8200,25324
2011-11-25,2.7000,2.8000,2.5100,2.5400,11591
2011-11-18,3.0400,3.2100,2.8700,2.8800,17109
2011-11-11,3.8000,3.8500,3.2117,3.4000,34714
2011-11-04,4.6500,4.6500,3.7900,4.2300,68012
2011-10-28,3.0300,5.0900,2.9700,4.7300,102247
2011-10-21,2.5800,2.8000,2.5800,2.6800,11029
2011-10-14,2.5700,3.0000,2.5700,2.7100,9253
2011-10-07,2.5700,2.7600,2.1500,2.6200,26459
2011-09-30,2.1000,2.5500,2.1000,2.4500,71700
2011-09-23,2.1800,2.3700,2.0000,2.0000,9731
2011-09-16,2.0800,2.3500,1.9700,2.2400,34528
2011-09-09,2.4900,2.6800,2.1000,2.2500,68185
2011-09-02,2.6400,3.0700,2.6300,2.9700,43705
2011-08-26,2.8400,2.9700,2.6300,2.6300,41665
2011-08-19,3.2100,3.2300,2.8900,2.9300,72537
2011-08-12,4.7900,4.7900,2.9900,3.2500,78170
2011-08-05,5.8800,5.8800,5.0100,5.2400,32000
2011-07-29,6.1700,6.4200,5.8100,5.9300,8289
2011-07-22,6.1000,6.3800,6.0000,6.2300,9431
2011-07-15,6.6100,6.6100,5.8200,6.0900,15518
2011-07-08,6.6700,6.8892,6.4400,6.6300,9967
2011-07-01,6.4900,6.5899,6.1250,6.2000,92659
2011-06-24,6.3500,6.6300,6.3200,6.5400,11890
2011-06-17,6.8700,6.8700,6.2501,6.6000,35296
2011-06-10,7.2500,7.2500,6.7500,6.7500,18042
2011-06-03,6.9500,7.1621,6.5500,6.7230,180020
2011-05-27,8.2200,8.4300,7.2500,7.3800,344615
2011-05-20,10.7463,10.7463,9.9900,10.1900,1365
2011-05-13,11.2800,11.2800,10.5100,10.5600,936
2011-05-06,11.7900,11.7900,10.7800,11.2800,1040
2011-04-29,11.9500,11.9500,11.7900,11.7900,3544
2011-04-21,11.9400,11.9400,11.7600,11.9000,1446
2011-04-15,12.0000,12.0000,11.8300,11.8800,1489
2011-04-08,11.7500,11.9900,11.6800,11.9900,2486
2011-04-01,11.9000,11.9000,11.5400,11.7800,7954
2011-03-25,11.7100,11.9000,11.3500,11.9000,4065
2011-03-18,11.4400,11.4400,10.7600,11.1200,6635
2011-03-11,11.4200,11.7800,11.2015,11.5100,2906
2011-03-04,12.0299,12.1000,11.4200,11.4500,3737
2011-02-25,12.1000,12.1700,11.5700,12.1700,8737
2011-02-18,11.7000,11.9000,11.5000,11.6500,6195
2011-02-11,12.0999,12.3000,11.5200,11.5200,1981
2011-02-04,12.2300,12.4000,11.6500,12.0000,12296
2011-01-28,12.5901,12.9600,12.3900,12.4000,6406
2011-01-21,13.9800,13.9800,12.5400,12.7000,6841
2011-01-14,12.6000,13.9700,12.5100,13.9700,9442
2011-01-07,13.4850,13.6000,13.0000,13.0155,5859
2010-12-31,12.3000,13.4500,12.3000,13.3200,10383
2010-12-23,12.4400,12.8700,12.3300,12.4500,21104
2010-12-17,13.1400,13.4100,12.5100,12.9200,17932
2010-12-10,12.5800,15.1200,12.5400,13.3000,29690
2010-12-03,12.7300,12.7300,11.8830,12.4000,11888
2010-11-26,13.4600,13.5220,12.6900,12.6900,1793
2010-11-19,12.3000,12.8999,12.2900,12.8999,8895
2010-11-12,13.2000,13.8800,12.8500,12.8500,7834
2010-11-05,13.8900,14.3800,13.6200,13.7000,5684
2010-10-29,15.0000,15.3000,13.8600,14.1000,23886
2010-10-22,13.7350,15.0000,13.2000,14.7100,12648
2010-10-15,13.6600,13.8200,13.3000,13.6500,44961
2010-10-08,13.2800,13.8550,13.2100,13.2500,9505
2010-10-01,13.1700,13.4399,13.1700,13.4200,5017
2010-09-24,13.5700,14.1300,13.3100,13.4800,3990
2010-09-17,13.4100,14.0000,13.4100,13.6000,14468
2010-09-10,13.7000,13.9900,13.4500,13.5500,4196
2010-09-03,13.0000,13.4000,12.4100,13.4000,18731
2010-08-27,13.8800,13.8800,13.0500,13.4400,3587
2010-08-20,13.0300,14.0000,13.0300,13.1800,3015
2010-08-13,14.2400,14.2400,12.7500,13.0300,7696
2010-08-06,13.6000,13.8900,13.2500,13.6900,5906
2010-07-30,13.0499,13.2500,12.3200,13.2500,11419
2010-07-23,13.1300,13.9800,13.0000,13.2250,6024
2010-07-16,14.9700,15.2500,13.1200,13.4800,22496
2010-07-09,15.3000,15.3800,14.3200,14.3600,3553
2010-07-02,14.4000,14.7999,14.0000,14.0000,7814
2010-06-25,16.0000,16.3050,14.2600,14.4000,7877
2010-06-18,13.5200,15.2400,13.4701,15.2300,21662
2010-06-11,13.2434,13.6300,12.6200,12.6400,16718
2010-06-04,14.9600,15.1285,14.0100,14.0500,5130
2010-05-28,14.6421,15.9000,14.1500,15.3200,5421
2010-05-21,16.4600,17.2300,13.8500,14.4800,47407
2010-05-14,19.2700,19.4400,17.1800,17.4999,21830
2010-05-07,21.5000,21.6900,18.6600,18.6600,18821
2010-04-30,21.5301,21.7500,20.8700,21.4100,6364
2010-04-23,22.0000,22.6100,21.4150,22.1900,24999
2010-04-16,22.5400,22.5400,21.6200,21.8500,13619
2010-04-09,22.3000,23.6100,21.3000,22.8801,31757
2010-04-01,22.9800,22.9800,22.0400,22.2600,5478
2010-03-26,23.5300,23.8200,22.6300,22.6400,15012
2010-03-19,23.2100,24.2600,22.8005,23.9000,25914
2010-03-12,24.2500,24.2500,23.0301,23.2400,2469
2010-03-05,23.6100,24.2500,23.6100,24.2500,6272
2010-02-26,24.6300,24.6300,23.5000,23.5000,7686
2010-02-19,24.0400,24.7601,23.7000,24.3300,10261
2010-02-12,23.0100,23.1800,22.4500,22.7500,13504
2010-02-05,22.9000,24.4400,22.8700,23.0100,2708
2010-01-29,21.8800,22.7000,21.7400,22.2500,15680
2010-01-22,21.9900,22.5000,21.8800,21.9600,4743
2010-01-15,23.3000,23.3000,22.5000,22.5000,7617
2010-01-08,23.4100,23.7700,23.0000,23.7700,6461
2009-12-31,21.4500,21.9800,20.0500,21.9800,22779
2009-12-24,20.5800,22.0500,20.5800,21.3500,24656
2009-12-18,21.9600,22.2000,20.6200,20.6900,23302
2009-12-11,21.9200,24.0000,21.1001,23.4500,14797
2009-12-04,23.0300,24.1000,22.2500,23.2400,13303
2009-11-27,24.2200,24.6300,22.9900,22.9900,6406
2009-11-20,24.4700,24.6115,24.1000,24.1200,7959
2009-11-13,25.3000,25.3700,24.5400,24.6300,6144
2009-11-06,24.5400,24.8000,23.0000,24.8000,6594
2009-10-30,26.7500,26.7600,24.0500,24.4201,4355
2009-10-23,26.9900,26.9900,25.2600,25.9200,12125
2009-10-16,25.3800,26.4000,25.1200,25.4900,27693
2009-10-09,24.1200,24.4000,23.7000,23.9620,4024
2009-10-02,23.0100,25.2200,23.0100,25.2200,10298
2009-09-25,24.2100,24.5600,23.6000,23.8750,37569
2009-09-18,21.8700,24.5000,20.6800,23.8401,11953
2009-09-11,23.8400,24.1000,22.7000,23.0700,12086
2009-09-04,25.7300,25.8500,22.9100,23.7000,64142
2009-08-28,28.2000,28.5000,27.3000,27.7100,12255
2009-08-21,25.0500,27.8348,24.1300,27.8348,17957
2009-08-14,25.2100,26.8000,24.3400,26.1500,20328
2009-08-07,29.5000,29.5000,25.6300,26.5800,18809
2009-07-31,24.6600,25.7399,24.6470,25.2700,7819
2009-07-24,22.4400,24.7212,22.0000,24.5400,14561
2009-07-17,19.0000,21.8800,18.9999,21.6200,43487
2009-07-10,20.0700,20.4900,18.3700,18.8700,11100
2009-07-02,21.3000,21.3000,19.5000,20.9500,5349
2009-06-26,21.2800,21.6600,19.9900,20.7900,41930
2009-06-19,19.9000,20.2400,17.7100,19.4200,15849
2009-06-12,19.9000,21.4000,19.9000,21.4000,41704
2009-06-05,22.0000,22.9800,20.4800,20.4999,17801
2009-05-29,19.2500,21.0000,19.2500,20.9900,5476
2009-05-22,17.2000,19.9800,17.2000,19.5100,30234
2009-05-15,17.7500,19.2500,17.1300,17.5100,21638
2009-05-08,18.0000,18.6700,17.2901,18.5800,21473
2009-05-01,17.1000,18.4300,17.1000,18.1500,26170
2009-04-24,15.3600,17.6900,14.6000,17.1000,27277
2009-04-17,15.9900,18.4700,15.9900,18.2200,12476
2009-04-09,16.4900,16.4900,14.5900,15.9790,10255
2009-04-03,13.8000,16.9999,13.5500,16.3500,11605
2009-03-27,12.6300,15.0000,12.6300,13.8001,19704
2009-03-20,11.3699,11.8699,10.3500,11.0000,10989
2009-03-13,9.5200,11.0300,9.2900,11.0000,13526
2009-03-06,10.7500,10.9900,9.5000,10.0000,16755
2009-02-27,12.0600,12.0600,11.4165,11.5300,1332
2009-02-20,12.5100,13.0001,12.2700,13.0000,4662
2009-02-13,12.9700,13.2800,12.6000,13.2700,37897
2009-02-06,12.3600,13.9800,12.0300,13.9800,3414
2009-01-30,13.2501,14.5900,12.3800,12.9000,11310
2009-01-23,13.9000,15.2500,13.0100,13.0100,20548
2009-01-16,10.6000,12.3600,10.3500,12.3600,8609
2009-01-09,10.5000,11.2499,10.1200,10.6600,20816
2009-01-02,8.6700,10.4800,8.2000,10.4200,15765
2008-12-26,10.7400,10.7400,8.5000,8.8200,7720
2008-12-19,10.6400,11.9000,9.7500,11.5000,31206
2008-12-12,11.4000,12.7000,11.0800,11.0801,27768
2008-12-05,9.3100,10.5000,8.8800,10.5000,21685
2008-11-28,8.2300,10.3000,8.2300,10.0900,12562
2008-11-21,8.6400,9.7000,7.2600,8.4000,59362
2008-11-14,14.6400,14.6400,8.0000,8.8200,49266
2008-11-07,13.0200,14.6400,12.6000,14.0000,10963
2008-10-31,13.2900,14.4600,12.0000,14.4600,42176
2008-10-24,15.3100,16.3000,13.8600,14.2900,21918
2008-10-17,14.4800,16.2400,13.0850,14.2600,40958
2008-10-10,13.3500,15.7000,11.0100,13.2400,52650
2008-10-03,19.0300,19.0300,15.1500,15.8432,29548
2008-09-26,21.2400,22.1644,19.5000,21.3200,29615
2008-09-19,22.9900,23.0000,15.5000,18.2000,80997
2008-09-12,27.9900,27.9900,23.9400,25.0000,14329
2008-09-05,28.0600,28.8499,27.1200,27.3999,6445
2008-08-29,30.1000,30.4800,28.2200,28.3800,17609
2008-08-22,30.0200,30.2499,28.3000,29.5500,13950
2008-08-15,31.2200,31.5000,28.0201,29.5900,11974
2008-08-08,30.0100,32.3900,28.7200,32.3900,34203
2008-08-01,33.7400,33.7499,31.3001,32.3000,18781
2008-07-25,35.2500,35.9600,33.5001,33.7001,15436
2008-07-18,33.7000,34.9000,30.0000,34.1200,35663
2008-07-11,36.7600,37.8400,32.6000,32.6000,41236
2008-07-03,41.1100,43.5000,37.3001,37.5600,25551
2008-06-27,47.5000,47.9000,43.8000,44.0000,8471
2008-06-20,44.7100,49.5000,44.7100,48.3200,15446
2008-06-13,47.4577,47.4577,42.5000,44.9500,10926
2008-06-06,52.2500,53.9200,47.2500,47.4577,32001
2008-05-30,51.5000,57.1500,50.6100,55.6900,27694
2008-05-23,50.8700,51.2550,49.0400,49.9700,19627
2008-05-16,50.7500,53.8000,49.6901,50.8700,30135
2008-05-09,48.3100,48.8000,46.7500,47.6300,25765
2008-05-02,45.2500,45.4900,44.0500,45.3300,13208
2008-04-25,47.7400,47.9650,45.5400,46.5200,5158
2008-04-18,41.3500,47.5000,40.7900,47.0600,11042
2008-04-11,44.5100,44.5100,41.8900,41.8900,14954
2008-04-04,42.0300,45.0000,41.4101,43.4700,13479
2008-03-28,41.0500,45.3800,41.0500,43.8200,13865
2008-03-20,38.0000,41.7500,36.2500,39.7000,29020
2008-03-14,41.9800,44.7400,41.0000,42.0000,22054
2008-03-07,45.0000,46.2500,43.8800,43.8800,14165
2008-02-29,46.5900,47.6500,44.4200,44.4300,13710
2008-02-22,47.2500,48.0000,45.6500,47.4800,11079
2008-02-15,44.4000,49.7400,43.3600,48.0900,16558
2008-02-08,48.4000,48.4000,43.5000,44.4400,12956
2008-02-01,42.8800,47.8400,41.2200,47.5000,23507
2008-01-25,41.5000,45.5000,41.2000,44.5400,28128
2008-01-18,50.0300,51.6500,45.3000,45.3000,22861
2008-01-11,51.0900,51.0900,45.0000,45.0700,45703
2008-01-04,55.8000,55.9500,52.2200,52.2200,14743
2007-12-28,55.8500,56.8200,54.5100,55.8200,12347
2007-12-21,53.4900,54.8700,51.9100,53.6100,21553
2007-12-14,58.6600,58.9999,57.3200,57.3200,17530
2007-12-07,56.1800,59.5700,55.1500,59.5000,27105
2007-11-30,55.0000,56.9900,54.1200,56.1700,25471
2007-11-23,56.2399,56.2399,52.1500,54.9500,14072
2007-11-16,53.3200,58.2200,53.3200,56.0000,31121
2007-11-09,54.8200,57.1500,50.5300,53.7600,25226
2007-11-02,56.9100,57.3300,53.3000,54.5400,31739
2007-10-26,52.1100,55.4800,52.1100,55.4000,109506
2007-10-19,51.4100,53.7500,50.0000,51.2000,16179
2007-10-12,52.1000,53.6150,51.2400,52.8200,38961
2007-10-05,48.7000,50.5500,48.4300,50.3501,21872
2007-09-28,48.3000,48.9400,46.7000,48.4400,21403
2007-09-21,46.4300,49.0000,45.7000,46.5500,33847
2007-09-14,44.0300,45.0800,43.5000,45.0800,17103
2007-09-07,47.4400,48.6900,44.7100,44.7900,24434
2007-08-31,46.0200,47.0700,44.2900,47.0700,62235
2007-08-24,42.5200,45.6600,41.0100,45.2200,47314
2007-08-17,44.7100,45.0000,39.3100,41.0000,77094
2007-08-10,39.6500,45.1000,38.6700,41.6800,54337
2007-08-03,43.0100,44.0500,40.3100,40.4000,59436
2007-07-27,49.0600,49.0600,42.8300,43.5600,53757
2007-07-20,48.6900,49.2400,47.6800,48.7000,47675
2007-07-13,51.4700,51.6057,48.5500,50.1900,28529
2007-07-06,48.2000,51.8100,48.2000,51.0600,55569
2007-06-29,45.7400,47.5900,45.3300,45.8200,48005
2007-06-22,44.5200,46.2000,44.1600,45.2200,20928
2007-06-15,45.5500,45.8400,43.3200,44.1101,44789
2007-06-08,44.4900,47.5000,44.3100,46.0200,64086
2007-06-01,44.5100,45.0000,43.5700,44.7400,31948
2007-05-25,42.3900,43.0000,41.8800,42.7000,93330
2007-05-18,46.7500,46.8000,43.0900,43.8900,36531
2007-05-11,47.3300,47.5900,46.4100,47.1000,15296
2007-05-04,45.9800,47.7000,44.8800,45.7700,37369
2007-04-27,46.2000,47.1400,45.0900,46.1700,38065
2007-04-20,46.0100,46.9500,44.0300,44.6900,23737
2007-04-13,45.5500,46.2000,44.3100,45.4220,67238
2007-04-05,42.8000,45.4200,42.8000,45.1101,58836
2007-03-30,42.3100,43.0000,41.6400,42.3800,50523
2007-03-23,40.7000,41.7700,38.7100,41.3600,82692
2007-03-16,41.6500,42.8000,39.4400,40.2800,44916
2007-03-09,37.0000,41.2200,36.2200,41.2200,64198
2007-03-02,42.5000,42.5000,38.0200,38.3100,40344
2007-02-23,40.4900,40.9500,37.7600,40.5000,67551
2007-02-16,42.6000,43.0000,41.0500,41.5301,60521
2007-02-09,40.5600,42.9899,40.5200,42.6101,64300
2007-02-02,38.5500,40.5000,38.5500,39.6800,32018
2007-01-26,38.2600,39.1700,37.2500,37.6000,49793
2007-01-19,36.3800,38.5500,36.3800,38.0000,139346
2007-01-12,34.8700,35.4500,33.2600,34.8200,41104
2007-01-05,34.1200,34.7600,34.0000,34.3800,35849
2006-12-29,32.9800,32.9800,31.3400,31.4500,27496
2006-12-22,34.2200,34.5000,32.3600,34.3700,39156
2006-12-15,34.2400,34.9799,33.2500,34.5401,45400
2006-12-08,30.9500,34.2300,30.3000,33.8000,100282
2006-12-01,30.0000,31.7400,29.3500,31.1799,50870
2006-11-24,30.8600,31.0500,30.0000,30.3200,27249
2006-11-17,31.0000,31.1600,30.5100,31.0000,94614
2006-11-10,31.4300,31.4300,29.6100,30.8600,22284
2006-11-03,31.0000,31.8000,30.0000,30.4400,46572
2006-10-27,30.2000,31.2700,29.9501,30.3000,78333
2006-10-20,29.7200,30.5000,28.1200,30.3400,51096
2006-10-13,28.5500,30.5000,28.2000,30.2500,63697
2006-10-06,26.2500,27.7700,25.5000,27.7700,53927
2006-09-29,25.2700,26.2500,24.9300,26.1000,48825
2006-09-22,24.0000,24.8600,23.9000,24.2500,39929
2006-09-15,22.3000,23.9600,22.1300,23.5101,9314
2006-09-08,22.2100,22.9799,21.6810,22.7600,14127
2006-09-01,23.1100,23.4600,22.7700,23.3900,18512
2006-08-25,24.6400,24.7500,23.5800,23.8400,15868
2006-08-18,24.3200,24.9900,24.1900,24.9700,33738
2006-08-11,23.8000,24.9300,23.8000,24.0800,16129
2006-08-04,24.2100,24.7500,23.8300,24.0000,39296
2006-07-28,23.7100,23.7200,22.4900,22.9100,60031
2006-07-21,21.2200,23.7600,21.2200,22.7700,35368
2006-07-14,23.8100,24.3800,19.4400,20.1000,67888
2006-07-07,22.7300,24.0200,22.7300,23.7600,47398
2006-06-30,22.5200,22.5200,21.0200,21.4400,35833
2006-06-23,22.9300,23.2100,22.0400,22.8100,40576
2006-06-16,22.2100,22.7000,20.1900,22.3600,69243
2006-06-09,24.8600,25.0000,22.6800,23.4300,89204
2006-06-02,25.2900,25.3300,24.3500,24.8100,84056
2006-05-26,25.3000,25.5000,22.4000,24.0500,158777
2006-05-19,24.5500,26.4000,23.0510,26.1200,168916
2006-05-12,24.7600,25.8000,24.6700,25.0500,49423
2006-05-05,24.6200,25.2700,24.5200,25.0400,221774
2006-04-28,21.0400,22.7600,20.8200,22.7600,101074
2006-04-21,21.4400,22.0000,21.2400,21.5000,59958
2006-04-13,21.7700,21.9500,20.9000,21.3300,108246
2006-04-07,18.8800,19.9800,18.8800,19.6900,115792
2006-03-31,19.4510,19.8500,18.5600,18.5700,26469
2006-03-24,19.7000,20.2500,19.1500,19.6000,77475
2006-03-17,18.8300,19.7500,18.6000,19.1500,63853
2006-03-10,16.9400,18.1400,16.9300,18.1400,151896
2006-03-03,16.3000,16.7500,15.8500,16.1600,95565
2006-02-24,16.6500,16.6500,15.9600,16.1000,73963
2006-02-17,16.9900,17.0100,16.6000,16.8000,264965
2006-02-10,15.7000,16.8400,15.4000,16.7300,173919
2006-02-03,17.1000,17.1000,15.5600,15.5800,232040
2006-01-27,16.4400,17.9500,16.3700,17.5000,154778
2006-01-20,15.9000,16.2000,15.6100,16.0000,35300
2006-01-13,15.9000,15.9000,15.3000,15.5400,43400
2006-01-06,15.8000,16.4000,15.2500,15.5300,145000
2005-12-30,16.5000,16.5000,14.5700,14.7800,125300
2005-12-23,15.7900,16.6800,15.2600,16.5400,59400
2005-12-16,15.9800,16.1200,15.2500,15.8500,158700
2005-12-09,15.8200,16.0000,14.9600,15.2000,374000
2005-12-02,16.0000,16.1500,15.1100,15.3100,150600
2005-11-25,15.2300,15.6900,14.9100,15.6300,48500
2005-11-18,15.4000,15.4000,14.8225,15.2500,38500
2005-11-11,16.5800,16.5800,15.6200,15.9700,97900
2005-11-04,15.1200,16.9890,15.0400,16.8200,27000
2005-10-28,15.3000,15.4300,14.4700,14.9400,9800
2005-10-21,15.3400,15.3400,14.7500,15.0400,20400
2005-10-14,16.2200,16.3999,14.5665,15.7400,61100
2005-10-07,16.5001,16.8500,16.0000,16.0000,5700
2005-09-30,16.1200,17.1400,16.0243,16.4500,15900
2005-09-23,17.4800,17.4800,15.4900,15.7400,53400
2005-09-16,17.6300,18.1100,17.5200,17.7700,30500
2005-09-09,18.4800,18.4800,17.1890,17.3400,27300
2005-09-02,17.9000,18.0000,17.5110,17.9500,13500
2005-08-26,18.7800,18.7800,17.7000,18.2000,78600
2005-08-19,18.4100,19.4800,17.8700,19.3200,67000
2005-08-12,18.5000,18.5000,17.3310,17.6999,24700
2005-08-05,18.4900,19.2900,18.4900,18.8460,37300
2005-07-29,18.0000,18.3000,17.4500,18.2700,30000
2005-07-22,16.9100,18.0863,16.7000,17.9900,40800
2005-07-15,17.4900,17.9900,17.3300,17.3300,33500
2005-07-08,16.8800,17.5000,16.1800,17.3800,91500
2005-07-01,15.2500,16.5000,15.0500,16.0100,120500
2005-06-24,15.4400,16.3700,14.7000,15.8300,191100
2005-06-17,18.8600,18.9900,16.4500,17.1500,105800
2005-06-10,18.3800,19.4000,18.2600,18.8200,41000
2005-06-03,19.6000,19.6000,17.9300,18.1800,75400
2005-05-27,17.8600,19.7000,17.8500,19.5400,116000
2005-05-20,17.1900,18.0000,16.6100,17.8500,74200
2005-05-13,16.9400,16.9400,15.8000,16.3300,38100
2005-05-06,17.1100,17.4000,16.6700,17.1900,33400
2005-04-29,17.2100,17.8200,16.9000,17.0100,45400
2005-04-22,17.4400,17.4400,15.9000,16.8500,104100
2005-04-15,15.0100,18.2800,15.0000,17.3500,152300
2005-04-08,14.7200,15.0000,14.1700,14.7800,33900
2005-04-01,13.4600,15.3000,13.4600,14.8500,102100
2005-03-24,13.9900,14.2000,13.1000,13.4300,48000
2005-03-18,14.8200,14.9900,13.8100,14.0210,48900
2005-03-11,14.8000,15.5000,14.3500,14.4600,49400
2005-03-04,14.4200,15.0300,13.1000,14.8700,338100
2005-02-25,14.9500,16.8600,14.5000,16.0900,278800
2005-02-18,15.1100,15.6400,13.5000,14.1900,388000
2005-02-11,11.1110,15.4790,11.1110,14.2300,386900
2005-02-04,9.9300,11.2800,9.8400,11.1000,200000
2005-01-28,10.0800,10.4400,9.4700,9.5600,61500
2005-01-21,9.3800,9.9600,9.3800,9.7000,26800
2005-01-14,9.3600,9.4900,9.2600,9.2600,22800
2005-01-07,9.2200,9.5800,8.7100,9.2200,66500
2004-12-31,9.3500,9.7500,8.8600,9.2100,280400
2004-12-23,9.5100,9.7300,9.1000,9.3100,42700
2004-12-17,10.1000,10.1000,9.5400,9.8800,43400
2004-12-10,9.8300,10.1900,9.5600,9.9100,201600
2004-12-03,9.3400,10.1500,9.3400,9.9700,204200
2004-11-26,9.3500,10.1600,9.3000,9.7200,273100
2004-11-19,8.6400,9.2600,8.6400,9.2500,19800
2004-11-12,8.6100,8.6500,8.4200,8.6400,11100
2004-11-05,8.5700,8.7700,7.7500,8.6490,13800
2004-10-29,8.8700,9.0000,8.2500,8.2500,119400
2004-10-22,8.8200,9.2500,7.5300,8.2900,30900
2004-10-15,8.3200,8.4000,7.7100,7.8900,5400
2004-10-08,8.4000,8.5800,8.2000,8.4700,28500
2004-10-01,8.0400,8.4400,7.9200,8.1500,29400
2004-09-24,7.8200,7.8900,7.5400,7.7590,26000
2004-09-17,7.9500,8.0600,7.6610,7.8600,21400
2004-09-10,7.7900,8.2200,7.7600,8.1200,21500
2004-09-03,8.5800,8.8200,7.9500,7.9800,18800
2004-08-27,8.4200,8.9100,8.2600,8.7900,18200
2004-08-20,7.4000,8.2200,7.2500,8.1200,22100
2004-08-13,8.1200,8.2700,7.4000,7.4700,20100
2004-08-06,9.2500,9.2500,8.4100,8.4100,18500
2004-07-30,9.1200,9.5500,9.1200,9.2500,16300
2004-07-23,9.0200,9.5400,9.0200,9.3690,17400
2004-07-16,9.1800,9.3700,8.8200,8.8200,9800
2004-07-09,8.5000,8.9000,8.4800,8.9000,19000
2004-07-02,8.1600,8.4900,8.1600,8.2500,8200
2004-06-25,8.6000,8.6000,8.0400,8.1700,21000
2004-06-18,8.0900,8.6200,8.0500,8.6100,14400
2004-06-10,8.4000,8.7100,7.9500,8.1000,87100
2004-06-04,7.6200,8.9300,7.4200,8.2000,140900
2004-05-28,7.4800,7.6900,7.3400,7.3600,10600
2004-05-21,7.7300,7.8000,7.3800,7.5900,27200
2004-05-14,7.8400,8.1920,7.6900,7.9200,15500
2004-05-07,7.6800,8.3500,7.4000,8.0000,22900
2004-04-30,8.2000,8.2000,7.2300,7.4800,16400
2004-04-23,8.0100,8.2000,7.9100,8.2000,3100
2004-04-16,7.4700,7.6900,7.1000,7.5500,7600
2004-04-08,8.1400,8.4700,7.4600,7.4600,28000
2004-04-02,7.9300,8.2400,7.8600,8.1900,14400
2004-03-26,8.0500,8.4300,7.9000,8.1100,26900
2004-03-19,8.0000,8.5300,7.8900,8.3400,25000
2004-03-12,8.5400,8.5800,8.1100,8.3200,17300
2004-03-05,8.6100,8.9900,8.2000,8.5500,17600
2004-02-27,9.1550,9.1800,8.6200,8.7000,6700
2004-02-20,9.3500,9.3500,8.9000,8.9000,4200
2004-02-13,8.5300,9.7500,8.5300,9.3500,32800
2004-02-06,8.8000,8.8000,8.3310,8.6600,21000
2004-01-30,7.7400,8.3000,7.7400,8.1000,29700
2004-01-23,8.3000,8.8000,7.7200,7.8100,30400
2004-01-16,7.4800,8.2100,7.4800,8.2000,25600
2004-01-09,7.0000,7.6700,7.0000,7.3600,16100
2004-01-02,6.7800,6.9500,6.7800,6.9200,6100
2003-12-26,6.4300,6.6600,6.4300,6.6600,2700
2003-12-19,6.7000,6.7200,6.3310,6.3600,8100
2003-12-12,6.0900,6.5000,6.0200,6.5000,5700
2003-12-05,6.5200,6.9000,6.2700,6.2700,12000
2003-11-28,6.4200,6.4600,6.1800,6.4000,50100
2003-11-21,6.6000,7.1500,6.4600,6.6700,45400
2003-11-14,5.8500,6.6300,5.8500,6.2400,44200
2003-11-07,5.8300,5.8700,5.7400,5.7400,2500
2003-10-31,5.4600,5.9700,5.4600,5.8710,6200
2003-10-24,5.1300,5.3000,5.0500,5.2100,11400
2003-10-17,5.0700,5.3500,4.9100,5.2000,10900
2003-10-10,4.3600,4.7600,4.3600,4.6910,8500
2003-10-03,4.5900,4.5900,4.3900,4.4200,10000
2003-09-26,4.6300,4.6500,4.3800,4.3800,7900
2003-09-19,4.5100,4.6590,4.3800,4.3800,11300
2003-09-12,5.0400,5.0400,4.2500,4.2600,22300
2003-09-05,5.1300,5.3290,4.8600,5.2500,20900
2003-08-29,5.5200,5.5200,5.4500,5.4500,1200
2003-08-22,5.8600,5.8600,5.4290,5.5390,9900
2003-08-15,5.5800,5.7000,5.3100,5.6900,12000
2003-08-08,6.0500,6.0500,5.6800,5.6800,300
2003-08-01,6.2400,6.2500,5.8410,6.0500,9400
2003-07-25,6.2800,6.4300,5.8200,6.3600,34900
2003-07-18,6.2900,6.3300,5.8700,6.1000,50300
2003-07-11,6.7600,6.9000,5.8500,5.9600,39300
2003-07-03,5.9200,6.6500,5.8400,6.6500,7500
2003-06-27,5.9000,5.9000,5.6000,5.6800,1500
2003-06-20,5.9500,6.3000,5.7800,6.0600,8000
2003-06-13,6.0300,6.0400,5.6600,5.6700,7500
2003-06-06,6.3500,6.6000,6.2000,6.2500,10500
2003-05-30,5.5200,6.1600,5.5200,6.0400,400
2003-05-23,6.0000,6.1500,4.8300,5.5200,30300
2003-05-16,6.7000,6.7000,6.4200,6.5000,2400
2003-05-09,6.2000,6.6100,6.2000,6.4200,8400
2003-05-02,6.2500,6.2500,5.8000,6.2000,13600
2003-04-25,6.3200,6.5400,6.1000,6.4000,19400
2003-04-17,6.1700,6.5200,6.1700,6.3200,16700
2003-04-11,5.8200,6.3900,5.7500,6.1700,39600
2003-04-04,5.3600,5.8800,5.3500,5.5500,14500
2003-03-28,5.1100,5.8200,5.1100,5.5700,21100
2003-03-21,4.9500,5.1100,4.8200,5.1100,3900
2003-03-14,4.4600,4.9500,4.4600,4.9500,7500
2003-03-07,4.1900,4.8900,4.1900,4.4600,35200
2003-02-28,3.8300,4.0400,3.8300,4.0400,3300
2003-02-21,3.9500,3.9500,3.9200,3.9300,1200
2003-02-14,4.0900,4.0900,3.7000,3.7000,12000
2003-02-07,4.3400,4.3500,4.0900,4.0900,7300
2003-01-31,4.2310,4.3200,4.2200,4.3200,2800
2003-01-24,4.3000,4.3000,4.1400,4.1800,1100
2003-01-17,4.2700,4.3790,4.1700,4.3000,18700
2003-01-10,4.3700,4.3800,4.2700,4.2700,8300
2003-01-03,4.6300,4.6300,4.3700,4.3700,9800
2002-12-27,4.8500,4.8500,4.6200,4.6200,8000
2002-12-20,5.4000,5.4000,4.8200,5.0000,18000
2002-12-13,5.2400,5.8000,5.2400,5.4400,14700
2002-12-06,5.8900,5.8900,5.2900,5.4300,9200
2002-11-29,5.3900,5.9500,5.3300,5.9500,17400
2002-11-22,5.2200,5.2200,4.8800,5.1000,35400
2002-11-15,5.3490,5.3490,5.2000,5.2200,3600
2002-11-08,4.9100,5.5900,4.9000,5.5900,6500
2002-11-01,4.6800,5.1100,4.6800,4.9400,38100
2002-10-25,4.6600,4.7200,4.6600,4.7200,1900
2002-10-18,4.6990,4.7000,4.5000,4.6700,21600
2002-10-11,5.0000,5.0010,4.6810,4.8700,16100
2002-10-04,5.1000,5.1000,5.0490,5.0700,18000
2002-09-27,5.4490,5.4490,5.0100,5.0790,28800
2002-09-20,5.6890,5.8000,5.3600,5.4000,12800
2002-09-13,5.7510,5.8100,5.4900,5.6000,15500
2002-09-06,6.2500,6.2500,5.7500,5.8100,17400
2002-08-30,6.1300,6.6100,6.1000,6.3600,9200
2002-08-23,5.9000,6.0900,5.9000,6.0000,7600
2002-08-16,5.5210,5.8600,5.4000,5.6900,6500
2002-08-09,5.4300,5.5210,5.3500,5.5210,1300
2002-08-02,5.4000,5.6500,5.4000,5.6500,3100
2002-07-26,5.8700,5.8700,5.2400,5.3700,4700
2002-07-19,5.8600,6.1700,5.8600,5.8700,7400
2002-07-12,5.6000,6.2300,5.6000,5.8600,9100
2002-07-05,5.5100,5.6000,5.5100,5.6000,200
2002-06-28,5.1610,5.8800,5.1000,5.8800,18000
2002-06-21,5.6000,5.6000,5.3400,5.3400,13700
2002-06-14,5.2210,5.5700,5.1500,5.5000,18300
2002-06-07,5.2700,5.5990,5.2690,5.3700,14400
2002-05-31,5.0200,5.0200,5.0200,5.0200,0
2002-05-24,5.2200,5.2210,5.0110,5.0200,5900
2002-05-17,5.2000,5.3000,4.9700,5.2500,55300
2002-05-10,5.0500,5.2200,5.0500,5.1000,9300
2002-05-03,5.1510,5.2200,4.9990,5.0500,25900
2002-04-26,5.4600,5.5500,5.2500,5.2500,24400
2002-04-19,5.5500,5.6700,5.4000,5.4210,20800
2002-04-12,5.5000,5.7100,5.4000,5.5000,48600
2002-04-05,5.6990,5.6990,5.2300,5.4990,12300
2002-03-28,5.8600,6.0300,5.4200,5.4200,81600
2002-03-22,5.7300,5.9600,5.7300,5.8700,1100
2002-03-15,5.8300,6.1500,5.7300,5.7300,26700
2002-03-08,6.1000,6.6500,5.6700,5.8300,32500
2002-03-01,6.2500,6.2500,6.0310,6.1000,11600
2002-02-22,6.4100,6.4100,6.0900,6.0910,7400
2002-02-15,6.7510,7.0000,6.3300,7.0000,13900
2002-02-08,7.2100,7.2500,6.8900,6.8900,14500
2002-02-01,7.2500,7.2500,6.8200,7.0610,13600
2002-01-25,7.2100,7.7100,7.0000,7.3000,12900
2002-01-18,7.0000,7.1200,6.7900,6.8000,5500
2002-01-11,7.1700,7.5000,7.0000,7.0000,23700
2002-01-04,6.3400,7.2600,6.2700,7.1700,37500
2001-12-28,5.2500,7.5000,5.2490,6.3900,75300
2001-12-21,5.0900,5.1400,4.8500,5.1200,62700
2001-12-14,4.9200,5.1200,4.9200,4.9500,23800
2001-12-07,5.2600,5.2600,4.8500,5.0800,85200
2001-11-30,4.9700,5.4000,4.9700,5.3100,8600
2001-11-23,5.0010,5.0010,4.8500,4.9400,8300
2001-11-16,5.0900,5.1100,5.0900,5.1000,5200
2001-11-09,5.3100,5.3100,5.0600,5.0900,6800
2001-11-02,5.5600,5.6200,5.1100,5.3000,22000
2001-10-26,5.3000,6.6500,5.2900,5.9200,87700
2001-10-19,4.8290,5.3100,4.8290,5.3100,25500
2001-10-12,4.7500,4.8300,4.7500,4.8300,800
2001-10-05,4.4600,4.7500,4.4600,4.7500,900
2001-09-28,4.0800,4.7700,4.0800,4.4620,13800
2001-09-21,4.8500,4.8500,4.0300,4.2300,12800
2001-09-10,5.2000,5.2000,5.0000,5.0000,2900
2001-09-07,5.3200,5.3200,4.9100,5.0500,9900
2001-08-31,5.3990,5.6000,4.8600,5.4900,20600
2001-08-24,5.1900,5.1900,5.0410,5.0700,7100
2001-08-17,5.4100,5.6000,5.1900,5.1900,5000
2001-08-10,5.6500,5.6500,5.3200,5.4100,3100
2001-08-03,4.9990,5.4090,4.9990,5.2700,4100
2001-07-27,5.0100,5.0300,4.8100,5.0000,22400
2001-07-20,5.6500,5.6500,5.0110,5.0110,7100
2001-07-13,5.4000,5.4000,5.2500,5.4000,2500
2001-07-06,5.4500,5.4700,5.3000,5.4000,4200
2001-06-29,5.1800,5.2500,5.1800,5.2200,5000
2001-06-22,5.4500,5.4500,5.1300,5.1300,3400
2001-06-15,5.5000,5.6500,5.3800,5.5600,36400
2001-06-08,5.5000,5.7500,5.5000,5.5600,3400
2001-06-01,5.6300,5.8000,5.0500,5.8000,100
2001-05-25,5.0500,5.0500,5.0500,5.0500,0
2001-05-18,5.2600,5.5500,4.7700,5.0500,16000
2001-05-11,5.3200,5.3200,5.2600,5.2600,200
2001-05-04,5.8000,5.9700,5.3200,5.3200,4100
2001-04-27,5.8100,6.1100,5.8100,6.1100,4400
2001-04-20,6.0800,6.1100,5.9000,6.0200,11400
2001-04-12,5.2600,5.9000,5.2600,5.9000,8400
2001-04-06,5.0000,5.3130,5.0000,5.1250,3400
2001-03-30,4.8130,5.0000,4.8130,5.0000,400
2001-03-23,4.6880,4.9380,4.5630,4.5940,7300
2001-03-16,5.7500,5.7500,4.7500,4.7500,8400
2001-03-09,5.6880,6.2190,5.6880,6.0000,6400
2001-03-02,5.8750,5.8800,5.6880,5.6880,800
2001-02-23,5.7500,5.9380,5.6250,5.7500,5400
2001-02-16,5.7500,5.8750,5.3750,5.8750,11900
2001-02-09,5.2500,5.7500,5.2500,5.3130,5900
2001-02-02,5.7500,5.8130,5.2500,5.2500,3900
2001-01-26,6.0000,6.2970,5.6250,5.7500,7200
2001-01-19,5.8750,6.0000,5.5000,6.0000,9900
2001-01-12,5.5630,5.9380,5.4380,5.9380,2700
2001-01-05,5.7190,5.7190,5.5630,5.5630,8700
2000-12-29,5.6300,6.0000,5.1250,5.5000,48000
2000-12-22,5.9060,6.1250,5.2500,5.6880,50000
2000-12-15,6.6250,6.6250,5.8130,5.8130,38000
2000-12-08,7.1250,7.4380,6.7500,6.7500,6000
2000-12-01,7.2500,7.2500,6.7500,7.0630,34000
2000-11-24,7.0000,7.5000,6.9060,7.1880,72000
2000-11-17,8.0000,8.3750,7.5000,7.7500,14000
2000-11-10,8.5000,8.8130,8.0630,8.0630,6000
2000-11-03,8.5000,9.2500,8.2500,8.6250,22000
2000-10-27,9.1900,9.1900,8.0000,8.0000,14000
2000-10-20,9.0000,9.7500,8.0000,9.1880,36000
2000-10-13,9.8750,9.8750,8.0000,8.2500,94000
2000-10-06,9.8750,10.1900,9.7500,9.8750,18000
2000-09-29,9.9380,10.5000,9.5310,9.6880,24000
2000-09-22,10.1900,10.5000,9.3750,9.8750,166000
2000-09-15,9.5000,10.3100,9.5000,10.3100,120000
2000-09-08,8.6560,9.5630,8.6250,9.2500,44000
2000-09-01,8.0000,8.3130,8.0000,8.2030,10000
2000-08-25,8.3750,8.3750,7.5000,7.8750,46000
2000-08-18,8.6250,8.8750,8.6250,8.6250,6000
2000-08-11,8.5000,9.0000,8.4060,8.6250,26000
2000-08-04,8.5000,8.9380,8.0000,8.0630,16000
2000-07-28,8.6250,9.0000,8.1250,8.1300,8000
2000-07-21,9.1880,9.1880,8.8750,8.8750,4000
2000-07-14,8.8750,9.8750,8.8750,9.6250,16000
2000-07-07,9.2500,9.7500,8.8750,8.8750,14000
2000-06-30,8.0000,8.9380,8.0000,8.8750,6000
2000-06-23,8.3750,8.6250,7.7500,8.0000,34000
2000-06-16,9.1250,9.2500,8.2500,8.2500,18000
2000-06-09,9.7500,10.0000,8.9690,9.0000,52000
2000-06-02,9.7500,9.8280,9.3750,9.7500,20000
2000-05-26,9.8750,10.5000,9.6250,10.0000,10000
2000-05-19,10.0000,10.8100,9.8750,10.0000,16000
2000-05-12,10.5600,10.8800,9.8750,10.6300,22000
2000-05-05,9.8750,10.7500,9.8750,10.6900,10000
2000-04-28,10.0600,10.4400,9.6250,10.3800,30000
2000-04-20,10.6900,10.8800,9.9380,10.0600,86000
2000-04-14,13.6900,13.7500,11.3800,11.5600,192000
2000-04-07,11.2500,14.0000,11.0000,13.5000,546000
2000-03-31,11.1300,12.3800,11.1300,12.3800,110000
2000-03-24,12.0000,13.0000,10.6300,11.1300,222000
2000-03-17,11.5000,12.7500,10.6300,12.5000,48000
2000-03-10,11.3800,12.0000,10.5000,12.0000,102000
2000-03-03,11.6300,11.7500,11.1300,11.2500,44000
2000-02-25,11.2500,11.5000,11.0600,11.2500,42000
2000-02-18,11.1900,11.5000,11.0000,11.1300,30000
2000-02-11,11.2500,11.3800,10.7500,10.7500,76000
2000-02-04,10.5000,11.0000,10.3800,10.8100,26000
2000-01-28,11.1300,11.2500,10.1300,10.5000,78000
2000-01-21,10.7500,11.0000,10.5000,11.0000,86000
2000-01-14,9.0000,11.1300,9.0000,11.0000,122000
