timestamp,open,high,low,close,volume
2018-02-27,144.4700,145.3500,142.8480,143.7400,65628
2018-02-23,146.5600,148.3700,144.1300,145.8800,124904
2018-02-16,145.5400,149.9500,142.1833,149.1400,198944
2018-02-09,143.0400,145.6700,138.1601,142.3900,266139
2018-02-02,144.6200,151.9100,144.4100,147.4200,239221
2018-01-26,139.0000,141.2000,137.6301,140.8900,131723
2018-01-19,139.0200,141.7200,134.2500,139.1900,332688
2018-01-12,134.2300,134.7500,131.1100,131.1100,145562
2018-01-05,137.5100,137.8300,133.9100,135.4300,244696
2017-12-29,134.7500,134.8829,133.1600,133.2900,108954
2017-12-22,133.0900,136.7917,131.5900,134.3700,184090
2017-12-15,134.3000,136.1400,131.3500,132.6800,255787
2017-12-08,140.2800,141.0500,134.2833,135.2000,155024
2017-12-01,145.4700,145.8550,137.5901,138.3600,132413
2017-11-24,138.0000,144.2300,136.3800,143.6300,296496
2017-11-17,141.9800,144.9800,135.4400,136.6700,313730
2017-11-10,147.0000,148.7200,145.0200,146.0900,141985
2017-11-03,148.4000,150.5000,145.5110,150.0400,149494
2017-10-27,148.4100,151.4600,148.0001,150.8400,118330
2017-10-20,152.2800,153.1300,149.7800,150.7400,129302
2017-10-13,151.6300,151.7400,150.1700,150.7500,88320
2017-10-06,147.1400,150.9900,146.9900,149.5600,154748
2017-09-29,143.5000,147.3200,143.2800,147.0800,136414
2017-09-22,140.7400,144.4500,140.7400,144.4500,117668
2017-09-15,142.7500,143.6850,136.5230,137.9200,202499
2017-09-08,136.3400,142.2250,136.3400,140.9900,111686
2017-09-01,136.1500,139.2174,135.2600,137.8800,126860
2017-08-25,135.7600,136.9800,134.5110,135.7000,104375
2017-08-18,131.0200,134.7630,129.3901,133.4800,187403
2017-08-11,127.2500,132.5390,126.0300,127.2900,166019
2017-08-04,124.9000,126.8590,124.6600,126.5000,141897
2017-07-28,124.7700,126.0810,123.0044,124.5800,132849
2017-07-21,124.5200,126.8600,124.0900,126.2700,104050
2017-07-14,124.2000,125.8800,123.8400,124.5100,110368
2017-07-07,125.0100,125.3900,123.7400,125.0500,64820
2017-06-30,126.3300,126.4300,122.0000,123.7500,140991
2017-06-23,123.7800,125.7000,123.6708,124.4900,99753
2017-06-16,123.9000,127.0100,122.6300,123.6800,133018
2017-06-09,123.9900,127.9660,123.4850,126.2900,183950
2017-06-02,121.5200,125.3000,121.4900,124.6300,123312
2017-05-26,119.4400,121.3799,118.4000,121.0000,195306
2017-05-19,119.3500,120.7824,117.8400,120.1000,175432
2017-05-12,119.2800,120.6200,118.6200,119.4400,135849
2017-05-05,119.4100,119.4100,116.7400,117.8600,126565
2017-04-28,118.0400,119.7099,118.0400,118.7900,134885
2017-04-21,114.9400,117.3000,112.9300,116.6000,106466
2017-04-13,116.9800,118.1400,114.0300,114.1800,105560
2017-04-07,114.0400,118.4300,112.8100,117.0900,204008
2017-03-31,111.7100,114.9900,110.1200,113.6500,382140
2017-03-24,120.8500,121.0000,113.8600,114.5200,199326
2017-03-17,120.2900,121.2200,118.0943,120.7700,234110
2017-03-10,117.9400,120.7000,117.6300,120.1200,165132
2017-03-03,117.2600,119.6100,116.8000,118.3200,176676
2017-02-24,117.2900,118.1000,116.3159,117.8200,161527
2017-02-17,117.5900,118.9400,115.5200,118.5500,266108
2017-02-10,112.2900,115.8800,112.2243,115.4500,275380
2017-02-03,109.4000,113.7900,108.0201,111.8300,239489
2017-01-27,105.8600,109.8400,105.4000,109.7900,372144
2017-01-20,104.4500,106.2400,104.4500,106.0100,171914
2017-01-13,102.8200,104.4500,102.0200,104.1100,79460
2017-01-06,102.6800,102.7700,101.3600,102.3100,65715
2016-12-30,101.2500,102.2360,100.4001,101.8900,56101
2016-12-23,101.6000,102.1300,99.9500,101.7000,73155
2016-12-16,102.7400,104.7600,100.9500,101.1700,180323
2016-12-09,101.9700,104.3400,101.6300,103.8100,134081
2016-12-02,104.0000,104.3500,98.4200,98.8200,201544
2016-11-25,103.7800,105.4999,103.3400,104.1600,266220
2016-11-18,100.3200,105.0000,99.6500,103.2200,229880
2016-11-11,96.0000,101.2290,96.0000,99.8200,201860
2016-11-04,99.2500,99.4000,94.9140,95.4000,81363
2016-10-28,97.2400,98.9000,96.4500,98.1300,87488
2016-10-21,96.0200,98.2400,95.5400,96.7500,71384
2016-10-14,96.9100,97.2195,94.9700,96.1000,122365
2016-10-07,95.2700,96.2600,94.6600,95.5700,99171
2016-09-30,95.1500,98.1100,95.0400,95.8200,159438
2016-09-23,95.1200,95.3900,92.9820,94.7400,139392
2016-09-16,95.2100,95.5100,91.2000,92.0600,151566
2016-09-09,99.3100,100.6875,96.6400,96.7000,155307
2016-09-02,98.4500,98.8300,96.6800,97.4400,101010
2016-08-26,102.5800,103.2800,100.1800,100.5800,77990
2016-08-19,102.0500,102.7199,101.1700,102.5500,143032
2016-08-12,100.1600,101.3900,99.7600,100.8300,122452
2016-08-05,99.7300,100.1700,98.2400,99.8400,104319
2016-07-29,96.8400,101.2000,96.7800,100.6200,190652
2016-07-22,95.0500,95.9000,93.6200,95.7500,88328
2016-07-15,95.3100,97.4700,95.1500,96.6600,122352
2016-07-08,91.0600,93.6000,90.0600,93.0600,110976
2016-07-01,88.7900,91.4200,88.4500,91.0800,87418
2016-06-24,92.7900,92.9900,88.7250,89.3700,123691
2016-06-17,91.6100,91.7000,89.6300,89.6900,102597
2016-06-10,93.7300,95.3200,92.0695,92.1400,66591
2016-06-03,95.5000,95.5000,92.3700,93.0500,86157
2016-05-27,93.1300,96.9680,93.0000,96.7000,154851
2016-05-20,92.9300,94.4200,90.3750,91.9300,217217
2016-05-13,97.6100,98.6300,95.7100,96.7900,128635
2016-05-06,99.1500,99.4300,96.0900,97.0200,165792
2016-04-29,98.6100,101.8899,98.0300,100.0000,128566
2016-04-22,100.8300,102.5200,98.1000,98.6200,128228
2016-04-15,98.5000,99.7500,97.3100,99.6500,179896
2016-04-08,95.3800,97.1680,92.9746,96.0000,89372
2016-04-01,94.0000,96.4800,92.9011,93.4300,146565
2016-03-24,90.5400,100.3800,89.9500,98.7500,505098
2016-03-18,86.2600,90.6600,86.2110,90.0700,71860
2016-03-11,83.8600,87.1900,83.2000,87.0900,69656
2016-03-04,83.2300,84.4600,82.7700,83.8300,31279
2016-02-26,84.4600,85.2500,82.1100,83.0100,57414
2016-02-19,81.9000,82.4700,81.0000,81.6500,37298
2016-02-12,83.2600,84.3786,79.7097,80.6720,70776
2016-02-05,85.2300,85.9600,84.1000,84.4700,75364
2016-01-29,82.0400,85.9600,81.8800,85.7300,73144
2016-01-22,84.5400,84.8400,81.2700,82.0900,86778
2016-01-15,85.8400,86.5100,81.8800,83.1100,86962
2016-01-08,87.9700,87.9700,85.8000,85.9000,77381
2015-12-31,87.6000,88.8100,86.5200,88.3300,62970
2015-12-24,86.5600,86.8400,84.5110,86.8400,50032
2015-12-18,83.1200,88.0000,83.0700,86.6200,116271
2015-12-11,87.8400,88.3100,82.5800,82.8500,86721
2015-12-04,88.8000,89.2900,87.1203,89.0700,92736
2015-11-27,87.0100,90.4000,86.4700,88.5300,93958
2015-11-20,82.9100,87.7100,82.7800,86.0900,114289
2015-11-13,80.0900,85.6000,79.4000,83.8700,152683
2015-11-06,80.4500,81.6771,79.9900,80.7000,40378
2015-10-30,81.3100,82.2000,78.9300,79.5300,71736
2015-10-23,76.9100,80.3000,76.2000,79.7150,50544
2015-10-16,76.8400,76.8900,74.4600,76.0600,51443
2015-10-09,76.4500,77.3000,75.0800,76.0200,46733
2015-10-02,72.8000,75.3600,72.0500,75.3600,69252
2015-09-25,74.5000,75.1299,72.6800,73.5500,53693
2015-09-18,79.0000,79.0000,74.7700,75.1100,63192
2015-09-11,79.5700,80.0000,77.4100,78.7100,29285
2015-09-04,76.0500,79.2800,75.5100,77.9900,51809
2015-08-28,71.5000,77.7600,69.2800,76.6300,106863
2015-08-21,82.5000,82.7895,79.7400,79.7600,44214
2015-08-14,85.4600,86.2178,81.1600,83.2600,62152
2015-08-07,84.5400,86.0000,83.0800,85.4000,62553
2015-07-31,81.8300,82.8900,80.5500,82.3600,44583
2015-07-24,81.5300,83.5800,81.4570,82.2300,66447
2015-07-17,79.8000,79.9999,78.5401,78.8000,34178
2015-07-10,78.5500,78.7900,77.1000,78.7700,39881
2015-07-02,76.6100,79.4000,76.0100,79.3700,41714
2015-06-26,78.4500,79.9900,76.8800,77.4500,50029
2015-06-19,77.3600,78.7100,76.4300,78.3000,50229
2015-06-12,77.8700,78.6100,77.2401,78.2400,96711
2015-06-05,75.2200,76.6400,74.5600,74.9000,63347
2015-05-29,74.8500,74.8700,72.2800,72.7000,81329
2015-05-22,77.8000,78.3100,75.1200,77.1500,87650
2015-05-15,80.0500,80.1000,77.8800,79.1700,57500
2015-05-08,78.6200,79.9700,76.5700,77.9400,71581
2015-05-01,79.5900,80.4620,77.4500,78.6200,130924
2015-04-24,82.5800,83.4200,79.8900,81.1700,146936
2015-04-17,73.2400,79.7000,73.1200,79.2500,269184
2015-04-10,74.4200,74.6700,72.6600,72.6600,76297
2015-04-02,72.7800,74.6100,72.1600,74.2200,68600
2015-03-27,71.6200,72.5300,70.1100,70.1700,110275
2015-03-20,68.9200,72.7900,68.5200,70.6100,67294
2015-03-13,64.3900,68.0000,64.3900,67.3000,136558
2015-03-06,64.7000,64.8200,62.7500,62.8500,51531
2015-02-27,64.3000,64.9400,63.7200,64.2900,72715
2015-02-20,63.1500,64.2900,62.9100,64.2900,35745
2015-02-13,62.5000,63.4900,61.2900,61.8100,41622
2015-02-06,62.3200,64.0000,62.1200,62.8800,47666
2015-01-30,61.1900,61.9790,60.7600,61.7300,54389
2015-01-23,63.4500,63.4900,61.7700,61.7700,85821
2015-01-16,61.8600,63.3910,60.7500,62.3000,135097
2015-01-09,62.7900,62.8300,59.9100,60.9200,171986
2015-01-02,61.4200,62.3500,59.6100,59.7300,81016
2014-12-26,57.3400,59.8800,57.0100,59.7000,109371
2014-12-19,57.8600,57.9900,56.1400,56.6900,150821
2014-12-12,57.1600,58.2200,56.2200,57.7500,117775
2014-12-05,58.3200,58.3200,56.9400,57.3800,77408
2014-11-28,58.6700,58.9800,57.7500,57.9800,81494
2014-11-21,58.4700,58.7600,57.7600,58.2100,59212
2014-11-14,58.8100,59.6400,58.1200,58.8200,70970
2014-11-07,60.1100,60.2600,58.0000,59.2500,58471
2014-10-31,60.4900,61.7800,60.0306,60.6200,51008
2014-10-24,60.5000,61.7700,60.2000,60.5500,75854
2014-10-17,61.6800,62.7300,60.0000,62.0000,97440
2014-10-10,63.2800,63.3299,61.7900,61.9400,67815
2014-10-03,61.1400,63.6600,61.0700,63.0100,79859
2014-09-26,60.8800,61.7300,60.4000,61.4800,62103
2014-09-19,60.9300,61.5800,60.6200,60.9000,79781
2014-09-12,59.8200,61.0500,59.4800,60.6700,71991
2014-09-05,59.7500,60.0000,59.4000,59.6500,49784
2014-08-29,58.2900,60.0600,57.8900,59.5900,77836
2014-08-22,58.9800,59.0000,57.7000,58.5900,114498
2014-08-15,60.8400,61.8799,59.7317,60.0700,54541
2014-08-08,62.7500,63.1800,60.8400,60.8750,58449
2014-08-01,62.7200,63.2700,62.2500,62.7100,75745
2014-07-25,63.5000,64.6600,62.7200,63.0100,139070
2014-07-18,61.9400,63.8900,61.4700,63.2500,81275
2014-07-11,60.2500,61.0200,59.0100,60.8000,118041
2014-07-03,61.0000,61.6000,60.1300,60.7700,46131
2014-06-27,62.1800,62.6500,61.1600,61.5300,71346
2014-06-20,62.8000,62.9900,61.7450,62.3500,54499
2014-06-13,64.2100,64.6500,62.6300,62.6400,67788
2014-06-06,62.2600,63.8600,61.8100,63.5100,65900
2014-05-30,62.5500,62.9700,61.8500,62.4000,37664
2014-05-23,61.2900,62.0000,60.4600,61.1200,96558
2014-05-16,61.2100,62.2400,59.9500,60.1400,135791
2014-05-09,59.0000,61.0997,59.0000,60.5300,87270
2014-05-02,59.9000,59.9900,58.0000,58.7200,107039
2014-04-25,60.2100,60.5499,59.0800,59.1700,116141
2014-04-17,59.9700,60.3800,59.3600,60.0700,85319
2014-04-11,62.0000,63.7500,59.9500,60.0800,267017
2014-04-04,61.1500,61.3600,60.1980,60.7800,84158
2014-03-28,60.5000,61.1200,59.6600,60.3400,172390
2014-03-21,60.5500,62.0000,59.4100,60.0000,129323
2014-03-14,58.9500,60.5900,58.3600,60.1900,80667
2014-03-07,57.8200,59.4400,57.7300,59.1700,98556
2014-02-28,57.3700,57.8200,56.6200,57.7100,120903
2014-02-21,58.2600,58.8200,57.4100,58.1700,39606
2014-02-14,57.7500,58.6100,57.0101,58.4100,72223
2014-02-07,55.9100,57.9300,54.6300,57.8900,109804
2014-01-31,59.0100,59.1059,56.1910,56.7700,110467
2014-01-24,60.6500,60.6500,58.7300,58.7500,176251
2014-01-17,60.5400,61.5000,60.4600,61.1600,161979
2014-01-10,57.8700,60.0000,57.5700,59.5000,135831
2014-01-03,59.0400,60.7990,58.3200,58.9500,117790
2013-12-27,60.3000,61.3900,57.6307,58.1900,304576
2013-12-20,58.2000,59.3890,58.0800,58.9400,163325
2013-12-13,59.9000,60.9999,58.0010,59.4500,116318
2013-12-06,55.2500,59.3800,55.0000,59.1300,165474
2013-11-29,52.3200,55.4000,52.3100,55.3600,82575
2013-11-22,53.8500,54.2800,52.0100,52.5500,205274
2013-11-15,52.9800,54.2800,52.8000,53.9300,127475
2013-11-08,53.0500,53.5000,52.0200,52.9600,128474
2013-11-01,53.8300,54.0370,52.8000,53.3500,45277
2013-10-25,52.8200,54.2900,52.6500,54.2000,64430
2013-10-18,53.9900,54.4200,51.2030,52.5700,99658
2013-10-11,52.9000,54.0300,52.2100,53.7500,74944
2013-10-04,53.4000,54.8200,52.0400,52.3600,75591
2013-09-27,52.0500,55.6600,51.5800,53.3000,502942
2013-09-20,47.4800,51.9900,47.1400,49.7000,230243
2013-09-13,45.4300,47.3500,45.4300,47.1500,124989
2013-09-06,45.6100,45.9500,45.0000,45.5600,42668
2013-08-30,45.7600,45.7600,43.1100,44.9600,70291
2013-08-23,44.9300,46.2000,44.3910,45.9500,31912
2013-08-16,43.8700,45.9200,43.8700,44.4900,32009
2013-08-09,44.0500,44.2200,43.0400,43.6000,16326
2013-08-02,43.4600,45.5700,43.4600,44.8900,19223
2013-07-26,44.1300,44.6999,42.8800,43.4600,16116
2013-07-19,43.0000,45.1700,43.0000,44.2510,13187
2013-07-12,43.4000,43.5100,42.3001,42.8500,19361
2013-07-05,42.5299,43.9899,42.0200,43.9100,20338
2013-06-28,44.6400,45.8699,41.8101,42.0700,38633
2013-06-21,45.6500,47.4800,44.7700,45.1400,32858
2013-06-14,44.6300,47.5000,43.9700,45.2700,29580
2013-06-07,43.5900,44.6300,42.9900,44.5000,31251
2013-05-31,43.0700,43.6699,42.7500,43.0800,11400
2013-05-24,42.7500,44.0000,41.7000,42.5800,44998
2013-05-17,43.2900,43.7200,41.8500,41.9000,31841
2013-05-10,41.9900,43.6200,41.6100,43.6100,19148
2013-05-03,41.8000,42.8500,41.3010,42.2000,18760
2013-04-26,40.7500,42.3900,40.6000,41.8200,22356
2013-04-19,42.8300,43.9900,40.7300,41.0200,16992
2013-04-12,41.6100,43.2999,40.5000,43.0999,50073
2013-04-05,42.0200,42.5275,40.6700,41.5000,53983
2013-03-28,42.0200,43.6000,42.0100,42.2000,33485
2013-03-22,39.6800,41.6100,39.6200,41.6100,41269
2013-03-15,38.4800,39.9230,37.8000,39.7500,56289
2013-03-08,38.6900,38.7640,37.7050,38.1900,14575
2013-03-01,38.4000,39.0400,37.9900,38.7200,15525
2013-02-22,37.7400,39.5000,37.7400,38.0001,10573
2013-02-15,38.5000,39.0000,38.2400,38.2400,14744
2013-02-08,37.9000,37.9000,37.0140,37.4800,19419
2013-02-01,38.0000,38.9900,37.7500,38.9900,26538
2013-01-25,38.4600,38.6674,37.5900,38.3710,15536
2013-01-18,39.0000,39.1299,37.1224,38.8400,17166
2013-01-11,40.1800,40.1965,38.7100,39.3600,12732
2013-01-04,39.0500,41.9800,39.0500,40.5400,33503
2012-12-28,39.7800,39.7800,37.9000,38.4400,16894
2012-12-21,39.5000,40.4800,39.3300,40.2000,49443
2012-12-14,38.5000,39.8000,38.5000,39.1700,17009
2012-12-07,38.0000,39.4000,37.9200,38.8300,22478
2012-11-30,36.7800,37.7700,36.4400,37.7400,16726
2012-11-23,34.7000,36.6960,34.7000,36.6960,17650
2012-11-16,34.7050,35.2500,32.1000,33.8000,27035
2012-11-09,34.9900,35.5000,34.0400,34.7900,20106
2012-11-02,35.3600,35.9800,35.0200,35.5100,6919
2012-10-26,37.3800,37.5100,35.2701,35.3201,15872
2012-10-19,36.4100,38.2599,36.4100,37.4100,27986
2012-10-12,36.2700,36.2800,35.3900,35.9000,38048
2012-10-05,34.4700,36.7500,34.3101,36.3364,35998
2012-09-28,33.1800,34.6771,33.0001,34.0400,32083
2012-09-21,33.3200,33.6000,32.7200,33.5000,55893
2012-09-14,32.0100,33.5000,32.0100,33.3249,131756
2012-09-07,30.6000,31.2790,29.9800,31.0000,26444
2012-08-31,29.9000,31.3500,29.5700,31.3500,82381
2012-08-24,31.2100,31.9500,29.7900,30.2900,44895
2012-08-17,32.0000,32.0000,30.5000,30.5800,34728
2012-08-10,33.8900,34.0900,32.2600,32.8100,23413
2012-08-03,31.6900,34.1600,31.2200,33.5300,29233
2012-07-27,32.0000,34.3200,30.2710,32.0000,46776
2012-07-20,34.5100,34.5100,32.0800,32.2700,26458
2012-07-13,33.4900,34.9300,33.2350,34.9300,19154
2012-07-06,35.0100,35.0100,33.2000,33.4800,23163
2012-06-29,33.8500,34.9800,33.5000,34.6000,20477
2012-06-22,34.5200,35.5500,33.5000,33.8500,19516
2012-06-15,34.2600,34.8899,33.7700,34.4000,20293
2012-06-08,32.8400,34.7600,32.6700,34.4300,39447
2012-06-01,34.0800,34.7099,32.3600,32.7500,30565
2012-05-25,33.7900,35.3100,33.7300,34.2100,26326
2012-05-18,34.7000,35.6399,33.4800,33.9300,33982
2012-05-11,35.1000,36.5100,34.8600,35.4300,15860
2012-05-04,36.3300,36.7300,34.3100,34.9200,36034
2012-04-27,36.1900,36.5500,35.7100,36.4300,14133
2012-04-20,37.5600,37.7700,36.0800,36.0800,19791
2012-04-13,37.4800,38.2299,37.2300,37.4500,16287
2012-04-05,38.4200,38.4200,36.9100,38.1000,18944
2012-03-30,37.4000,38.6100,37.2100,38.5400,24789
2012-03-23,37.7100,38.3999,36.7100,36.7900,46736
2012-03-16,35.6300,38.4400,35.3900,38.0200,61841
2012-03-09,36.6000,36.9600,35.5000,36.4900,50360
2012-03-02,35.8500,37.3100,35.0000,36.9400,75447
2012-02-24,38.5000,38.5000,37.0000,37.4400,34187
2012-02-17,38.8400,39.1800,38.0000,38.5120,23977
2012-02-10,41.0000,41.0000,39.2000,39.4400,49027
2012-02-03,41.2400,42.0900,40.8300,42.0900,17207
2012-01-27,41.9100,42.7900,40.7300,41.8700,29519
2012-01-20,41.2600,42.1800,41.0000,42.0200,21892
2012-01-13,40.8800,41.6520,39.9500,40.3000,47544
2012-01-06,41.4400,41.6390,40.4000,41.2000,36693
2011-12-30,43.2000,43.4300,40.2900,40.9300,49176
2011-12-23,42.9200,44.0000,41.1100,42.0800,70651
2011-12-16,41.5900,43.2790,40.6600,42.3200,30499
2011-12-09,43.5100,44.4400,40.3000,41.6400,23538
2011-12-02,40.9600,43.0346,39.3020,42.1820,30291
2011-11-25,42.1000,42.1000,38.0700,39.5000,28358
2011-11-18,42.5400,44.5999,42.4200,43.9800,20294
2011-11-11,41.6700,42.8300,40.4900,41.8200,41711
2011-11-04,44.7500,45.6300,41.9200,42.8200,22572
2011-10-28,42.8300,45.5000,41.5400,45.0300,30992
2011-10-21,43.2800,44.5601,42.4500,43.4200,48788
2011-10-14,42.8800,44.4800,41.5900,43.5800,31239
2011-10-07,39.7900,42.7710,39.2300,41.2700,57692
2011-09-30,38.2200,43.5400,38.0800,39.8000,76938
2011-09-23,35.5400,38.9200,34.5900,36.5900,149768
2011-09-16,34.9400,36.3200,34.7800,36.0800,57724
2011-09-09,37.0000,37.9800,35.6000,37.0300,96883
2011-09-02,40.9000,42.0350,38.5400,39.0900,46667
2011-08-26,41.4400,42.7000,38.8300,40.1600,54143
2011-08-19,43.1200,43.3500,38.4900,39.0000,44081
2011-08-12,42.6200,43.7200,40.6610,42.2300,55504
2011-08-05,46.5800,46.5800,42.3900,43.2600,134560
2011-07-29,49.8500,50.0900,46.2000,46.8900,207996
2011-07-22,47.0900,49.4040,46.2400,49.2900,70973
2011-07-15,47.2400,48.2000,46.2730,47.2700,47293
2011-07-08,47.5900,47.9000,46.5200,47.4690,61937
2011-07-01,47.1300,47.9200,46.7101,47.7000,40669
2011-06-24,47.8500,49.9600,46.6200,46.9500,80654
2011-06-17,48.0000,48.7100,46.3309,47.0000,98861
2011-06-10,50.1000,50.4200,48.9600,48.9600,68019
2011-06-03,51.2100,51.5400,49.7000,49.7200,30790
2011-05-27,50.7000,51.4200,49.7090,50.4200,161611
2011-05-20,51.0000,52.1000,50.2900,51.1600,128121
2011-05-13,53.5000,53.6690,51.5300,51.6200,42114
2011-05-06,55.8100,55.8100,52.8000,53.3000,49583
2011-04-29,56.5400,57.3100,55.6300,55.9200,88281
2011-04-21,56.0600,57.0000,55.7400,56.4400,73659
2011-04-15,55.9600,56.5000,55.2600,56.1800,145929
2011-04-08,55.9000,55.9000,53.7000,53.8000,50362
2011-04-01,53.4700,55.9700,53.4500,55.9700,63950
2011-03-25,53.7600,54.9400,51.9300,52.4700,62892
2011-03-18,49.5600,52.8100,49.4700,52.8100,37024
2011-03-11,50.7100,51.8900,49.1000,49.3300,88531
2011-03-04,50.8000,51.9600,49.8000,51.2300,36215
2011-02-25,51.0500,51.5901,49.6500,50.5100,22468
2011-02-18,50.9000,52.3350,50.6900,51.7800,34348
2011-02-11,49.8000,51.1500,49.8000,50.8200,67993
2011-02-04,50.7000,50.8200,48.3600,48.9400,105750
2011-01-28,52.7600,53.1800,48.7300,48.7800,243113
2011-01-21,54.0000,55.2060,53.6100,53.6100,52295
2011-01-14,53.3800,54.7000,52.6300,54.0000,50621
2011-01-07,54.4000,56.1400,54.1500,55.7500,109639
2010-12-31,51.7900,53.1300,50.3000,53.1300,117497
2010-12-23,53.5000,53.5000,51.2000,52.1100,65294
2010-12-17,50.0000,52.4850,49.6500,51.8800,80237
2010-12-10,49.0000,49.5800,47.6600,48.0700,46459
2010-12-03,47.7900,47.9800,46.6624,47.7400,48819
2010-11-26,49.9000,49.9600,48.0100,48.6500,64458
2010-11-19,50.2500,50.2500,48.7500,50.0800,36248
2010-11-12,52.7900,53.0000,49.5620,49.8200,92306
2010-11-05,54.0800,54.5500,52.3700,53.2000,49973
2010-10-29,54.1200,54.5700,52.8100,54.1300,47883
2010-10-22,52.9700,54.0000,51.5000,52.9900,39540
2010-10-15,55.0700,55.4499,53.8900,54.2400,32040
2010-10-08,55.0000,56.2314,54.0300,55.4700,81998
2010-10-01,53.0300,53.5800,52.5200,53.1100,33678
2010-09-24,51.6600,53.1500,51.6600,53.0300,81178
2010-09-17,51.3300,51.6500,50.3500,51.2600,70177
2010-09-10,51.3600,51.5900,50.3300,51.2600,24658
2010-09-03,50.4300,51.6785,49.2000,51.3000,49681
2010-08-27,51.4600,51.5900,49.3500,50.3500,62057
2010-08-20,52.6100,54.1200,50.8501,51.4800,124575
2010-08-13,55.2900,55.3499,51.7400,52.1000,70735
2010-08-06,55.4800,55.7500,54.0600,55.3100,80765
2010-07-30,51.6800,56.4400,51.6800,55.0100,172806
2010-07-23,49.9000,51.9700,49.3368,51.8100,91977
2010-07-16,50.5000,51.7100,49.7800,49.7800,70876
2010-07-09,50.3400,50.9200,49.0000,50.3200,63089
2010-07-02,52.2300,52.2300,49.7700,50.0900,75765
2010-06-25,52.0000,53.0000,51.4700,52.3600,129989
2010-06-18,51.1000,51.7900,49.8700,50.1300,54439
2010-06-11,49.1800,51.0200,48.5000,51.0000,78382
2010-06-04,49.2100,51.3000,48.9200,49.3500,111518
2010-05-28,53.5100,54.2600,49.5000,51.9500,222088
2010-05-21,57.4900,58.1899,54.2700,55.3500,208363
2010-05-14,60.0700,61.0900,56.9800,57.3200,236546
2010-05-07,61.9900,61.9900,55.2700,56.5800,165806
2010-04-30,64.1100,65.1200,60.9980,61.6500,79526
2010-04-23,64.1000,64.5000,63.4150,64.0200,55447
2010-04-16,64.2500,65.5100,64.1000,64.1000,87028
2010-04-09,65.0000,65.7000,64.3000,64.9000,105172
2010-04-01,65.1600,65.3885,63.5500,64.7100,56979
2010-03-26,63.7200,65.5000,62.4110,65.0000,138155
2010-03-19,63.6200,65.5000,63.0300,63.8500,194854
2010-03-12,59.7900,63.1200,59.2000,62.5550,130254
2010-03-05,62.1100,63.0500,59.4600,60.5800,102413
2010-02-26,62.5700,63.4400,61.2500,62.0200,109895
2010-02-19,64.2000,64.8400,63.5100,63.9000,46963
2010-02-12,61.4800,64.7400,60.7100,64.0000,62910
2010-02-05,61.6700,64.6400,60.9700,60.9700,159317
2010-01-29,64.8000,64.8000,61.2500,62.4200,194736
2010-01-22,65.0500,65.9500,64.4400,64.6100,82940
2010-01-15,66.6800,66.6801,62.1900,62.8000,122908
2010-01-08,64.5000,66.7200,64.3200,66.6300,68415
2009-12-31,66.4200,67.8400,64.8400,65.0500,92334
2009-12-24,61.5700,66.1000,61.5700,65.8500,78377
2009-12-18,62.9700,63.3000,60.2650,60.8900,93650
2009-12-11,62.9900,64.0000,61.7200,63.3200,62255
2009-12-04,60.9200,63.0000,60.6700,62.4700,132306
2009-11-27,60.1400,62.6600,60.1400,60.5400,99267
2009-11-20,63.0200,63.9900,59.9700,60.1500,111962
2009-11-13,62.5900,63.9400,61.3500,63.1600,100576
2009-11-06,60.2300,64.3000,59.2500,62.9300,88260
2009-10-30,64.3400,64.8000,60.5100,60.5100,157209
2009-10-23,66.5200,67.4800,63.0180,64.2000,197728
2009-10-16,67.4800,68.3100,65.0001,65.8100,232618
2009-10-09,68.2200,70.2000,67.6700,69.6900,76437
2009-10-02,67.8800,68.9900,66.5900,67.5400,188057
2009-09-25,63.0000,68.4500,62.8635,67.9900,136800
2009-09-18,61.9600,63.8890,60.9400,63.2100,258930
2009-09-11,66.4700,67.8200,64.1001,64.9700,79085
2009-09-04,65.2000,66.7490,63.7910,66.4600,45789
2009-08-28,68.2500,70.6900,66.7500,67.2500,61884
2009-08-21,63.0000,66.0600,63.0000,65.9000,65998
2009-08-14,66.7500,67.4899,63.1101,64.7700,122580
2009-08-07,68.1500,68.4300,65.1200,67.8800,60649
2009-07-31,69.4600,69.4600,65.1200,65.7400,46189
2009-07-24,63.5700,69.6700,62.9300,67.3000,93611
2009-07-17,60.5000,65.0200,60.5000,64.6900,53276
2009-07-10,58.8100,60.3000,57.6000,59.6200,56624
2009-07-02,60.2500,61.9900,58.0100,59.3600,84600
2009-06-26,59.9000,61.7800,57.1900,60.2800,64569
2009-06-19,58.0000,60.0000,56.7500,59.4200,53390
2009-06-12,60.2500,62.6000,59.4500,60.3000,27935
2009-06-05,61.4900,62.7799,59.7400,61.4400,74225
2009-05-29,59.0000,61.7000,58.0000,60.1100,99951
2009-05-22,56.2500,61.4800,55.1201,59.7000,81315
2009-05-15,52.8200,55.3200,51.6000,54.3000,68360
2009-05-08,51.7700,55.7700,51.2500,55.7400,96561
2009-05-01,47.9600,50.3000,47.7500,50.3000,88885
2009-04-24,45.9900,48.8500,43.4000,48.0500,95390
2009-04-17,48.0000,49.3550,47.6210,48.1100,84195
2009-04-09,48.7500,49.9000,47.5700,49.8000,57058
2009-04-03,48.5400,49.5000,46.7500,48.6600,88222
2009-03-27,47.2900,50.2800,46.4300,49.0000,124730
2009-03-20,45.5100,47.2261,45.0000,46.0500,115940
2009-03-13,43.2600,46.8400,42.7500,46.0000,62554
2009-03-06,41.5600,43.7400,40.1600,40.9000,56671
2009-02-27,40.8800,44.0000,40.6000,43.1200,42735
2009-02-20,41.8200,43.1800,40.8700,41.8700,42890
2009-02-13,43.5000,44.1200,41.5200,42.3800,64615
2009-02-06,43.7500,45.3300,42.5200,45.1000,86365
2009-01-30,44.6800,47.1600,43.8000,44.5600,54749
2009-01-23,47.6000,47.7000,43.0000,44.6800,40366
2009-01-16,46.4900,49.7700,45.7600,49.2300,104425
2009-01-09,46.7300,48.5000,45.1000,45.3400,55118
2009-01-02,43.3800,47.7300,42.9300,47.7300,86763
2008-12-26,43.9600,44.7396,42.1400,44.7396,31838
2008-12-19,43.3700,46.6900,41.7400,44.6500,48751
2008-12-12,40.4100,44.6500,40.4100,42.8900,126117
2008-12-05,36.3800,38.2700,35.6000,38.1100,135731
2008-11-28,41.3000,43.7600,36.1300,37.2300,111550
2008-11-21,41.3900,43.5800,39.2300,41.9700,116846
2008-11-14,47.9100,48.5300,42.2200,43.7800,84476
2008-11-07,46.5900,48.5200,44.0000,46.3400,122757
2008-10-31,45.3500,49.4900,45.1600,48.5100,142985
2008-10-24,45.2900,48.2300,43.7700,47.0000,190055
2008-10-17,44.2200,47.6600,42.2500,44.9800,122400
2008-10-10,50.5300,50.7100,41.0000,43.9800,192810
2008-10-03,51.4900,52.7100,50.5200,51.6700,80305
2008-09-26,52.0000,54.6800,49.5000,53.2500,168881
2008-09-19,52.0000,53.2000,45.0000,51.7500,245377
2008-09-12,56.5000,56.5000,53.2600,54.4600,178067
2008-09-05,56.1400,57.2900,54.9600,55.9100,77289
2008-08-29,58.4400,58.4400,55.0100,55.1400,90799
2008-08-22,53.8000,58.1600,52.7200,57.9800,122425
2008-08-15,52.9400,54.4500,52.1500,53.8000,95849
2008-08-08,51.6200,54.1200,51.0900,53.5100,102086
2008-08-01,54.1000,55.3900,51.1000,52.8200,100372
2008-07-25,56.9500,57.0400,52.2000,53.8700,113106
2008-07-18,55.7700,57.8050,54.3200,55.9000,120695
2008-07-11,57.5700,59.6700,55.6700,55.6700,102503
2008-07-03,58.6400,59.7800,56.0200,57.4700,96689
2008-06-27,59.4900,61.0600,56.8000,57.2300,119371
2008-06-20,58.0300,60.9800,57.3000,57.3300,100400
2008-06-13,59.8300,60.3400,56.6000,57.5000,79014
2008-06-06,61.5000,62.8700,59.3000,60.0800,126737
2008-05-30,60.6500,64.0200,60.1601,62.6600,88851
2008-05-23,56.5000,61.7400,56.5000,60.1200,259615
2008-05-16,54.5100,55.9800,53.0000,55.6100,97851
2008-05-09,57.1600,57.6200,54.5100,54.7000,49375
2008-05-02,55.8500,56.7300,54.7100,56.4100,135678
2008-04-25,51.3000,56.6500,51.0591,55.7200,322564
2008-04-18,53.5000,54.1200,51.2000,53.7600,174603
2008-04-11,54.9800,55.6200,52.8200,53.5000,104856
2008-04-04,55.7300,57.6400,54.8200,55.1400,105614
2008-03-28,57.5000,59.8900,56.3200,56.3200,90319
2008-03-20,54.6100,58.9900,54.3600,56.7000,66619
2008-03-14,53.6000,59.5500,52.0500,56.6800,266619
2008-03-07,56.2500,57.5000,54.5000,55.0400,70784
2008-02-29,58.6000,60.2900,56.2500,56.4500,111888
2008-02-22,57.0500,57.2000,55.1100,56.2500,63608
2008-02-15,55.0000,57.9700,53.5000,56.3500,153278
2008-02-08,63.8000,64.2000,55.0000,55.7700,159849
2008-02-01,56.0100,63.8600,55.4100,63.4000,131395
2008-01-25,58.7500,59.5238,56.0000,56.0200,188291
2008-01-18,62.6800,63.7000,58.4364,59.0400,157040
2008-01-11,60.0000,60.4846,57.0900,59.2500,160692
2008-01-04,60.0200,62.6000,59.0200,60.9000,120541
2007-12-28,57.7700,59.5500,56.5000,58.3400,179283
2007-12-21,54.7300,57.6500,52.5301,57.5401,156964
2007-12-14,59.3400,59.9100,57.0200,57.1400,111469
2007-12-07,56.4000,58.9500,55.8600,57.3700,142237
2007-11-30,57.6300,58.4899,55.6600,56.6800,223296
2007-11-23,56.2200,57.2400,54.8905,56.1300,133741
2007-11-16,52.6100,57.0700,52.5000,55.4100,275044
2007-11-09,50.6900,53.2000,50.1300,50.7000,96839
2007-11-02,51.7000,53.1700,50.4400,51.0800,78233
2007-10-26,48.0200,51.7074,48.0200,51.4000,88634
2007-10-19,48.1800,49.8800,47.1100,48.4100,171800
2007-10-12,51.1500,52.5000,48.2300,48.5800,165999
2007-10-05,47.4700,50.1656,47.4700,49.6200,107758
2007-09-28,46.9600,47.8100,46.1700,47.3800,113805
2007-09-21,45.6600,47.3499,44.9700,46.8600,155519
2007-09-14,45.7000,46.2200,45.0000,45.7801,106051
2007-09-07,45.0000,46.9300,44.8800,45.6000,176029
2007-08-31,44.2500,45.9500,43.9500,44.9200,193684
2007-08-24,42.2200,44.4800,41.2380,43.9800,179536
2007-08-17,43.0000,43.1100,40.2700,42.0400,156451
2007-08-10,39.6200,42.6600,39.5900,41.1400,228079
2007-08-03,39.7000,41.0100,39.0500,39.3500,181798
2007-07-27,41.5900,41.5900,39.0000,39.1900,202505
2007-07-20,42.3900,43.8000,41.9700,42.9000,201611
2007-07-13,44.9800,46.3400,43.2300,43.9900,288620
2007-07-06,42.9200,44.9600,42.5000,44.5100,97355
2007-06-29,44.6900,44.6900,41.3301,42.7400,177697
2007-06-22,45.4400,45.7200,43.8600,44.6000,140379
2007-06-15,44.5900,44.7600,42.7600,44.1800,114151
2007-06-08,44.4100,46.1400,43.2200,44.3800,176990
2007-06-01,42.9900,43.9700,42.2500,43.4800,90657
2007-05-25,42.1600,43.4500,41.0000,42.0900,149071
2007-05-18,44.9600,45.5000,43.1000,43.1700,118645
2007-05-11,43.9800,44.9000,43.3000,44.6700,77357
2007-05-04,41.3000,44.9400,40.5200,43.9500,128329
2007-04-27,41.8400,42.6800,41.0000,42.3400,76911
2007-04-20,38.5500,41.9899,38.5500,41.2100,174445
2007-04-13,38.0000,38.5000,37.3900,37.8000,60413
2007-04-05,37.5200,38.3800,36.3500,37.8875,57146
2007-03-30,35.5000,36.1200,34.5700,35.9010,92873
2007-03-23,34.5500,35.4000,33.9500,34.7400,35590
2007-03-16,34.4000,36.0100,33.2100,34.7600,45485
2007-03-09,33.4800,34.4299,32.5200,34.4100,34299
2007-03-02,34.6400,35.0000,33.2200,34.2980,28842
2007-02-23,34.5000,35.5200,33.9200,34.7300,28934
2007-02-16,35.5200,35.5200,33.7700,34.5900,20046
2007-02-09,35.5000,35.8200,34.5100,35.5550,14278
2007-02-02,35.0000,35.3999,34.4035,35.1200,19277
2007-01-26,34.0000,34.4400,33.4700,34.3100,23737
2007-01-19,34.2500,34.4000,33.3200,34.2000,13862
2007-01-12,33.7700,33.7700,32.5100,33.0000,30951
2007-01-05,34.3100,35.0900,32.8500,33.5700,28774
2006-12-29,32.4400,32.7000,31.9000,32.3000,10647
2006-12-22,34.1200,34.1200,32.5426,32.8500,13043
2006-12-15,33.5200,34.1200,33.5000,33.5540,13838
2006-12-08,32.8800,33.9700,32.4000,33.5200,30657
2006-12-01,33.3100,33.9500,32.5000,32.6500,23627
2006-11-24,32.7500,33.0490,31.7000,32.9000,29011
2006-11-17,31.5000,32.9500,30.8000,32.1200,54763
2006-11-10,31.2600,31.6400,30.4501,31.2000,23774
2006-11-03,32.0000,32.3000,31.0000,31.2600,29451
2006-10-27,30.7200,32.0000,30.5600,31.6300,50158
2006-10-20,30.5500,31.5000,29.9200,30.1000,53271
2006-10-13,31.0400,31.0400,29.8700,30.4700,101111
2006-10-06,29.7200,31.1400,29.6101,29.9600,51364
2006-09-29,30.3900,31.3300,29.4500,29.7700,38651
2006-09-22,28.5600,31.0000,28.0000,29.8400,69937
2006-09-15,28.0000,28.5000,27.6600,28.0390,18826
2006-09-08,28.4100,28.5300,27.5700,27.7200,11225
2006-09-01,27.9800,29.1500,27.1500,29.0000,32397
2006-08-25,28.3000,29.2832,27.6200,28.2400,43290
2006-08-18,26.4400,28.0499,26.4400,27.8900,14662
2006-08-11,26.4400,27.5000,25.7000,26.0000,27745
2006-08-04,26.3200,27.1200,26.0000,26.2000,12768
2006-07-28,26.0300,27.5000,25.8000,26.0700,42678
2006-07-21,25.2500,27.0000,25.2500,26.5000,29901
2006-07-14,27.1600,27.5000,24.0400,25.0400,65231
2006-07-07,26.8700,26.9900,26.1400,26.9600,16238
2006-06-30,26.6000,26.8400,24.2800,26.8400,38693
2006-06-23,26.1500,26.9800,25.9400,26.8300,15125
2006-06-16,26.1000,26.5700,25.2000,26.3300,19985
2006-06-09,26.2800,26.5499,25.4800,25.7000,36442
2006-06-02,27.0900,27.2000,26.1000,26.6000,41773
2006-05-26,27.5000,27.5000,26.0000,26.7860,18642
2006-05-19,26.9000,27.9900,25.7700,27.5100,66807
2006-05-12,26.7800,28.0000,26.7800,27.2082,56539
2006-05-05,26.0200,26.6600,25.9200,26.2400,59124
2006-04-28,24.7000,25.4699,24.5800,25.3700,28841
2006-04-21,23.9900,24.9500,23.6700,24.5500,33743
2006-04-13,23.6800,23.8600,23.1700,23.6400,13080
2006-04-07,23.3100,24.0600,23.0100,23.8100,26661
2006-03-31,24.3300,24.8100,23.2900,23.3100,35282
2006-03-24,24.6900,25.2085,24.2100,24.2945,14730
2006-03-17,24.1700,24.6200,23.9500,24.5900,15214
2006-03-10,23.6700,24.4900,23.1000,24.4900,53298
2006-03-03,23.1500,23.9900,22.8000,23.2400,20406
2006-02-24,23.7100,24.4000,22.8400,23.1200,27252
2006-02-17,24.7500,24.7500,23.6201,24.0399,30895
2006-02-10,25.7700,26.1800,24.8800,25.0200,30605
2006-02-03,26.2500,26.3000,25.1300,25.6200,28754
2006-01-27,25.9400,26.4000,25.7000,26.0301,28385
2006-01-20,25.2600,26.3999,25.2600,26.0400,39000
2006-01-13,25.2000,25.7700,24.5000,25.7000,42700
2006-01-06,25.9200,26.3700,24.4000,25.0400,68700
2005-12-30,25.1600,25.1600,24.3200,24.6100,34000
2005-12-23,25.2500,25.4999,24.6490,25.0300,52000
2005-12-16,24.2900,25.3800,23.8400,25.2400,106900
2005-12-09,23.7100,24.3899,23.3000,23.4900,102800
2005-12-02,22.3300,23.5200,22.3300,23.2900,55000
2005-11-25,22.4300,22.9400,22.2400,22.5000,33500
2005-11-18,23.0500,23.2400,22.3500,22.8100,66200
2005-11-11,23.4400,24.5000,23.3500,23.5100,24000
2005-11-04,22.4100,23.7300,22.1200,23.3300,44600
2005-10-28,22.1000,22.4300,20.7100,21.7300,73400
2005-10-21,21.9000,22.8000,21.5145,22.2600,54100
2005-10-14,22.1500,22.4900,21.6100,21.9900,32900
2005-10-07,21.8500,22.4600,21.5800,22.2100,30400
2005-09-30,22.0900,22.7900,21.8000,21.8700,43800
2005-09-23,23.5800,23.5800,21.9600,22.0200,92400
2005-09-16,23.3600,23.9900,23.1000,23.9900,27100
2005-09-09,24.0200,24.0200,23.1800,23.5500,31400
2005-09-02,24.2200,24.9000,23.8500,24.5800,44200
2005-08-26,24.6000,24.6300,23.2000,23.6000,49500
2005-08-19,23.2700,25.5800,23.2700,25.0000,103500
2005-08-12,23.6000,23.9800,22.8800,23.2700,73200
2005-08-05,23.2000,24.5900,22.8700,24.0900,81600
2005-07-29,23.4800,23.8000,23.1300,23.4600,40300
2005-07-22,22.6500,23.9400,22.3200,23.7400,38800
2005-07-15,22.3200,23.5000,22.3200,23.1000,55300
2005-07-08,22.1500,23.0000,21.5700,22.7400,45300
2005-07-01,22.3000,22.9900,21.7300,22.1100,71300
2005-06-24,22.0400,23.0000,21.3000,22.3300,184100
2005-06-17,24.4490,24.4800,21.5000,22.2500,256800
2005-06-10,24.3000,24.6600,24.1500,24.1700,37800
2005-06-03,24.9000,24.9000,24.0000,24.3400,49800
2005-05-27,24.7700,25.3300,24.5000,25.0200,56000
2005-05-20,24.7700,25.3000,24.2400,25.0000,57500
2005-05-13,24.9000,25.0000,24.2800,24.4900,37100
2005-05-06,25.5000,25.5000,24.5200,24.5500,91300
2005-04-29,23.5600,25.4700,23.5600,25.2000,215700
2005-04-22,24.4000,24.5900,23.6200,23.8700,37700
2005-04-15,24.5900,24.5900,23.5500,23.5500,50000
2005-04-08,23.4100,24.3600,22.6000,23.9300,103300
2005-04-01,23.9900,23.9900,22.7000,23.5800,82700
2005-03-24,24.8600,24.8600,23.6500,23.9800,59100
2005-03-18,25.3900,25.5000,24.2500,24.6200,108600
2005-03-11,25.0700,25.4900,24.0300,24.4300,123000
2005-03-04,25.2700,25.4000,24.4000,25.2600,41600
2005-02-25,23.9500,24.9100,23.9500,24.7410,29500
2005-02-18,24.7600,25.0000,23.9400,24.4500,44400
2005-02-11,25.3400,25.3400,23.3700,24.3700,111300
2005-02-04,24.1500,25.6500,24.1500,25.6300,62600
2005-01-28,24.2400,24.2400,23.1710,23.4400,45500
2005-01-21,24.7600,24.8300,23.8500,24.1500,64100
2005-01-14,25.0100,25.7600,24.6200,25.3500,63000
2005-01-07,26.8600,27.1190,22.9000,24.4300,226500
2004-12-31,25.7500,26.6400,25.4100,26.4000,109600
2004-12-23,24.5100,24.9300,23.5200,24.7600,49400
2004-12-17,24.0500,24.9500,23.9700,24.4600,84300
2004-12-10,23.0600,24.0000,22.7200,23.1100,62400
2004-12-03,22.8800,22.8800,21.9200,22.5700,48600
2004-11-26,22.9000,23.2200,22.1600,22.9090,18400
2004-11-19,21.9800,23.2500,21.5000,22.6700,118500
2004-11-12,22.1900,22.5900,22.0000,22.5390,75600
2004-11-05,20.5200,22.5600,20.5200,22.1900,159100
2004-10-29,19.5300,20.4500,19.2800,20.2900,66600
2004-10-22,20.1890,20.5800,19.6600,20.1200,31500
2004-10-15,20.5000,20.8100,20.0100,20.2400,29800
2004-10-08,20.5600,21.1000,20.5000,20.9000,41200
2004-10-01,20.3400,20.4000,19.8100,20.3900,34300
2004-09-24,20.1800,20.7600,19.9200,20.0400,72700
2004-09-17,20.0500,20.3500,19.7000,20.0900,38700
2004-09-10,19.6700,20.2500,19.6700,20.0300,246800
2004-09-03,21.7000,21.7000,19.0600,19.7800,315300
2004-08-27,21.5100,21.8900,21.0300,21.7000,35200
2004-08-20,20.4700,21.4900,20.2900,21.4900,30700
2004-08-13,21.0000,21.6600,20.1900,20.6800,45500
2004-08-06,21.3600,21.6200,20.4500,20.4600,23800
2004-07-30,21.9900,21.9900,20.6600,20.9700,27400
2004-07-23,20.9600,22.7200,20.6700,22.3300,65800
2004-07-16,20.8700,21.6700,20.2510,21.1900,36300
2004-07-09,20.2400,21.9700,20.0100,21.7100,39100
2004-07-02,20.0700,20.5400,19.3000,20.2400,45100
2004-06-25,20.2500,20.8000,19.8800,20.1000,58600
2004-06-18,19.3600,19.8090,18.9400,19.6300,144000
2004-06-10,19.1800,19.5000,19.0100,19.0100,11300
2004-06-04,18.8900,19.0400,18.6200,18.9100,14400
2004-05-28,18.3000,18.8000,18.2300,18.6000,17100
2004-05-21,18.0700,18.6400,17.6600,18.4300,20700
2004-05-14,18.9000,19.0590,18.1200,18.5300,25100
2004-05-07,18.2010,19.2900,18.2000,18.9170,20300
2004-04-30,19.4900,19.4900,18.0700,18.1400,22400
2004-04-23,19.0800,19.7000,19.0500,19.3890,40500
2004-04-16,18.8300,19.5600,17.5100,19.1900,76300
2004-04-08,18.5000,18.9900,17.6500,18.9600,33600
2004-04-02,18.0000,18.3300,17.7500,18.2700,19400
2004-03-26,18.5000,18.8600,17.8000,18.0000,42700
2004-03-19,18.6800,18.9900,18.4000,18.7800,83800
2004-03-12,19.1100,19.2000,17.9100,18.2900,90000
2004-03-05,19.0400,19.4900,18.8500,19.1400,80300
2004-02-27,19.9800,19.9800,18.4000,18.9190,72100
2004-02-20,19.5900,20.1400,19.0500,19.6300,49300
2004-02-13,18.6600,20.0000,18.6400,19.7400,85100
2004-02-06,18.5400,18.7900,18.1500,18.5100,47300
2004-01-30,19.7200,20.1300,18.5500,18.9200,81000
2004-01-23,20.7600,20.8600,18.8400,19.1700,148900
2004-01-16,18.4000,19.1100,18.3800,18.6700,45300
2004-01-09,18.2500,19.1100,18.1000,18.7300,97600
2004-01-02,17.7200,18.7200,17.4000,18.0300,254400
2003-12-26,16.4100,16.6500,16.0000,16.6100,43700
2003-12-19,16.8000,16.9500,16.0800,16.2690,188400
2003-12-12,15.8900,15.9400,15.3400,15.4500,43400
2003-12-05,15.9100,16.2900,15.6700,16.0700,68800
2003-11-28,16.5400,16.8800,15.9400,16.1200,78300
2003-11-21,16.8800,16.9090,16.3500,16.5600,23800
2003-11-14,18.6900,18.8000,16.1500,16.2700,111800
2003-11-07,18.2600,18.9000,18.1000,18.8800,38500
2003-10-31,17.9000,18.4500,17.8400,17.9400,54400
2003-10-24,18.1000,18.3400,17.4300,17.7600,57600
2003-10-17,17.8200,18.2500,17.8000,17.8000,20100
2003-10-10,17.4200,17.8300,17.3000,17.5000,78300
2003-10-03,16.8300,17.8500,16.8000,17.5790,70700
2003-09-26,17.5800,17.7400,16.8200,16.9300,118200
2003-09-19,17.3900,17.6700,16.8000,17.0710,50400
2003-09-12,17.7000,18.0000,17.1600,17.2900,62300
2003-09-05,17.3000,18.0000,17.1710,17.5500,25600
2003-08-29,16.6400,17.5000,16.5400,17.0900,78600
2003-08-22,18.0000,18.2000,16.6600,16.9700,86900
2003-08-15,17.8000,18.3600,17.6800,17.6800,23600
2003-08-08,18.0000,18.3900,17.8000,18.0110,28700
2003-08-01,18.1900,18.5500,17.7500,17.8200,25100
2003-07-25,18.2600,18.8600,17.7300,17.9900,62100
2003-07-18,18.6400,18.6400,17.6110,17.8400,119800
2003-07-11,19.4600,19.4600,18.5100,18.6300,41400
2003-07-03,19.3600,19.6100,19.1200,19.2800,44700
2003-06-27,19.6500,19.8800,18.8600,19.3690,66700
2003-06-20,19.3300,20.0300,19.3300,20.0000,72500
2003-06-13,18.3700,19.0500,18.2000,18.8300,59700
2003-06-06,18.7500,19.1900,18.4100,18.5000,83100
2003-05-30,18.0500,18.7800,18.0500,18.7000,47400
2003-05-23,18.1700,18.1700,16.3600,17.7900,91500
2003-05-16,19.2700,19.5000,18.2700,18.2700,83600
2003-05-09,18.2600,18.9000,18.2600,18.9000,31500
2003-05-02,17.7700,18.3900,17.2000,18.2500,70100
2003-04-25,18.1900,18.2300,17.6200,17.9000,32400
2003-04-17,17.7600,18.3800,17.7500,18.3200,47400
2003-04-11,17.9000,18.1500,17.6200,17.7000,49800
2003-04-04,16.7200,17.0000,16.6200,16.8800,258300
2003-03-28,16.2500,17.0500,16.1200,16.7300,59500
2003-03-21,15.7500,16.6500,15.7500,16.6200,63500
2003-03-14,15.5600,16.0000,15.5000,15.6600,120500
2003-03-07,15.6200,15.7800,15.2000,15.4600,48800
2003-02-28,15.0800,15.8700,14.8000,15.7300,126900
2003-02-21,15.1400,15.3300,14.7700,14.9500,17900
2003-02-14,15.1800,15.2000,14.5100,14.7500,28700
2003-02-07,15.2700,15.4300,14.9200,15.1200,34700
2003-01-31,15.2900,15.7500,15.2000,15.4900,69800
2003-01-24,15.6800,15.6800,15.1500,15.2700,39400
2003-01-17,16.1000,16.3600,15.8200,15.8200,61600
2003-01-10,15.9900,16.3200,15.8200,16.0900,40000
2003-01-03,15.9500,16.0700,15.5600,15.6500,58700
2002-12-27,16.5200,16.6500,16.0500,16.2000,142600
2002-12-20,17.3000,17.3500,16.0000,16.6500,79100
2002-12-13,16.6000,17.4400,16.5200,17.3200,162600
2002-12-06,16.7500,17.0000,16.1200,16.5100,68300
2002-11-29,16.3000,16.8500,16.0900,16.4900,107200
2002-11-22,16.2000,16.4900,15.9800,16.3500,23500
2002-11-15,16.2400,16.3500,15.5500,16.1800,71900
2002-11-08,14.5300,16.6800,14.4300,16.6100,115200
2002-11-01,15.3500,15.5600,15.1600,15.4100,76800
2002-10-25,15.2900,15.6300,14.9200,15.5200,42500
2002-10-18,15.1200,15.6500,14.9500,15.4000,118500
2002-10-11,15.4000,15.6500,15.0600,15.1500,56500
2002-10-04,15.6000,16.1600,15.6000,15.6300,77200
2002-09-27,16.2200,16.3400,15.6000,15.7000,53800
2002-09-20,16.6000,16.8000,15.9000,16.1000,19400
2002-09-13,16.8300,16.8800,16.0300,16.4000,74700
2002-09-06,16.2000,16.7200,15.9000,16.6100,33800
2002-08-30,16.9200,17.0100,16.3200,16.3600,40400
2002-08-23,16.9100,17.2500,16.6500,16.6500,82000
2002-08-16,16.5900,16.8300,16.2000,16.6500,108200
2002-08-09,15.3500,16.6800,15.3500,16.6800,113200
2002-08-02,15.4800,15.9400,15.1700,15.3900,103100
2002-07-26,16.0600,16.6000,15.1000,15.5000,109100
2002-07-19,15.9400,16.2500,15.7300,15.8800,119000
2002-07-12,15.9300,16.2600,15.7100,15.7500,36100
2002-07-05,16.3100,16.5800,15.7200,16.0600,151800
2002-06-28,15.5000,16.6900,15.2200,16.5600,110700
2002-06-21,15.6900,16.0000,15.2200,15.3900,27200
2002-06-14,15.8900,16.0000,15.4000,15.7400,85800
2002-06-07,15.5500,16.0400,15.3500,15.5500,88500
2002-05-31,15.6500,15.6800,14.8600,15.2500,187900
2002-05-24,16.1800,16.2000,15.7900,15.9000,73300
2002-05-17,16.2000,16.3500,15.8000,16.0900,160400
2002-05-10,16.8400,16.9600,15.9900,15.9900,122600
2002-05-03,16.5100,17.4000,16.2600,16.9700,70100
2002-04-26,17.4900,17.5400,16.2600,16.3500,185900
2002-04-19,17.3000,18.3500,17.0500,17.6000,173900
2002-04-12,17.1500,17.5000,16.7600,17.2700,169700
2002-04-05,17.5000,18.1000,17.1100,17.6600,194800
2002-03-28,18.3500,18.3800,17.6300,18.1100,239400
2002-03-22,18.2000,18.5300,17.8800,18.4000,96000
2002-03-15,17.6400,18.5200,17.4900,18.0500,424400
2002-03-08,17.6100,17.9000,17.2000,17.5000,322800
2002-03-01,18.1800,18.7800,18.0100,18.1400,119400
2002-02-22,17.5800,18.6600,17.1600,18.0700,365500
2002-02-15,17.4900,18.1500,17.4900,17.5700,149400
2002-02-08,18.8300,18.8300,17.4000,18.1900,124400
2002-02-01,17.3900,19.1000,17.2300,18.5500,492100
2002-01-25,19.2400,19.2400,17.7500,18.0000,117900
2002-01-18,19.1000,19.7000,18.6200,18.6200,130300
2002-01-11,19.0000,19.1300,18.5300,18.8300,287900
2002-01-04,18.7500,19.1000,17.3600,18.4200,513100
2001-12-28,18.4400,19.0100,18.2200,18.8300,66600
2001-12-21,18.7500,19.5900,18.1200,18.3100,330300
2001-12-14,18.2600,19.1400,18.0600,18.5000,121500
2001-12-07,18.6900,18.7000,17.8000,18.1800,121400
2001-11-30,18.2000,18.5500,17.4000,17.7700,132600
2001-11-23,17.9000,18.6400,17.7600,18.6400,37400
2001-11-16,18.0000,18.5500,17.2000,17.5000,85200
2001-11-09,18.7000,18.9800,17.7300,18.2000,78800
2001-11-02,19.0100,19.3400,18.0000,18.2900,51100
2001-10-26,18.1500,18.9900,17.9900,18.5500,73600
2001-10-19,18.4500,18.8500,17.4000,17.5700,247500
2001-10-12,19.6300,20.3000,18.8000,18.8400,540300
2001-10-05,16.4000,19.3000,16.0600,18.8000,718400
2001-09-28,16.3000,16.4500,15.5300,16.4300,89400
2001-09-21,15.6000,17.5000,15.6000,16.1900,402800
2001-09-10,15.2500,15.5900,15.1900,15.5800,5500
2001-09-07,16.1600,16.1600,15.4100,15.5000,14500
2001-08-31,17.0000,17.0000,16.1600,16.2500,5400
2001-08-24,16.7500,17.0000,16.6500,17.0000,13100
2001-08-17,17.1000,17.1000,16.7200,16.7500,4000
2001-08-10,16.3400,17.0000,16.3400,16.6500,10500
2001-08-03,16.6900,16.7500,16.2500,16.5000,7800
2001-07-27,16.4500,16.8500,15.9000,15.9000,7800
2001-07-20,16.2800,16.6900,15.9100,16.6000,21200
2001-07-13,15.6100,16.4000,15.6100,16.4000,8100
2001-07-06,15.8000,16.2000,15.6000,15.7000,12000
2001-06-29,14.8800,15.8000,14.8800,15.8000,51400
2001-06-22,15.1000,15.3500,14.8700,14.9000,21900
2001-06-15,15.4000,15.4000,15.1000,15.2000,18900
2001-06-08,15.1000,15.3200,15.0800,15.3200,18800
2001-06-01,15.5000,15.5000,15.1500,15.1500,5600
2001-05-25,15.4400,16.0000,15.2400,15.5000,30200
2001-05-18,15.0000,15.3000,14.6500,15.1600,20400
2001-05-11,14.5600,15.1200,14.5600,15.0000,15800
2001-05-04,14.4500,15.0000,14.4000,15.0000,6700
2001-04-27,14.1100,14.4200,14.1100,14.2000,13100
2001-04-20,14.5000,14.5000,13.4100,14.0500,65400
2001-04-12,14.2800,15.1300,14.2800,15.0000,9600
2001-04-06,13.8800,14.7500,13.6900,14.7500,19700
2001-03-30,14.3100,14.3100,13.6300,13.6300,1100
2001-03-23,14.0000,14.2500,13.3800,13.5000,6900
2001-03-16,14.5000,14.5000,13.4400,14.0000,26000
2001-03-09,14.0600,14.6900,13.6900,14.2500,47200
2001-03-02,14.3800,14.7500,13.7500,14.5000,31700
2001-02-23,14.2500,14.2500,13.3800,13.3800,11100
2001-02-16,15.0600,15.5600,14.3800,14.3800,18100
2001-02-09,14.7500,15.0000,14.6900,14.8800,18300
2001-02-02,14.2500,14.8800,14.0000,14.5000,9900
2001-01-26,14.6300,15.0000,13.8800,14.8100,22200
2001-01-19,14.2500,14.7500,14.1300,14.7500,5900
2001-01-12,13.4400,14.6300,13.4400,14.2500,29100
2001-01-05,12.8100,14.2500,12.8100,14.1900,15600
2000-12-29,12.7500,13.0000,11.8800,12.7500,10800
2000-12-22,12.5200,13.0000,12.2500,12.7500,35800
2000-12-15,12.0000,13.0000,12.0000,12.1300,14200
2000-12-08,12.0000,12.1300,11.5000,12.0000,5400
2000-12-01,12.1400,12.4400,12.1300,12.4400,8200
2000-11-24,12.2500,12.5000,11.5000,11.7500,22900
2000-11-17,12.0000,12.7500,11.6900,12.2500,24800
2000-11-10,13.5000,13.5000,12.0000,12.0000,25500
2000-11-03,11.8100,13.7500,11.7500,13.7500,21000
2000-10-27,12.2500,12.2500,11.0000,11.1300,18700
2000-10-20,12.8100,13.6900,11.8100,12.3800,41100
2000-10-13,14.1400,14.1400,12.0000,12.3800,64300
2000-10-06,14.3100,14.6900,14.0600,14.1300,16100
2000-09-29,14.5000,14.7500,14.0000,14.3100,20600
2000-09-22,14.6300,14.7500,14.5000,14.5600,27900
2000-09-15,15.0000,15.0000,14.5000,14.8100,21600
2000-09-08,15.3800,15.4400,14.8800,14.8800,24500
2000-09-01,15.1300,15.6900,14.6300,14.8100,57000
2000-08-25,14.6300,14.6900,14.1300,14.1300,11900
2000-08-18,15.6300,15.6300,14.8100,14.8100,9400
2000-08-11,14.5000,15.7500,14.5000,15.7500,89600
2000-08-04,13.8800,14.0000,13.5000,13.7500,33800
2000-07-28,13.9400,13.9400,13.1300,13.2500,28800
2000-07-21,14.1300,14.3100,13.8800,14.2500,11400
2000-07-14,14.6900,14.6900,14.0000,14.1300,32900
2000-07-07,14.7500,14.8800,14.5000,14.5000,7500
2000-06-30,14.8800,15.0000,14.6300,14.8800,12600
2000-06-23,14.5000,15.2500,14.5000,15.0000,15700
2000-06-16,14.6300,14.9400,14.3800,14.3800,66700
2000-06-09,14.2500,14.6900,14.0000,14.1900,21300
2000-06-02,13.7500,14.2500,13.5000,13.5000,24700
2000-05-26,13.7500,13.7500,12.5000,13.5000,43200
2000-05-19,13.6300,14.2500,13.4400,14.1300,88300
2000-05-12,14.0000,14.2500,13.5000,13.7500,33000
2000-05-05,14.2500,14.2500,12.3100,13.6300,14700
2000-04-28,13.1300,14.2500,13.0000,14.2500,18300
2000-04-20,12.6300,15.0000,12.6300,14.5000,12700
2000-04-14,14.6300,15.0000,13.0600,13.0600,16800
2000-04-07,14.1300,14.5000,13.5600,14.1300,20200
2000-03-31,15.2500,16.1300,14.6300,14.6300,4300
2000-03-24,16.8100,17.5000,15.2500,15.2500,19100
2000-03-17,17.1300,18.0000,15.7500,17.0600,32100
2000-03-10,18.7500,18.7500,16.2500,17.1300,79600
2000-03-03,17.8100,19.5000,17.7500,19.2500,86000
2000-02-25,16.3100,18.0000,16.3100,18.0000,65000
2000-02-18,16.0000,17.0000,15.6300,16.2500,50900
2000-02-11,15.7500,16.2500,15.0000,15.5000,34800
2000-02-04,15.0000,16.2500,14.8800,16.2500,11900
2000-01-28,16.6300,16.6300,15.0000,15.0000,45500
2000-01-21,16.7500,17.0000,16.4400,16.5000,28200
2000-01-14,15.8800,17.2500,15.7500,17.2500,175200
