timestamp,open,high,low,close,volume
2018-02-27,27.4600,27.8200,26.9500,27.0000,125224
2018-02-23,27.4600,27.7600,27.0500,27.3500,444189
2018-02-16,26.7900,27.7500,26.3700,27.5700,775250
2018-02-09,27.9400,28.2600,26.2900,26.7500,523925
2018-02-02,28.0700,29.2675,27.6700,28.2100,399393
2018-01-26,28.7650,29.5500,27.8194,28.1900,344387
2018-01-19,28.9900,29.1500,28.3600,29.0300,149727
2018-01-12,27.7700,29.1200,26.2010,28.8400,188142
2018-01-05,27.6300,28.2200,27.5000,27.7600,218749
2017-12-29,27.8000,28.4522,25.1100,27.5000,181076
2017-12-22,28.2500,28.7500,27.5400,27.9000,205565
2017-12-15,27.3600,28.3500,27.0600,28.0200,498556
2017-12-08,28.3400,28.9700,27.0000,27.3500,293103
2017-12-01,27.5700,29.8100,27.0300,28.0500,402057
2017-11-24,27.5300,28.7500,27.1900,27.6600,435756
2017-11-17,26.7500,27.8850,26.4750,27.4400,428378
2017-11-10,28.2300,28.5000,26.3300,26.9200,253445
2017-11-03,31.1400,31.1400,24.5900,28.4200,311038
2017-10-27,31.4500,31.4500,30.4300,31.2500,242705
2017-10-20,30.5800,31.3600,30.0400,31.2800,245704
2017-10-13,30.9400,31.2900,30.3200,30.4400,262755
2017-10-06,29.8200,30.8950,29.6900,30.7900,373981
2017-09-29,28.5900,30.3400,28.4100,29.7200,402834
2017-09-22,27.5300,28.6300,27.5200,28.4100,227285
2017-09-15,26.7800,27.6800,26.0690,27.3400,234289
2017-09-08,27.4700,27.4700,25.9800,26.6100,200508
2017-09-01,27.4700,27.6800,26.9980,27.4900,195718
2017-08-25,26.7000,27.5800,26.4900,27.4200,168564
2017-08-18,27.4000,28.1300,26.2200,26.8100,302763
2017-08-11,28.7800,29.1750,26.6650,27.0100,401429
2017-08-04,28.6000,29.2300,28.2800,28.7900,266152
2017-07-28,28.1000,28.9500,27.5300,28.3800,341403
2017-07-21,27.8100,28.5500,27.7700,28.1200,215052
2017-07-14,28.5900,28.9700,27.5350,27.9800,236855
2017-07-07,28.2900,29.3000,28.0300,28.7400,139533
2017-06-30,27.7400,28.8200,27.5250,28.1900,287384
2017-06-23,28.9400,29.2000,27.1600,27.6800,250593
2017-06-16,29.7000,30.6600,28.5000,28.6700,304482
2017-06-09,28.3100,29.6300,27.1200,29.6300,346875
2017-06-02,27.5000,28.7100,26.6300,28.3200,231266
2017-05-26,27.5500,28.2846,27.4000,27.7400,220820
2017-05-19,28.8300,29.8200,27.4000,27.5000,274136
2017-05-12,30.2000,30.3900,28.3250,28.9500,268259
2017-05-05,29.8200,30.8279,29.5200,30.2500,266482
2017-04-28,27.4000,31.6900,27.1900,29.4800,318215
2017-04-21,24.8000,26.7900,24.2700,26.6000,265006
2017-04-13,26.3800,26.6100,24.6900,24.6900,238735
2017-04-07,27.1600,27.1600,25.7600,26.1200,249864
2017-03-31,25.3600,27.3000,25.2600,26.8700,236960
2017-03-24,27.4300,27.9100,24.9000,26.0200,224678
2017-03-17,26.8400,27.5400,26.7100,27.4700,246525
2017-03-10,28.1400,28.1500,26.7500,26.9600,231865
2017-03-03,28.6900,29.4573,27.7200,28.3600,285213
2017-02-24,28.7600,28.9000,28.2150,28.5500,145649
2017-02-17,28.2200,28.9900,27.7600,28.9300,210906
2017-02-10,27.9600,28.4700,26.8700,28.0700,335827
2017-02-03,28.4000,29.4550,26.2200,28.2600,298367
2017-01-27,27.8200,29.2900,27.8200,28.7300,167143
2017-01-20,28.6600,28.6700,27.8000,27.9000,395882
2017-01-13,28.8400,29.4600,28.3300,29.0200,231185
2017-01-06,29.8100,31.9558,28.7700,29.0700,221475
2016-12-30,29.3200,29.9000,29.0400,29.3900,144289
2016-12-23,28.4100,29.6595,28.0400,29.3000,194470
2016-12-16,29.1100,29.2900,27.9100,28.3800,451337
2016-12-09,26.6400,29.2600,26.4500,29.2300,383782
2016-12-02,26.5000,26.8650,25.7368,26.3400,252840
2016-11-25,26.7700,26.9400,25.7700,26.6000,225723
2016-11-18,26.3200,27.0800,25.2850,26.6900,436038
2016-11-11,22.2800,25.9900,21.8300,25.9500,598548
2016-11-04,21.3300,22.1000,21.2450,21.8100,331168
2016-10-28,23.0100,23.0100,20.9500,21.3000,368979
2016-10-21,22.8100,23.1500,22.3300,22.8400,160363
2016-10-14,23.1800,23.5500,22.6800,22.8700,179994
2016-10-07,23.5400,23.5700,22.7501,23.0800,163612
2016-09-30,23.2900,23.7600,22.9300,23.7200,247406
2016-09-23,22.8700,23.5900,22.8400,23.4100,151964
2016-09-16,22.9900,23.1200,22.4600,22.9200,301076
2016-09-09,23.3000,23.7200,22.7500,23.1200,313738
2016-09-02,22.8100,23.7800,22.4500,23.2000,285021
2016-08-26,22.3300,22.9050,22.2200,22.8400,164871
2016-08-19,22.2300,23.0000,21.5100,22.4300,203511
2016-08-12,22.5600,22.8150,22.0700,22.2800,276355
2016-08-05,22.2700,22.6300,21.6450,22.5900,331189
2016-07-29,20.9700,22.7900,20.7000,22.3100,337303
2016-07-22,21.0800,21.3500,20.7311,21.0800,196149
2016-07-15,20.5300,21.3800,20.5200,21.1900,273776
2016-07-08,19.6300,20.5750,19.2200,20.4800,305102
2016-07-01,19.4700,19.8900,18.9500,19.7200,420606
2016-06-24,20.1000,20.7300,19.5100,19.7800,473444
2016-06-17,20.3000,20.9100,19.8200,19.9200,296788
2016-06-10,20.8600,21.2200,20.5900,20.7800,260542
2016-06-03,21.1300,21.3000,20.3800,20.9000,241598
2016-05-27,20.0700,21.1900,19.8400,21.0500,322950
2016-05-20,19.6400,20.2800,19.3100,20.1000,394413
2016-05-13,19.5700,19.9400,19.4400,19.5700,637286
2016-05-06,20.1000,20.1000,19.5000,19.6200,769440
2016-04-29,20.8900,21.1200,19.7600,19.9500,679353
2016-04-22,20.9000,21.4500,20.8100,20.9600,533407
2016-04-15,20.5600,21.2600,20.5200,20.9600,341529
2016-04-08,21.7200,21.7200,20.2700,20.5000,224476
2016-04-01,21.5900,22.1500,21.2700,21.6700,265634
2016-03-24,21.5000,21.8400,21.1400,21.5100,196832
2016-03-18,21.5900,21.9600,20.6700,21.5700,329861
2016-03-11,21.0800,21.6700,20.8800,21.6500,286325
2016-03-04,20.8800,22.3200,20.5600,21.3500,403302
2016-02-26,20.9300,21.1500,20.3600,20.9100,290308
2016-02-19,20.1600,21.4100,19.8400,20.6900,347662
2016-02-12,20.0400,20.3900,19.0200,19.8800,867361
2016-02-05,21.9900,21.9900,20.2200,20.2200,486475
2016-01-29,19.5800,22.2500,19.2300,22.0000,538991
2016-01-22,19.7900,19.8950,19.0600,19.7000,245953
2016-01-15,20.4800,20.6900,19.0900,19.5600,341069
2016-01-08,21.3500,21.6600,20.3300,20.4000,524669
2015-12-31,21.8500,22.4200,21.6200,21.6400,279117
2015-12-24,21.3500,22.0500,20.9300,21.8600,300868
2015-12-18,21.1500,22.0000,21.0400,21.1500,515159
2015-12-11,22.3200,22.3700,21.0600,21.1500,503715
2015-12-04,22.8900,23.0700,22.1600,22.6500,436173
2015-11-27,22.4200,22.8200,22.2000,22.6700,180200
2015-11-20,21.6000,22.4520,21.1700,22.4000,341749
2015-11-13,22.5300,22.5800,21.3100,21.5700,241420
2015-11-06,21.0100,22.6500,21.0100,22.5500,424963
2015-10-30,21.1700,22.9900,20.5000,21.0400,817988
2015-10-23,20.3900,21.3600,20.2000,21.2100,214539
2015-10-16,20.2400,20.6000,19.8300,20.3900,225366
2015-10-09,19.8000,20.5800,19.0100,20.2100,276982
2015-10-02,19.8900,20.2800,19.0500,19.6800,418228
2015-09-25,19.7400,20.3900,19.4200,20.0000,335970
2015-09-18,19.6700,20.2100,19.2280,19.5300,511370
2015-09-11,19.5600,19.9000,19.3301,19.6100,217460
2015-09-04,19.4300,20.0200,19.0800,19.3200,343977
2015-08-28,19.9300,20.2500,19.3300,19.7300,599260
2015-08-21,20.7500,21.0600,19.8300,20.3800,267234
2015-08-14,20.6600,20.8900,19.9800,20.8800,382585
2015-08-07,20.7300,21.1900,20.2350,20.4000,353501
2015-07-31,20.6300,21.0300,19.9450,20.7600,440954
2015-07-24,21.5000,21.7100,20.7100,20.8400,366755
2015-07-17,21.3800,21.9995,21.3000,21.5500,447836
2015-07-10,21.1000,21.9100,20.9500,21.8200,357753
2015-07-02,21.4700,21.7100,20.9600,21.2500,391542
2015-06-26,21.0000,22.0000,20.9401,21.7000,907031
2015-06-19,20.1000,20.9300,19.9200,20.8500,844976
2015-06-12,19.6900,20.3000,19.6200,20.1800,420968
2015-06-05,19.5000,19.8300,19.1700,19.7600,356077
2015-05-29,19.3800,19.5200,19.0000,19.3800,431022
2015-05-22,19.3100,19.8600,19.3000,19.4500,394347
2015-05-15,19.4699,19.6000,19.1300,19.4100,319535
2015-05-08,19.1800,19.5000,18.9700,19.3300,388845
2015-05-01,19.9900,20.2900,18.7700,19.2400,346906
2015-04-24,20.0600,20.5300,19.8100,19.9100,243492
2015-04-17,20.1500,20.6000,19.9500,19.9900,238065
2015-04-10,20.3700,20.5000,19.8700,20.2300,166238
2015-04-02,19.9600,20.7400,19.6800,20.5800,208268
2015-03-27,20.4800,20.7500,19.5500,19.9400,338297
2015-03-20,20.1200,20.5300,19.5800,20.5000,261611
2015-03-13,19.5100,20.2000,19.3200,20.0000,195859
2015-03-06,19.5200,19.9600,19.2100,19.5200,262188
2015-02-27,19.6700,19.9700,19.4000,19.5800,207299
2015-02-20,19.8700,20.0500,19.3600,19.6100,168290
2015-02-13,19.6100,20.0100,19.0500,19.8500,199159
2015-02-06,18.1100,19.9700,17.9900,19.7400,347685
2015-01-30,19.2700,19.4700,18.0700,18.1000,328423
2015-01-23,19.2200,19.6700,18.7300,19.3100,149084
2015-01-16,19.3200,19.5200,18.7300,19.2500,245055
2015-01-09,19.9000,19.9600,19.0900,19.2700,279735
2015-01-02,20.4900,20.7400,19.7100,20.0200,165986
2014-12-26,20.2600,20.5700,19.9700,20.4100,220832
2014-12-19,19.3100,20.3100,18.7300,20.2900,561984
2014-12-12,19.7400,20.2300,19.1300,19.2600,339147
2014-12-05,19.2200,20.0000,19.0700,19.7500,354278
2014-11-28,19.3800,19.7899,19.2200,19.2200,135411
2014-11-21,20.0000,20.1100,19.2500,19.3000,380138
2014-11-14,19.8800,20.8400,19.7500,20.0200,348017
2014-11-07,20.1700,20.3500,19.5100,19.8300,403856
2014-10-31,19.2700,20.4600,18.9000,20.1400,542685
2014-10-24,19.3100,19.5900,18.4300,19.3200,475815
2014-10-17,17.9600,19.8400,17.9600,19.4200,570555
2014-10-10,18.3800,18.7400,17.7000,18.0500,389421
2014-10-03,18.5300,18.6880,18.1200,18.4200,312226
2014-09-26,18.9400,19.2000,18.4200,18.6300,265754
2014-09-19,19.2400,19.6000,19.0200,19.0400,340000
2014-09-12,19.2700,19.4500,18.8900,19.3000,317200
2014-09-05,19.3000,19.5900,19.0600,19.2200,291500
2014-08-29,19.4100,19.4600,18.9400,19.3000,237300
2014-08-22,19.0800,19.5200,18.9050,19.3300,324900
2014-08-15,18.8500,19.2770,18.5800,18.8900,293300
2014-08-08,18.5300,18.9000,18.2800,18.7300,455900
2014-08-01,19.3400,19.6900,18.1800,18.4500,650800
2014-07-25,19.2500,19.3700,18.8800,19.2600,393800
2014-07-18,19.7300,19.7300,18.3980,19.3600,513200
2014-07-11,20.5600,20.5600,19.1200,19.4900,378700
2014-07-03,20.6100,21.3700,20.4000,20.6300,367600
2014-06-27,20.3600,20.7400,19.9200,20.7200,643800
2014-06-20,19.8600,20.5000,19.6100,20.3700,434100
2014-06-13,20.4500,20.8600,19.9200,19.9500,173400
2014-06-06,19.9150,20.8000,19.5500,20.5400,344300
2014-05-30,19.8800,20.2400,19.8100,19.8900,338400
2014-05-23,19.2400,19.8400,19.1800,19.8100,478200
2014-05-16,20.1700,20.5800,18.9500,19.2700,511900
2014-05-09,19.7500,20.1240,19.4100,19.9900,420500
2014-05-02,19.6600,20.2400,18.8260,19.9800,793200
2014-04-25,19.9900,20.4005,19.5700,19.6200,297700
2014-04-17,20.1600,20.4620,19.4800,20.0300,313200
2014-04-11,20.8100,20.9900,19.8210,19.9100,419400
2014-04-04,20.8700,21.7500,20.8100,20.9500,430800
2014-03-28,21.5100,21.9100,20.6000,20.6600,327300
2014-03-21,20.9900,21.7800,20.8700,21.5100,392700
2014-03-14,21.1100,21.4000,20.6100,20.8800,352200
2014-03-07,20.4700,21.4000,20.3500,21.1700,476200
2014-02-28,20.0100,21.1000,20.0100,20.7200,441900
2014-02-21,20.3400,20.7200,19.6400,20.0400,345600
2014-02-14,19.5100,20.4900,19.0900,20.3700,359300
2014-02-07,20.4600,20.8200,19.1200,19.4500,508100
2014-01-31,20.4900,21.2000,19.7500,20.5400,619300
2014-01-24,20.2400,21.2040,19.7900,20.0300,248300
2014-01-17,19.9400,20.5000,19.9000,20.1300,248400
2014-01-10,20.2900,20.4900,19.8000,20.0800,630600
2014-01-03,20.9100,21.1100,20.0800,20.2600,285800
2013-12-27,20.8100,21.2300,20.7600,20.9800,234400
2013-12-20,20.2900,20.8700,20.0300,20.6700,386300
2013-12-13,21.0600,21.0600,20.0500,20.2700,321200
2013-12-06,21.6200,21.6950,20.2700,20.9900,391400
2013-11-29,21.0600,21.7000,21.0300,21.6100,277300
2013-11-22,19.9200,21.2500,19.5400,21.1100,291200
2013-11-15,20.3000,20.3000,19.6400,19.9000,211600
2013-11-08,20.0000,20.4000,19.4800,20.2700,311800
2013-11-01,20.1500,20.4300,19.5300,19.8800,405600
2013-10-25,19.5500,20.1500,19.0000,20.1000,431100
2013-10-18,18.8700,19.6400,18.8200,19.5700,332700
2013-10-11,18.2500,19.0500,18.0600,19.0100,299000
2013-10-04,18.1700,18.5000,17.5200,18.4000,366300
2013-09-27,18.6200,18.8300,18.1900,18.3600,320800
2013-09-20,18.3200,18.8599,18.0300,18.6300,295700
2013-09-13,18.2000,18.3800,18.0800,18.1000,223500
2013-09-06,18.0700,18.5500,17.9900,18.1400,335400
2013-08-30,19.0700,19.1900,17.7800,17.9000,330500
2013-08-23,19.0800,19.3300,18.0900,19.0500,275800
2013-08-16,19.2200,19.5000,18.9000,19.0300,281200
2013-08-09,19.3000,19.8800,19.2400,19.4000,301100
2013-08-02,19.1800,19.4500,18.9400,19.4100,380200
2013-07-26,18.1600,19.3000,18.0900,19.2200,400600
2013-07-19,17.7500,18.3300,17.5100,18.2400,439800
2013-07-12,17.4800,17.9690,17.3600,17.6800,446600
2013-07-05,16.5400,17.3600,16.3950,17.3300,282400
2013-06-28,15.7800,16.6700,15.6400,16.4500,574600
2013-06-21,15.8400,16.1500,15.6100,15.9200,409000
2013-06-14,15.6600,15.8200,15.3900,15.7000,382000
2013-06-07,15.6200,15.9800,15.3200,15.6400,532500
2013-05-31,15.9100,16.0300,15.4100,15.6300,359500
2013-05-24,15.6300,15.9300,15.4600,15.7100,1102200
2013-05-17,15.3800,16.0150,15.3600,15.7200,727500
2013-05-10,15.3400,15.7500,15.2600,15.4000,817800
2013-05-03,15.3000,15.4200,15.0200,15.3000,747200
2013-04-26,16.1600,16.3600,15.0900,15.2600,930800
2013-04-19,16.1600,16.3950,15.6900,16.0800,379700
2013-04-12,16.0800,16.5000,15.8200,16.3100,318100
2013-04-05,16.8700,16.8700,15.8100,15.9900,319800
2013-03-28,16.3700,17.1000,16.2650,16.9400,239500
2013-03-22,16.1500,16.7400,16.1500,16.3700,320300
2013-03-15,16.1900,16.4050,15.8400,16.3100,310600
2013-03-08,16.0000,16.3700,15.8000,16.2300,239200
2013-03-01,16.2700,16.2700,15.5601,16.0800,384400
2013-02-22,15.9100,16.7300,15.9100,16.2200,286300
2013-02-15,15.9100,16.4000,15.8010,15.8700,173200
2013-02-08,15.9700,16.1900,15.6000,15.9300,207700
2013-02-01,15.2000,16.1000,15.0200,16.0500,405500
2013-01-25,15.5400,15.7800,15.1200,15.2200,302600
2013-01-18,15.7700,15.8000,15.3700,15.5700,414100
2013-01-11,15.5800,16.0200,15.5800,15.8600,402100
2013-01-04,15.2000,15.8700,14.8700,15.6000,606900
2012-12-28,15.1800,15.7500,14.9300,15.2300,160900
2012-12-21,15.1400,15.3900,14.9302,15.2100,564100
2012-12-14,15.0200,15.4000,14.6900,15.0500,289000
2012-12-07,15.0100,15.4300,13.6700,14.9600,235500
2012-11-30,14.4300,15.0600,14.1300,14.9600,299800
2012-11-23,14.4300,14.6500,14.2400,14.5000,142300
2012-11-16,14.8000,14.9600,13.9101,14.3000,332689
2012-11-09,15.4300,15.7100,14.5900,14.8000,284846
2012-11-02,15.7000,15.7500,15.0900,15.3800,243600
2012-10-26,15.6600,16.1800,15.2600,15.7000,331400
2012-10-19,15.9400,16.4100,15.6400,15.6400,380400
2012-10-12,15.8300,16.1900,15.5900,15.9100,435400
2012-10-05,15.9300,16.0200,15.6600,15.9100,280300
2012-09-28,15.8000,16.0200,15.4000,15.8000,320600
2012-09-21,15.4200,15.8500,15.2100,15.8000,394200
2012-09-14,15.0900,15.5700,14.8700,15.5500,379100
2012-09-07,15.3400,15.4500,14.8600,15.0800,355823
2012-08-31,15.3500,15.5900,15.1500,15.2400,356100
2012-08-24,14.9300,15.3100,14.7600,15.2800,198664
2012-08-17,14.4900,14.9800,14.3500,14.9200,210100
2012-08-10,14.0700,14.6100,13.9700,14.4500,300800
2012-08-03,14.0600,14.3900,13.5600,14.1000,275000
2012-07-27,13.2900,14.3700,13.1900,14.0500,352300
2012-07-20,13.7600,14.1400,13.3750,13.4300,206600
2012-07-13,13.5400,13.7950,13.2300,13.7800,311200
2012-07-06,13.6300,13.8200,13.4900,13.5500,254700
2012-06-29,13.1400,13.6500,13.0800,13.6300,302700
2012-06-22,12.9500,13.3500,12.7900,13.2900,566500
2012-06-15,13.1200,13.1400,12.5000,13.0500,380600
2012-06-08,12.6200,13.2500,12.2600,12.9500,374100
2012-06-01,13.1200,13.2000,12.6000,12.6100,268300
2012-05-25,13.0700,13.3900,13.0000,13.0700,286100
2012-05-18,13.4000,13.6200,12.9900,13.0400,342800
2012-05-11,13.2100,13.8000,13.2100,13.5200,359500
2012-05-04,13.1600,13.4900,12.8300,13.2100,540800
2012-04-27,12.5000,13.1600,12.3700,13.1300,463400
2012-04-20,12.6700,13.0000,12.5100,12.6400,355400
2012-04-13,12.8400,13.0000,12.6000,12.6300,545200
2012-04-05,13.4700,13.8300,12.8400,13.0200,587200
2012-03-30,13.9600,14.0300,13.4400,13.4600,368300
2012-03-23,13.8700,14.4800,13.5700,13.8900,348700
2012-03-16,13.3500,14.2400,13.1300,13.9700,393900
2012-03-09,12.8900,13.4600,12.8250,13.3100,370400
2012-03-02,13.1700,13.3500,12.8800,12.9400,424400
2012-02-24,13.4500,13.4500,12.7300,13.2200,275800
2012-02-17,13.3500,13.5400,13.1600,13.4500,504500
2012-02-10,13.4400,13.5187,13.1200,13.1900,378600
2012-02-03,13.4000,13.6200,12.3600,13.4600,742600
2012-01-27,13.4200,13.4900,12.8600,13.4700,392700
2012-01-20,13.0000,13.5000,12.8700,13.3900,413100
2012-01-13,12.9900,13.2100,12.8100,12.8900,400400
2012-01-06,12.9300,13.1300,12.7600,12.9400,324400
2011-12-30,12.8400,13.1200,12.4500,12.6300,338300
2011-12-23,12.7500,13.1000,12.4900,12.8350,451400
2011-12-16,12.2100,12.9700,12.0000,12.6400,736300
2011-12-09,12.7800,12.7800,11.9700,12.3700,454700
2011-12-02,11.7800,12.9800,11.6600,12.6000,666100
2011-11-25,12.1100,12.3000,11.2300,11.2300,275500
2011-11-18,12.2700,12.4000,11.8000,12.3100,429100
2011-11-11,11.9900,12.5900,11.9600,12.3100,549200
2011-11-04,12.2400,12.5500,11.4600,11.9700,500700
2011-10-28,12.8200,13.7200,12.2900,12.4200,935700
2011-10-21,11.9500,12.8000,11.7000,12.7500,740400
2011-10-14,11.8700,12.3400,11.6300,12.0900,498600
2011-10-07,10.7000,12.1600,10.7000,11.6400,1186400
2011-09-30,10.3600,11.0000,10.2100,10.8000,640800
2011-09-23,11.0400,11.1000,10.0000,10.2400,579100
2011-09-16,10.6000,11.2400,10.4300,11.2000,505000
2011-09-09,10.3600,10.9800,10.2490,10.5800,425800
2011-09-02,11.3900,11.7200,10.5800,10.6100,657600
2011-08-26,10.9900,11.5700,10.5400,11.2100,378100
2011-08-19,11.5300,11.7400,10.6800,10.7300,967000
2011-08-12,12.1000,12.5800,10.7500,11.4200,1021600
2011-08-05,12.4400,12.7600,12.1100,12.2500,464600
2011-07-29,12.6900,13.4800,12.2800,12.3200,495500
2011-07-22,12.7700,13.0400,12.4500,12.8600,266400
2011-07-15,13.0200,13.1600,12.7150,12.7700,420700
2011-07-08,13.1300,13.5700,13.0100,13.1600,248600
2011-07-01,12.6000,13.2000,12.5800,13.1200,394200
2011-06-24,12.7100,13.0100,12.4900,12.5500,864300
2011-06-17,12.4000,12.7785,12.2100,12.7500,529100
2011-06-10,12.7100,12.8000,12.0200,12.3100,421500
2011-06-03,13.2500,13.4300,12.5000,12.7100,457700
2011-05-27,13.2200,13.4400,12.9100,13.1600,326900
2011-05-20,13.7400,13.8700,13.3400,13.3900,387300
2011-05-13,14.2600,14.3600,13.7300,13.8300,439200
2011-05-06,14.7500,14.7900,14.2500,14.3000,567300
2011-04-29,14.8800,14.9100,14.3300,14.7200,552000
2011-04-21,14.7300,14.9400,14.4700,14.9300,333900
2011-04-15,14.7200,14.9600,14.5900,14.9300,817000
2011-04-08,14.8600,15.0900,14.6200,14.7500,432700
2011-04-01,14.8200,15.1500,14.6500,14.8000,491100
2011-03-25,14.9000,15.0000,14.3600,14.7400,394800
2011-03-18,14.0000,14.8200,13.7700,14.7500,446800
2011-03-11,14.0100,14.2000,13.5700,14.1600,530900
2011-03-04,14.6900,14.7300,13.8000,14.0400,764600
2011-02-25,14.7400,14.9600,14.2900,14.6700,419300
2011-02-18,14.6100,14.8500,13.9400,14.7900,209200
2011-02-11,14.4000,14.7800,14.2300,14.5600,292800
2011-02-04,14.3700,14.7500,14.2000,14.4100,386600
2011-01-28,13.9500,14.8200,13.8600,14.2700,485100
2011-01-21,14.5500,14.7100,13.8600,13.9705,396000
2011-01-14,14.2100,14.9100,14.0300,14.6500,484700
2011-01-07,14.1800,14.7000,13.8700,14.3200,472400
2010-12-31,14.1600,14.6800,14.0000,14.0000,392900
2010-12-23,14.1000,14.4000,13.9700,14.1950,488700
2010-12-17,14.1500,14.2400,13.8700,14.0400,577000
2010-12-10,13.7100,14.1500,13.5500,14.0700,284600
2010-12-03,13.5500,13.8200,13.3100,13.7500,543700
2010-11-26,13.2800,13.8400,12.6800,13.6900,236600
2010-11-19,13.7700,14.0400,12.9400,13.3100,436800
2010-11-12,14.4000,14.4800,13.6700,13.7100,428500
2010-11-05,13.2400,14.5100,12.7400,14.4500,706800
2010-10-29,13.2900,13.5200,12.9600,13.1500,604700
2010-10-22,12.5700,13.4200,12.0400,13.1800,703500
2010-10-15,12.4100,13.0000,12.0500,12.5600,367800
2010-10-08,11.8000,12.4900,11.7700,12.4200,523900
2010-10-01,11.3300,11.9100,11.1100,11.8600,687800
2010-09-24,10.9000,11.3600,10.7000,11.3300,610100
2010-09-17,11.2100,11.4300,10.6800,10.8800,685100
2010-09-10,11.0300,11.1900,10.5100,11.0600,553600
2010-09-03,11.1500,11.3200,10.7500,11.1600,764100
2010-08-27,11.6700,11.7000,11.0000,11.2100,505200
2010-08-20,11.4900,11.8500,11.4300,11.5800,477800
2010-08-13,11.9200,12.1300,11.5000,11.5200,707200
2010-08-06,12.7100,12.7100,11.6000,11.8000,565700
2010-07-30,12.8000,13.0700,12.2400,12.4700,474600
2010-07-23,12.6500,13.1800,12.0800,12.8000,1142100
2010-07-16,12.9600,13.4200,12.4800,12.5800,502900
2010-07-09,12.4200,13.2099,11.9600,13.0400,462900
2010-07-02,12.6200,12.7100,11.9900,12.1900,675100
2010-06-25,13.3900,13.3900,12.1100,12.7000,611600
2010-06-18,13.0400,13.4200,12.6500,13.1600,529700
2010-06-11,12.5200,12.8800,11.8600,12.8800,517200
2010-06-04,13.5300,13.9200,12.5000,12.5500,754400
2010-05-28,13.3100,13.8600,12.4100,13.5400,504800
2010-05-21,14.3600,14.8800,12.8300,13.3700,653300
2010-05-14,14.1000,15.0000,13.7010,14.2600,534400
2010-05-07,13.6900,14.2200,13.1100,13.6100,628900
2010-04-30,14.2200,14.3600,13.6100,13.6100,373100
2010-04-23,13.5100,14.6000,13.1300,14.2500,621800
2010-04-16,13.7700,13.9800,13.2600,13.5800,325200
2010-04-09,12.7200,13.8599,12.6100,13.8000,439300
2010-04-01,12.7600,13.0600,12.4400,12.6900,419500
2010-03-26,13.0200,13.3600,12.5800,12.6700,497300
2010-03-19,12.9700,13.8600,12.7600,13.1100,466100
2010-03-12,12.5700,13.2800,12.5700,13.0400,330100
2010-03-05,12.7300,12.9300,12.0800,12.9100,543800
2010-02-26,12.9800,13.0500,12.5000,12.6900,375100
2010-02-19,12.7300,13.1600,12.6500,12.8900,323800
2010-02-12,12.2600,12.7200,11.7905,12.6900,480700
2010-02-05,12.3600,12.6600,11.8300,12.2900,639200
2010-01-29,12.2100,12.6100,11.9200,12.2500,498700
2010-01-22,11.8300,12.4500,11.5900,12.0300,387200
2010-01-15,11.8200,11.9000,11.4200,11.7900,461600
2010-01-08,11.4400,11.9400,11.2750,11.7800,538100
2009-12-31,11.8500,11.8900,11.2100,11.2600,389500
2009-12-24,11.2800,11.8900,10.9300,11.8100,339100
2009-12-18,10.5300,11.2200,10.4200,11.2200,646000
2009-12-11,10.5800,10.7350,10.1900,10.5500,427500
2009-12-04,10.5700,11.3100,10.2000,10.6400,535123
2009-11-27,11.1100,11.4000,10.5200,10.5400,291600
2009-11-20,10.5000,11.4950,10.3500,10.8800,552500
2009-11-13,10.8600,11.0700,10.1700,10.3900,482700
2009-11-06,11.2900,11.5200,10.2900,10.6800,660800
2009-10-30,11.3500,11.6500,10.9910,11.2300,1064100
2009-10-23,11.3500,11.6000,10.8000,11.2900,1400300
2009-10-16,11.3600,11.5100,11.0000,11.3000,666000
2009-10-09,11.3700,11.6000,11.1200,11.3200,973200
2009-10-02,11.3500,11.9000,11.0300,11.2100,2685800
2009-09-25,11.6100,11.6100,11.2700,11.3300,1630800
2009-09-18,12.1900,13.0300,11.1300,11.5100,5065500
2009-09-11,12.2300,12.6300,11.9100,12.2900,229200
2009-09-04,13.1200,13.6000,11.4300,12.1300,422700
2009-08-28,13.5100,13.5600,12.6800,13.2400,829500
2009-08-21,12.5800,14.1800,12.3200,13.9400,309700
2009-08-14,13.3700,14.0600,12.4700,12.8400,882900
2009-08-07,10.8500,14.0800,10.4800,13.5300,509800
2009-07-31,9.4800,11.0900,9.3500,10.6100,365900
2009-07-24,9.5600,9.5700,8.9400,9.5200,346300
2009-07-17,8.3300,9.6000,8.2800,9.4600,794300
2009-07-10,9.2700,9.4097,8.0900,8.3000,424600
2009-07-02,9.6600,9.9800,9.1500,9.3500,328900
2009-06-26,10.1500,10.3400,9.2500,9.6600,549000
2009-06-19,10.4800,11.2300,10.0000,10.3400,442900
2009-06-12,11.1200,11.3500,10.4500,10.6500,381000
2009-06-05,10.2600,11.8600,10.0100,11.1600,503800
2009-05-29,8.4600,10.0000,8.4500,9.9600,376900
2009-05-22,9.0600,9.6900,8.4700,8.4900,319200
2009-05-15,10.2100,10.5600,8.7300,8.8800,528200
2009-05-08,9.3600,10.5300,9.0700,10.4200,533900
2009-05-01,8.2800,10.3000,8.2300,9.2300,696800
2009-04-24,7.9900,8.6700,7.0800,8.6100,790400
2009-04-17,7.3400,8.3000,6.7500,8.2200,593000
2009-04-09,6.2300,7.4800,5.8800,7.4600,487700
2009-04-03,6.5400,6.8800,5.8000,6.3100,798800
2009-03-27,6.8300,7.2000,6.0400,6.7600,492200
2009-03-20,6.0300,6.9800,5.5400,6.2700,626200
2009-03-13,4.6800,6.0300,4.0300,5.9800,977300
2009-03-06,5.9100,6.1800,4.6700,4.7200,897000
2009-02-27,6.5300,6.9400,5.8900,6.1400,770500
2009-02-20,7.8000,8.0100,6.0400,6.4900,479200
2009-02-13,8.4000,8.7900,8.0000,8.1300,638300
2009-02-06,7.8400,8.4100,7.2800,8.4100,668500
2009-01-30,7.8200,8.8500,7.5900,7.9200,806400
2009-01-23,9.8800,9.8800,7.6700,7.8300,452300
2009-01-16,10.6100,10.8200,9.4600,10.0000,491400
2009-01-09,11.6600,12.1600,10.4500,10.5500,357000
2009-01-02,11.4300,12.0500,10.8800,11.6300,287000
2008-12-26,12.0500,12.3800,10.9200,11.4200,195900
2008-12-19,12.8200,13.0900,11.6300,12.0100,528100
2008-12-12,13.6800,14.2000,11.6400,12.7600,535400
2008-12-05,13.2200,13.7200,11.4100,13.2400,694400
2008-11-28,12.1000,13.9600,12.1000,13.6600,581200
2008-11-21,14.2000,14.7000,11.3100,12.6600,848000
2008-11-14,14.9400,15.9700,13.7000,14.1100,435800
2008-11-07,15.3600,16.5000,14.1000,14.6700,556000
2008-10-31,14.8600,16.4900,14.2500,15.5500,603700
2008-10-24,16.9700,17.5700,14.7100,15.1000,517900
2008-10-17,14.8500,17.6700,14.6000,16.8500,1056300
2008-10-10,16.0700,17.0500,11.0300,14.3800,667500
2008-10-03,16.8900,18.2100,14.3900,16.5600,491500
2008-09-26,19.8500,20.2500,16.7200,17.2100,363500
2008-09-19,16.5400,21.5000,16.3000,20.2700,1071200
2008-09-12,16.5000,17.3700,16.0600,17.1200,432700
2008-09-05,17.4900,18.0600,16.1300,16.5800,289500
2008-08-29,17.4900,17.7000,16.3500,17.3900,572600
2008-08-22,18.6000,18.7100,17.3200,17.3800,372300
2008-08-15,17.5600,18.9050,17.2100,18.6100,452500
2008-08-08,17.5600,18.1700,16.2700,17.5300,549900
2008-08-01,17.2200,18.2200,16.3000,17.6000,387200
2008-07-25,16.7800,19.1600,16.3700,17.3200,760100
2008-07-18,17.1000,17.3500,15.1400,16.9400,932900
2008-07-11,17.4500,17.7600,16.2700,17.1400,598700
2008-07-03,19.1700,19.4000,17.2200,17.3100,665000
2008-06-27,19.3000,19.5000,18.2500,19.1000,863200
2008-06-20,19.4900,19.8600,18.5250,19.1200,602200
2008-06-13,19.5700,19.8500,18.4800,19.5200,733100
2008-06-06,19.5700,20.2000,18.8300,19.4700,722700
2008-05-30,19.5400,20.3100,19.2400,19.6200,604900
2008-05-23,18.9900,19.8000,18.1305,19.4800,958700
2008-05-16,18.5900,19.5000,18.3800,19.0400,973400
2008-05-09,19.0900,19.7400,18.5600,18.6000,1034600
2008-05-02,19.2900,20.2000,18.6200,19.1000,1206600
2008-04-25,18.1200,19.7300,17.7700,19.2800,1381600
2008-04-18,16.4200,18.4500,16.3500,18.2500,978100
2008-04-11,17.6000,18.1400,16.3000,16.4600,641700
2008-04-04,17.4800,18.0500,17.2600,17.5500,565400
2008-03-28,18.3900,18.5370,17.3200,17.4000,442600
2008-03-20,16.1600,18.3300,15.8700,18.2700,982400
2008-03-14,15.4000,17.2500,15.0000,16.6000,538700
2008-03-07,16.3600,16.3800,14.9900,15.3100,608600
2008-02-29,16.7400,17.3100,15.9600,16.3000,547500
2008-02-22,16.4900,17.1300,15.9600,16.7600,304900
2008-02-15,16.1900,16.9700,15.8200,16.2400,656300
2008-02-08,16.1200,16.8000,15.5000,16.2100,411400
2008-02-01,14.8900,16.4600,14.7600,16.0700,697000
2008-01-25,12.5100,15.3900,12.5100,15.0700,359000
2008-01-18,14.2700,14.9400,12.6300,13.0600,451700
2008-01-11,15.0300,15.4400,13.7600,14.0900,562600
2008-01-04,15.8900,16.3900,14.9700,14.9900,379600
2007-12-28,16.7600,17.0400,15.8600,15.9400,212700
2007-12-21,15.0000,16.6900,14.8800,16.6900,492900
2007-12-14,16.5000,17.0000,14.9100,15.1000,596200
2007-12-07,16.1300,16.6200,15.3600,16.2500,260200
2007-11-30,15.9400,16.6700,15.0100,16.0600,330100
2007-11-23,15.7400,16.1800,15.0100,15.9500,233400
2007-11-16,16.3300,17.4700,15.5300,15.9400,567600
2007-11-09,15.7100,16.6100,15.4200,16.3100,308400
2007-11-02,17.0000,17.1200,15.5400,15.9300,394800
2007-10-26,15.9300,16.9500,15.9300,16.9300,271300
2007-10-19,16.9000,17.0400,15.9000,15.9900,505800
2007-10-12,17.4200,17.5900,16.7300,16.8900,236000
2007-10-05,16.8000,17.8800,16.8000,17.4900,347800
2007-09-28,17.4100,17.4500,16.6500,16.8000,195700
2007-09-21,16.3500,17.7000,15.8600,17.4100,392100
2007-09-14,16.2100,16.4700,15.8000,16.3600,269500
2007-09-07,16.3300,16.7200,15.6500,16.1500,390000
2007-08-31,17.2700,17.2700,16.0700,16.4200,313000
2007-08-24,18.4200,18.6500,16.8100,17.2900,422800
2007-08-17,16.4400,18.6800,15.7600,18.4100,701300
2007-08-10,14.9400,17.4700,14.7000,16.2700,807900
2007-08-03,15.1600,15.7000,14.8400,14.9000,545800
2007-07-27,15.3500,15.7000,14.4100,15.1700,991200
2007-07-20,15.8600,15.9400,15.0800,15.3800,432300
2007-07-13,16.3200,16.3200,15.4100,15.9500,269900
2007-07-06,16.1700,16.3500,15.9200,16.3200,146000
2007-06-29,15.7600,16.7100,15.7200,16.0600,402800
2007-06-22,16.8300,16.8500,15.7500,15.8200,454100
2007-06-15,16.3300,16.8300,15.9800,16.8300,403200
2007-06-08,16.7500,16.9000,16.1200,16.3700,351200
2007-06-01,16.7800,16.9900,16.3800,16.7800,383400
2007-05-25,16.4900,17.2000,16.3600,16.8900,372300
2007-05-18,16.7300,16.9300,16.2800,16.4600,334000
2007-05-11,16.7200,16.9700,16.3500,16.7800,252000
2007-05-04,15.9900,16.7400,15.5100,16.7000,361700
2007-04-27,16.6400,16.7400,15.8900,15.9200,347500
2007-04-20,16.0000,16.7400,16.0000,16.7300,408100
2007-04-13,16.2100,16.4500,15.7000,15.9500,290000
2007-04-05,16.2700,16.5200,16.1400,16.2300,343200
2007-03-30,17.0200,17.1600,16.0800,16.2300,309900
2007-03-23,16.4300,17.3200,16.4100,17.0500,401700
2007-03-16,16.2000,16.4300,15.3000,16.3800,505200
2007-03-09,15.9200,16.3800,15.6200,16.2300,487700
2007-03-02,17.1800,17.1800,15.9800,16.0300,380000
2007-02-23,17.2000,17.4300,16.9600,17.0900,205100
2007-02-16,17.0800,17.4600,16.9800,17.2800,306100
2007-02-09,17.4300,17.4900,16.9500,17.0700,395400
2007-02-02,16.8200,17.7700,16.8200,17.4900,390500
2007-01-26,17.1800,17.3700,16.5200,17.0500,389000
2007-01-19,17.6000,17.7600,16.9500,17.0700,403400
2007-01-12,16.9200,17.5600,16.7500,17.5600,298900
2007-01-05,17.2300,17.4700,16.9100,16.9900,147800
2006-12-29,17.1900,17.7100,17.0300,17.0700,172100
2006-12-22,17.2400,17.3500,16.9100,17.2400,207600
2006-12-15,17.0300,17.3600,16.8700,17.1700,314100
2006-12-08,17.1800,17.5400,16.9100,17.0600,206900
2006-12-01,17.3900,17.4100,16.7800,17.1600,542400
2006-11-24,17.9500,18.1200,17.4500,17.4900,109500
2006-11-17,17.3900,18.7900,17.3900,17.9200,357000
2006-11-10,17.2400,17.6000,16.9400,17.5000,234800
2006-11-03,17.7100,17.9000,17.0400,17.1500,283700
2006-10-27,16.8400,17.7900,16.6800,17.7100,383000
2006-10-20,17.9800,18.2800,16.7800,16.8500,522600
2006-10-13,17.7100,18.1700,17.2600,18.0300,257500
2006-10-06,17.5200,17.9200,17.1700,17.7800,283400
2006-09-29,17.3000,17.8700,17.1500,17.5000,199800
2006-09-22,17.6400,17.7200,17.0000,17.3100,254700
2006-09-15,17.3100,17.9700,17.2500,17.6800,279800
2006-09-08,17.6700,17.9000,17.2100,17.3400,151200
2006-09-01,17.2900,17.7300,17.2000,17.6100,343400
2006-08-25,16.9800,17.4600,16.8100,17.2300,904500
2006-08-18,17.0100,17.2500,16.8000,17.0100,318000
2006-08-11,16.9400,17.1900,16.4500,17.1000,365500
2006-08-04,16.9500,17.4400,16.3000,17.0700,625100
2006-07-28,17.5300,17.9000,16.4800,16.9000,632800
2006-07-21,16.7900,17.8800,16.7400,17.4000,454000
2006-07-14,17.5600,17.7800,16.7500,16.8800,430500
2006-07-07,17.9200,17.9200,17.3000,17.5500,220800
2006-06-30,17.0900,17.9600,16.9400,17.9600,733200
2006-06-23,16.5100,17.0300,16.0900,16.9800,532800
2006-06-16,16.7700,17.0900,16.3900,16.6200,592900
2006-06-09,17.0700,17.2300,16.3200,17.0000,346200
2006-06-02,16.9400,17.3200,16.4700,17.1600,299100
2006-05-26,16.7000,17.0800,16.3000,16.9900,357300
2006-05-19,16.4800,16.9800,16.2500,16.8300,219700
2006-05-12,17.5900,17.7100,16.5400,16.6100,460800
2006-05-05,16.9800,17.8500,16.4000,17.6100,715600
2006-04-28,17.1500,17.2300,16.5100,16.9300,342200
2006-04-21,16.5900,17.6600,16.5700,17.2100,403000
2006-04-13,16.8200,16.9600,16.4300,16.6500,497700
2006-04-07,17.3600,17.4080,16.7500,16.8600,421900
2006-03-31,17.3100,17.5500,16.9200,17.4600,264500
2006-03-24,17.0550,17.3800,16.8000,17.3400,293000
2006-03-17,16.4800,17.1700,16.4200,17.0600,361400
2006-03-10,16.3500,16.6600,15.8200,16.3900,356000
2006-03-03,16.7700,16.9400,16.3500,16.6100,195100
2006-02-24,16.6200,17.1100,16.3700,16.7000,314400
2006-02-17,16.1200,16.8900,15.9200,16.6400,263100
2006-02-10,16.0000,16.7200,15.6200,16.2500,562300
2006-02-03,16.3500,16.3500,15.8100,16.0600,781600
2006-01-27,15.5800,16.7400,15.4200,16.4200,456500
2006-01-20,15.6700,15.8300,15.3300,15.4000,201100
2006-01-13,15.6100,16.1000,15.4700,15.7500,510600
2006-01-06,15.8200,15.8200,14.8700,15.6100,857000
2005-12-30,16.1700,16.3100,15.5300,15.5700,142600
2005-12-23,16.5000,17.1000,16.0200,16.2500,342500
2005-12-16,17.0000,17.2100,16.5600,16.8300,337200
2005-12-09,17.4200,17.4200,16.5200,16.8700,247200
2005-12-02,17.3000,17.5200,16.5900,17.3900,227500
2005-11-25,16.5000,17.3000,16.1600,17.2100,212500
2005-11-18,16.7800,16.8800,15.4900,16.4000,285600
2005-11-11,16.9600,16.9700,16.0800,16.6300,398500
2005-11-04,15.9800,16.9400,15.4900,16.7000,522700
2005-10-28,15.3800,16.3400,15.2400,15.9400,314800
2005-10-21,15.2800,15.6000,14.8000,15.3300,273100
2005-10-14,15.5700,15.5700,13.9500,15.3100,658100
2005-10-07,15.9900,16.9600,15.1500,15.4100,299200
2005-09-30,16.6900,16.9400,16.0500,16.3700,485300
2005-09-23,16.6500,17.0300,15.8700,16.4900,174200
2005-09-16,17.7600,17.8600,16.1000,16.5400,344000
2005-09-09,17.4400,17.9800,17.2600,17.9100,106400
2005-09-02,17.1900,17.7600,16.8000,17.4000,193100
2005-08-26,17.0900,17.8600,16.9600,17.2000,125500
2005-08-19,17.3900,18.2400,17.0000,17.3400,166500
2005-08-12,17.9900,18.3000,17.3900,17.7100,227100
2005-08-05,18.8900,19.6500,17.8900,18.0300,187100
2005-07-29,18.9900,19.2400,18.1000,18.9400,137200
2005-07-22,19.1500,19.3700,18.3300,18.9600,240100
2005-07-15,18.9300,19.4000,18.5800,19.2500,174500
2005-07-08,18.4500,19.5000,17.7600,18.8400,158500
2005-07-01,17.4500,18.7500,17.1700,18.5200,206400
2005-06-24,17.7900,18.6500,17.2600,17.3000,217300
2005-06-17,16.4000,18.0000,16.3733,17.8400,277900
2005-06-10,17.1100,17.1100,15.9000,16.4700,244800
2005-06-03,16.9900,17.2600,16.7100,16.9600,139500
2005-05-27,16.8700,17.2500,16.6000,17.1200,162700
2005-05-20,16.0400,17.2600,15.8800,16.8900,243800
2005-05-13,16.3600,17.0800,15.5500,15.8600,241500
2005-05-06,16.4400,17.6500,16.3400,16.3800,275700
2005-04-29,16.4400,16.9800,15.9900,16.3600,192800
2005-04-22,17.3800,17.4900,16.1000,16.2700,304300
2005-04-15,18.1600,18.1600,17.1700,17.1700,378700
2005-04-08,17.9400,18.4900,17.7100,17.9700,131800
2005-04-01,18.0000,18.4500,17.7500,17.7800,322900
2005-03-24,18.1800,18.4300,17.9000,17.9700,117700
2005-03-18,18.5400,18.6300,18.1700,18.2700,309600
2005-03-11,18.0300,18.7000,17.9100,18.4400,616300
2005-03-04,17.7100,18.4900,17.6500,18.0400,276300
2005-02-25,17.5500,18.0000,17.1700,18.0000,253900
2005-02-18,18.2000,18.5400,17.5900,17.6700,438100
2005-02-11,18.4100,18.5700,17.5300,18.3800,855900
2005-02-04,18.8300,19.0100,17.8800,18.4300,764600
2005-01-28,19.1500,19.4200,18.4500,18.5400,281400
2005-01-21,18.9100,19.3500,18.5000,18.9000,210000
2005-01-14,18.8500,19.7500,18.3900,18.9200,243400
2005-01-07,20.2300,20.2300,18.8600,18.8700,318000
2004-12-31,20.4500,20.4800,19.7700,20.0600,261600
2004-12-23,19.7200,20.3500,19.7200,20.3500,153400
2004-12-17,19.9700,20.1100,19.5100,19.8500,483200
2004-12-10,20.9500,21.1000,19.7500,19.7700,261600
2004-12-03,20.8500,21.5000,20.7300,20.8900,155600
2004-11-26,20.1400,20.7500,20.0800,20.7300,80300
2004-11-19,21.0700,21.1000,20.1600,20.3200,168100
2004-11-12,20.2700,21.4400,20.0000,21.0500,174400
2004-11-05,19.4000,20.5800,19.3100,20.3300,228100
2004-10-29,18.8000,19.6300,18.8000,19.2700,214600
2004-10-22,19.0800,19.5500,18.8000,18.8900,164000
2004-10-15,19.2800,19.6000,19.0000,19.3300,132600
2004-10-08,19.7400,19.7400,19.1500,19.1500,145700
2004-10-01,18.8900,19.9300,18.5300,19.5000,353100
2004-09-24,18.6000,19.1100,18.1000,18.6800,314900
2004-09-17,18.5200,19.1900,18.0800,18.5000,227800
2004-09-10,18.3600,18.7500,17.8500,18.7200,108400
2004-09-03,17.5500,18.9300,17.2500,18.3200,151000
2004-08-27,17.4900,17.8000,17.3400,17.6300,197800
2004-08-20,17.2400,17.7400,17.1000,17.5800,286300
2004-08-13,17.6900,18.1100,17.0000,17.2100,231500
2004-08-06,17.3800,17.7800,17.1500,17.4600,214000
2004-07-30,16.9100,17.7100,16.4800,17.2800,261200
2004-07-23,16.9100,17.9500,16.7500,16.8500,173200
2004-07-16,17.7300,17.9800,16.8900,16.8900,130400
2004-07-09,17.6700,18.1300,17.1000,17.7100,140000
2004-07-02,17.0650,18.0000,16.8000,17.8900,280400
2004-06-25,16.9900,17.5000,16.4100,16.8900,190000
2004-06-18,17.0400,17.8000,16.4700,17.5500,265800
2004-06-10,17.3800,17.5700,16.7600,16.8500,96400
2004-06-04,17.7300,18.0000,17.1600,17.2700,98100
2004-05-28,17.7200,17.8000,17.4000,17.5400,167300
2004-05-21,17.0500,17.6300,16.7700,17.6200,296600
2004-05-14,17.2600,17.7400,16.6600,17.1300,206200
2004-05-07,17.2000,17.7500,17.0600,17.2000,267600
2004-04-30,17.2600,17.8000,17.2000,17.2000,327400
2004-04-23,17.0000,17.6800,17.0000,17.5800,148700
2004-04-16,18.1500,18.2500,16.3500,17.1000,490900
2004-04-08,18.8900,18.9000,17.8000,18.1810,132900
2004-04-02,18.0350,18.9300,17.9000,18.8700,120100
2004-03-26,18.2900,18.4100,17.5700,17.9300,140300
2004-03-19,18.3800,18.6700,17.8200,18.1600,111200
2004-03-12,19.2000,19.5000,18.1500,18.3000,225100
2004-03-05,18.9500,19.3700,18.5800,19.1400,165600
2004-02-27,18.7600,19.0300,18.1500,18.9000,213500
2004-02-20,18.7500,18.9500,18.5000,18.7100,104800
2004-02-13,19.0000,19.1200,18.5500,18.6000,191100
2004-02-06,18.7100,19.1000,18.1100,19.0600,348700
2004-01-30,18.1750,19.4600,17.8800,18.7800,264900
2004-01-23,18.2300,18.5880,17.7000,18.2500,239300
2004-01-16,18.4000,18.7500,17.9900,18.0100,124600
2004-01-09,18.2800,18.7200,17.7200,18.2500,525800
2004-01-02,18.4600,18.8900,17.6100,17.7200,140000
2003-12-26,17.6410,18.7000,17.6410,18.3800,136600
2003-12-19,27.4900,28.0000,17.3000,18.1700,192667
2003-12-12,27.5000,27.7300,26.0000,27.4900,316534
2003-12-05,27.2550,27.9800,26.9900,27.4900,109534
2003-11-28,27.6500,28.4900,27.2000,27.2000,173734
2003-11-21,27.8800,28.3000,27.4500,27.6500,159601
2003-11-14,26.5000,28.1800,26.5000,27.9600,235401
2003-11-07,24.3200,26.6600,24.2400,26.5000,247267
2003-10-31,23.1700,24.9500,22.4000,24.2500,234334
2003-10-24,22.4400,23.2700,22.1600,22.9900,102801
2003-10-17,22.6200,23.7500,22.5100,22.7100,62401
2003-10-10,22.5200,23.0300,22.0400,22.7500,79468
2003-10-03,21.2000,22.7900,20.2300,22.7800,108934
2003-09-26,22.6600,23.0100,20.8600,21.0400,110934
2003-09-19,21.5000,22.9000,21.5000,22.7800,92934
2003-09-12,22.0900,22.1500,21.0100,21.5000,43801
2003-09-05,22.0920,22.5900,21.8000,21.8300,144401
2003-08-29,22.3800,22.3900,21.6100,22.1700,108401
2003-08-22,21.9650,22.4000,21.4400,22.2300,125001
2003-08-15,20.5000,22.0500,20.4800,22.0300,61668
2003-08-08,21.0510,21.1490,20.3200,20.6110,205801
2003-08-01,21.3000,21.7910,20.8000,21.0400,102068
2003-07-25,21.3100,21.5400,20.5600,21.0900,422868
2003-07-18,22.0200,22.4300,20.7500,21.4600,165001
2003-07-11,22.1600,22.6500,21.5900,22.0500,221334
2003-07-03,21.1000,22.2600,20.8100,22.0190,389334
2003-06-27,20.0000,21.4500,19.7300,21.1100,371934
2003-06-20,20.5100,20.7900,19.7799,20.1300,224868
2003-06-13,21.1010,21.3000,20.0000,20.2100,193601
2003-06-06,20.7300,21.7710,19.8700,21.0400,179068
2003-05-30,19.9700,20.7100,19.5300,20.5910,171267
2003-05-23,19.9700,20.3500,19.4100,20.0000,201868
2003-05-16,19.6300,20.3500,19.2900,20.0700,375467
2003-05-09,19.0900,19.6600,18.8900,19.6000,336801
2003-05-02,19.1500,19.5000,18.8300,18.9300,295667
2003-04-25,18.8100,19.3800,18.5000,18.9710,367667
2003-04-17,17.6200,19.0000,17.6000,18.8900,187467
2003-04-11,17.6100,17.7400,16.9100,17.5000,80467
2003-04-04,17.5300,17.7300,17.2700,17.3900,55268
2003-03-28,18.0000,18.0000,17.2500,17.5200,83134
2003-03-21,17.3700,18.1500,17.2500,18.1000,110934
2003-03-14,17.3000,17.7700,17.1000,17.4300,114801
2003-03-07,17.2500,17.6000,17.0400,17.1400,223334
2003-02-28,17.4400,17.5000,17.0500,17.3000,100134
2003-02-21,16.9900,17.6300,16.6200,17.6300,28334
2003-02-14,17.0400,17.3000,16.7800,17.0000,153801
2003-02-07,16.9300,17.0300,16.5200,16.7600,140867
2003-01-31,16.2700,17.0500,16.0400,16.8300,201334
2003-01-24,16.5500,16.8800,16.3000,16.3400,48334
2003-01-17,16.9200,17.2500,16.6000,16.6000,103267
2003-01-10,16.3600,17.0600,16.3000,16.8500,330201
2003-01-03,16.7400,16.7400,16.1500,16.5000,104867
2002-12-27,16.8400,17.0200,16.4500,16.6500,75334
2002-12-20,17.0000,17.0000,16.2700,16.8400,241134
2002-12-13,16.4600,17.0300,16.2200,16.8100,427801
2002-12-06,17.2300,17.4000,16.3000,16.5000,132934
2002-11-29,17.1000,17.4400,16.7100,17.2300,107934
2002-11-22,16.7600,17.5100,16.4000,17.3100,164867
2002-11-15,17.2700,17.2700,16.5600,16.9000,112935
2002-11-08,17.9300,18.1000,17.0800,17.1000,78067
2002-11-01,18.2400,18.2400,16.7600,17.9300,114467
2002-10-25,18.4400,18.5200,17.6300,18.2400,84801
2002-10-18,16.2400,18.4900,16.0200,18.2900,250067
2002-10-11,15.5000,16.3000,14.8500,16.1800,195401
2002-10-04,16.2100,16.7900,15.5000,15.5000,114734
2002-09-27,16.8800,17.0200,16.0000,16.3800,137934
2002-09-20,17.2800,17.3900,16.4800,16.7000,202668
2002-09-13,18.5200,18.7000,17.0200,17.4300,360001
2002-09-06,18.5400,18.9000,18.5000,18.6500,170601
2002-08-30,18.9600,19.0000,18.4500,18.4500,280268
2002-08-23,19.4900,19.5000,18.9500,18.9500,84801
2002-08-16,18.9900,19.7500,18.1300,19.4400,275668
2002-08-09,18.4000,19.4000,18.2600,19.0700,145334
2002-08-02,18.3500,20.0000,18.2900,18.2900,349601
2002-07-26,17.7500,19.2000,16.3000,18.5400,321867
2002-07-19,19.8900,19.8900,17.1500,17.5200,85601
2002-07-12,20.4000,20.6400,19.3700,19.6200,116201
2002-07-05,20.2700,20.8400,19.8000,20.3500,116934
2002-06-28,19.8500,20.6300,18.8500,20.4900,347134
2002-06-21,18.2600,20.0500,18.2600,19.8500,158667
2002-06-14,18.2600,18.5500,17.8500,18.2800,186467
2002-06-07,18.7600,19.0000,17.4700,18.2600,231667
2002-05-31,20.0600,20.0600,18.7500,18.9600,383534
2002-05-24,20.1600,20.6600,19.8100,19.8100,192001
2002-05-17,19.8500,20.8300,19.7300,20.3700,237934
2002-05-10,18.9600,19.9700,18.7800,19.7900,305867
2002-05-03,18.4300,19.0500,18.3000,18.9500,241467
2002-04-26,18.0000,18.8500,17.8600,18.4700,79468
2002-04-19,17.1300,18.0000,16.5800,17.9900,408668
2002-04-12,17.1400,17.1500,16.8700,17.1300,331934
2002-04-05,16.8500,17.4500,16.4500,16.9700,60601
2002-03-28,16.3700,16.9500,16.1000,16.8200,397668
2002-03-22,16.5500,16.6300,16.2800,16.3600,237668
2002-03-15,16.9500,17.0500,16.4100,16.6000,122134
2002-03-08,17.0000,17.1800,16.8300,17.0500,79400
2002-03-01,16.8600,17.3500,16.6500,16.9500,224067
2002-02-22,16.8900,17.0800,16.2500,17.0500,105601
2002-02-15,16.5600,17.2500,16.3000,16.8900,173801
2002-02-08,17.0000,17.1500,16.1300,16.3700,403067
2002-02-01,16.3900,17.2500,16.0800,17.0000,143467
2002-01-25,16.9400,16.9500,15.9500,16.1000,147334
2002-01-18,16.6700,16.9500,16.0000,16.5200,82268
2002-01-11,18.0800,18.0800,16.4000,16.6700,84134
2002-01-04,17.2100,18.1000,16.9500,17.4500,69734
2001-12-28,16.9900,18.0000,16.9900,17.9500,45734
2001-12-21,16.5000,17.5600,15.6300,17.0000,105867
2001-12-14,16.9500,17.0500,16.1500,16.4800,112734
2001-12-07,15.9500,16.8500,15.4500,16.7500,380201
2001-11-30,16.4500,17.0500,15.4400,15.5000,1133068
2001-11-23,16.7100,17.0500,16.4500,16.7800,111534
2001-11-16,17.3100,17.6000,16.5000,17.0500,181335
2001-11-09,17.4500,17.7600,17.0000,17.5400,41201
2001-11-02,17.6300,18.2500,17.2100,17.4900,58067
2001-10-26,17.0000,18.7900,17.0000,17.2600,95268
2001-10-19,17.3100,18.9600,17.0000,17.4500,93601
2001-10-12,17.5900,18.3900,15.8000,18.1700,92001
2001-10-05,16.1500,18.3500,15.7000,17.6200,239867
2001-09-28,14.2000,16.1000,14.0000,16.1000,367401
2001-09-21,14.0000,15.5000,13.7100,14.2000,413467
2001-09-10,15.7600,15.7600,15.3100,15.3100,13600
2001-09-07,15.8000,16.0000,15.3200,15.7000,204801
2001-08-31,23.6100,24.0600,15.6000,15.9500,178000
2001-08-24,25.0200,25.3800,23.6900,24.1400,188799
2001-08-17,25.0000,25.5000,24.7700,25.2100,158623
2001-08-10,25.0500,25.2000,24.2500,25.1500,191912
2001-08-03,24.9700,25.2400,24.8000,25.1000,246534
2001-07-27,24.9200,25.0500,24.3100,24.9100,106800
2001-07-20,24.4000,25.3300,24.2400,24.8400,88312
2001-07-13,23.3100,24.5600,23.3100,24.3000,96712
2001-07-06,24.0600,24.0600,23.2600,23.3500,55823
2001-06-29,23.6000,24.3000,22.2900,23.9100,207289
2001-06-22,22.4700,24.1000,22.0000,24.0500,139378
2001-06-15,22.8100,22.9500,21.8700,22.5400,245156
2001-06-08,23.9300,23.9300,22.6500,22.6500,87600
2001-06-01,23.6100,24.1200,23.2500,24.0000,132356
2001-05-25,22.2500,23.9000,22.0200,23.5000,158178
2001-05-18,22.3800,22.5600,21.7500,22.1900,186045
2001-05-11,22.5000,22.8300,21.3500,22.2000,102312
2001-05-04,20.3500,22.5000,20.3500,22.5000,80489
2001-04-27,20.0000,20.5000,19.3000,20.3500,92490
2001-04-20,19.1000,20.0000,19.0000,20.0000,104978
2001-04-12,18.2500,19.0000,18.2500,19.0000,61733
2001-04-06,18.5000,19.1300,18.2500,19.1300,46578
2001-03-30,17.6300,18.5000,17.5000,18.4400,18089
2001-03-23,17.8100,18.2500,17.3800,17.5000,204312
2001-03-16,17.9400,18.0600,17.8100,17.8100,115911
2001-03-09,17.8800,18.1300,17.8800,18.1300,13423
2001-03-02,18.1300,18.1300,17.8800,18.0000,30934
2001-02-23,18.3100,18.3800,17.8100,17.8100,38489
2001-02-16,18.0000,18.8100,18.0000,18.5000,30578
2001-02-09,17.8800,18.2500,17.8800,18.0000,38710
2001-02-02,18.3100,18.5000,17.8800,18.0000,80667
2001-01-26,17.6300,18.5600,17.3300,18.3100,162312
2001-01-19,17.9400,18.1900,16.7500,17.3100,31245
2001-01-12,17.3100,18.0600,16.5000,18.0600,77734
2001-01-05,17.4400,17.5000,16.5000,17.3800,113689
2000-12-29,15.7500,17.9400,15.6900,17.9400,58267
2000-12-22,15.4400,15.7500,15.4400,15.6300,59511
2000-12-15,15.5000,15.8800,15.4400,15.4400,34000
2000-12-08,15.2500,15.6300,15.2500,15.5000,28888
2000-12-01,15.4400,15.5600,15.0600,15.5600,171823
2000-11-24,15.3800,15.5000,15.3800,15.3800,26223
2000-11-17,15.3800,15.5000,15.3800,15.3800,44045
2000-11-10,15.3700,15.5000,15.3100,15.3800,25556
2000-11-03,15.1900,15.5000,15.1900,15.3800,162401
2000-10-27,15.5000,15.5000,15.1300,15.2500,266267
2000-10-20,15.6900,15.8100,15.3800,15.3800,72444
2000-10-13,16.0600,16.1300,15.6900,15.6900,67423
2000-10-06,16.0600,16.1300,15.8100,15.8800,71555
2000-09-29,15.7500,16.5000,15.5600,15.8800,368579
2000-09-22,15.9400,15.9400,15.3800,15.6300,41600
2000-09-15,15.1900,16.1300,15.1900,15.8800,81911
2000-09-08,15.1300,15.5000,15.1300,15.2500,109378
2000-09-01,15.3800,15.5000,15.0000,15.1300,62357
2000-08-25,15.6300,15.9400,15.0000,15.2500,109333
2000-08-18,15.5000,16.0000,15.3800,15.9400,162179
2000-08-11,15.3100,15.6300,15.3100,15.3800,58089
2000-08-04,15.2500,15.6300,15.2500,15.3100,31644
2000-07-28,14.8800,15.6300,14.8800,15.2500,88578
2000-07-21,15.6900,16.0000,14.6900,14.8800,85066
2000-07-14,15.3100,16.0000,15.3100,15.7500,29601
2000-07-07,15.5000,15.5000,15.2500,15.2500,19600
2000-06-30,14.9400,15.5000,14.9400,15.2500,136223
2000-06-23,15.0000,15.2500,14.9400,14.9400,39245
2000-06-16,14.6900,15.0000,14.6900,14.8800,38311
2000-06-09,14.6300,14.8800,14.6300,14.7500,65244
2000-06-02,15.0000,15.0000,14.3100,14.6300,190978
2000-05-26,14.2500,15.4400,13.9400,15.0000,42178
2000-05-19,14.3100,14.7500,13.8800,14.1300,48400
2000-05-12,13.6300,14.5000,13.5000,14.2500,185645
2000-05-05,14.0000,14.0000,13.6300,13.6300,80400
2000-04-28,12.7500,14.0000,12.7500,14.0000,261556
2000-04-20,13.1300,13.5000,12.5000,13.1300,39733
2000-04-14,13.8800,13.8800,13.1300,13.1300,39910
2000-04-07,13.8800,14.6300,13.8800,13.8800,95423
2000-03-31,13.7500,14.0000,13.3100,13.5600,67956
2000-03-24,13.3800,14.0000,13.3100,13.6300,33468
2000-03-17,13.5000,13.6300,13.3800,13.6300,100443
2000-03-10,13.6300,14.1300,13.5600,13.6300,44622
2000-03-03,14.7500,14.9500,13.5600,13.6300,56357
2000-02-25,13.0000,15.1300,13.0000,15.0000,101866
2000-02-18,12.7500,13.1300,12.7500,13.0000,56756
2000-02-11,13.0000,13.1300,12.7500,12.7500,143378
2000-02-04,13.1300,13.1300,13.0000,13.0000,196755
2000-01-28,13.1900,13.3800,12.8800,13.0000,152090
2000-01-21,13.8800,13.8800,13.1900,13.4400,33201
2000-01-14,14.7500,14.7500,13.2500,13.5000,57823
