timestamp,open,high,low,close,volume
2018-02-27,7.2500,7.3000,6.7900,6.9000,522970
2018-02-23,7.6900,7.9800,7.0400,7.2100,629386
2018-02-16,6.5800,8.3800,6.5764,7.7600,1902684
2018-02-09,6.0200,6.6500,5.4582,6.5800,1331531
2018-02-02,6.5000,6.8600,5.9000,6.0700,811843
2018-01-26,6.5500,6.8500,6.4110,6.5900,586425
2018-01-19,6.6100,6.8248,6.2900,6.5900,558041
2018-01-12,6.4500,6.7290,6.0600,6.5900,1047953
2018-01-05,5.9000,6.9500,5.9000,6.5300,957077
2017-12-29,6.1300,6.4700,5.7250,5.8900,461499
2017-12-22,6.1000,6.7800,5.4000,6.1300,1123861
2017-12-15,5.9200,6.3300,5.7100,6.0400,1480426
2017-12-08,6.0000,6.0800,5.4600,5.9300,702287
2017-12-01,5.7500,6.2300,5.4950,5.9700,1276713
2017-11-24,5.0200,5.9700,4.8300,5.7600,585055
2017-11-17,5.2100,5.2400,4.4500,5.0600,1213508
2017-11-10,5.6800,6.0400,4.9600,5.2400,1195984
2017-11-03,6.0300,6.1900,4.6200,5.8000,1376035
2017-10-27,5.1000,6.2400,4.8400,6.0200,2174878
2017-10-20,4.6800,5.1600,4.4300,5.0300,1704121
2017-10-13,4.6700,4.8500,4.5200,4.6700,630959
2017-10-06,5.0900,5.3900,4.6100,4.7100,1049938
2017-09-29,5.1500,5.6000,5.0000,5.0400,958269
2017-09-22,5.1800,5.3200,4.8600,5.1500,931872
2017-09-15,5.3800,5.4700,4.9600,5.2000,1169599
2017-09-08,4.7200,5.3300,4.6600,5.3300,675241
2017-09-01,4.2300,4.7800,4.1100,4.7100,896346
2017-08-25,3.6500,4.2500,3.4100,4.2200,1010705
2017-08-18,3.5500,3.7700,3.3900,3.6400,1209074
2017-08-11,3.1600,3.6800,2.5200,3.5100,11542888
2017-08-04,3.9000,3.9600,2.8500,3.1500,2066130
2017-07-28,3.7700,3.9700,3.4500,3.8700,551855
2017-07-21,4.2600,4.3000,3.6700,3.7200,724526
2017-07-14,3.9600,4.3400,3.8100,4.2400,509362
2017-07-07,4.0600,4.2800,3.6700,3.9000,391158
2017-06-30,3.9200,4.1500,3.7500,4.0400,643955
2017-06-23,3.7100,4.3100,3.5400,3.9000,713890
2017-06-16,3.7700,4.0400,3.5600,3.6600,788323
2017-06-09,4.8500,4.9600,3.6700,3.7500,1487286
2017-06-02,4.6300,5.0700,4.4400,4.8500,1956016
2017-05-26,5.4500,5.5200,4.5600,4.6200,667616
2017-05-19,5.7100,6.2000,5.3500,5.4600,911113
2017-05-12,5.8100,6.0600,5.5500,5.6500,765910
2017-05-05,4.9600,6.0700,4.6400,5.9000,1227522
2017-04-28,4.8400,5.3700,4.7500,4.9400,836279
2017-04-21,4.6700,5.0000,4.3700,4.7400,686444
2017-04-13,5.1700,5.1700,4.5500,4.6200,532388
2017-04-07,5.6900,5.7500,4.8000,5.1600,1391141
2017-03-31,5.5200,5.8000,5.3600,5.6900,579913
2017-03-24,4.9600,5.7500,4.8700,5.6000,1103801
2017-03-17,5.0100,5.3800,4.7500,4.9600,988175
2017-03-10,5.9400,6.0600,4.8900,5.0300,1116813
2017-03-03,6.9900,7.0500,5.8500,5.9900,1134369
2017-02-24,6.7000,7.0500,6.5700,6.9800,674967
2017-02-17,5.9900,6.9300,5.8700,6.5900,1162605
2017-02-10,6.1200,6.3600,5.7100,5.9400,938395
2017-02-03,6.1600,6.5800,5.9200,6.1200,583775
2017-01-27,6.6000,6.7500,5.7750,6.2300,1451979
2017-01-20,7.7400,7.8100,6.5700,6.6000,868399
2017-01-13,8.1800,8.6900,7.5300,7.7800,1308088
2017-01-06,7.4300,8.2150,7.2900,8.0500,1023661
2016-12-30,7.5000,7.8200,7.1600,7.2800,489354
2016-12-23,8.2000,8.3100,7.0600,7.4800,1290357
2016-12-16,7.3500,8.2650,7.1900,8.1200,1235097
2016-12-09,6.9500,7.4000,6.7000,7.3600,1317279
2016-12-02,6.0200,6.8300,5.9200,6.6800,1563494
2016-11-25,6.1300,6.4200,5.5500,6.0200,706664
2016-11-18,6.5000,6.5098,5.7300,6.1200,1084366
2016-11-11,4.5800,6.4500,4.3350,6.3500,1776744
2016-11-04,4.4800,5.4200,4.3500,4.4100,1652205
2016-10-28,5.0700,5.1000,4.4300,4.4500,1038003
2016-10-21,4.6000,5.6400,4.3100,5.0300,2849770
2016-10-14,7.7700,7.9500,4.4100,4.4700,4779614
2016-10-07,7.9800,8.0800,7.7000,7.7500,521616
2016-09-30,8.5200,8.6700,7.9500,8.0100,508762
2016-09-23,8.0800,8.7700,8.0200,8.5700,442295
2016-09-16,8.2400,8.3900,7.7600,8.0800,849891
2016-09-09,8.8000,9.0700,8.2600,8.2700,530593
2016-09-02,9.3700,9.6500,8.7600,8.8000,737254
2016-08-26,9.2200,9.5300,8.9880,9.3400,839058
2016-08-19,9.0100,9.5300,8.5400,9.2100,1527698
2016-08-12,9.1800,9.2900,8.7000,9.0000,959227
2016-08-05,10.5900,10.9400,8.8100,9.1700,1489317
2016-07-29,9.9200,10.8700,9.4000,10.5500,770466
2016-07-22,9.6500,10.2300,9.0350,9.9000,481101
2016-07-15,9.7000,10.2400,9.2010,9.6900,604832
2016-07-08,9.2000,9.6500,8.6200,9.6400,403326
2016-07-01,9.2200,9.3700,8.6500,9.2800,671574
2016-06-24,9.5900,10.1400,9.2500,9.4000,647757
2016-06-17,10.3800,10.7400,9.4600,9.4800,1024857
2016-06-10,9.9500,11.0500,9.8800,10.4900,784611
2016-06-03,9.5600,10.4800,9.5200,9.9100,751195
2016-05-27,8.6400,9.6860,8.5200,9.4900,689382
2016-05-20,9.2900,9.3900,8.4900,8.6500,884623
2016-05-13,9.1300,9.5450,8.9300,9.2200,1237633
2016-05-06,9.6700,9.8200,8.6500,9.1900,1814408
2016-04-29,10.0400,10.3200,9.4500,9.5800,878433
2016-04-22,9.1200,10.1900,8.7900,10.0800,1123433
2016-04-15,8.8300,9.1900,8.4700,9.1000,2689969
2016-04-08,8.3600,8.9000,8.0900,8.7900,1223671
2016-04-01,7.5000,8.3350,7.1500,8.3200,1102565
2016-03-24,7.4800,8.0300,7.2600,7.4700,892034
2016-03-18,7.6500,8.0122,6.9300,7.5300,1843706
2016-03-11,7.0900,7.7000,7.0400,7.6900,3709851
2016-03-04,6.6400,7.3400,6.5000,7.1000,1534309
2016-02-26,6.1600,6.6700,5.9070,6.6400,1399337
2016-02-19,5.9100,6.6400,5.8100,6.1500,1140210
2016-02-12,6.4200,6.5000,5.0900,5.8300,4081753
2016-02-05,6.6000,7.5400,5.6400,6.4800,2714606
2016-01-29,6.5500,6.9000,6.2300,6.7100,2441836
2016-01-22,8.8100,8.8500,4.8400,6.7000,4986515
2016-01-15,9.3400,10.4400,7.5200,8.6800,3778961
2016-01-08,10.6100,10.9800,9.2200,9.2400,2020163
2015-12-31,11.1200,11.1900,10.4800,10.8100,759671
2015-12-24,10.7700,11.2400,10.5600,11.1400,925675
2015-12-18,9.4000,10.8900,9.3500,10.7200,1549722
2015-12-11,10.1800,10.4100,9.3000,9.3600,1565585
2015-12-04,10.6500,11.6600,9.9200,10.1800,2058979
2015-11-27,9.7500,10.9700,9.6200,10.6000,1508430
2015-11-20,10.0700,10.3080,9.7500,9.8000,2405265
2015-11-13,10.3000,10.6600,9.5300,10.1100,5087550
2015-11-06,10.7000,12.0900,9.9600,10.2900,4141885
2015-10-30,7.9600,10.9800,7.2000,10.8100,6136523
2015-10-23,9.0600,9.2400,7.7800,7.9600,1687694
2015-10-16,9.5300,9.8860,8.7400,9.1200,2702158
2015-10-09,8.4400,9.6700,8.4100,9.5700,2196379
2015-10-02,9.2400,9.2400,7.5100,8.3700,3120266
2015-09-25,11.6500,12.0000,9.2000,9.2100,2116305
2015-09-18,11.5800,12.0600,11.1800,11.5100,2338729
2015-09-11,11.1200,11.6200,10.8950,11.5800,1490217
2015-09-04,11.5300,12.3800,10.8000,10.8800,1734655
2015-08-28,12.0100,12.8300,10.8600,11.7000,3024629
2015-08-21,12.7600,12.9700,12.2900,12.5400,3027049
2015-08-14,12.6200,13.2500,11.8952,12.8900,6495646
2015-08-07,20.0800,20.6600,10.9040,12.8500,7247242
2015-07-31,22.1600,22.6300,19.1000,20.0300,1801194
2015-07-24,23.2400,23.3300,21.3200,22.5100,1076639
2015-07-17,23.0300,23.8100,22.2350,23.2400,1016305
2015-07-10,22.7500,23.1200,21.7800,22.7500,953765
2015-07-02,25.0500,25.4900,22.6300,22.9300,1016396
2015-06-26,25.5300,26.1100,25.1200,25.4000,1595288
2015-06-19,24.2000,25.7800,24.1750,25.2900,1458361
2015-06-12,23.5600,25.0000,23.0400,24.5500,1559010
2015-06-05,22.0000,24.5400,22.0000,23.6400,2575678
2015-05-29,24.4700,25.0500,23.6200,23.6400,1269712
2015-05-22,25.2800,26.4100,24.5200,24.7100,1643889
2015-05-15,26.7800,28.7500,24.6500,25.0300,2819704
2015-05-08,37.8900,39.8400,25.6300,26.9500,6038116
2015-05-01,42.5000,43.0000,36.6000,37.7100,1185757
2015-04-24,44.2300,45.6400,41.8550,42.4700,790882
2015-04-17,42.4500,44.5100,40.7600,43.9700,707269
2015-04-10,39.4750,43.3500,39.4750,42.2600,799222
2015-04-02,40.6900,43.1800,39.2700,39.5800,769752
2015-03-27,45.1200,45.6400,39.8900,40.3200,1065604
2015-03-20,40.8700,46.3800,40.8700,45.4700,950892
2015-03-13,42.3900,42.3900,40.2900,40.8900,897358
2015-03-06,44.2500,44.9567,41.0900,42.2500,1272719
2015-02-27,38.6500,44.4900,38.6500,44.2000,1072794
2015-02-20,37.8400,39.2700,37.1600,38.9700,745756
2015-02-13,38.5100,38.9600,37.0200,37.9300,901278
2015-02-06,38.6100,40.9800,37.3700,38.5400,1369659
2015-01-30,37.4900,40.3642,36.9300,38.5300,1492051
2015-01-23,35.4100,38.2800,33.7255,37.4400,1408618
2015-01-16,36.5100,38.3400,32.4260,33.8100,1407356
2015-01-09,33.4300,37.0300,32.4400,36.3300,1467906
2015-01-02,33.2500,34.3875,32.4000,33.6100,830174
2014-12-26,32.6900,33.2400,31.7600,33.1400,411164
2014-12-19,27.2000,32.8300,26.6550,32.7000,1357610
2014-12-12,29.0700,29.8000,26.6500,27.2100,867087
2014-12-05,30.3500,30.4400,28.7500,29.3300,1798269
2014-11-28,30.0000,31.5500,29.4700,30.8300,709473
2014-11-21,30.0000,31.2100,29.4800,30.1400,1119762
2014-11-14,28.7800,30.4800,28.5050,29.9900,1151500
2014-11-07,29.1500,29.7800,26.6500,28.9000,1350757
2014-10-31,27.7200,30.4700,26.8900,29.0000,1296404
2014-10-24,25.4600,28.2500,25.3700,27.9500,1003191
2014-10-17,22.0500,26.9800,21.7100,25.6000,1404784
2014-10-10,23.7900,23.9800,21.9400,22.0600,961261
2014-10-03,25.0600,25.7560,22.7600,23.6500,1257832
2014-09-26,26.1500,26.3050,24.9400,25.4400,889061
2014-09-19,30.8300,31.0700,26.2800,26.3300,1396000
2014-09-12,28.5700,31.8000,28.4800,31.0400,1455200
2014-09-05,27.7100,29.8900,27.5400,28.7500,1924800
2014-08-29,26.3700,27.3100,25.8300,27.2200,639700
2014-08-22,28.0300,28.2400,26.0000,26.1200,1033900
2014-08-15,27.1400,27.9300,26.4100,27.8500,1020200
2014-08-08,28.9500,28.9700,26.0300,26.9100,1673500
2014-08-01,27.5300,31.0600,26.5800,28.8300,1842000
2014-07-25,26.7900,29.0980,26.6300,27.4300,1622200
2014-07-18,31.3000,32.4800,26.4500,27.0500,2368700
2014-07-11,31.0600,31.3900,28.7000,30.8200,1958400
2014-07-03,29.0200,31.4000,28.8400,31.1600,976700
2014-06-27,28.7700,29.4700,27.9300,29.0400,1470200
2014-06-20,27.6400,29.3100,27.5600,28.6100,1044500
2014-06-13,26.9600,29.2900,26.9600,27.8300,1571200
2014-06-06,27.4800,27.8600,24.9000,27.1300,2758000
2014-05-30,29.1400,29.8000,27.6600,27.7400,1514400
2014-05-23,27.0800,29.3800,26.6700,28.7600,1659100
2014-05-16,29.9600,31.6900,26.5075,27.0800,2518500
2014-05-09,37.7100,39.2050,29.4200,29.9000,4572200
2014-05-02,35.9100,39.5500,33.5500,37.9500,1636800
2014-04-25,37.2800,40.5500,35.5510,35.6600,1498700
2014-04-17,35.8300,37.9200,33.7900,37.1000,1881600
2014-04-11,37.5100,37.5100,33.1700,33.6300,3059500
2014-04-04,42.4600,46.0175,38.0100,38.1900,2167500
2014-03-28,47.5300,47.7900,40.0700,42.2300,2029000
2014-03-21,47.7600,48.6000,47.3000,47.5300,1401400
2014-03-14,47.2700,49.2790,46.4500,47.5500,1438000
2014-03-07,45.7500,49.2800,45.0100,47.8100,1707000
2014-02-28,46.0000,49.4553,45.3700,46.8500,1786000
2014-02-21,44.0700,48.4999,43.8500,45.8500,1461900
2014-02-14,42.7100,44.7500,42.0300,44.1800,1510300
2014-02-07,45.3100,46.5800,41.5000,43.1100,2453200
2014-01-31,41.7000,45.3650,36.4400,45.1200,4339000
2014-01-24,42.8400,43.3200,40.5100,41.1200,870700
2014-01-17,40.8900,44.0000,40.1400,42.4900,1567200
2014-01-10,37.1300,41.7000,34.7700,41.1400,1673800
2014-01-03,39.2400,39.5690,36.0200,36.8700,1114700
2013-12-27,37.0400,39.5900,36.7000,39.3700,805700
2013-12-20,32.1000,37.2400,31.0900,36.7500,1868700
2013-12-13,32.7200,33.3100,31.0700,32.0600,748600
2013-12-06,32.1400,32.8900,31.3700,32.8200,1318200
2013-11-29,32.0200,32.3600,31.3301,31.7800,639900
2013-11-22,30.7200,32.6690,30.0000,32.0700,1064000
2013-11-15,29.9900,30.9000,29.2910,30.7400,722400
2013-11-08,30.7300,30.9725,29.0800,29.9500,1491100
2013-11-01,25.1200,32.9000,25.1200,30.8700,2604200
2013-10-25,24.0600,25.1000,21.8310,25.0300,499300
2013-10-18,22.4200,24.9500,22.2200,24.0400,641600
2013-10-11,22.3100,23.1500,21.4100,22.5100,527200
2013-10-04,22.2200,22.5900,21.5400,22.4300,811900
2013-09-27,22.6300,23.2690,22.2010,22.4700,618000
2013-09-20,21.6200,23.3900,21.6200,22.7100,1114100
2013-09-13,21.4100,21.9000,21.1400,21.4100,548200
2013-09-06,20.6000,21.4900,20.2200,21.2800,710600
2013-08-30,20.0000,20.6200,19.6900,20.4600,1479000
2013-08-23,19.5300,20.0600,19.3600,19.9200,708800
2013-08-16,20.0200,20.2500,19.1900,19.5400,1065400
2013-08-09,19.4600,20.2500,19.0100,20.0200,1638400
2013-08-02,18.1000,20.0400,17.5300,19.5500,736100
2013-07-26,17.1000,18.5400,17.1000,18.1100,429200
2013-07-19,16.6300,17.2600,16.5600,17.1900,250000
2013-07-12,17.3500,17.5200,16.1600,16.6700,444700
2013-07-05,17.4000,17.6000,16.5700,17.3900,461700
2013-06-28,16.2000,17.6899,15.9200,17.4600,594300
2013-06-21,16.3000,17.0100,15.8700,16.4300,399600
2013-06-14,16.2400,16.6200,15.9200,16.2300,533600
2013-06-07,17.0000,17.3250,15.7150,16.2700,399700
2013-05-31,17.8000,17.8550,16.9300,17.0400,358400
2013-05-24,17.3300,17.9700,17.0300,17.5500,267100
2013-05-17,18.0000,18.2000,17.1950,17.4100,655100
2013-05-10,18.1300,18.2900,17.7500,18.0500,587200
2013-05-03,18.1500,18.8000,16.1200,18.3300,1113800
2013-04-26,18.4000,19.9600,18.0700,18.6200,250300
2013-04-19,18.3800,18.4700,17.5300,18.4100,529900
2013-04-12,18.4000,19.0900,18.3200,18.5400,341800
2013-04-05,18.4600,18.9440,18.2000,18.4900,403300
2013-03-28,18.0300,18.6400,17.5300,18.5100,320200
2013-03-22,17.7200,18.1900,17.6000,18.0600,244400
2013-03-15,19.1300,19.2900,17.8850,18.0000,523100
2013-03-08,17.5300,19.4900,17.3900,19.2100,1058600
2013-03-01,16.7900,17.7300,16.7600,17.5500,958400
2013-02-22,16.6500,16.8700,16.3800,16.7900,812400
2013-02-15,16.6400,17.2500,16.3800,16.7300,686800
2013-02-08,16.5100,16.9000,16.0600,16.6900,786300
2013-02-01,16.3600,16.8500,16.0400,16.6600,825700
2013-01-25,15.5600,16.4600,15.5300,16.3800,306900
2013-01-18,15.4100,15.8100,15.1800,15.6100,600900
2013-01-11,14.5800,15.6900,14.3700,15.5000,443400
2013-01-04,13.8600,14.9300,13.8500,14.6707,451900
2012-12-28,14.4400,14.7200,13.7000,13.9300,577100
2012-12-21,14.3500,14.9400,13.8800,14.5300,1061000
2012-12-14,13.6900,14.7600,13.6700,14.3700,1088800
2012-12-07,14.3300,14.4400,13.4300,13.6300,787600
2012-11-30,14.4600,14.6500,13.9700,14.2400,975100
2012-11-23,14.2200,14.5200,13.6500,14.4500,502900
2012-11-16,14.3600,14.5200,13.4300,14.1000,946600
2012-11-09,15.0400,15.5600,14.2750,14.3700,1597600
2012-11-02,15.2200,15.3300,14.8200,15.0100,441200
2012-10-26,15.1300,15.7200,15.0600,15.2500,667200
2012-10-19,15.1900,15.8700,15.1000,15.2100,699200
2012-10-12,16.7700,16.7700,15.0900,15.1900,925800
2012-10-05,17.0300,17.2300,16.7300,16.8000,686500
2012-09-28,16.0800,17.2300,16.0500,17.0000,1266600
2012-09-21,15.6200,16.2500,15.4000,16.0800,870100
2012-09-14,15.9800,16.0900,15.4900,15.6500,786200
2012-09-07,15.6200,16.1250,15.3600,16.0200,775500
2012-08-31,15.2500,15.8000,14.9400,15.6400,894700
2012-08-24,15.9500,16.2000,14.5800,15.1500,913500
2012-08-17,15.2900,16.1700,14.2900,16.0400,2064000
2012-08-10,13.1300,15.5700,13.1300,15.2800,1186300
2012-08-03,13.3500,13.5200,12.5500,13.0800,416300
2012-07-27,13.3800,13.6200,12.7600,13.3700,347500
2012-07-20,13.5800,14.1400,13.4100,13.5800,281200
2012-07-13,14.5300,14.7850,13.2200,13.6800,377500
2012-07-06,14.9600,15.4600,14.4400,14.6500,272200
2012-06-29,14.6900,15.2400,14.0100,15.0400,712600
2012-06-22,13.9000,15.4000,13.9000,14.9600,2487300
2012-06-15,12.8800,14.0800,12.5300,13.9800,1249100
2012-06-08,13.4700,13.5800,12.5400,12.8000,508500
2012-06-01,13.9500,14.4900,13.1078,13.5000,171700
2012-05-25,13.7000,14.5700,13.2400,13.9400,267000
2012-05-18,14.4300,14.5400,13.5500,13.7100,371200
2012-05-11,14.9900,15.6300,14.0100,14.6200,401400
2012-05-04,15.6600,15.8900,15.0000,15.0900,236000
2012-04-27,15.2200,15.9700,15.1100,15.7500,218700
2012-04-20,15.0900,15.8599,14.8500,15.4300,258000
2012-04-13,14.6500,15.4000,14.4000,15.0900,272600
2012-04-05,15.6200,16.2900,14.9000,15.0100,310800
2012-03-30,15.8600,16.1500,14.9100,15.7300,358000
2012-03-23,15.7800,16.5600,15.4900,15.7700,243600
2012-03-16,15.7300,16.8600,15.6100,15.8400,546400
2012-03-09,14.3700,16.3800,14.2000,15.8200,501600
2012-03-02,14.8600,15.0000,14.0000,14.4200,301300
2012-02-24,15.4100,15.4899,14.2100,14.9800,296500
2012-02-17,14.5500,15.8100,14.3900,15.4900,631200
2012-02-10,14.8900,15.1400,14.4000,14.5000,229800
2012-02-03,14.7100,15.0400,14.1500,14.9800,357600
2012-01-27,13.4300,15.4100,13.3700,14.8600,1223200
2012-01-20,12.6400,13.5300,12.2800,13.5200,314000
2012-01-13,12.9300,13.3200,12.5200,12.6200,336500
2012-01-06,13.3400,13.5000,12.5500,12.9400,199500
2011-12-30,13.3700,13.6000,13.0000,13.1600,183000
2011-12-23,13.1000,13.7000,12.7600,13.4400,336700
2011-12-16,12.2600,13.1350,12.0500,13.1100,557400
2011-12-09,13.7400,13.7400,12.0500,12.4500,670400
2011-12-02,13.7900,14.0000,13.3100,13.5800,1316000
2011-11-25,13.9200,14.0700,13.4000,13.5700,438400
2011-11-18,13.4200,14.4900,13.4200,14.1100,402200
2011-11-11,13.6300,14.2300,13.0100,14.0900,458300
2011-11-04,14.7900,14.7900,13.1000,13.6500,218100
2011-10-28,14.0000,14.9500,13.1700,14.3800,302000
2011-10-21,13.5700,14.1700,13.0700,13.9700,204200
2011-10-14,13.6400,14.5200,13.5800,14.2500,324000
2011-10-07,13.8900,15.0000,13.0600,13.5900,507600
2011-09-30,14.6000,14.8200,13.8600,13.9300,470000
2011-09-23,14.7000,15.0000,13.9900,14.5000,425800
2011-09-16,13.3200,15.0000,13.0300,14.9800,590900
2011-09-09,12.5300,13.4500,12.5100,13.4300,443100
2011-09-02,11.9600,13.7600,11.6400,12.9900,1116300
2011-08-26,12.4900,13.5900,11.7900,12.4700,333700
2011-08-19,14.0000,16.5300,11.8000,12.1500,284700
2011-08-12,16.5500,17.0600,13.0000,13.8700,566900
2011-08-05,17.0400,18.8700,16.1600,16.3200,372600
2011-07-29,19.7300,19.7300,16.4400,16.9600,493200
2011-07-22,18.0900,20.2000,17.6200,19.8000,246500
2011-07-15,18.7600,19.2600,17.8000,18.0900,337500
2011-07-08,16.8500,19.9600,14.7800,18.7600,289400
2011-07-01,15.1200,18.2400,15.1200,16.7900,373000
2011-06-24,14.0000,15.8400,13.5800,15.7400,565200
2011-06-17,13.9500,14.8860,13.8200,14.0000,491200
2011-06-10,14.4400,14.7500,13.5000,13.9900,255800
2011-06-03,14.7000,15.2400,13.6600,13.8000,247500
2011-05-27,14.1400,15.0500,13.7200,14.6200,666500
2011-05-20,15.7000,15.8200,14.1000,14.3050,283100
2011-05-13,15.9200,16.5600,15.3650,15.8000,323500
2011-05-06,16.8500,16.8500,15.4100,15.9100,150600
2011-04-29,15.7100,16.8500,15.0100,16.5500,345500
2011-04-21,15.1900,15.9000,15.0900,15.7700,122100
2011-04-15,15.0300,15.7800,15.0000,15.2200,124700
2011-04-08,14.7500,15.7700,14.2900,15.1200,254300
2011-04-01,14.9300,15.8730,14.2300,14.8100,918800
2011-03-25,16.2200,16.2200,14.1300,14.9700,189300
2011-03-18,14.8000,16.9700,14.0215,15.5900,282200
2011-03-11,14.0400,14.9500,13.6500,14.9000,356200
2011-03-04,14.4150,14.4150,13.7100,13.9900,177600
2011-02-25,14.2400,14.8500,13.1300,14.4000,320100
2011-02-18,14.7800,15.5000,14.0500,14.3900,549100
