timestamp,open,high,low,close,volume
2018-02-27,25.3000,26.6500,24.7600,25.8700,1673840
2018-02-23,23.0900,25.4000,23.0900,25.2600,3158148
2018-02-16,22.0400,25.0000,21.8500,23.1900,2558052
2018-02-09,21.3800,24.1065,20.6800,21.9200,3647288
2018-02-02,23.2700,24.2000,21.5000,21.6000,3342485
2018-01-26,23.4100,24.3800,22.8500,23.4000,3248968
2018-01-19,26.7100,26.9000,22.5512,23.4100,4119303
2018-01-12,25.8400,26.7300,25.0200,26.4500,2996570
2018-01-05,25.3200,26.5000,24.7500,25.2500,2587591
2017-12-29,25.0200,26.1900,24.9000,25.0400,2123006
2017-12-22,25.3700,25.6700,24.0100,25.1300,3794019
2017-12-15,25.6600,26.9300,24.1800,25.2200,8562193
2017-12-08,25.9200,26.8100,24.2200,25.4700,4964789
2017-12-01,27.4800,27.4900,23.8700,25.6600,7121096
2017-11-24,23.6100,26.3400,22.8200,26.3200,4618632
2017-11-17,23.9500,24.3400,21.6700,23.5700,4123004
2017-11-10,23.2700,24.4400,21.9500,23.9900,5359485
2017-11-03,21.8300,23.3000,21.6300,23.2500,6408631
2017-10-27,23.2200,23.7000,19.0600,21.6300,13627475
2017-10-20,25.7500,25.9800,22.9900,23.1500,10211294
2017-10-13,30.4900,30.5000,25.5000,25.5300,25433600
2017-10-06,24.9900,32.2500,24.9100,29.9300,14189064
2017-09-29,25.8400,26.0200,23.2800,24.1800,3029072
2017-09-22,24.4500,26.7100,24.4300,25.8100,2952037
2017-09-15,24.1000,24.2500,23.0000,24.1200,2545928
2017-09-08,24.0600,24.4794,22.6600,23.7600,2005339
2017-09-01,24.9000,25.9100,23.7700,24.1000,2262986
2017-08-25,22.1300,25.7800,21.9900,24.4800,2168883
2017-08-18,22.9800,23.0200,21.8300,22.1200,1208743
2017-08-11,22.3100,23.1100,21.0200,22.8300,1825902
2017-08-04,24.0800,24.2500,21.9100,22.2000,2104496
2017-07-28,23.7400,24.8600,23.2800,24.1000,1817559
2017-07-21,23.9000,24.3200,22.9200,23.8200,1855329
2017-07-14,21.8200,24.3500,20.9000,23.8000,3650796
2017-07-07,20.3400,22.7500,20.1500,21.8000,2741013
2017-06-30,20.8800,22.3300,19.6800,20.2200,4251939
2017-06-23,17.2100,20.8500,17.0700,20.5900,4470874
2017-06-16,17.1400,17.6400,16.5100,17.2000,3808078
2017-06-09,17.6100,17.7700,16.5900,17.0700,2110255
2017-06-02,18.2400,18.2400,16.7000,17.4800,1847767
2017-05-26,17.7400,19.9900,17.7400,18.2800,3362992
2017-05-19,19.4100,19.5300,16.7100,17.6200,3346058
2017-05-12,18.5500,19.6700,18.3600,19.3100,2195244
2017-05-05,20.5500,21.2000,18.2000,18.5700,4982172
2017-04-28,26.8200,26.9000,20.0900,20.4100,8173384
2017-04-21,28.2300,29.0000,26.1500,26.3700,1618014
2017-04-13,26.5600,28.0300,25.9400,27.9700,1227905
2017-04-07,26.9900,27.7500,25.5400,26.4200,2600645
2017-03-31,25.5700,29.4100,25.5700,26.9100,3522326
2017-03-24,20.2100,28.2000,19.0000,27.2700,11429997
2017-03-17,20.8400,21.0500,19.2500,20.2600,2305936
2017-03-10,21.1000,21.2600,20.0000,20.7300,1158367
2017-03-03,19.1700,21.5000,19.1500,21.2200,1585297
2017-02-24,19.4800,19.8100,18.7400,19.2700,859378
2017-02-17,18.6500,19.7400,18.1000,19.2300,1155887
2017-02-10,19.9500,20.4000,18.1800,18.4800,1257126
2017-02-03,19.0500,20.0500,18.3100,20.0100,801479
2017-01-27,18.3600,19.2600,17.9100,19.2100,836211
2017-01-20,19.0200,19.1150,18.1000,18.4400,796334
2017-01-13,19.8000,20.1184,18.0200,19.1900,1276295
2017-01-06,19.3500,19.8850,18.6400,19.6100,1145033
2016-12-30,20.8000,21.1599,18.6550,19.0200,1115468
2016-12-23,19.3200,20.9400,18.1500,20.7100,2065159
2016-12-16,19.5500,20.2400,18.1700,19.4200,2486898
2016-12-09,17.7000,20.2500,17.4700,19.5500,2101550
2016-12-02,18.3400,18.4499,15.9600,17.5200,2210687
2016-11-25,18.2900,18.8867,17.6144,18.3300,1588843
2016-11-18,21.8300,22.3020,17.9000,18.2100,5152459
2016-11-11,17.9200,23.5700,15.9300,21.6300,2465611
2016-11-04,19.1300,20.6480,16.7500,17.4000,1113786
2016-10-28,20.8400,20.8400,18.7599,19.0400,609319
2016-10-21,18.6200,20.9300,18.4000,20.5300,1506071
2016-10-14,20.1600,20.6000,18.0700,18.6600,1342156
2016-10-07,19.4300,21.1900,19.0700,19.9900,1030347
2016-09-30,17.8000,19.6300,17.3050,19.5400,1390242
2016-09-23,17.3100,18.2500,16.6000,18.0200,1063731
2016-09-16,15.7200,17.4500,15.4400,17.2900,1361549
2016-09-09,16.9800,17.3300,15.7800,15.8200,963950
2016-09-02,17.0500,17.0500,16.4600,16.8300,863925
2016-08-26,17.9200,18.3750,16.2500,16.9700,1230628
2016-08-19,17.5600,18.2600,17.2000,17.8000,829098
2016-08-12,17.6500,18.1447,16.8100,17.5000,1292493
2016-08-05,16.6400,19.0500,15.9700,17.5500,1492125
2016-07-29,16.9300,17.1800,15.6900,16.5600,1997786
2016-07-22,15.5900,17.2400,15.1000,16.8500,1328091
2016-07-15,16.3600,16.7200,15.0000,15.6100,939361
2016-07-08,15.2400,17.0299,15.0500,16.2500,1528426
2016-07-01,13.8200,15.8100,13.2000,15.4000,2358791
2016-06-24,13.6500,15.0000,13.2800,13.9300,2491944
2016-06-17,14.1000,14.3450,13.1000,13.2800,1820035
2016-06-10,16.0700,17.1500,13.8000,13.8300,5171119
2016-06-03,15.6600,17.8699,15.3900,16.1200,2195348
2016-05-27,10.4900,17.3500,10.2400,15.5300,4013198
2016-05-20,8.8300,10.9099,8.7650,10.4900,860210
2016-05-13,9.8200,10.3500,8.1600,8.7500,772419
2016-05-06,10.4200,11.3900,9.6400,9.7500,813727
2016-04-29,12.8200,12.8200,10.1800,10.4000,766028
2016-04-22,12.8000,13.6400,12.3000,12.7600,715974
2016-04-15,11.8700,12.9700,11.4900,12.8500,910099
2016-04-08,9.6500,12.9000,9.5800,11.7600,1888166
2016-04-01,8.8700,9.5600,8.1550,9.4200,753737
2016-03-24,8.4400,9.3850,8.2800,8.8100,935395
2016-03-18,8.9200,9.8200,7.5600,8.4700,1271789
2016-03-11,9.7200,11.0410,8.2300,8.9700,1681315
2016-03-04,9.8400,10.4500,9.2500,9.7400,1475783
2016-02-26,10.9300,11.2400,9.5400,9.7500,2043790
2016-02-19,10.7800,13.4800,10.5200,10.9100,6795125
2016-02-12,13.0300,13.0300,10.4600,10.6000,1462435
2016-02-05,15.3600,16.4300,13.1500,13.2000,630159
2016-01-29,15.6100,17.4400,14.4000,15.4800,463748
2016-01-22,15.8800,16.5500,14.3800,15.7000,491611
2016-01-15,15.5400,16.6600,14.5300,15.6100,692455
2016-01-08,18.9600,19.4200,14.9500,15.4100,633188
2015-12-31,19.2800,20.1375,18.6400,19.2700,509978
2015-12-24,19.1400,20.2900,18.7100,19.4300,555625
2015-12-18,19.7100,21.7100,18.9900,19.0300,1941988
2015-12-11,19.1500,20.0000,18.2000,19.7700,702949
2015-12-04,19.4700,20.0300,18.5800,19.2400,694829
2015-11-27,16.9200,19.5600,16.4900,19.4500,524956
2015-11-20,16.9400,17.9000,16.3300,16.9700,509742
2015-11-13,17.6600,18.3100,16.2001,17.0600,663661
2015-11-06,16.6800,18.7800,16.5500,17.4700,1123772
2015-10-30,15.3800,18.0000,15.2000,16.4800,778489
2015-10-23,15.2500,16.4300,13.7900,15.5100,1205946
2015-10-16,15.3300,15.8100,13.4300,15.1000,656031
2015-10-09,14.5000,15.4900,13.3700,15.1900,1264371
2015-10-02,18.8200,19.0900,13.0800,14.5000,2079209
2015-09-25,25.4800,25.8800,18.4700,19.0100,1964517
2015-09-18,23.2900,26.1000,22.1320,24.9900,1611741
2015-09-11,27.6400,29.0900,19.6800,23.4200,3615827
2015-09-04,25.2100,28.1600,23.0220,27.2900,792964
2015-08-28,23.3000,25.6100,22.3800,25.2900,548341
2015-08-21,22.8800,25.1900,22.4100,24.3900,633591
2015-08-14,23.5300,25.0880,21.4500,23.1000,525595
2015-08-07,23.5400,24.6200,21.5800,23.1100,683764
2015-07-31,23.2700,23.8500,20.6500,23.4000,868480
2015-07-24,25.6000,26.1200,23.4510,23.5000,699778
2015-07-17,23.9600,26.9900,23.8600,25.5500,1797776
2015-07-10,21.0800,24.4700,20.6700,23.7400,493728
2015-07-02,21.6100,22.9000,20.7100,21.1900,424843
2015-06-26,20.4400,22.4800,19.7401,21.6000,1670625
2015-06-19,22.5500,23.3080,19.7000,20.2100,769792
2015-06-12,18.8600,23.6300,18.8600,22.0600,688907
2015-06-05,20.0300,20.4200,17.7800,19.0000,536903
2015-05-29,19.1500,20.0300,17.9740,19.9100,218905
2015-05-22,18.4300,19.9100,18.0000,19.1800,193827
2015-05-15,18.8600,19.2768,17.5700,18.4500,659640
2015-05-08,16.7200,20.2800,16.7100,18.9000,640172
2015-05-01,18.9100,18.9100,15.5000,16.6100,482657
2015-04-24,19.3000,19.9599,17.8100,18.5200,300728
2015-04-17,23.0000,23.0000,19.0201,19.2300,481346
2015-04-10,22.8600,23.7000,22.1100,23.0300,450000
2015-04-02,22.5700,23.8600,21.9000,23.0600,357921
2015-03-27,28.0000,29.0000,21.8900,22.3800,513577
2015-03-20,25.8600,30.3700,24.6300,28.3200,713892
2015-03-13,24.0700,26.4000,23.8400,25.8600,272170
2015-03-06,22.5900,26.4300,22.3000,24.1100,222126
2015-02-27,22.3900,23.7200,22.0300,22.8100,409090
2015-02-20,21.5800,23.3000,21.5800,22.5000,168499
2015-02-13,20.6900,21.9900,20.1800,21.2900,887349
2015-02-06,20.5600,22.1800,19.0803,21.1500,431092
2015-01-30,22.2200,23.6100,20.5100,20.5900,230606
2015-01-23,22.4600,23.7900,21.2300,21.7800,290619
2015-01-16,23.2300,24.4800,21.7100,22.5200,402888
2015-01-09,20.0401,24.0300,20.0400,23.0000,738059
2015-01-02,20.5000,21.6300,18.8700,20.2200,345492
2014-12-26,21.3900,21.7650,19.0200,20.6200,150161
2014-12-19,18.9000,23.6400,18.4201,21.2600,629947
2014-12-12,17.1200,19.3400,14.9500,18.9100,1827030
2014-12-05,17.2200,17.7200,15.4400,17.2800,361562
2014-11-28,17.7000,18.1500,16.7600,17.1500,51609
2014-11-21,18.7500,19.1100,16.5800,16.6800,181718
2014-11-14,19.4100,20.0000,17.9910,18.7800,121966
2014-11-07,19.4000,20.2500,18.7200,18.9400,78219
2014-10-31,18.1400,20.5000,18.0600,19.5900,108140
2014-10-24,16.2600,18.9000,15.5800,18.6100,142007
2014-10-17,15.0500,17.1400,14.5000,16.3000,85944
2014-10-10,17.4500,17.4500,14.6400,14.9300,117352
2014-10-03,17.2100,19.1500,16.7000,17.2600,199695
2014-09-26,17.6800,17.8500,16.3700,17.3400,171412
2014-09-19,20.1300,20.6500,15.4000,17.8900,258300
2014-09-12,14.0900,21.2300,14.0900,19.9900,524300
2014-09-05,13.7600,15.0900,12.4100,14.0600,166200
2014-08-29,12.9500,13.9700,12.5200,13.7200,115500
2014-08-22,13.7500,14.8300,12.7100,12.8900,114800
2014-08-15,13.0000,15.4800,12.6300,13.5400,127700
2014-08-08,12.0200,12.9800,11.7100,12.9500,179400
2014-08-01,12.5000,13.2300,11.9300,12.1000,206600
2014-07-25,12.1800,13.2880,12.0700,12.3900,180500
2014-07-18,13.5900,13.9600,11.9200,12.3000,132400
2014-07-11,14.3800,14.3800,13.0000,13.6200,92900
2014-07-03,13.7800,14.5750,13.2480,14.3700,78500
2014-06-27,13.9700,14.5000,12.7900,13.7600,173300
2014-06-20,13.0987,16.5500,12.7600,13.8800,509200
2014-06-13,12.4500,12.9900,12.3400,12.9500,77500
2014-06-06,12.8300,12.8300,12.3100,12.4500,153400
2014-05-30,12.7500,13.0600,12.4201,12.7400,140500
2014-05-23,13.0000,13.0000,12.3200,12.6600,162900
2014-05-16,12.2700,13.4000,12.2700,12.6000,199700
2014-05-09,11.7700,13.4300,11.6000,12.2400,274700
2014-05-02,13.0900,15.0000,11.0600,11.8800,170000
2014-04-25,14.7000,15.1400,12.9000,13.1000,142600
2014-04-17,15.2500,16.5599,14.1400,14.5300,204700
2014-04-11,17.8200,18.2300,14.8910,15.1500,294500
2014-04-04,15.9100,18.1900,15.0100,17.9400,940500
2014-03-28,18.8900,19.5000,14.5500,15.8100,762500
2014-03-21,18.6500,20.0400,17.7000,18.5900,281900
2014-03-14,19.2700,20.5000,17.5100,18.5100,509700
2014-03-07,18.4001,20.8500,16.3600,19.2600,650700
2014-02-28,15.6600,19.7500,14.7900,18.4000,325600
2014-02-21,15.1500,15.4800,14.5500,15.4300,514900
