timestamp,open,high,low,close,volume
2018-02-27,15.6000,15.6500,15.6000,15.6000,487021
2018-02-23,15.5500,15.8000,15.5500,15.6000,3257682
2018-02-16,12.4500,12.8500,12.0750,12.5500,168668
2018-02-09,12.9340,13.1000,11.9500,12.4000,345560
2018-02-02,13.7500,13.7500,12.6000,12.9000,340117
2018-01-26,13.7500,14.1000,13.6000,13.8500,177918
2018-01-19,13.7500,13.8000,13.2000,13.7500,190640
2018-01-12,12.7000,13.9250,12.7000,13.7000,490027
2018-01-05,11.6000,12.5500,11.6000,12.3500,178061
2017-12-29,11.7500,12.3250,11.5500,11.6000,297631
2017-12-22,11.7500,12.7000,11.5000,11.8000,390953
2017-12-15,11.6500,12.5500,11.5500,11.6000,558417
2017-12-08,11.5000,11.8500,11.3961,11.6500,302363
2017-12-01,11.2000,11.9000,10.9500,11.3500,468113
2017-11-24,11.3500,11.6500,11.1000,11.2500,206625
2017-11-17,10.7000,11.5000,10.5500,11.4000,406095
2017-11-10,10.8500,11.3000,10.3000,10.7500,624686
2017-11-03,10.9500,11.1000,10.7000,10.8500,429058
2017-10-27,11.0500,11.9500,10.8500,11.0000,516325
2017-10-20,12.1500,12.2000,10.9000,11.0750,720601
2017-10-13,12.3500,12.7000,12.0000,12.1000,479393
2017-10-06,12.5000,12.5500,12.1000,12.4000,356597
2017-09-29,12.3050,12.6500,12.2500,12.4000,369959
2017-09-22,12.4590,12.5750,12.1000,12.4000,334735
2017-09-15,12.5500,12.8000,12.3500,12.4000,330713
2017-09-08,12.7000,12.9500,12.2500,12.4500,314489
2017-09-01,12.8000,12.8000,12.5500,12.7500,335035
2017-08-25,13.1000,13.1000,12.6500,12.8000,190159
2017-08-18,12.9000,13.4000,12.6750,13.0000,664700
2017-08-11,13.3500,13.8500,12.4500,12.9000,699367
2017-08-04,13.6000,13.6500,13.2250,13.3500,319657
2017-07-28,13.3000,13.9500,13.2490,13.6000,337983
2017-07-21,13.4000,13.6000,13.2500,13.3500,495762
2017-07-14,13.6500,13.7000,13.1500,13.4500,344880
2017-07-07,13.9000,13.9500,13.4000,13.7500,278412
2017-06-30,13.8000,14.0000,13.6500,13.9000,393700
2017-06-23,13.9000,13.9250,13.4750,13.8000,761058
2017-06-16,13.8000,14.0000,13.6500,13.9000,465381
2017-06-09,13.9000,14.0500,13.6910,13.8500,550337
2017-06-02,14.0000,14.0880,13.6000,13.9500,345208
2017-05-26,13.7500,14.2000,13.4500,13.9500,1162358
2017-05-19,13.9500,14.1500,13.2500,13.9000,1239254
2017-05-12,16.9500,17.0000,13.6000,13.7000,2954240
2017-05-05,17.0000,17.0500,16.3000,16.9000,117853
2017-04-28,16.2500,17.0000,16.1500,16.9500,123461
2017-04-21,15.5000,16.2500,15.2260,16.0500,81514
2017-04-13,15.7500,15.9500,15.1000,15.3500,51838
2017-04-07,16.2500,16.6000,15.7500,16.0000,116605
2017-03-31,15.5000,16.3500,15.3750,16.2500,130770
2017-03-24,15.0000,15.7280,14.8000,15.5500,127118
2017-03-17,13.9500,15.2500,13.2500,15.0000,398065
2017-03-10,13.7500,14.1000,13.1000,14.0500,122901
2017-03-03,13.9000,14.2000,13.5500,13.7500,141308
2017-02-24,14.4000,14.5500,13.6500,13.9000,65032
2017-02-17,14.4500,14.4500,13.8000,14.3500,83000
2017-02-10,13.6000,14.3000,13.4500,14.3000,180447
2017-02-03,14.0000,14.1500,13.5500,13.7500,116834
2017-01-27,14.2000,14.7000,13.9000,14.0500,109546
2017-01-20,14.2500,14.5000,14.1000,14.1000,101944
2017-01-13,14.4000,14.4000,13.9500,14.2500,94588
2017-01-06,14.5000,14.8500,14.2500,14.4000,88245
2016-12-30,14.4000,14.7500,14.1500,14.3500,104988
2016-12-23,14.8000,14.9000,14.0500,14.4500,186138
2016-12-16,14.4000,14.9500,13.9501,14.8000,346956
2016-12-09,14.0000,14.4500,13.8000,14.3500,276608
2016-12-02,14.0500,14.1000,13.6000,13.8500,138989
2016-11-25,14.0500,14.2000,13.5500,14.1500,90033
2016-11-18,13.6500,14.1000,13.4500,14.0000,256145
2016-11-11,11.0500,13.5000,11.0500,13.5000,336064
2016-11-04,11.7500,11.9500,10.7000,11.0500,194038
2016-10-28,11.5000,11.8000,11.2500,11.7500,168189
2016-10-21,11.4500,11.8000,11.2000,11.5500,120158
2016-10-14,10.7600,11.5000,10.7600,11.4500,325399
2016-10-07,10.5200,11.1700,10.5000,10.7000,571169
2016-09-30,11.5900,11.5900,10.5100,10.5700,513832
2016-09-23,11.7700,11.8350,11.3000,11.5500,429011
2016-09-16,12.0500,12.2400,11.6900,11.7300,241620
2016-09-09,12.4100,12.5600,12.1200,12.1200,169617
2016-09-02,12.4500,12.6000,12.1600,12.3300,262170
2016-08-26,12.5600,12.9500,12.4500,12.4800,226690
2016-08-19,12.8045,13.0700,12.5500,12.6200,220435
2016-08-12,13.9200,14.1600,12.5300,12.8200,292957
2016-08-05,13.6900,14.1000,13.3300,13.9000,115949
2016-07-29,13.8800,14.0199,13.6000,13.6300,127250
2016-07-22,13.9400,14.1799,13.6500,14.0000,90218
2016-07-15,13.3600,13.9900,13.3400,13.9000,243160
2016-07-08,13.1500,13.4700,12.8800,13.3600,133744
2016-07-01,13.0000,13.5500,12.6500,13.1800,220713
2016-06-24,12.4200,13.2500,12.0300,13.0500,596614
2016-06-17,12.8300,12.9833,12.0000,12.2400,411484
2016-06-10,13.5300,13.7600,12.7700,12.9900,241047
2016-06-03,13.5200,13.9300,13.2500,13.5300,144492
2016-05-27,13.8100,14.1500,13.0200,13.5700,219746
2016-05-20,15.6000,15.7600,13.7300,13.7400,302715
2016-05-13,16.9700,17.1900,15.0300,15.5600,560389
2016-05-06,16.6900,17.0900,16.4900,16.8400,127144
2016-04-29,17.0300,17.4300,16.2800,16.6900,187133
2016-04-22,17.1900,17.8900,17.0900,17.2000,271790
2016-04-15,16.2200,17.2800,16.0700,17.2100,192810
2016-04-08,16.0700,16.7300,15.6218,16.0500,334156
2016-04-01,15.5200,16.2600,15.0700,16.2200,293170
2016-03-24,16.2500,16.2900,14.9400,15.2500,113071
2016-03-18,16.0100,16.4989,14.3600,16.2500,555134
2016-03-11,16.0800,16.5350,15.2600,16.1900,253902
2016-03-04,15.9400,16.9500,15.6128,16.1200,355338
2016-02-26,15.6700,16.0400,15.1001,16.0000,354362
2016-02-19,14.4900,15.4100,14.2200,15.4000,140944
2016-02-12,14.6400,14.7600,13.4000,14.2400,206528
2016-02-05,14.0800,15.9500,13.8200,14.9100,364292
2016-01-29,14.8300,14.9500,14.0900,14.2400,272502
2016-01-22,14.7800,14.9700,13.7900,14.9000,274503
2016-01-15,13.8500,14.9000,13.5500,14.7000,552483
2016-01-08,15.0000,15.2000,13.8100,13.8600,408307
2015-12-31,14.4200,15.6500,14.4200,15.1600,301706
2015-12-24,15.5000,15.6150,14.3200,14.4300,440815
2015-12-18,14.2800,15.6900,14.2800,15.2900,718748
2015-12-11,16.2000,16.2000,14.2800,14.3600,448766
2015-12-04,16.7500,16.8400,15.7150,16.2000,312376
2015-11-27,15.7300,16.9704,15.6200,16.8300,213663
2015-11-20,15.5100,15.9800,14.9800,15.8000,654276
2015-11-13,15.5900,15.7600,14.6400,15.4400,572942
2015-11-06,15.1300,17.2000,14.8700,15.6300,1301526
2015-10-30,15.4300,15.6800,14.1150,15.1000,1252608
2015-10-23,15.4900,15.8180,14.7800,15.5000,1213972
2015-10-16,15.9700,15.9800,15.0700,15.5100,878299
2015-10-09,15.5300,16.4700,15.0100,15.8700,1136680
2015-10-02,16.2800,16.4900,15.1100,15.4500,1687495
2015-09-25,18.5000,18.7300,15.8600,16.3100,1186069
2015-09-18,18.9200,19.9000,17.8900,18.1900,1254809
2015-09-11,19.2200,19.4700,18.3550,18.9400,460181
2015-09-04,19.4500,19.8850,18.4500,19.0200,758173
2015-08-28,17.8300,19.2300,17.1800,19.2300,663908
2015-08-21,19.1500,20.4600,18.3200,18.8400,1173798
2015-08-14,18.8700,20.6380,18.8600,19.2500,1272827
2015-08-07,20.2200,20.2600,18.9000,18.9800,706122
2015-07-31,19.9200,20.8000,19.7500,20.1300,552907
2015-07-24,21.6000,21.6000,19.6050,20.0700,1002501
2015-07-17,22.9400,23.4599,20.2000,21.5600,1679278
2015-07-10,23.7500,23.8200,21.8000,22.7400,1041016
2015-07-02,21.7700,23.9400,21.0000,23.8200,860362
2015-06-26,27.1900,27.1900,21.8500,22.6800,3632713
