timestamp,open,high,low,close,volume
2018-02-27,2.9490,3.0100,2.9490,3.0000,7440
2018-02-23,3.0100,3.0100,2.7100,3.0000,13215
2018-02-16,3.5175,3.6800,2.9000,3.0000,97680
2018-02-09,3.5000,3.8327,3.5000,3.8100,10744
2018-02-02,3.8600,3.9500,3.5000,3.7000,6663
2018-01-26,3.9500,4.0000,3.6460,3.9900,36375
2018-01-19,4.5600,4.7150,3.8500,3.9500,40837
2018-01-12,4.2000,4.7900,4.1000,4.5200,48032
2018-01-05,3.9900,4.2500,3.8800,4.1100,15754
2017-12-29,3.9000,4.0581,3.8000,3.8000,31211
2017-12-22,3.8600,4.1040,3.8000,4.0600,26256
2017-12-15,3.9400,4.1000,3.7900,4.0500,10159
2017-12-08,3.6000,4.1612,3.5400,3.9400,35300
2017-12-01,3.6300,3.8600,3.2050,3.6700,45376
2017-11-24,3.7500,4.2000,3.6100,3.7000,45088
2017-11-17,4.1500,4.2300,3.6100,3.9000,68405
2017-11-10,4.2100,4.2300,3.7500,4.1200,9925
2017-11-03,4.2100,4.2900,4.0900,4.2100,7792
2017-10-27,4.2800,4.3600,4.0500,4.2100,12675
2017-10-20,4.7000,4.7000,4.1800,4.2800,23312
2017-10-13,4.8300,4.9900,4.1600,4.7000,33384
2017-10-06,5.2400,5.5500,4.7200,5.0000,19705
2017-09-29,5.1500,5.4400,4.9600,5.4400,14430
2017-09-22,5.0200,5.5900,4.6400,5.1000,34100
2017-09-15,5.5900,6.5600,4.9700,4.9700,94471
2017-09-08,4.3300,5.9900,4.3200,5.5500,71126
2017-09-01,4.1500,4.5700,4.1500,4.3000,18605
2017-08-25,4.0200,4.1500,3.7500,4.1500,26965
2017-08-18,3.8200,4.1000,3.7200,4.0500,19881
2017-08-11,4.0200,4.1600,3.1000,3.8100,46255
2017-08-04,4.1500,4.3000,4.0000,4.1500,32210
2017-07-28,4.2600,4.3000,4.0500,4.2200,13217
2017-07-21,4.1300,4.3000,4.0100,4.3000,20307
2017-07-14,4.1400,4.5000,4.1200,4.1600,12389
2017-07-07,4.4000,4.4400,4.0200,4.1900,14017
2017-06-30,4.1700,4.5800,4.0800,4.4000,66547
2017-06-23,4.2000,4.2000,4.0300,4.1400,2928
2017-06-16,4.0000,4.2000,4.0000,4.2000,1640
2017-06-09,4.2400,4.2400,4.0300,4.1600,29338
2017-06-02,4.2100,4.4500,4.1500,4.1900,18139
2017-05-26,4.3700,4.4500,3.9000,4.1500,18056
2017-05-19,4.0500,4.2800,3.9500,3.9500,3572
2017-05-12,4.0300,4.2600,4.0100,4.0200,9750
2017-05-05,4.6000,4.6900,4.0100,4.0300,13720
2017-04-28,4.1500,4.5500,3.6600,4.5500,28761
2017-04-21,4.7000,4.7400,4.0000,4.2800,29033
2017-04-13,4.6000,4.7000,4.5000,4.7000,11749
2017-04-07,4.8000,4.8000,4.2500,4.6000,26267
2017-03-31,4.2600,4.8900,4.2600,4.8000,2012
2017-03-24,4.2500,4.8000,4.2500,4.7000,1390
2017-03-17,5.0500,5.0500,4.5000,4.8500,1411
2017-03-10,5.0000,5.0500,4.8000,5.0500,2811
2017-03-03,5.0000,5.0000,5.0000,5.0000,1208
2017-02-24,4.4600,5.0400,4.4600,5.0000,1365
2017-02-17,4.7800,5.0000,4.4200,4.7200,3396
2017-02-10,4.2400,5.3000,4.2400,4.5000,9419
2017-02-03,5.4990,5.4990,4.9000,5.3000,6893
2017-01-27,5.5730,6.0000,4.7700,4.8000,8417
2017-01-20,5.5100,6.0000,5.5000,5.5000,5142
2017-01-13,5.7794,5.8248,5.5000,5.6150,2824
2017-01-06,6.0000,6.0000,5.8970,5.8992,1795
2016-12-30,5.6200,6.0000,5.6200,6.0000,1349
2016-12-23,5.7700,5.9000,5.6200,5.6200,1038
2016-12-16,5.8300,6.0000,4.9000,5.3900,3083
2016-12-09,6.5000,6.5000,4.8200,5.9500,4047
2016-12-02,6.5000,6.6000,6.5000,6.5000,4822
2016-11-25,6.3189,6.7500,5.1900,6.4701,8985
2016-11-18,6.1500,6.4500,5.0000,6.4000,12258
2016-11-11,6.4900,6.7500,6.4000,6.4000,4526
2016-11-04,5.9900,8.0000,5.4400,6.5000,4354
2016-10-28,0.6000,6.2000,0.5977,5.4500,21702
2016-10-21,0.5700,0.6000,0.5550,0.6000,59333
2016-10-14,0.6000,0.6000,0.4810,0.5700,24030
2016-10-07,0.6000,0.6000,0.4800,0.5500,26886
2016-09-30,0.5000,0.5200,0.4700,0.5200,171829
2016-09-23,0.5000,0.5000,0.4600,0.4900,32640
2016-09-16,0.5100,0.5200,0.4911,0.5000,29916
2016-09-09,0.5000,0.5200,0.5000,0.5200,200
2016-09-02,0.5000,0.5300,0.5000,0.5000,34225
2016-08-26,0.5000,0.5300,0.5000,0.5000,85196
2016-08-19,0.5000,0.5000,0.5000,0.5000,14355
2016-08-12,0.5000,0.5000,0.5000,0.5000,7120
2016-08-05,0.5300,0.5300,0.5003,0.5300,2000
2016-07-29,0.4951,0.5400,0.4900,0.5350,108600
2016-07-22,0.5500,0.5500,0.4600,0.5000,98475
2016-07-15,0.5454,0.5500,0.5000,0.5499,40770
2016-07-08,0.5000,0.5500,0.5000,0.5500,30500
2016-07-01,0.5500,0.6000,0.4500,0.5500,131768
2016-06-24,0.5531,0.5790,0.5500,0.5500,6200
2016-06-17,0.4700,0.5500,0.3600,0.5500,182068
2016-06-10,0.4700,0.4900,0.4700,0.4900,1007
2016-06-03,0.4700,0.4700,0.4540,0.4700,2000
2016-05-27,0.4800,0.4800,0.4600,0.4600,10000
2016-05-20,0.4900,0.4900,0.4800,0.4800,24440
2016-05-13,0.4900,0.4900,0.4900,0.4900,1000
2016-05-06,0.4900,0.4900,0.3000,0.4900,7550
2016-04-29,0.5000,0.5000,0.4900,0.4900,43880
2016-04-22,0.5000,0.5000,0.4800,0.4800,78045
2016-04-15,0.5000,0.5000,0.5000,0.5000,10000
2016-04-08,0.5000,0.5000,0.5000,0.5000,3060
2016-04-01,0.5000,0.5500,0.4997,0.4997,26392
2016-03-24,0.5000,0.5000,0.4500,0.5000,20400
2016-03-18,0.4900,0.5000,0.2500,0.5000,18529
2016-03-11,0.5000,0.5000,0.5000,0.5000,1850
2016-03-04,0.5500,0.5500,0.4000,0.5000,48303
2016-02-26,0.5500,0.5800,0.4976,0.5500,268132
2016-02-19,0.5900,0.6000,0.4500,0.6000,56380
2016-02-12,0.5900,0.5900,0.5900,0.5900,0
2016-02-05,0.5700,0.5999,0.5000,0.5900,26159
2016-01-29,0.6400,0.6800,0.5600,0.6700,74350
2016-01-22,0.5000,0.6600,0.3000,0.6400,21250
2016-01-15,0.5000,0.6800,0.3000,0.6500,8851
2016-01-08,0.6600,0.6600,0.6599,0.6600,15587
2015-12-31,0.5000,0.6000,0.4396,0.6000,143487
2015-12-24,0.5000,0.5000,0.5000,0.5000,2200
2015-12-18,0.6000,0.6000,0.4000,0.5000,56131
2015-12-11,0.5000,0.6000,0.4710,0.6000,2991
2015-12-04,0.5000,0.5000,0.5000,0.5000,45456
2015-11-27,0.5000,0.5000,0.4900,0.4900,25400
2015-11-20,0.5000,0.5000,0.4999,0.5000,41500
2015-11-13,0.4800,0.5000,0.4800,0.5000,28100
2015-11-06,0.5100,0.5100,0.4800,0.4800,31965
2015-10-30,0.5000,0.6000,0.5000,0.6000,72518
2015-10-23,0.5000,0.5000,0.4900,0.5000,28501
2015-10-16,0.5000,0.5100,0.5000,0.5000,600
2015-10-09,0.5100,0.5100,0.4701,0.5000,18650
2015-10-02,0.4700,0.4700,0.4700,0.4700,1881
2015-09-25,0.4700,0.4700,0.4700,0.4700,8285
2015-09-18,0.5100,0.5400,0.4500,0.4700,65505
2015-09-11,0.6000,0.6000,0.4500,0.5100,40900
2015-09-04,0.5100,0.6000,0.3000,0.6000,68070
2015-08-28,0.6000,0.6000,0.5100,0.5100,11600
2015-08-21,0.6500,0.6500,0.5900,0.6000,2000
2015-08-14,0.6500,0.6500,0.6300,0.6500,12399
2015-08-07,0.6500,0.6500,0.6500,0.6500,2000
2015-07-31,0.6400,0.7000,0.6000,0.6500,82079
2015-07-24,0.6500,0.6500,0.6500,0.6500,3000
2015-07-17,0.6300,0.6500,0.6000,0.6500,16671
2015-07-10,0.6700,0.6700,0.6500,0.6700,4337
2015-07-02,0.6900,0.7000,0.6900,0.7000,11650
2015-06-26,0.6500,0.6900,0.6500,0.6900,20100
2015-06-19,0.6500,0.6500,0.6500,0.6500,10320
2015-06-12,0.7200,0.7200,0.7000,0.7000,3000
2015-06-05,0.7000,0.7200,0.6500,0.7200,18799
2015-05-29,0.7499,0.7499,0.7000,0.7050,110850
2015-05-22,0.7500,0.7500,0.6200,0.7500,33659
2015-05-15,0.7999,0.7999,0.7500,0.7500,12266
2015-05-08,0.8000,0.8000,0.7200,0.7999,9784
2015-05-01,0.7500,0.9000,0.7000,0.8000,52907
2015-04-24,0.8000,0.9000,0.6500,0.7500,53404
2015-04-17,0.9000,0.9000,0.7600,0.8600,32903
2015-04-10,0.9300,0.9300,0.8500,0.8500,4055
2015-04-02,0.9000,0.9600,0.6000,0.9300,23100
2015-03-27,0.9500,0.9500,0.8600,0.9000,68622
2015-03-20,0.9600,0.9600,0.9500,0.9500,300
2015-03-13,0.9500,1.0000,0.9500,0.9600,12254
2015-03-06,0.9000,1.0000,0.9000,0.9500,6010
2015-02-27,0.9000,0.9000,0.9000,0.9000,4538
2015-02-20,0.9000,0.9000,0.9000,0.9000,2986
2015-02-13,0.9500,0.9500,0.9000,0.9400,600
2015-02-06,0.9500,1.0000,0.7000,0.9500,13298
2015-01-30,0.7400,0.9500,0.7400,0.9500,5000
2015-01-23,0.8000,0.8000,0.7400,0.7400,1121
2015-01-16,0.8000,0.8000,0.5500,0.5500,101187
2015-01-09,1.0000,1.0000,0.8000,0.8000,6685
2015-01-02,0.4010,1.0000,0.4010,1.0000,63789
2014-12-26,0.6700,0.6700,0.6500,0.6500,19000
2014-12-19,0.7000,0.7000,0.6700,0.6700,20000
2014-12-12,0.6900,0.7000,0.6900,0.7000,11832
2014-12-05,0.7900,0.7900,0.6920,0.6930,30187
2014-11-28,0.7500,0.7900,0.6900,0.7900,53160
2014-11-21,0.7500,0.7500,0.7500,0.7500,0
2014-11-14,0.6800,0.7500,0.6800,0.7500,4142
2014-11-07,0.7000,0.7000,0.6800,0.6800,950
2014-10-31,0.6400,0.7000,0.6400,0.7000,8090
2014-10-24,0.6510,0.6900,0.6510,0.6900,29600
2014-10-17,0.7100,0.7100,0.6500,0.6500,6950
2014-10-10,0.6301,0.7390,0.6300,0.6950,20534
2014-10-03,0.6951,0.7500,0.6899,0.6900,30242
2014-09-26,0.8200,0.8200,0.7504,0.7505,18600
2014-09-19,0.8300,0.8300,0.7001,0.8200,86386
2014-09-12,0.8300,0.8300,0.8300,0.8300,8000
2014-09-05,0.8300,0.8300,0.8300,0.8300,6350
2014-08-29,0.8500,0.8500,0.8300,0.8300,11600
2014-08-22,0.8000,0.8300,0.7900,0.8300,3901
2014-08-15,0.7899,0.7899,0.7300,0.7300,1200
2014-08-08,0.7200,0.8900,0.6950,0.7899,31700
2014-08-01,0.7100,0.7600,0.6900,0.7400,40770
2014-07-25,0.7500,0.9000,0.7000,0.8900,5385
2014-07-18,0.7500,0.7500,0.7500,0.7500,0
2014-07-11,0.7500,0.7700,0.7500,0.7500,18208
2014-07-03,0.7500,0.7500,0.7500,0.7500,100
2014-06-27,0.8400,0.8400,0.8400,0.8400,14914
2014-06-20,0.8800,0.8800,0.8600,0.8600,1771
2014-06-13,0.9000,0.9000,0.9000,0.9000,14079
2014-06-06,0.9200,0.9200,0.8700,0.9100,36221
2014-05-30,0.9200,0.9200,0.9200,0.9200,5007
2014-05-23,0.9200,0.9300,0.8000,0.9200,15856
2014-05-16,0.8000,0.9300,0.7900,0.9200,12750
2014-05-09,0.8000,0.8100,0.7500,0.8000,7000
2014-05-02,0.7500,0.8000,0.6900,0.8000,21607
2014-04-25,0.7800,0.7900,0.7600,0.7600,9103
2014-04-17,0.8200,0.8200,0.7800,0.8000,19590
2014-04-11,0.8800,0.9400,0.8500,0.8800,51776
2014-04-04,0.6500,0.9000,0.6500,0.9000,53004
2014-03-28,0.8000,0.8000,0.6800,0.6800,17000
2014-03-21,0.7000,0.8000,0.7000,0.8000,12100
2014-03-14,0.7000,0.8000,0.7000,0.7000,22100
2014-03-07,0.7000,0.7000,0.6800,0.7000,17831
2014-02-28,0.7000,0.7100,0.7000,0.7100,16300
