timestamp,open,high,low,close,volume
2016-03-15,0.0000,0.0000,0.0000,2.3400,0
2015-11-02,2.3400,2.3400,2.3400,2.3400,0
2015-10-30,2.4400,2.4900,2.3200,2.3400,266691
2015-10-23,2.4900,2.5000,2.3600,2.4500,557306
2015-10-16,2.5400,2.5500,2.4600,2.5000,329404
2015-10-09,2.4800,2.5900,2.4500,2.5300,484544
2015-10-02,2.4700,2.5400,2.4300,2.4900,281947
2015-09-25,2.5000,2.5500,2.4500,2.5100,278471
2015-09-18,2.4400,2.5900,2.4400,2.5400,417565
2015-09-11,2.5000,2.5000,2.4300,2.4799,87079
2015-09-04,2.4300,2.5000,2.4200,2.4800,76043
2015-08-28,2.4400,2.5000,2.4100,2.4700,119547
2015-08-21,2.4800,2.5500,2.4500,2.4500,209815
2015-08-14,2.4594,2.5000,2.4300,2.5000,193128
2015-08-07,2.4800,2.5000,2.4200,2.4900,73445
2015-07-31,2.4100,2.5000,2.4100,2.4800,41381
2015-07-24,2.4800,2.5000,2.4400,2.4400,492804
2015-07-17,2.4300,2.5000,2.4300,2.4800,60553
2015-07-10,2.4300,2.4800,2.4100,2.4600,153509
2015-07-02,2.4900,2.5000,2.4200,2.4300,402371
2015-06-26,2.4400,2.5000,2.4200,2.4900,1382074
2015-06-19,2.4300,2.4800,2.4200,2.4700,149353
2015-06-12,2.4210,2.4700,2.4200,2.4600,223205
2015-06-05,2.4200,2.4500,2.4000,2.4300,206333
2015-05-29,2.3800,2.4500,2.3800,2.4300,168090
2015-05-22,2.4900,2.5500,2.3800,2.4200,463680
2015-05-15,2.3800,2.5000,2.3800,2.4900,2491007
2015-05-08,2.3800,2.4300,2.3700,2.4200,3762226
2015-05-01,2.3100,2.4370,2.3100,2.4000,335792
2015-04-24,2.4500,2.4800,2.3500,2.3500,221648
2015-04-17,2.4400,2.4500,2.3600,2.4500,303313
2015-04-10,2.3800,2.4700,2.3800,2.4500,493699
2015-04-02,2.3300,2.4500,2.2900,2.4300,879635
2015-03-27,2.3000,2.5700,2.2400,2.3600,1521421
2015-03-20,2.2800,2.3400,2.2100,2.2800,125805
2015-03-13,2.2900,2.3500,2.2300,2.3000,361347
2015-03-06,2.2300,2.2900,2.1200,2.2900,180468
2015-02-27,2.2300,2.2400,2.1200,2.2100,61220
2015-02-20,2.2700,2.2700,2.1600,2.2400,78369
2015-02-13,2.2200,2.2800,2.2000,2.2700,225071
2015-02-06,2.2000,2.3200,2.2000,2.2900,190456
2015-01-30,2.2000,2.2600,2.0700,2.2400,99256
2015-01-23,2.1000,2.2200,2.0800,2.2000,94982
2015-01-16,2.1700,2.2500,2.1000,2.1100,199381
2015-01-09,2.2600,2.2800,2.1800,2.2000,148144
2015-01-02,2.3000,2.3400,2.1800,2.2500,486285
2014-12-26,2.1900,2.3200,2.1800,2.2900,350526
2014-12-19,2.1000,2.2200,2.0501,2.1600,495368
2014-12-12,2.0200,2.1200,2.0200,2.1000,428829
2014-12-05,2.0100,2.0700,1.9901,2.0000,83743
2014-11-28,2.1600,2.1600,1.9880,2.0000,148791
2014-11-21,1.9700,2.1700,1.9600,2.1500,470993
2014-11-14,2.0000,2.0000,1.9500,1.9800,167036
2014-11-07,1.9500,2.0400,1.9500,1.9700,324646
2014-10-31,1.9800,2.0300,1.9450,1.9700,2657695
2014-10-24,1.9400,2.0900,1.9400,1.9900,331669
2014-10-17,1.9500,2.0100,1.9100,1.9700,195080
2014-10-10,1.9600,2.1680,1.9500,1.9650,527242
2014-10-03,1.9500,2.0100,1.9400,1.9800,509446
2014-09-26,2.0300,2.0400,1.9400,1.9500,200665
2014-09-19,2.0800,2.1000,1.9600,2.0200,669400
2014-09-12,1.9800,2.1000,1.9600,2.0800,1010500
2014-09-05,1.9200,2.0100,1.9200,1.9700,797900
2014-08-29,1.9700,2.0100,1.9200,1.9400,510397
2014-08-22,1.9600,2.0100,1.9000,1.9600,2302270
2014-08-15,2.0200,2.0400,1.9400,1.9600,406700
2014-08-08,1.9400,2.0500,1.9100,2.0300,279400
2014-08-01,1.9900,2.0800,1.9100,1.9400,416000
2014-07-25,1.9900,2.0300,1.9800,1.9900,222900
2014-07-18,2.0500,2.0700,1.9700,1.9900,444900
2014-07-11,2.1200,2.1300,2.0100,2.0500,555200
2014-07-03,2.0300,2.2050,2.0000,2.1200,920400
2014-06-27,2.1000,2.1200,1.9300,2.0300,9421700
2014-06-20,2.0800,2.1800,2.0300,2.0900,1785700
2014-06-13,2.1600,2.2300,2.0200,2.1000,1301200
2014-06-06,2.0700,2.1500,1.9500,2.1400,940100
2014-05-30,2.0100,2.0700,1.9300,2.0600,735600
2014-05-23,1.9400,2.0100,1.8800,1.9900,844871
2014-05-16,1.8200,1.9600,1.8200,1.9500,725700
2014-05-09,1.8800,1.9400,1.7300,1.8000,4467200
2014-05-02,1.9200,1.9900,1.8500,1.9100,843700
2014-04-25,2.0400,2.0651,1.9000,1.9100,707500
2014-04-17,1.9300,2.1100,1.8900,2.0500,741400
2014-04-11,1.9900,2.1100,1.8900,1.9000,856700
2014-04-04,2.1000,2.1900,1.9600,2.0100,974900
2014-03-28,2.2200,2.2890,2.1000,2.1000,578800
2014-03-21,2.2000,2.4000,2.1900,2.2300,1236900
2014-03-14,2.2100,2.2500,2.1300,2.2000,1120800
2014-03-07,2.1300,2.2500,2.0500,2.2000,774900
2014-02-28,1.9300,2.1600,1.8800,2.1500,597500
2014-02-21,1.8400,1.9900,1.8400,1.9300,405600
2014-02-14,1.8700,2.0700,1.8100,1.8400,572400
2014-02-07,2.0400,2.0600,1.8000,1.8800,864500
2014-01-31,2.2000,2.2100,2.0000,2.0600,798500
2014-01-24,2.1900,2.3000,2.1499,2.1700,242200
2014-01-17,2.0700,2.2900,2.0300,2.1700,423500
2014-01-10,2.2500,2.2500,2.0700,2.0900,372900
2014-01-03,2.3800,2.3900,2.1700,2.2300,343400
2013-12-27,2.3400,2.6400,2.2200,2.3900,498000
2013-12-20,2.0800,2.4700,2.0800,2.3200,1904400
2013-12-13,2.0600,2.0800,1.9900,2.0600,234268
2013-12-06,2.0800,2.1000,1.9900,2.0700,261622
2013-11-29,2.0500,2.1100,1.9600,2.0900,332800
2013-11-22,2.0000,2.0550,1.8300,2.0500,798000
2013-11-15,2.0900,2.1000,1.9700,2.0000,275300
2013-11-08,2.0300,2.0900,1.9600,2.0800,448900
2013-11-01,2.1000,2.1400,1.9400,2.0400,691200
2013-10-25,2.1300,2.1500,2.0350,2.0800,769100
2013-10-18,2.1100,2.1500,2.0101,2.1400,894500
2013-10-11,2.0400,2.1675,2.0100,2.1100,615100
2013-10-04,2.0400,2.2000,1.9950,2.0400,1268900
2013-09-27,2.2300,2.2320,2.0000,2.0500,1379500
2013-09-20,2.2400,2.2980,2.2100,2.2500,600300
2013-09-13,2.2950,2.3500,2.1910,2.2300,1447400
2013-09-06,2.2700,2.3460,2.2300,2.2400,181400
2013-08-30,2.3900,2.4980,2.2250,2.2600,985200
2013-08-23,2.3400,2.4600,2.3000,2.3800,634500
2013-08-16,2.1800,2.3500,2.1400,2.3200,880000
2013-08-09,2.2100,2.3800,2.1600,2.1900,370900
2013-08-02,2.3700,2.4900,2.1200,2.2400,754400
2013-07-26,2.3600,2.4800,2.3000,2.3800,784700
2013-07-19,2.4700,2.5000,2.3000,2.3800,979700
2013-07-12,2.2500,2.5190,2.2100,2.4500,1363200
2013-07-05,2.1900,2.2500,2.1100,2.2400,1444500
2013-06-28,2.0000,2.1800,1.9500,2.1700,12005100
2013-06-21,1.9800,2.0700,1.9400,2.0200,3678800
2013-06-14,2.0900,2.0900,1.9000,1.9800,2841500
2013-06-07,4.1700,5.0800,1.8400,2.0600,7059900
2013-05-31,4.7600,4.7600,3.8000,4.2500,252600
2013-05-24,5.4900,5.6900,4.1000,4.8500,651500
2013-05-17,5.8800,6.4300,4.4100,5.0200,371100
2013-05-10,4.1800,7.4490,4.1500,5.8700,712900
2013-05-03,3.3000,4.2900,3.2400,4.0600,221600
2013-04-26,2.7200,3.4300,2.7200,3.3000,82800
2013-04-19,2.4100,2.7400,2.3100,2.7200,65800
2013-04-12,2.3300,2.6800,2.3300,2.4700,16600
2013-04-05,2.5900,2.6400,2.4000,2.4600,4600
2013-03-28,2.5000,2.6400,2.4200,2.6399,6725
2013-03-22,2.5900,2.7600,2.4300,2.6700,10500
2013-03-15,2.5300,2.7600,2.3500,2.5420,17700
2013-03-08,2.8500,3.0501,2.3200,2.6100,50600
2013-03-01,2.9000,3.0000,1.7600,2.8500,237300
2013-02-22,2.9800,2.9900,2.6300,2.9678,5800
2013-02-15,2.8100,3.0000,2.7020,2.9900,6600
2013-02-08,3.2000,3.2000,2.5000,2.8100,18500
2013-02-01,2.9201,3.2000,2.8510,3.1000,51100
2013-01-25,3.1100,3.2500,2.7000,2.9250,99000
2013-01-18,1.6000,3.3700,1.6000,3.0000,54670
2013-01-11,2.0501,2.0501,1.7300,1.8200,30000
2013-01-04,2.0400,2.2600,1.8114,2.0501,52825
2012-12-28,1.6800,2.8200,1.5000,2.1400,62600
2012-12-21,1.6000,1.7100,1.3000,1.6000,145600
2012-12-14,2.3600,2.3600,1.3500,1.7599,57500
2012-12-07,2.5200,2.5400,2.3000,2.3600,94200
2012-11-30,2.6500,2.7000,2.4500,2.5800,39800
2012-11-23,2.7000,2.8000,2.6000,2.6000,2000
2012-11-16,2.8021,2.8021,2.3100,2.7400,4400
2012-11-09,2.8000,2.8500,2.3100,2.8021,3100
2012-11-02,2.7500,2.8900,2.7500,2.7500,1416
2012-10-26,2.4700,2.9200,2.2900,2.9000,19500
2012-10-19,2.9700,2.9700,2.4100,2.5000,14400
2012-10-12,2.1900,3.0400,2.1900,3.0000,19800
2012-10-05,2.2400,2.4700,2.0001,2.4700,15600
2012-09-28,2.5000,2.5700,2.1500,2.2500,70741
2012-09-21,2.7500,2.7500,2.5000,2.5000,4900
2012-09-14,2.6600,2.7000,2.5200,2.6100,2600
2012-09-07,2.8500,2.8500,2.5500,2.5891,5700
2012-08-31,2.6500,2.6500,2.3100,2.4500,33437
2012-08-24,2.6300,2.6500,2.3701,2.6500,9100
2012-08-17,2.5600,2.9899,2.4500,2.6060,10500
2012-08-10,2.8800,2.9200,2.3700,2.6000,8400
2012-08-03,2.9000,2.9300,2.3800,2.9100,8806
2012-07-27,2.8000,2.9995,2.3300,2.9995,10500
2012-07-20,3.1700,3.3000,2.7500,2.7500,15200
2012-07-13,3.2900,3.2900,2.8805,2.8900,9800
2012-07-06,3.1300,3.3000,2.8000,3.3000,9400
2012-06-29,3.3100,3.3100,2.7700,3.0000,13300
2012-06-22,2.8000,3.3100,2.7700,3.3100,8800
2012-06-15,2.7900,2.9800,2.7700,2.7700,4400
2012-06-08,2.7000,2.8120,2.6000,2.8120,7900
2012-06-01,2.8000,2.8000,1.9800,2.7000,26900
2012-05-25,2.7500,3.2500,2.3501,2.6400,10420
2012-05-18,3.0500,3.2800,2.7500,2.7500,7600
2012-05-11,3.2700,3.3000,3.0200,3.0500,15140
2012-05-04,3.2500,3.3000,3.0600,3.0760,10600
2012-04-27,3.2400,3.3000,3.2000,3.2992,35200
2012-04-20,3.1200,3.2999,3.0500,3.2400,37600
2012-04-13,3.3000,3.3000,3.0100,3.0200,4500
2012-04-05,3.1200,3.3500,3.0101,3.3200,9400
2012-03-30,3.1499,3.3999,3.0300,3.3999,15800
2012-03-23,3.0800,3.3200,2.9500,3.3200,14200
2012-03-16,2.9900,3.1200,2.9000,3.0300,5000
2012-03-09,3.0000,3.1500,2.8500,2.9000,2800
2012-03-02,2.8650,3.1499,2.8000,3.1300,7435
2012-02-24,2.8300,2.9500,2.7801,2.9300,4900
2012-02-17,3.3100,3.3100,2.5000,2.8000,15700
2012-02-10,3.6100,3.6699,3.2700,3.3500,11800
2012-02-03,3.6500,3.6700,3.3500,3.6700,23500
2012-01-27,3.4200,3.6700,3.3500,3.6700,14200
2012-01-20,3.6700,3.6700,3.4200,3.5700,5400
2012-01-13,3.4100,3.6800,3.1800,3.5100,37900
2012-01-06,2.6800,3.4800,2.3540,3.4800,62800
2011-12-30,2.0700,2.7100,1.6000,2.3500,54000
2011-12-23,2.4200,2.6720,1.9900,2.0000,58500
2011-12-16,2.8000,2.8050,2.3900,2.4600,71600
2011-12-09,2.9000,4.4800,2.6200,2.8600,617600
2011-12-02,1.5400,2.2199,1.1000,2.1500,210800
2011-11-25,2.0300,2.0300,1.5000,1.5400,28800
2011-11-18,2.3400,2.3500,2.0100,2.1000,17200
2011-11-11,2.8100,2.9200,2.0200,2.3600,32600
2011-11-04,3.0600,3.0600,2.7800,2.8500,3300
2011-10-28,3.4700,3.4800,2.4000,3.0000,20220
2011-10-21,2.5000,3.8400,2.2500,3.4700,19100
2011-10-14,2.2000,2.5800,1.7600,2.1400,19900
2011-10-07,2.0600,2.3300,2.0000,2.2000,2400
2011-09-30,2.6200,2.7000,2.0100,2.1000,10600
2011-09-23,3.9999,3.9999,2.5000,2.8600,80700
2011-09-16,0.3100,0.3950,0.2621,0.3553,60000
2011-09-09,0.3100,0.3600,0.2600,0.3300,84000
2011-09-02,0.4100,0.4100,0.2700,0.3000,236000
2011-08-26,0.3600,0.4200,0.3450,0.3600,16730
2011-08-19,0.3999,0.4600,0.3400,0.3700,102000
2011-08-12,0.3300,0.5100,0.1734,0.3900,294000
2011-08-05,0.4300,0.5200,0.3300,0.3400,41000
2011-07-29,0.4600,0.4900,0.4100,0.4201,86400
2011-07-22,0.5200,0.5500,0.4100,0.4500,124000
2011-07-15,0.5000,0.5400,0.4600,0.5200,24700
2011-07-08,0.5100,0.6105,0.4800,0.5210,76000
2011-07-01,0.4650,0.6500,0.4600,0.5200,84000
2011-06-24,0.5500,0.6864,0.4900,0.4900,83400
2011-06-17,0.6300,0.7600,0.4362,0.5300,153000
2011-06-10,0.6600,0.7251,0.4998,0.5800,55700
2011-06-03,0.6900,0.7900,0.6000,0.6500,41600
2011-05-27,0.6701,0.7300,0.6305,0.6336,15851
2011-05-20,0.7200,0.7500,0.6900,0.7141,32275
2011-05-13,0.8800,0.8800,0.6200,0.6900,58000
2011-05-06,0.8700,0.8800,0.7600,0.7700,87000
2011-04-29,0.8100,0.9400,0.6500,0.7600,149000
2011-04-21,0.8800,0.9100,0.7800,0.8200,17620
2011-04-15,0.8202,0.9200,0.8000,0.9100,22000
2011-04-08,0.8706,0.8717,0.7800,0.8202,38250
2011-04-01,0.9600,0.9600,0.7400,0.8600,76000
2011-03-25,0.8400,0.9299,0.8400,0.8778,34500
2011-03-18,0.8100,0.9100,0.8100,0.8900,35000
2011-03-11,0.8400,0.9000,0.7800,0.8150,40000
2011-03-04,0.8999,0.9700,0.8200,0.8402,88000
2011-02-25,0.9800,0.9800,0.8200,0.9000,67200
2011-02-18,0.9350,1.0199,0.8800,0.9800,119000
2011-02-11,0.9100,0.9500,0.8600,0.9201,100000
2011-02-04,0.9300,1.0700,0.9100,0.9100,191000
2011-01-28,0.9500,1.2200,0.8540,0.9125,180000
2011-01-21,1.1999,1.1999,0.9204,0.9603,175000
2011-01-14,1.1700,1.3200,1.1000,1.1900,335000
2011-01-07,0.9300,1.4200,0.9300,1.1740,670129
2010-12-31,0.7400,0.9900,0.6400,0.9000,441000
2010-12-23,0.6500,0.7899,0.5200,0.6700,772000
2010-12-17,0.5700,0.6700,0.5400,0.6400,164000
2010-12-10,0.6000,0.6700,0.5000,0.5500,311000
2010-12-03,0.6400,0.7000,0.6200,0.6200,169000
2010-11-26,0.7100,0.7300,0.6240,0.6600,101300
2010-11-19,1.0800,1.0900,0.6500,0.7000,370000
2010-11-12,1.4000,1.6100,1.0500,1.0800,699000
2010-11-05,1.5900,1.5900,1.2300,1.4500,92000
2010-10-29,1.8500,1.8800,1.2300,1.6500,70800
2010-10-22,1.1200,1.7000,1.1200,1.6850,75000
2010-10-15,1.1500,1.2500,1.1000,1.1799,80000
2010-10-08,1.1100,1.1800,1.1100,1.1700,19000
2010-10-01,1.1800,1.3200,1.0400,1.1100,99000
2010-09-24,1.4900,1.5300,0.9700,1.1600,178000
2010-09-17,1.6700,1.7000,1.4200,1.6000,53501
2010-09-10,1.6100,1.7000,1.6000,1.6300,6000
2010-09-03,1.5400,1.7000,1.4800,1.6100,34514
2010-08-27,1.6100,1.6300,1.4500,1.5600,201100
2010-08-20,1.7500,1.8600,1.6130,1.6700,58713
2010-08-13,1.6200,1.8500,1.5600,1.7500,44000
2010-08-06,1.9400,1.9401,1.4600,1.6999,125000
2010-07-30,1.8300,2.0000,1.6700,1.9500,85000
2010-07-23,2.0600,2.1300,1.8000,1.9200,48000
2010-07-16,2.0400,2.0800,1.8000,2.0600,95000
2010-07-09,1.8200,2.2000,1.7500,1.8100,31000
2010-07-02,2.1100,2.1101,1.7100,1.9500,54000
2010-06-25,2.1500,2.2001,2.0500,2.0600,36000
2010-06-18,2.2000,2.2500,2.1900,2.2400,21500
2010-06-11,2.3200,2.3628,2.1300,2.2500,83000
2010-06-04,2.6239,2.6240,2.3500,2.3600,92786
2010-05-28,2.4600,2.7400,2.2200,2.6500,177000
2010-05-21,2.8000,2.8500,2.4000,2.4700,69000
2010-05-14,2.8800,2.9973,2.5400,2.8001,57000
2010-05-07,2.8300,3.0350,2.7100,2.8500,67000
2010-04-30,3.3400,3.4501,2.8000,2.8600,151000
2010-04-23,2.6900,3.3500,2.6800,3.3500,249000
2010-04-16,2.1600,2.5800,2.0700,2.5800,485000
2010-04-09,1.9900,2.2200,1.9100,2.1500,92000
2010-04-01,2.0400,2.2400,2.0000,2.0399,36801
2010-03-26,2.3300,2.3900,2.0000,2.0700,158000
2010-03-19,2.3700,2.4600,2.2100,2.3800,74000
2010-03-12,2.3700,2.4501,2.2700,2.3720,29509
2010-03-05,2.3000,2.5000,2.2500,2.3700,33000
2010-02-26,2.2500,2.7400,2.2500,2.3300,43754
2010-02-19,2.2800,2.4400,2.2000,2.3000,29477
2010-02-12,2.2200,2.3701,2.2000,2.2900,25115
2010-02-05,2.3100,2.5000,2.2400,2.2700,52000
2010-01-29,2.5600,2.6900,2.2801,2.2900,115000
2010-01-22,2.3900,2.6900,2.3600,2.5000,93000
2010-01-15,2.4400,2.5400,2.3000,2.3700,82000
2010-01-08,2.4400,2.7000,2.3500,2.4900,122000
2009-12-31,2.4025,2.7500,2.3200,2.3800,77000
2009-12-24,2.6400,2.7800,1.8400,2.5000,109000
2009-12-18,2.8985,3.3000,2.5800,2.5800,96000
2009-12-11,2.9000,3.3500,2.6900,2.6900,66408
2009-12-04,2.6900,3.3800,2.6500,2.8300,78962
2009-11-27,2.1377,2.6400,2.1377,2.5999,18000
2009-11-20,2.3000,2.3000,2.0800,2.1500,79000
2009-11-13,2.3000,2.4120,2.2400,2.3000,177000
2009-11-06,2.7900,2.9900,1.8200,2.3100,350000
2009-10-30,3.4300,3.4400,2.7000,2.7000,89667
2009-10-23,3.6400,3.7000,3.2000,3.3000,127000
2009-10-16,3.7200,3.7500,3.5900,3.7300,23000
2009-10-09,3.8500,3.8500,3.7000,3.7000,112000
2009-10-02,3.8900,3.9100,3.8500,3.8500,7900
2009-09-25,3.9000,4.0100,3.8900,3.9000,45000
2009-09-18,4.0200,4.0200,3.9450,3.9900,27000
2009-09-11,3.9506,4.0200,3.9100,4.0155,16783
2009-09-04,3.9100,3.9506,3.9000,3.9500,52000
2009-08-28,4.0000,4.0300,3.8500,3.9000,50000
2009-08-21,3.8000,4.1000,3.8000,4.1000,39000
2009-08-14,3.8000,4.0000,3.7100,3.9200,42000
2009-08-07,3.9000,4.1000,3.8101,3.9800,13700
2009-07-31,3.4201,3.8500,3.4201,3.8500,28000
2009-07-24,3.5800,3.6100,3.3500,3.5000,44000
2009-07-17,3.8200,3.8800,3.5500,3.6000,80000
2009-07-10,3.7600,3.9200,3.7500,3.8200,11800
2009-07-02,3.8800,4.0800,3.7500,3.7500,14300
2009-06-26,4.1600,4.1900,3.5200,3.8000,94000
2009-06-19,4.0800,4.3000,3.8100,4.1600,150000
2009-06-12,3.9000,4.3400,3.8400,4.0700,29000
2009-06-05,4.2300,4.5000,3.8050,3.9000,42000
2009-05-29,3.9800,4.4100,3.7700,4.4100,61000
2009-05-22,4.2000,4.2400,4.0000,4.0000,12700
2009-05-15,4.0500,4.5400,3.9500,4.0100,67000
2009-05-08,3.9900,4.2800,3.6400,4.1600,31000
2009-05-01,3.5900,3.8700,3.2500,3.7700,41000
2009-04-24,3.9300,4.2900,3.7100,3.7100,34000
2009-04-17,3.7600,4.0000,3.3114,3.9900,27700
2009-04-09,3.8600,4.2800,3.5701,3.9000,10220
2009-04-03,3.2300,4.2800,3.2300,3.9900,51000
2009-03-27,3.4400,3.7680,3.0700,3.2700,137000
2009-03-20,3.2400,4.0000,3.1000,3.7300,182000
2009-03-13,3.3744,3.4100,2.8000,3.0200,52000
2009-03-06,3.6000,3.6900,3.2601,3.3900,122000
2009-02-27,3.6500,3.6500,3.0800,3.5000,41000
2009-02-20,4.1300,4.2500,3.6800,3.6800,25000
2009-02-13,4.2100,4.2900,4.0300,4.0600,62000
2009-02-06,4.2800,4.2800,4.0500,4.2500,45000
2009-01-30,4.7000,4.9900,4.3700,4.3700,78000
2009-01-23,4.9500,4.9900,4.6000,4.8000,8791
2009-01-16,5.0000,5.0500,4.5000,4.7900,71000
2009-01-09,4.6700,5.0900,4.4700,5.0000,45200
2009-01-02,4.8500,5.1400,4.3700,4.5450,93000
2008-12-26,4.8600,5.1100,4.5600,4.8500,17100
2008-12-19,5.6100,6.0000,4.7500,4.7500,663000
2008-12-12,5.3200,5.7400,5.1600,5.5600,30000
2008-12-05,5.5200,6.3900,5.0000,5.3600,78000
2008-11-28,5.9500,6.0300,5.0400,5.7200,50000
2008-11-21,7.1600,7.2500,6.1700,6.2500,151000
2008-11-14,7.1500,7.2400,6.8900,7.0500,55657
2008-11-07,7.3500,7.7800,6.7900,7.0500,105000
2008-10-31,7.0200,7.8400,6.8900,7.5300,40000
2008-10-24,7.1000,7.5100,6.7300,7.0700,80000
2008-10-17,6.7000,7.9400,6.7000,7.0600,90000
2008-10-10,7.1600,7.2000,6.6000,6.6000,153000
2008-10-03,7.7700,7.9500,6.8300,7.3000,285225
2008-09-26,7.4400,7.9000,7.2700,7.6300,87875
2008-09-19,7.9000,7.9500,7.0000,7.9000,73000
2008-09-12,7.8000,7.9500,7.7200,7.8000,25000
2008-09-05,7.6500,7.9500,7.6500,7.6600,22000
2008-08-29,7.6600,7.9100,7.6000,7.8900,28000
2008-08-22,7.6100,7.8399,7.5000,7.8399,24000
2008-08-15,7.3100,7.6800,7.2000,7.5000,66000
2008-08-08,7.3000,7.5200,7.2000,7.2500,65000
2008-08-01,7.2200,7.3000,7.2000,7.2800,15000
2008-07-25,7.0500,7.6900,6.8000,7.2000,59000
2008-07-18,6.7400,7.1500,6.5000,6.8500,55000
2008-07-11,7.0500,7.2900,6.1000,6.9600,105000
2008-07-03,6.5400,7.0500,5.5700,6.8500,111000
2008-06-27,8.0300,8.0300,5.9500,6.0400,147000
2008-06-20,7.9500,8.4200,7.6600,7.9900,59000
2008-06-13,7.7700,8.0200,7.6200,7.9400,33000
2008-06-06,7.9500,8.0000,7.6200,7.8600,42000
2008-05-30,8.5100,8.8500,7.7200,7.8400,30900
2008-05-23,9.0100,9.0800,8.2500,8.8200,73000
2008-05-16,8.8600,9.1900,8.8500,8.8800,13954
2008-05-09,9.1000,9.1800,8.6800,8.7500,30000
2008-05-02,9.3000,9.3000,8.7500,9.0700,30000
2008-04-25,9.1000,9.3000,9.0100,9.2300,23479
2008-04-18,9.0000,9.2800,8.7500,9.1800,125000
2008-04-11,9.3500,9.4000,8.7700,9.0960,16320
2008-04-04,9.0000,9.7000,8.7900,9.2000,88000
2008-03-28,8.9500,9.1500,8.6000,9.0000,161000
2008-03-20,9.0500,9.2000,8.9500,9.1000,39000
2008-03-14,9.0000,9.1000,8.6500,9.0500,65000
2008-03-07,9.0000,9.1000,8.8100,9.0300,42000
2008-02-29,8.9400,9.1000,8.6600,9.0700,41000
2008-02-22,8.9000,9.1600,8.8000,9.0000,34100
2008-02-15,8.9900,9.2400,8.4000,8.9600,69000
2008-02-08,9.1900,9.2500,8.9700,9.0000,26000
2008-02-01,8.0700,9.1100,8.0700,8.9800,73500
2008-01-25,7.2500,8.7500,7.2500,8.1800,178000
2008-01-18,7.4800,7.5500,7.0600,7.3200,168000
2008-01-11,8.3100,8.3800,7.3800,7.4200,236000
2008-01-04,8.7200,9.0400,8.1600,8.2900,240000
2007-12-28,8.3900,8.8100,8.1300,8.6100,72000
2007-12-21,9.0200,9.4000,8.1500,8.6100,96000
2007-12-14,9.3100,9.4100,8.8000,8.9300,89000
2007-12-07,9.5000,10.0000,9.2000,9.3400,180000
2007-11-30,9.7500,9.9900,9.1000,9.4600,146609
2007-11-23,9.8100,9.9000,9.5500,9.6800,141749
2007-11-16,9.7050,9.9800,9.5000,9.8500,52000
2007-11-09,9.9100,9.9799,9.5100,9.7000,152000
2007-11-02,9.9900,10.1500,9.8000,10.0500,336000
2007-10-26,10.1700,10.3699,9.9000,10.0000,38000
2007-10-19,10.0500,10.4000,9.9099,9.9800,82000
2007-10-12,10.2900,10.3300,10.0500,10.0500,68000
2007-10-05,10.0100,10.4300,10.0100,10.2800,121000
2007-09-28,10.0100,10.1300,9.8000,10.0000,122000
2007-09-21,10.2100,10.4000,10.0100,10.0300,216000
2007-09-14,10.3200,10.3400,10.2100,10.2500,30000
2007-09-07,10.3100,10.4000,10.1200,10.4000,68000
2007-08-31,10.3700,10.4000,10.0300,10.3800,108000
2007-08-24,10.3982,10.4000,10.1600,10.3300,38000
2007-08-17,10.1000,10.5000,10.0400,10.3800,114000
2007-08-10,10.0100,10.5100,9.9000,10.2100,196000
2007-08-03,9.8200,10.2500,9.7500,10.1000,101000
2007-07-27,10.6100,10.8800,9.8200,9.8200,109000
2007-07-20,10.7000,11.0000,10.7000,10.7200,34000
2007-07-13,10.7000,10.9600,10.5700,10.7400,37000
2007-07-06,10.9800,11.0600,10.6200,10.7200,48000
2007-06-29,10.9900,11.0400,10.3000,10.8000,60000
2007-06-22,11.0700,11.2000,10.9500,11.0400,65000
2007-06-15,11.0500,11.2200,10.9000,11.0000,46000
2007-06-08,10.8800,11.2000,10.8500,11.1300,40000
2007-06-01,10.9900,11.1400,10.8000,10.8800,38000
2007-05-25,11.0000,11.5000,10.9500,11.0100,47000
2007-05-18,11.2700,11.3099,11.0000,11.0100,132000
2007-05-11,11.0100,11.3200,10.9500,11.3200,75000
2007-05-04,11.2000,11.3500,11.0000,11.0600,39000
2007-04-27,11.0000,11.2400,11.0000,11.1200,151000
2007-04-20,11.3350,11.4800,11.0300,11.1300,17119
2007-04-13,11.5500,11.7400,11.3100,11.3100,114450
2007-04-05,11.4800,11.7400,11.3900,11.4900,21000
2007-03-30,11.7400,11.7400,11.1500,11.3800,58000
2007-03-23,11.5500,11.7500,11.2700,11.5085,74000
2007-03-16,11.7980,11.9600,10.6500,11.5700,71000
2007-03-09,11.9000,12.0000,11.7500,11.7700,27620
2007-03-02,11.9700,12.1500,11.7100,11.9900,43000
2007-02-23,11.9900,12.1000,11.8100,12.1000,65000
2007-02-16,11.8400,11.9460,11.0000,11.9460,36755
2007-02-09,11.6600,11.7900,11.4200,11.7900,103000
2007-02-02,11.9300,11.9300,11.1700,11.7500,32000
2007-01-26,12.0700,12.2500,11.6500,12.0700,74000
2007-01-19,11.8200,12.2500,11.6900,12.1400,78000
2007-01-12,11.6300,12.0000,11.5000,11.9100,116000
2007-01-05,11.4300,11.8400,11.4000,11.6000,59000
2006-12-29,11.3900,12.0000,11.3500,11.5300,66000
2006-12-22,11.7000,11.9000,11.5000,11.5000,32000
2006-12-15,11.5600,11.7500,11.5300,11.7000,10500
2006-12-08,11.5200,11.6800,11.2600,11.6500,23730
2006-12-01,11.3500,11.9500,11.1500,11.6295,25000
2006-11-24,11.7100,11.9100,11.5200,11.6100,14000
2006-11-17,11.3100,11.8300,11.0300,11.7700,31300
2006-11-10,11.5000,12.0000,10.8400,11.1000,71000
2006-11-03,11.2500,12.0000,11.1700,11.4800,68000
2006-10-27,11.2800,11.6500,11.2500,11.2500,30000
2006-10-20,11.4900,11.7000,11.2500,11.5400,28000
2006-10-13,11.4500,11.9000,11.1500,11.4500,6795
2006-10-06,11.8300,12.0000,11.4800,11.9000,30700
2006-09-29,11.5500,12.0000,11.0000,11.5200,89000
2006-09-22,11.0000,11.7500,11.0000,11.7500,156000
2006-09-15,10.8600,11.4000,10.7500,11.1200,63000
2006-09-08,11.5200,11.6000,10.6800,11.2500,103000
2006-09-01,11.2900,11.9900,11.0000,11.5000,126000
2006-08-25,11.3400,11.5000,11.1400,11.3900,28000
2006-08-18,11.3000,12.0000,11.0875,11.3000,25000
2006-08-11,11.9700,12.0000,11.2200,11.4100,71000
2006-08-04,11.5600,12.0500,11.5200,11.9540,29000
2006-07-28,11.3600,11.5800,11.0000,11.5000,404000
2006-07-21,11.3000,11.5700,10.5100,11.1000,45000
2006-07-14,11.6000,11.7000,11.0100,11.2700,77000
2006-07-07,11.8500,12.1500,11.6000,11.6700,103000
2006-06-30,11.3000,11.9300,11.0200,11.6000,61000
2006-06-23,11.5600,11.6000,10.8900,11.3000,134000
2006-06-16,12.0300,12.2300,10.8000,11.6100,137000
2006-06-09,12.8000,12.8000,11.8900,12.0800,170000
2006-06-02,12.8000,13.0061,11.7100,12.7900,206000
2006-05-26,10.8500,11.5400,10.8500,11.4920,96000
2006-05-19,11.0400,11.2000,10.8000,11.0500,40300
2006-05-12,11.2000,11.2700,10.2000,11.0300,31000
2006-05-05,11.0900,11.2300,10.8600,11.2000,29000
2006-04-28,11.2800,11.2800,10.7500,11.2000,29818
2006-04-21,10.8000,11.4800,10.6500,11.2800,160000
2006-04-13,10.9900,11.0000,10.5000,10.7900,281000
2006-04-07,11.2000,11.2000,10.7500,10.9900,60000
2006-03-31,10.7500,11.0500,10.5900,11.0500,169000
2006-03-24,10.8000,10.8000,10.5600,10.7600,85000
2006-03-17,10.7100,10.9000,10.5000,10.9000,161000
2006-03-10,10.5900,10.7700,10.4900,10.7700,152750
2006-03-03,10.5000,10.8100,10.5000,10.5000,119000
2006-02-24,10.5000,10.8500,10.3000,10.8500,87000
2006-02-17,10.3200,10.8500,10.0000,10.6900,111000
2006-02-10,10.7000,10.9500,9.8700,10.2501,71000
2006-02-03,10.7000,11.0000,10.4500,10.8000,146000
2006-01-27,10.4200,11.0000,10.2500,10.5400,93000
2006-01-20,10.1000,10.5000,10.0100,10.4300,121000
2006-01-13,9.9200,10.2000,9.3900,10.0200,192000
2006-01-06,9.5900,10.0000,9.5800,9.9000,74000
2005-12-30,9.5000,9.8000,9.5000,9.7400,120000
2005-12-23,9.4800,9.8100,9.3800,9.5000,82000
2005-12-16,9.6600,9.7400,9.3300,9.4900,173600
2005-12-09,9.6500,9.8700,9.5700,9.6600,169000
2005-12-02,9.8500,10.0000,9.5800,9.6700,42400
2005-11-25,9.8400,9.8500,9.7200,9.8500,15000
2005-11-18,9.7500,9.8500,9.4900,9.8100,107000
2005-11-11,9.8000,10.0000,9.6100,9.7700,32000
2005-11-04,9.8400,10.0500,9.6000,9.9000,77000
2005-10-28,9.3500,10.0000,9.3500,9.8700,126000
2005-10-21,9.1000,9.6900,9.1000,9.6900,115000
2005-10-14,9.6500,9.9000,9.0000,9.1000,222000
2005-10-07,9.7500,9.8400,9.5400,9.8000,182000
2005-09-30,9.7500,10.0000,9.7500,9.7500,96000
2005-09-23,9.7500,9.9600,9.7500,9.8000,42000
2005-09-16,10.0000,10.0000,9.7500,10.0000,240000
2005-09-09,9.8200,10.0000,9.8000,9.9500,101000
2005-09-02,10.2000,10.2000,9.8000,9.8000,126000
2005-08-26,9.9700,10.2500,9.8000,9.9900,120000
2005-08-19,10.1000,10.3700,9.7500,9.8600,358000
