timestamp,open,high,low,close,volume
2018-02-27,28.4500,28.7500,27.9500,28.0500,115562
2018-02-23,28.4000,28.8000,27.9750,28.4500,286160
2018-02-16,28.0000,28.8000,27.3500,28.5500,442109
2018-02-09,28.3000,28.6500,26.8500,27.9500,600704
2018-02-02,28.5000,29.0500,28.0000,28.5500,387809
2018-01-26,29.3500,29.7000,27.8000,28.5500,493864
2018-01-19,29.0000,29.4500,28.5500,29.3500,542957
2018-01-12,27.9000,29.4500,26.7600,28.9500,311819
2018-01-05,27.5500,28.1500,27.1000,27.9500,308445
2017-12-29,28.2000,28.5000,27.5500,27.6500,210053
2017-12-22,28.6000,29.4000,28.2500,28.3500,330419
2017-12-15,28.8000,28.9500,27.9500,28.4500,496241
2017-12-08,29.8000,30.4165,26.7050,28.7500,454626
2017-12-01,27.8500,29.5000,27.2500,29.3000,1246772
2017-11-24,28.4000,28.7500,26.2600,27.9500,253565
2017-11-17,26.9500,28.3500,26.7000,28.3000,404527
2017-11-10,28.5500,28.7750,26.5000,27.0500,456631
2017-11-03,28.9500,29.2000,27.8500,28.5000,480172
2017-10-27,29.9500,30.0000,28.8500,29.0500,501086
2017-10-20,28.1500,30.3000,27.8000,29.9000,525502
2017-10-13,28.4000,28.7500,28.0000,28.1000,392665
2017-10-06,27.8500,28.5000,27.7000,28.3000,512073
2017-09-29,26.5500,28.0500,26.4500,27.8000,1009580
2017-09-22,25.8000,26.9500,25.7000,26.6000,523083
2017-09-15,25.5000,26.5000,25.2750,25.7500,1383108
2017-09-08,25.9000,26.0500,24.7000,25.1500,424039
2017-09-01,25.9000,26.2000,25.5500,26.0000,302648
2017-08-25,25.4000,26.0000,25.3500,25.7000,280827
2017-08-18,25.5500,26.5000,25.2000,25.5500,448591
2017-08-11,26.5500,26.8750,25.1477,25.5000,426246
2017-08-04,26.5500,27.0000,26.1000,26.4500,437767
2017-07-28,26.5000,27.2500,26.4250,26.7000,596841
2017-07-21,27.1500,27.5000,26.0000,26.6500,513404
2017-07-14,27.5500,27.7000,26.4000,27.2000,615183
2017-07-07,27.2500,28.1000,27.0250,27.7000,589350
2017-06-30,25.9500,27.2500,25.5750,27.2000,971537
2017-06-23,26.2500,26.5000,25.4750,25.8500,1148314
2017-06-16,25.0500,26.2500,24.7250,26.2500,1378242
2017-06-09,25.9500,26.0500,25.0000,25.0500,1290172
2017-06-02,25.5000,26.1500,24.6500,26.0000,626052
2017-05-26,25.0000,25.6500,24.7500,25.4500,486716
2017-05-19,24.9000,25.5000,24.0500,24.9500,759441
2017-05-12,25.3000,25.5000,24.3500,24.9000,754930
2017-05-05,25.1500,25.8400,25.0500,25.4000,1050866
2017-04-28,26.2000,26.3000,25.0600,25.1500,953579
2017-04-21,24.5500,27.3000,24.3500,25.6500,1138070
2017-04-13,24.1500,24.7500,23.6500,24.4000,533800
2017-04-07,24.5000,25.1900,23.5000,24.0500,514310
2017-03-31,23.1000,24.5250,22.9000,24.3500,402791
2017-03-24,24.1500,24.1500,22.9500,23.4500,370749
2017-03-17,23.8000,24.4500,23.6000,24.1500,335559
2017-03-10,24.5000,24.5000,23.5500,23.8500,190891
2017-03-03,25.0500,25.7000,24.3500,24.6500,352415
2017-02-24,24.7500,25.4500,24.2000,25.0000,289745
2017-02-17,24.4000,24.9500,24.3500,24.7000,410027
2017-02-10,25.1000,25.1500,23.9500,24.2500,402992
2017-02-03,24.0000,25.2000,23.6000,25.2000,598189
2017-01-27,23.5000,24.9500,23.0100,24.1500,492383
2017-01-20,24.3000,24.3000,23.2250,23.6000,428822
2017-01-13,24.1500,25.0000,23.9000,24.4500,320307
2017-01-06,24.5000,24.7500,23.9000,24.2500,518111
2016-12-30,24.5000,24.9500,23.9500,24.2000,442676
2016-12-23,22.7500,24.8000,22.6500,24.6000,686714
2016-12-16,22.4000,22.8000,22.0000,22.7500,1110072
2016-12-09,21.5500,23.0000,20.8000,22.4500,382423
2016-12-02,20.7000,21.7500,20.6500,21.4000,274082
2016-11-25,20.8000,21.6000,20.7500,20.8500,2317013
2016-11-18,21.0000,21.4500,18.7500,20.8000,317157
2016-11-11,18.6000,21.3000,18.6000,20.7000,316225
2016-11-04,18.8000,19.3000,18.1000,18.3000,238913
2016-10-28,17.9500,19.4500,17.6500,18.7000,313663
2016-10-21,17.5500,18.0000,17.3700,17.8500,279265
2016-10-14,17.9000,18.0400,17.0000,17.4700,370722
2016-10-07,17.7600,18.1200,17.5601,17.8900,149011
2016-09-30,18.0000,18.1600,16.9500,17.8500,467719
2016-09-23,17.7100,18.2200,17.5400,18.0000,82838
2016-09-16,17.8600,18.0000,17.2500,17.6500,194336
2016-09-09,17.8800,18.1200,17.8500,17.8700,191919
2016-09-02,18.2000,18.8800,17.7900,18.0100,240016
2016-08-26,18.0900,18.4225,17.9900,18.2400,100113
2016-08-19,17.7000,18.2100,17.6600,18.0600,239713
2016-08-12,17.4700,17.8700,16.8600,17.6600,96145
2016-08-05,16.8100,17.5000,16.6400,17.4200,145467
2016-07-29,16.9400,17.2800,16.6300,16.8700,223399
2016-07-22,17.3800,17.4300,16.9100,17.0000,125252
2016-07-15,16.9800,17.5400,16.9800,17.3600,125767
2016-07-08,16.5600,17.2400,16.3000,17.0500,355616
2016-07-01,15.8500,16.8000,15.6800,16.5300,885893
2016-06-24,16.1000,16.4300,15.6950,16.0000,392523
2016-06-17,16.0500,16.2400,15.6700,15.8200,231115
2016-06-10,16.0800,16.3900,15.7600,15.9600,175510
2016-06-03,16.3500,16.3500,15.6800,16.1300,186910
2016-05-27,16.1600,16.4700,15.8600,16.2400,109130
2016-05-20,16.5100,16.7300,15.8000,16.1300,118119
2016-05-13,16.5800,17.0000,16.2100,16.4500,116613
2016-05-06,16.5200,17.1700,16.0900,16.5900,386445
2016-04-29,16.5200,16.7450,16.2000,16.4200,146374
2016-04-22,16.2000,16.6300,16.1500,16.4900,310556
2016-04-15,15.1600,16.8400,15.1000,16.2000,437390
2016-04-08,15.1800,15.3400,15.0100,15.0700,109587
2016-04-01,15.1900,15.7900,15.1100,15.2700,110869
2016-03-24,15.1900,15.5500,15.0900,15.1900,305526
2016-03-18,15.1400,15.4800,14.6750,15.2500,224294
2016-03-11,15.6100,15.8400,14.7900,15.2500,258295
2016-03-04,15.1100,16.0400,14.6600,15.6100,141279
2016-02-26,15.0800,15.9100,14.1900,14.9800,142646
2016-02-19,15.4400,16.1000,14.9000,15.0700,193926
2016-02-12,15.0700,15.7500,14.8800,15.2900,171293
2016-02-05,15.6400,15.9950,13.9200,15.1400,164103
2016-01-29,15.2500,16.0400,15.0600,15.7600,176427
2016-01-22,15.7500,16.9500,15.1800,15.6700,148963
2016-01-15,15.8700,16.3650,15.2900,15.5100,206805
2016-01-08,16.2400,16.4600,15.3800,15.6700,540733
2015-12-31,16.2700,16.8400,15.5700,16.5400,147035
2015-12-24,15.9500,16.6000,15.8300,16.4300,117396
2015-12-18,15.9000,16.9050,15.6000,15.9500,248385
2015-12-11,17.4800,17.5000,15.6500,15.9500,199499
2015-12-04,17.4300,17.7500,17.3000,17.5300,118707
2015-11-27,17.2000,17.4400,17.0300,17.4200,43869
2015-11-20,17.5300,17.8600,17.0200,17.1800,138021
2015-11-13,17.4200,17.9100,17.0400,17.5900,170794
2015-11-06,16.4600,17.5000,16.3700,17.4900,127561
2015-10-30,16.9700,17.0500,15.4310,16.4800,119074
2015-10-23,16.1400,16.9400,15.9200,16.9400,248420
2015-10-16,16.5000,17.1400,15.7500,16.3300,201617
2015-10-09,16.4300,17.0500,16.1100,16.5100,129368
2015-10-02,16.3100,16.6800,15.7500,16.2300,154975
2015-09-25,16.9500,17.2100,15.7900,16.3100,167763
2015-09-18,16.1000,16.8400,15.9500,16.8400,265534
2015-09-11,15.9600,16.2400,15.4100,15.9700,111704
2015-09-04,15.8000,16.0500,15.4000,15.7100,204560
2015-08-28,14.9700,15.8600,12.7800,15.7900,194539
2015-08-21,16.2000,16.5100,15.5000,15.7600,160944
2015-08-14,15.9500,16.2900,15.4000,16.2000,148118
2015-08-07,16.0900,16.5400,15.5700,15.8300,129924
2015-07-31,16.4200,16.9400,15.7300,16.0300,128940
2015-07-24,17.1400,17.3000,16.4200,16.5400,247557
2015-07-17,16.2000,17.4200,16.2000,17.2700,291670
2015-07-10,16.1500,16.2400,15.8700,16.2300,263730
2015-07-02,17.1400,17.2500,16.1850,16.2100,518624
2015-06-26,17.2400,17.5300,16.7100,17.2100,266118
2015-06-19,16.5800,17.1300,16.3200,17.0700,289314
2015-06-12,16.4000,16.7000,16.2200,16.5100,312804
2015-06-05,16.5700,16.6500,16.1100,16.3300,229262
2015-05-29,16.7000,16.7900,15.9700,16.4800,200683
2015-05-22,16.4800,17.0100,16.3800,16.7900,175387
2015-05-15,16.0800,17.0600,15.8200,16.5500,261542
2015-05-08,16.1000,16.4800,15.8400,16.2400,257699
2015-05-01,15.8400,16.2500,15.3620,16.0800,1283946
2015-04-24,16.7400,17.1500,15.5000,15.7400,4196837
2015-04-17,15.3400,17.5000,15.2200,16.6600,95565
2015-04-10,16.8400,17.0000,16.2700,16.4100,61578
2015-04-02,16.8000,17.1100,16.7700,16.8600,107298
2015-03-27,17.0000,17.0900,16.3700,16.8000,109140
2015-03-20,17.1500,17.1500,16.8600,17.0000,175151
2015-03-13,16.1100,17.7799,16.1100,17.0700,138776
2015-03-06,15.2700,16.2400,15.2000,16.1000,126580
2015-02-27,15.1000,15.3900,14.9600,15.2300,113267
2015-02-20,15.2100,15.4600,14.8900,15.1000,98721
2015-02-13,14.2700,15.2000,14.0300,15.1500,102544
2015-02-06,13.4900,14.5900,13.4200,14.3800,76706
2015-01-30,14.3000,14.5000,13.3300,13.3800,90665
2015-01-23,14.4400,14.5100,14.2200,14.3400,49712
2015-01-16,14.2300,14.5000,13.7200,14.4900,104504
2015-01-09,14.1800,14.5900,13.7400,14.2700,78675
2015-01-02,14.4600,14.5000,14.1400,14.1800,62008
2014-12-26,14.4700,14.5100,14.2600,14.5000,48701
2014-12-19,14.3800,14.5500,14.1210,14.4400,193310
2014-12-12,14.5000,14.8500,14.1300,14.3800,104448
2014-12-05,14.7600,14.8600,14.0600,14.5000,142381
2014-11-28,14.8400,15.0400,14.5000,14.8200,429432
2014-11-21,15.5100,15.6200,14.7000,14.8100,117305
2014-11-14,15.5900,15.8900,15.3400,15.4900,167639
2014-11-07,15.8400,16.1800,15.1600,15.5200,215677
2014-10-31,15.3600,15.9600,14.1400,15.7700,135302
2014-10-24,14.9400,15.3500,14.7850,15.0000,67228
2014-10-17,14.0600,15.0800,14.0500,14.9600,147134
2014-10-10,13.8100,14.1500,13.5811,13.9700,169343
2014-10-03,13.5700,13.9700,13.3500,13.7900,134460
2014-09-26,13.8000,13.9950,13.2400,13.7000,122858
2014-09-19,13.5200,14.4000,13.5200,13.8400,139600
2014-09-12,14.0000,14.4700,13.6700,14.3600,103600
2014-09-05,13.9500,14.0499,13.6210,13.9200,66400
2014-08-29,13.9200,13.9500,13.7100,13.9300,88100
2014-08-22,13.9500,13.9500,13.6500,13.9000,173800
2014-08-15,13.8500,14.2400,13.4800,13.9400,78800
2014-08-08,13.1400,13.8400,13.0300,13.7800,105400
2014-08-01,13.1100,13.4410,12.9100,13.0400,163500
2014-07-25,13.5400,14.0000,12.9300,13.0500,111100
2014-07-18,14.0500,14.2850,13.1200,13.7100,91000
2014-07-11,14.1600,14.3000,13.7700,13.9100,80100
2014-07-03,14.1800,14.7170,13.5200,14.2900,78500
2014-06-27,14.0400,14.3300,13.3800,14.2800,142900
2014-06-20,13.3980,14.1400,13.2800,14.0000,101800
2014-06-13,14.2500,14.5000,13.6300,13.7900,106000
2014-06-06,13.7500,14.2670,12.9600,14.2500,124400
2014-05-30,13.5000,13.9800,13.2400,13.8000,59000
2014-05-23,12.8900,13.4800,12.8900,13.3500,152800
2014-05-16,12.7700,13.5000,12.7700,12.9800,249800
2014-05-09,12.7900,13.3330,12.1100,12.7600,129800
2014-05-02,13.1900,13.5000,12.5300,12.7900,147900
2014-04-25,13.2300,13.5000,12.8490,12.8900,114000
2014-04-17,13.6700,13.9100,13.2100,13.3100,97300
2014-04-11,13.8000,14.2500,13.3000,13.5000,111000
2014-04-04,13.6300,14.8000,13.5800,13.9100,105800
2014-03-28,14.3400,14.3400,13.2380,13.5100,77000
2014-03-21,14.2900,14.4900,13.6500,14.2800,167600
2014-03-14,14.2700,14.3100,13.2200,13.6900,70400
2014-03-07,14.0100,15.0000,13.7000,14.3700,127100
2014-02-28,14.1400,14.5000,13.9200,14.1200,120400
2014-02-21,13.7700,14.5400,13.6584,14.1600,97000
2014-02-14,13.2100,13.8300,13.1300,13.7600,89000
2014-02-07,13.0200,13.4000,12.8700,13.2100,145700
2014-01-31,13.0300,13.5800,12.7500,12.9600,164100
2014-01-24,13.2400,13.5100,13.0500,13.0500,56400
2014-01-17,13.1200,13.3900,12.5200,13.1500,82500
2014-01-10,14.0000,14.6140,12.9800,13.1800,55200
2014-01-03,14.3300,14.3300,13.9100,14.0800,63000
2013-12-27,14.0000,14.7300,14.0000,14.3400,50300
2013-12-20,14.3000,14.5000,13.8952,13.9000,176100
2013-12-13,14.3200,14.4400,13.8000,14.2000,105200
2013-12-06,15.1100,15.1500,13.8000,14.3500,82100
2013-11-29,14.5000,15.5800,14.4600,15.4200,68600
2013-11-22,14.1400,14.4500,13.6900,14.4500,64800
2013-11-15,13.3300,14.3600,13.2401,14.0500,126100
2013-11-08,13.2800,13.5300,12.7500,13.3900,63700
2013-11-01,13.9600,14.0000,12.6900,13.2800,103300
2013-10-25,13.8200,14.0000,13.5500,13.9700,86900
2013-10-18,13.9100,14.0000,13.3300,13.8000,88997
2013-10-11,13.4000,14.0000,13.0000,13.9900,81898
2013-10-04,13.2800,13.7900,13.0000,13.4800,86700
2013-09-27,12.8400,13.7900,12.1910,13.4000,115500
2013-09-20,11.9200,13.0000,11.8000,12.9200,157800
2013-09-13,11.6500,12.1000,11.4500,11.7700,139600
2013-09-06,11.9300,11.9900,11.1700,11.6400,92800
2013-08-30,11.7300,12.1500,11.5400,11.8200,91200
2013-08-23,11.6200,11.8700,11.1800,11.7200,57100
2013-08-16,11.9000,12.2000,11.6400,11.7100,55300
2013-08-09,12.1300,12.3600,11.6800,11.9400,44500
2013-08-02,12.8900,13.0000,12.0300,12.1800,74400
2013-07-26,13.0000,13.2300,12.3700,12.8800,111600
2013-07-19,12.7600,13.5000,12.7600,12.9900,94700
2013-07-12,12.2200,13.0500,12.0200,12.7700,146900
2013-07-05,11.2900,12.2300,11.1300,12.2200,57900
2013-06-28,10.7900,11.5000,10.7300,11.3500,324100
2013-06-21,10.8400,11.2100,10.5400,10.9400,183800
2013-06-14,11.1600,11.4300,10.7000,10.7200,90300
2013-06-07,10.7800,11.1500,10.6500,11.0400,126200
2013-05-31,10.9300,11.0500,10.5100,10.8000,106800
2013-05-24,2.1700,12.1000,2.1300,10.8000,749400
2013-05-17,2.1000,2.1900,2.1000,2.1800,388500
2013-05-10,2.1000,2.1900,2.0800,2.1100,215000
2013-05-03,2.0500,2.1500,2.0500,2.1200,493500
2013-04-26,2.1500,2.1700,2.0500,2.0500,344500
2013-04-19,2.0300,2.1600,2.0000,2.1400,921500
2013-04-12,2.0700,2.1500,2.0200,2.0500,353500
2013-04-05,2.1000,2.1100,2.0200,2.0600,398000
2013-03-28,2.1000,2.1300,2.0400,2.1000,293000
2013-03-22,2.0200,2.1900,2.0000,2.0900,416000
2013-03-15,2.0800,2.1000,2.0400,2.0400,684000
2013-03-08,2.0200,2.1000,1.9800,2.0900,883500
2013-03-01,2.0400,2.0700,1.9900,2.0300,525000
2013-02-22,2.0700,2.0800,1.9800,2.0200,552000
2013-02-15,2.0200,2.1100,1.9800,2.0600,372000
2013-02-08,2.0500,2.1200,2.0000,2.0100,325000
2013-02-01,2.0300,2.1500,2.0000,2.0900,782500
2013-01-25,2.0700,2.0900,1.9800,2.0300,343000
2013-01-18,2.0200,2.1000,1.9200,2.0800,398000
2013-01-11,1.9900,2.0400,1.9600,2.0200,520500
2013-01-04,1.9100,2.0600,1.8750,2.0000,698500
2012-12-28,1.8500,1.9400,1.8000,1.9000,255500
2012-12-21,1.9200,1.9300,1.8000,1.8800,1045000
2012-12-14,1.7700,1.9900,1.7500,1.9100,305000
2012-12-07,1.8700,1.8800,1.6700,1.7700,233500
2012-11-30,1.7900,1.8700,1.7100,1.8500,297000
2012-11-23,1.7400,1.8100,1.7000,1.7900,138296
2012-11-16,1.7099,1.7800,1.5600,1.7300,387000
2012-11-09,1.8300,1.9500,1.5400,1.6600,487000
2012-11-02,1.8300,1.9500,1.8000,1.8200,327000
2012-10-26,1.9500,1.9800,1.8300,1.8400,273500
2012-10-19,1.9200,2.0100,1.8800,1.9500,652500
2012-10-12,2.0000,2.0500,1.9200,1.9300,272000
2012-10-05,2.0200,2.0800,1.9100,2.0100,403500
2012-09-28,2.0300,2.2100,2.0200,2.0200,646000
2012-09-21,2.0300,2.2200,1.9100,2.0200,1015000
2012-09-14,2.0600,2.0900,1.9501,2.0500,528500
2012-09-07,1.9800,2.1000,1.8800,2.0500,495000
2012-08-31,2.0000,2.0600,1.9400,1.9900,231500
2012-08-24,2.0200,2.0700,1.9000,2.0000,192000
2012-08-17,1.9600,2.0300,1.8700,2.0300,318500
2012-08-10,2.0350,2.0350,1.8600,1.9700,358000
2012-08-03,2.0100,2.0300,1.8300,2.0100,653500
2012-07-27,1.9500,2.0200,1.8500,2.0000,570000
2012-07-20,2.1100,2.1600,1.9500,1.9500,582000
2012-07-13,2.2000,2.2400,2.0600,2.1200,650685
2012-07-06,2.1200,2.3700,2.1100,2.2100,1045000
2012-06-29,2.0300,2.1700,1.9350,2.0900,1012500
2012-06-22,1.9700,2.2300,1.9500,2.0500,11836500
2012-06-15,1.8800,2.0200,1.8500,1.9600,589500
2012-06-08,1.8400,1.9300,1.7500,1.8800,470500
2012-06-01,1.8804,1.9000,1.7900,1.8800,130500
2012-05-25,1.9200,1.9600,1.8100,1.8700,292500
2012-05-18,1.8900,1.9300,1.6800,1.8700,309500
2012-05-11,1.9100,1.9700,1.8500,1.9000,300500
2012-05-04,1.9800,1.9800,1.9200,1.9600,305964
2012-04-27,1.8500,1.9900,1.8200,1.9600,374000
2012-04-20,2.0000,2.0000,1.8500,1.8700,307500
2012-04-13,1.7200,1.9800,1.7200,1.9500,254000
2012-04-05,1.9900,1.9900,1.7800,1.8600,122004
2012-03-30,1.9300,2.0500,1.8600,1.9900,600000
2012-03-23,1.7800,1.9200,1.7200,1.9200,539500
2012-03-16,1.8000,1.8000,1.6600,1.7500,180000
2012-03-09,1.7000,1.7500,1.6300,1.7500,91337
2012-03-02,1.7400,1.8400,1.5000,1.6700,416000
2012-02-24,1.7500,1.8100,1.6500,1.8000,287000
2012-02-17,1.6500,1.7500,1.6500,1.7500,361500
2012-02-10,1.6700,1.7500,1.6101,1.7500,141500
2012-02-03,1.4800,1.6700,1.4400,1.6300,292000
2012-01-27,1.4900,1.5000,1.4200,1.4400,117000
2012-01-20,1.4600,1.5000,1.4400,1.4780,55000
2012-01-13,1.4700,1.5000,1.4344,1.4600,64283
2012-01-06,1.4600,1.5000,1.4008,1.4600,57500
2011-12-30,1.4499,1.4700,1.4000,1.4700,108000
2011-12-23,1.4000,1.4800,1.3901,1.4500,322500
2011-12-16,1.4500,1.4500,1.3700,1.4000,336500
2011-12-09,1.4600,1.5000,1.3800,1.4200,196500
2011-12-02,1.4000,1.4600,1.3700,1.4600,220000
2011-11-25,1.4300,1.4500,1.3700,1.3700,102000
2011-11-18,1.4500,1.4700,1.3500,1.4500,317500
2011-11-11,1.3600,1.4500,1.3100,1.4100,260000
2011-11-04,1.3400,1.3700,1.2700,1.3600,356080
2011-10-28,1.2500,1.3460,1.2300,1.3000,200000
2011-10-21,1.2200,1.3100,1.2000,1.2800,205500
2011-10-14,1.2000,1.2300,1.1800,1.2200,184500
2011-10-07,1.1400,1.2000,1.1400,1.2000,89000
2011-09-30,1.1800,1.2050,1.1700,1.2000,75966
2011-09-23,1.1600,1.1900,1.1000,1.1500,210500
2011-09-16,1.1300,1.2000,1.0900,1.1900,388000
2011-09-09,1.1060,1.2100,1.0700,1.0900,268000
2011-09-02,1.0500,1.2000,1.0000,1.1400,680500
2011-08-26,1.2500,1.2900,1.0200,1.0400,1018000
2011-08-19,1.2500,1.3500,1.1500,1.2800,270035
2011-08-12,1.3200,1.3500,1.2000,1.2500,173000
2011-08-05,1.3300,1.4000,1.3000,1.3385,127000
2011-07-29,1.3980,1.4475,1.3300,1.3900,39500
2011-07-22,1.3900,1.4250,1.3300,1.4095,64000
2011-07-15,1.3500,1.4000,1.3000,1.3510,21700
2011-07-08,1.3500,1.4000,1.3400,1.3900,4500
2011-07-01,1.4500,1.4500,1.3400,1.3498,16000
2011-06-24,1.4300,1.4700,1.2400,1.4700,79500
2011-06-17,1.4100,1.4300,1.2600,1.4300,103500
2011-06-10,1.3500,1.4800,1.2300,1.4100,136500
2011-06-03,1.4900,1.5000,1.3400,1.3571,62500
2011-05-27,1.4600,1.5000,1.3700,1.5000,55500
2011-05-20,1.4800,1.5000,1.3800,1.4500,55000
2011-05-13,1.3900,1.5000,1.3700,1.4800,117500
2011-05-06,1.5000,1.5600,1.3600,1.3900,246500
2011-04-29,1.4000,1.4500,1.3500,1.4400,127500
2011-04-21,1.3000,1.4110,1.2700,1.4000,130453
2011-04-15,1.2600,1.3400,1.2400,1.3000,220500
2011-04-08,1.2700,1.3100,1.2100,1.2710,198000
2011-04-01,1.3000,1.3000,1.2400,1.2900,66000
2011-03-25,1.2600,1.2904,1.1600,1.2900,199500
2011-03-18,1.2500,1.2700,1.2200,1.2400,77000
2011-03-11,1.2300,1.2900,1.2200,1.2700,74600
2011-03-04,1.2900,1.3000,1.2100,1.2100,224000
2011-02-25,1.3300,1.3500,1.2600,1.3000,96000
2011-02-18,1.4300,1.4500,1.2500,1.3300,354500
2011-02-11,1.4000,1.4400,1.2700,1.4100,2255500
2011-02-04,1.5000,1.5200,1.3300,1.3700,832500
2011-01-28,1.5400,1.5900,1.4900,1.5000,280500
2011-01-21,1.5000,1.6200,1.4900,1.5300,291000
2011-01-14,1.5600,1.6201,1.4300,1.5000,328000
2011-01-07,1.4200,1.6000,1.4050,1.5700,343500
2010-12-31,1.3900,1.4400,1.3500,1.4200,308000
2010-12-23,1.3200,1.4200,1.3200,1.3900,188500
2010-12-17,1.3900,1.4500,1.3100,1.3500,154500
2010-12-10,1.2801,1.4300,1.2800,1.4000,138000
2010-12-03,1.2700,1.3690,1.2500,1.3101,248000
2010-11-26,1.3300,1.3500,1.2300,1.2700,335000
2010-11-19,1.3300,1.3900,1.2800,1.3500,176000
2010-11-12,1.4600,1.4700,1.2610,1.3500,230500
2010-11-05,1.6000,1.6400,1.4500,1.4800,185500
2010-10-29,1.6400,1.6500,1.5000,1.6400,267500
2010-10-22,1.4500,1.6500,1.3900,1.5800,124000
2010-10-15,1.5700,1.5999,1.4800,1.4900,125801
2010-10-08,1.5900,1.6000,1.5200,1.5700,107940
2010-10-01,1.5900,1.6200,1.3800,1.5700,90000
2010-09-24,1.5600,1.7300,1.4900,1.6200,497000
2010-09-17,1.5000,1.5600,1.4600,1.5200,265000
2010-09-10,1.4900,1.5100,1.3500,1.4500,153500
2010-09-03,1.3700,1.5000,1.3190,1.5000,292500
2010-08-27,1.4000,1.4000,1.2700,1.3600,407000
2010-08-20,1.3300,1.4900,1.3300,1.4100,300500
2010-08-13,1.2100,1.4800,1.1601,1.4400,507000
2010-08-06,1.1100,1.2400,1.0700,1.1800,233000
2010-07-30,1.1500,1.2500,1.0100,1.1100,382000
2010-07-23,1.0500,1.1500,1.0100,1.1300,283500
2010-07-16,1.0900,1.1700,0.9700,1.0300,781500
2010-07-09,1.1299,1.1800,0.9700,1.0700,593000
2010-07-02,1.1300,1.2800,1.0500,1.1000,1721500
2010-06-25,1.4400,1.4400,1.0300,1.0600,8799500
2010-06-18,1.4000,1.4700,1.3600,1.4000,590000
2010-06-11,1.4400,1.4899,1.3300,1.3700,712000
2010-06-04,1.5000,1.5800,1.4000,1.4200,500500
2010-05-28,1.3400,1.5600,1.3300,1.4900,591000
2010-05-21,1.5000,1.5500,1.3000,1.3300,504000
2010-05-14,1.5900,1.6400,1.4000,1.4700,560000
2010-05-07,1.5800,1.7800,1.3000,1.3600,536500
2010-04-30,1.8200,1.9300,1.5100,1.5700,574000
2010-04-23,1.5000,1.9600,1.4700,1.7900,759000
2010-04-16,1.5000,1.6900,1.3400,1.5200,950000
2010-04-09,1.5900,1.7200,1.4500,1.4900,492000
2010-04-01,1.6400,1.6800,1.5500,1.6000,180000
2010-03-26,1.8200,1.9000,1.6300,1.6300,304500
2010-03-19,1.8200,1.9700,1.7500,1.8400,463000
2010-03-12,1.7900,1.8700,1.6800,1.8200,303500
2010-03-05,1.3800,1.8000,1.3500,1.7900,407500
2010-02-26,1.4300,1.4400,1.3000,1.3600,292000
2010-02-19,1.4200,1.4800,1.3500,1.4200,234500
2010-02-12,1.2600,1.4400,1.2100,1.3900,267500
2010-02-05,1.4600,1.5100,1.2000,1.2600,419500
2010-01-29,1.3000,1.5399,1.2400,1.4500,511500
2010-01-22,1.3400,1.4198,1.2500,1.2800,379000
2010-01-15,1.3900,1.3900,1.2000,1.3000,332500
2010-01-08,1.3600,1.4200,1.2000,1.3800,367500
2009-12-31,1.1400,1.4300,1.1000,1.3200,481500
2009-12-24,1.0800,1.2000,1.0780,1.1300,395000
2009-12-18,1.1600,1.2200,1.0600,1.0800,675000
2009-12-11,1.1400,1.2200,1.0600,1.1400,214952
2009-12-04,1.0600,1.2497,0.9800,1.1900,497500
2009-11-27,1.1300,1.2500,1.0600,1.0600,228500
2009-11-20,1.2000,1.3000,0.9600,1.1000,422500
2009-11-13,1.2500,1.4000,1.0900,1.1900,384500
2009-11-06,1.3300,1.4600,1.1900,1.2000,501000
2009-10-30,1.4600,1.4600,1.2000,1.3100,760500
2009-10-23,1.5800,1.6700,1.4100,1.4600,355500
2009-10-16,1.7500,1.7500,1.5200,1.5400,288000
2009-10-09,1.4600,1.6600,1.4600,1.6600,244000
2009-10-02,1.6200,1.6900,1.4500,1.4500,285500
2009-09-25,1.5800,1.6500,1.5100,1.6100,176000
2009-09-18,1.4700,1.6200,1.4700,1.6200,752000
2009-09-11,1.5700,1.6500,1.4800,1.4800,99155
2009-09-04,1.7000,1.7500,1.5300,1.5500,302500
2009-08-28,1.8400,1.8840,1.7101,1.7400,256000
2009-08-21,1.7600,1.9000,1.6306,1.8400,402000
2009-08-14,1.6200,1.9100,1.6100,1.8300,505000
2009-08-07,1.7700,1.7800,1.5800,1.6500,325500
2009-07-31,1.9900,1.9900,1.6757,1.7900,330000
2009-07-24,1.7000,1.9500,1.4099,1.7400,595000
2009-07-17,1.5600,1.7700,1.5500,1.6800,412000
2009-07-10,1.7900,1.8400,1.5200,1.5500,491000
2009-07-02,2.2000,2.2399,1.7800,1.8000,345000
2009-06-26,1.8700,2.4500,1.7500,2.2500,738000
2009-06-19,2.0000,2.1100,1.7300,1.9000,385500
2009-06-12,2.0900,2.2300,1.8300,1.9900,490000
2009-06-05,1.6300,2.4500,1.5300,2.0600,870000
2009-05-29,1.7700,2.0000,1.5200,1.5300,1285500
2009-05-22,1.9400,2.0400,1.7200,1.7300,599000
2009-05-15,2.2400,2.3399,1.8000,1.8800,412000
2009-05-08,2.1400,2.4000,1.9400,2.3200,485500
2009-05-01,2.3100,2.4200,2.0200,2.1100,556500
2009-04-24,2.4500,2.9100,2.1300,2.4300,485500
2009-04-17,2.2500,2.6800,1.9200,2.5600,459500
2009-04-09,2.5700,2.9500,2.2500,2.3800,491500
2009-04-03,1.7000,2.5900,1.7000,2.5000,706000
2009-03-27,1.8900,2.1100,1.7000,1.7700,543000
2009-03-20,1.8900,2.2700,1.5900,1.8000,538500
2009-03-13,1.5300,1.9900,1.5100,1.8500,522000
2009-03-06,1.4900,1.8000,1.3700,1.5500,489000
2009-02-27,1.4800,1.9000,1.3800,1.5400,416500
2009-02-20,1.4000,1.5900,1.4000,1.4600,399500
2009-02-13,1.7800,1.7800,1.3500,1.4900,375500
2009-02-06,1.4900,2.1500,1.4300,1.8000,522500
2009-01-30,1.5200,1.9400,1.4900,1.5200,390000
2009-01-23,1.5700,2.0899,1.3500,1.5200,451500
2009-01-16,2.0400,2.0600,1.4900,1.6200,755500
2009-01-09,2.0100,2.4300,1.8601,2.0400,563500
2009-01-02,1.6900,2.1000,1.5900,1.9400,437500
2008-12-26,1.8700,1.9000,1.6400,1.6900,333500
2008-12-19,1.7500,2.0500,1.5500,1.8500,940000
2008-12-12,1.6600,2.0900,1.4900,1.7300,844000
2008-12-05,1.8900,1.8900,1.4200,1.5900,845500
2008-11-28,1.6500,2.0400,1.6500,1.9800,740500
2008-11-21,2.7500,2.8900,1.4900,1.6900,1355000
2008-11-14,3.7400,3.8800,2.7600,2.7800,639000
2008-11-07,4.1500,4.2200,3.4600,3.6500,758500
2008-10-31,4.5000,4.5300,3.5600,4.2600,765500
2008-10-24,4.7300,5.0000,3.3400,4.6400,611500
2008-10-17,5.1700,5.9600,4.2500,4.6800,1012000
2008-10-10,5.3100,6.0000,3.2500,4.8600,1282000
2008-10-03,6.4400,6.5000,5.3100,5.5000,719000
2008-09-26,6.5300,6.8500,5.6900,6.5700,1156000
2008-09-19,5.7900,6.2900,4.6200,6.2100,1701000
2008-09-12,5.6900,5.9700,5.4300,5.8800,703500
2008-09-05,5.8200,5.8400,5.3500,5.4400,419500
2008-08-29,5.5000,5.8700,5.1800,5.6300,383500
2008-08-22,5.4200,5.8800,5.2700,5.6200,549000
2008-08-15,5.4900,6.1900,5.3400,5.4100,877500
2008-08-08,5.2900,5.5000,4.9500,5.4800,688500
2008-08-01,4.8300,5.5000,4.6100,5.2800,688000
2008-07-25,3.9300,5.2300,3.4400,4.8700,762000
2008-07-18,3.4500,4.5900,2.9900,3.9900,848000
2008-07-11,3.3600,4.1000,2.9710,3.4900,813000
2008-07-03,3.9100,4.5900,3.2500,3.2600,736500
2008-06-27,4.8000,4.8000,3.8837,3.8900,1150000
2008-06-20,5.2500,5.5800,4.5600,4.7800,660000
2008-06-13,5.5400,5.7500,5.1400,5.2600,374500
2008-06-06,6.0800,6.0900,5.0300,5.5800,1071500
2008-05-30,5.9200,6.5300,5.8400,5.9900,449500
2008-05-23,5.8500,6.2200,5.6600,5.9000,438000
2008-05-16,6.5100,6.7500,5.8200,5.9000,759500
2008-05-09,6.3900,6.6000,6.0400,6.3100,712500
2008-05-02,6.4300,6.6000,6.2500,6.3800,762500
2008-04-25,6.4600,6.5000,5.6600,6.4500,913500
2008-04-18,6.3500,6.7500,5.9700,6.5100,764500
2008-04-11,6.5800,6.7500,6.0600,6.3600,623000
2008-04-04,6.4800,6.6700,6.2700,6.5400,943000
2008-03-28,6.5000,7.0000,6.2600,6.4600,897500
2008-03-20,5.9000,6.5200,5.9000,6.5000,1339000
2008-03-14,5.9700,6.5000,5.7600,6.0800,1055000
2008-03-07,5.9400,6.1500,5.8000,5.9500,1008500
2008-02-29,6.0300,6.4500,5.9200,5.9300,1184500
2008-02-22,6.2400,6.3600,5.9000,6.0400,621500
2008-02-15,6.2800,6.3800,6.0800,6.1500,642500
2008-02-08,6.1800,6.4600,5.9000,6.2900,913500
2008-02-01,5.6700,6.6000,5.4900,6.2100,1811500
2008-01-25,5.3500,6.1200,5.2400,5.7000,523000
2008-01-18,5.6700,6.1300,5.3000,5.4000,771500
2008-01-11,5.4700,6.3400,4.8900,5.6100,1067000
2008-01-04,5.7300,6.0500,5.1200,5.4300,976000
2007-12-28,6.2500,6.3800,5.7900,5.8000,732500
2007-12-21,5.6000,6.4800,5.5500,6.2300,1708000
2007-12-14,5.6300,6.3400,5.5700,5.6200,1298000
2007-12-07,5.0800,5.9000,5.0400,5.6300,1362500
2007-11-30,5.0000,5.2700,4.5400,5.0500,1228500
2007-11-23,5.0300,5.1400,4.6300,5.0500,593500
2007-11-16,5.2700,5.4800,5.0000,5.0700,1160000
2007-11-09,5.0500,5.4000,4.7700,5.2700,1750000
2007-11-02,5.4900,5.7200,4.9500,5.1400,1328000
2007-10-26,5.1300,5.7900,5.1000,5.4800,1127500
2007-10-19,6.4000,6.4000,5.1600,5.1900,952000
2007-10-12,6.3700,6.4800,6.1700,6.4300,645500
2007-10-05,6.4100,6.8400,6.3600,6.4000,790500
2007-09-28,6.8800,6.9400,6.3300,6.4000,439000
2007-09-21,6.7400,7.1900,6.6400,6.9000,1310000
2007-09-14,6.4600,6.9300,6.4300,6.7500,406000
2007-09-07,6.6900,6.8200,6.3700,6.4300,388000
2007-08-31,6.9900,6.9900,6.6000,6.7300,502500
2007-08-24,7.0200,7.5800,6.7800,7.0000,1285000
2007-08-17,6.2300,7.1100,5.7500,7.0000,2068000
2007-08-10,6.2100,6.5000,5.0600,6.1200,3543000
2007-08-03,6.8800,6.8800,6.0300,6.2000,1439500
2007-07-27,7.7300,7.7900,6.6200,6.8500,1630000
2007-07-20,8.0600,8.1400,7.2200,7.7100,1186500
2007-07-13,8.5000,8.5500,8.0300,8.0500,977500
2007-07-06,8.5300,8.6400,8.4200,8.5100,481000
2007-06-29,8.5200,8.8600,8.3100,8.4700,790000
2007-06-22,8.7000,8.9900,8.4600,8.5300,942500
2007-06-15,8.8100,8.8800,8.6000,8.6900,928500
2007-06-08,8.9000,9.0300,8.7500,8.8000,779000
2007-06-01,8.7200,8.9900,8.5100,8.9500,781000
2007-05-25,8.8200,8.9900,8.6500,8.7600,899500
2007-05-18,9.2000,9.2400,8.7000,8.8100,849000
2007-05-11,9.0700,9.4900,8.9500,9.2200,906500
2007-05-04,8.8800,9.1700,8.6200,9.1000,1505000
2007-04-27,8.7300,9.0000,8.7300,8.8800,1006500
2007-04-20,8.3900,8.7500,8.1400,8.7500,1994000
2007-04-13,8.5400,8.5500,8.2300,8.3600,1367500
2007-04-05,8.6900,8.9700,8.5300,8.5500,787000
2007-03-30,8.8100,8.9800,8.4100,8.6500,998000
2007-03-23,8.6800,9.0000,8.6500,8.8300,612500
2007-03-16,8.6600,8.8400,8.3500,8.6100,1437500
2007-03-09,8.3400,8.8400,8.3100,8.7000,1691500
2007-03-02,8.5900,8.6400,8.3500,8.3900,2019500
2007-02-23,8.4700,8.6800,8.4000,8.5400,2428000
2007-02-16,8.8000,8.8400,8.2600,8.4600,2527500
2007-02-09,9.0800,9.2000,8.7200,8.7500,780500
2007-02-02,8.7700,9.1800,8.7400,9.0700,407000
2007-01-26,8.8400,9.0000,8.6200,8.8900,1638500
2007-01-19,9.3000,9.3000,8.8000,8.8400,896000
2007-01-12,9.1300,9.4000,8.9800,9.2600,1109000
2007-01-05,9.5500,9.7000,9.1300,9.1500,620000
2006-12-29,9.4500,9.6800,9.3900,9.4600,1025500
2006-12-22,9.5800,9.6000,9.3500,9.4700,795000
2006-12-15,9.3500,9.6900,9.3500,9.5100,2666500
2006-12-08,9.3400,9.5600,9.2700,9.3600,912000
2006-12-01,9.7500,9.7700,9.2000,9.3400,1173000
2006-11-24,9.6500,9.8400,9.5700,9.7500,527000
2006-11-17,9.3000,9.7100,9.2200,9.6800,1782500
2006-11-10,9.3200,9.3500,8.6000,9.3000,2144500
2006-11-03,9.5200,9.8100,9.2000,9.3200,1600000
2006-10-27,9.7100,9.8200,9.4400,9.5600,456500
2006-10-20,9.9500,10.0100,9.7500,9.7600,671500
2006-10-13,9.7200,9.9400,9.4900,9.9100,499000
2006-10-06,9.6500,9.9500,9.4000,9.7600,579000
2006-09-29,9.4900,9.9900,9.4900,9.6800,382000
2006-09-22,9.8700,9.9900,9.3200,9.4400,479000
2006-09-15,9.5000,10.0500,9.5000,9.9300,675500
2006-09-08,10.0000,10.0500,9.5100,9.5400,1619000
2006-09-01,9.7600,10.0500,9.7000,9.9600,466500
2006-08-25,9.9300,9.9500,9.4400,9.7200,703500
2006-08-18,9.9000,10.2200,9.7500,9.9900,693500
2006-08-11,10.1300,10.2800,9.3000,9.8700,2330000
2006-08-04,10.3500,10.5200,10.0000,10.1700,941500
2006-07-28,10.3600,10.7300,9.3000,10.4000,1562500
2006-07-21,10.2100,10.7000,10.0400,10.2500,1026500
2006-07-14,10.3700,10.6200,9.9500,10.1700,565000
2006-07-07,10.2500,10.5500,10.1600,10.2900,694500
2006-06-30,9.9500,10.3500,9.8000,10.3400,4372500
2006-06-23,10.1500,10.2300,9.7900,9.8500,1768000
2006-06-16,10.1100,10.6000,9.8800,10.2000,1700000
2006-06-09,10.4600,10.6100,9.8700,10.1400,1053500
2006-06-02,10.1000,11.1400,10.0000,10.5000,2166000
2006-05-26,10.2000,10.2500,9.4700,10.2000,1353500
2006-05-19,10.1800,10.6000,9.5700,10.2000,1136000
2006-05-12,10.8500,11.0800,9.9300,10.2300,1005000
2006-05-05,11.4400,11.6500,10.4000,10.8900,1777000
2006-04-28,10.3200,11.5500,9.9400,11.4600,1868500
2006-04-21,10.7000,11.8000,10.3100,10.3700,650000
2006-04-13,10.9100,11.2700,10.4000,10.7300,243500
2006-04-07,11.7000,11.9000,10.8700,10.9300,360500
2006-03-31,11.4600,11.9800,11.2900,11.7000,208500
2006-03-24,11.8700,12.0000,11.2000,11.4900,492500
2006-03-17,11.7000,12.0400,11.2500,11.9000,1634000
2006-03-10,11.9000,12.1000,10.7600,11.7000,1064000
2006-03-03,12.0300,12.2000,11.8500,11.9000,372000
2006-02-24,11.8700,12.2500,11.7500,12.0900,419500
2006-02-17,11.9700,12.3500,11.5100,11.9000,256000
2006-02-10,12.0000,12.3100,11.9000,12.0600,988500
2006-02-03,12.5900,12.6000,11.9000,12.0600,409500
2006-01-27,12.1600,12.6100,11.9600,12.5300,395500
2006-01-20,11.9000,12.3900,11.8800,12.0700,191000
2006-01-13,12.2500,12.2800,11.9000,12.0100,383000
2006-01-06,12.5700,12.6200,11.9000,12.2800,579000
2005-12-30,11.9200,12.4200,11.8200,12.3700,459000
2005-12-23,12.7300,12.7500,11.6400,11.9200,1408000
2005-12-16,12.4000,12.9400,12.0500,12.9000,4151500
2005-12-09,12.7300,12.8900,11.4600,12.4000,212500
2005-12-02,12.4900,13.0000,12.1500,13.0000,1274000
2005-11-25,12.5000,13.0500,11.9800,12.4200,713500
2005-11-18,11.2000,12.4200,11.2000,12.1500,700500
2005-11-11,11.1500,11.2500,11.1000,11.1600,133000
2005-11-04,11.0000,11.4000,10.8400,11.1900,160500
2005-10-28,11.6000,11.6100,10.9100,10.9500,158500
2005-10-21,11.3000,11.5100,11.1500,11.3000,126500
2005-10-14,11.8500,11.8500,10.7500,11.1500,571500
