timestamp,open,high,low,close,volume
2018-02-27,34.2000,36.0500,34.2000,36.0500,5983
2018-02-23,35.0500,35.4013,34.0000,34.4000,4685
2018-02-16,35.4000,35.9000,35.0000,35.4500,10375
2018-02-09,36.0500,36.3985,34.2000,35.3000,19971
2018-02-02,36.7520,36.7520,31.5000,35.7500,14687
2018-01-26,36.4950,36.8500,36.2000,36.5750,23016
2018-01-19,36.1000,36.9500,35.5500,36.4500,12643
2018-01-12,32.5000,36.7000,32.5000,36.0000,19472
2018-01-05,33.0000,33.0000,32.2164,32.5000,8567
2017-12-29,35.1966,35.1966,31.3000,32.6000,20450
2017-12-22,33.6500,35.7000,33.1000,33.9000,18349
2017-12-15,32.4000,33.9500,32.0500,33.6000,23460
2017-12-08,31.0000,33.3000,31.0000,32.4000,18076
2017-12-01,29.4000,31.0000,29.3000,30.9000,13036
2017-11-24,29.2500,30.0000,29.0000,29.9500,6932
2017-11-17,29.5500,30.0000,28.6638,29.6500,4421
2017-11-10,30.0000,30.4000,29.1000,29.5500,14426
2017-11-03,30.7000,30.7950,29.0500,29.9000,12895
2017-10-27,31.2000,31.7500,30.4500,30.7500,15044
2017-10-20,31.7500,31.7500,30.5000,31.5000,14144
2017-10-13,30.8500,32.2000,30.1500,30.6000,15091
2017-10-06,30.2500,31.5000,30.2500,31.0000,14416
2017-09-29,28.5500,30.4500,28.4700,30.0500,19344
2017-09-22,28.9000,28.9500,28.3000,28.7000,16106
2017-09-15,25.4500,30.1550,25.3500,29.0000,68605
2017-09-08,23.0500,25.2500,23.0500,25.0414,11048
2017-09-01,23.0000,24.0000,22.3500,24.0000,24110
2017-08-25,24.0000,24.0000,22.1550,22.9500,16808
2017-08-18,24.9500,24.9500,24.2000,24.2500,14335
2017-08-11,24.9000,25.1000,24.2500,24.2500,12854
2017-08-04,24.9000,25.1000,24.5000,24.9000,10515
2017-07-28,25.4500,25.7500,24.9000,24.9000,13374
2017-07-21,25.6500,26.3000,25.2000,25.2500,11623
2017-07-14,26.7000,27.1000,25.2500,25.8500,17150
2017-07-07,27.2000,27.2000,25.7000,26.9000,5127
2017-06-30,26.4000,28.0000,24.3300,27.2000,16891
2017-06-23,27.5000,28.8000,23.1500,27.4000,118471
2017-06-16,27.5000,29.0000,25.7000,26.9000,22633
2017-06-09,22.6000,28.5000,22.6000,27.3000,6499
2017-06-02,24.1000,24.7500,23.0000,24.7500,12634
2017-05-26,23.9483,24.2500,22.7450,23.8000,5728
2017-05-19,24.5000,24.7500,23.2000,23.7500,8544
2017-05-12,23.6000,23.7500,22.6500,23.4500,6474
2017-05-05,24.7450,24.7450,23.6500,23.7500,10509
2017-04-28,25.1000,25.2500,23.7000,24.7500,9583
2017-04-21,23.0000,25.3000,22.7000,25.3000,10460
2017-04-13,23.3000,23.4000,22.3000,22.3000,3859
2017-04-07,23.2000,23.3500,22.5500,23.3500,14360
2017-03-31,23.0500,23.3500,22.7000,23.3500,10295
2017-03-24,22.9000,23.5000,22.0881,23.0000,33965
2017-03-17,21.7500,23.0500,21.7500,23.0500,93217
2017-03-10,21.6875,22.6000,21.6000,21.7500,26926
2017-03-03,21.9750,22.6000,21.5300,22.4000,18747
2017-02-24,22.6500,23.4500,22.2500,22.3000,14326
2017-02-17,22.6497,23.7500,22.4500,23.5500,32034
2017-02-10,22.4000,23.0000,22.1121,22.5500,11840
2017-02-03,20.5000,23.0000,20.5000,22.9500,11389
2017-01-27,20.5500,21.6000,20.5000,20.9000,4677
2017-01-20,22.0500,23.0000,20.5000,20.5000,13088
2017-01-13,23.3500,23.8500,22.7000,22.9500,12936
2017-01-06,23.5050,24.0000,22.3500,23.6000,12117
2016-12-30,21.6000,23.4000,20.9500,22.9000,19186
2016-12-23,21.0000,22.0000,21.0000,21.6000,30617
2016-12-16,20.9500,21.9329,20.6000,21.0000,43047
2016-12-09,21.2500,21.4500,20.4416,20.9000,35038
2016-12-02,21.7000,22.0000,21.2500,21.5000,14007
2016-11-25,21.7000,22.0000,19.1500,21.7000,22696
2016-11-18,22.3500,25.2000,19.0500,21.9000,53791
2016-11-11,17.3500,21.7500,17.3500,21.7500,24563
2016-11-04,17.1060,17.5500,16.9500,17.3500,8703
2016-10-28,17.3050,17.9500,17.0500,17.3500,4042
2016-10-21,16.7500,17.2000,16.5500,16.8000,18873
2016-10-14,16.7600,16.9442,16.5001,16.5400,13676
2016-10-07,16.6000,16.7600,16.6000,16.6500,5910
2016-09-30,16.6400,16.8800,16.5100,16.6700,15746
2016-09-23,17.0000,17.0000,16.5542,16.6600,7292
2016-09-16,16.4900,17.4200,16.4900,16.7200,20800
2016-09-09,17.0700,17.4100,16.4900,16.4900,17591
2016-09-02,16.7500,17.0090,16.5500,16.8700,19085
2016-08-26,16.6500,17.1000,16.5500,17.0100,12042
2016-08-19,16.8600,17.0300,16.5800,16.6600,12531
2016-08-12,17.3000,17.3000,16.5150,16.8600,6620
2016-08-05,16.7500,17.1600,16.7500,17.0500,8982
2016-07-29,16.5500,16.8800,16.3500,16.6600,10288
2016-07-22,16.8500,17.1000,16.3500,16.6800,29914
2016-07-15,16.5300,16.9900,16.2500,16.9900,24976
2016-07-08,16.3200,16.7700,16.2000,16.7700,8089
2016-07-01,16.0100,16.5374,15.4000,16.2300,66066
2016-06-24,16.3500,16.9000,16.0000,16.0000,280024
2016-06-17,16.5900,16.9000,16.2500,16.2600,13887
2016-06-10,17.2500,17.4960,16.5300,16.8900,15781
2016-06-03,17.9600,18.0500,16.5300,16.9700,30056
2016-05-27,17.6800,18.0000,17.4500,17.9200,18770
2016-05-20,17.8300,18.9900,17.3100,17.8300,20446
2016-05-13,17.5300,19.4000,17.5300,17.9000,17390
2016-05-06,17.9900,21.3000,17.4300,17.9700,80481
2016-04-29,17.9600,19.0000,17.6700,17.9000,17504
2016-04-22,17.9200,18.0500,17.6500,17.9150,20420
2016-04-15,17.9000,18.7900,17.6300,17.6300,30086
2016-04-08,17.5000,19.7426,17.5000,17.9800,40009
2016-04-01,18.0000,18.0300,17.2600,17.7000,21896
2016-03-24,17.6700,18.0000,16.6800,18.0000,21136
2016-03-18,34.8050,40.0000,16.3300,16.5500,65543
2016-03-11,34.9500,35.1800,33.2600,35.0000,4107
2016-03-04,37.0000,37.0000,33.0500,35.2500,18852
2016-02-26,36.8500,42.4900,35.0500,36.4700,6563
2016-02-19,35.0000,36.8000,34.2646,35.0000,4138
2016-02-12,31.0100,35.0000,30.7550,35.0000,5571
2016-02-05,31.5000,31.5000,30.4687,31.0000,3422
2016-01-29,30.9500,31.5200,30.5501,31.4300,9136
2016-01-22,31.9500,32.0000,30.7500,30.7500,50
2016-01-15,30.5000,32.0000,30.5000,31.9500,980
2016-01-08,31.9900,31.9900,30.5000,30.5000,4923
2015-12-31,31.9500,31.9500,31.9500,31.9500,93
2015-12-24,30.2600,31.9500,30.2400,31.9500,84
2015-12-18,31.3600,31.9900,30.0100,31.9500,1192
2015-12-11,31.3600,31.3600,31.3000,31.3600,69
2015-12-04,28.7500,33.0000,28.7500,31.3600,4643
2015-11-27,28.8000,29.0000,28.7700,29.0000,2615
2015-11-20,28.8149,28.9999,28.5400,28.5400,1315
2015-11-13,28.9999,29.0000,28.9900,29.0000,127
2015-11-06,28.0000,29.0000,28.0000,28.5000,484
2015-10-30,28.5000,28.9999,28.0700,28.0700,3494
2015-10-23,28.4200,29.0000,28.4200,28.9500,3062
2015-10-16,27.5800,28.6700,27.5800,28.0000,3546
2015-10-09,28.9500,28.9500,27.5800,27.5800,1273
2015-10-02,28.4000,28.4000,27.5000,27.5000,365
2015-09-25,29.0000,29.0000,27.6200,27.6200,487
2015-09-18,28.0000,28.8600,27.5700,28.8600,2314
2015-09-11,29.0000,29.0000,28.0000,28.0000,1896
2015-09-04,28.5000,29.0000,27.5500,29.0000,8794
2015-08-28,28.4999,28.4999,28.4999,28.4999,320
2015-08-21,27.6500,28.4999,27.6500,28.4999,146
2015-08-14,27.3912,28.4000,27.3912,28.4000,118
2015-08-07,29.5000,29.5000,27.0500,27.3912,5126
2015-07-31,28.8600,29.2600,28.0000,29.2600,412
2015-07-24,28.0001,29.6000,27.0000,28.6900,3052
2015-07-17,28.2500,28.2500,28.0500,28.0500,320
2015-07-10,28.4400,28.4900,28.0000,28.2500,161
2015-07-02,28.4500,28.5000,28.4500,28.4900,67
2015-06-26,27.0500,29.4200,27.0500,28.2100,3175
2015-06-19,27.1100,31.0000,25.2000,25.2000,19398
2015-06-12,27.2150,27.9200,27.1010,27.1800,1632
2015-06-05,28.1250,28.1250,27.1090,27.1090,5754
2015-05-29,27.7500,28.2500,27.0500,28.2500,4274
2015-05-22,28.2400,28.2400,27.3500,27.7500,7179
2015-05-15,28.0000,28.2400,27.8300,28.2400,3449
2015-05-08,28.1600,28.1600,27.5003,28.0000,7946
2015-05-01,28.7245,28.7245,28.1010,28.2700,369
2015-04-24,28.7200,28.9990,28.7200,28.7245,598
2015-04-17,28.1500,28.7300,28.1500,28.7300,363
2015-04-10,28.9600,29.0000,28.1500,28.2000,2169
2015-04-02,28.9600,28.9600,28.5000,28.5000,531
2015-03-27,28.0501,28.0501,28.0500,28.0500,532
2015-03-20,28.4999,28.5000,28.0000,28.0000,2034
2015-03-13,28.5000,28.5000,28.0726,28.1000,1189
2015-03-06,28.2880,28.5490,28.2880,28.5000,1757
2015-02-27,27.9748,29.0000,27.8200,28.9900,8395
2015-02-20,29.3200,29.3200,27.9748,27.9748,3258
2015-02-13,29.5000,29.5000,29.3200,29.3200,546
2015-02-06,28.4300,29.5000,28.0300,29.5000,1705
2015-01-30,29.4100,29.4100,28.0500,28.0500,1560
2015-01-23,27.8979,29.3993,27.5000,28.6300,2286
2015-01-16,29.5000,29.5000,29.5000,29.5000,113
2015-01-09,30.1000,30.1000,29.5000,29.5000,1284
2015-01-02,29.6470,30.8700,29.3100,30.1000,24725
2014-12-26,29.4760,30.7800,29.0000,30.5000,18272
2014-12-19,29.6900,29.6900,29.0000,29.0500,1668
2014-12-12,29.9200,29.9200,29.4600,29.6900,1490
2014-12-05,28.9000,29.6100,28.5000,29.4000,2187
2014-11-28,26.2600,29.9000,26.2600,29.5000,3922
2014-11-21,27.0090,27.3000,26.2600,26.2600,3159
2014-11-14,27.7200,27.7200,25.3200,27.0000,4111
2014-11-07,27.6900,28.0000,27.6900,27.7200,1082
2014-10-31,27.9000,27.9000,27.2600,27.6900,1380
2014-10-24,28.0000,28.0000,27.0000,27.2500,4485
2014-10-17,27.4000,28.0000,27.0000,28.0000,4725
2014-10-10,26.9000,27.4000,26.7000,27.4000,5770
2014-10-03,26.9800,26.9800,26.5500,26.9000,1849
2014-09-26,26.0300,26.9899,26.0300,26.9899,1871
2014-09-19,26.7500,26.9733,25.4700,26.1000,3630
2014-09-12,25.8200,27.0000,25.2500,26.7500,46649
2014-09-05,26.2500,26.2500,25.8000,25.8400,2586
2014-08-29,26.2000,26.9500,25.7000,26.2500,19087
2014-08-22,26.8000,26.9999,26.1800,26.2000,5189
2014-08-15,26.4500,26.9900,26.4500,26.9900,2708
2014-08-08,26.7000,26.7000,26.3000,26.4500,5889
2014-08-01,26.3500,26.7000,26.3000,26.7000,1033
2014-07-25,26.2100,26.6900,26.2100,26.3500,2401
2014-07-18,26.4100,26.4500,26.2100,26.2101,2872
2014-07-11,26.4100,26.6900,26.1005,26.5200,8925
2014-07-03,26.5200,26.5200,26.3500,26.4000,1526
2014-06-27,26.5519,26.5519,26.5519,26.5519,315
2014-06-20,26.4020,26.7000,26.4020,26.7000,565
2014-06-13,26.5000,26.7000,26.2800,26.2800,4144
2014-06-06,26.1600,26.9900,26.0201,26.0600,5986
2014-05-30,26.6900,26.6900,25.9100,26.3700,368
2014-05-23,26.0900,26.6800,25.8300,25.8300,2737
2014-05-16,26.1800,26.1800,25.5110,25.7100,931
2014-05-09,26.2600,26.2600,25.6500,25.8150,1823
2014-05-02,25.7400,26.6900,25.6200,26.2400,2070
2014-04-25,25.8200,26.5000,25.6000,25.6100,5886
2014-04-17,26.3000,26.3000,25.8001,25.8100,1196
2014-04-11,25.5000,25.7100,25.5000,25.6000,1041
2014-04-04,25.7000,26.7000,25.5000,25.5300,622
2014-03-28,25.4500,25.7000,25.4100,25.7000,458
2014-03-21,25.6400,27.3000,25.3600,25.3600,1671
2014-03-14,25.5000,25.6000,25.4900,25.6000,4051
2014-03-07,27.3480,28.0000,25.3100,25.5000,3699
2014-02-28,27.1999,27.3500,25.2500,27.3500,15652
2014-02-21,25.7500,26.0000,25.7500,25.7500,2938
2014-02-14,25.2000,26.0300,25.2000,25.7000,294
2014-02-07,25.3700,26.9000,24.9700,25.2000,13410
2014-01-31,25.3000,25.3000,25.0500,25.0500,287
2014-01-24,25.4700,26.8400,25.2500,25.3000,3648
2014-01-17,25.3300,25.3400,25.3300,25.3300,612
2014-01-10,25.8800,27.2750,25.0200,25.3300,3670
2014-01-03,25.9800,25.9800,25.1500,25.1500,712
2013-12-27,25.6500,26.4800,25.5500,25.9800,2649
2013-12-20,26.0400,26.9999,25.9100,26.9999,3031
2013-12-13,26.8100,27.9900,25.7500,27.0000,2261
2013-12-06,25.7499,27.4499,25.5500,25.8400,4605
2013-11-29,25.3500,25.8500,25.3500,25.7600,146
2013-11-22,27.0000,28.0000,25.1000,25.3500,7474
2013-11-15,27.4800,27.5000,27.0000,27.0000,617
2013-11-08,26.0010,28.0000,26.0000,28.0000,6929
2013-11-01,26.0200,26.1800,24.4300,26.1512,1521
2013-10-25,26.1000,26.2000,24.3310,26.1490,1104
2013-10-18,25.8000,26.1000,24.3000,26.1000,816
2013-10-11,25.5600,26.1100,25.5600,25.8000,3777
2013-10-04,28.5000,28.5000,25.3500,25.8000,3306
2013-09-27,28.2300,29.6033,27.1500,27.2000,1520
2013-09-20,27.1400,32.4100,27.1400,28.0000,3279
2013-09-13,26.2500,28.0000,26.2500,27.1400,1612
2013-09-06,27.1000,28.5000,26.1100,26.5700,2408
2013-08-30,23.0000,24.2500,23.0000,24.2500,6291
2013-08-23,22.6100,23.0400,22.6100,22.8000,763
2013-08-16,22.7500,23.0000,22.1700,22.3300,1501
2013-08-09,22.2200,23.0000,21.2700,21.2700,2391
2013-08-02,23.8000,23.8000,22.0700,22.2200,4259
2013-07-26,21.0100,22.0000,21.0000,22.0000,4720
2013-07-19,21.4700,21.7300,21.0100,21.0100,831
2013-07-12,21.4400,21.7000,21.4000,21.4000,6041
2013-07-05,21.0900,21.4999,20.7100,21.4800,1713
2013-06-28,21.3400,21.5000,20.6200,21.5000,2410
2013-06-21,20.2400,21.3400,20.2400,21.3400,164
2013-06-14,21.1900,21.1900,20.6500,20.8900,623
2013-06-07,21.0900,21.4200,19.7000,21.1900,7097
2013-05-31,20.4900,21.1600,19.8400,21.1600,2100
2013-05-24,20.4000,20.6200,19.9100,19.9900,4774
2013-05-17,19.8000,20.4600,19.8000,20.4000,2500
2013-05-10,20.7500,20.7500,19.7600,20.0900,6902
2013-05-03,20.1220,21.2950,19.9400,21.0500,2546
2013-04-26,20.0200,21.4099,19.7501,20.0000,5513
2013-04-19,20.4100,20.9900,20.0000,20.0000,3510
2013-04-12,22.9900,23.0000,20.3100,20.3100,5488
2013-04-05,20.1000,24.0000,20.1000,23.0000,2653
2013-03-28,20.0600,20.3200,20.0600,20.1500,170
2013-03-22,20.4900,20.4900,20.0600,20.0600,167
2013-03-15,20.1000,20.9400,19.9400,20.9400,96
2013-03-08,19.3400,20.5000,19.3400,20.0000,1635
2013-03-01,21.1900,21.1900,20.5000,20.5000,6196
2013-02-22,22.0000,22.0000,20.5600,21.0090,1336
2013-02-15,20.7600,21.9504,20.7600,21.9504,368
2013-02-08,20.5147,20.6700,20.5147,20.6700,112
2013-02-01,20.6200,21.0000,20.5000,20.5147,2000
2013-01-25,21.2790,21.2790,21.2790,21.2790,310
2013-01-18,21.0000,22.4900,21.0000,22.4900,326
2013-01-11,21.0000,22.8900,21.0000,21.1900,2689
2013-01-04,21.0000,21.5200,20.0000,20.7400,4052
2012-12-28,21.0000,21.2100,21.0000,21.0000,473
2012-12-21,21.0000,21.0800,21.0000,21.0000,1626
2012-12-14,21.0600,21.0600,21.0000,21.0000,1400
2012-12-07,22.0600,22.2000,21.0000,21.0137,3926
2012-11-30,20.5400,21.9300,19.9900,21.9200,4965
2012-11-23,21.5000,21.5000,19.6300,20.5315,1350
2012-11-16,21.2500,21.5000,19.5000,21.5000,1500
2012-11-09,20.2100,21.4300,20.1600,21.4000,2508
2012-11-02,21.4400,21.4400,20.0180,20.0180,710
2012-10-26,20.7900,21.4400,20.7900,21.4400,675
2012-10-19,19.6763,20.8545,19.6763,20.7900,3965
2012-10-12,21.4300,21.9000,19.0560,19.5900,10310
2012-10-05,22.4800,22.6000,20.4700,21.4300,7820
2012-09-28,22.6400,22.6400,21.9500,21.9500,855
2012-09-21,20.9000,22.9405,20.9000,22.9405,3476
2012-09-14,20.5400,20.8700,20.5400,20.8700,964
2012-09-07,20.5500,23.0000,20.5000,20.9000,3947
2012-08-31,19.2000,20.5300,19.2000,20.5000,11477
2012-08-24,18.6700,19.1800,18.6700,19.1800,892
2012-08-17,18.8500,19.5000,18.8200,19.1800,4078
2012-08-10,18.5000,19.5000,18.5000,19.4999,2672
2012-08-03,19.0000,19.0200,18.5000,18.5000,2724
2012-07-27,18.7500,19.0000,18.6472,19.0000,1990
2012-07-20,18.7500,18.7500,18.7500,18.7500,18
2012-07-13,18.5300,18.7500,18.5300,18.7500,339
2012-07-06,18.6700,19.0000,18.5100,18.5300,1769
2012-06-29,18.6500,18.8000,18.6500,18.6700,822
2012-06-22,18.8300,19.6600,18.6600,18.9000,823
2012-06-15,19.2200,19.2200,18.6600,19.1000,1296
2012-06-08,18.8500,20.5000,18.2950,19.4000,2283
2012-06-01,18.0100,20.9000,18.0000,20.9000,7996
2012-05-25,17.5600,18.0900,17.5600,18.0900,842
2012-05-18,18.3000,18.3000,17.5600,17.5600,222
2012-05-11,17.8900,18.5000,17.6000,18.5000,6827
2012-05-04,18.0400,18.0400,17.6300,17.9900,4399
2012-04-27,17.7000,18.3250,17.6500,18.1000,1349
2012-04-20,18.2500,18.3500,17.6100,17.7000,3086
2012-04-13,18.7500,18.7500,17.9000,18.1900,6161
2012-04-05,17.9700,18.5000,17.9700,18.5000,1953
2012-03-30,17.9500,17.9700,17.9500,17.9700,282
2012-03-23,18.2400,18.4000,18.0008,18.1000,3093
2012-03-16,18.1900,18.2800,17.9000,18.1800,5301
2012-03-09,17.8300,18.1700,17.5700,18.1300,7817
2012-03-02,17.2500,17.9000,17.2500,17.9000,5699
2012-02-24,17.8900,17.8900,17.2520,17.2520,8068
2012-02-17,17.4800,17.8900,17.3800,17.8900,23450
2012-02-10,17.5700,17.9000,17.4500,17.4900,3275
2012-02-03,17.4100,17.8992,17.3500,17.3500,776
2012-01-27,17.9000,17.9000,17.3600,17.8200,601
2012-01-20,17.8500,17.8500,17.4300,17.4300,300
2012-01-13,17.2200,17.5900,17.2200,17.5900,601
2012-01-06,17.0497,17.3800,17.0497,17.3800,400
2011-12-30,17.4000,17.4000,17.0100,17.0100,4571
2011-12-23,17.3700,17.4770,17.0600,17.2299,20029
2011-12-16,17.0000,17.4280,17.0000,17.4000,291
2011-12-09,17.0100,17.3900,17.0000,17.0000,1281
2011-12-02,16.8700,17.3000,16.6900,17.2900,5648
2011-11-25,16.6543,17.2600,16.6543,16.6600,2640
2011-11-18,17.7600,17.7600,16.6600,17.3200,12230
2011-11-11,17.9000,18.0400,17.5700,17.7800,4350
2011-11-04,17.7500,18.7000,17.7500,17.9900,4775
2011-10-28,18.5100,19.2000,18.3200,18.3200,8658
2011-10-21,18.5090,18.7300,18.5090,18.7000,1113
2011-10-14,18.5700,18.7500,18.5000,18.5090,4348
2011-10-07,18.7400,18.9500,18.4000,18.9500,6566
2011-09-30,19.1442,19.1442,18.5000,18.7400,6167
2011-09-23,18.5200,18.6300,18.3300,18.5000,3482
2011-09-16,18.0700,18.3300,18.0400,18.3300,700
2011-09-09,18.1800,18.6999,17.8100,18.0700,3491
2011-09-02,17.7500,19.1600,17.5300,18.8410,4056
2011-08-26,18.0400,18.0400,16.8200,17.6500,29487
2011-08-19,17.2900,19.2800,17.2900,18.2000,2338
2011-08-12,17.2500,19.5000,17.2500,17.2900,7574
2011-08-05,17.6500,17.8800,17.2550,17.3100,4313
2011-07-29,17.6500,17.6600,17.6500,17.6500,1085
2011-07-22,17.5400,18.0692,17.5300,17.6700,2229
2011-07-15,17.8000,18.0320,17.5100,17.9600,8457
2011-07-08,17.2789,17.7500,17.2789,17.7500,903
2011-07-01,17.2000,17.8900,17.2000,17.8900,4648
2011-06-24,17.5500,18.4350,17.2000,17.2000,4482
2011-06-17,17.5300,17.9400,17.3000,17.5500,6153
2011-06-10,17.6300,17.9400,17.2900,17.9000,3640
2011-06-03,17.6100,18.1700,17.5900,17.6300,5062
2011-05-27,17.5300,18.2500,17.5100,17.5999,1837
2011-05-20,17.5700,17.7500,17.5400,17.6200,628
2011-05-13,17.6350,18.3800,17.3600,18.3800,6710
2011-05-06,18.2100,19.4400,17.7800,18.0600,2357
2011-04-29,18.9600,19.0000,17.5700,18.0200,2360
2011-04-21,17.9800,18.7500,17.4400,17.7600,6105
2011-04-15,17.7500,18.4800,17.7000,18.4800,775
2011-04-08,17.8000,18.0300,17.7500,17.7500,1556
2011-04-01,18.0052,18.2000,17.8054,17.8068,3055
2011-03-25,18.0126,18.4000,18.0000,18.0000,2741
2011-03-18,18.0000,18.4900,18.0000,18.2600,1041
2011-03-11,18.5000,18.5000,18.0000,18.0000,1869
2011-03-04,17.7100,18.5000,17.7000,18.4999,5782
2011-02-25,18.2500,18.2500,17.4800,18.2500,2656
2011-02-18,17.5900,18.2500,17.5900,18.2500,2180
2011-02-11,17.7500,18.1300,17.6000,17.7900,4950
2011-02-04,17.2900,18.4300,17.2900,17.3100,3571
2011-01-28,18.3300,18.4900,17.5550,18.4050,2428
2011-01-21,19.1600,19.9700,18.1000,18.3900,8317
2011-01-14,18.6500,19.9400,18.5000,19.1600,7468
2011-01-07,19.4600,19.7500,18.5500,19.3700,1027
2010-12-31,18.7500,19.4700,18.7500,19.4700,1264
2010-12-23,18.7790,19.5800,17.8150,18.7500,2922
2010-12-17,19.2500,19.9500,17.7700,18.7790,9785
2010-12-10,17.0700,19.7500,17.0700,19.5700,4671
2010-12-03,17.7500,18.5200,17.7500,18.5200,3985
2010-11-26,17.7500,17.7500,16.5300,17.7500,1622
2010-11-19,18.3700,18.3700,17.7390,17.7500,2762
2010-11-12,18.4900,18.5000,17.1300,17.5000,6037
2010-11-05,17.9900,18.5000,17.5000,18.5000,5754
2010-10-29,18.0000,18.5000,17.9900,17.9900,2483
2010-10-22,16.6300,17.5000,16.6300,17.5000,4539
2010-10-15,17.2500,17.2500,16.6400,16.8660,2592
2010-10-08,17.1700,17.2500,16.5100,17.2400,3246
2010-10-01,17.2500,17.2500,16.7500,17.1700,2324
2010-09-24,17.2400,17.2400,17.2050,17.2050,827
2010-09-17,17.2500,17.2500,16.2800,16.2800,3392
2010-09-10,17.2500,17.2500,16.5000,17.2500,1170
2010-09-03,17.2500,17.2500,16.4000,17.2500,5367
2010-08-27,17.2300,17.2500,16.4000,17.2500,1546
2010-08-20,17.2500,17.2500,16.2500,16.4000,3458
2010-08-13,17.2500,17.2500,16.3300,17.2100,1208
2010-08-06,17.2200,17.2200,16.6300,16.6300,3258
2010-07-30,17.2499,17.2500,16.5150,17.2204,2155
2010-07-23,15.5500,17.2500,15.5500,17.2499,2485
2010-07-16,15.6800,17.2400,15.5800,17.2400,2009
2010-07-09,16.8250,16.8250,15.1900,15.5100,2804
2010-07-02,16.4700,16.9400,15.0100,16.2400,3780
2010-06-25,16.1450,17.2500,16.0000,16.4680,3071
2010-06-18,18.3800,18.4550,16.3000,17.0000,5394
2010-06-11,17.8800,18.5000,16.9100,18.3100,3171
2010-06-04,15.8100,18.4900,15.8100,17.8950,6448
2010-05-28,16.6850,16.6850,15.5000,15.8100,2235
2010-05-21,16.7000,16.7000,16.7000,16.7000,1126
2010-05-14,15.9300,18.0000,15.0000,17.2000,6152
2010-05-07,15.4200,16.0000,14.5100,14.6250,3127
2010-04-30,14.9999,15.3000,14.5400,15.3000,2614
2010-04-23,15.2500,15.2500,14.5201,14.5201,2460
2010-04-16,14.5000,15.2500,14.5000,15.2500,3119
2010-04-09,14.9800,15.0000,14.5000,14.5000,1500
2010-04-01,15.0000,15.0000,14.5000,14.9800,1000
2010-03-26,14.5000,15.0000,14.4600,15.0000,1336
2010-03-19,14.8100,14.8100,14.8000,14.8000,2366
2010-03-12,14.8000,15.0016,14.7000,14.8000,1347
2010-03-05,14.8000,15.0100,14.8000,14.8000,7144
2010-02-26,15.0100,15.0100,14.9800,15.0000,200
2010-02-19,14.9900,15.0100,14.7000,15.0100,1549
2010-02-12,15.5500,15.5500,14.5000,14.5000,1350
2010-02-05,15.4000,15.7240,14.6900,14.7500,3643
2010-01-29,14.8000,15.5000,14.6200,15.4000,1612
2010-01-22,14.7600,15.5000,14.7600,15.5000,1782
2010-01-15,15.2499,15.5000,15.0000,15.0000,1130
2010-01-08,15.4985,15.4985,14.7500,15.2500,1239
2009-12-31,14.5900,15.4200,14.5900,15.3800,200
2009-12-24,14.5900,14.5900,14.5900,14.5900,742
2009-12-18,14.7550,14.9500,14.5900,14.5900,2561
2009-12-11,14.7100,14.7550,14.5900,14.7550,741
2009-12-04,14.6000,16.0000,14.5900,15.1300,5810
2009-11-27,14.5900,14.9500,14.5900,14.9500,800
2009-11-20,14.2600,14.6000,14.2500,14.5900,7600
2009-11-13,14.3500,14.5800,14.2500,14.2500,1330
2009-11-06,14.5000,14.9800,14.0000,14.3500,3125
2009-10-30,14.9800,14.9900,14.3600,14.9899,653
2009-10-23,14.9650,14.9650,14.3500,14.3600,2557
2009-10-16,14.2500,14.9800,14.2500,14.9800,500
2009-10-09,14.2500,14.9400,14.2500,14.2500,1980
2009-10-02,14.9800,15.0000,14.2500,15.0000,7260
2009-09-25,15.0000,15.0000,14.2500,15.0000,1576
2009-09-18,14.4900,15.0000,14.4800,15.0000,2419
2009-09-11,14.0900,14.4900,14.0900,14.2600,2650
2009-09-04,13.8400,14.4900,13.8350,14.0900,4740
2009-08-28,14.2500,14.5000,14.0000,14.4900,5838
2009-08-21,14.0000,14.5000,14.0000,14.0001,901
2009-08-14,14.1000,14.1000,13.6100,14.0000,2991
2009-08-07,14.4700,14.9900,14.4050,14.9900,2935
2009-07-31,14.9900,14.9900,13.5000,14.4704,5844
2009-07-24,14.2501,14.9350,14.0000,14.9350,3490
2009-07-17,14.9400,14.9400,14.2500,14.2500,2020
2009-07-10,14.0500,14.9999,13.9500,14.3900,687
2009-07-02,15.0000,15.0000,14.5000,14.5300,763
2009-06-26,14.2000,15.5000,13.9200,15.0000,1075
2009-06-19,14.6900,15.4800,14.0300,14.2400,1375
2009-06-12,14.3800,15.5000,14.3500,15.3100,3100
2009-06-05,15.0000,15.9900,13.0101,14.6500,11286
2009-05-29,13.8200,15.2500,13.0100,14.9000,5438
2009-05-22,13.0000,14.6000,12.0000,13.8200,3000
2009-05-15,14.2900,14.3400,13.0000,13.0000,1940
2009-05-08,14.3000,14.3000,13.7500,13.7500,1112
2009-05-01,12.8200,15.9900,11.0100,14.3000,21174
2009-04-24,11.4900,13.2500,11.4900,13.2500,7239
2009-04-17,11.0100,11.5000,11.0000,11.0100,6036
2009-04-09,11.4700,11.5000,11.4700,11.5000,1846
2009-04-03,11.4400,11.4900,11.0000,11.4899,3236
2009-03-27,11.0000,11.4900,11.0000,11.4900,500
2009-03-20,11.4800,11.5000,10.5100,11.0000,1600
2009-03-13,10.5000,10.5100,10.5000,10.5000,1593
2009-03-06,10.5000,10.9000,10.4340,10.4340,6359
2009-02-27,10.2500,10.5100,9.9000,10.5000,16405
2009-02-20,11.3000,11.3000,10.1900,10.2500,18150
2009-02-13,11.3000,11.3000,11.3000,11.3000,901
2009-02-06,10.7500,11.2900,10.7200,11.2880,3000
2009-01-30,10.4500,11.1400,10.4500,10.6500,10915
2009-01-23,10.5001,10.5001,10.4500,10.4500,2500
2009-01-16,10.5000,11.3900,10.5000,11.3900,830
2009-01-09,10.9999,10.9999,10.5000,10.5000,400
2009-01-02,10.5100,10.9999,10.4400,10.9999,3942
2008-12-26,11.6900,12.0000,10.4600,11.5500,11010
2008-12-19,11.5000,11.5000,10.5000,11.5000,4419
2008-12-12,11.4600,11.5000,10.9000,11.5000,2700
2008-12-05,12.0000,13.2500,9.8300,9.9000,28434
2008-11-28,11.9500,12.0000,10.7500,10.7500,1692
2008-11-21,11.5000,11.5000,10.7500,10.7500,7457
2008-11-14,12.0000,12.0000,11.5000,11.5000,7994
2008-11-07,11.6100,12.0000,11.4100,11.9900,3700
2008-10-31,11.6000,11.7500,10.5000,10.5000,9621
2008-10-24,11.5000,12.0000,11.2500,11.7499,9993
2008-10-17,12.0000,12.0000,9.5000,11.5100,10832
2008-10-10,13.7500,13.7500,10.7300,13.5000,1011
2008-10-03,13.8000,13.8000,12.2000,13.7500,600
2008-09-26,13.8000,13.8000,12.8000,13.8000,2218
2008-09-19,12.5000,13.8000,12.3300,13.8000,1899
2008-09-12,12.6080,12.6080,12.5000,12.5000,726
2008-09-05,13.2500,13.8000,12.6080,12.6080,5408
2008-08-29,12.7100,13.2450,12.7000,13.2450,323
2008-08-22,12.5000,13.1500,12.5000,12.7100,1002
2008-08-15,13.2400,13.2400,12.2000,12.2600,1590
2008-08-08,12.2500,13.0000,11.9200,12.6100,3391
2008-08-01,12.5300,12.5300,12.0900,12.2500,3482
2008-07-25,12.0900,13.6300,12.0900,13.6300,100
2008-07-18,12.7600,13.6400,12.0900,12.0900,1770
2008-07-11,13.6500,13.6500,12.7500,13.6150,8097
2008-07-03,13.6500,13.6500,13.6500,13.6500,415
2008-06-27,13.6400,13.6500,13.5000,13.6500,1220
2008-06-20,13.6400,13.6400,13.6000,13.6400,577
2008-06-13,13.5000,13.8000,13.2800,13.6400,4840
2008-06-06,13.3000,13.5000,13.0350,13.3340,4199
2008-05-30,13.5000,13.5000,13.0400,13.0400,966
2008-05-23,13.2600,13.5000,13.2600,13.5000,200
2008-05-16,12.8000,13.8000,12.6400,13.8000,500
2008-05-09,12.8000,13.8000,12.7900,12.8200,2756
2008-05-02,12.3000,13.6399,12.2500,12.8300,16913
2008-04-25,12.2900,12.5000,12.2500,12.5000,1500
2008-04-18,12.1600,13.6450,12.0300,12.5400,19094
2008-04-11,12.5000,13.0000,12.0500,12.1500,2667
2008-04-04,12.9300,13.0000,12.0000,13.0000,2183
2008-03-28,13.6000,13.6000,12.0000,12.0000,2694
2008-03-20,12.6900,12.6900,11.7500,11.7500,300
2008-03-14,13.0000,13.2000,12.6900,12.6900,15600
2008-03-07,13.4900,13.9500,12.6500,12.6500,10739
2008-02-29,12.4900,13.2400,12.4800,12.6500,7944
2008-02-22,12.0500,12.1500,11.8100,12.0000,6500
2008-02-15,12.4500,12.7500,12.2500,12.7500,27063
2008-02-08,12.7100,12.7399,11.7500,12.3000,6156
2008-02-01,12.5000,13.4000,11.6100,12.0200,8809
2008-01-25,12.2200,12.6400,11.0100,12.0000,3200
2008-01-18,11.5000,13.4900,11.1100,12.2200,4399
2008-01-11,12.0800,12.9900,12.0000,12.1000,5635
2008-01-04,12.0500,12.9700,12.0500,12.0800,9309
2007-12-28,12.0200,14.0000,12.0000,12.0100,10307
2007-12-21,13.6000,13.6000,12.8000,12.8000,2726
2007-12-14,13.1000,13.9000,13.1000,13.6000,4860
2007-12-07,11.7000,13.4899,11.5000,13.1000,12652
2007-11-30,12.0000,12.3000,10.5000,11.0000,11407
2007-11-23,11.8600,11.8600,11.5900,11.5900,1200
2007-11-16,12.1000,12.1000,11.8600,11.8600,2254
2007-11-09,12.0000,12.2600,11.5200,12.1000,17242
2007-11-02,12.0000,14.0000,11.7500,11.7500,4046
2007-10-26,12.0900,12.5300,11.5000,12.0000,15455
2007-10-19,13.1300,13.1300,11.4100,12.0000,2403
2007-10-12,12.2400,13.2700,12.2100,13.1300,4274
2007-10-05,12.3100,12.5200,12.2980,12.2980,5556
2007-09-28,13.6400,13.6400,12.2800,12.3000,2971
2007-09-21,13.2694,13.7400,13.2694,13.3600,1000
2007-09-14,14.2500,14.2500,13.1000,13.2400,2614
2007-09-07,13.0500,14.5100,13.0400,13.0680,15215
2007-08-31,13.0599,13.0600,12.2600,12.2800,3603
2007-08-24,11.0000,13.0500,11.0000,12.8680,4868
2007-08-17,12.5000,12.5300,12.5000,12.5000,890
2007-08-10,12.0000,12.0000,11.3400,11.8420,2618
2007-08-03,13.1900,13.1900,11.2900,11.6000,1449
2007-07-27,12.5000,13.0000,12.0000,12.7500,6093
2007-07-20,13.7000,13.7000,11.3300,12.3501,19350
2007-07-13,13.5600,13.5600,13.0300,13.0300,1249
2007-07-06,13.5001,13.9950,13.3700,13.9900,2120
2007-06-29,13.6000,13.6000,13.6000,13.6000,2415
2007-06-22,13.6000,13.8500,13.6000,13.6000,3121
2007-06-15,13.6000,13.8400,13.3300,13.3500,3726
2007-06-08,14.7001,14.7001,13.6000,13.6000,1977
2007-06-01,14.7000,14.7000,14.7000,14.7000,0
2007-05-25,13.6500,14.7000,13.5000,14.7000,3900
2007-05-18,14.2500,14.2500,13.6500,13.6500,5199
2007-05-11,14.2400,14.2500,14.2400,14.2500,2900
2007-05-04,13.8300,14.1900,13.7500,14.1900,1512
2007-04-27,14.3300,14.3300,13.8300,13.8300,1302
2007-04-20,13.9500,14.3299,13.9500,14.3299,2636
2007-04-13,14.2500,14.4800,13.7100,13.9500,8249
2007-04-05,14.4500,14.4500,13.7000,13.9900,3335
2007-03-30,14.3600,14.4900,13.3000,14.3900,10730
2007-03-23,15.0500,15.0500,14.4100,14.5500,3660
2007-03-16,15.0000,15.3500,14.4000,14.7400,5612
2007-03-09,15.0000,15.5000,14.8000,15.0000,3583
2007-03-02,15.2000,15.3200,14.4300,15.3200,8992
2007-02-23,15.4500,15.4500,15.1000,15.1300,1495
2007-02-16,14.9780,15.5000,14.5000,15.2000,5702
2007-02-09,15.5000,15.5000,14.6800,14.7000,3633
2007-02-02,14.6800,14.8800,14.6800,14.8800,100
2007-01-26,15.0000,15.0000,14.6100,14.6800,1240
2007-01-19,15.4500,15.5000,14.7200,15.0000,2059
2007-01-12,14.7500,15.4500,14.7500,15.4500,1200
2007-01-05,14.5600,15.7000,14.5600,15.4500,3533
2006-12-29,15.2500,15.5000,15.2500,15.5000,387
2006-12-22,15.0000,15.2500,15.0000,15.2500,990
2006-12-15,15.2500,15.2500,14.6500,14.6500,100
2006-12-08,15.3001,15.5000,15.2500,15.2500,1861
2006-12-01,15.5500,15.6900,15.5000,15.5000,1539
2006-11-24,15.4900,15.5000,15.3601,15.5000,670
2006-11-17,15.0500,15.4900,15.0500,15.4900,820
2006-11-10,15.5000,15.5000,15.3000,15.3720,2234
2006-11-03,15.2100,15.7500,15.1500,15.5000,5039
2006-10-27,14.0100,14.9140,14.0100,14.9140,2097
2006-10-20,14.3000,15.3500,14.3000,14.8000,900
2006-10-13,15.9600,15.9600,15.2500,15.7400,1986
2006-10-06,14.5000,15.9600,14.2700,15.9600,2996
2006-09-29,14.6300,14.6300,14.0000,14.0000,805
2006-09-22,15.7200,16.0000,14.6300,14.6300,2566
2006-09-15,16.0000,16.0000,14.3000,15.7200,3604
2006-09-08,16.0000,16.0000,15.0300,15.7900,2695
2006-09-01,14.0000,17.0000,14.0000,16.0000,6168
2006-08-25,14.0000,14.0000,14.0000,14.0000,0
2006-08-18,15.0000,15.0000,14.0000,14.0000,406
2006-08-11,14.0000,15.0000,14.0000,15.0000,200
2006-08-04,14.1000,14.1000,14.0000,14.0000,2188
2006-07-28,15.5000,15.5000,14.4500,14.4500,110
2006-07-21,15.5000,15.5000,15.5000,15.5000,0
2006-07-14,15.1600,15.5000,15.1600,15.5000,4550
2006-07-07,14.8000,15.5000,14.0000,15.1500,2100
2006-06-30,14.7900,14.8000,14.7900,14.8000,1383
2006-06-23,15.0940,15.2500,14.4000,14.4900,4981
2006-06-16,15.2500,15.2500,14.7500,14.7500,2200
2006-06-09,15.2500,15.2500,15.0000,15.0400,9761
2006-06-02,14.8000,15.5000,14.8000,15.2500,6297
2006-05-26,14.3800,14.5000,14.3800,14.5000,2900
2006-05-19,14.6408,14.9000,14.6408,14.6700,2123
2006-05-12,14.8400,15.0000,14.6000,14.6408,1100
2006-05-05,14.3000,14.8600,14.3000,14.8400,2640
2006-04-28,14.5500,15.2000,14.5500,15.0000,1600
2006-04-21,14.9000,14.9000,14.5500,14.5500,1287
2006-04-13,14.4080,15.0500,14.3100,14.9000,7737
2006-04-07,14.8000,14.8000,14.4800,14.4800,1000
2006-03-31,14.5000,14.8610,14.5000,14.8600,544
2006-03-24,14.8600,14.8600,14.5000,14.5000,356
2006-03-17,14.8601,15.0000,14.8600,15.0000,1700
2006-03-10,15.0000,15.0000,15.0000,15.0000,184
2006-03-03,14.9900,15.0000,14.2500,15.0000,6226
2006-02-24,14.5600,15.0000,14.2500,14.9900,3563
2006-02-17,15.0000,15.0000,13.9200,14.5988,2122
2006-02-10,15.5000,15.5000,15.5000,15.5000,224
2006-02-03,15.9000,15.9900,15.4300,15.4300,1557
2006-01-27,16.3500,16.3500,16.0000,16.0000,100
2006-01-20,16.4000,16.4000,16.3500,16.3500,900
2006-01-13,16.4000,16.4000,15.3000,16.1200,2100
2006-01-06,15.1000,16.4000,15.1000,15.8700,2700
2005-12-30,16.4700,16.4700,13.8400,15.1000,34100
2005-12-23,17.0400,17.2300,16.4900,16.6500,2600
2005-12-16,17.0501,17.0501,17.0500,17.0500,200
2005-12-09,18.0000,18.0000,17.0400,17.0400,1100
2005-12-02,17.5300,18.2000,17.5300,18.0000,500
2005-11-25,18.0100,18.2400,17.6400,18.2000,600
2005-11-18,18.5800,18.5800,17.7000,17.7000,3000
2005-11-11,18.5000,18.6100,18.0000,18.5800,2000
2005-11-04,18.6100,18.6100,18.2500,18.2500,400
2005-10-28,18.2700,18.8400,18.2500,18.6100,2000
2005-10-21,18.6000,18.9400,18.2500,18.9400,1700
2005-10-14,19.0000,19.0000,18.2800,18.2800,1200
2005-10-07,18.9000,19.0000,18.4701,19.0000,2500
2005-09-30,18.8000,18.9100,17.9100,18.8900,4900
2005-09-23,19.0000,19.0000,18.8000,18.8000,800
2005-09-16,17.7001,19.0000,17.3700,19.0000,2200
2005-09-09,18.0000,18.5400,17.7300,18.1500,3300
2005-09-02,18.2000,18.4800,17.3500,17.7000,3100
2005-08-26,18.4000,18.4000,18.0100,18.0610,2300
2005-08-19,19.0000,19.0000,18.2700,18.8900,2200
2005-08-12,19.0000,19.0000,18.1680,19.0000,2700
2005-08-05,18.4100,19.0000,17.7900,19.0000,4100
2005-07-29,18.3400,18.4200,18.3400,18.4100,400
2005-07-22,18.3400,18.3400,18.3347,18.3400,700
2005-07-15,18.2600,18.3400,17.9000,18.1200,2700
2005-07-08,18.0000,18.1580,17.5000,18.0000,3700
2005-07-01,18.0000,18.0000,17.0000,17.6700,3000
2005-06-24,18.0000,18.4200,17.5500,18.0000,7600
2005-06-17,18.3100,18.4500,17.5500,17.9999,2300
2005-06-10,18.0720,18.4900,18.0720,18.4600,4000
2005-06-03,35.1800,36.3700,17.5500,18.0000,6800
2005-05-27,36.0000,36.9800,35.0000,36.0000,3900
2005-05-20,35.0600,36.0040,34.5200,36.0000,3900
2005-05-13,34.0500,37.4600,33.0000,34.9400,10800
2005-05-06,35.0500,35.0500,35.0500,35.0500,0
2005-04-29,34.9900,35.0500,33.7500,35.0500,2300
2005-04-22,35.0500,35.0500,35.0500,35.0500,0
2005-04-15,35.0500,35.0500,35.0500,35.0500,0
2005-04-08,34.8700,35.0500,34.0000,35.0500,1800
2005-04-01,35.2000,35.2800,34.6000,35.0500,2700
2005-03-24,35.2000,35.2000,35.2000,35.2000,200
2005-03-18,35.0000,35.2000,35.0000,35.2000,100
2005-03-11,34.9990,35.0000,33.8930,35.0000,800
2005-03-04,34.0000,35.0000,33.0900,34.9000,2800
2005-02-25,34.0000,34.0000,32.0100,32.0100,1400
2005-02-18,34.6100,34.6100,33.2200,34.5900,1100
2005-02-11,34.9990,34.9990,33.7690,34.6100,500
2005-02-04,34.9800,35.0000,33.6100,34.9990,1800
2005-01-28,34.0000,34.6700,32.9990,34.6700,1300
2005-01-21,32.0000,34.0000,32.0000,34.0000,4600
2005-01-14,32.3300,32.5000,32.3300,32.5000,2100
2005-01-07,32.9500,32.9500,31.7410,32.3300,800
2004-12-31,32.3100,32.9600,32.3100,32.9600,1200
2004-12-23,31.4800,32.6400,30.5000,32.3100,3900
2004-12-17,30.2000,31.4500,30.0000,31.4500,2900
2004-12-10,29.7500,30.6600,29.6000,30.2000,6400
2004-12-03,31.1100,32.9000,30.1000,31.1600,7100
2004-11-26,31.7000,32.9000,31.0200,32.9000,1400
2004-11-19,31.5000,33.0000,30.4000,32.9000,3700
2004-11-12,32.9000,32.9000,30.5000,32.5900,2000
2004-11-05,32.8000,32.9000,32.8000,32.9000,300
2004-10-29,30.2200,32.8000,30.2200,32.8000,1800
2004-10-22,31.8000,31.8000,30.2000,30.2200,1600
2004-10-15,31.0600,31.0600,31.0400,31.0400,200
2004-10-08,31.7100,31.8000,31.0600,31.0600,500
2004-10-01,30.8000,31.8000,30.7200,31.7100,900
2004-09-24,31.8800,32.5900,30.8000,30.8000,3300
2004-09-17,30.9700,32.2000,30.9200,32.2000,1500
2004-09-10,31.6000,31.6000,30.2500,30.9400,1300
2004-09-03,32.9000,32.9000,30.0000,31.6000,9200
2004-08-27,32.2500,32.9000,31.7600,32.8100,1300
2004-08-20,32.8900,32.8900,32.8900,32.8900,400
2004-08-13,30.9000,32.8900,30.9000,32.8900,600
2004-08-06,32.5800,32.9000,31.9200,32.6700,1900
2004-07-30,31.5000,32.4500,31.2500,32.4500,1700
2004-07-23,31.5000,31.5000,31.5000,31.5000,200
2004-07-16,32.3400,32.3400,31.5000,31.5000,600
2004-07-09,32.1700,32.3400,32.1700,32.3400,100
2004-07-02,32.0000,32.1700,29.2500,32.1700,900
2004-06-25,32.0000,32.0000,28.8100,32.0000,1400
2004-06-18,30.4500,30.6900,30.4500,30.6900,800
2004-06-10,30.4500,30.4500,30.4500,30.4500,0
2004-06-04,30.5000,31.7700,30.4200,30.4500,1100
2004-05-28,30.3000,30.9500,30.3000,30.9500,400
2004-05-21,29.7500,30.8000,29.0000,30.3000,500
2004-05-14,28.8000,30.1600,28.8000,30.1600,2400
2004-05-07,29.9800,29.9800,28.1600,29.3800,7400
2004-04-30,30.7600,32.3300,28.2400,30.0000,12200
2004-04-23,34.0000,34.0000,31.5000,31.5000,5600
2004-04-16,35.4000,35.4000,33.0000,33.9400,3400
2004-04-08,35.4000,35.4000,35.4000,35.4000,900
2004-04-02,34.7800,35.4000,34.7800,35.4000,600
2004-03-26,34.2500,35.4350,34.2500,34.7800,900
2004-03-19,35.4890,35.4900,35.0100,35.0100,1100
2004-03-12,35.4900,35.4900,35.0000,35.0100,1200
2004-03-05,36.0000,36.0000,33.5000,35.4900,6100
2004-02-27,35.0000,35.0000,34.2500,34.2500,700
2004-02-20,34.0600,35.4900,34.0600,35.4900,800
2004-02-13,34.6100,34.6100,34.0600,34.0600,200
2004-02-06,35.0000,35.0800,34.6100,34.6100,1300
2004-01-30,35.1000,35.4900,35.0000,35.0000,2900
2004-01-23,33.8000,35.7500,33.8000,35.1000,8000
2004-01-16,33.3200,33.6000,33.3200,33.5000,2100
2004-01-09,33.4100,33.5000,33.4100,33.5000,400
2004-01-02,33.4390,33.4400,33.2000,33.4100,2000
2003-12-26,33.4200,33.4200,33.0000,33.2010,700
2003-12-19,32.7500,33.2000,32.5000,33.0000,1000
2003-12-12,33.4400,33.4400,32.5000,33.2100,1100
2003-12-05,33.0600,33.4400,32.9500,33.4400,2900
2003-11-28,32.7200,33.0600,32.5000,33.0600,4900
2003-11-21,32.6000,33.4300,32.2800,32.8300,16200
2003-11-14,32.2400,32.6000,31.1000,32.5200,5200
2003-11-07,32.0000,32.5700,31.3500,32.2400,6100
2003-10-31,31.0000,32.5900,30.9400,32.5900,4100
2003-10-24,32.5800,32.7000,31.0800,31.1000,5700
2003-10-17,32.3490,33.0000,31.3600,32.8000,2500
2003-10-10,30.0000,32.8800,30.0000,32.3490,4800
2003-10-03,27.8200,30.0000,27.7500,30.0000,8700
2003-09-26,28.0000,28.0000,27.7500,28.0000,1700
2003-09-19,28.0100,29.0000,27.8800,28.0000,3500
2003-09-12,29.0000,30.0000,28.2100,28.2100,2800
2003-09-05,28.4900,30.0000,28.0000,30.0000,4600
2003-08-29,25.9600,28.4500,25.6500,28.0000,2300
2003-08-22,26.3000,26.8890,25.4500,25.9600,5700
2003-08-15,22.2510,26.0000,22.2510,25.2500,10200
2003-08-08,23.2400,23.2400,22.2500,23.0000,1600
2003-08-01,22.0100,22.3500,22.0100,22.0100,2500
2003-07-25,25.6200,25.6200,22.0010,22.0010,200
2003-07-18,22.3700,25.6200,22.3700,25.6200,2700
2003-07-11,21.5100,22.3700,21.5100,22.3700,1400
2003-07-03,22.5100,22.5100,21.5010,22.2500,3300
2003-06-27,24.3200,24.3200,23.0000,23.0000,1800
2003-06-20,24.0000,24.6000,22.8000,24.2500,3800
2003-06-13,24.0000,24.0000,24.0000,24.0000,0
2003-06-06,24.0000,24.0000,23.3000,24.0000,300
2003-05-30,23.5100,23.9900,23.2600,23.2600,1000
2003-05-23,24.2500,24.5000,23.0000,24.0000,6800
2003-05-16,24.0100,24.0100,23.0000,23.0000,6200
2003-05-09,20.8000,24.4900,20.8000,23.5000,9800
2003-05-02,21.1000,21.1000,20.8000,20.8000,300
2003-04-25,21.2000,21.2000,21.2000,21.2000,0
2003-04-17,22.1000,22.1000,21.2000,21.2000,2500
2003-04-11,22.1000,22.1000,22.1000,22.1000,4400
2003-04-04,22.0000,22.1000,21.5000,22.0000,3200
2003-03-28,22.0000,22.0000,21.8000,22.0000,1200
2003-03-21,21.8500,23.1000,21.4500,22.0000,12800
2003-03-14,22.5000,22.5700,21.1500,21.3800,2200
2003-03-07,20.1200,22.1200,20.1200,21.6000,7900
2003-02-28,19.4600,20.1200,19.0000,19.0000,1700
2003-02-21,20.0200,20.7000,19.2500,19.2500,1900
2003-02-14,20.5700,21.1500,19.0200,21.1500,1600
2003-02-07,19.2500,20.5000,19.2000,20.5000,600
2003-01-31,19.0500,19.2500,19.0000,19.2500,2000
2003-01-24,19.0500,19.0500,19.0500,19.0500,0
2003-01-17,19.7500,19.7700,19.0300,19.0500,5600
2003-01-10,19.2400,19.7500,19.0000,19.7500,3200
2003-01-03,19.0000,19.0000,19.0000,19.0000,600
2002-12-27,19.5000,19.5000,19.0000,19.0000,100
2002-12-20,19.1000,19.5000,19.1000,19.5000,5400
2002-12-13,19.2000,19.9800,19.1000,19.1000,4000
2002-12-06,19.8700,19.8700,19.0000,19.0000,1200
2002-11-29,19.5700,20.0000,18.9800,19.8700,1100
2002-11-22,19.1800,19.3200,18.9000,19.3200,1200
2002-11-15,19.0000,19.1800,18.9000,19.1800,1900
2002-11-08,19.0000,19.8700,19.0000,19.0000,1100
2002-11-01,18.1200,19.0000,17.8000,19.0000,1000
2002-10-25,17.3500,18.1200,17.3500,18.1200,1100
2002-10-18,17.6200,17.9600,17.3100,17.3500,1900
2002-10-11,17.6100,17.8000,17.3700,17.5000,7900
2002-10-04,17.9000,18.6000,17.6100,17.6100,3400
2002-09-27,17.6500,17.9000,17.6500,17.9000,500
2002-09-20,17.6000,17.6000,17.6000,17.6000,100
2002-09-13,17.7000,18.5000,17.7000,18.3500,800
2002-09-06,18.0000,18.0500,17.7000,17.7000,5700
2002-08-30,17.4300,17.5000,17.2500,17.5000,1500
2002-08-23,17.7500,17.7500,17.2600,17.4300,2000
2002-08-16,18.2500,18.2500,17.7500,17.8000,5600
2002-08-09,18.1700,18.5500,18.1700,18.2600,2200
2002-08-02,17.6000,18.1700,17.5800,18.1700,3200
2002-07-26,18.0000,18.0000,17.5100,17.5100,3200
2002-07-19,18.1300,18.1300,17.7500,18.0000,1300
2002-07-12,18.9000,19.0000,18.1000,18.1000,1200
2002-07-05,18.7200,19.2200,18.7200,18.9000,400
2002-06-28,17.5100,19.0000,17.5100,18.2200,1400
2002-06-21,17.3000,17.5100,17.3000,17.5100,1000
2002-06-14,17.5000,17.9000,17.0000,17.3000,2500
2002-06-07,17.7000,17.9000,17.5000,17.5000,1300
2002-05-31,18.2500,18.2500,17.8000,17.8000,3100
2002-05-24,18.1800,18.4600,18.0000,18.4600,2600
2002-05-17,17.6500,18.3000,17.6500,18.2500,12300
2002-05-10,17.7500,18.1500,17.6500,17.6500,7800
2002-05-03,17.8000,18.2500,17.4100,17.9800,11100
2002-04-26,18.0000,18.2200,17.4900,18.1000,3300
2002-04-19,18.1000,18.2200,17.6000,18.1300,4100
2002-04-12,18.1000,18.1000,17.5000,18.1000,1600
2002-04-05,17.9900,17.9900,17.1000,17.7500,1600
2002-03-28,17.5100,17.9900,17.5000,17.9900,500
2002-03-22,16.9500,19.0000,16.8000,17.5100,5700
2002-03-15,18.6000,18.6100,16.7500,17.0500,5700
2002-03-08,18.9000,19.7500,18.7000,19.0000,9200
2002-03-01,18.2500,19.0000,17.6400,18.7500,5900
2002-02-22,17.1500,18.7500,17.1500,18.7500,3400
2002-02-15,16.0000,17.0000,16.0000,17.0000,5100
2002-02-08,15.7500,16.2300,15.2500,16.2300,1700
2002-02-01,16.2500,16.2500,15.5500,15.7500,2300
2002-01-25,16.0000,16.1500,15.7000,15.7000,2900
2002-01-18,15.1000,15.9000,15.1000,15.8500,6000
2002-01-11,14.7500,15.8500,14.7500,15.1000,4400
2002-01-04,15.0500,15.6000,14.7500,14.7500,2900
2001-12-28,15.5000,15.5000,15.0500,15.0500,200
2001-12-21,15.5000,15.7500,15.0000,15.5000,2200
2001-12-14,15.2000,15.2500,14.6500,14.6500,600
2001-12-07,15.2000,15.2500,15.2000,15.2000,1300
2001-11-30,14.2000,15.0000,14.2000,15.0000,1700
2001-11-23,13.8000,14.1500,13.8000,13.9500,600
2001-11-16,13.6000,13.9500,13.6000,13.8000,1000
2001-11-09,13.6500,14.0000,13.6000,14.0000,2000
2001-11-02,13.8000,14.1000,13.8000,14.1000,7300
2001-10-26,14.0000,14.1400,13.8000,13.8000,2700
2001-10-19,14.1400,14.1400,13.6500,13.9500,1100
2001-10-12,13.8000,14.1400,13.5500,14.1400,7700
2001-10-05,14.0000,14.0500,13.4600,14.0500,12900
2001-09-28,13.5500,14.1200,13.5500,13.9600,20900
2001-09-21,14.0500,14.0500,13.5000,13.5000,5600
2001-09-10,14.0700,14.0700,14.0700,14.0700,0
2001-09-07,15.0000,15.0000,14.0700,14.0700,4600
2001-08-31,15.3000,15.3000,14.0000,14.2900,24500
2001-08-24,13.6200,15.7500,13.6200,15.1100,25600
2001-08-17,13.2500,13.6200,13.1000,13.6200,8600
2001-08-10,11.7400,13.9500,11.5000,13.2500,39600
2001-08-03,11.1800,12.0500,11.0500,11.6000,15400
2001-07-27,10.8000,12.0000,10.8000,11.2500,5200
2001-07-20,10.5500,10.8000,10.5500,10.7500,10700
2001-07-13,10.9000,11.0000,10.4000,10.7000,16400
2001-07-06,11.1200,11.1200,10.9000,10.9000,2500
2001-06-29,10.8000,11.2500,10.8000,10.9000,3100
2001-06-22,11.3500,11.3500,10.7500,10.8000,5100
2001-06-15,11.4000,11.5000,11.3500,11.3500,4100
2001-06-08,11.9000,12.0200,11.4000,11.4000,12400
2001-06-01,12.0000,12.4000,11.0000,11.5000,23400
2001-05-25,12.9000,12.9000,12.0000,12.0000,10300
2001-05-18,12.4500,12.9000,12.0000,12.7500,40400
2001-05-11,13.0000,14.0000,11.0000,12.5000,86500
2001-05-04,9.2500,13.0000,9.2500,12.3400,29400
2001-04-27,9.2500,9.3800,9.2500,9.2500,1600
2001-04-20,9.5000,9.5100,9.1500,9.1500,2400
2001-04-12,9.7500,9.7500,9.5000,9.5000,2000
2001-04-06,9.8800,9.8800,9.6900,9.8800,5600
2001-03-30,10.0000,10.0000,9.6200,9.8800,1800
2001-03-23,10.2500,10.5000,10.1200,10.1200,1500
2001-03-16,10.1900,10.5000,10.1200,10.5000,4700
2001-03-09,10.3800,10.3800,10.2500,10.2500,800
2001-03-02,10.1200,10.3800,10.1200,10.3800,7600
2001-02-23,10.0000,10.1200,10.0000,10.1200,800
2001-02-16,9.6200,10.5000,9.6200,10.0000,5400
2001-02-09,9.7500,10.0000,9.6200,9.6200,16400
2001-02-02,9.6200,9.6200,9.5000,9.6200,2300
2001-01-26,9.1200,9.7500,9.1200,9.7500,600
2001-01-19,9.2500,9.2500,9.0600,9.0600,100
2001-01-12,9.2500,9.5000,9.2500,9.2500,1500
2001-01-05,9.2500,9.2500,9.2500,9.2500,0
2000-12-29,8.7500,9.2500,8.7500,9.2500,5000
2000-12-22,9.6200,9.6200,8.6200,8.6200,4700
2000-12-15,9.7500,9.7500,9.6200,9.6200,100
2000-12-08,9.7500,9.7500,9.7500,9.7500,1000
2000-12-01,8.6200,9.8800,8.5600,9.7500,6800
2000-11-24,8.6200,8.6200,8.6200,8.6200,1000
2000-11-17,9.0000,9.0000,9.0000,9.0000,1800
2000-11-10,9.2500,9.2500,8.7500,9.0000,1400
2000-11-03,9.2500,10.5000,9.2500,9.5000,5500
2000-10-27,8.3800,9.0000,8.3800,9.0000,11700
2000-10-20,8.0000,8.8800,8.0000,8.3800,4000
2000-10-13,8.7500,8.7500,8.1200,8.1200,500
2000-10-06,8.5000,8.7500,8.2500,8.7500,600
2000-09-29,8.6200,8.6200,8.5000,8.5000,900
2000-09-22,8.6900,8.6900,8.3800,8.6200,23600
2000-09-15,8.6200,8.6900,8.5600,8.6900,800
2000-09-08,9.0000,9.0000,8.8800,8.8800,4800
2000-09-01,8.5000,9.1200,7.6200,9.0000,4800
2000-08-25,8.2500,9.0000,7.6200,8.5000,7100
2000-08-18,8.5000,8.7500,8.5000,8.7500,600
2000-08-11,8.1200,8.8800,8.1200,8.6200,4900
2000-08-04,8.1200,8.1200,8.1200,8.1200,400
2000-07-28,8.3800,8.6200,8.3800,8.5000,1200
2000-07-21,7.8800,8.3800,7.8800,8.3800,1200
2000-07-14,7.8100,7.8800,7.7500,7.8800,400
2000-07-07,7.7500,7.8100,7.7500,7.8100,800
2000-06-30,7.8800,8.1200,7.7500,7.7500,2000
2000-06-23,8.0000,8.0000,7.8800,7.8800,7000
2000-06-16,7.6900,8.1200,7.6900,7.8800,6400
2000-06-09,7.6900,7.7500,7.6900,7.6900,2700
2000-06-02,7.7500,7.8800,7.7500,7.7500,4600
2000-05-26,7.6200,7.7500,7.6200,7.7500,300
2000-05-19,7.6200,7.6200,7.6200,7.6200,100
2000-05-12,8.3800,8.3800,7.5000,7.6200,6200
2000-05-05,8.3800,8.3800,8.3800,8.3800,0
2000-04-28,7.8800,9.0000,7.7500,8.3800,15900
2000-04-20,7.7500,7.8800,7.3800,7.8800,10600
2000-04-14,7.7500,7.7500,7.7500,7.7500,500
2000-04-07,7.8100,7.8100,7.6200,7.7500,6400
2000-03-31,7.8800,8.0000,7.8100,7.8100,1400
2000-03-24,8.2500,8.2500,7.8800,7.8800,1600
2000-03-17,8.5000,8.5000,8.2500,8.2500,200
2000-03-10,8.3800,8.5000,8.3800,8.5000,3600
2000-03-03,7.7500,8.3800,7.7500,8.3800,300
2000-02-25,7.8800,7.8800,7.7500,7.7500,2700
2000-02-18,8.5000,8.5000,7.8800,7.8800,3800
2000-02-11,8.7500,8.7500,8.5000,8.5000,1300
2000-02-04,8.3800,8.7500,8.3800,8.7500,300
2000-01-28,8.5000,8.7500,8.3800,8.7500,5900
2000-01-21,8.5000,8.5000,8.5000,8.5000,600
2000-01-14,9.0000,9.0000,8.5000,8.5000,8200
