timestamp,open,high,low,close,volume
2018-02-27,10.3100,10.5800,10.0400,10.3600,565702
2018-02-23,10.2800,10.6000,9.6500,10.2100,1595027
2018-02-16,10.8200,11.2500,10.1900,10.3500,1944631
2018-02-09,12.1000,12.5000,9.7600,10.6900,3674133
2018-02-02,12.6700,13.9900,12.0500,12.4200,4790021
2018-01-26,12.5900,13.3800,11.8100,12.7200,5342551
2018-01-19,12.0100,12.8700,11.0000,12.5800,3510183
2018-01-12,9.6500,12.3700,9.2200,11.7800,6868552
2018-01-05,9.2100,9.8600,8.9900,9.6700,1699224
2017-12-29,8.7800,9.3600,8.3400,9.1500,1347887
2017-12-22,8.7000,10.0500,8.6500,8.8400,3213633
2017-12-15,8.4000,8.7500,8.0000,8.6300,1331571
2017-12-08,8.5700,9.0800,8.0100,8.2800,1302203
2017-12-01,10.8300,10.9000,8.3150,8.5700,2669225
2017-11-24,9.3000,10.9500,9.2000,10.8300,1775948
2017-11-17,8.3900,9.4890,8.3120,9.2800,1406105
2017-11-10,8.9800,9.2500,8.1100,8.4100,627938
2017-11-03,8.3000,9.3200,7.8500,8.9800,1201157
2017-10-27,8.3900,8.8300,7.4400,8.3000,988083
2017-10-20,9.0000,9.2400,8.0650,8.3900,856086
2017-10-13,9.9000,10.8000,8.7100,8.9900,936588
2017-10-06,10.1600,10.5300,9.3700,9.8500,594754
2017-09-29,10.5500,10.8770,9.7300,10.3000,603252
2017-09-22,10.8500,11.5000,10.2200,10.5500,625688
2017-09-15,9.3200,11.6000,9.3000,10.8000,712764
2017-09-08,9.4200,9.4900,9.0500,9.2500,71075
2017-09-01,9.8100,9.9900,8.8100,9.5200,233507
2017-08-25,8.4400,9.8600,8.1300,9.7000,222155
2017-08-18,8.9170,8.9170,8.0000,8.4600,96562
2017-08-11,7.1800,8.9500,7.1800,8.9500,134691
2017-08-04,7.2900,7.6100,6.7600,7.3100,296149
2017-07-28,8.1400,8.3500,7.3000,7.4000,351962
2017-07-21,8.9580,8.9800,7.8900,8.2100,508102
2017-07-14,7.8800,9.4000,7.8500,8.9000,257409
2017-07-07,8.6000,8.8000,7.7600,7.8200,219499
2017-06-30,9.1300,9.3600,8.1100,8.5600,374853
2017-06-23,8.6900,9.4000,8.4400,9.1200,220324
2017-06-16,9.3900,9.4890,8.0200,8.6700,460623
2017-06-09,10.9100,11.3100,9.1100,9.4400,711140
2017-06-02,11.9300,12.4290,10.7000,11.0800,912836
2017-05-26,12.0400,13.3900,11.6650,11.8500,791364
2017-05-19,11.6900,12.4000,11.5400,11.9000,170673
2017-05-12,12.2000,12.3200,11.5000,11.6350,253273
2017-05-05,12.2300,12.3400,11.7000,12.3400,171836
2017-04-28,12.3200,12.5400,12.0200,12.2700,262415
2017-04-21,12.7000,13.1100,12.0300,12.2600,293796
2017-04-13,12.9300,13.0400,12.5200,12.9000,56306
2017-04-07,13.2100,13.9400,12.3700,12.9600,147652
2017-03-31,12.3100,13.4850,12.0000,13.2900,313283
2017-03-24,13.2890,13.6000,11.4200,12.3400,200654
2017-03-17,11.4340,13.7330,11.4340,13.0600,426618
2017-03-10,11.9000,12.0900,11.4300,11.5800,79522
2017-03-03,12.0000,12.3600,11.4000,11.9800,342365
2017-02-24,12.2210,12.4900,11.7400,11.9300,204121
2017-02-17,12.0300,12.2000,11.4300,11.9500,83096
2017-02-10,12.0400,12.4000,11.6800,12.2000,63260
2017-02-03,11.9100,12.2200,11.6600,12.0000,115511
2017-01-27,11.8800,12.2400,11.3000,11.8900,85442
2017-01-20,10.9900,12.0500,10.9000,11.7500,102216
2017-01-13,11.1500,12.1400,10.2800,10.8200,236031
2017-01-06,9.9000,11.2000,9.9000,11.0600,141038
2016-12-30,11.0400,11.2300,9.9000,10.1900,252714
2016-12-23,11.6900,12.4550,10.1000,11.1400,735922
2016-12-16,13.2500,13.5650,11.9500,12.2500,330815
2016-12-09,14.2000,14.9000,12.6900,13.2500,280312
2016-12-02,15.1600,15.4100,14.0400,14.3300,293050
2016-11-25,15.7000,15.9560,14.0000,15.1500,230531
2016-11-18,14.9200,16.3800,14.0300,15.5400,171001
2016-11-11,16.2600,16.3300,13.9080,14.8500,800959
2016-11-04,14.0600,16.5400,13.3210,16.1500,798983
2016-10-28,16.0100,16.0900,13.8200,13.9600,732824
2016-10-21,16.3300,16.8334,15.8100,16.0400,468413
2016-10-14,16.9700,18.0000,15.6400,16.4300,1296116
2016-10-07,16.6500,18.2900,16.5000,16.8000,1430902
2016-09-30,15.4500,17.4000,15.4500,16.8500,3189417
