timestamp,open,high,low,close,volume
2018-02-27,44.7500,44.8000,44.6500,44.6500,2676882
2018-02-23,44.7500,44.8500,44.6250,44.7000,6470101
2018-02-16,44.8500,44.9250,44.6500,44.7500,8474452
2018-02-09,45.1500,45.4000,44.7000,44.8000,10703987
2018-02-02,45.8500,46.1000,45.1000,45.1000,8895924
2018-01-26,45.1500,47.0000,45.0500,46.0000,17543104
2018-01-19,45.0500,45.4000,44.9000,45.2500,49200724
2018-01-12,35.8000,37.3750,35.3563,36.5000,5905513
2018-01-05,35.6500,36.5000,33.4500,35.7500,4915631
2017-12-29,33.8500,35.8000,33.8500,35.6500,2267800
2017-12-22,34.6000,35.1500,33.6000,33.8500,2489882
2017-12-15,34.2500,35.6250,34.1000,34.3500,4312130
2017-12-08,36.5000,36.5500,34.1500,34.2500,4368325
2017-12-01,36.5500,37.9000,35.7000,36.2000,4130661
2017-11-24,36.0000,37.4500,35.8000,36.5500,5335340
2017-11-17,35.8000,36.1500,33.8500,35.8500,4743475
2017-11-10,35.1000,36.2300,33.6500,35.5000,5148738
2017-11-03,33.8000,35.5500,33.2200,35.0500,3628366
2017-10-27,35.1500,35.2000,33.3000,34.0000,3665187
2017-10-20,34.6500,35.5500,32.6000,35.1500,8675407
2017-10-13,42.9500,45.0000,34.7000,34.8500,12335665
2017-10-06,43.8000,45.1000,42.7500,42.9500,2652197
2017-09-29,43.2500,44.3000,43.1500,43.8000,1689747
2017-09-22,44.4000,44.7500,42.5500,43.3500,1572842
2017-09-15,44.8000,45.5500,44.1000,44.3500,1565122
2017-09-08,45.1000,45.4000,44.2000,44.4500,1072547
2017-09-01,42.9500,45.5500,42.4000,45.2000,1578112
2017-08-25,42.6000,43.6500,42.2000,42.7000,948905
2017-08-18,42.6000,44.1000,41.8500,42.7000,1625400
2017-08-11,42.6500,43.0000,41.5000,42.3500,3091449
2017-08-04,43.8500,44.3000,41.9000,42.5000,2311991
2017-07-28,44.9500,45.6500,43.7500,43.8500,3251289
2017-07-21,42.8000,46.7000,42.7000,45.0000,4969536
2017-07-14,43.6000,43.8000,42.3500,42.4500,2623383
2017-07-07,43.7000,44.1000,42.5000,43.5500,1024022
2017-06-30,42.9000,44.8500,41.8500,43.6000,2667370
2017-06-23,41.4500,42.9500,40.8500,42.8500,1811473
2017-06-16,42.5000,43.1500,40.3500,41.2000,2529410
2017-06-09,44.5000,44.9000,41.7300,42.5000,2761232
2017-06-02,42.6500,44.9000,42.3000,44.7000,2686670
2017-05-26,42.2000,43.6000,42.2000,42.7000,2443649
2017-05-19,41.3500,42.7500,40.8000,41.9500,2490348
2017-05-12,41.9000,42.6000,41.1000,41.3000,2413711
2017-05-05,40.5000,42.0500,40.1500,41.8000,3745904
2017-04-28,41.7500,42.8000,39.5000,40.4500,4272121
2017-04-21,38.9000,41.5500,38.7500,41.1000,2556094
2017-04-13,39.0500,39.8000,38.6000,38.8000,1793598
2017-04-07,40.7000,40.7500,39.0000,39.0500,2406606
2017-03-31,38.2000,41.5300,37.7500,40.6000,3709726
2017-03-24,37.0000,39.5500,37.0000,38.7000,3782393
2017-03-17,35.6500,36.5500,35.3500,36.1000,2085690
2017-03-10,36.0000,36.3500,35.2500,36.1000,2090904
2017-03-03,36.6500,38.0000,35.8500,36.1000,2629655
2017-02-24,36.1000,38.1500,36.1000,36.6000,4171335
2017-02-17,38.2000,38.4500,33.5000,36.0000,9994308
2017-02-10,36.8500,38.3500,36.0000,37.9500,2031699
2017-02-03,35.9000,37.1000,35.3500,37.0500,3325102
2017-01-27,36.6000,37.2500,36.0000,36.1000,1342366
2017-01-20,36.4500,37.3000,36.0000,36.6500,1699367
2017-01-13,37.9500,38.1500,36.3500,37.4500,1685612
2017-01-06,38.0000,39.3000,37.2500,37.9500,2084178
2016-12-30,37.7000,38.0000,37.1500,37.6750,1073553
2016-12-23,38.3000,38.6000,36.6500,37.6000,2461358
2016-12-16,38.2500,39.1000,38.0000,38.3000,2204559
2016-12-09,35.6500,38.7000,35.5000,38.3500,2254920
2016-12-02,36.7000,37.2500,34.7750,35.5000,2527658
2016-11-25,36.3500,37.0500,36.0500,36.9000,1278933
2016-11-18,35.7500,36.8500,35.2500,36.3000,2592986
2016-11-11,33.6000,35.8000,32.7500,35.5500,3266075
2016-11-04,34.8500,34.9000,33.0000,33.1000,3805147
2016-10-28,36.3000,36.4500,34.6000,34.8000,4737980
2016-10-21,34.5000,36.6500,34.2000,36.2500,5327393
2016-10-14,32.0400,35.2400,31.3000,34.3000,8820317
2016-10-07,29.9900,32.1500,29.6050,31.8300,4178505
2016-09-30,30.7700,30.9000,29.7700,30.1700,1974468
2016-09-23,30.3600,31.4900,28.8800,31.0400,4824449
2016-09-16,31.8400,32.7100,30.1100,30.3300,4564015
2016-09-09,33.6500,34.5000,32.0000,32.0100,1827176
2016-09-02,33.7200,34.6600,33.4500,33.5200,2864780
2016-08-26,32.5500,34.0200,32.4500,33.7600,3290638
2016-08-19,33.4800,33.8700,32.5800,32.7300,2917157
2016-08-12,34.4200,34.6400,32.0400,33.4700,5129348
2016-08-05,34.7300,35.0500,33.8400,34.3400,4721298
2016-07-29,36.5300,37.6150,34.7900,34.7900,6243972
2016-07-22,33.9900,37.0700,33.0700,36.5100,13138658
2016-07-15,33.6200,34.6100,33.3700,34.0100,3270808
2016-07-08,32.9300,33.4400,32.2700,33.3500,1264930
2016-07-01,32.0300,33.7150,31.1400,33.2900,2467799
2016-06-24,33.4600,33.9200,32.0200,32.5500,2135673
2016-06-17,33.1000,33.6000,32.0800,33.0400,2533768
2016-06-10,35.0200,35.7700,33.0000,33.2900,2261627
2016-06-03,34.5200,35.3300,34.0000,35.0200,1298456
2016-05-27,32.3600,34.5900,32.2100,34.4600,2127700
2016-05-20,31.5700,32.8100,31.1300,32.4400,3444474
2016-05-13,31.7100,32.6500,31.2800,31.5400,1802956
2016-05-06,32.0800,32.8400,31.0000,31.8900,2778626
2016-04-29,34.8500,35.6000,31.0700,32.1300,5282811
2016-04-22,34.6900,35.4100,34.4400,35.0200,1231878
2016-04-15,33.6400,34.9000,33.0700,34.7300,1311380
2016-04-08,34.8300,35.0000,32.8800,33.5500,1604412
2016-04-01,33.1800,34.9200,32.6900,34.8300,1615105
2016-03-24,34.0100,34.6300,32.4000,32.9900,1586255
2016-03-18,33.6900,35.0300,32.4800,34.0300,3015880
2016-03-11,32.6200,34.4600,32.5300,33.9000,3404035
2016-03-04,34.9800,35.1799,32.5300,32.6600,4931301
2016-02-26,38.8400,39.2900,29.9100,35.1400,6559319
2016-02-19,37.1200,38.7100,36.6100,38.3700,1459564
2016-02-12,36.5000,36.5500,34.7100,36.5300,1962929
2016-02-05,37.2000,38.4400,35.9900,37.0100,1889501
2016-01-29,38.1200,38.1900,35.5465,37.6900,1571679
2016-01-22,39.5900,39.6282,36.2914,38.1600,2541989
2016-01-15,41.1800,41.4700,37.8100,39.3600,2247364
2016-01-08,43.3300,43.6700,40.8100,41.1600,2652099
2015-12-31,44.9100,45.8915,44.0100,44.2100,966030
2015-12-24,45.6500,45.9400,43.1700,45.3200,1416138
2015-12-18,46.7000,48.1890,45.4700,45.5200,2136191
2015-12-11,47.7900,48.2000,45.3210,46.8400,2280373
2015-12-04,47.9600,48.2890,45.9000,47.9500,2330430
2015-11-27,44.8300,48.4000,44.7800,47.5500,1773825
2015-11-20,44.1600,45.7425,43.5400,45.0800,2129176
2015-11-13,45.1800,45.7800,44.1500,44.5300,2374261
2015-11-06,42.6000,45.4100,42.5840,45.2300,1729236
2015-10-30,40.8000,43.5500,40.6200,42.5800,2280046
2015-10-23,41.5600,41.8300,39.0900,40.9900,2904868
2015-10-16,46.2300,46.8100,40.5000,41.8500,6384605
2015-10-09,43.2800,46.9700,43.0400,45.9400,3814793
2015-10-02,42.1600,43.6500,40.8330,43.0400,1937595
2015-09-25,41.8800,42.9800,41.3800,42.4100,1735309
2015-09-18,41.6000,42.1900,40.6800,41.6700,1778946
2015-09-11,39.6900,41.7808,39.4600,41.6500,1536650
2015-09-04,40.2100,40.2500,37.8700,38.9400,1955877
2015-08-28,39.8000,40.8400,33.5900,40.2600,3763457
2015-08-21,43.5000,45.4900,41.3400,42.1900,2733722
2015-08-14,44.5100,44.8900,42.1900,43.5000,1935345
2015-08-07,46.0400,46.1300,43.8600,44.3800,2080802
2015-07-31,44.5000,46.0000,43.4100,45.9300,2854286
2015-07-24,43.1000,46.0500,41.8700,44.5800,5235029
2015-07-17,43.7500,43.8739,42.7000,42.9500,2516856
2015-07-10,41.6800,42.8900,41.0100,42.6100,2360104
2015-07-02,41.5500,42.1000,41.0100,41.4300,1741642
2015-06-26,41.0900,42.3900,40.9100,41.8800,2672277
2015-06-19,37.6400,41.4686,37.4200,40.9800,3414727
2015-06-12,35.7900,38.1500,35.3800,37.8800,1898882
2015-06-05,34.3500,36.6300,34.0900,35.7600,3157699
2015-05-29,37.2000,37.2350,33.5850,34.4000,4162620
2015-05-22,38.0100,38.2800,36.6800,37.2700,2763108
2015-05-15,36.0000,38.6200,35.8000,37.9500,3619040
2015-05-08,37.3900,37.3900,35.7500,36.0000,2065848
2015-05-01,35.7100,38.7000,34.8700,37.1700,3543985
2015-04-24,36.1500,36.3700,35.0700,35.6700,1348077
2015-04-17,36.9800,37.6650,35.6700,35.8600,1810144
2015-04-10,37.0800,37.4899,36.0800,36.9700,1318015
2015-04-02,35.3900,37.5000,34.6500,37.4600,1378729
2015-03-27,34.4700,35.7700,33.5100,35.3700,2140393
2015-03-20,33.7600,34.9800,32.9800,34.6300,2736804
2015-03-13,34.0600,35.2000,33.0500,34.2500,2243869
2015-03-06,36.9000,37.4700,33.8500,33.8900,3497764
2015-02-27,38.6000,40.5700,33.8600,37.0400,5049428
2015-02-20,36.6600,38.7950,36.6000,38.1500,917285
2015-02-13,36.8500,38.1100,36.0600,36.5900,1074904
2015-02-06,33.3200,36.9900,33.1000,36.9800,1721202
2015-01-30,34.1200,34.2600,33.0000,33.3600,1576148
2015-01-23,34.7100,35.3500,33.4800,34.2500,977446
2015-01-16,35.9500,36.6700,33.7900,34.6400,1491612
2015-01-09,36.7500,37.2700,34.5000,35.8200,1705095
2015-01-02,40.0800,40.5000,36.9500,37.0100,1088960
2014-12-26,39.6200,40.5100,38.5300,40.0100,1368206
2014-12-19,36.2800,38.1600,35.0300,38.1400,1973737
2014-12-12,36.7600,38.2900,35.8196,36.2800,1627559
2014-12-05,36.3600,37.9100,35.6700,36.8900,1665585
2014-11-28,34.4800,36.8900,34.4300,36.3200,1593445
2014-11-21,36.4300,36.7000,34.4400,34.4800,1434068
2014-11-14,36.5700,37.7400,36.2000,36.4700,2005807
2014-11-07,34.5600,36.3300,34.5600,36.3000,1613419
2014-10-31,32.7900,35.1700,32.4600,34.5600,2349366
2014-10-24,33.4900,34.0982,32.4500,32.8400,2036924
2014-10-17,34.5900,35.1300,32.6900,33.5000,3096005
2014-10-10,31.8300,35.5400,31.5000,34.7000,5153117
2014-10-03,31.8100,32.9500,30.8301,31.8600,2719385
2014-09-26,28.2000,31.5000,27.2600,31.1800,3187918
2014-09-19,28.2700,28.6200,27.7840,28.3500,797500
2014-09-12,27.4300,28.3100,27.3250,28.1600,860400
2014-09-05,27.7100,28.0000,27.3200,27.4350,469400
2014-08-29,28.3900,28.4250,27.4500,27.5800,450300
2014-08-22,28.8100,29.0900,28.1100,28.3100,727100
2014-08-15,28.1400,29.1800,27.7600,28.5700,850900
2014-08-08,28.4000,28.5000,27.6600,27.9700,1135800
2014-08-01,27.3200,28.7800,26.8800,28.2500,1191200
2014-07-25,27.9700,28.4200,26.9401,27.3500,752700
2014-07-18,27.6800,29.3299,26.1400,28.2100,3070400
2014-07-11,28.7800,28.9200,26.6200,27.5600,1002300
2014-07-03,28.2400,29.0600,27.9830,28.9300,1030100
2014-06-27,25.9000,28.3700,25.6500,28.2200,1909700
2014-06-20,25.2000,26.0500,25.1300,25.9000,1143300
2014-06-13,24.9900,25.4200,24.7468,25.3200,960200
2014-06-06,24.7700,25.1100,23.8600,25.0900,958300
2014-05-30,25.1500,25.2700,24.2000,24.8400,1267400
2014-05-23,23.2700,25.0700,23.2100,24.9600,1059900
2014-05-16,24.2800,24.7800,23.1800,23.3800,1426100
2014-05-09,24.0600,24.7700,23.5200,24.1800,1502100
2014-05-02,23.8000,24.9400,23.1800,24.2200,3235400
2014-04-25,24.8000,25.0999,23.3900,23.8100,4489400
2014-04-17,23.8000,25.2800,23.6200,24.9200,7624800
2014-04-11,24.5000,25.1600,23.6400,23.8500,3669300
2014-04-04,25.5000,25.5000,23.1900,24.5500,5329000
2014-03-28,26.8000,27.5000,24.6000,25.6300,1448400
2014-03-21,25.9000,27.5900,25.9000,27.0600,820100
2014-03-14,27.6500,28.4900,25.8585,25.9300,1234200
2014-03-07,24.1800,28.5150,24.0200,27.5300,2635800
2014-02-28,23.1600,25.3600,23.0200,24.7800,2620500
2014-02-21,26.5300,28.2400,21.6500,23.0400,5608700
2014-02-14,26.1800,27.4700,25.9500,26.4200,879300
2014-02-07,26.3600,27.0800,24.4100,26.1900,859100
2014-01-31,27.7700,28.0800,25.6000,26.3100,993900
2014-01-24,28.1500,28.4200,27.5600,27.7800,690700
2014-01-17,28.7400,29.7300,27.6800,28.0400,1041400
2014-01-10,25.4200,28.9200,25.0000,28.4500,1429700
2014-01-03,25.7000,25.7000,24.7900,25.1800,438300
2013-12-27,24.7900,25.9300,24.7600,25.6600,623400
2013-12-20,23.9600,24.8300,22.7600,24.6200,903600
2013-12-13,22.5700,24.1700,21.9100,23.7600,560600
2013-12-06,22.8100,23.5200,22.1600,22.5000,473700
2013-11-29,22.6500,22.9800,22.1500,22.7900,252900
2013-11-22,23.2400,23.2899,22.1600,22.6500,417900
2013-11-15,23.1600,23.7000,22.7285,23.2600,258600
2013-11-08,23.2500,23.5900,22.5000,23.1400,491600
2013-11-01,23.0000,23.5900,22.7000,23.2500,550200
2013-10-25,22.8400,24.7500,22.8000,23.1200,1090700
2013-10-18,21.6400,22.9800,21.5300,22.7900,1666600
2013-10-11,21.6100,23.4600,20.2500,21.8200,1806400
2013-10-04,24.3000,24.5200,21.5800,21.6600,1275000
2013-09-27,24.3000,26.1800,24.2400,24.3700,963000
2013-09-20,25.0300,25.3500,24.2000,24.2900,620300
2013-09-13,24.6800,25.3900,24.6500,24.9000,324600
2013-09-06,24.7300,25.0000,24.4000,24.6700,207800
2013-08-30,25.1500,25.1900,24.2410,24.5100,472800
2013-08-23,24.6600,25.3300,24.5100,25.1500,283800
2013-08-16,24.8700,25.0390,24.5000,24.6600,194200
2013-08-09,24.8900,25.4500,24.6110,24.8200,360500
2013-08-02,23.6200,24.9500,23.6000,24.8700,532600
2013-07-26,24.2700,24.7000,23.0700,23.7200,735900
2013-07-19,25.3200,25.9700,23.4700,24.4000,1857700
2013-07-12,24.4200,26.0000,24.3300,25.2300,499800
2013-07-05,23.3000,24.4000,22.5700,24.3900,405700
2013-06-28,24.1400,24.8000,21.3700,23.2000,3737500
2013-06-21,26.1000,26.6000,24.0500,24.1300,1457500
2013-06-14,25.1500,27.2300,24.7910,25.8500,619200
2013-06-07,24.1200,25.1500,23.5300,25.1000,490500
2013-05-31,23.8000,24.2800,23.3850,23.8200,588300
2013-05-24,24.6200,24.6200,23.2701,23.6900,729000
2013-05-17,24.0550,25.1700,23.8100,24.6200,885600
2013-05-10,24.5000,24.5800,23.0500,24.0400,1060300
2013-05-03,24.5000,24.8400,23.4200,24.1800,1365800
2013-04-26,26.3800,27.0000,23.3900,23.7300,3677900
