timestamp,open,high,low,close,volume
2018-02-27,56.1500,56.9500,55.4000,56.7000,148411
2018-02-23,55.5000,57.7000,55.3500,56.0500,521075
2018-02-16,53.4500,56.9500,53.1500,55.5000,414447
2018-02-09,52.8500,54.5500,50.1000,53.4000,1017548
2018-02-02,53.8500,54.3500,52.6500,53.3000,229881
2018-01-26,55.0500,55.0500,52.9500,54.0000,189438
2018-01-19,54.5500,55.8000,54.2000,55.2500,272603
2018-01-12,53.5000,55.6000,52.5000,54.3000,436288
2018-01-05,52.7000,54.7500,52.6000,53.4500,306878
2017-12-29,52.7500,53.6500,52.4500,52.5000,274217
2017-12-22,52.4000,53.7000,52.2000,52.7500,385608
2017-12-15,53.4000,53.6500,51.4000,52.1000,466002
2017-12-08,54.1000,54.8500,52.4000,53.3000,332446
2017-12-01,54.2500,55.5000,52.2000,53.7000,421713
2017-11-24,54.6500,56.2000,54.0000,54.3000,381124
2017-11-17,53.7500,54.9000,53.2000,54.7500,414616
2017-11-10,50.9500,54.1000,50.8500,53.9000,522152
2017-11-03,54.1500,55.5500,50.8500,50.9000,409241
2017-10-27,54.4500,55.0000,52.8000,54.2000,421765
2017-10-20,55.2500,55.8000,53.2500,54.2500,351567
2017-10-13,55.6000,55.8500,54.5500,55.2500,323519
2017-10-06,54.2500,55.9000,53.9500,55.7000,469736
2017-09-29,52.3500,56.5500,52.1000,53.9500,866133
2017-09-22,49.2500,53.5500,48.8000,52.4000,690193
2017-09-15,48.8000,50.4000,45.6000,49.2000,446499
2017-09-08,51.4500,51.5000,45.5000,48.6000,408765
2017-09-01,43.7000,51.5000,43.1000,51.5000,638580
2017-08-25,43.5500,44.6000,43.2000,43.6500,367321
2017-08-18,46.0000,46.6500,41.1000,43.7000,404138
2017-08-11,46.1500,46.1500,44.6500,45.6000,353330
2017-08-04,45.2500,46.4000,43.9200,46.2000,329930
2017-07-28,46.1000,46.1000,44.7000,45.3000,242999
2017-07-21,46.5500,47.9500,46.1000,46.2000,361439
2017-07-14,46.1500,47.4500,45.1500,46.6500,470989
2017-07-07,47.1500,47.2000,45.8500,46.3000,174051
2017-06-30,46.1000,47.3000,45.6500,47.1000,265162
2017-06-23,46.9500,47.3000,45.0500,46.1500,258379
2017-06-16,47.2500,47.7000,45.6500,46.9500,273384
2017-06-09,47.7500,47.8000,45.6000,47.2500,218616
2017-06-02,46.3500,48.8000,45.9500,47.8500,280587
2017-05-26,47.5000,47.6500,46.1000,46.4500,206779
2017-05-19,46.7500,47.8300,45.9500,47.4000,481514
2017-05-12,48.1000,48.5000,45.9500,46.5500,399937
2017-05-05,44.4000,49.0000,44.2000,48.1500,691199
2017-04-28,44.9000,45.5000,44.0000,44.1500,441093
2017-04-21,41.7000,44.5000,41.7000,44.3500,753828
2017-04-13,41.9000,42.3500,41.5000,41.6000,333802
2017-04-07,41.2500,42.0000,40.2000,41.8000,615045
2017-03-31,40.5000,41.8000,40.3000,41.3000,675709
2017-03-24,41.9000,42.2500,40.2000,40.9500,496903
2017-03-17,42.8500,43.0500,40.8500,42.0500,459147
2017-03-10,40.8500,43.2000,40.2000,43.0000,1192106
2017-03-03,51.4000,51.5500,40.7500,41.1000,1444535
2017-02-24,52.6000,53.1000,51.1000,51.4500,339025
2017-02-17,50.3500,52.9800,50.2000,52.5000,793731
2017-02-10,51.4500,52.4000,49.2500,50.4000,744430
2017-02-03,52.8500,53.7500,50.9000,51.6500,469444
2017-01-27,53.3500,54.2000,52.5500,53.2000,460373
2017-01-20,53.9000,54.9500,52.5500,53.4000,401356
2017-01-13,53.0500,57.9500,52.7000,54.1000,643821
2017-01-06,55.2000,55.9500,52.9500,53.3000,436235
2016-12-30,54.9500,55.8000,52.7500,55.2000,264408
2016-12-23,55.1500,55.8950,53.8000,55.1000,721832
2016-12-16,59.1500,59.1500,52.4500,54.8000,971295
2016-12-09,56.2500,59.5500,56.2500,59.1500,608642
2016-12-02,54.2000,56.1500,53.5500,55.9000,779979
2016-11-25,52.1000,54.6500,52.0000,54.5500,363247
2016-11-18,50.4000,52.0500,49.8000,51.6000,635927
2016-11-11,49.1000,51.7500,47.8300,50.2500,795242
2016-11-04,46.7000,49.6500,45.6000,48.8500,566393
2016-10-28,45.7000,46.7500,45.5000,46.5000,261621
2016-10-21,44.3000,45.6500,44.1000,45.6000,311487
2016-10-14,44.6300,45.0000,43.9700,44.3800,279370
2016-10-07,44.1800,45.8300,43.6600,44.6200,380115
2016-09-30,44.9900,44.9900,43.6000,44.3200,392161
2016-09-23,43.4700,45.4400,43.4700,44.9900,301612
2016-09-16,42.3500,43.6300,42.3500,43.5500,383082
2016-09-09,43.4900,43.4900,42.1900,42.5700,298509
2016-09-02,42.1100,43.2200,41.4800,43.2200,534382
2016-08-26,40.1500,42.2400,39.8100,41.9800,325966
2016-08-19,40.3000,40.5200,39.2500,40.3100,439978
2016-08-12,41.4300,41.5500,39.7900,40.4100,529741
2016-08-05,41.4300,42.9700,39.9700,41.5100,543806
2016-07-29,40.9800,42.0600,40.8900,41.3800,273417
2016-07-22,41.2600,41.6900,38.6400,41.1700,385145
2016-07-15,41.3400,42.1700,41.0100,41.4000,446003
2016-07-08,40.7200,41.6100,40.3900,41.1000,376316
2016-07-01,39.6500,41.1000,38.5400,40.7900,329711
2016-06-24,40.6100,41.4100,39.6000,40.0700,394265
2016-06-17,42.2400,42.4000,40.0000,40.1600,398196
2016-06-10,41.0300,42.8000,41.0300,42.4400,433105
2016-06-03,40.9600,41.5500,40.1900,41.2700,302383
2016-05-27,39.2600,41.3600,38.9300,40.9500,405349
2016-05-20,40.1700,40.9400,38.7001,39.4100,380748
2016-05-13,40.0000,41.0699,39.2600,40.1600,681594
2016-05-06,39.3300,40.0000,38.0100,39.5700,812851
2016-04-29,38.1600,39.4900,37.8800,39.3700,397167
2016-04-22,37.0600,38.4100,36.9900,38.1500,489788
2016-04-15,35.5900,37.7400,35.0550,37.2200,693240
2016-04-08,34.9800,35.7900,34.1600,35.3500,527085
2016-04-01,33.3900,35.0700,33.3900,34.9800,500212
2016-03-24,33.7400,34.4300,32.8200,33.2100,266734
2016-03-18,33.2500,34.1800,32.5700,33.9700,493558
2016-03-11,34.4200,34.9300,31.2700,33.4000,904139
2016-03-04,33.1600,34.8600,33.1100,34.5000,524916
2016-02-26,33.1600,33.5750,32.5800,33.0000,600798
2016-02-19,33.3500,33.5600,32.4700,32.9400,222879
2016-02-12,31.9800,33.3700,31.2600,33.0200,276448
2016-02-05,33.9000,34.2600,32.1000,32.3400,283721
2016-01-29,32.9500,34.3200,32.0600,34.2100,431564
2016-01-22,33.9300,34.3650,32.2600,33.0300,455044
2016-01-15,34.2600,34.9500,32.6000,33.5700,391064
2016-01-08,35.0000,35.7500,34.1700,34.2800,535250
2015-12-31,35.1700,36.1800,35.0700,35.5600,224774
2015-12-24,34.9900,35.5950,34.3850,35.3800,162135
2015-12-18,34.3000,35.8800,33.9700,34.9100,455571
2015-12-11,36.6200,37.0600,34.1100,34.2900,471230
2015-12-04,35.5800,37.2500,35.4900,36.5700,496968
2015-11-27,35.0000,35.8800,34.6600,35.5600,237287
2015-11-20,33.5200,35.0800,33.3500,35.0000,586281
2015-11-13,31.9400,34.2900,31.7600,33.5000,860045
2015-11-06,30.6500,32.2500,30.4600,32.1400,839651
2015-10-30,31.4800,32.3800,30.2900,30.6700,450728
2015-10-23,30.9900,32.1000,30.8100,31.6400,266079
2015-10-16,31.6900,32.2800,30.5900,31.2100,285167
2015-10-09,30.3700,32.1800,30.3700,31.8500,363516
2015-10-02,30.9300,31.3900,29.1900,30.1500,315611
2015-09-25,31.8200,32.2700,30.8800,31.3700,231184
2015-09-18,32.8700,32.9900,31.3100,31.5300,234330
2015-09-11,33.6900,33.8400,32.5200,32.6900,177697
2015-09-04,34.0400,34.4550,33.1400,33.3300,375462
2015-08-28,34.0100,35.1600,33.1600,34.0400,463341
2015-08-21,35.0600,36.5600,34.7000,35.7100,467809
2015-08-14,36.3800,36.9800,35.0200,35.3300,358021
2015-08-07,36.7300,37.2100,35.4200,36.1800,307035
2015-07-31,33.8000,37.0100,32.7900,36.6600,405748
2015-07-24,36.3200,36.5400,33.9500,34.0700,296146
2015-07-17,35.5900,37.1800,35.4000,36.2700,229408
2015-07-10,35.5900,36.6400,34.6700,35.5300,338986
2015-07-02,35.7800,36.0300,34.1400,35.9800,367984
2015-06-26,35.6500,36.0800,34.9350,36.0600,457579
2015-06-19,35.4700,35.5600,34.6300,35.3800,431649
2015-06-12,36.5600,36.9700,35.3800,35.6000,368043
2015-06-05,36.1000,37.0700,35.5300,36.5600,219036
2015-05-29,36.5000,36.7300,35.2800,35.7800,311131
2015-05-22,36.9000,37.4000,35.4000,36.4200,415978
2015-05-15,35.9600,37.6500,34.9300,36.9500,580870
2015-05-08,38.7200,38.8800,34.0900,36.0000,606099
2015-05-01,40.6500,41.3500,37.8600,38.5300,295124
2015-04-24,39.8400,41.3300,39.7000,40.6400,216139
2015-04-17,40.9000,41.2500,39.5700,39.7000,210182
2015-04-10,41.5200,42.1400,39.9100,41.0000,223970
2015-04-02,41.6400,42.4300,40.3400,41.8500,238389
2015-03-27,42.4700,43.7300,40.4800,41.5800,339301
2015-03-20,41.4300,42.7500,40.6500,42.6500,304013
2015-03-13,41.3000,42.0099,39.8000,41.2500,341834
2015-03-06,41.8500,42.4600,40.9900,41.1400,477956
2015-02-27,39.3500,42.1900,39.1400,41.9000,337093
2015-02-20,39.1200,39.8800,38.3000,39.5600,142457
2015-02-13,38.3600,39.1600,38.1500,38.9800,182690
2015-02-06,37.5300,39.2300,37.0000,38.7100,242725
2015-01-30,39.0500,39.2750,37.2200,37.3600,248171
2015-01-23,38.8600,39.5600,38.5200,39.2000,162691
2015-01-16,40.1100,40.3900,38.4500,39.0000,236222
2015-01-09,39.7800,40.8500,38.7800,39.8600,217649
2015-01-02,42.2100,42.4800,39.7600,40.1200,163615
2014-12-26,40.8600,42.1900,40.5800,42.0700,112367
2014-12-19,39.0000,41.9400,37.7100,40.8100,752410
2014-12-12,41.0900,41.5800,38.7601,38.9400,302083
2014-12-05,38.8200,41.5900,38.3300,41.1000,348119
2014-11-28,36.8000,40.2700,36.8000,38.7800,243373
2014-11-21,38.8600,39.1400,36.8101,36.8600,235431
2014-11-14,36.8100,39.8000,36.7100,38.8600,410835
2014-11-07,36.3800,37.1900,34.8300,36.7300,419350
2014-10-31,33.4200,36.6850,33.1700,36.3400,420970
2014-10-24,32.7600,35.5350,32.3360,33.5000,606925
2014-10-17,31.8000,33.6500,31.6700,32.8300,309340
2014-10-10,31.1300,32.5599,30.7100,31.7000,359964
2014-10-03,31.9500,32.0400,30.3300,30.9600,362660
2014-09-26,33.0500,33.7500,32.2500,32.3700,478016
2014-09-19,33.0000,33.7600,32.7900,33.2800,477800
2014-09-12,32.8400,33.3100,31.6500,33.1100,533000
2014-09-05,33.8100,34.1400,32.8100,32.9600,188600
2014-08-29,35.1300,35.1700,33.3001,33.7800,277100
2014-08-22,35.1800,35.9980,34.1200,34.8700,254600
2014-08-15,35.1500,36.5000,34.4100,34.7900,255200
2014-08-08,34.5300,35.7000,34.2400,35.1000,450700
2014-08-01,35.0700,35.4300,34.2800,34.4300,398500
2014-07-25,35.3600,35.7600,34.7200,34.9400,255000
2014-07-18,35.4200,35.7850,34.7900,35.5500,368800
2014-07-11,36.0600,36.0600,34.8600,35.1200,366100
2014-07-03,35.0300,36.5920,34.9800,36.1700,214600
2014-06-27,36.2100,36.3700,34.5500,35.2200,458500
2014-06-20,36.4400,36.9500,35.5800,36.2200,413500
2014-06-13,38.3500,38.9700,36.2800,36.4000,349600
2014-06-06,37.1300,38.6400,36.2000,38.4000,589700
2014-05-30,36.9700,37.3850,36.2900,37.2000,407400
2014-05-23,35.8100,37.7880,35.4500,36.5300,452500
2014-05-16,36.3600,38.0200,35.1900,36.0500,854700
2014-05-09,38.1400,38.3800,33.9200,36.3500,743600
2014-05-02,38.5100,39.6500,37.7700,38.5200,447900
2014-04-25,39.1700,39.9600,38.1300,38.3400,426900
2014-04-17,39.7000,40.1900,38.5400,39.4100,336100
2014-04-11,38.6600,40.7500,37.2354,39.2300,497600
2014-04-04,38.9500,40.9500,38.6100,39.0000,545200
2014-03-28,40.3100,40.9000,38.5216,38.8900,510400
2014-03-21,39.9900,41.2700,39.9200,40.4000,706200
2014-03-14,40.3900,40.3900,38.6100,39.9000,538200
2014-03-07,39.8400,41.6000,39.3200,40.3600,818300
2014-02-28,34.4400,44.3400,34.0660,40.4200,1269400
2014-02-21,33.7100,34.4500,33.4800,34.3000,622600
2014-02-14,33.7000,34.0000,33.0000,33.7100,259500
2014-02-07,33.7500,33.9600,32.8500,33.7600,482200
2014-01-31,34.6500,35.2800,33.3600,33.6600,478900
2014-01-24,35.6800,35.8000,34.1600,34.4900,273800
2014-01-17,35.4800,35.7000,33.8200,35.5600,407800
2014-01-10,34.9500,35.7600,34.5100,35.5100,356400
2014-01-03,34.5200,35.1400,34.1600,34.8900,166300
2013-12-27,34.4100,34.9000,34.1000,34.6300,238300
2013-12-20,33.6300,35.5700,32.7050,34.3800,456300
2013-12-13,33.6200,33.8400,32.1800,33.5300,560200
2013-12-06,36.0600,36.2000,32.9400,33.6700,293600
2013-11-29,34.8500,36.2900,34.6600,36.1800,127400
2013-11-22,33.4400,35.0300,32.7900,34.8400,230700
2013-11-15,33.5100,33.9402,32.8000,33.2300,245200
2013-11-08,34.8600,36.0300,32.5500,33.6500,390600
2013-11-01,34.8100,35.6900,34.0100,34.6500,401700
2013-10-25,36.0000,36.1800,34.3200,34.6800,324900
2013-10-18,35.2400,36.0000,34.4810,35.9400,424200
2013-10-11,34.2300,35.7500,32.1850,35.3000,267400
2013-10-04,34.8500,36.0000,34.3100,34.6100,261600
2013-09-27,35.0100,35.8200,34.3820,35.3100,268500
2013-09-20,34.4300,36.0000,33.5900,34.9900,250000
2013-09-13,32.7800,34.9500,32.6000,33.9000,216000
2013-09-06,33.1800,33.3100,32.0700,32.8800,163300
2013-08-30,34.0400,34.0400,32.1300,32.8900,208100
2013-08-23,33.9800,34.7200,32.7600,33.8700,203900
2013-08-16,33.2900,34.3700,33.2785,34.1800,338800
2013-08-09,34.8600,34.9000,33.4150,33.6300,315400
2013-08-02,33.7300,35.0000,33.3500,34.9800,296600
2013-07-26,33.4500,34.3400,32.9200,33.8300,333900
2013-07-19,32.8500,33.9000,32.2100,33.6000,515900
2013-07-12,32.5800,33.5000,32.4000,32.8500,386700
2013-07-05,31.8200,33.0900,31.3285,32.4000,357200
2013-06-28,30.8000,31.9000,30.4000,31.5100,411000
2013-06-21,30.8800,31.3400,30.2400,31.0900,515300
2013-06-14,30.4300,30.9000,30.1100,30.5900,361500
2013-06-07,30.1400,30.9000,29.6500,30.3800,492900
2013-05-31,30.3400,30.7600,29.3300,30.1500,522100
2013-05-24,28.8100,30.9200,28.6400,29.9600,818900
2013-05-17,27.2700,28.9100,26.4300,28.8700,467500
2013-05-10,27.1900,27.7900,27.0300,27.4500,975700
2013-05-03,25.8600,27.5000,25.7900,27.2700,362800
2013-04-26,26.1100,26.6100,25.2000,25.7400,170600
2013-04-19,26.2900,26.7150,24.9100,26.0000,447800
2013-04-12,26.2200,27.6500,26.0800,26.3400,280900
2013-04-05,27.0800,27.2100,25.7300,26.1500,340300
2013-03-28,27.0300,27.6900,26.4500,27.2000,365200
2013-03-22,26.8900,27.4300,26.3500,27.0400,367400
2013-03-15,26.2200,27.8400,25.9300,27.2000,529000
2013-03-08,24.4200,26.4200,24.0604,26.3500,451100
2013-03-01,24.8800,25.6900,23.8450,24.6900,307000
2013-02-22,24.4600,25.0500,24.2100,24.7500,274500
2013-02-15,22.8500,24.4900,22.4424,24.3500,370800
2013-02-08,22.9700,23.4084,22.7100,22.8800,337000
2013-02-01,22.8000,23.9600,22.7500,23.0700,391000
2013-01-25,23.1300,23.7700,22.6200,22.8000,295400
2013-01-18,23.2100,23.3700,22.5950,23.1800,293100
2013-01-11,23.2000,23.3100,22.3400,23.2400,330100
2013-01-04,23.1500,24.0000,22.7600,23.3500,284500
2012-12-28,23.6900,24.1400,21.9000,23.0800,95100
2012-12-21,22.6700,23.9900,22.5700,23.5500,511100
2012-12-14,21.9500,22.9000,21.7105,22.6200,227300
2012-12-07,21.6700,22.4700,21.4700,21.8700,279200
2012-11-30,20.6600,21.7100,20.2700,21.6200,525000
2012-11-23,20.4000,20.8400,20.2000,20.5700,221200
2012-11-16,20.8400,21.0200,20.0100,20.2300,450600
2012-11-09,20.6400,21.7200,20.6400,21.0000,504000
2012-11-02,18.3200,20.9500,18.0700,20.7000,394400
2012-10-26,18.6800,18.9400,18.1100,18.2500,342800
2012-10-19,18.8000,19.2400,18.2200,18.3903,1483900
2012-10-12,18.7800,19.0100,18.5800,18.8009,444900
2012-10-05,20.2500,20.4600,17.2800,18.9500,402100
2012-09-28,21.8000,22.0100,20.0400,20.1000,404400
2012-09-21,22.4100,22.8500,21.7500,21.9300,372700
2012-09-14,22.3900,22.6600,21.6600,22.5500,360500
2012-09-07,22.0700,22.9800,21.6500,22.4400,248900
2012-08-31,21.9500,22.2800,21.6700,22.0400,376600
2012-08-24,21.8000,22.2000,21.4400,21.9200,446300
2012-08-17,22.2600,22.5800,21.7700,21.9400,469500
2012-08-10,21.9400,22.6600,21.2600,22.3700,414300
2012-08-03,25.0000,25.1800,19.9400,21.9600,666300
2012-07-27,24.7000,25.1100,23.7500,24.9800,201000
2012-07-20,25.4400,26.0250,24.4401,25.1700,278100
2012-07-13,24.1800,25.6100,24.1400,25.4300,253500
2012-07-06,24.0100,25.1200,23.7799,24.3000,230500
2012-06-29,22.4900,23.8400,21.7800,23.8400,258600
2012-06-22,22.7600,23.0600,22.2300,22.7200,615000
2012-06-15,24.1400,24.1400,22.1800,22.9300,296400
2012-06-08,22.5900,23.9500,22.5300,23.8500,345400
2012-06-01,22.4600,22.6700,21.8500,22.5800,415700
2012-05-25,22.8500,23.2500,22.1400,22.3600,387600
2012-05-18,22.1100,23.4800,21.8800,22.9000,519800
2012-05-11,22.1500,22.5600,21.7600,22.3700,736900
2012-05-04,25.3300,25.3300,22.0200,22.1900,510400
2012-04-27,24.6000,25.5300,24.4000,25.4300,314900
2012-04-20,24.2600,25.2000,23.9700,24.9400,400600
2012-04-13,24.1700,24.3900,23.3000,24.1800,514400
2012-04-05,25.2300,26.1200,24.4400,24.6600,266600
2012-03-30,25.3900,25.9300,24.8700,25.3700,342400
2012-03-23,24.8200,25.8000,24.5400,25.1800,285600
2012-03-16,25.6700,25.7400,24.6800,24.9400,411500
2012-03-09,25.0600,26.0300,24.5500,25.8000,688600
2012-03-02,27.1500,27.4700,24.5700,24.9400,527400
2012-02-24,27.5100,28.0400,27.4100,27.4400,214400
2012-02-17,27.4400,27.7700,26.0000,27.5100,469500
2012-02-10,28.4500,28.6400,27.1900,27.3000,370500
2012-02-03,28.4000,29.2200,28.2200,28.6600,436900
2012-01-27,26.9500,28.9300,26.5800,28.5600,515300
2012-01-20,26.6300,27.5000,26.3050,26.9700,550000
2012-01-13,25.8100,28.2700,25.7400,26.2700,787100
2012-01-06,25.3100,26.0900,25.0800,25.7900,303900
2011-12-30,24.9700,25.4300,24.4600,24.7800,533200
2011-12-23,25.9800,27.5500,24.5100,25.0000,901000
2011-12-16,25.5300,26.4100,24.1100,25.8000,633900
2011-12-09,26.2900,27.0000,25.4100,25.8500,446200
2011-12-02,24.7500,26.1800,20.0000,25.8700,787200
2011-11-25,24.4600,24.6000,23.2400,24.0000,416100
2011-11-18,24.4300,25.2300,23.7500,24.9600,570800
2011-11-11,24.7600,25.3500,23.6100,24.5200,480600
2011-11-04,23.5000,25.5000,20.4800,25.0600,488200
2011-10-28,22.5000,24.8300,22.4900,23.9300,604000
2011-10-21,21.5400,22.6900,20.8950,22.4000,363100
2011-10-14,19.0200,21.8300,19.0200,21.7600,433900
2011-10-07,18.7400,20.1000,17.6800,18.7800,435700
2011-09-30,20.4400,20.4400,18.2900,18.8100,529400
2011-09-23,20.9700,21.4494,19.3200,20.3300,475800
2011-09-16,19.9800,21.3500,19.0900,21.3500,484700
2011-09-09,19.4900,20.7200,19.0200,20.0800,594600
2011-09-02,22.2800,24.4900,19.9800,20.0100,747000
2011-08-26,20.5100,22.2200,18.6200,22.0500,647300
2011-08-19,21.2600,21.7853,19.4700,19.9800,562600
2011-08-12,22.9900,24.2137,19.7300,21.0900,731600
2011-08-05,23.9400,25.6100,19.6400,23.6400,692700
2011-07-29,24.1300,24.4600,23.2460,23.3600,309600
2011-07-22,24.2200,24.6600,23.8800,24.3500,328900
2011-07-15,25.1700,25.6500,24.1300,24.3800,424400
2011-07-08,25.6700,25.9700,24.7500,25.4400,369600
2011-07-01,25.0800,25.8400,24.5700,25.6300,563300
2011-06-24,24.9600,25.6500,24.4600,24.9900,666300
2011-06-17,24.3300,25.7400,24.3200,25.1100,400000
2011-06-10,24.5600,24.7900,23.3800,24.2700,211400
2011-06-03,25.7900,25.8000,23.8200,24.2300,384700
2011-05-27,24.6400,25.5700,23.9900,25.5300,508400
2011-05-20,24.8900,25.0400,24.2500,25.0000,440600
2011-05-13,25.2600,26.0100,24.6300,25.0200,477400
2011-05-06,24.3800,25.9000,23.5400,25.3800,613800
2011-04-29,23.9500,24.9300,23.5900,24.3600,317100
2011-04-21,23.9000,24.1800,23.4800,24.0200,377500
2011-04-15,23.3900,24.1000,23.2550,23.9500,910700
2011-04-08,21.7600,24.3900,21.4300,23.4300,981500
2011-04-01,21.1000,21.9000,20.2000,21.7700,924700
2011-03-25,22.0300,22.4200,19.5800,20.9600,1514700
2011-03-18,22.2500,22.8900,21.4100,21.8000,597500
2011-03-11,23.2000,23.4900,22.2500,22.3100,514000
2011-03-04,22.5000,23.6200,21.9201,23.2100,770800
2011-02-25,24.4700,24.7000,22.0000,22.1900,298400
2011-02-18,23.4500,25.2900,23.4500,24.7900,264500
2011-02-11,23.8600,24.2500,23.0300,23.5100,215500
2011-02-04,23.8500,24.4700,23.4400,23.8500,249100
2011-01-28,25.1900,25.8200,23.5200,23.8100,317100
2011-01-21,25.6300,26.4700,25.2000,25.2500,205700
2011-01-14,25.3900,25.8400,24.8300,25.7900,160800
2011-01-07,25.9800,26.2100,25.0000,25.5700,283200
2010-12-31,25.8300,26.4400,25.4400,25.7200,255200
2010-12-23,26.3700,26.6600,25.7700,25.9400,470200
2010-12-17,27.0400,27.2900,25.6300,26.1700,607900
2010-12-10,25.4100,27.2300,25.3800,27.0100,325300
2010-12-03,23.7900,25.4900,23.3900,25.4100,416300
2010-11-26,24.4500,24.7000,23.6800,23.9700,271400
2010-11-19,26.5200,26.6799,24.5100,24.6200,396300
2010-11-12,27.4400,27.6800,26.1000,26.4200,282400
2010-11-05,25.6500,28.1300,25.3000,27.6000,355700
2010-10-29,26.4700,26.6800,25.2700,25.6200,241700
2010-10-22,26.7100,27.2100,25.7500,26.2800,242400
2010-10-15,25.6300,27.3000,25.2600,26.6600,323500
2010-10-08,25.3800,25.8900,24.5000,25.7800,393100
2010-10-01,23.9800,25.5000,23.6200,25.4700,395000
2010-09-24,23.0600,24.2199,22.9100,24.0500,433500
2010-09-17,22.3100,23.5340,22.2200,23.0400,512000
2010-09-10,22.8500,23.1100,21.7100,22.1700,292300
2010-09-03,21.7000,22.9700,20.8870,22.8600,404400
2010-08-27,21.9100,22.1900,20.8600,21.8200,303700
2010-08-20,22.2400,23.6400,21.7900,21.8400,360200
2010-08-13,24.6100,25.3400,22.3300,22.3800,454700
2010-08-06,23.3300,24.7200,22.8600,24.6100,428500
2010-07-30,23.0000,23.5900,22.5300,23.0000,430700
2010-07-23,22.3700,23.1000,21.7700,22.8900,387800
2010-07-16,23.4000,23.4100,22.2400,22.2600,348200
2010-07-09,24.1400,24.2500,23.3500,23.5200,438200
2010-07-02,24.4100,24.7200,23.5300,23.9400,946700
2010-06-25,24.5300,24.7200,23.6900,24.5700,2223500
2010-06-18,23.1300,24.4000,23.1300,24.2600,894300
2010-06-11,22.0400,22.9700,20.9000,22.9300,424500
2010-06-04,22.2500,22.7000,21.4800,21.5100,403200
2010-05-28,22.1600,22.8400,21.5300,22.4300,446100
2010-05-21,23.3700,24.7200,21.9200,22.1000,487900
2010-05-14,22.5900,24.0000,22.0700,23.2600,486300
2010-05-07,23.2200,23.7100,21.7700,21.9900,676600
2010-04-30,24.1000,24.3500,22.9900,23.1600,455800
2010-04-23,24.3400,24.7700,23.8000,24.0700,426600
2010-04-16,25.0900,25.1185,24.2900,24.5900,546000
2010-04-09,25.0300,25.9800,24.4100,25.0100,321000
2010-04-01,25.1100,25.6895,24.7600,25.0500,400000
2010-03-26,22.7800,25.2900,22.7200,24.9900,1022500
2010-03-19,24.0000,24.0000,22.3700,22.8500,641200
2010-03-12,24.4700,25.3080,23.7300,24.1400,813700
2010-03-05,23.3900,24.6000,23.3900,24.5500,514100
2010-02-26,23.0300,23.5000,22.0200,23.4100,630400
2010-02-19,23.6800,23.7900,22.8400,22.9200,314700
2010-02-12,22.9800,23.6900,22.6300,23.6300,398700
2010-02-05,23.5400,24.0400,22.5300,23.0400,584100
2010-01-29,25.1000,25.6600,22.3300,23.4100,2280400
2010-01-22,25.5000,25.7600,24.7200,24.9200,500300
2010-01-15,26.1500,26.3500,25.5100,25.6700,487600
2010-01-08,26.9200,27.2300,25.5600,26.1500,1459900
2009-12-31,26.6800,27.0000,26.1100,26.8000,340700
2009-12-24,26.7500,26.9800,26.2905,26.7000,346900
2009-12-18,26.7600,26.9600,26.0000,26.7300,1472600
2009-12-11,24.3900,27.1800,23.7400,26.9700,2545300
2009-12-04,26.5300,27.0200,24.0000,24.6000,599200
2009-11-27,28.2100,28.2100,26.5200,26.6900,268200
2009-11-20,28.2500,29.1000,27.5800,27.9400,283800
2009-11-13,29.7600,29.8990,28.1800,28.4000,687300
2009-11-06,28.8400,30.1500,28.2600,29.7000,773400
2009-10-30,29.4900,30.0000,28.4700,28.6500,353800
2009-10-23,30.0200,30.1000,29.0100,29.5700,442500
2009-10-16,29.5500,30.5000,29.2600,30.0500,500300
2009-10-09,30.0000,30.1700,28.8640,29.7400,352400
2009-10-02,28.8200,31.0550,28.4000,29.8300,696000
2009-09-25,29.6300,30.0000,28.1400,28.6500,264700
2009-09-18,28.5400,29.9900,28.4400,29.7000,325700
2009-09-11,27.9200,30.2900,27.8900,29.5100,328000
2009-09-04,26.9600,28.2300,26.7100,27.8600,291300
2009-08-28,27.8200,28.0700,27.0600,27.0600,400900
2009-08-21,26.8100,28.9000,26.7100,28.0800,596800
2009-08-14,25.7500,28.9800,25.1800,27.1600,581800
2009-08-07,25.9100,26.7700,24.8900,26.0400,420000
2009-07-31,24.8600,26.2500,24.4100,25.9000,383200
2009-07-24,25.6200,25.6200,24.5400,24.9600,415100
2009-07-17,24.2000,25.8000,24.0400,25.4700,565200
2009-07-10,26.5200,26.7100,24.0100,24.2100,322400
2009-07-02,27.5300,28.6600,26.5400,26.6600,376900
2009-06-26,25.7800,27.8300,25.6500,27.8300,903200
2009-06-19,25.8800,25.9400,24.5400,25.7700,508500
2009-06-12,26.3900,27.0900,25.7400,26.0300,470300
2009-06-05,26.5200,27.2500,26.2000,26.7900,500800
2009-05-29,25.4900,26.7900,25.4400,26.6000,730000
2009-05-22,26.0200,26.5900,25.4800,26.0300,518700
2009-05-15,25.7800,26.3400,25.2600,26.0200,493200
2009-05-08,27.3200,27.9400,25.2800,26.1700,686800
2009-05-01,27.8800,27.8800,25.9200,27.3300,599500
2009-04-24,25.8100,28.7500,25.5600,28.1000,825100
2009-04-17,23.8600,27.2700,22.5700,26.6100,512800
2009-04-09,24.4800,25.0200,23.6300,24.3600,228700
2009-04-03,24.1200,25.4300,22.7000,25.0900,1001000
2009-03-27,23.8100,24.5600,22.9800,23.7200,685100
2009-03-20,22.3100,24.5800,22.1300,23.5700,532400
2009-03-13,22.0600,24.9800,21.2000,23.9100,1293600
2009-03-06,23.8900,23.8900,21.1400,22.5500,457100
2009-02-27,24.2300,24.7400,23.3800,23.9900,566700
2009-02-20,23.2700,24.4300,23.0400,24.2300,331700
2009-02-13,23.6500,24.6094,23.0000,24.1700,543000
2009-02-06,23.1800,25.2300,23.1800,23.9200,477600
2009-01-30,24.8900,25.2600,23.0700,23.7300,559600
2009-01-23,24.0200,25.9400,23.5100,24.9500,517800
2009-01-16,22.9600,24.7000,21.4900,24.4800,816700
2009-01-09,24.3400,24.7900,22.9300,23.0900,417400
2009-01-02,23.6100,24.8900,23.3400,24.4500,576200
2008-12-26,23.9900,24.5000,23.4200,23.7600,425900
2008-12-19,21.3800,24.2400,21.3800,24.2100,841100
2008-12-12,19.3600,21.4700,18.7800,21.4000,581100
2008-12-05,19.3100,19.4000,17.5100,19.3300,650800
2008-11-28,19.1200,20.4700,16.9000,19.6000,540600
2008-11-21,17.8700,20.7500,17.6900,19.3300,852200
2008-11-14,19.8500,20.1800,17.0800,18.0000,583600
2008-11-07,18.6800,21.9900,17.7000,19.6300,903400
2008-10-31,17.0500,19.0000,16.7400,18.5800,482500
2008-10-24,17.5700,18.7700,16.9500,17.2500,760300
2008-10-17,18.0000,19.0300,16.4300,17.6900,451200
2008-10-10,18.5000,18.5000,15.5100,17.9700,672800
2008-10-03,19.9400,19.9800,18.7600,18.8900,456900
2008-09-26,19.0300,19.9800,18.4960,19.9100,480000
2008-09-19,18.8100,20.4000,18.0800,19.1300,526300
2008-09-12,19.4800,19.7400,18.4000,19.0400,822300
2008-09-05,18.7200,19.2500,18.3000,19.1000,453000
2008-08-29,18.1200,18.8500,17.9800,18.4700,303600
2008-08-22,18.5000,18.6700,17.9100,18.1500,242300
2008-08-15,18.9200,19.2500,17.9400,18.4700,812300
2008-08-08,18.7000,19.5000,17.7800,19.0200,519700
2008-08-01,19.3200,19.4500,17.7800,18.8400,442500
2008-07-25,17.6000,20.0000,16.7300,19.6100,839600
2008-07-18,16.4000,17.7500,14.8500,17.5900,445900
2008-07-11,15.6500,16.3500,14.5000,16.1700,684000
2008-07-03,16.4300,16.7800,15.6400,15.6600,351400
2008-06-27,17.0400,17.4700,16.3500,16.4800,1130600
2008-06-20,16.9800,17.5300,16.5500,16.5500,428900
2008-06-13,17.7400,18.0300,16.5000,17.0000,874500
2008-06-06,18.4000,18.5100,17.1700,17.6200,767300
2008-05-30,17.5700,18.5700,17.2300,18.3700,386200
2008-05-23,18.3300,18.7300,17.2800,17.5000,547900
2008-05-16,16.6400,18.8100,15.6900,18.3300,1282200
2008-05-09,18.3800,18.5600,14.9000,16.6700,1010000
2008-05-02,17.7400,18.6300,16.9700,18.3600,387100
2008-04-25,19.0000,19.0250,16.7201,17.6900,552500
2008-04-18,19.7000,20.4200,19.0000,19.0100,259500
2008-04-11,20.7400,21.4700,19.6100,19.7800,561000
2008-04-04,20.1000,21.4000,19.6400,20.9000,642400
2008-03-28,20.1500,20.8700,19.7000,20.0800,493900
2008-03-20,20.5600,20.8600,18.8600,20.0200,710300
2008-03-14,26.0000,26.0000,20.9300,21.1900,983500
2008-03-07,26.0400,27.4000,25.3600,26.2700,735600
2008-02-29,24.5900,26.8200,24.5500,26.0400,915000
2008-02-22,24.5200,25.3600,23.2001,24.5400,624700
2008-02-15,25.8900,27.7800,24.4100,24.9200,595700
2008-02-08,26.6200,28.1700,25.6800,25.6900,608400
2008-02-01,25.9800,27.1899,24.8100,25.8300,497700
2008-01-25,21.7600,24.4000,20.5200,24.1000,689400
2008-01-18,26.5300,26.8300,23.0200,23.4400,682500
2008-01-11,23.7500,27.4899,21.5400,25.9800,828900
2008-01-04,25.6500,26.1800,23.3900,23.6200,416500
2007-12-28,25.6200,26.3700,24.5800,25.7900,209700
2007-12-21,24.3700,25.9600,23.8300,25.6200,316100
2007-12-14,26.0000,26.9100,24.3600,24.7200,507000
2007-12-07,25.9500,27.2000,24.8000,25.7300,670100
2007-11-30,24.5000,27.0600,23.9101,25.8500,551300
2007-11-23,25.0700,25.1600,23.7500,24.4000,349700
2007-11-16,26.0000,26.9900,24.2100,25.4900,762000
2007-11-09,28.1000,30.8900,25.3400,26.4900,1141200
2007-11-02,33.0000,34.3600,27.5100,28.1200,1019500
2007-10-26,27.5000,32.9000,25.3401,32.7000,1064900
2007-10-19,30.0400,32.0900,28.3000,28.4300,877600
2007-10-12,28.2700,30.1100,28.0900,29.8700,600700
2007-10-05,27.9900,28.9199,26.0901,28.1000,609100
2007-09-28,27.3300,29.0900,26.0300,27.5800,569300
2007-09-21,25.6200,27.8000,25.2300,27.2100,593400
2007-09-14,24.7800,26.5400,23.9300,25.5500,663800
2007-09-07,25.0000,26.8800,22.7500,24.6000,1372300
2007-08-31,22.0000,24.9800,20.8000,24.6300,925700
2007-08-24,21.0000,22.6000,20.5800,21.6500,429000
2007-08-17,22.2700,23.8800,19.4800,20.8200,758800
2007-08-10,19.1500,22.0200,17.8900,21.9800,930400
2007-08-03,20.4700,21.2100,19.0500,19.2500,342000
2007-07-27,21.3500,21.7000,20.0801,20.3400,541100
2007-07-20,22.1800,22.7500,21.0100,21.2600,332600
2007-07-13,21.3900,23.0000,20.2900,22.1000,509500
2007-07-06,20.3800,21.4600,20.2400,21.2800,307400
2007-06-29,18.4600,20.3900,18.4600,20.1200,375200
2007-06-22,19.5500,19.8601,18.1200,18.3600,439200
2007-06-15,19.0500,19.6400,18.4700,19.5300,704900
2007-06-08,18.6200,19.3800,18.0500,19.1100,853300
2007-06-01,18.7000,18.8600,17.6800,18.4500,851200
2007-05-25,19.8700,20.1800,18.4300,18.6800,992100
2007-05-18,23.7400,24.5000,19.6500,19.8800,3771400
2007-05-11,22.3800,23.5000,21.0400,22.9000,1153900
2007-05-04,21.4000,22.5400,20.7601,21.9900,1101900
2007-04-27,21.5000,21.6400,20.3000,20.7300,668200
2007-04-20,21.2200,23.0000,20.6100,21.4300,1407400
2007-04-13,19.4200,21.5000,18.5600,21.4300,1710200
2007-04-05,19.0300,19.8300,18.7900,19.1900,716200
2007-03-30,18.6500,19.4900,18.0500,18.9000,1273200
2007-03-23,15.0100,20.2500,15.0100,18.3100,4748200
2007-03-16,14.8500,15.2500,14.5000,15.1700,122000
2007-03-09,15.2700,15.6700,14.6000,14.7500,173300
2007-03-02,14.2500,15.5900,13.8600,15.4300,626400
2007-02-23,14.0000,14.3600,13.8200,14.2600,264000
2007-02-16,13.3500,14.0700,13.2500,13.9500,231100
2007-02-09,13.5900,13.9199,13.3500,13.3600,199200
2007-02-02,14.2600,14.4100,13.5300,13.7500,445000
2007-01-26,14.7100,14.7100,13.9900,14.1300,392200
2007-01-19,14.5400,15.1500,14.4300,14.6500,489500
2007-01-12,14.9300,15.0100,14.2500,14.8700,314000
2007-01-05,14.7500,15.2200,14.2100,15.0000,305400
2006-12-29,14.9000,15.0000,14.4300,14.5200,75400
2006-12-22,16.0200,16.3500,13.0000,15.0000,2969200
2006-12-15,16.8000,17.3000,16.2000,16.8600,252000
2006-12-08,17.1400,17.8999,16.5600,16.7900,317200
2006-12-01,16.8000,17.4400,16.0100,17.1900,290100
2006-11-24,17.0000,18.0700,16.8000,17.0000,213100
2006-11-17,16.4500,17.6000,16.2200,17.0000,327800
2006-11-10,15.0960,17.6000,15.0960,16.1600,937100
2006-11-03,14.5700,15.6100,14.4300,15.4800,275000
2006-10-27,15.2000,15.8800,14.3000,14.6200,185400
2006-10-20,12.6000,16.3500,12.4200,15.2500,681300
2006-10-13,12.1000,12.6100,12.0100,12.2200,347000
2006-10-06,12.8400,12.8700,11.6600,12.0100,795000
