timestamp,open,high,low,close,volume
2018-02-27,37.3500,38.5000,36.9250,38.0500,58533
2018-02-23,37.1000,38.1533,36.1250,37.3000,69935
2018-02-16,36.5500,38.4500,35.7500,37.3000,116234
2018-02-09,37.2500,38.1000,34.4000,36.4500,173500
2018-02-02,37.7000,39.9500,36.2000,37.5500,232001
2018-01-26,40.3000,40.9500,37.2000,37.8000,237353
2018-01-19,41.2500,41.8752,39.8000,41.3500,132285
2018-01-12,38.8000,42.3990,38.3500,40.9500,115051
2018-01-05,38.5000,39.4500,37.1000,38.9500,98032
2017-12-29,40.1000,40.1000,38.0500,38.1500,86200
2017-12-22,39.3500,41.0000,38.7000,40.0500,126318
2017-12-15,38.7000,39.7500,37.8000,39.0000,323169
2017-12-08,40.6000,41.1999,38.5500,38.8000,136809
2017-12-01,37.9000,40.6520,37.5500,39.9000,239107
2017-11-24,36.7500,39.4000,36.7500,37.9000,121267
2017-11-17,36.2000,37.6000,35.4001,36.7000,179038
2017-11-10,37.4500,37.8000,35.1000,36.1500,137523
2017-11-03,38.8500,39.0000,37.0000,37.4000,209344
2017-10-27,37.1500,39.2000,36.0377,39.1000,400267
2017-10-20,34.5500,37.6750,33.6000,37.0000,324550
2017-10-13,34.8000,35.1000,33.5178,34.5500,159046
2017-10-06,32.4500,35.2000,32.3500,34.5500,279622
2017-09-29,31.0000,32.8000,30.0000,32.3000,494019
2017-09-22,29.3000,31.2000,29.0500,31.0000,712418
2017-09-15,30.6000,31.7000,28.9000,29.1000,826226
2017-09-08,33.0000,33.3500,30.4500,30.5000,107968
2017-09-01,31.2000,33.0999,30.7000,33.0000,168522
2017-08-25,30.7000,31.3500,30.0750,31.2500,62115
2017-08-18,30.3000,31.4000,30.0800,30.9000,105146
2017-08-11,30.9000,31.7000,29.9000,30.0000,124557
2017-08-04,31.6500,33.1500,29.5000,30.9000,202439
2017-07-28,29.6500,31.7500,29.2200,31.4000,164823
2017-07-21,28.0000,31.0500,27.2500,29.6500,94081
2017-07-14,29.3500,29.3500,27.5000,28.1000,41580
2017-07-07,28.0000,29.2000,27.9000,28.8500,23027
2017-06-30,28.3500,28.9500,27.5500,28.0500,102915
2017-06-23,27.5500,28.8500,26.3000,28.3500,127952
2017-06-16,28.0000,28.7000,26.6500,27.3500,77983
2017-06-09,25.9500,28.0500,25.7000,27.8500,101952
2017-06-02,26.5000,26.6000,25.4750,26.0000,170852
2017-05-26,26.3000,26.8999,26.1500,26.5000,55243
2017-05-19,28.3750,28.9255,26.2920,26.4000,117747
2017-05-12,28.6000,28.9000,27.9500,28.1500,67990
2017-05-05,29.6500,29.6500,28.0500,28.2000,85122
2017-04-28,28.3000,30.4500,27.9000,29.5500,157113
2017-04-21,28.0000,28.7500,27.6346,27.8500,130588
2017-04-13,28.8000,29.0500,27.7000,27.7000,42930
2017-04-07,29.4000,29.5000,27.9740,28.6000,76388
2017-03-31,28.7500,30.0000,28.6501,29.5000,65467
2017-03-24,30.4000,30.4000,28.1500,29.4500,82091
2017-03-17,30.9499,30.9500,29.8500,30.3500,81701
2017-03-10,31.3000,31.3000,29.9000,30.6500,106918
2017-03-03,31.0500,32.1500,30.5000,31.3500,74598
2017-02-24,31.2664,32.1500,30.9500,31.0500,81847
2017-02-17,30.5000,31.7250,30.0951,31.5500,269290
2017-02-10,30.4500,30.9000,29.4500,30.7000,82610
2017-02-03,30.9000,31.5500,30.2000,30.8000,239654
2017-01-27,29.9500,32.0000,29.1500,31.2000,201649
2017-01-20,30.9000,30.9000,29.2500,29.8500,97906
2017-01-13,29.9000,31.5500,29.2500,31.0000,232450
2017-01-06,32.1500,32.1500,29.8500,30.1000,322352
2016-12-30,29.0000,33.0000,29.0000,32.0000,186590
2016-12-23,29.4000,30.1500,27.6000,29.0500,487121
2016-12-16,28.6000,29.9000,27.3500,29.2500,407269
2016-12-09,29.4500,30.5000,28.9000,28.9500,193717
2016-12-02,28.8000,29.4500,28.8000,29.4000,97636
2016-11-25,28.5500,29.0500,28.3000,28.9000,58010
2016-11-18,28.7500,29.5000,27.7000,28.7000,111469
2016-11-11,25.6000,29.1250,24.6000,28.7000,145132
2016-11-04,25.4000,26.4000,24.0000,25.1500,157732
2016-10-28,24.9500,25.6450,24.8500,25.4000,102476
2016-10-21,24.0090,24.9500,23.9250,24.8500,193887
2016-10-14,24.0000,24.6960,23.9500,24.0800,141292
2016-10-07,22.8200,23.8500,22.8200,23.8100,122266
2016-09-30,23.0200,23.5800,22.5400,23.0900,81034
2016-09-23,24.0300,24.1591,22.6000,23.1100,78364
2016-09-16,24.2600,24.5700,23.5300,23.9600,115056
2016-09-09,23.9400,25.0100,23.6300,24.3100,78037
2016-09-02,23.0400,24.3900,23.0000,24.0500,80072
2016-08-26,22.7800,23.5000,22.7800,23.3100,62003
2016-08-19,23.1600,23.4300,22.4120,22.7400,104908
2016-08-12,23.6500,23.9950,22.5800,23.0400,115500
2016-08-05,23.5200,23.7200,22.1186,23.5600,181661
2016-07-29,24.6000,24.6500,23.6300,23.6500,101878
2016-07-22,24.4030,25.3800,24.0300,24.6900,130422
2016-07-15,24.0000,25.3100,23.4300,24.7500,145353
2016-07-08,23.4100,24.1000,22.8600,24.0800,124029
2016-07-01,23.3900,24.2600,22.1600,24.1900,151863
2016-06-24,23.1900,24.3700,23.0600,23.7000,635787
2016-06-17,24.7000,24.7000,22.9300,23.0200,236225
2016-06-10,25.3700,25.8750,24.2601,24.4300,138055
2016-06-03,25.3600,26.1050,25.0000,25.5400,147951
2016-05-27,24.0900,27.0000,23.7700,25.6200,239294
2016-05-20,23.7300,24.2600,23.0000,23.9600,210941
2016-05-13,24.5500,24.9900,23.4900,23.4900,48686
2016-05-06,24.8600,25.9150,24.5000,24.7200,135511
2016-04-29,24.2200,25.2300,23.9300,24.8000,83980
2016-04-22,23.6400,25.2162,23.5700,24.1100,57545
2016-04-15,22.7400,24.4400,22.0100,23.5800,175547
2016-04-08,23.5900,23.5900,22.1100,22.7500,109006
2016-04-01,23.3440,24.5500,22.9075,23.6400,144950
2016-03-24,23.3700,23.6833,22.6100,23.2700,100875
2016-03-18,23.5100,24.2000,22.5800,23.8200,129906
2016-03-11,25.0200,25.2700,22.5000,23.7600,116491
2016-03-04,25.7600,26.6600,24.6900,25.1600,76389
2016-02-26,24.8000,26.2400,24.3700,25.4500,69113
2016-02-19,25.9300,26.9400,23.8100,24.6400,57186
2016-02-12,26.1000,27.6500,24.1857,25.5600,71338
2016-02-05,26.5900,28.2500,26.0200,26.1200,96572
2016-01-29,25.6200,28.6000,25.1300,26.8000,96784
2016-01-22,24.5000,25.8200,22.4100,25.6400,124563
2016-01-15,27.0500,28.2000,23.7101,24.4400,110754
2016-01-08,28.5000,28.6300,26.3501,26.6300,102938
2015-12-31,28.3000,29.9083,28.3000,28.6900,53755
2015-12-24,28.6800,29.9000,27.8400,28.3000,42195
2015-12-18,33.0000,33.0000,28.5200,29.0500,60729
2015-12-11,32.3400,33.0000,30.0100,30.9900,71225
2015-12-04,31.9500,32.9000,31.5956,32.3400,72291
2015-11-27,29.3500,32.1700,29.3500,31.7500,41903
2015-11-20,29.0800,30.6400,26.2600,29.3101,72767
2015-11-13,32.1000,32.1000,27.5300,29.1500,88112
2015-11-06,30.7300,32.9500,30.3500,31.9800,68941
2015-10-30,31.7100,32.8460,30.6200,30.7300,65402
2015-10-23,29.8200,32.2500,29.6300,31.5500,55361
2015-10-16,31.8300,32.9100,29.6201,29.8200,58864
2015-10-09,32.2500,32.5000,30.0100,31.4100,63413
2015-10-02,32.4400,32.9300,29.5000,32.2000,161773
2015-09-25,30.9400,32.9500,29.5200,32.7800,113976
2015-09-18,28.4800,30.9900,28.3000,30.9400,84150
2015-09-11,29.8200,30.2201,28.0200,28.3000,49691
2015-09-04,30.1500,31.9999,28.2000,29.2200,102739
2015-08-28,31.0100,31.1900,28.8500,30.1500,126837
2015-08-21,35.4600,36.5738,31.5000,32.0100,111123
2015-08-14,37.1000,39.7640,32.5144,35.3800,203054
2015-08-07,29.9000,36.7200,29.9000,35.9300,191227
2015-07-31,28.8600,31.3900,28.8600,29.7700,70804
2015-07-24,26.0400,31.8000,25.8101,29.7200,112264
2015-07-17,24.0970,25.7800,24.0700,25.7800,63501
2015-07-10,24.2000,24.4900,24.0500,24.2300,47691
2015-07-02,24.4600,24.5000,24.0301,24.4900,46770
2015-06-26,25.4000,25.6999,24.0100,24.3500,69380
2015-06-19,24.9000,25.5900,24.2200,25.1000,64397
2015-06-12,23.9100,25.7000,23.8800,25.4100,69940
2015-06-05,23.8500,24.8900,22.0900,24.0000,92381
2015-05-29,24.5000,24.9000,23.0600,23.8200,62350
2015-05-22,24.2800,24.9900,23.5300,24.3900,77967
2015-05-15,23.4200,24.3990,23.0101,23.9500,64736
2015-05-08,22.6900,24.3900,22.3000,23.2400,119392
2015-05-01,20.5400,22.7400,20.5400,22.7400,183823
2015-04-24,18.2300,20.5000,18.1400,20.5000,128576
2015-04-17,18.6300,18.8150,18.0700,18.1300,10985
2015-04-10,18.2800,18.9300,18.0400,18.9300,24033
2015-04-02,18.2160,18.6000,17.6850,18.5500,5198
2015-03-27,18.1100,19.0000,17.8600,17.8600,39892
2015-03-20,17.8600,18.3500,17.5200,17.9700,41876
2015-03-13,16.3830,17.8800,16.2500,17.7500,53195
2015-03-06,16.4000,16.4900,16.1500,16.4300,114804
2015-02-27,16.3000,16.4400,16.1100,16.3100,44639
2015-02-20,16.1200,16.5499,16.1101,16.2780,48198
2015-02-13,16.2300,16.4900,15.9101,16.1500,55586
2015-02-06,16.0200,16.5000,15.8000,16.3700,55226
2015-01-30,15.2800,16.5645,15.2800,15.8980,103837
2015-01-23,15.7199,15.7200,14.2501,15.6100,144328
2015-01-16,16.4000,16.4600,14.5600,15.7200,60737
2015-01-09,16.5500,16.7500,16.0500,16.3300,53119
2015-01-02,16.6801,16.7650,16.6600,16.6900,45043
2014-12-26,16.7500,16.9400,16.6000,16.7500,32991
2014-12-19,16.9500,17.0000,16.2600,16.7999,29230
2014-12-12,17.6100,17.6300,16.4999,17.0000,39597
2014-12-05,18.0200,18.3900,17.3500,17.9400,19153
2014-11-28,18.2700,18.6350,17.7900,17.8500,18998
2014-11-21,18.4375,18.9400,18.0500,18.4600,39656
2014-11-14,18.6900,19.0000,18.2301,19.0000,23575
2014-11-07,18.1480,18.7000,17.2000,18.6100,37056
2014-10-31,16.9700,18.9000,16.9700,18.1900,89713
2014-10-24,16.4100,17.1750,15.9400,16.9000,40938
2014-10-17,16.5001,16.5200,15.1000,16.4800,41387
2014-10-10,16.5000,16.7500,16.1390,16.7500,25654
2014-10-03,15.7100,16.4300,15.5900,16.4000,50564
2014-09-26,15.8500,16.2000,15.6000,15.6800,116927
2014-09-19,16.3200,16.5799,15.6800,16.0000,80924
2014-09-12,16.3900,16.5900,16.1800,16.4100,32234
2014-09-05,16.8000,16.9000,16.2600,16.2600,31641
2014-08-29,17.0600,17.2400,15.5384,16.8000,34482
2014-08-22,17.9300,18.5799,16.7000,16.7300,81286
2014-08-15,18.1100,18.7499,17.0400,17.6400,67755
2014-08-08,18.0000,18.2800,17.3400,18.1000,57703
2014-08-01,19.0000,19.0001,17.2300,18.0200,117108
2014-07-25,19.4500,19.7500,18.6200,18.9200,78558
2014-07-18,19.9400,20.3899,18.2800,19.5400,79201
2014-07-11,21.9700,21.9700,19.9700,19.9700,83846
2014-07-03,21.3500,22.0000,20.5110,21.8800,88374
2014-06-27,22.0000,22.0100,20.5601,21.7000,64579
2014-06-20,21.0900,22.0000,20.5100,22.0000,88105
2014-06-13,22.0000,22.2399,21.0000,21.0000,39019
2014-06-06,20.5000,22.4100,20.4100,21.9600,155263
2014-05-30,20.0500,20.4700,19.7800,20.3000,92376
2014-05-23,20.3800,20.9000,19.5810,20.0500,37331
2014-05-16,20.3000,21.5000,19.5800,20.3800,61214
2014-05-09,21.4500,21.6300,19.3800,20.2400,39366
2014-05-02,22.0500,22.3290,20.6110,21.3300,41764
2014-04-25,21.7900,22.4100,21.6300,22.0900,93579
2014-04-17,22.4475,22.6000,20.7610,21.7600,40969
2014-04-11,22.1500,23.9990,22.0500,22.3400,31916
2014-04-04,22.8000,23.5000,22.3800,22.7400,21071
2014-03-28,23.1100,23.8600,22.0400,23.2700,23615
2014-03-21,24.0000,24.4600,22.1000,23.1300,52360
2014-03-14,24.7000,26.1000,23.3600,23.7700,85158
2014-03-07,23.1500,25.2300,22.1038,25.2300,65547
2014-02-28,21.5600,23.9300,21.5600,22.9900,12934
2014-02-21,23.2000,23.4900,21.2790,21.2790,27103
2014-02-14,23.0000,23.5000,22.6101,23.3500,48276
2014-02-07,21.4900,23.2000,21.0454,23.0000,33671
2014-01-31,20.3200,22.2600,19.6601,21.3600,68971
2014-01-24,20.8500,21.4300,20.2800,20.2800,41094
2014-01-17,21.4900,21.9990,20.4400,20.8200,79437
2014-01-10,21.3900,22.9678,21.3900,21.4000,68835
2014-01-03,23.2000,23.4000,21.2500,21.4200,77127
2013-12-27,22.5300,23.9700,22.5000,23.2000,41229
2013-12-20,22.9900,23.6499,22.6900,23.2900,111793
2013-12-13,23.6800,23.9799,22.5000,22.9900,31723
2013-12-06,23.9000,24.2800,23.1000,23.9000,75311
2013-11-29,20.9000,24.7100,20.6000,23.9200,146543
2013-11-22,22.7700,23.0000,20.2500,20.5000,205681
2013-11-15,23.7900,23.9000,21.0200,23.1790,27342
2013-11-08,23.5000,25.4899,23.1100,23.6000,22696
2013-11-01,25.2300,25.2600,20.1200,22.6800,113252
2013-10-25,28.2899,31.8200,24.0500,25.2300,120601
2013-10-18,28.0000,28.5900,27.0700,28.1900,29262
2013-10-11,27.2600,28.7500,26.6200,28.7000,38749
2013-10-04,26.6100,27.4500,24.3800,27.2200,85797
2013-09-27,28.0300,28.0500,26.6300,26.8200,24291
2013-09-20,27.4100,28.7800,27.1100,28.1000,41468
2013-09-13,27.0800,28.7999,26.9600,27.7900,28792
2013-09-06,27.7300,28.3899,26.3050,26.8700,27784
2013-08-30,28.7501,29.2400,27.5200,27.5200,23157
2013-08-23,30.4040,30.4040,27.3500,29.1800,58209
2013-08-16,33.0000,34.9300,28.0000,30.3528,93544
2013-08-09,26.4900,36.0000,25.2700,32.9900,129358
2013-08-02,24.9990,26.5000,22.0000,26.5000,83956
2013-07-26,24.8900,25.1000,23.5000,24.2200,47396
2013-07-19,23.5200,24.9700,22.7100,24.9700,33870
2013-07-12,22.0500,25.5000,22.0500,23.5000,81391
2013-07-05,21.0100,23.2500,20.9900,22.0000,45479
2013-06-28,20.0000,21.8800,18.5000,21.0000,82335
2013-06-21,29.4400,30.5000,27.8001,30.2000,49885
2013-06-14,26.4000,29.5000,26.4000,29.4400,18596
2013-06-07,27.0400,28.0000,26.4000,26.4000,39159
2013-05-31,27.0000,27.4500,25.9500,26.6190,34910
2013-05-24,26.2500,26.5000,25.4900,25.9700,26828
2013-05-17,27.9000,28.0000,26.2000,26.2500,68190
2013-05-10,23.1100,28.2800,23.1000,27.9000,104767
2013-05-03,23.0000,23.7004,22.6600,23.7004,7005
2013-04-26,23.9700,24.0300,21.6500,23.0100,11026
2013-04-19,23.4000,25.4800,23.2000,24.0600,29835
2013-04-12,24.0100,24.5000,23.3000,23.5100,11098
2013-04-05,25.0100,25.0500,22.7500,23.7000,20228
2013-03-28,24.5300,25.9399,23.1000,25.5999,20486
2013-03-22,22.8700,25.9800,22.8700,25.7390,8782
2013-03-15,24.7000,25.2000,23.2000,23.2000,36714
2013-03-08,26.0000,26.0000,24.4500,25.1900,14171
2013-03-01,28.7499,29.6499,24.2600,25.6000,21374
2013-02-22,27.4600,29.4400,26.8000,28.9999,8190
2013-02-15,25.9800,27.9500,25.9800,27.4600,18051
2013-02-08,25.0000,26.0000,25.0000,26.0000,21388
2013-02-01,23.4500,25.3000,23.4500,25.0000,18880
2013-01-25,23.1500,23.4500,23.1000,23.3500,4700
2013-01-18,22.2000,23.2500,22.1000,23.2000,5731
2013-01-11,21.1500,22.0000,20.5000,22.0000,21120
2013-01-04,20.9900,21.2500,20.4600,21.0000,14300
2012-12-28,21.0000,21.5000,20.0700,20.9900,7940
2012-12-21,20.0000,20.5000,20.0000,20.5000,7600
2012-12-14,20.0000,20.0000,19.9900,19.9900,582
2012-12-07,17.8400,22.9800,17.8400,20.0000,18125
2012-11-30,19.7500,19.7500,17.8400,17.8400,2826
2012-11-23,17.7500,18.0000,17.1300,18.0000,1900
2012-11-16,18.0000,18.0000,17.7500,17.7500,100
2012-11-09,18.0000,18.0000,18.0000,18.0000,700
2012-11-02,18.0000,18.0000,16.9600,18.0000,4205
2012-10-26,18.0000,18.0000,16.0100,18.0000,2540
2012-10-19,17.0000,18.0000,16.5500,18.0000,3400
2012-10-12,17.0000,17.0000,16.9900,17.0000,3300
2012-10-05,16.0000,17.0000,16.0000,17.0000,100
2012-09-28,16.0000,17.0000,15.2600,16.0000,6700
2012-09-21,17.0000,17.0000,16.0000,16.0000,3100
2012-09-14,17.0500,17.0500,17.0000,17.0000,800
2012-09-07,17.0000,17.0500,17.0000,17.0500,200
2012-08-31,17.0000,17.0000,15.2000,17.0000,2000
2012-08-24,16.0000,17.0000,16.0000,17.0000,3140
2012-08-17,15.7500,16.0000,15.7500,16.0000,2650
2012-08-10,15.0000,15.7500,15.0000,15.7500,390
2012-08-03,15.7500,15.7500,14.7000,15.0000,9150
2012-07-27,16.5000,16.5000,15.4000,15.7500,5300
2012-07-20,14.1500,16.5000,14.1500,16.5000,84100
2012-07-13,15.2500,15.2500,14.0500,14.0500,2300
2012-07-06,14.7500,15.2500,14.7500,15.2500,752
2012-06-29,14.3100,14.7000,14.0100,14.0500,2600
2012-06-22,14.5000,14.7000,14.5000,14.7000,400
2012-06-15,14.5000,14.5000,13.3000,14.5000,7632
2012-06-08,14.5000,14.5000,14.5000,14.5000,170
2012-06-01,14.5000,14.5000,14.4900,14.4900,200
2012-05-25,16.0000,16.0000,14.1500,14.5000,2750
2012-05-18,16.0000,16.0000,16.0000,16.0000,0
2012-05-11,15.6500,16.0000,14.3500,16.0000,2366
2012-05-04,15.0000,15.6500,15.0000,15.6500,900
2012-04-27,15.2000,15.2000,14.5000,15.0000,827
2012-04-20,15.0000,15.2000,15.0000,15.2000,2759
2012-04-13,13.5000,15.0000,13.5000,15.0000,300
2012-04-05,13.5000,13.5000,13.5000,13.5000,1800
2012-03-30,13.4900,13.5000,13.4900,13.5000,700
2012-03-23,15.2000,15.2000,13.4900,13.4900,300
2012-03-16,15.2000,15.2000,15.2000,15.2000,100
2012-03-09,15.2000,15.2000,15.2000,15.2000,100
2012-03-02,13.7500,15.2500,12.0100,15.2000,1928
2012-02-24,14.0000,15.9000,13.1000,13.7500,6099
2012-02-17,12.7500,12.9500,12.7500,12.9500,400
2012-02-10,11.7500,12.7500,11.7500,12.7500,18600
2012-02-03,10.7500,11.5000,10.7500,11.5000,8900
2012-01-27,10.7500,10.7500,10.7500,10.7500,0
2012-01-20,10.7500,10.7500,10.7500,10.7500,200
2012-01-13,10.2500,10.6000,10.2500,10.6000,800
2012-01-06,10.2500,10.3000,10.2500,10.2500,1225
2011-12-30,10.2500,10.2500,9.3100,9.3500,2300
2011-12-23,10.2500,10.2500,9.1500,10.2500,1818
2011-12-16,10.3000,10.3000,9.1500,9.1500,4867
2011-12-09,10.4500,10.4500,10.3000,10.3000,1400
2011-12-02,10.4500,10.4500,10.4500,10.4500,0
2011-11-25,10.4500,10.6000,10.4500,10.4500,1600
2011-11-18,10.7200,10.7200,10.4500,10.4500,3150
2011-11-11,10.6600,10.7200,10.6600,10.7200,9200
2011-11-04,10.2500,10.6800,10.2500,10.6600,3600
2011-10-28,10.6000,10.7000,10.6000,10.7000,2300
2011-10-21,11.0000,11.5000,9.5600,9.8500,6000
2011-10-14,10.0000,11.0000,9.7500,11.0000,3450
2011-10-07,9.7500,10.0000,9.7500,10.0000,4900
2011-09-30,10.3000,10.3000,9.1500,10.0000,22389
2011-09-23,10.0000,10.3000,10.0000,10.3000,6916
2011-09-16,9.6500,10.0000,9.2500,10.0000,4500
2011-09-09,10.1000,10.1000,9.6500,9.6500,1816
2011-09-02,9.8000,10.1000,9.8000,10.1000,5250
2011-08-26,10.0000,10.4000,9.6700,10.4000,5800
2011-08-19,10.2700,11.7400,9.6500,10.0000,67200
2011-08-12,11.0000,11.0000,11.0000,11.0000,18500
2011-08-05,10.4500,11.0000,10.4500,11.0000,6381
2011-07-29,10.5000,10.5000,9.7500,9.7500,1387
2011-07-22,10.6000,10.7500,9.6500,10.5000,5400
2011-07-15,10.6000,10.6000,10.6000,10.6000,200
2011-07-08,10.2500,10.6200,10.2500,10.6200,1000
2011-07-01,10.5100,10.5100,10.2000,10.2500,3275
2011-06-24,10.8000,10.8000,10.8000,10.8000,0
2011-06-17,11.5500,11.5500,10.1000,10.8000,3975
2011-06-10,12.0000,12.0000,11.5500,11.5500,4000
2011-06-03,11.0000,12.0000,11.0000,12.0000,10148
2011-05-27,10.7500,12.0000,10.7500,11.5000,24188
2011-05-20,10.5000,10.5000,10.4500,10.4500,5300
2011-05-13,10.4600,10.5000,10.4600,10.5000,4700
2011-05-06,11.1200,11.1200,10.4500,10.4600,17568
2011-04-29,11.0000,11.1200,10.9500,11.1200,2600
2011-04-21,10.8500,11.0000,10.8500,11.0000,750
2011-04-15,10.3900,10.4000,10.3900,10.3900,4233
2011-04-08,10.3500,10.5000,10.3500,10.5000,21700
2011-04-01,10.4000,10.4000,10.2500,10.3500,1800
2011-03-25,10.3000,10.5000,10.3000,10.3000,17000
2011-03-18,10.4000,10.7500,10.3000,10.3000,11220
2011-03-11,10.4000,10.4000,10.4000,10.4000,0
2011-03-04,10.8500,10.8500,10.4000,10.4000,200
2011-02-25,10.6000,11.0000,10.5000,10.8500,8952
2011-02-18,10.7500,11.0000,10.6000,10.6000,3535
2011-02-11,11.4000,11.4000,10.9000,10.9000,2500
2011-02-04,11.4000,11.4000,11.4000,11.4000,0
2011-01-28,11.4000,11.4000,11.4000,11.4000,0
2011-01-21,11.4000,11.4000,11.4000,11.4000,0
2011-01-14,11.0000,11.4000,11.0000,11.4000,14000
2011-01-07,11.0000,11.0000,11.0000,11.0000,6800
2010-12-31,11.0000,11.0000,11.0000,11.0000,7000
2010-12-23,11.0000,11.0000,11.0000,11.0000,1700
2010-12-17,10.7500,11.0000,10.7500,11.0000,600
2010-12-10,11.5000,11.5000,10.7000,10.7500,1700
2010-12-03,12.0000,12.0000,11.5000,11.5000,200
2010-11-26,12.0000,12.0000,12.0000,12.0000,0
2010-11-19,12.1000,12.1000,11.5000,12.0000,3600
2010-11-12,12.3500,12.3500,11.6500,12.1000,1450
2010-11-05,12.4500,12.5000,12.3500,12.3500,7935
2010-10-29,10.5000,12.5000,10.5000,12.4500,7212
2010-10-22,10.5000,10.5000,10.5000,10.5000,0
2010-10-15,11.5000,11.5000,10.5000,10.5000,477
2010-10-08,12.5000,12.5000,11.5000,11.5000,2644
2010-10-01,12.5000,12.5000,9.5000,12.5000,4600
2010-09-24,10.4500,12.5000,10.4500,12.5000,302
2010-09-17,10.4500,10.4500,10.4500,10.4500,0
2010-09-10,10.4500,10.4500,10.4500,10.4500,400
2010-09-03,10.4000,10.4500,10.4000,10.4500,500
2010-08-27,10.4000,10.5000,10.4000,10.4000,1100
2010-08-20,10.5000,10.5000,10.2500,10.4000,1000
2010-08-13,10.4900,10.5000,10.4900,10.5000,341
2010-08-06,10.2500,10.5000,10.2500,10.4900,500
2010-07-30,9.0000,10.2500,8.5000,10.2500,35647
2010-07-23,10.0000,10.0000,8.5500,9.0000,20342
2010-07-16,10.0000,10.0000,9.9500,10.0000,3150
2010-07-09,10.0000,10.0000,10.0000,10.0000,0
2010-07-02,8.7000,10.0000,8.7000,10.0000,850
2010-06-25,11.0000,11.0000,11.0000,11.0000,0
2010-06-18,10.2500,11.2500,8.7000,11.0000,820
2010-06-11,10.0000,10.0000,9.0000,9.5000,5300
2010-06-04,10.0000,10.0000,10.0000,10.0000,0
2010-05-28,9.7500,10.0000,9.0000,10.0000,7985
2010-05-21,11.2500,11.2500,8.2500,9.7500,11900
2010-05-14,8.9500,10.0000,8.9500,10.0000,4861
2010-05-07,10.2500,10.2500,7.2500,8.5000,10000
2010-04-30,7.2500,11.5000,7.2500,11.5000,50091
2010-04-23,7.1000,7.1000,7.1000,7.1000,0
2010-04-16,7.1000,7.1000,7.1000,7.1000,0
2010-04-09,7.1000,7.1000,7.1000,7.1000,0
2010-04-01,7.0000,7.1000,7.0000,7.1000,1000
2010-03-26,5.0000,7.0000,5.0000,7.0000,850
2010-03-19,5.0000,5.7000,5.0000,5.7000,1000
2010-03-12,5.0000,5.0000,5.0000,5.0000,500
2010-03-05,4.2600,5.0000,4.2600,5.0000,500
2010-02-26,4.2600,4.2600,4.2600,4.2600,200
2010-02-19,4.7500,4.7500,4.5000,4.5500,3834
2010-02-12,4.7500,4.7500,4.7500,4.7500,0
2010-02-05,4.7500,4.7500,4.7500,4.7500,0
2010-01-29,4.8000,4.8000,4.7500,4.7500,3719
2010-01-22,5.7500,6.0000,5.5000,5.5000,1940
2010-01-15,6.6500,6.6500,5.5000,5.5000,4500
2010-01-08,6.6500,6.6500,6.6500,6.6500,0
2009-12-31,5.7500,6.6500,5.5000,6.6500,10826
2009-12-24,4.5000,5.2500,4.5000,5.2500,2190
2009-12-18,5.1300,5.1300,4.5000,4.5000,3860
2009-12-11,5.3000,5.3000,5.0000,5.0000,1000
2009-12-04,6.4000,6.4000,4.5000,5.3000,11037
2009-11-27,6.7500,6.7500,6.5000,6.5000,521
2009-11-20,6.7500,6.7500,6.7500,6.7500,519
2009-11-13,6.7500,6.7500,6.7500,6.7500,0
2009-11-06,6.7500,6.7500,6.7500,6.7500,0
2009-10-30,6.7500,6.7500,6.7500,6.7500,0
2009-10-23,6.7500,6.7500,6.7500,6.7500,0
2009-10-16,7.0000,7.0000,6.5000,6.7500,2396
2009-10-09,7.1000,7.1000,7.0000,7.0000,1500
2009-10-02,8.6000,8.6000,7.1000,7.1000,1000
2009-09-25,8.4000,8.7500,8.4000,8.6000,1000
2009-09-18,6.3500,8.4000,6.3500,8.4000,1437
2009-09-11,6.3500,6.3500,6.3500,6.3500,400
2009-09-04,6.9000,6.9000,6.9000,6.9000,0
2009-08-28,6.7500,6.9000,6.7500,6.9000,500
2009-08-21,7.1000,7.1000,6.3000,6.7500,1000
2009-08-14,7.0000,7.1000,7.0000,7.1000,1100
2009-08-07,7.6000,7.6000,7.0000,7.0000,3000
2009-07-31,7.8000,7.8000,7.5000,7.6000,1500
2009-07-24,7.8000,7.8000,7.8000,7.8000,0
2009-07-17,7.8000,7.8000,7.8000,7.8000,0
2009-07-10,7.8000,7.8000,7.8000,7.8000,0
2009-07-02,8.0000,8.0000,7.8000,7.8000,1400
2009-06-26,8.0500,8.0500,8.0000,8.0000,1325
2009-06-19,8.0700,8.0700,8.0700,8.0700,0
2009-06-12,8.6000,8.6000,8.0000,8.0700,17157
2009-06-05,8.6000,8.6000,8.6000,8.6000,4428
2009-05-29,8.6000,8.6000,8.6000,8.6000,500
2009-05-22,8.6300,8.6300,8.6000,8.6000,4254
2009-05-15,8.7500,8.7500,8.6000,8.6000,133
2009-05-08,8.6000,8.7500,8.6000,8.7500,5611
2009-05-01,9.2500,9.5000,8.6000,8.6000,5500
2009-04-24,8.6500,9.2500,8.6500,9.2500,2327
2009-04-17,8.4700,8.6500,8.4700,8.6500,4794
2009-04-09,8.4700,8.4700,8.4700,8.4700,0
2009-04-03,8.0000,8.4800,8.0000,8.4700,590
2009-03-27,8.4800,8.4800,8.4700,8.4700,300
2009-03-20,8.4800,8.4800,8.4800,8.4800,0
2009-03-13,8.0000,8.4800,8.0000,8.4800,400
2009-03-06,8.0000,8.0000,8.0000,8.0000,400
2009-02-27,8.0000,8.0000,8.0000,8.0000,0
2009-02-20,8.5000,8.5500,8.0000,8.0000,7867
2009-02-13,8.5000,8.5000,8.5000,8.5000,0
2009-02-06,9.1000,9.1000,8.4000,8.5000,1933
2009-01-30,8.5500,8.5500,8.3500,8.5500,11400
2009-01-23,8.5900,8.5900,8.3500,8.5500,4100
2009-01-16,8.5500,9.0900,8.0500,8.5900,21201
2009-01-09,9.1000,9.1000,9.1000,9.1000,0
2009-01-02,9.0000,9.1000,8.5500,9.1000,1567
2008-12-26,8.7500,9.0000,8.7500,9.0000,3000
2008-12-19,8.6500,8.7500,8.0500,8.7500,42387
2008-12-12,8.7500,9.1000,8.6500,8.6500,10900
2008-12-05,9.0000,9.0000,8.7500,8.7500,1400
2008-11-28,9.2500,9.2500,9.2500,9.2500,0
2008-11-21,9.2500,9.2800,9.2500,9.2500,22100
2008-11-14,9.5000,9.5000,9.2500,9.2500,1400
2008-11-07,9.5000,9.5000,9.5000,9.5000,13800
2008-10-31,9.5500,10.0000,9.5000,9.5000,6252
2008-10-24,9.7000,9.7000,9.5500,9.5500,9904
2008-10-17,9.5000,9.9900,9.5000,9.6000,1500
2008-10-10,9.5500,9.6100,9.5000,9.5000,26820
2008-10-03,9.6000,9.6000,9.5500,9.5500,6271
2008-09-26,10.0100,10.2000,9.7000,9.7000,58488
2008-09-19,9.9500,10.2000,9.9500,10.0100,7254
2008-09-12,9.8000,10.2000,9.8000,10.0100,5861
2008-09-05,9.8000,9.8000,9.8000,9.8000,0
2008-08-29,9.8000,9.8000,9.8000,9.8000,180
2008-08-22,10.1500,10.2000,9.8600,9.8600,2906
2008-08-15,10.1500,10.2000,10.0500,10.1500,5400
2008-08-08,10.1000,10.1700,10.1000,10.1700,3000
2008-08-01,10.1500,10.1500,10.1000,10.1000,600
2008-07-25,10.0000,10.0000,10.0000,10.0000,0
2008-07-18,9.2500,10.6000,9.2500,10.0000,4900
2008-07-11,11.2000,11.2000,10.6000,10.6000,9000
2008-07-03,11.2000,11.2000,11.2000,11.2000,0
2008-06-27,11.2000,11.2000,11.2000,11.2000,300
2008-06-20,11.5000,11.5000,11.5000,11.5000,400
2008-06-13,11.2500,11.5000,11.2500,11.5000,1400
2008-06-06,11.5000,11.5500,11.2500,11.2500,4600
2008-05-30,11.5000,11.5000,11.5000,11.5000,0
2008-05-23,11.5000,11.5000,11.5000,11.5000,100
2008-05-16,10.7500,11.3000,10.7500,11.0000,4900
2008-05-09,10.2000,10.5000,10.0500,10.5000,6920
2008-05-02,10.2500,10.2500,10.0000,10.2500,4500
2008-04-25,11.7500,11.7500,9.7500,10.0500,8240
2008-04-18,11.0000,11.0000,11.0000,11.0000,0
2008-04-11,10.7500,11.0000,10.5000,11.0000,2059
2008-04-04,10.9500,12.1000,10.7500,10.7500,1000
2008-03-28,10.5000,10.9500,10.5000,10.9500,1100
2008-03-20,10.9000,10.9000,10.1000,10.5000,3859
2008-03-14,12.2000,12.2000,10.5500,10.6000,8900
2008-03-07,12.6500,12.6500,12.0000,12.2500,3200
2008-02-29,12.8000,12.8500,12.6500,12.6500,3800
2008-02-22,12.9000,12.9000,12.8000,12.8000,300
2008-02-15,12.9000,12.9000,12.7000,12.7000,2600
2008-02-08,13.0000,13.0000,12.8000,12.8000,900
2008-02-01,13.0000,13.0000,13.0000,13.0000,500
2008-01-25,12.8000,12.8000,12.8000,12.8000,200
2008-01-18,13.5000,13.5000,13.2500,13.2500,400
2008-01-11,13.6000,13.8000,13.4500,13.5000,1100
2008-01-04,13.6000,13.6000,13.6000,13.6000,200
2007-12-28,13.2500,13.9000,13.2500,13.5000,1985
2007-12-21,13.0000,13.2500,12.7500,13.2500,950
2007-12-14,13.5000,13.6000,12.9000,13.0000,3874
2007-12-07,13.6000,13.6000,13.6000,13.6000,0
2007-11-30,13.6000,13.6000,13.6000,13.6000,300
2007-11-23,13.9000,13.9000,13.6000,13.6000,1300
2007-11-16,13.7700,14.0000,13.7700,13.9000,1236
2007-11-09,13.2500,13.9000,13.2500,13.7700,800
2007-11-02,13.2600,13.7500,13.1500,13.2500,101200
2007-10-26,12.8000,13.5000,12.8000,13.2600,66610
2007-10-19,14.0600,14.0600,12.5000,12.7500,18741
2007-10-12,14.1000,14.2000,14.0500,14.0500,8000
2007-10-05,14.2500,14.2500,14.1000,14.1000,3000
2007-09-28,14.2500,14.2500,14.2500,14.2500,0
2007-09-21,14.2500,14.2500,14.2500,14.2500,0
2007-09-14,14.0000,14.2500,14.0000,14.2500,5781
2007-09-07,14.0000,14.2500,14.0000,14.2500,7000
2007-08-31,14.1000,14.2500,14.0000,14.0000,3681
2007-08-24,14.0000,14.1000,13.9900,14.1000,2111
2007-08-17,14.0000,14.0000,13.4000,14.0000,8810
2007-08-10,13.8000,14.0000,13.8000,14.0000,10010
2007-08-03,13.6000,13.9200,13.6000,13.6500,19600
2007-07-27,13.5500,13.5500,13.5000,13.5000,2800
2007-07-20,13.5200,13.6500,13.5000,13.5500,5800
2007-07-13,13.8000,13.8000,13.2000,13.5200,3350
2007-07-06,14.1400,14.1400,13.8000,13.8000,500
2007-06-29,13.9000,13.9500,13.7500,13.7500,1100
2007-06-22,13.8500,14.0100,13.8500,14.0000,2300
2007-06-15,13.7000,13.9000,13.6100,13.9000,3300
2007-06-08,14.1400,14.1400,13.6000,13.6000,8518
2007-06-01,14.2500,14.3000,14.0000,14.1000,6850
2007-05-25,14.2000,14.2500,14.2000,14.2500,500
2007-05-18,14.2000,14.2000,14.2000,14.2000,300
2007-05-11,14.4500,14.4500,14.2000,14.2000,4400
2007-05-04,14.5000,14.5500,14.4000,14.4500,5050
2007-04-27,14.2000,14.6500,14.2000,14.5500,21900
2007-04-20,14.0000,14.6000,13.5100,14.1000,8275
2007-04-13,14.6500,14.6500,14.0000,14.0000,7903
2007-04-05,14.6500,14.6500,14.6500,14.6500,2836
2007-03-30,14.7000,14.8000,14.7000,14.8000,1800
2007-03-23,15.5000,15.5000,14.6500,14.6500,11500
2007-03-16,15.5000,15.5000,15.5000,15.5000,0
2007-03-09,15.5000,15.5000,15.5000,15.5000,0
2007-03-02,15.0500,15.5000,15.0500,15.5000,2482
2007-02-23,15.0500,15.0500,15.0500,15.0500,2900
2007-02-16,15.5000,15.5000,15.0500,15.0500,6450
2007-02-09,15.5500,15.5500,15.5500,15.5500,0
2007-02-02,15.0500,15.5500,15.0500,15.5500,1009
2007-01-26,15.5000,15.5000,14.9000,15.0500,46684
2007-01-19,15.4000,15.4500,15.4000,15.4500,700
2007-01-12,16.1500,16.1500,15.4000,15.4000,16400
2007-01-05,16.1500,16.1500,16.1500,16.1500,200
2006-12-29,16.2000,16.2000,16.1500,16.1500,4000
2006-12-22,16.2000,16.2500,16.1500,16.2000,8853
2006-12-15,16.2000,16.2000,16.2000,16.2000,2700
2006-12-08,16.2500,16.2500,16.2000,16.2000,2914
2006-12-01,16.3500,16.5000,16.3000,16.3000,2532
2006-11-24,16.1500,16.3500,16.1500,16.3500,900
2006-11-17,16.1700,16.3500,16.1000,16.1500,2861
2006-11-10,16.3900,16.3900,16.1000,16.1000,57980
2006-11-03,16.2500,16.4000,16.2000,16.3000,14691
2006-10-27,16.3500,16.3500,16.2000,16.2000,6700
2006-10-20,16.3500,16.3500,16.3500,16.3500,0
2006-10-13,16.3500,16.3500,16.3000,16.3500,5291
2006-10-06,16.4500,16.5000,16.2500,16.2500,3140
2006-09-29,16.5500,16.5500,16.4500,16.5200,5067
2006-09-22,16.5500,16.5500,16.5500,16.5500,0
2006-09-15,16.6000,16.6000,16.5000,16.5500,2663
2006-09-08,16.4500,16.6000,16.4500,16.6000,573
2006-09-01,16.9500,16.9500,16.3000,16.4500,8949
2006-08-25,16.1500,16.5000,16.1500,16.4000,8788
2006-08-18,16.6500,16.6500,16.0500,16.0500,2900
2006-08-11,16.7500,16.7500,16.3000,16.6500,2540
2006-08-04,16.7500,16.7500,16.7500,16.7500,0
2006-07-28,16.7500,16.7500,16.7500,16.7500,0
2006-07-21,16.0500,17.2500,16.0000,16.7500,12578
2006-07-14,16.2500,16.3000,16.0500,16.0500,3109
2006-07-07,16.2500,16.2500,16.2500,16.2500,0
2006-06-30,16.1500,16.2500,16.1500,16.2500,800
2006-06-23,16.2500,16.6500,16.1500,16.1500,2150
2006-06-16,16.0500,16.2000,16.0500,16.2000,6500
2006-06-09,17.0000,17.0000,16.0500,16.0500,2500
2006-06-02,16.5000,16.5000,16.5000,16.5000,500
2006-05-26,16.2000,16.5000,16.2000,16.5000,5815
2006-05-19,16.5000,17.0000,16.2000,16.2000,1740
2006-05-12,16.5000,16.5000,16.5000,16.5000,0
2006-05-05,16.5500,16.7000,16.4000,16.5000,42566
2006-04-28,16.8000,17.5000,16.5500,16.8500,15900
2006-04-21,17.7000,17.7000,16.8000,17.0000,16611
2006-04-13,17.5100,17.7000,17.5100,17.7000,200
2006-04-07,17.6500,17.7500,17.5100,17.5100,1600
2006-03-31,17.5500,17.5500,17.5500,17.5500,800
2006-03-24,17.3000,17.3000,17.3000,17.3000,0
2006-03-17,17.3000,17.3000,17.3000,17.3000,0
2006-03-10,17.5000,17.5000,17.3000,17.3000,600
2006-03-03,18.0000,18.0000,17.2500,17.5000,2500
2006-02-24,17.5000,17.5000,17.5000,17.5000,0
2006-02-17,17.0000,17.5000,16.8000,17.5000,3325
2006-02-10,16.7500,17.5000,16.7500,17.0000,3900
2006-02-03,16.2500,16.9000,16.2500,16.7500,4425
2006-01-27,15.7500,16.5000,15.5000,16.5000,6600
2006-01-20,15.6500,16.0000,15.6500,16.0000,100
2006-01-13,15.3000,15.6500,15.3000,15.6500,500
2006-01-06,15.3000,15.3000,15.3000,15.3000,0
2005-12-30,15.3000,15.3000,15.3000,15.3000,1200
2005-12-23,15.2000,15.5000,15.2000,15.3000,25500
2005-12-16,15.3000,15.3000,15.2000,15.2000,2300
2005-12-09,15.5000,15.6000,15.0500,15.5000,12600
2005-12-02,15.1500,15.5000,15.0000,15.3000,26800
2005-11-25,15.9000,15.9000,15.9000,15.9000,0
2005-11-18,17.0000,17.0000,15.9000,15.9000,37200
2005-11-11,17.0000,17.0000,17.0000,17.0000,0
2005-11-04,16.5000,17.0000,16.5000,17.0000,2100
2005-10-28,16.4000,16.4500,16.4000,16.4000,1800
2005-10-21,16.4500,16.5100,16.3500,16.4000,7700
2005-10-14,16.5500,16.7500,16.4500,16.5000,7600
2005-10-07,16.5000,16.5500,16.3500,16.5500,24500
2005-09-30,16.3000,16.5000,16.3000,16.4500,2500
2005-09-23,16.2500,16.6500,16.2500,16.3000,43300
2005-09-16,16.1000,16.3600,16.1000,16.2500,17100
2005-09-09,16.2500,16.2500,16.1000,16.1000,500
2005-09-02,16.5000,16.5500,16.2500,16.2500,800
2005-08-26,17.2500,17.2500,16.7500,16.7500,10300
2005-08-19,17.5000,17.5000,17.4900,17.5000,400
2005-08-12,17.5000,17.7400,17.5000,17.5000,2200
2005-08-05,18.5000,18.5000,17.5000,17.5000,23200
2005-07-29,18.5000,18.5500,18.5000,18.5000,2500
2005-07-22,19.0000,19.0000,18.5000,18.5000,1700
2005-07-15,19.0000,19.0000,19.0000,19.0000,2500
2005-07-08,19.4000,19.4000,19.0000,19.0000,300
2005-07-01,19.0000,19.4000,18.6000,19.4000,12000
2005-06-24,18.9000,19.4000,18.9000,19.0000,6400
2005-06-17,19.0000,19.0000,18.5000,18.6000,8800
2005-06-10,20.0000,20.0000,17.5000,20.0000,600
2005-06-03,15.2500,16.5000,15.2500,16.5000,17100
2005-05-27,15.0500,16.5000,15.0500,15.5000,700
2005-05-20,15.0500,17.5000,15.0500,17.5000,100
2005-05-13,15.0000,15.2500,15.0000,15.0500,60000
2005-05-06,15.5000,15.5000,15.0000,15.1000,45000
2005-04-29,14.5000,15.5000,14.5000,15.5000,44700
2005-04-22,14.5000,14.5000,14.5000,14.5000,1100
2005-04-15,15.1000,15.1000,15.1000,15.1000,0
2005-04-08,14.7500,15.1000,14.7500,15.1000,5000
2005-04-01,14.6000,14.7500,14.6000,14.7500,5000
2005-03-24,14.6000,14.6000,14.6000,14.6000,0
2005-03-18,14.6000,14.6000,14.6000,14.6000,203900
2005-03-11,15.0000,15.0000,15.0000,15.0000,0
2005-03-04,15.0000,15.0000,15.0000,15.0000,0
2005-02-25,15.0000,15.0000,15.0000,15.0000,0
2005-02-18,15.0000,15.0000,15.0000,15.0000,0
2005-02-11,14.0000,15.0000,14.0000,15.0000,1000
2005-02-04,14.1500,14.1500,13.0000,14.0000,6000
2005-01-28,14.1500,14.1500,14.1500,14.1500,0
2005-01-21,13.0000,15.1500,13.0000,14.1500,7500
2005-01-14,14.5000,14.5000,13.0000,13.0000,500
2005-01-07,14.5000,14.5000,14.5000,14.5000,0
