timestamp,open,high,low,close,volume
2017-06-23,24.6260,24.6260,24.6260,24.6260,0
2017-06-16,24.6700,24.6700,24.6260,24.6260,200
2017-06-13,0.0000,0.0000,0.0000,24.6255,0
2017-06-09,24.4610,24.6700,24.4610,24.6700,100
2017-06-02,24.4090,24.5300,24.3700,24.4610,2000
2017-05-26,24.4090,24.4090,24.4090,24.4090,0
2017-05-19,24.4090,24.4090,24.4090,24.4090,0
2017-05-12,24.4580,24.4600,24.4090,24.4090,1000
2017-05-05,24.5160,24.5160,24.4100,24.4580,900
2017-04-28,24.1800,24.5200,24.1800,24.5160,200
2017-04-21,24.2430,24.2430,24.1800,24.1800,300
2017-04-13,24.2900,24.2900,24.2900,24.2900,0
2017-04-07,24.2140,24.2900,24.2140,24.2900,1300
2017-03-31,24.2000,24.2200,24.1490,24.2140,1900
2017-03-24,24.2000,24.2000,24.2000,24.2000,100
2017-03-17,24.2000,24.2000,24.2000,24.2000,200
2017-03-10,24.2000,24.2000,24.2000,24.2000,0
2017-03-03,24.3500,24.3500,24.2000,24.2000,800
2017-02-24,24.2000,24.3500,24.1000,24.3500,11900
2017-02-17,24.2000,24.2000,24.2000,24.2000,0
2017-02-10,24.2000,24.2000,24.2000,24.2000,0
2017-02-03,24.0780,24.2000,23.8860,24.2000,400
2017-01-27,23.9000,24.0780,23.9000,24.0780,300
2017-01-20,23.9000,23.9000,23.9000,23.9000,0
2017-01-13,23.9000,23.9000,23.9000,23.9000,0
2017-01-06,23.8400,24.0470,23.7550,23.9000,4400
2016-12-30,23.6620,23.7800,23.6000,23.7700,3400
2016-12-23,23.6600,23.7500,23.5200,23.7500,1100
2016-12-16,23.7500,23.7700,23.5030,23.5350,400
2016-12-09,23.5000,23.7500,23.4570,23.7500,3300
2016-12-02,23.5000,23.7000,23.3600,23.3600,5300
2016-11-25,23.4900,23.6190,23.4500,23.5810,9800
2016-11-18,23.6200,23.7100,23.4400,23.5260,10600
2016-11-11,23.8000,23.9600,23.5900,23.7300,14700
2016-11-04,23.6900,23.8000,23.1000,23.6700,26800
2016-10-28,23.9100,23.9900,23.7200,23.7200,19100
2016-10-21,23.9200,23.9200,23.8000,23.9000,5400
2016-10-14,23.9500,24.0400,23.8300,23.9200,3600
2016-10-07,23.8900,24.1900,23.8700,24.0200,4400
2016-09-30,23.8900,24.1000,23.8800,23.8900,11700
2016-09-23,23.6700,23.9820,23.6500,23.9300,11800
2016-09-16,24.0520,24.0520,23.6200,23.6200,14700
2016-09-09,24.0740,24.1400,24.0100,24.0520,5600
2016-09-02,24.1800,24.1800,23.9200,24.0740,500
2016-08-26,24.1450,24.2300,23.9700,24.0950,1800
2016-08-19,24.1900,24.1900,24.0000,24.1450,2000
2016-08-12,23.8200,24.0880,23.8200,24.0880,6500
2016-08-05,23.7000,23.8450,23.7000,23.8000,400
2016-07-29,23.7200,23.7500,23.6900,23.7000,500
2016-07-22,23.7000,23.8000,23.6500,23.7200,5400
2016-07-15,23.6700,23.8000,23.6500,23.7000,5900
2016-07-08,23.2890,23.6700,23.2890,23.6700,14100
2016-07-01,23.1000,23.2890,23.1000,23.2890,1400
2016-06-24,23.5400,23.5400,23.2100,23.2100,500
2016-06-17,23.4320,23.5500,23.4320,23.5400,4100
2016-06-10,23.5500,23.7400,23.4320,23.4320,1000
2016-06-03,23.3200,23.5800,23.3200,23.5500,3100
2016-05-27,23.4200,23.5000,23.3200,23.3200,5000
2016-05-20,23.3600,23.4400,23.2500,23.4200,7200
2016-05-13,23.4410,23.5600,23.3700,23.5600,4200
2016-05-06,23.5800,23.5800,23.3000,23.4410,5800
2016-04-29,23.5560,23.6300,23.4500,23.5500,3200
2016-04-22,23.2200,23.6000,23.2200,23.5560,7800
2016-04-15,22.9000,24.4500,22.9000,23.3900,29700
2016-04-08,23.3930,24.3500,23.0800,23.2000,4700
2016-04-01,23.5000,23.6400,23.5000,23.6400,3200
2016-03-24,23.4000,23.6900,23.3000,23.6600,3400
2016-03-18,23.1300,23.7300,22.9300,23.7300,44000
2016-03-11,23.3000,23.3000,22.8420,23.1500,2400
2016-03-04,23.0800,23.2400,22.8100,22.9000,1500
2016-02-26,22.9790,23.1500,22.7500,23.1500,1700
2016-02-19,22.3700,22.9800,22.0200,22.8700,8500
2016-02-12,22.8300,22.8300,22.5300,22.7200,800
2016-02-05,23.0100,23.0100,22.5300,22.8300,9500
2016-01-29,24.0000,24.0000,22.6400,23.0100,6200
2016-01-22,22.5640,23.0000,22.5640,23.0000,6300
2016-01-15,22.7000,22.7000,22.0000,22.7000,1600
2016-01-08,22.8500,22.8500,21.9400,22.7000,2300
2015-12-31,22.7500,22.8500,22.4300,22.8500,13200
2015-12-24,22.7500,23.2100,22.6300,22.7000,220200
2015-12-18,23.2900,23.2900,21.8200,22.9600,84000
2015-12-11,22.9500,23.2900,22.6300,23.2900,1600
2015-12-04,22.6500,23.2000,22.5800,23.1490,26600
2015-11-27,23.1500,23.2000,22.6700,22.6700,82900
2015-11-20,23.1100,23.2000,22.8380,23.0790,2400
2015-11-13,23.1860,23.1860,22.9600,23.1100,400
2015-11-06,23.5200,23.5200,22.9750,23.1860,6400
2015-10-30,0.0000,0.0000,0.0000,0.0000,0
2015-10-23,0.0000,0.0000,0.0000,0.0000,0
2015-10-16,0.0000,0.0000,0.0000,0.0000,0
2015-10-09,0.0000,0.0000,0.0000,0.0000,0
2015-10-02,0.0000,0.0000,0.0000,0.0000,0
2015-09-25,22.8100,22.8100,0.0000,0.0000,0
2015-09-18,22.8100,22.8100,22.8100,22.8100,0
2015-09-11,22.9500,22.9500,22.8100,22.8100,800
2015-09-04,23.1020,23.3680,23.1020,23.3680,600
2015-08-28,24.4800,24.4800,22.6170,22.9000,1100
2015-08-21,24.4800,24.4800,24.4800,24.4800,0
2015-08-14,24.4800,24.4800,24.4800,24.4800,0
2015-08-07,24.1900,24.6500,24.1900,24.4800,2400
2015-07-31,24.4000,24.4000,24.4000,24.4000,0
2015-07-24,24.4000,24.4000,24.4000,24.4000,0
2015-07-17,24.2000,24.4400,24.2000,24.4000,1300
2015-07-10,23.7400,24.2000,23.7400,24.2000,700
2015-07-02,24.2900,24.2900,23.6600,23.6600,1600
2015-06-26,23.8300,24.2900,23.8300,24.2900,200
2015-06-19,23.8300,23.8300,23.8300,23.8300,0
2015-06-12,23.8300,23.8300,23.8300,23.8300,0
2015-06-05,23.8300,23.8300,23.8300,23.8300,100
2015-05-29,24.3600,24.3600,24.3600,24.3600,0
2015-05-22,24.3600,24.3600,24.3600,24.3600,0
2015-05-15,24.3600,24.3600,24.3600,24.3600,0
2015-05-08,24.3600,24.3600,24.3600,24.3600,0
2015-05-01,24.3600,24.3600,24.3600,24.3600,0
2015-04-24,24.3600,24.3600,24.3600,24.3600,0
2015-04-17,24.3600,24.3600,24.3600,24.3600,100
2015-04-10,24.1780,24.6400,24.1780,24.4000,10500
2015-04-02,23.3000,24.1780,23.3000,24.1780,300
2015-03-27,23.3000,23.3000,23.3000,23.3000,0
2015-03-20,23.5300,23.5300,23.3000,23.3000,200
2015-03-13,24.1300,24.1300,23.5090,23.5300,400
2015-03-06,24.1300,24.1300,24.1300,24.1300,0
2015-02-27,23.2500,24.1300,23.2500,24.1300,1500
2015-02-20,23.5000,23.5200,23.2500,23.2500,1400
2015-02-13,23.6900,23.6900,23.5200,23.5300,3600
2015-02-06,23.6900,23.6900,23.6900,23.6900,0
2015-01-30,24.8000,24.8000,23.6900,23.6900,1900
2015-01-23,24.7900,24.8000,24.7900,24.8000,700
2015-01-16,24.3990,24.5000,24.3990,24.4400,2000
2015-01-09,24.2200,24.7590,24.2200,24.6370,1100
2015-01-02,24.8900,24.8900,24.2200,24.2200,800
2014-12-26,24.4530,25.1600,24.4530,24.8900,1600
2014-12-19,24.7790,24.7790,24.4530,24.4530,1000
2014-12-12,24.7790,24.7790,24.7790,24.7790,0
2014-12-05,24.6600,24.8000,24.4900,24.7790,2000
2014-11-28,24.4400,24.4400,24.4400,24.4400,0
2014-11-21,23.9500,24.4400,23.9500,24.4400,3000
2014-11-14,24.2300,24.2300,24.2300,24.2300,1000
2014-11-07,23.4000,23.4000,23.4000,23.4000,0
2014-10-31,23.4000,23.4000,23.4000,23.4000,0
2014-10-24,22.9120,23.5580,22.9120,23.4000,4900
2014-10-17,23.9300,23.9300,22.7100,22.9120,1800
2014-10-10,24.5800,24.5800,23.9300,23.9300,1500
2014-10-03,25.0300,25.0300,24.2300,24.5800,2900
2014-09-26,24.7800,25.0300,24.7800,25.0300,6700
2014-09-19,24.3600,25.0000,24.3600,24.8400,39900
2014-09-12,25.2400,25.2400,24.9000,24.9000,56900
2014-09-05,25.1120,25.2400,25.1120,25.2400,100
2014-08-29,25.1800,25.2400,25.1120,25.1120,700
2014-08-22,24.5600,24.5600,24.5600,24.5600,0
2014-08-15,24.5700,24.5700,24.5600,24.5600,400
2014-08-08,24.9200,24.9200,24.3410,24.4200,600
2014-08-01,25.1000,25.1700,24.9200,24.9200,1700
2014-07-25,24.9700,25.3500,24.9700,25.2400,7300
2014-07-18,25.0900,25.1100,24.9100,25.0600,17000
