timestamp,open,high,low,close,volume
2018-02-27,23.3800,23.6300,23.2800,23.2800,20569
2018-02-23,23.2599,23.3600,23.2300,23.3100,52068
2018-02-16,23.3700,23.3700,23.2000,23.3200,26315
2018-02-09,23.3117,23.3600,23.2500,23.2900,27510
2018-02-02,23.3900,23.4700,23.2700,23.3000,29193
2018-01-26,23.5102,23.5514,23.3800,23.4300,39951
2018-01-19,23.5300,23.5800,23.5100,23.5360,43113
2018-01-12,23.6900,23.6900,23.5100,23.5513,60284
2018-01-05,23.5700,23.6900,23.5700,23.6900,11622
2017-12-29,23.5700,23.7100,23.5400,23.5700,77863
2017-12-22,23.7500,23.7599,23.5100,23.5100,149697
2017-12-15,23.6900,23.7600,23.6500,23.6800,45397
2017-12-08,23.7200,23.7800,23.6800,23.6800,39219
2017-12-01,23.8100,23.8500,23.6600,23.7200,42174
2017-11-24,23.7748,23.8200,23.7100,23.7600,63920
2017-11-17,23.7700,23.8700,23.7600,23.7600,33253
2017-11-10,23.8600,23.9400,23.7583,23.7592,42590
2017-11-03,23.8300,23.9400,23.7400,23.8600,31088
2017-10-27,23.8502,23.8800,23.7700,23.8000,39870
2017-10-20,23.9142,23.9300,23.8300,23.8564,9901
2017-10-13,23.9137,23.9400,23.8700,23.9200,8286
2017-10-06,23.9500,23.9700,23.8900,23.9330,7725
2017-09-29,24.0000,24.0136,23.9300,23.9300,52733
2017-09-22,24.0100,24.0400,23.9200,23.9540,47767
2017-09-15,23.9600,24.0800,23.9000,23.9300,6768
2017-09-08,23.9500,24.1300,23.9500,24.0000,17223
2017-09-01,24.0600,24.1300,23.9400,23.9500,14340
2017-08-25,23.9800,24.0850,23.9700,24.0312,4104
2017-08-18,24.0144,24.0850,23.9500,24.0850,11387
2017-08-11,23.9731,24.4200,23.9510,24.0700,91660
2017-08-04,23.9200,24.0600,23.9200,24.0000,61226
2017-07-28,24.0167,24.0800,23.8600,24.0500,70024
2017-07-21,23.9900,24.0226,23.9200,23.9820,42878
2017-07-14,23.8750,24.0000,23.8350,23.9500,76432
2017-07-07,23.8774,23.9310,23.8150,23.8150,3375
2017-06-30,24.0300,24.0700,23.9400,23.9450,31976
2017-06-23,24.0600,24.1100,23.9700,23.9800,79667
2017-06-16,24.0550,24.1600,24.0030,24.0441,76612
2017-06-09,24.1300,24.1900,24.0200,24.0700,68586
2017-06-02,24.1175,24.1700,24.0832,24.1500,17599
2017-05-26,24.0100,24.1300,23.9800,24.1300,29247
2017-05-19,23.9776,24.0857,23.7303,23.9900,35787
2017-05-12,24.0040,24.0300,23.9701,24.0300,15172
2017-05-05,24.0300,24.0859,23.9450,24.0791,23238
2017-04-28,24.0577,24.2000,24.0200,24.1100,20147
2017-04-21,24.1000,24.1600,24.0800,24.0800,32515
2017-04-13,24.0600,24.1300,24.0200,24.0800,30758
2017-04-07,24.0659,24.0900,23.9910,23.9910,15705
2017-03-31,24.0484,24.0999,23.9900,24.0100,7587
2017-03-24,24.0300,24.1000,23.9300,24.0484,40310
2017-03-17,23.8700,24.0300,23.8580,24.0013,13694
2017-03-10,23.9900,24.0300,23.8800,23.9100,55006
2017-03-03,24.1731,24.2200,23.9800,23.9900,113301
2017-02-24,24.1455,24.1828,24.0400,24.1702,24386
2017-02-17,24.1000,24.1448,24.0128,24.1448,26799
2017-02-10,24.1858,24.2000,24.0400,24.0400,47121
2017-02-03,24.1000,24.2400,24.0300,24.1500,78901
2017-01-27,24.1100,24.1955,24.0700,24.1400,19298
2017-01-20,24.3200,24.3200,24.0100,24.0600,34804
2017-01-13,24.2500,24.3100,23.9900,24.2400,52983
2017-01-06,24.1299,24.3300,24.0928,24.2500,19329
2016-12-30,24.0060,24.1400,23.9000,24.1400,40891
2016-12-23,24.1430,24.1590,23.9900,24.0400,47912
2016-12-16,24.2070,24.2500,23.9400,24.0100,14066
2016-12-09,24.3000,24.3400,24.2000,24.2100,114020
2016-12-02,24.3000,24.3600,24.1901,24.3300,283227
2016-11-25,24.3800,24.4293,24.2700,24.3600,32849
2016-11-18,24.4900,24.5292,24.4614,24.4614,6586
2016-11-11,24.7899,24.7900,24.4400,24.4600,22346
2016-11-04,24.8000,24.8400,24.6900,24.7900,23615
2016-10-28,24.8090,24.8200,24.6650,24.7890,25411
2016-10-21,24.8100,24.8400,24.7100,24.8400,25330
2016-10-14,24.7228,24.8299,24.6500,24.8272,16201
2016-10-07,24.8000,24.8600,24.7300,24.7853,23861
2016-09-30,24.8000,24.9100,24.8000,24.8900,30304
2016-09-23,24.8000,24.8899,24.7400,24.8899,20251
2016-09-16,24.7775,24.8599,24.7300,24.8000,11946
2016-09-09,24.8400,24.8720,24.7500,24.7775,14717
2016-09-02,24.8050,24.8700,24.7100,24.8300,33026
2016-08-26,24.8700,24.8700,24.7800,24.8300,25170
2016-08-19,24.9400,24.9400,24.7800,24.8000,28471
2016-08-12,24.8900,24.9200,24.7800,24.9100,3797
2016-08-05,25.1000,25.1000,24.7300,24.8900,15147
2016-07-29,24.8500,24.9100,24.7700,24.9100,21495
2016-07-22,24.7600,24.9300,24.7600,24.8800,36086
2016-07-15,24.9500,24.9900,24.8400,24.8600,42379
2016-07-08,24.9600,25.0300,24.9100,24.9980,45376
2016-07-01,24.9400,24.9600,24.8402,24.8402,78907
2016-06-24,24.6700,24.9010,24.6700,24.9010,30219
2016-06-17,24.8200,24.9600,24.7400,24.8100,35992
2016-06-10,24.8000,25.5100,24.7600,24.8232,84818
2016-06-03,24.7700,24.8800,24.7500,24.8800,50635
2016-05-27,24.7566,24.8600,24.7566,24.8000,76423
2016-05-20,24.8300,24.8400,24.7200,24.7800,24785
2016-05-13,24.8300,24.8700,24.7706,24.8700,10084
2016-05-06,24.7600,24.8400,24.6900,24.8350,33115
2016-04-29,24.7900,24.9000,24.7001,24.8200,9937
2016-04-22,24.8700,24.8700,24.7200,24.8000,52719
2016-04-15,24.7400,24.8800,24.7360,24.8250,17906
2016-04-08,24.7500,24.8100,24.6778,24.7299,19491
2016-04-01,24.7100,24.7800,24.6563,24.7200,26263
2016-03-24,24.8000,26.3900,24.6555,24.6743,37102
2016-03-18,24.8100,24.8599,24.6810,24.8500,12559
2016-03-11,24.8200,24.8650,24.6700,24.7400,33569
2016-03-04,24.9195,25.0900,24.7600,24.8200,122441
2016-02-26,24.9800,24.9800,24.8800,24.9600,25791
2016-02-19,24.9400,24.9400,24.7840,24.8600,14150
2016-02-12,24.9700,25.0400,24.8600,24.8800,35102
2016-02-05,24.8239,25.0800,24.8239,25.0400,27535
2016-01-29,25.2100,25.3200,24.7400,24.9200,53668
2016-01-22,24.8200,25.3100,24.7900,25.0200,50049
2016-01-15,24.8300,24.9600,24.7100,24.8400,36171
2016-01-08,24.8000,24.8700,24.6700,24.8700,12723
2015-12-31,24.9700,24.9900,24.6200,24.7300,13205
2015-12-24,24.9800,24.9900,24.8900,24.9800,9287
2015-12-18,24.9600,24.9900,24.7460,24.9900,34792
2015-12-11,24.8000,24.9600,24.8000,24.9600,87548
2015-12-04,29.0800,29.0800,24.7000,24.7500,48632
2015-11-27,24.8000,24.8100,24.7600,24.8100,75640
2015-11-20,24.7900,24.8900,24.7500,24.8200,59812
2015-11-13,24.7600,24.8400,24.7200,24.8000,6078
2015-11-06,24.9000,24.9000,24.5800,24.7700,6682
2015-10-30,24.9600,24.9795,24.8500,24.9100,40633
2015-10-23,24.9800,25.0000,24.8860,24.9200,2707
2015-10-16,24.9300,24.9900,24.8700,24.9640,26852
2015-10-09,24.9800,25.0100,24.8600,24.9200,45052
2015-10-02,24.9500,25.0700,24.9200,25.0100,7451
2015-09-25,25.0600,25.0600,24.8900,24.9500,15476
2015-09-18,24.9000,25.0600,24.8800,25.0600,15998
2015-09-11,24.9300,24.9300,24.8401,24.8800,2010
2015-09-04,24.9647,25.1400,24.9100,24.9400,5818
2015-08-28,25.3700,25.3700,24.8700,24.9500,13101
2015-08-21,24.9100,24.9590,24.8200,24.9320,11890
2015-08-14,24.9399,24.9399,24.9100,24.9100,3050
2015-08-07,24.9900,24.9900,24.9399,24.9399,1202
2015-07-31,25.0500,25.0500,24.8620,25.0000,34882
2015-07-24,24.9600,25.1800,24.9600,25.0400,71219
2015-07-17,25.1000,25.1900,24.7700,24.9800,45051
2015-07-10,24.9101,25.0300,24.8800,24.9000,9058
2015-07-02,24.9300,25.0099,24.8900,24.9000,6680
2015-06-26,25.1500,25.1500,24.9000,24.9200,27211
2015-06-19,25.0800,25.0800,24.9600,25.0300,30925
2015-06-12,25.0215,25.0780,25.0100,25.0700,14880
2015-06-05,25.1800,25.1900,25.0080,25.0215,16984
2015-05-29,25.2100,25.2700,25.1209,25.2490,2898
2015-05-22,25.1200,25.2300,25.1200,25.1899,8632
2015-05-15,25.1400,25.1800,25.0100,25.1800,26508
2015-05-08,25.2033,25.2300,25.1600,25.2200,34656
2015-05-01,25.3000,25.3000,25.1700,25.1700,1495
2015-04-24,25.3100,25.3300,25.1700,25.3100,45364
2015-04-17,25.2600,25.3400,25.2600,25.3400,15723
2015-04-10,25.2200,25.2900,25.2200,25.2300,4600
2015-04-02,25.2100,25.2200,25.2000,25.2200,32307
2015-03-27,25.2500,25.2500,25.2100,25.2100,7100
2015-03-20,25.1613,25.2800,25.1613,25.2700,2520
2015-03-13,25.2200,25.2200,25.1600,25.1613,2784
2015-03-06,25.2100,25.2400,25.2100,25.2200,94292
2015-02-27,25.2200,25.3100,25.1800,25.3000,33370
2015-02-20,25.1904,25.3000,25.1800,25.3000,20677
2015-02-13,25.1800,25.2300,25.1000,25.1904,72487
2015-02-06,25.2500,25.2900,25.2200,25.2500,16138
2015-01-30,25.2300,25.2800,25.1700,25.2500,6691
2015-01-23,25.2200,25.2300,25.1800,25.2200,2886
2015-01-16,25.2000,25.2800,25.1500,25.2500,49971
2015-01-09,25.2000,25.3500,25.1400,25.1700,22100
2015-01-02,25.1200,25.1499,25.1000,25.1499,18130
2014-12-26,25.1300,25.1499,25.0800,25.0800,14802
2014-12-19,25.2000,25.2600,25.0000,25.1200,41907
2014-12-12,25.0700,25.2000,25.0700,25.1300,62122
2014-12-05,25.1800,25.1974,25.0600,25.0700,58233
2014-11-28,25.2000,25.2700,25.1200,25.2600,41761
2014-11-21,25.1200,25.2099,25.1200,25.2099,36520
2014-11-14,25.1020,25.1450,25.0100,25.1450,84857
2014-11-07,25.1000,25.1783,25.0000,25.1783,37206
2014-10-31,25.2200,25.2200,25.1054,25.1054,17025
2014-10-24,25.2100,25.2200,25.2100,25.2200,2475
2014-10-17,25.1300,25.2100,25.1300,25.1700,16875
2014-10-10,25.1200,25.1600,25.0900,25.1300,5000
2014-10-03,25.0900,25.1600,25.0200,25.0500,164737
2014-09-26,25.0100,25.2400,25.0000,25.0200,10510
2014-09-19,25.0200,25.0300,25.0100,25.0100,6200
2014-09-12,25.0500,25.0500,25.0000,25.0000,6141
