timestamp,open,high,low,close,volume
2016-08-18,124.0000,124.0000,124.0000,124.0000,0
2016-08-12,124.0000,124.0000,124.0000,124.0000,0
2016-08-05,124.0000,124.0000,124.0000,124.0000,0
2016-07-29,124.0000,124.0000,124.0000,124.0000,0
2016-07-22,0.0000,124.0000,0.0000,124.0000,0
2016-07-15,0.0000,0.0000,0.0000,0.0000,0
2016-07-08,0.0000,0.0000,0.0000,0.0000,0
2016-07-01,124.0000,124.0000,0.0000,0.0000,0
2016-06-24,124.0000,124.0000,124.0000,124.0000,0
2016-06-17,124.0000,124.0000,124.0000,124.0000,0
2016-06-10,124.0000,124.0000,124.0000,124.0000,0
2016-06-03,124.0000,124.0000,124.0000,124.0000,0
2016-05-27,0.0000,124.0000,0.0000,124.0000,0
2016-05-20,0.0000,0.0000,0.0000,0.0000,0
2016-05-13,124.0000,124.0000,124.0000,124.0000,0
2016-05-06,124.0000,124.0000,124.0000,124.0000,0
2016-04-29,124.0000,124.0000,124.0000,124.0000,0
2016-04-22,0.0000,124.0000,0.0000,124.0000,0
2016-04-15,0.0000,124.0000,0.0000,0.0000,0
2016-04-08,124.0000,124.0000,124.0000,124.0000,0
2016-04-01,0.0000,0.0000,0.0000,0.0000,0
2016-03-24,0.0000,0.0000,0.0000,0.0000,0
2016-03-18,0.0000,0.0000,0.0000,0.0000,0
2016-03-11,0.0000,0.0000,0.0000,0.0000,0
2016-03-04,0.0000,0.0000,0.0000,0.0000,0
2016-02-26,0.0000,0.0000,0.0000,0.0000,0
2016-02-19,0.0000,0.0000,0.0000,0.0000,0
2016-02-12,0.0000,0.0000,0.0000,0.0000,0
2016-02-05,0.0000,0.0000,0.0000,0.0000,0
2016-01-29,0.0000,0.0000,0.0000,0.0000,0
2016-01-22,0.0000,0.0000,0.0000,0.0000,0
2016-01-15,0.0000,0.0000,0.0000,0.0000,0
2016-01-08,0.0000,0.0000,0.0000,0.0000,0
2015-12-31,0.0000,0.0000,0.0000,0.0000,0
2015-12-24,0.0000,0.0000,0.0000,0.0000,0
2015-12-18,0.0000,0.0000,0.0000,0.0000,0
2015-12-11,0.0000,0.0000,0.0000,0.0000,0
2015-12-04,0.0000,0.0000,0.0000,0.0000,0
2015-11-27,0.0000,0.0000,0.0000,0.0000,0
2015-11-20,0.0000,0.0000,0.0000,0.0000,0
2015-11-13,0.0000,0.0000,0.0000,0.0000,0
2015-11-06,0.0000,0.0000,0.0000,0.0000,0
2015-10-30,124.0000,124.0000,0.0000,0.0000,0
2015-10-23,124.0000,124.0000,124.0000,124.0000,0
2015-10-16,0.0000,0.0000,0.0000,0.0000,0
2015-10-09,0.0000,0.0000,0.0000,0.0000,0
2015-10-02,0.0000,0.0000,0.0000,0.0000,0
2015-09-25,124.0000,124.0000,0.0000,0.0000,0
2015-09-18,0.0000,0.0000,0.0000,0.0000,0
2015-09-11,0.0000,0.0000,0.0000,0.0000,0
2015-09-04,0.0000,0.0000,0.0000,0.0000,0
2015-08-28,0.0000,0.0000,0.0000,0.0000,0
2015-08-21,0.0000,0.0000,0.0000,0.0000,0
2015-08-14,124.0000,124.0000,0.0000,0.0000,0
2015-08-07,0.0000,0.0000,0.0000,0.0000,0
2015-07-31,124.0000,124.0000,0.0000,0.0000,0
2015-07-24,0.0000,0.0000,0.0000,0.0000,0
2015-07-17,0.0000,0.0000,0.0000,0.0000,0
2015-07-10,124.0000,124.0000,124.0000,124.0000,0
2015-07-02,0.0000,0.0000,0.0000,0.0000,0
