timestamp,open,high,low,close,volume
2018-02-27,1.5500,1.6100,1.5399,1.5500,12004
2018-02-23,1.4800,1.5900,1.4313,1.4901,66538
2018-02-16,1.4400,1.6000,1.4000,1.5200,54559
2018-02-09,1.5300,1.6300,1.3600,1.4400,187604
2018-02-02,1.7145,1.7900,1.5101,1.5101,129887
2018-01-26,1.7400,1.8300,1.5600,1.7300,115277
2018-01-19,1.8100,1.9499,1.7292,1.7499,175501
2018-01-12,1.8500,1.9200,1.7600,1.8100,280562
2018-01-05,1.8500,1.9500,1.7600,1.8399,41306
2017-12-29,1.8800,1.9900,1.7800,1.8454,192792
2017-12-22,1.8900,1.9900,1.8200,1.9200,165026
2017-12-15,1.8500,1.9000,1.7750,1.8800,144461
2017-12-08,1.8500,1.9400,1.7200,1.8500,369661
2017-12-01,1.9108,1.9900,1.7550,1.8500,101007
2017-11-24,1.8500,2.0100,1.8400,1.9200,54901
2017-11-17,1.7100,1.9595,1.6800,1.8600,140993
2017-11-10,1.7400,1.8400,1.6700,1.7400,106486
2017-11-03,2.0700,2.1800,1.7000,1.7400,192798
2017-10-27,2.0600,2.1700,1.9900,2.0600,109142
2017-10-20,2.0700,2.1400,2.0500,2.0700,62921
2017-10-13,2.1000,2.1800,2.0000,2.1000,448403
2017-10-06,1.8000,2.2000,1.8000,2.1000,459855
2017-09-29,1.9900,2.0100,1.6800,1.8100,3012911
2017-09-22,2.2000,2.3000,1.9900,2.0200,63353
2017-09-15,2.2000,2.2600,2.1800,2.2600,56933
2017-09-08,2.1100,2.2400,2.0300,2.2100,93804
2017-09-01,2.2000,2.2200,2.0500,2.1600,69431
2017-08-25,2.0000,2.2000,1.9400,2.2000,197501
2017-08-18,1.8700,2.0400,1.8510,1.9600,160946
2017-08-11,1.8300,1.9300,1.8000,1.8400,212503
2017-08-04,1.9400,1.9400,1.7500,1.8000,294948
2017-07-28,2.3900,2.4500,1.8000,1.8865,238225
2017-07-21,2.3900,2.5000,2.2700,2.4300,232445
2017-07-14,2.4300,2.4800,2.3500,2.3500,70179
2017-07-07,2.5600,2.6100,2.3600,2.4200,106450
2017-06-30,2.5700,2.6800,2.4000,2.4800,248031
2017-06-23,2.5800,2.6400,2.5100,2.5100,90031
2017-06-16,2.5200,2.6200,2.4500,2.5100,202128
2017-06-09,2.4900,2.6700,2.4700,2.5200,118838
2017-06-02,2.5500,2.6900,2.4800,2.5100,185437
2017-05-26,2.6400,2.6500,2.5400,2.6400,74451
2017-05-19,2.6100,2.7100,2.5000,2.6500,172670
2017-05-12,2.7200,2.8000,2.6000,2.6100,112983
2017-05-05,2.8700,2.8900,2.4500,2.7800,573160
2017-04-28,2.9257,2.9700,2.8100,2.8500,379799
2017-04-21,2.9000,2.9800,2.7500,2.8300,403726
2017-04-13,2.8300,3.0900,2.7798,2.8900,226788
2017-04-07,3.0200,3.1100,2.8100,2.8900,206397
2017-03-31,3.1900,3.2500,3.0000,3.0200,76362
2017-03-24,3.1800,3.2900,3.0800,3.1900,80233
2017-03-17,3.2600,3.3300,3.0500,3.1200,188923
2017-03-10,3.1400,3.5000,2.9100,3.1300,344810
2017-03-03,3.1000,3.4200,3.0000,3.1000,256445
2017-02-24,3.3000,3.3100,3.1500,3.1700,31431
2017-02-17,3.3400,3.4300,3.2000,3.3000,71333
2017-02-10,3.4100,3.4900,3.0900,3.3900,351448
2017-02-03,3.3900,3.5800,3.3500,3.4100,86358
2017-01-27,3.6100,3.6100,3.3600,3.4400,123049
2017-01-20,3.6500,3.6600,3.3100,3.4900,61216
2017-01-13,3.0900,3.7230,3.0300,3.4700,200287
2017-01-06,2.9400,3.1600,2.9350,3.0100,58655
2016-12-30,3.1300,3.1800,2.8600,2.9400,57767
2016-12-23,3.1032,3.2000,3.0700,3.1800,60410
2016-12-16,2.9700,3.1100,2.9100,3.1100,105943
2016-12-09,2.9800,3.1000,2.9000,3.0300,145519
2016-12-02,3.0300,3.1000,2.9300,3.0100,27162
2016-11-25,2.8101,3.1100,2.8100,3.0000,81749
2016-11-18,2.9500,2.9500,2.8000,2.8200,173232
2016-11-11,3.0101,3.0700,2.8077,2.9200,61315
2016-11-04,3.0700,3.0900,3.0000,3.0000,40389
2016-10-28,3.0200,3.0900,3.0000,3.0600,19220
2016-10-21,3.0300,3.1100,3.0000,3.0300,29950
2016-10-14,3.0600,3.1000,3.0300,3.0400,26235
2016-10-07,3.1600,3.1800,3.0100,3.0900,46124
2016-09-30,3.0500,3.2000,3.0100,3.1800,55369
2016-09-23,3.0600,3.1200,2.9800,3.1000,49684
2016-09-16,3.0500,3.1000,2.9800,3.0300,60927
2016-09-09,3.0200,3.0900,3.0000,3.0600,33595
2016-09-02,3.0300,3.1400,2.9500,3.0500,70210
2016-08-26,2.9000,3.0800,2.9000,3.0600,64934
2016-08-19,3.0307,3.0400,2.8800,3.0000,135563
2016-08-12,3.1500,3.1681,2.9200,3.0300,64451
2016-08-05,3.1300,3.2100,3.0900,3.1400,26464
2016-07-29,3.2018,3.2600,3.0310,3.1400,51981
2016-07-22,3.1800,3.3200,3.0750,3.1400,32090
2016-07-15,3.1200,3.2500,3.1200,3.2150,45856
2016-07-08,3.0900,3.1900,3.0400,3.0900,34480
2016-07-01,3.0300,3.2400,2.9300,3.1600,167434
2016-06-24,3.1100,3.1100,3.0100,3.1000,80095
2016-06-17,3.1500,3.3600,3.0200,3.0200,188109
2016-06-10,3.2900,3.5900,3.1690,3.2600,29450
2016-06-03,3.3800,3.4600,3.1100,3.2300,60535
2016-05-27,3.2399,3.5600,3.0100,3.4200,101129
2016-05-20,3.2400,3.2900,3.1000,3.1300,58492
2016-05-13,3.3800,3.3800,3.0700,3.1600,164104
2016-05-06,3.6700,3.7500,3.2900,3.5100,89372
2016-04-29,3.7200,3.8200,3.5500,3.6200,29628
2016-04-22,3.7800,3.8200,3.7300,3.7400,15401
2016-04-15,3.7400,3.8400,3.7100,3.7800,34181
2016-04-08,3.7700,3.9400,3.7100,3.7700,9994
2016-04-01,3.7100,3.9500,3.6300,3.6800,35423
2016-03-24,3.5900,3.9400,3.5500,3.6600,30336
2016-03-18,3.5800,3.8600,3.5200,3.5500,100720
2016-03-11,3.9300,3.9500,3.5200,3.5700,157997
2016-03-04,3.6200,3.9400,3.5400,3.9000,92441
2016-02-26,3.4800,3.9900,3.3100,3.8401,114589
2016-02-19,3.3400,3.6800,3.2700,3.5000,63137
2016-02-12,3.1800,3.8200,3.1000,3.3900,101264
2016-02-05,3.6100,3.7000,3.1500,3.1600,77684
2016-01-29,3.7600,3.8000,3.5700,3.6600,25986
2016-01-22,3.1500,3.8000,3.0200,3.7000,154699
2016-01-15,3.5900,3.8000,3.1000,3.1600,91036
2016-01-08,3.7400,3.8600,3.5000,3.6700,76349
2015-12-31,3.8600,3.8600,3.6700,3.8400,93000
2015-12-24,3.7300,3.8500,3.5600,3.8000,89056
2015-12-18,4.0100,4.0400,3.6800,3.6800,154100
2015-12-11,4.4140,4.4142,4.0400,4.0500,49000
2015-12-04,4.2840,4.5500,4.1274,4.3200,69700
2015-11-27,4.0650,4.2800,3.9960,4.1689,48300
2015-11-20,3.9200,4.0900,3.7000,3.9700,131600
2015-11-13,4.6200,4.7700,3.8000,3.9200,196700
2015-11-06,4.4700,4.8500,4.4700,4.6700,73100
2015-10-30,4.7300,4.7500,4.3500,4.7400,78300
2015-10-23,4.2500,4.7500,4.2500,4.7300,123900
2015-10-16,4.2500,4.4300,4.2500,4.3300,99800
2015-10-09,4.3800,4.5100,4.2500,4.2900,93900
2015-10-02,4.3480,4.4300,4.2500,4.3799,74900
2015-09-25,4.5000,4.5900,4.3000,4.3300,33700
2015-09-18,4.3800,4.5000,4.2600,4.5000,145100
2015-09-11,4.4900,4.5000,4.2500,4.3700,135200
2015-09-04,4.5100,4.6000,4.2100,4.4500,149600
2015-08-28,4.2600,4.6600,4.0100,4.5500,99400
2015-08-21,4.6600,4.8450,4.2800,4.4200,85500
2015-08-14,4.3000,4.8200,4.2700,4.8000,102500
2015-08-07,4.4000,4.5900,4.1500,4.2600,122300
2015-07-31,4.3600,4.5700,4.0600,4.3600,106900
2015-07-24,4.7500,4.8018,4.2900,4.3500,155000
2015-07-17,4.4700,4.9600,4.4700,4.7000,134400
2015-07-10,4.5610,4.6600,4.4800,4.4800,137400
2015-07-02,4.5200,4.6600,4.4200,4.5100,72500
2015-06-26,4.7800,4.9900,4.4800,4.5300,156900
2015-06-19,5.3000,5.3000,4.7600,4.8000,107500
2015-06-12,4.6500,5.3599,4.5900,5.2700,255800
2015-06-05,4.4000,4.9200,4.2400,4.5900,647400
2015-05-29,4.3000,4.5900,4.2100,4.4200,295800
2015-05-22,4.2900,4.3460,3.8300,4.2700,344200
2015-05-15,4.4900,4.9900,4.1300,4.3000,566500
2015-05-08,4.0700,4.8600,3.9600,4.6500,542200
2015-05-01,3.9900,4.4000,3.7000,3.9800,456200
2015-04-24,4.0200,4.1000,3.6500,3.9800,191800
2015-04-17,3.9800,4.0200,3.8900,4.0000,111400
2015-04-10,3.9500,4.0600,3.6700,3.9500,109100
2015-04-02,3.5000,3.9800,3.4400,3.9400,213300
2015-03-27,3.5500,3.7600,3.4000,3.4900,207800
2015-03-20,3.5100,3.8200,3.4127,3.5500,346100
2015-03-13,3.4300,3.6600,3.3000,3.5300,234800
2015-03-06,3.2800,3.5520,3.0800,3.4800,465700
2015-02-27,3.7300,3.8500,3.1000,3.1900,864200
2015-02-20,2.9700,3.8072,2.8100,3.7300,1234600
2015-02-13,2.1800,3.3900,2.0500,2.9500,2386100
2015-02-06,2.0807,2.2325,2.0000,2.1800,287300
2015-01-30,2.3100,2.3601,2.0600,2.1100,133400
2015-01-23,2.2900,2.3399,2.1100,2.3226,76500
2015-01-16,2.3600,2.3900,2.2600,2.2700,87200
2015-01-09,2.3600,2.4700,2.2900,2.3000,100700
2015-01-02,2.3000,2.3900,2.1901,2.3400,167100
2014-12-26,2.4300,2.4900,2.2400,2.2900,146300
2014-12-19,2.0100,2.4400,1.9500,2.4000,636700
2014-12-12,2.0700,2.2600,2.0000,2.0000,1927900
2014-12-05,2.1000,2.1900,1.9800,2.0900,1163100
2014-11-28,2.2200,2.2500,2.0500,2.0900,359000
2014-11-21,2.3000,2.4100,2.1300,2.1850,751400
2014-11-14,2.9400,3.0500,2.2260,2.3000,575300
2014-11-07,3.0000,3.0716,2.8600,2.9300,72600
2014-10-31,2.9100,3.1000,2.8600,3.0900,148900
2014-10-24,3.1400,3.3600,2.7020,2.9000,945100
2014-10-17,3.2000,3.4200,3.0300,3.1200,190100
2014-10-10,3.2000,3.3400,3.1400,3.2200,237700
2014-10-03,3.2700,3.3400,3.1300,3.2500,123300
2014-09-26,3.3300,3.4000,3.2000,3.2900,280300
2014-09-19,3.5100,3.5400,3.3000,3.3000,95400
2014-09-12,3.6400,3.7600,3.4000,3.4700,360200
2014-09-05,3.8400,3.8760,3.5500,3.6300,128700
2014-08-29,3.9800,4.1100,3.8100,3.8300,256100
2014-08-22,3.9200,4.2452,3.8600,4.0000,604600
2014-08-15,4.8700,5.1200,3.8400,3.9200,252200
2014-08-08,5.1101,5.1200,4.8500,4.8900,67400
2014-08-01,5.3300,5.3500,5.1000,5.1500,141300
2014-07-25,5.2600,5.4000,5.1000,5.3500,58400
2014-07-18,5.2200,5.3900,5.2000,5.3000,66500
2014-07-11,5.1000,5.2770,5.1000,5.2500,139700
2014-07-03,5.2000,5.5200,5.1000,5.1300,50500
2014-06-27,5.1800,5.3000,5.0700,5.2800,79500
2014-06-20,5.0990,5.4400,5.0700,5.1600,36100
2014-06-13,5.2700,5.3599,5.0550,5.0900,27300
2014-06-06,5.2000,5.2700,5.0001,5.2700,120900
2014-05-30,5.4000,5.4500,5.0600,5.1500,159200
2014-05-23,5.5900,5.5900,5.3100,5.4500,90100
2014-05-16,5.6700,5.9200,5.5300,5.6300,65200
2014-05-09,5.9900,5.9900,5.3301,5.6700,115700
2014-05-02,6.0300,6.0400,5.8700,5.9300,57100
2014-04-25,6.0100,6.0500,5.8700,6.0300,79500
2014-04-17,6.0100,6.0400,5.8815,6.0400,140700
2014-04-11,5.9700,6.0400,5.6200,6.0000,228600
2014-04-04,6.0100,6.1500,5.9100,5.9700,137400
2014-03-28,5.7700,6.1000,5.6100,6.0000,400900
2014-03-21,5.5000,5.8700,5.4700,5.8400,273500
2014-03-14,5.7000,5.7800,5.3800,5.5300,221300
2014-03-07,5.7100,5.9640,5.6000,5.6700,442600
2014-02-28,5.5500,5.9580,5.4300,5.6700,379600
2014-02-21,5.3300,5.6580,5.1500,5.4900,274500
2014-02-14,6.0400,6.6650,4.9800,5.2600,1075300
2014-02-07,6.2800,6.4700,6.0700,6.1000,113600
2014-01-31,6.5700,6.5700,6.2000,6.3000,130200
2014-01-24,6.7600,6.9700,6.5700,6.6300,103000
2014-01-17,6.3900,6.8800,6.2900,6.7100,232700
2014-01-10,6.2500,6.5700,6.1800,6.3500,241000
2014-01-03,6.0400,6.6500,5.9300,6.1500,216200
2013-12-27,6.1900,6.1900,5.9000,6.0800,226400
2013-12-20,6.1900,6.5400,6.0400,6.2100,236400
2013-12-13,6.7500,6.7500,6.0525,6.1600,324800
2013-12-06,6.5400,6.8000,6.0400,6.7800,216600
2013-11-29,5.9950,6.7100,5.9950,6.6500,402000
2013-11-22,5.8400,6.1100,5.5800,5.9600,360000
2013-11-15,5.7800,6.3700,5.3100,5.9000,743400
2013-11-08,6.0000,6.2200,5.7210,5.8400,1037500
2013-11-01,6.0000,6.1000,5.9000,6.0500,27900
2013-10-25,6.0500,6.1000,5.9000,5.9700,118100
2013-10-18,5.7400,6.1000,5.7400,6.0101,69400
2013-10-11,5.9600,5.9900,5.4500,5.8800,83500
2013-10-04,6.2000,6.2500,5.9300,5.9700,50600
2013-09-27,6.1700,6.2000,6.0000,6.0700,27900
2013-09-20,5.7600,6.1500,5.7000,6.1500,84500
2013-09-13,6.1000,6.1400,5.7100,5.7200,76600
2013-09-06,5.8700,6.3000,5.7110,6.1300,672100
2013-08-30,5.7500,5.8670,5.7000,5.7300,37200
2013-08-23,5.9200,5.9700,5.8000,5.8000,54200
2013-08-16,6.1700,6.2790,5.9200,5.9550,131600
2013-08-09,6.4800,6.5100,6.0600,6.2500,88200
2013-08-02,6.6000,7.2000,6.1700,6.5100,412100
2013-07-26,7.0000,7.0000,6.5700,6.6300,269000
2013-07-19,6.9900,7.4700,6.8700,7.0200,173400
2013-07-12,6.7700,7.3900,6.5800,6.9550,183400
2013-07-05,6.2600,6.9000,6.2100,6.7300,82900
2013-06-28,6.0500,6.5300,5.9500,6.2700,831000
2013-06-21,6.2700,6.3500,5.9500,6.1200,126000
2013-06-14,6.6700,6.8400,6.2300,6.2400,126600
2013-06-07,6.5100,6.9900,6.3700,6.6800,151800
2013-05-31,6.4800,6.7000,6.4400,6.5100,83000
2013-05-24,6.3500,6.5400,6.0500,6.4600,146300
2013-05-17,6.1900,6.6498,6.0000,6.3500,120500
2013-05-10,6.0700,6.2500,5.8500,6.2400,140200
2013-05-03,6.2100,6.2600,5.5500,6.0900,257400
2013-04-26,5.8700,6.8700,5.6500,6.1700,305800
2013-04-19,5.9400,6.0300,5.5150,5.7700,152800
2013-04-12,5.8400,6.0800,5.7400,6.0100,142000
2013-04-05,5.9800,6.1700,5.6000,5.7900,490400
2013-03-28,6.0800,6.3800,5.9150,6.0100,86500
2013-03-22,5.8200,6.1700,5.8200,6.0800,198100
2013-03-15,7.2200,7.3300,5.8100,5.9800,751200
2013-03-08,6.8800,7.4400,6.8800,7.2100,212200
2013-03-01,6.6500,7.1000,6.6300,6.9900,250700
2013-02-22,7.0100,7.0600,6.4000,6.6100,310100
2013-02-15,6.4800,7.2700,6.3300,6.9800,638800
2013-02-08,6.8500,6.8800,6.4400,6.5300,286300
2013-02-01,6.3000,7.2900,6.0500,6.6300,394700
2013-01-25,5.6300,6.2800,5.4400,6.2700,642200
2013-01-18,5.5000,5.9100,5.4500,5.6700,154900
2013-01-11,5.8100,5.8100,5.4300,5.5300,183700
2013-01-04,5.6500,6.0100,5.6500,5.8600,123900
2012-12-28,5.7600,5.8200,5.4300,5.6000,299000
2012-12-21,5.3100,5.8850,5.2600,5.8000,885300
2012-12-14,5.2800,5.6600,5.2300,5.2900,166200
2012-12-07,5.8700,5.9000,5.1900,5.3300,210600
2012-11-30,5.5800,5.8700,5.3000,5.8300,393100
2012-11-23,6.0000,6.1200,5.5300,5.6400,126800
2012-11-16,4.9500,5.9497,4.9100,5.8200,397400
2012-11-09,5.8800,6.3000,4.4400,4.9100,1540100
2012-11-02,5.6400,6.2900,5.6200,5.9000,210400
2012-10-26,5.5200,5.7100,5.4300,5.6500,254200
2012-10-19,6.0100,6.1900,5.3700,5.4900,553800
2012-10-12,8.4750,8.7000,5.8500,5.9500,1281000
2012-10-05,9.1200,9.1600,8.3200,8.5200,168300
2012-09-28,9.1300,9.9000,8.6000,9.1100,376300
2012-09-21,9.3000,9.5100,9.1400,9.1400,320000
2012-09-14,9.0000,9.5300,9.0000,9.2700,229200
2012-09-07,9.3000,9.4100,8.9300,9.0200,150500
2012-08-31,9.1600,9.5900,9.0500,9.2900,200800
2012-08-24,9.6000,9.8000,8.6100,9.1200,138200
2012-08-17,9.3700,9.8000,9.0100,9.6200,512700
2012-08-10,8.2900,9.3700,8.0500,9.2600,440700
2012-08-03,14.6000,14.6700,7.6800,8.2700,2551000
2012-07-27,13.9600,14.7290,13.2600,14.6800,109000
2012-07-20,13.9300,14.8400,13.7400,14.2000,106500
2012-07-13,13.1899,14.4700,12.9776,13.9400,387600
2012-07-06,14.9700,15.2100,13.3700,13.5300,78700
2012-06-29,14.2200,15.1800,13.3100,14.8800,189000
2012-06-22,14.0000,15.4100,13.6500,14.4200,872100
2012-06-15,15.5300,15.8000,13.4500,14.0100,341100
2012-06-08,13.4908,15.8100,12.1200,15.1300,112500
2012-06-01,14.1800,14.9960,12.1350,13.5700,316000
2012-05-25,14.3000,15.0000,12.9010,14.1800,348900
2012-05-18,15.4700,15.7600,14.1400,14.2500,218100
2012-05-11,17.9300,18.3960,15.2700,15.5100,325900
2012-05-04,16.7000,18.5000,16.1210,18.0600,355900
2012-04-27,18.2100,18.2200,16.5100,16.8400,268200
2012-04-20,16.8500,18.4900,16.7000,17.9600,201700
2012-04-13,18.0000,18.3800,16.6823,16.7700,434900
2012-04-05,19.2600,19.3900,17.2400,18.1000,1092000
