timestamp,open,high,low,close,volume
2018-02-27,34.3450,34.6200,34.2500,34.2500,2230
2018-02-23,33.9200,34.1494,33.8301,34.1494,23570
2018-02-16,32.8500,34.1506,32.7972,34.1099,26997
2018-02-09,33.7700,33.8400,31.6032,32.7099,76650
2018-02-02,35.7800,35.7800,34.3201,34.3300,40940
2018-01-26,35.2598,35.7300,35.2598,35.6201,25688
2018-01-19,34.3500,35.0899,34.3500,35.0401,13761
2018-01-12,34.1000,34.7400,33.9900,34.7400,25987
2018-01-05,33.4700,34.0300,33.4400,34.0300,25770
2017-12-29,33.4700,33.9400,33.3400,33.3400,25545
2017-12-22,33.5800,33.6400,33.4329,33.4700,60691
2017-12-15,33.0900,33.3490,32.9900,33.3490,21567
2017-12-08,33.0500,33.2580,32.6399,33.0690,15605
2017-12-01,32.1900,32.9500,32.1900,32.7590,95465
2017-11-24,32.1499,32.3200,32.1499,32.2600,14654
2017-11-17,31.9399,32.1400,31.8056,32.0800,18970
2017-11-10,31.9899,32.0400,31.8199,31.9000,8710
2017-11-03,31.9300,32.1300,31.8401,32.1300,12780
2017-10-27,31.8400,31.9974,31.7199,31.9899,8571
2017-10-20,31.3142,31.6301,31.3142,31.6301,3782
2017-10-13,31.3300,31.4500,31.1401,31.4200,3874
2017-10-06,31.0771,31.5700,30.9483,31.3112,4974
2017-09-29,30.6600,30.9700,30.3601,30.9600,10761
2017-09-22,30.5100,30.7700,30.4801,30.6500,10717
2017-09-15,30.3800,30.7500,30.3456,30.7500,16972
2017-09-08,29.9790,30.1300,29.8801,30.1300,5580
2017-09-01,29.8590,30.2800,29.7001,30.2800,7729
2017-08-25,29.5300,29.9500,29.5300,29.9399,10487
2017-08-18,29.9600,30.2000,29.7100,29.7199,6483
2017-08-11,30.4299,30.5600,29.8801,29.9600,6671
2017-08-04,30.9400,30.9400,30.1200,30.3000,3559
2017-07-28,30.2400,30.6600,30.1900,30.2700,8865
2017-07-21,30.0400,30.2408,29.9999,30.2099,7428
2017-07-14,29.6200,31.2800,29.3900,30.0350,6538
2017-07-07,29.9100,29.9100,29.5301,29.7200,10897
2017-06-30,29.7201,29.8500,29.5301,29.7200,12066
2017-06-23,30.3500,30.3500,29.6501,29.6600,3181
2017-06-16,29.7900,29.9800,29.7384,29.7999,10714
2017-06-09,29.7900,29.9789,29.6101,29.7199,3367
2017-06-02,29.4301,29.8011,29.4301,29.7999,2279
2017-05-26,29.1900,29.5500,29.1900,29.5400,5796
2017-05-19,29.4000,29.4000,28.7901,29.1900,5703
2017-05-12,29.3999,29.6500,29.2534,29.2534,5233
2017-05-05,29.4400,29.4500,29.2800,29.4099,8342
2017-04-28,29.8960,30.6759,29.2710,29.4100,9530
2017-04-21,28.9500,29.2088,28.9001,29.0900,94752
2017-04-13,29.3300,29.3400,28.8101,28.8101,6738
2017-04-07,29.1900,29.4700,29.1500,29.2400,10593
2017-03-31,28.7200,29.3700,28.7200,29.3100,12099
2017-03-24,29.4900,29.4900,28.8670,28.8670,105497
2017-03-17,29.5000,29.6000,29.5000,29.5696,446439
2017-03-10,29.6200,29.6200,29.3900,29.5000,4819
2017-03-03,29.4900,29.9000,29.4900,29.6200,13301
2017-02-24,29.2196,29.4900,29.2196,29.4900,6403
2017-02-17,28.6000,29.2200,28.6000,29.2196,3338
2017-02-10,28.2703,28.6100,28.2703,28.6000,6880
2017-02-03,28.4200,28.4200,28.1000,28.2703,38178
2017-01-27,28.1000,28.4300,28.1000,28.4200,3154
2017-01-20,28.1000,28.1000,28.1000,28.1000,96
2017-01-13,28.0600,28.1000,28.0600,28.1000,404
2017-01-06,27.9600,29.5000,27.9400,28.0600,3127
2016-12-30,28.2800,28.2900,27.7700,27.7700,1819
2016-12-23,28.4000,28.5200,28.1540,28.1540,50945
2016-12-16,28.4700,28.4700,28.3500,28.4110,758
2016-12-09,28.6160,28.6160,27.6401,28.3900,6578
2016-12-02,27.7800,28.6160,27.6500,28.6160,125681
2016-11-25,27.4695,27.5800,27.4695,27.5800,1930
2016-11-18,27.0620,27.3700,27.0620,27.2750,10105
2016-11-11,25.7799,26.9300,25.7799,26.9300,11283
2016-11-04,26.1448,26.1448,25.7799,25.7799,2302
2016-10-28,26.6100,26.6100,26.0599,26.0599,4166
2016-10-21,26.6100,26.6100,26.6100,26.6100,0
2016-10-14,26.6100,26.6100,26.6100,26.6100,0
2016-10-07,26.8500,26.8500,26.5800,26.6100,1695
2016-09-30,26.5200,26.8500,26.4900,26.8500,2284
2016-09-23,26.3999,26.8300,26.3999,26.8014,9813
2016-09-16,27.3300,27.3300,27.3300,27.3300,12
2016-09-09,26.8300,28.0900,26.8300,27.3300,300
2016-09-02,27.0694,27.0694,26.8300,26.8300,424
2016-08-26,26.8900,27.0699,26.8900,27.0694,316
2016-08-19,27.0200,27.0200,26.8300,26.8900,2213
2016-08-12,26.8700,26.9400,26.7400,26.9400,3434
2016-08-05,26.7646,26.8700,26.5700,26.8700,2441
2016-07-29,26.8400,27.1300,26.7001,26.7646,3187
2016-07-22,26.7700,26.8600,26.7500,26.8600,1618
2016-07-15,26.2377,26.6880,26.2377,26.6880,3747
2016-07-08,25.6900,26.2377,25.6900,26.2377,1340
2016-07-01,24.5999,25.6701,24.5401,25.6701,18864
2016-06-24,25.8900,25.9300,25.3900,25.4940,5688
2016-06-17,25.8000,25.8000,25.6500,25.6500,3877
2016-06-10,26.1600,26.3500,26.1600,26.2799,2072
2016-06-03,26.0100,26.0800,26.0100,26.0800,5032
2016-05-27,25.4500,26.0499,25.4500,26.0100,8357
2016-05-20,25.5100,25.5201,25.3901,25.4500,4041
2016-05-13,25.6500,25.6500,25.5200,25.5200,3549
2016-05-06,26.2600,26.2600,25.5000,25.5000,21366
2016-04-29,26.1760,26.3400,26.1760,26.2600,613
2016-04-22,26.1500,26.3700,26.1500,26.1760,1506
2016-04-15,25.5300,26.4300,25.5300,26.1400,2414
2016-04-08,25.9000,25.9000,25.5300,25.5300,6214
2016-04-01,25.5500,25.9000,25.5200,25.9000,8593
2016-03-24,25.7000,25.7000,25.6200,25.6200,1466
2016-03-18,25.4800,25.8100,25.3500,25.8100,54449
2016-03-11,25.1300,25.1700,24.8800,25.0000,6567
2016-03-04,24.5725,25.1400,24.5725,25.1400,2959
2016-02-26,24.2700,24.6300,23.9800,24.5400,23811
2016-02-19,23.4900,24.1000,23.4900,23.9200,332
2016-02-12,23.4900,23.4900,23.4900,23.4900,0
2016-02-05,24.4600,24.4600,23.4900,23.4900,614
2016-01-29,23.7100,24.0500,23.6600,24.0500,40063
2016-01-22,23.7799,23.7799,23.1821,23.5199,982
2016-01-15,24.8300,24.8300,24.4595,24.4595,1036
2016-01-08,25.5299,25.5299,24.8169,24.8169,1437
2015-12-31,26.2500,26.2500,25.9500,25.9500,25610
2015-12-24,25.7001,26.3100,25.7000,26.3100,2354
2015-12-18,25.6600,26.3400,25.6600,25.7800,24809
2015-12-11,26.5550,26.5700,26.2500,26.2500,5376
2015-12-04,26.6660,26.8000,26.6400,26.8000,5751
2015-11-27,26.7000,26.7000,26.4300,26.4300,4794
2015-11-20,26.1700,26.7000,26.1700,26.7000,3921
2015-11-13,26.7300,26.7300,26.1700,26.1700,555
2015-11-06,26.5700,27.5500,26.5700,26.7300,34355
2015-10-30,26.0500,27.0000,26.0500,26.6100,1250
2015-10-23,26.0500,26.0500,26.0500,26.0500,0
2015-10-16,24.8800,26.0500,24.8800,26.0500,100
2015-10-09,24.8800,24.8800,24.8800,24.8800,80
2015-10-02,24.4100,24.8800,24.2100,24.8800,13325
