timestamp,open,high,low,close,volume
2018-02-27,4.6300,7.5000,4.2800,5.0500,1355660
2018-02-23,5.0000,5.1700,4.5601,4.5800,17936
2018-02-16,4.4650,5.4479,4.0988,5.0700,61295
2018-02-09,5.1300,5.1337,4.3001,4.3700,130028
2018-02-02,6.4600,6.5500,5.1200,5.1900,286878
2018-01-26,0.2800,7.0200,0.2430,6.3600,3895220
2018-01-19,0.2500,0.2875,0.2288,0.2684,4552033
2018-01-12,0.3003,0.3370,0.2136,0.2480,2469855
2018-01-05,0.2800,0.3386,0.2500,0.2998,3736853
2017-12-29,0.2050,0.2800,0.2050,0.2750,2525449
2017-12-22,0.2207,0.2250,0.1934,0.2050,1291581
2017-12-15,0.2100,0.2450,0.1800,0.2102,3431172
2017-12-08,0.2314,0.2690,0.1950,0.2059,1618425
2017-12-01,0.2280,0.2790,0.2000,0.2385,3529180
2017-11-24,0.2502,0.2690,0.2022,0.2280,2564522
2017-11-17,0.2900,0.2900,0.2198,0.2383,2023672
2017-11-10,0.3043,0.3199,0.2609,0.2794,3024582
2017-11-03,0.3042,0.3100,0.2700,0.2899,808790
2017-10-27,0.3300,0.3588,0.2800,0.2898,2510451
2017-10-20,0.3776,0.3900,0.3230,0.3267,1579269
2017-10-13,0.3230,0.4680,0.3157,0.3597,2043641
2017-10-06,0.4301,0.4900,0.3000,0.3330,6666186
2017-09-29,0.5000,0.5200,0.4222,0.4222,522825
2017-09-22,0.4500,0.5700,0.4200,0.5100,305286
2017-09-15,0.4350,0.5000,0.4030,0.4600,449030
2017-09-08,0.4108,0.4300,0.4000,0.4176,257165
2017-09-01,0.4300,0.4400,0.4000,0.4100,207091
2017-08-25,0.4283,0.4500,0.4003,0.4400,190892
2017-08-18,0.4950,0.6000,0.4200,0.4283,756633
2017-08-11,0.4120,0.6200,0.3618,0.4790,1801951
2017-08-04,0.5000,0.5350,0.3000,0.4335,406154
2017-07-28,0.5100,0.5700,0.4712,0.5199,836904
2017-07-21,0.5100,0.7783,0.4350,0.5100,5165296
2017-07-14,0.4600,0.6713,0.4000,0.5150,1393552
2017-07-07,0.4800,0.5100,0.4000,0.4250,198384
2017-06-30,0.5300,0.5400,0.4208,0.4500,271943
2017-06-23,0.6000,0.6000,0.4594,0.5100,141823
2017-06-16,0.6971,0.7200,0.5340,0.6100,189771
2017-06-09,0.7400,0.7500,0.6970,0.7117,52298
2017-06-02,0.7399,0.7399,0.6970,0.7100,15626
2017-05-26,0.7700,0.7700,0.6970,0.7498,82735
2017-05-19,0.8199,0.8300,0.7100,0.7369,162965
2017-05-12,0.7680,0.8500,0.7000,0.8200,171351
2017-05-05,0.6800,0.8500,0.6800,0.7700,121926
2017-04-28,0.7399,0.7500,0.6500,0.6800,146530
2017-04-21,0.8060,0.8060,0.6600,0.7180,101370
2017-04-13,0.7760,0.8400,0.7000,0.7800,83214
2017-04-07,0.7000,0.8475,0.6820,0.8000,701284
2017-03-31,0.6824,0.7195,0.6657,0.6817,63254
2017-03-24,0.8670,0.8700,0.6451,0.7000,213639
2017-03-17,0.7996,0.8800,0.7787,0.8700,174941
2017-03-10,0.9179,0.9400,0.6818,0.8100,376546
2017-03-03,0.9800,1.0000,0.8800,0.9100,311161
2017-02-24,0.9700,1.1200,0.9200,0.9700,755299
2017-02-17,0.9377,1.1500,0.9000,0.9700,1226549
2017-02-10,0.9600,1.0400,0.8924,0.9380,342118
2017-02-03,1.0200,1.0200,0.8810,0.9106,142639
2017-01-27,0.9700,1.0200,0.8900,0.9952,187941
2017-01-20,0.9600,1.0500,0.8800,0.9300,202040
2017-01-13,0.9400,1.1800,0.9001,0.9580,256255
2017-01-06,0.9200,0.9497,0.8212,0.9001,351220
2016-12-30,1.0700,1.0800,0.8600,0.9200,304308
2016-12-23,1.1000,1.1400,1.0100,1.0700,272203
2016-12-16,1.1900,1.5000,1.0200,1.0416,852760
2016-12-09,1.1400,1.2100,1.1400,1.1900,83029
2016-12-02,1.2100,1.2300,1.1000,1.1280,110241
2016-11-25,1.2400,1.3600,1.1800,1.2200,107383
2016-11-18,1.2900,1.4100,1.2300,1.2300,116206
2016-11-11,1.4100,1.5000,1.2400,1.2534,63689
2016-11-04,1.7000,1.7000,1.4000,1.4300,103339
2016-10-28,1.7000,1.7400,1.7000,1.7153,33116
2016-10-21,1.9325,1.9325,1.7000,1.7000,81042
2016-10-14,1.9800,1.9800,1.9300,1.9300,34351
2016-10-07,1.9800,1.9855,1.9100,1.9700,36452
2016-09-30,2.0100,2.0750,1.9000,1.9500,82668
2016-09-23,2.0200,2.2000,1.9700,2.0400,163026
2016-09-16,2.1400,2.3500,2.0000,2.0100,108711
2016-09-09,2.1800,2.2600,2.0600,2.1800,103309
2016-09-02,2.3200,2.4800,2.0000,2.1100,281097
2016-08-26,2.0400,2.4000,1.9100,2.2000,213663
2016-08-19,2.1200,2.2500,1.9100,2.1100,66650
2016-08-12,2.4700,2.5000,1.7900,2.0200,194874
2016-08-05,2.3500,2.5100,2.3100,2.4500,72382
2016-07-29,2.3519,2.4000,2.1400,2.3600,118815
2016-07-22,2.3800,2.4000,2.1600,2.2400,76107
2016-07-15,2.3500,2.5500,2.3200,2.4000,97468
2016-07-08,2.7300,2.7500,2.3800,2.4200,140951
2016-07-01,2.5350,2.7000,2.1800,2.6100,205361
2016-06-24,2.3501,2.5500,2.1100,2.5000,783606
2016-06-17,1.8700,2.7400,1.8700,2.3700,1172679
2016-06-10,1.4200,1.8000,1.3800,1.6900,190132
2016-06-03,1.5500,1.8799,1.3700,1.4300,258629
2016-05-27,1.1500,1.6999,1.1000,1.5200,193603
2016-05-20,1.4400,1.5101,1.1500,1.1900,180209
2016-05-13,1.7200,2.0000,1.4301,1.4800,106458
2016-05-06,2.2100,2.2100,1.7700,1.8000,128896
2016-04-29,2.5000,2.6600,2.1100,2.1500,118801
2016-04-22,2.4500,2.8500,2.3890,2.5400,84072
2016-04-15,2.9570,2.9920,2.4600,2.4900,96309
2016-04-08,2.8200,3.0100,2.5400,2.8600,144203
2016-04-01,2.7000,2.9000,2.3700,2.6700,110053
2016-03-24,2.7400,2.8300,2.6000,2.6000,76207
2016-03-18,2.6800,3.1800,2.5200,2.6400,189387
2016-03-11,3.2450,3.3600,2.5100,2.8000,158244
2016-03-04,2.8000,3.4200,2.6600,3.2600,87753
2016-02-26,2.5800,2.8400,2.5000,2.8200,89749
2016-02-19,2.5000,2.5997,2.3000,2.5800,27239
2016-02-12,2.5000,2.7500,2.2600,2.4700,96817
2016-02-05,2.8306,3.2000,2.5100,2.5100,76975
2016-01-29,2.5000,3.0500,2.3400,2.9500,77135
2016-01-22,2.3300,2.5799,2.0200,2.5100,124806
2016-01-15,2.4200,2.5100,2.1500,2.2100,137078
2016-01-08,3.3400,3.3400,2.4200,2.4300,111492
2015-12-31,3.4200,3.5400,3.0200,3.0400,152377
2015-12-24,3.4100,3.5500,3.1300,3.4800,188730
2015-12-18,3.6300,4.2200,3.1200,3.2900,270769
2015-12-11,3.9700,4.2300,3.5110,3.5300,97466
2015-12-04,3.7500,4.2500,3.7100,4.0400,172127
2015-11-27,4.5700,4.5700,3.8000,3.8600,140016
2015-11-20,2.8000,4.8200,2.5200,4.4000,482248
2015-11-13,2.7700,3.1800,2.7000,2.7800,152398
2015-11-06,2.8200,3.2265,2.7100,2.8000,128007
2015-10-30,2.7800,3.2400,2.7000,2.8000,107005
2015-10-23,3.0000,3.0600,2.7000,2.8000,66094
2015-10-16,3.0200,3.2100,2.7500,3.0100,93388
2015-10-09,3.1300,3.5160,2.8800,2.9900,148107
2015-10-02,4.0500,4.0500,2.7701,3.0400,219449
2015-09-25,5.8500,5.8500,3.9500,4.0000,130896
2015-09-18,4.8900,6.9700,4.7600,5.8300,254584
2015-09-11,5.4900,5.7500,4.7900,4.8900,153952
2015-09-04,6.3000,6.5400,5.2400,5.4100,92716
2015-08-28,5.9100,6.4000,5.0800,6.3600,144801
2015-08-21,4.6600,5.9000,4.4600,5.7600,157047
2015-08-14,4.4500,4.8500,4.3100,4.6900,104362
2015-08-07,4.2200,4.4780,4.2200,4.3600,76725
2015-07-31,4.3800,4.6599,4.1700,4.2400,142610
2015-07-24,5.3400,5.3400,4.2200,4.4200,243560
2015-07-17,6.3700,6.4778,5.3000,5.3600,175511
2015-07-10,6.4400,6.8700,6.2200,6.3500,142117
2015-07-02,7.0000,7.2000,6.2000,6.3500,133068
2015-06-26,8.1300,8.2700,6.0100,6.9800,1449224
2015-06-19,8.4800,8.7850,7.8000,8.0100,373931
2015-06-12,7.9500,8.8000,7.8500,8.7300,453022
2015-06-05,8.4900,8.4900,7.7600,8.0500,303142
2015-05-29,8.1800,8.6100,7.6500,8.6100,399230
2015-05-22,7.2500,8.0400,7.1000,7.9200,731224
