timestamp,open,high,low,close,volume
2018-02-27,8.9700,9.2000,8.9700,9.1000,30772
2018-02-23,8.9000,9.1034,8.8000,8.9000,70533
2018-02-16,8.8700,8.9999,8.5800,8.9627,73735
2018-02-09,8.9700,9.2000,8.7800,8.8500,208282
2018-02-02,9.0000,9.3400,8.9000,9.0400,104010
2018-01-26,9.2000,9.3600,9.0000,9.0800,78035
2018-01-19,9.0500,9.8841,8.9000,9.2400,120819
2018-01-12,7.7300,9.8000,7.6400,8.9400,391148
2018-01-05,7.3900,7.7400,7.0600,7.7146,92116
2017-12-29,7.4300,7.5700,7.0000,7.3500,259207
2017-12-22,7.6000,8.1100,7.3500,7.5700,188383
2017-12-15,7.4207,7.5200,7.2000,7.4100,202805
2017-12-08,7.0000,7.6692,6.9400,7.3900,130637
2017-12-01,7.1800,7.2144,6.8100,6.9700,119551
2017-11-24,7.1500,7.2000,7.0200,7.2000,46874
2017-11-17,7.2750,7.6400,7.0000,7.2300,169756
2017-11-10,7.1100,7.3000,6.9000,7.1700,176076
2017-11-03,7.3337,7.3337,6.8100,7.1600,154344
2017-10-27,7.0100,7.3000,6.9900,7.2400,99049
2017-10-20,7.0400,7.2932,7.0100,7.0600,62072
2017-10-13,6.9700,7.5000,6.9000,7.0200,105010
2017-10-06,6.7000,7.1547,6.7000,7.0400,94857
2017-09-29,7.0200,7.3368,6.6700,6.7300,128091
2017-09-22,6.9000,7.1700,6.8300,7.1200,103831
2017-09-15,7.2000,7.2300,6.7000,6.8600,123023
2017-09-08,7.2500,7.8600,7.0400,7.2700,267019
2017-09-01,5.9700,7.3200,5.9500,7.0100,322344
2017-08-25,6.7600,6.7600,5.5000,5.9700,453928
2017-08-18,6.6000,7.9779,6.5900,6.7900,448497
2017-08-11,8.4400,8.6000,6.3101,6.4300,697858
2017-08-04,9.4100,9.4799,8.5500,8.5500,184985
2017-07-28,9.4200,9.5500,9.2379,9.3700,88649
2017-07-21,9.4400,9.5500,9.3400,9.4300,63571
2017-07-14,9.1600,9.5100,9.1080,9.4300,95701
2017-07-07,9.3300,9.5150,9.0100,9.1700,102419
2017-06-30,9.3628,9.4600,9.0700,9.3200,131007
2017-06-23,9.2800,9.3800,9.2100,9.3000,142959
2017-06-16,9.2400,9.3350,9.0300,9.2000,123913
2017-06-09,9.8100,9.8100,9.0000,9.2700,356906
2017-06-02,10.0000,10.0000,9.7600,9.7800,115723
2017-05-26,10.3700,10.3700,9.6000,9.9000,370476
2017-05-19,10.6000,10.9300,10.1100,10.1900,330797
2017-05-12,10.7000,10.8000,10.1500,10.2800,332801
2017-05-05,10.8500,10.9200,10.6500,10.6700,80818
2017-04-28,10.2000,11.0000,10.1300,10.8300,393906
2017-04-21,10.7500,11.0000,10.2000,10.2300,384199
2017-04-13,10.6400,10.6400,10.1350,10.5300,288252
2017-04-07,10.9200,10.9900,10.5200,10.6100,257690
2017-03-31,10.9000,11.2000,10.7000,10.8500,298610
2017-03-24,11.1900,11.2000,10.8200,10.8600,316443
2017-03-17,11.0800,11.8500,10.8210,11.0900,232265
2017-03-10,11.3100,12.0500,10.5700,10.8600,486141
2017-03-03,11.4200,11.7700,10.6900,11.2500,156203
2017-02-24,11.8700,12.1000,11.4501,11.4700,177096
2017-02-17,11.7400,12.0200,11.6000,11.8900,96305
2017-02-10,11.7300,11.8600,11.6500,11.7400,52010
2017-02-03,12.0800,12.0800,11.6500,11.8900,94485
2017-01-27,11.8500,12.2000,11.6500,12.2000,100535
2017-01-20,12.0700,12.1200,11.6800,11.8000,76323
2017-01-13,12.1016,12.3400,11.6500,12.0000,190960
2017-01-06,12.2900,12.3200,11.7500,11.9200,157658
2016-12-30,11.6300,12.2500,11.6300,12.2500,73508
2016-12-23,11.7000,11.9670,11.5500,11.7000,151480
2016-12-16,11.6400,12.2000,11.4300,11.6600,110210
2016-12-09,12.0000,12.1500,11.5610,11.7500,190515
2016-12-02,11.8700,12.5000,11.5700,11.8100,182689
2016-11-25,11.8700,12.1500,10.8700,11.9500,103976
2016-11-18,11.7600,12.7000,11.2100,11.7000,267471
2016-11-11,11.5150,11.9000,11.1900,11.7500,147000
2016-11-04,11.6200,12.3700,11.2700,11.4800,179240
2016-10-28,11.6500,12.0400,11.4000,11.6200,109071
2016-10-21,11.8100,11.8800,11.5300,11.5500,99186
2016-10-14,12.1500,12.4100,11.2800,11.8000,206204
2016-10-07,12.0200,12.2500,11.8700,12.0900,92437
2016-09-30,12.1600,12.3400,11.8200,12.0400,143088
2016-09-23,12.2500,12.5300,11.9500,12.3700,279512
2016-09-16,12.3000,12.5000,12.0800,12.0800,150189
2016-09-09,12.5900,12.7000,12.0000,12.3500,166865
2016-09-02,12.5800,12.6500,11.7475,12.6000,52736
2016-08-26,12.3800,12.9300,12.1200,12.5900,73311
2016-08-19,11.9800,12.4900,11.8000,12.4100,112507
2016-08-12,11.5000,12.3900,11.3800,11.9800,107400
2016-08-05,11.1000,11.5000,10.2000,11.4900,120346
2016-07-29,11.1200,11.1900,10.7900,11.0500,77860
2016-07-22,10.9900,11.2400,10.8900,11.1100,27966
2016-07-15,11.2500,11.3800,10.8300,11.0500,65914
2016-07-08,11.4800,11.4999,11.0900,11.3100,62965
2016-07-01,11.0000,11.4800,10.7200,11.4600,39256
2016-06-24,11.0600,11.7600,10.8300,11.0500,76147
2016-06-17,11.3000,11.3000,10.5400,11.0100,60969
2016-06-10,11.8100,11.9700,11.0600,11.2201,39160
2016-06-03,11.1500,12.0000,11.0000,11.8100,86257
2016-05-27,11.7400,12.2100,10.7800,11.1000,150485
2016-05-20,11.8600,12.1400,11.1555,11.7100,20161
2016-05-13,11.0600,12.4900,11.0600,11.8600,41837
2016-05-06,10.7400,12.0599,10.2700,11.0300,40779
2016-04-29,11.1800,11.3400,10.3500,10.7600,27215
2016-04-22,10.7300,11.8200,10.6101,11.2600,146966
2016-04-15,10.8900,11.3000,10.2500,10.6100,230237
2016-04-08,11.4500,12.4900,10.7400,10.8501,117025
2016-04-01,13.4700,13.4700,11.0100,11.6000,177240
2016-03-24,13.1900,13.6500,13.0000,13.4700,41119
2016-03-18,12.5400,13.6800,12.0400,13.1600,85558
2016-03-11,11.8000,12.5000,11.7000,12.4500,57008
2016-03-04,11.0100,11.9900,10.7600,11.8200,41098
2016-02-26,11.3600,11.3600,10.5000,10.9000,70787
2016-02-19,10.2000,11.9800,9.8200,11.2500,95318
2016-02-12,11.0000,11.0000,10.0300,10.2400,193911
2016-02-05,11.8100,11.8800,10.6200,10.9100,190308
2016-01-29,13.1800,14.3000,11.7800,11.8200,122140
2016-01-22,13.2100,13.4000,13.1100,13.1700,52086
2016-01-15,13.6500,13.6500,13.2000,13.3100,61615
2016-01-08,13.5600,13.7700,13.0400,13.5800,141209
2015-12-31,13.2600,13.7500,13.0501,13.7400,59124
2015-12-24,13.7200,13.7200,13.2500,13.3500,53154
2015-12-18,14.2400,14.2400,13.5830,13.8300,116232
2015-12-11,15.0200,15.0900,13.6810,13.9400,160268
2015-12-04,14.6400,15.2300,14.6400,15.0200,256813
2015-11-27,15.1000,15.1200,14.6080,14.9400,123665
2015-11-20,14.6600,15.5900,14.3184,15.0200,403113
2015-11-13,14.5800,15.4900,14.3200,14.5700,199761
2015-11-06,14.5300,14.8300,14.2600,14.5200,206487
2015-10-30,14.9100,14.9700,13.3300,14.5200,129360
2015-10-23,14.3000,14.9900,14.1300,14.8800,81136
2015-10-16,14.5700,14.5900,13.9700,14.4100,72583
2015-10-09,14.3500,14.8500,14.0610,14.3800,73733
2015-10-02,14.3000,15.5600,13.1600,14.3300,141827
2015-09-25,13.9400,14.2600,13.7000,13.9105,43107
2015-09-18,14.0400,14.3000,13.5100,14.3000,147505
2015-09-11,13.7800,14.3200,13.1800,14.0400,124634
2015-09-04,13.2830,13.7400,12.8400,13.2500,95772
2015-08-28,12.5000,13.7400,12.5000,13.4700,146841
2015-08-21,13.9600,14.7500,13.0000,13.1500,230479
2015-08-14,12.9800,15.9500,12.8500,14.0900,343422
2015-08-07,12.7200,13.0525,12.7200,12.8700,148808
2015-07-31,13.0500,13.0500,12.3900,12.7200,91099
2015-07-24,13.1000,13.2000,12.8300,12.9200,46817
2015-07-17,12.9100,15.0000,12.5500,13.3500,62600
2015-07-10,12.8200,12.9000,12.5000,12.8200,55716
2015-07-02,13.0500,13.0700,12.5800,12.7999,89734
2015-06-26,12.9000,13.7400,12.6500,13.0700,226126
2015-06-19,12.6400,12.9600,12.5100,12.7000,82975
2015-06-12,12.1700,12.7800,12.1700,12.6400,65301
2015-06-05,11.9400,12.5900,11.6680,12.1800,121922
2015-05-29,11.7500,11.9900,11.4600,11.8500,75793
2015-05-22,10.8500,11.7000,10.8500,11.7000,205256
2015-05-15,11.8300,11.8300,11.0500,11.2800,63635
2015-05-08,11.4400,11.8000,11.0300,11.6000,124682
2015-05-01,11.8000,11.8600,11.3500,11.4250,113279
2015-04-24,9.9400,12.2700,9.9400,11.7200,196378
2015-04-17,9.6600,10.0000,8.9000,10.0000,434193
2015-04-10,9.1000,9.8000,8.6000,9.8000,26019
2015-04-02,9.6000,9.9000,8.5048,9.0000,62654
2015-03-27,9.9500,10.0000,9.4900,9.6000,16960
2015-03-20,10.0000,10.0000,9.7600,9.9000,21523
2015-03-13,9.9400,10.0000,9.8200,9.9600,15560
2015-03-06,9.8600,10.2100,9.8000,9.9501,3657
2015-02-27,9.6601,10.2000,9.6200,10.0501,8012
2015-02-20,9.8900,9.9600,9.6000,9.8377,6499
2015-02-13,10.1000,10.4499,9.2600,9.8900,20478
2015-02-06,9.8700,10.4000,9.8000,10.1000,5774
2015-01-30,10.1000,10.3000,9.8100,9.8300,4463
2015-01-23,10.0400,10.7300,9.8500,10.0002,34840
2015-01-16,9.8000,10.2430,9.7500,10.0400,9701
2015-01-09,10.0000,10.4900,9.6200,9.8000,10866
2015-01-02,10.2700,10.2700,9.6200,9.9400,25765
2014-12-26,10.3500,10.4000,10.2500,10.2500,5917
2014-12-19,10.1100,10.2500,10.0500,10.2500,8078
2014-12-12,10.3000,10.4000,10.0750,10.1600,5400
2014-12-05,10.2100,10.6000,10.1500,10.2600,4184
2014-11-28,10.1000,10.6500,10.0500,10.6500,7106
2014-11-21,10.4900,10.5000,10.0500,10.2800,6774
2014-11-14,10.3300,10.4800,10.0377,10.1700,2908
2014-11-07,10.4000,10.6000,10.2800,10.3800,4634
2014-10-31,10.6000,10.6000,10.0800,10.4000,5570
2014-10-24,10.3700,10.6000,10.2900,10.3800,4033
2014-10-17,10.9501,11.3400,10.0500,10.4500,15777
2014-10-10,11.0000,11.6995,10.9500,11.0600,2715
2014-10-03,10.9600,12.0000,10.9500,11.0000,25403
2014-09-26,11.1000,11.5200,10.9000,10.9600,18870
2014-09-19,11.2300,11.2500,10.9320,11.2500,11034
2014-09-12,11.0790,11.3400,10.9000,11.2300,25166
2014-09-05,11.2250,11.3300,11.1000,11.1500,1520
2014-08-29,11.5000,11.5000,11.0100,11.2250,11042
2014-08-22,11.4500,11.9300,10.9000,11.4999,13961
2014-08-15,11.4700,11.5000,10.9000,10.9500,23633
2014-08-08,11.2400,11.2500,10.8100,11.1000,14670
2014-08-01,11.5500,12.1200,10.7000,11.2400,23072
2014-07-25,11.2000,11.9400,11.0600,11.2000,3566
2014-07-18,11.2200,11.6100,11.0101,11.1500,3905
2014-07-11,12.2500,12.2500,11.2000,11.2000,14880
2014-07-03,12.3899,12.3899,11.5100,12.2200,18533
2014-06-27,11.9900,12.7400,11.5500,12.0500,27997
2014-06-20,12.0200,15.0000,11.5000,11.5000,164105
2014-06-13,11.5999,12.9000,11.1000,12.0800,66285
2014-06-06,10.2000,11.7500,10.2000,11.0000,28251
2014-05-30,11.2500,11.2500,10.5525,10.8000,86064
2014-05-23,10.7000,10.8000,10.5000,10.5000,5393
2014-05-16,10.4200,10.7027,10.3300,10.7000,56804
2014-05-09,10.3299,10.6900,10.2000,10.4400,26960
2014-05-02,10.6800,10.6800,10.2600,10.3300,2764
2014-04-25,10.7800,10.8500,10.2100,10.5400,23720
2014-04-17,10.7999,10.9000,10.7800,10.8000,6120
2014-04-11,10.7999,10.8000,10.7999,10.8000,100
2014-04-04,10.5500,10.9500,10.5500,10.8000,544
2014-03-28,10.5600,10.6100,10.5500,10.5500,605
2014-03-21,10.3690,10.7000,10.0100,10.5500,48211
2014-03-14,10.2100,10.7500,10.2000,10.2100,18452
2014-03-07,10.2610,10.9600,10.0200,10.4000,86523
2014-02-28,10.0001,11.1490,10.0000,10.2000,39321
2014-02-21,10.0000,10.1400,9.5000,10.1000,2448
2014-02-14,9.8000,10.0500,9.8000,10.0000,26875
2014-02-07,10.1600,10.1600,9.4000,9.8000,28975
2014-01-31,10.0000,10.5100,9.5050,9.9300,26970
2014-01-24,9.0000,10.2400,9.0000,10.0000,48880
2014-01-17,9.0500,9.3800,8.6500,8.9400,31964
2014-01-10,8.6400,10.0300,8.5500,9.0000,45758
2014-01-03,9.0255,9.0255,8.5000,8.6000,16921
2013-12-27,10.1000,10.1000,8.1500,9.5000,16258
2013-12-20,10.1300,10.3961,9.3100,10.1800,1122752
2013-12-13,10.1600,10.1800,10.0000,10.0000,15621
2013-12-06,10.1700,10.1700,10.1100,10.1600,29900
2013-11-29,10.1800,10.1800,10.1000,10.1700,7300
2013-11-22,10.1700,10.1800,10.1700,10.1700,82900
2013-11-15,10.1700,10.1700,10.1599,10.1600,4201
2013-11-08,10.1600,10.1800,10.0700,10.1700,103000
2013-11-01,10.1600,10.1800,9.6000,10.1600,40800
2013-10-25,10.1600,10.1600,10.1599,10.1600,2800
2013-10-18,10.1500,10.1800,10.1400,10.1599,29700
2013-10-11,10.1500,10.1800,10.1500,10.1500,64701
2013-10-04,10.0200,10.1800,9.7200,10.1500,51400
2013-09-27,10.0300,10.2300,10.0300,10.0600,164300
2013-09-20,10.0200,10.0301,10.0200,10.0300,4730
2013-09-13,10.0800,10.0800,10.0800,10.0800,0
2013-09-06,10.0800,10.0800,10.0800,10.0800,0
2013-08-30,10.0800,10.0800,10.0800,10.0800,0
2013-08-23,10.1300,10.1400,10.0000,10.0800,12400
2013-08-16,10.0500,10.0500,10.0000,10.0500,3500
2013-08-09,10.0500,10.0500,10.0500,10.0500,0
2013-08-02,10.0500,10.0500,10.0500,10.0500,300
2013-07-26,10.0400,10.0500,10.0000,10.0500,12200
2013-07-19,9.9414,10.0400,9.9414,10.0400,2900
2013-07-12,9.9300,9.9300,9.9300,9.9300,0
2013-07-05,9.9300,9.9300,9.9300,9.9300,0
2013-06-28,9.9300,9.9300,9.9300,9.9300,0
2013-06-21,9.9300,9.9300,9.9300,9.9300,0
2013-06-14,9.9900,9.9900,9.9300,9.9300,100
2013-06-07,9.9900,9.9900,9.9900,9.9900,500
2013-05-31,9.9900,9.9900,9.9786,9.9800,200
2013-05-24,9.9200,9.9899,9.9200,9.9899,600
2013-05-17,9.9400,9.9400,9.9200,9.9200,15540
2013-05-10,9.9900,9.9900,9.9400,9.9400,30000
2013-05-03,10.0000,10.0000,9.9200,9.9900,1100
2013-04-26,10.0000,10.0000,10.0000,10.0000,0
2013-04-19,9.9900,10.0000,9.9000,10.0000,400
2013-04-12,9.9900,9.9900,9.9900,9.9900,100
2013-04-05,9.9900,9.9900,9.9900,9.9900,0
2013-03-28,9.9001,9.9900,9.9001,9.9900,200
2013-03-22,9.9900,9.9900,9.9900,9.9900,0
2013-03-15,9.9900,9.9900,9.9900,9.9900,100
2013-03-08,9.9000,9.9000,9.9000,9.9000,0
2013-03-01,9.9250,10.0000,9.9000,9.9000,12300
2013-02-22,9.9500,9.9500,9.9500,9.9500,0
2013-02-15,9.9500,9.9500,9.9500,9.9500,0
2013-02-08,9.9500,9.9500,9.9500,9.9500,0
2013-02-01,9.9500,9.9500,9.9500,9.9500,0
2013-01-25,9.9500,9.9500,9.9500,9.9500,400
2013-01-18,9.8700,9.8700,9.8700,9.8700,0
2013-01-11,9.8700,9.8700,9.8700,9.8700,0
2013-01-04,9.9000,9.9500,9.8700,9.8700,16370
2012-12-28,9.9400,9.9400,9.9400,9.9400,0
2012-12-21,9.9400,9.9400,9.8443,9.9400,300
2012-12-14,9.8500,9.9400,9.8001,9.9400,70900
2012-12-07,9.8500,9.8500,9.8500,9.8500,159000
2012-11-30,9.8400,9.8500,9.8400,9.8500,40000
2012-11-23,9.8400,9.8400,9.8400,9.8400,0
2012-11-16,9.8500,9.8500,9.8400,9.8400,1810
2012-11-09,9.9000,9.9000,9.9000,9.9000,100
2012-11-02,9.8100,12.6600,9.8100,9.9000,1200
2012-10-26,9.8000,9.8100,9.8000,9.8100,100
2012-10-19,9.8600,9.8600,9.8000,9.8000,1400
2012-10-12,9.8000,9.8500,9.8000,9.8500,1100
2012-10-05,9.8000,9.8000,9.8000,9.8000,0
2012-09-28,9.8000,9.8000,9.7999,9.8000,1250
2012-09-21,9.7200,9.7200,9.7200,9.7200,0
2012-09-14,9.6800,9.8000,9.6800,9.7200,200
2012-09-07,9.6000,9.8500,9.6000,9.6800,33300
2012-08-31,9.6000,9.6000,9.6000,9.6000,0
2012-08-24,9.6000,9.6000,9.6000,9.6000,0
2012-08-17,9.6000,9.6000,9.6000,9.6000,0
2012-08-10,9.6000,9.6000,9.6000,9.6000,0
2012-08-03,9.6000,9.6000,9.6000,9.6000,0
2012-07-27,9.6000,9.6000,9.6000,9.6000,0
2012-07-20,9.6000,9.6000,9.6000,9.6000,0
2012-07-13,9.6000,9.6000,9.6000,9.6000,0
2012-07-06,9.6000,9.6000,9.6000,9.6000,0
2012-06-29,9.6000,9.6000,9.6000,9.6000,0
2012-06-22,9.6000,9.6000,9.6000,9.6000,0
2012-06-15,9.5500,9.6000,9.5500,9.6000,1100
2012-06-08,9.6100,9.7000,9.5500,9.5500,1500
2012-06-01,9.6000,9.6100,9.5600,9.6100,400
2012-05-25,9.6000,9.7700,9.6000,9.6000,253800
2012-05-18,9.8000,9.8000,9.6000,9.6000,1200
