timestamp,open,high,low,close,volume
2018-02-27,1.9300,2.0000,1.8600,1.9100,204302
2018-02-23,1.8200,1.9400,1.8200,1.9200,171667
2018-02-16,1.7500,1.8340,1.6800,1.7800,349966
2018-02-09,1.8400,1.8776,1.7300,1.7300,776593
2018-02-02,2.0200,2.0270,1.8300,1.8700,920029
2018-01-26,2.1200,2.1400,2.0100,2.0290,490221
2018-01-19,2.1300,2.1500,2.0600,2.1200,454839
2018-01-12,2.0500,2.2400,2.0000,2.1000,1486815
2018-01-05,2.0000,2.0500,2.0000,2.0300,333251
2017-12-29,2.0400,2.0400,1.9700,1.9700,382229
2017-12-22,2.0000,2.0500,1.9901,2.0400,321182
2017-12-15,1.9800,2.0200,1.9600,1.9801,327788
2017-12-08,2.0500,2.0500,1.9600,1.9800,601254
2017-12-01,2.0600,2.0898,1.9202,2.0200,766658
2017-11-24,2.0200,2.1400,2.0200,2.0600,398423
2017-11-17,2.0500,2.1300,2.0000,2.0300,663866
2017-11-10,2.0500,2.0800,1.9300,2.0400,535722
2017-11-03,1.8400,2.0700,1.8200,2.0500,557430
2017-10-27,2.1000,2.1400,1.8300,1.8400,786305
2017-10-20,1.9500,2.0800,1.8100,2.0800,574983
2017-10-13,1.7800,2.4500,1.7600,2.0000,1974287
2017-10-06,1.7100,1.8000,1.6600,1.7500,435188
2017-09-29,1.6800,1.7500,1.6500,1.7400,344532
2017-09-22,1.6600,1.7000,1.6200,1.6800,126339
2017-09-15,1.6200,1.6800,1.6200,1.6600,326108
2017-09-08,1.6400,1.6700,1.6000,1.6200,278862
2017-09-01,1.6000,1.6500,1.5900,1.6400,164361
2017-08-25,1.5800,1.6500,1.5300,1.6200,267667
2017-08-18,1.5200,1.6300,1.5100,1.6000,286410
2017-08-11,1.6800,1.6800,1.4600,1.5100,304377
2017-08-04,1.5700,1.7200,1.5600,1.6900,516248
2017-07-28,1.6100,1.6100,1.5600,1.5800,128394
2017-07-21,1.6100,1.6300,1.5700,1.5700,342766
2017-07-14,1.5900,1.6300,1.5000,1.6100,565768
2017-07-07,1.6400,1.6400,1.5600,1.6000,285977
2017-06-30,1.5800,1.6200,1.4900,1.6200,489038
2017-06-23,1.5000,1.5700,1.4700,1.5500,218180
2017-06-16,1.5500,1.5700,1.4500,1.4800,248708
2017-06-09,1.6000,1.6300,1.5300,1.5400,170593
2017-06-02,1.5200,1.6000,1.5200,1.5600,119487
2017-05-26,1.6100,1.6300,1.5500,1.5500,100097
2017-05-19,1.6200,1.6800,1.5600,1.6100,248540
2017-05-12,1.5900,1.7200,1.5800,1.6400,801241
2017-05-05,1.4500,1.6200,1.4200,1.6000,1340215
2017-04-28,1.4200,1.4600,1.4200,1.4400,1080632
2017-04-21,1.4400,1.4500,1.3900,1.4400,197972
2017-04-13,1.4500,1.4700,1.4000,1.4400,187538
2017-04-07,1.4300,1.4800,1.4200,1.4200,342892
2017-03-31,1.2500,1.5200,1.1800,1.4500,435122
2017-03-24,1.3300,1.3500,1.3000,1.3100,252000
2017-03-17,1.3700,1.3700,1.3000,1.3300,216300
2017-03-10,1.2800,1.4000,1.2700,1.3800,313500
2017-03-03,1.2700,1.3800,1.2500,1.2900,686400
2017-02-24,1.3600,1.3600,1.2500,1.2600,1255400
2017-02-17,1.3800,1.3800,1.3300,1.3500,301700
2017-02-10,1.4200,1.4300,1.3400,1.3600,553000
