timestamp,open,high,low,close,volume
2018-02-27,79.6100,86.2900,78.7200,83.5300,1681918
2018-02-23,75.6600,79.7900,75.6600,79.1000,1630466
2018-02-16,69.4500,77.2510,68.4910,75.9400,1404962
2018-02-09,71.5200,72.7800,66.3900,69.1400,1875446
2018-02-02,75.4600,76.4950,72.3000,72.5000,1253488
2018-01-26,72.3800,75.9550,71.8800,75.5000,1639647
2018-01-19,69.7600,72.6500,68.6300,72.3800,1589917
2018-01-12,63.4500,69.4700,62.5613,69.3200,1644384
2018-01-05,64.6500,64.6500,61.7500,63.7000,1233570
2017-12-29,62.7000,65.5100,62.0110,64.5100,761435
2017-12-22,66.0800,67.6759,62.3000,63.0400,1481269
2017-12-15,60.3100,65.7000,60.0500,65.5100,2521999
2017-12-08,65.5800,65.9000,57.8400,60.2900,4017372
2017-12-01,69.0800,69.2700,62.5000,64.6000,2189438
2017-11-24,63.7500,69.0590,63.7500,68.9100,1254441
2017-11-17,63.3600,65.4700,62.6300,63.6700,1399605
2017-11-10,63.9200,65.9000,61.1700,63.5300,2648948
2017-11-03,62.6900,64.2300,61.3100,63.8900,1532621
2017-10-27,61.7600,64.1200,60.9100,62.7500,1756045
2017-10-20,59.7400,61.8800,58.8600,61.8500,1672983
2017-10-13,58.7300,60.7900,57.8500,59.8200,1851590
2017-10-06,56.0100,60.5000,55.2300,58.9200,2260801
2017-09-29,54.9200,56.1200,51.5400,56.0400,1824291
2017-09-22,53.9500,55.0300,53.0310,54.9300,1998530
2017-09-15,54.0000,54.0800,51.9800,53.4300,2348639
2017-09-08,49.7100,55.2400,47.5000,53.7800,5046447
2017-09-01,48.4500,50.5500,47.6050,49.9200,1469813
2017-08-25,48.1300,49.6300,47.7700,48.2500,922778
2017-08-18,47.1500,48.6100,46.5000,48.2900,1309254
2017-08-11,49.5700,52.5000,45.5000,46.0900,4433735
2017-08-04,51.1500,52.9400,49.3000,49.5400,2011234
2017-07-28,50.1200,51.6500,49.7550,51.0400,1789570
2017-07-21,47.3100,50.6600,47.1800,50.0500,1438902
2017-07-14,46.1100,47.8700,45.6720,47.3600,1180815
2017-07-07,47.3000,47.5100,44.6900,46.2400,854307
2017-06-30,48.2500,48.4000,45.5600,46.9200,1564256
2017-06-23,44.5800,48.3200,44.4800,48.2000,2154267
2017-06-16,44.0300,45.3550,42.0300,44.4700,2327667
2017-06-09,45.0000,45.4800,42.5600,44.2000,1667098
2017-06-02,43.5700,45.1500,41.7900,45.0000,1354283
2017-05-26,42.0500,43.8800,41.6690,43.5700,1330043
2017-05-19,41.9000,42.7500,39.5800,41.9900,2430234
2017-05-12,43.0000,43.3500,41.0100,41.8100,2455497
2017-05-05,45.6800,46.3500,41.3850,42.8800,3196991
2017-04-28,43.9300,45.5900,43.0500,45.4000,2207245
2017-04-21,41.9600,44.4250,41.2600,43.3000,2081602
2017-04-13,41.8000,42.6300,41.1700,41.7400,2131058
2017-04-07,39.9400,42.0400,39.3800,41.5400,3728526
2017-03-31,37.3900,40.3800,36.3000,39.6600,2891538
2017-03-24,38.0000,38.3400,36.1800,37.6600,1484093
2017-03-17,38.5600,39.0700,37.7300,38.0600,1470869
2017-03-10,37.3300,38.6300,37.3200,38.5000,1310387
2017-03-03,36.5000,38.0000,35.1400,37.6500,2630062
2017-02-24,35.9700,37.7600,33.9000,36.5200,1648638
2017-02-17,35.5500,36.1500,34.5900,35.9300,1271373
2017-02-10,33.9900,35.3200,32.8100,35.3000,1178644
2017-02-03,34.8400,34.9400,32.7700,34.1900,1273141
2017-01-27,33.9100,35.4000,33.2800,35.0300,1488350
2017-01-20,34.7100,34.8400,33.2500,33.8900,1038721
2017-01-13,32.2200,34.9100,32.1500,34.8400,3152946
2017-01-06,30.2900,32.1900,29.2300,32.1800,1752619
2016-12-30,30.9800,31.0600,29.3400,30.1500,1343529
2016-12-23,32.2300,33.4600,30.3600,30.8100,3120347
2016-12-16,32.8800,33.1200,31.7600,32.0300,2049620
2016-12-09,31.3600,33.9650,31.0700,32.6800,2610820
2016-12-02,35.3800,35.7500,30.7800,31.1600,3212673
2016-11-25,36.1500,36.5000,34.8200,35.3700,1352459
2016-11-18,35.0500,36.5806,34.0300,36.1300,1613100
2016-11-11,33.9400,34.7200,31.2000,34.5200,2142257
2016-11-04,35.2100,35.9800,31.5700,33.4100,2988051
2016-10-28,36.4000,36.7500,34.6800,35.0300,1289548
2016-10-21,35.6900,36.4650,34.9700,36.2500,1099289
2016-10-14,35.8000,37.9500,35.1800,35.9150,1332677
2016-10-07,38.3600,38.4900,35.3200,35.7800,2948009
2016-09-30,37.1300,38.9100,36.5800,38.2900,1784636
2016-09-23,35.3000,37.7300,34.9600,37.4000,1677722
2016-09-16,33.8900,35.2475,32.6800,35.0000,2973683
2016-09-09,35.9700,36.1700,34.1000,34.1300,2181813
2016-09-02,35.9000,36.2350,35.1800,35.7900,1351874
2016-08-26,35.2600,36.2600,35.0250,35.9300,1595536
2016-08-19,34.7700,35.3600,34.1200,35.1900,1663876
2016-08-12,35.4100,36.4700,34.1900,34.8500,2198557
2016-08-05,35.2100,35.4500,33.2510,35.2600,2538667
2016-07-29,34.5200,36.0000,34.2200,34.9800,1911188
2016-07-22,32.9200,34.5200,32.7000,34.5100,2242358
2016-07-15,32.6000,33.4900,32.0300,32.8500,2148489
2016-07-08,29.2700,33.4300,28.7800,32.5500,2092349
2016-07-01,28.3200,29.8700,27.4900,29.5300,2122596
2016-06-24,28.7100,29.7700,27.8019,28.6900,3094636
2016-06-17,28.7700,29.1050,28.0600,28.3800,1796241
2016-06-10,28.5900,29.8699,28.5800,28.9400,2341175
2016-06-03,27.8700,28.9450,27.6000,28.6300,1877006
2016-05-27,26.9700,28.0000,26.0300,27.8500,2084182
2016-05-20,26.6800,27.5600,26.2500,26.8600,1844211
2016-05-13,28.2900,28.9100,26.4300,26.9100,2098427
2016-05-06,28.0400,29.2500,26.3200,28.4300,3167034
2016-04-29,27.6200,28.3800,26.8100,28.0300,2075450
2016-04-22,24.8900,28.4700,24.8500,27.7500,2095291
2016-04-15,23.7900,25.4500,22.9200,25.0200,1511990
2016-04-08,22.7400,24.2900,22.2000,23.7600,1840636
2016-04-01,21.4400,23.8100,21.0100,22.6700,2155071
2016-03-24,22.4900,23.0999,20.7000,21.4900,1512944
2016-03-18,22.9400,23.0000,21.6975,22.4600,2153195
2016-03-11,23.8000,24.1100,22.1200,22.8100,2203868
2016-03-04,21.7600,25.6400,21.7600,23.8300,3968780
2016-02-26,18.3500,22.5400,17.7200,21.8300,3603704
2016-02-19,16.1600,18.8499,16.1500,18.2800,2727387
2016-02-12,17.0200,17.3000,14.9400,15.9700,3267269
2016-02-05,20.2700,20.3500,17.0100,17.2600,3271745
2016-01-29,21.0100,21.4900,18.9800,20.1900,2341786
2016-01-22,21.5500,22.1635,18.8500,21.0700,3102076
2016-01-15,24.8700,24.8700,20.4800,21.2600,3836636
2016-01-08,27.2100,27.5000,24.2200,24.3200,2275999
2015-12-31,28.5100,29.4500,27.5400,27.9800,1267801
2015-12-24,27.6100,28.7000,27.0100,28.5000,1359220
2015-12-18,25.7600,29.2500,25.7600,27.3800,7145808
2015-12-11,24.0400,27.0200,23.8350,25.5500,2498464
2015-12-04,23.5500,24.9300,22.8808,24.0400,2462813
2015-11-27,21.6900,23.9291,21.4801,23.4500,1042081
2015-11-20,21.6300,22.6200,20.7700,21.9000,3199162
2015-11-13,22.0500,25.0400,21.6075,21.6900,6270873
2015-11-06,20.9800,22.2100,19.8800,21.9200,4370861
2015-10-30,22.9300,25.8400,18.8100,20.9800,10636415
2015-10-23,24.3900,24.8700,22.6200,23.0700,3685698
2015-10-16,29.0300,29.3737,22.5800,24.6400,18732742
2015-10-09,32.4400,32.5300,27.9403,29.2200,9069145
2015-10-02,35.1600,36.5000,30.8800,32.0550,4885316
2015-09-25,37.9200,39.6900,34.6500,35.2100,6217068
2015-09-18,36.1400,37.9300,35.0500,37.5600,3058211
2015-09-11,35.4100,36.3200,34.5300,36.1300,1769060
2015-09-04,34.7700,35.5100,33.5900,34.9200,1477878
2015-08-28,32.3000,35.3400,31.2200,34.9900,1680946
2015-08-21,36.0900,36.3900,32.6787,34.0200,3009161
2015-08-14,38.5000,38.6600,35.5100,36.0300,3442367
2015-08-07,32.0200,39.5900,31.0050,38.3100,2307424
2015-07-31,33.5500,33.7968,31.0100,32.0900,1077026
2015-07-24,33.3000,33.9600,32.7600,33.6600,1054845
2015-07-17,31.6400,34.7100,31.5500,33.1600,1160200
2015-07-10,29.9300,31.6400,29.1800,31.5800,845331
2015-07-02,32.1200,32.7200,29.8000,30.2900,1035953
2015-06-26,31.4400,33.0100,29.4000,32.3700,3289681
2015-06-19,28.1100,31.8800,28.0000,31.0900,1423498
2015-06-12,28.9000,29.2400,27.7300,28.0900,1024194
2015-06-05,27.8900,29.3300,27.6300,28.9700,1812480
2015-05-29,27.4800,28.0500,27.0000,27.7600,883575
2015-05-22,26.6700,27.8100,26.0300,27.6700,908832
2015-05-15,27.5400,28.2940,25.5000,26.8300,1752443
2015-05-08,27.3500,29.9500,26.2100,27.4900,1716759
2015-05-01,27.9200,28.4000,26.2900,27.1800,852945
2015-04-24,25.5000,29.0700,25.4350,27.8600,1809463
2015-04-17,25.0000,25.5400,24.7605,25.5000,1534978
2015-04-10,25.2500,25.5400,24.2000,25.0200,1091226
2015-04-02,22.4700,25.9000,22.4700,25.4000,1811458
2015-03-27,22.5000,23.1200,22.2600,22.4900,1152418
2015-03-20,21.5000,23.1800,21.2000,22.5000,1629524
2015-03-13,17.8100,21.9000,17.7700,21.4600,3654623
2015-03-06,18.4000,18.5300,17.2700,17.7400,1623231
2015-02-27,17.7200,18.8900,17.3500,18.4800,1295609
2015-02-20,17.0800,17.7900,16.9200,17.6200,556805
2015-02-13,18.1500,18.7500,17.0800,17.1100,1328559
2015-02-06,17.7500,18.3900,17.1700,18.2000,1461702
2015-01-30,18.0700,18.5000,17.2300,17.7900,1406858
2015-01-23,17.8900,18.3300,17.1700,18.2000,693355
2015-01-16,18.3900,18.5700,16.6900,17.8100,768631
2015-01-09,19.4000,19.4700,17.8600,18.4500,790648
2015-01-02,19.5000,20.5700,18.9500,19.4800,533615
2014-12-26,19.0800,19.9900,19.0501,19.5300,613217
2014-12-19,18.0000,19.5000,17.6600,19.3500,1348829
2014-12-12,18.6000,19.2000,17.8400,17.9400,1825108
2014-12-05,18.0000,18.7600,17.8550,18.7100,920183
2014-11-28,17.6500,18.3200,17.3000,18.0800,1590005
2014-11-21,17.2100,17.8600,16.2100,17.6600,584167
2014-11-14,17.9500,18.1800,17.0600,17.2700,662538
2014-11-07,18.1700,18.4000,16.7700,17.8900,1129948
2014-10-31,17.7400,18.5100,17.5200,18.2000,1034798
2014-10-24,17.7800,18.2100,17.4800,17.9300,575973
2014-10-17,15.8400,18.3300,15.3200,17.9000,619497
2014-10-10,15.5700,16.5100,15.2200,15.8100,672797
2014-10-03,15.0000,16.2200,14.9100,15.5400,1016256
2014-09-26,15.2200,15.6100,14.6700,14.9200,761593
2014-09-19,15.5600,16.5105,15.1900,15.3700,521600
2014-09-12,16.4100,16.9000,15.4200,15.6100,592000
2014-09-05,18.9800,18.9800,16.4000,16.4700,443100
2014-08-29,19.6900,20.2000,18.3200,18.9000,609700
2014-08-22,18.0000,19.7200,17.9000,19.4800,545700
2014-08-15,15.9400,18.4600,15.9200,17.8700,1004600
2014-08-08,13.7200,17.1750,13.1000,17.0800,1472600
2014-08-01,14.4320,14.5800,13.5100,13.7100,473900
2014-07-25,13.4600,14.4300,13.0700,14.3700,571000
2014-07-18,14.5800,14.7799,13.2500,13.5000,705200
2014-07-11,16.6100,16.6600,13.4000,14.4500,1119800
2014-07-03,15.7000,17.3300,15.2500,16.6000,626200
2014-06-27,15.3100,17.5800,15.3100,15.4700,2677700
2014-06-20,14.0000,15.8900,13.8600,15.3500,1042200
2014-06-13,14.1000,14.2699,13.0300,14.0100,594300
2014-06-06,14.3900,14.7000,13.0500,14.0400,504100
2014-05-30,13.2900,14.5400,13.2700,14.4400,340000
2014-05-23,13.6500,13.7500,13.1500,13.2800,519300
2014-05-16,10.7600,14.2900,10.6000,13.5000,1477400
2014-05-09,14.9700,15.7400,10.5200,10.9300,1194600
2014-05-02,14.6700,15.7500,14.3800,15.1800,846700
2014-04-25,13.3000,14.9500,12.9500,14.8600,1037900
2014-04-17,13.3000,13.4000,12.0000,13.0600,869100
2014-04-11,13.0500,13.3880,12.5200,12.9400,852200
2014-04-04,14.4900,15.8900,13.0000,13.0600,2520900
