timestamp,open,high,low,close,volume
2013-05-01,11.1000,11.1000,11.1000,11.1000,0
2013-04-26,11.0000,11.1000,11.0000,11.1000,250009
2013-04-19,11.0000,11.1000,10.5000,11.1000,10480
2013-04-12,10.7000,11.0000,10.6000,11.0000,728452
2013-04-05,10.5900,10.6000,10.5900,10.6000,755910
2013-03-28,10.5200,10.6000,10.5200,10.5900,259093
2013-03-22,10.5200,10.5200,10.5200,10.5200,3700
2013-03-15,10.0000,10.5500,10.0000,10.5500,40900
2013-03-08,10.0000,10.0000,10.0000,10.0000,0
2013-03-01,9.9100,10.0000,9.7600,10.0000,704753
2013-02-22,9.8100,9.9100,9.8100,9.9100,16723
2013-02-15,10.0000,10.0000,9.8000,9.8000,11167
2013-02-08,9.7500,10.0000,9.7500,10.0000,7029
2013-02-01,9.7500,9.7500,9.7500,9.7500,196460
2013-01-25,9.7500,10.0000,9.7500,10.0000,95500
2013-01-18,9.5000,9.7500,9.5000,9.7500,6826
2013-01-11,9.4800,9.4800,9.4800,9.4800,42990
2013-01-04,9.6000,9.6000,9.4700,9.4700,700
2012-12-28,9.6000,9.6000,9.6000,9.6000,0
2012-12-21,9.4000,9.6000,9.4000,9.6000,102899
2012-12-14,9.0000,9.4000,9.0000,9.4000,183148
2012-12-07,8.4600,9.0000,8.4600,9.0000,26700
2012-11-30,8.3200,8.4000,8.3000,8.4000,384332
2012-11-23,8.3200,8.3200,8.3200,8.3200,1900
2012-11-16,8.2500,8.3000,8.2500,8.3000,73644
2012-11-09,8.1000,8.3000,8.0000,8.2500,939450
2012-11-02,9.0000,9.0000,8.2000,8.2000,69600
2012-10-26,9.5000,9.5000,9.0000,9.0000,65244
2012-10-19,9.2500,9.5000,9.0000,9.5000,146379
2012-10-12,9.4500,9.5000,9.0000,9.2500,23876010
2012-10-05,9.5000,9.7500,9.5000,9.5000,130664
2012-09-28,9.9800,9.9800,9.5000,9.5000,187287
2012-09-21,9.6500,9.9800,9.6500,9.9800,4950
2012-09-14,9.7500,9.8500,9.6500,9.6500,533140
2012-09-07,9.7500,9.7500,9.7500,9.7500,30250
2012-08-31,9.7500,9.9800,9.7500,9.7500,460819
2012-08-24,9.6500,9.7600,9.6500,9.7500,317738
2012-08-17,9.7500,9.7500,9.6500,9.6500,226412
2012-08-10,9.9900,10.2800,9.7500,9.7500,169694
2012-08-03,9.6000,9.9900,9.6000,9.9900,179600
2012-07-27,9.5000,9.5100,9.4400,9.5000,1780869
2012-07-20,8.7000,9.5000,8.6500,9.5000,81542
2012-07-13,8.5300,8.8000,8.5300,8.7000,30500
2012-07-06,8.4500,8.5300,8.4500,8.5300,1534905
2012-06-29,8.0000,8.3000,7.9900,8.2500,24067
2012-06-22,7.8000,8.0000,7.8000,8.0000,343620
2012-06-15,7.8000,7.8000,7.8000,7.8000,141
2012-06-08,7.8000,7.8000,7.8000,7.8000,0
2012-06-01,7.8000,7.8000,7.8000,7.8000,424284
2012-05-25,7.7500,7.8100,7.7500,7.8000,125274
2012-05-18,7.7500,8.1000,7.7500,7.7500,25916
2012-05-11,7.7500,7.7500,7.7500,7.7500,3560
2012-05-04,7.7500,7.7500,7.7100,7.7500,1211323
2012-04-27,7.6200,7.7500,7.6200,7.7500,7900
2012-04-20,7.6300,7.6300,7.6200,7.6200,4810
2012-04-13,7.7500,7.9000,7.6200,7.6300,35101
2012-04-05,7.7500,7.7500,7.7500,7.7500,20
2012-03-30,7.7500,7.7500,7.7500,7.7500,75100
2012-03-23,7.7000,7.7500,7.7000,7.7500,5100
2012-03-16,7.3500,7.6000,7.1300,7.6000,14349346
2012-03-09,7.3500,7.3500,7.3500,7.3500,0
2012-03-02,7.3500,7.3500,7.3500,7.3500,177000
2012-02-24,7.3100,7.3100,7.0500,7.0500,110
2012-02-17,7.3100,7.3100,7.3000,7.3100,34367
2012-02-10,7.3100,7.3500,7.3100,7.3100,467850
2012-02-03,7.3500,7.3500,7.3000,7.3000,2950
2012-01-27,7.2300,7.3500,7.2300,7.3500,340000
2012-01-20,7.2000,7.2300,7.2000,7.2300,1249940
2012-01-13,7.2000,7.2000,7.2000,7.2000,0
2012-01-06,7.2000,7.2000,7.2000,7.2000,100
2011-12-30,6.9100,7.2000,6.9100,7.2000,2500
2011-12-23,7.0000,7.0000,6.9000,6.9100,56700
2011-12-16,7.0000,7.0500,6.9800,7.0000,723388
2011-12-09,7.0000,7.1900,7.0000,7.0000,51362
2011-12-02,7.0000,7.0000,7.0000,7.0000,263677
2011-11-25,7.0000,7.0000,7.0000,7.0000,227560
2011-11-18,0.0000,7.0600,0.0000,7.0000,21066
2011-11-11,7.1800,7.1800,0.0000,7.0000,989401
2011-11-04,0.0000,7.1900,0.0000,0.0000,1600
2011-10-28,0.0000,7.1900,0.0000,7.1900,158421
2011-10-21,0.0000,7.2000,0.0000,0.0000,280301
2011-10-14,0.0000,7.2000,0.0000,0.0000,40000
2011-10-07,7.1000,7.2000,0.0000,0.0000,25414
2011-09-30,7.1000,7.2000,0.0000,7.1900,24591
2011-09-23,0.0000,7.2000,0.0000,0.0000,14400
2011-09-16,0.0000,0.0000,0.0000,0.0000,0
2011-09-09,7.0500,7.1500,0.0000,7.1000,147453
