timestamp,open,high,low,close,volume
2018-02-27,69.7300,70.4500,65.0150,65.9500,305122
2018-02-23,67.1100,70.1700,67.0050,69.5700,457159
2018-02-16,66.7800,68.2600,63.1210,67.8500,772194
2018-02-09,68.6900,70.4000,64.0200,66.2800,831244
2018-02-02,69.0700,71.7700,68.0000,69.0300,1065143
2018-01-26,67.3200,69.2500,66.8710,69.1200,825793
2018-01-19,66.2000,68.2950,66.0100,67.0000,1382468
2018-01-12,62.6300,66.4400,62.6300,65.6400,1058207
2018-01-05,61.3600,63.1500,58.5595,62.5100,654633
2017-12-29,60.8000,62.1700,60.2200,60.8500,238430
2017-12-22,60.1000,63.0800,59.4000,61.2500,691191
2017-12-15,58.1400,60.2200,57.1700,59.7600,551223
2017-12-08,57.3100,59.9800,56.3300,58.0100,841790
2017-12-01,62.1000,62.1000,56.2200,56.9000,2014897
2017-11-24,62.5700,63.8600,61.1300,61.9500,472906
2017-11-17,63.7700,63.9800,60.5700,62.5700,745923
2017-11-10,61.4300,64.4700,59.4500,63.8000,1057544
2017-11-03,62.2000,62.5000,60.6800,61.2300,778047
2017-10-27,61.7500,62.9400,61.0900,62.2900,433425
2017-10-20,65.1000,65.1000,61.0300,62.0500,792782
2017-10-13,61.0900,65.8500,60.6000,64.7600,1249121
2017-10-06,61.4800,62.4000,60.2600,60.8600,454535
2017-09-29,62.0000,62.0000,58.3600,60.6100,985993
2017-09-22,58.7000,62.0000,57.9500,61.7500,1188784
2017-09-15,59.4400,61.0600,58.2900,58.6600,919461
2017-09-08,59.9700,60.5500,58.9600,58.9900,426641
2017-09-01,57.9000,60.3400,56.9200,59.9200,602480
2017-08-25,56.7700,59.6400,56.7700,58.0600,931304
2017-08-18,56.0000,58.2200,55.4900,56.6800,777094
2017-08-11,55.1200,56.9100,53.2600,55.6300,1271215
2017-08-04,48.2300,56.9400,48.1500,55.3900,1369746
2017-07-28,48.1300,48.7400,47.1200,48.1600,382910
2017-07-21,47.5600,48.4400,47.2100,48.1200,452854
2017-07-14,45.4600,48.3100,45.4600,47.3100,370276
2017-07-07,44.7800,46.3500,44.6800,45.3100,279876
2017-06-30,46.5900,46.9900,44.6300,44.7300,647188
2017-06-23,43.8200,46.5900,42.6000,46.3500,679294
2017-06-16,43.6800,44.7400,42.5700,43.6700,638402
2017-06-09,44.3600,45.3600,43.4700,43.8900,1212310
2017-06-02,43.6000,44.3300,42.8300,44.1200,950273
2017-05-26,44.0700,44.8300,43.2300,43.5900,1035298
2017-05-19,43.4600,44.8600,43.2800,43.7600,1172390
2017-05-12,41.8700,44.0400,41.1600,43.5600,1463337
2017-05-05,41.0800,43.0000,39.8500,42.5000,380149
2017-04-28,40.0400,42.2000,39.6500,40.9900,868867
2017-04-21,40.5600,41.4000,37.0000,39.7500,625934
2017-04-13,39.2600,41.7600,38.9900,40.5200,603586
2017-04-07,36.5200,39.2300,36.2600,38.9600,532524
2017-03-31,36.6700,37.4900,34.8800,36.6600,431232
2017-03-24,37.0700,37.5000,36.4600,36.8800,532149
2017-03-17,35.4700,37.6900,35.4700,37.1700,1044552
2017-03-10,35.6000,36.2000,31.2500,35.5000,978103
2017-03-03,36.0000,36.0000,34.7800,35.6000,595779
2017-02-24,35.6800,37.9300,35.2700,36.0400,380278
2017-02-17,35.5900,36.4900,34.0100,35.7900,447210
2017-02-10,35.9500,36.8200,34.8900,35.6500,152830
2017-02-03,34.9000,36.1000,33.5900,35.7800,170598
2017-01-27,35.4100,35.9300,33.6250,35.1300,193116
2017-01-20,35.2700,36.0600,33.8600,35.0500,212398
2017-01-13,33.8800,36.6900,33.1800,35.1900,457189
2017-01-06,33.8000,34.8200,33.5500,33.9500,182228
2016-12-30,33.0100,33.9800,32.8100,33.8000,172439
2016-12-23,33.3700,33.4100,32.0800,33.1700,256370
2016-12-16,34.3000,34.9700,32.3700,32.9900,355352
2016-12-09,35.5150,35.6800,34.3000,34.4900,316850
2016-12-02,35.0000,35.8700,34.4510,35.3400,478782
2016-11-25,34.2400,35.0800,32.8200,35.0500,311716
2016-11-18,32.9400,34.4300,32.4000,34.1700,150194
2016-11-11,33.7700,34.9900,32.0000,32.7500,342317
2016-11-04,33.7200,34.6750,32.1200,33.6800,225759
2016-10-28,32.8200,33.7100,32.4600,33.5100,172451
2016-10-21,32.1400,32.8300,31.8200,32.6000,97970
2016-10-14,32.8300,33.4000,31.5800,32.1900,273369
2016-10-07,33.3500,33.9100,32.4000,32.4600,334222
2016-09-30,34.7800,35.1900,33.2700,33.3800,677042
2016-09-23,33.5500,34.8800,33.2600,34.8400,498700
2016-09-16,32.7800,33.6500,32.2800,33.5500,499220
2016-09-09,33.4300,33.6700,32.4800,32.9100,453173
2016-09-02,33.3300,33.6900,31.5800,33.3300,250819
2016-08-26,33.3900,33.8100,32.8900,33.3600,348763
2016-08-19,32.3600,33.4900,32.3600,33.3700,353053
2016-08-12,33.1900,33.5900,31.0500,32.6300,309436
2016-08-05,31.9600,35.2600,31.1600,33.6000,829142
2016-07-29,30.8200,32.0500,30.4800,31.8200,244083
2016-07-22,32.2600,32.8700,30.6600,30.9500,413760
2016-07-15,31.2400,32.9500,30.7100,32.2100,418930
2016-07-08,29.3800,31.9500,28.0200,31.2700,382239
2016-07-01,28.6800,29.9900,28.1000,29.5900,273640
2016-06-24,29.4600,30.8900,28.7200,29.3000,382554
2016-06-17,28.5700,29.3100,28.0700,29.2500,454330
2016-06-10,29.8800,30.4000,28.5500,28.6500,521207
2016-06-03,30.8900,31.1500,29.1700,29.9400,604546
2016-05-27,28.9300,31.0350,28.5900,30.6500,422508
2016-05-20,28.3600,30.3300,28.0100,28.8600,524615
2016-05-13,29.3700,29.5900,27.5600,28.2000,293079
2016-05-06,29.8000,31.0400,28.9900,29.5000,425062
2016-04-29,31.5100,31.9000,29.1600,29.8000,390676
2016-04-22,32.5000,32.7800,31.3400,31.7000,364944
2016-04-15,30.2700,32.2900,30.1400,32.2200,340674
2016-04-08,31.0100,31.1700,29.6400,30.1900,522734
2016-04-01,30.3700,31.5900,30.0100,30.9900,569073
2016-03-24,30.8200,31.0800,29.5000,30.5300,406478
2016-03-18,30.5700,30.8800,29.7000,30.8400,459902
2016-03-11,31.2100,31.4950,29.8100,30.5600,566049
2016-03-04,27.2200,33.4900,27.2050,31.8400,857889
2016-02-26,29.5700,29.8000,25.8300,27.3300,607364
2016-02-19,28.5800,30.3900,28.5350,29.1400,493889
2016-02-12,27.1700,30.3000,26.7100,27.9200,473564
2016-02-05,27.5500,28.3700,27.0100,27.5300,389688
2016-01-29,26.4200,27.9000,26.0200,27.8300,399002
2016-01-22,26.4400,27.9800,25.5300,26.4900,638917
2016-01-15,27.3300,29.4850,25.3300,25.9600,865904
2016-01-08,28.6300,29.2100,26.5000,27.4100,789326
2015-12-31,30.9000,31.7800,29.2400,29.4600,397622
2015-12-24,30.3000,31.4300,29.9800,31.0800,228475
2015-12-18,28.8500,30.5200,28.6200,30.1500,474066
2015-12-11,29.5300,30.6000,28.5100,28.6600,781805
2015-12-04,31.3700,31.8300,29.1300,29.5700,757371
2015-11-27,31.6500,32.9300,31.0000,31.2900,544980
2015-11-20,32.0000,32.0000,30.8700,31.8100,561882
2015-11-13,35.0000,35.4900,29.2300,32.0800,1056284
2015-11-06,33.9700,34.9900,33.3100,34.7900,920146
2015-10-30,33.5800,34.0000,32.6300,33.8100,743219
2015-10-23,31.9100,33.7800,31.4700,33.5700,390134
2015-10-16,30.2200,32.1500,29.9700,32.0600,549100
2015-10-09,28.7200,30.4700,27.5500,30.0900,681254
2015-10-02,26.4300,28.6300,25.7600,28.4100,525347
2015-09-25,25.7800,26.8200,25.1300,26.3300,966123
2015-09-18,26.9700,27.8100,25.7300,25.8400,597326
2015-09-11,26.2400,27.3100,25.8700,27.1000,383117
2015-09-04,26.7000,27.3900,24.0600,25.6700,785105
2015-08-28,23.6600,28.2400,22.2300,26.9700,1621816
2015-08-21,28.6500,28.9100,25.1300,25.3500,1099553
2015-08-14,30.5700,31.1200,28.2100,28.6400,1077061
2015-08-07,30.1900,31.0000,29.7900,30.4600,418773
2015-07-31,31.1600,31.7600,30.1100,30.5600,673987
2015-07-24,34.5200,34.9500,31.5700,31.9600,787310
2015-07-17,33.5000,35.6100,33.1300,34.5700,657521
2015-07-10,33.4400,34.6400,31.5100,33.7500,1601250
2015-07-02,33.1100,34.6200,32.0300,33.8500,712307
2015-06-26,34.1400,35.0600,32.8000,33.2400,477630
2015-06-19,34.8200,35.2400,33.3000,33.8800,1034831
2015-06-12,31.9300,36.1100,31.1900,35.1500,1197261
2015-06-05,31.3300,32.0100,30.7800,31.9300,750108
2015-05-29,32.4800,32.7800,30.8400,31.0400,719240
2015-05-22,31.5400,32.6600,31.1400,32.3900,635472
2015-05-15,34.9400,36.3533,29.8000,31.5000,2592411
2015-05-08,36.4200,36.8900,34.4100,34.8100,1095226
2015-05-01,36.2100,37.7700,35.7700,36.5100,917978
2015-04-24,35.5900,36.4700,34.9750,36.0200,497423
2015-04-17,34.0300,36.8400,33.9300,35.5200,1010614
2015-04-10,33.8200,34.9200,33.1500,33.8800,795578
2015-04-02,31.7900,34.3600,31.7000,33.9000,721371
2015-03-27,32.8200,32.9400,30.8000,31.5900,751668
2015-03-20,33.3500,33.8900,31.8760,32.9000,619730
2015-03-13,35.1000,35.3600,33.1700,33.1900,663145
2015-03-06,35.3400,36.7400,35.0000,35.2500,686127
2015-02-27,33.4800,36.8920,33.0100,35.5000,766965
2015-02-20,34.7800,35.0900,33.3000,33.7700,197602
2015-02-13,32.9100,35.3900,32.6300,34.8600,352996
2015-02-06,35.3900,36.3400,32.4300,33.1300,566781
2015-01-30,34.7100,35.9700,34.1900,35.2100,542168
2015-01-23,35.0400,35.6500,33.6200,34.6000,461892
2015-01-16,36.4700,36.5900,34.3050,35.0800,440983
2015-01-09,36.0800,38.1200,35.9000,36.6000,592540
2015-01-02,36.4200,36.4800,35.6200,36.1500,273508
2014-12-26,36.0000,36.7050,35.4200,36.2200,409289
2014-12-19,33.4400,36.0900,32.8350,35.8500,994006
2014-12-12,36.8700,36.8700,32.8900,33.0900,684598
2014-12-05,36.4700,36.8800,35.4100,36.8400,868564
2014-11-28,35.3500,36.8790,34.5000,36.7500,521636
2014-11-21,35.4600,36.2800,34.9800,35.4200,697582
2014-11-14,34.4100,35.8300,34.3200,35.7400,987462
2014-11-07,30.5800,34.7150,30.5700,34.0650,1376506
2014-10-31,30.0600,31.2400,29.4200,30.7000,1041162
2014-10-24,29.9700,30.6100,29.5800,30.1900,727600
2014-10-17,30.2300,30.8600,29.4550,30.1800,1161257
2014-10-10,30.0400,30.9800,29.6700,30.0600,638096
2014-10-03,30.5100,30.7800,29.2400,29.9100,703765
2014-09-26,31.1400,31.6000,30.3400,30.7800,617644
2014-09-19,32.7500,33.1650,30.6500,31.5400,795409
2014-09-12,33.4000,34.0000,32.1500,32.8700,848005
2014-09-05,35.0000,36.3000,33.4300,33.6900,669897
2014-08-29,34.7200,35.8200,34.0322,34.6200,436931
2014-08-22,35.5600,36.4800,34.2500,34.6500,677202
2014-08-15,36.5000,38.5700,31.6600,35.0300,1612108
2014-08-08,74.4700,75.1900,36.1000,36.4300,333356
2014-08-01,73.0100,77.1050,72.1000,74.4700,431669
2014-07-25,69.5700,74.2800,68.6600,72.1000,287744
2014-07-18,69.4300,70.2400,67.7000,69.6600,353037
2014-07-11,71.9300,72.4400,67.6400,68.5200,446765
2014-07-03,64.8100,75.6800,64.4500,72.1200,663210
2014-06-27,62.6800,67.9400,61.5000,65.2500,696107
2014-06-20,60.4200,64.2100,60.4200,62.8600,401234
2014-06-13,61.6900,62.9900,59.9000,60.5200,222979
2014-06-06,62.8100,62.8100,59.0000,61.7300,296971
2014-05-30,64.7500,64.8200,62.2600,62.3300,191427
2014-05-23,61.0000,66.1300,60.9000,64.3200,301158
2014-05-16,62.0000,62.8565,60.4700,61.0000,267781
2014-05-09,68.7200,69.7800,60.1000,61.1000,671002
2014-05-02,65.5500,70.8500,62.3800,69.2600,590678
2014-04-25,71.1400,73.9800,64.2100,65.4700,618919
2014-04-17,69.3000,73.0000,67.5400,72.1500,166822
2014-04-11,66.4200,70.2100,65.7050,69.2000,422732
2014-04-04,71.1400,74.0000,64.0600,67.1000,646533
2014-03-28,73.2200,73.9600,70.1575,71.5200,223196
2014-03-21,72.8700,76.8800,72.0000,72.9300,279371
2014-03-14,79.1200,79.1300,72.3085,73.1500,254554
2014-03-07,74.5000,79.1300,73.6875,79.0500,289045
2014-02-28,82.5100,83.0000,74.4100,75.3000,199288
2014-02-21,79.4800,86.0000,74.5950,83.4000,181198
2014-02-14,73.2800,82.6300,72.6400,79.4900,219263
2014-02-07,71.0500,75.6700,69.1400,73.3300,240528
2014-01-31,75.1750,77.0200,70.0500,73.0100,195791
2014-01-24,81.2100,82.8660,75.0000,75.0000,255084
2014-01-17,78.0500,82.4100,76.6600,81.2300,123439
2014-01-10,78.1400,81.9800,76.1600,78.9000,215136
2014-01-03,78.3600,78.8800,76.5985,78.6000,62373
2013-12-27,77.0000,78.8800,76.1400,78.7900,53887
2013-12-20,76.1700,77.0000,72.6700,76.7400,90847
2013-12-13,73.8400,76.1800,73.1200,75.8900,158513
2013-12-06,72.6000,73.9000,71.2000,73.5000,89795
2013-11-29,72.7100,73.8900,71.0000,73.6800,58547
2013-11-22,73.0000,75.1500,69.7400,72.9900,174761
2013-11-15,69.1200,73.8999,68.6800,73.0000,180589
2013-11-08,77.2900,80.0000,68.8800,69.6000,215980
2013-11-01,75.0000,78.0000,72.8000,77.8700,120402
2013-10-25,76.3900,79.5600,73.0000,74.7100,155538
2013-10-18,73.3000,78.4000,72.5510,76.6000,223360
2013-10-11,73.2400,74.8300,71.5900,74.0600,388169
2013-10-04,70.6700,76.2200,70.5500,73.5000,457458
2013-09-27,71.8000,71.8500,70.4300,71.1200,410378
2013-09-20,67.0100,72.0000,67.0100,71.8100,326116
2013-09-13,66.1900,67.0000,65.6300,66.5300,333779
2013-09-06,63.8600,66.9000,63.5000,66.1100,169134
2013-08-30,66.2600,66.2600,62.0400,63.0500,156489
2013-08-23,67.1900,68.3300,63.5600,65.9200,189267
2013-08-16,67.7300,69.2500,65.0900,67.3000,233590
2013-08-09,66.0600,70.1500,65.0000,68.1500,203979
2013-08-02,68.2500,70.0400,62.5800,66.5800,187143
2013-07-26,66.6800,69.3900,63.0004,69.1300,114169
2013-07-19,62.2400,67.3700,61.3900,66.9300,241884
2013-07-12,62.3100,65.9400,60.9600,62.1300,500016
2013-07-05,67.5200,68.5000,61.3200,61.8500,176463
2013-06-28,60.8700,67.9900,58.5000,67.5100,595549
2013-06-21,60.9700,64.1300,60.0000,60.9700,371375
2013-06-14,65.1000,65.3500,59.2000,60.6900,504266
2013-06-07,59.8800,65.5799,59.5100,64.8900,707064
2013-05-31,60.7500,60.8000,59.3300,60.0000,195714
2013-05-24,59.5700,61.8000,56.0000,60.6700,377472
2013-05-17,58.6000,61.0000,56.0000,59.8700,495093
2013-05-10,57.5800,61.0500,57.5600,58.6800,195015
2013-05-03,57.1300,58.1200,56.6501,57.7000,268990
2013-04-26,58.0700,58.0700,55.4730,56.9800,183556
2013-04-19,59.7800,59.7800,57.1900,57.8300,374758
2013-04-12,59.2500,61.7400,58.6650,59.5100,153547
2013-04-05,59.1700,60.6500,58.5400,59.1200,205695
2013-03-28,58.2300,60.9850,58.2300,59.4100,514573
2013-03-22,57.1000,58.9800,56.9600,58.7300,203953
2013-03-15,56.2000,58.0000,54.8740,57.4600,677502
2013-03-08,55.7600,56.4900,54.6850,56.2800,281144
2013-03-01,56.3000,57.9400,54.2400,55.7900,266269
2013-02-22,56.4100,59.0300,53.5200,56.1000,430924
2013-02-15,54.7500,58.4100,54.6700,56.0300,160548
2013-02-08,53.7900,55.2900,51.0546,55.1400,220545
2013-02-01,53.5300,56.3000,52.5900,53.7300,283793
2013-01-25,54.5400,55.2500,52.1700,53.1700,139125
2013-01-18,52.4200,55.0600,52.4200,54.2100,295786
2013-01-11,53.3200,53.8499,51.5400,52.3800,331764
2013-01-04,46.2100,53.7900,45.6001,53.0200,332022
2012-12-28,47.1900,48.3800,45.9100,46.2600,312715
2012-12-21,46.8500,47.9600,45.8400,47.0300,258953
2012-12-14,46.9600,47.9900,45.0101,46.9400,209024
2012-12-07,53.0000,53.1500,46.5300,46.9600,439874
2012-11-30,53.0000,54.4900,52.7700,52.8700,339610
2012-11-23,54.0000,54.5000,52.6410,53.2500,223609
2012-11-16,52.7100,54.4000,51.8700,53.8800,491349
2012-11-09,46.3900,53.6700,46.1800,53.0100,471733
2012-11-02,46.6800,48.1100,45.5000,45.9400,150431
2012-10-26,46.5200,47.2000,45.7000,46.1000,137075
2012-10-19,45.1500,47.3700,45.1500,46.0800,145056
2012-10-12,46.6300,47.2000,44.9000,45.5000,123630
2012-10-05,44.7400,48.8550,44.6450,46.9400,265213
2012-09-28,44.4200,45.4600,42.0000,44.8000,205294
2012-09-21,44.6200,44.9500,43.7900,44.2300,159513
2012-09-14,44.0000,44.6700,42.8300,44.4800,218747
2012-09-07,42.1500,44.3400,41.5600,44.2500,128113
2012-08-31,40.9000,42.7200,40.3100,42.2100,280512
2012-08-24,40.7500,41.8400,40.2000,41.0000,275008
2012-08-17,43.5000,43.8100,40.1700,40.6800,351401
2012-08-10,35.1600,44.3900,34.8300,43.8400,881606
2012-08-03,35.9000,35.9500,34.0000,34.8800,237011
2012-07-27,35.3200,36.6900,35.0901,35.8300,293178
2012-07-20,41.3900,43.0000,35.0510,36.0400,955693
2012-07-13,46.1400,46.1400,40.2000,42.1300,505149
2012-07-06,45.3000,46.8000,44.0000,45.8000,210047
2012-06-29,45.1700,45.5500,42.0000,45.5500,407484
2012-06-22,45.1000,47.9200,45.0500,45.6000,325766
2012-06-15,45.2500,46.0200,44.0100,45.2800,255102
2012-06-08,45.0500,48.0000,44.0100,45.6900,554127
2012-06-01,47.5200,48.2400,45.0200,45.2800,343367
2012-05-25,46.7700,51.3000,45.8400,46.2600,482963
2012-05-18,48.5800,50.2200,46.6200,46.7400,382913
2012-05-11,57.7400,60.3800,48.6500,49.4000,773388
2012-05-04,60.9900,61.4000,57.0401,57.8600,256491
2012-04-27,59.3500,61.0000,57.1000,61.0000,280315
2012-04-20,58.0700,60.9900,56.8008,60.3500,216842
2012-04-13,61.1100,61.7600,54.9700,58.4600,373699
2012-04-05,56.9100,63.9500,56.7100,62.2800,354359
2012-03-30,57.2900,59.7000,56.6310,56.8600,477156
2012-03-23,58.5000,59.8900,56.7800,57.1900,488630
2012-03-16,55.5000,59.1200,55.2900,58.4800,428623
2012-03-09,53.8900,55.9600,51.2600,55.4800,492077
2012-03-02,50.0000,53.6900,49.2500,53.5400,550120
2012-02-24,45.0000,51.4800,44.6500,50.6400,797283
2012-02-17,45.2700,47.0000,44.0508,44.9000,330959
2012-02-10,45.0000,46.4200,44.1500,44.5400,240628
2012-02-03,47.3700,47.7500,44.3100,45.3300,363023
2012-01-27,45.4200,49.6200,43.9600,48.2100,706858
2012-01-20,41.6900,45.5000,41.6900,45.0400,273941
2012-01-13,39.2400,42.0200,38.5300,41.1200,425340
2012-01-06,42.8000,43.3600,38.4801,38.8600,398346
2011-12-30,43.9700,44.2700,41.6000,41.9400,222702
2011-12-23,42.9900,44.6400,42.1300,44.3900,186457
2011-12-16,44.3700,45.0000,41.6300,42.9000,299542
2011-12-09,45.9100,46.5000,43.8800,45.2700,189405
2011-12-02,41.8900,46.0900,41.2300,45.2600,486843
2011-11-25,41.5300,43.9500,39.7100,40.4600,306984
2011-11-18,43.4800,44.9500,41.2600,42.0100,594044
2011-11-11,45.8700,47.0200,42.6200,43.8100,502843
2011-11-04,48.6400,48.6400,44.1800,46.4000,262375
2011-10-28,44.3500,50.4400,43.9200,49.4900,294704
2011-10-21,45.1400,45.6300,40.3600,44.0900,444538
2011-10-14,42.5400,46.3000,41.2150,45.5500,387977
2011-10-07,38.9200,42.7600,36.6210,41.3000,973041
2011-09-30,46.4700,48.3750,39.8200,39.9700,962027
2011-09-23,56.2900,56.2900,45.2000,46.8400,927958
2011-09-16,51.4200,57.0800,50.5000,56.8900,596850
2011-09-09,52.2600,53.8800,50.7800,51.5700,412389
2011-09-02,55.3400,58.0000,53.6200,54.6600,399582
2011-08-26,55.5400,56.1600,51.2700,54.6600,387711
2011-08-19,56.8200,59.2000,53.2000,53.9400,571778
2011-08-12,52.5000,56.0800,50.0500,56.0000,1085353
2011-08-05,68.0000,68.0000,51.5800,57.0100,1226508
2011-07-29,65.3500,69.8000,64.1300,66.0500,592117
2011-07-22,60.1100,67.0700,58.8660,66.8900,291000
2011-07-15,60.5200,61.4700,56.5800,60.4200,433816
2011-07-08,57.5100,60.3800,56.3700,59.6500,445532
2011-07-01,49.6800,57.6100,48.3200,57.2700,905144
2011-06-24,46.6200,52.0000,46.4800,49.5200,647506
2011-06-17,49.6500,50.8100,44.8100,47.5900,1340345
2011-06-10,56.0700,56.1400,46.7600,49.7800,1927568
2011-06-03,57.2800,57.4000,55.8100,56.1700,326764
2011-05-27,56.5000,59.3800,55.3900,56.2800,534279
2011-05-20,60.8000,61.8540,56.0800,57.3300,471648
2011-05-13,63.0900,64.9900,59.9900,60.8300,588834
2011-05-06,55.0200,66.8700,54.2700,63.6900,1168445
2011-04-29,59.6600,60.4200,55.7000,55.9900,785820
2011-04-21,60.0000,62.7400,59.0500,60.3500,718187
2011-04-15,62.6400,62.6600,57.4900,61.0600,697779
2011-04-08,64.7500,68.5500,61.0400,62.7100,776601
2011-04-01,61.2100,65.6000,60.3001,64.3600,357690
2011-03-25,54.2400,62.8600,54.1000,61.1200,467718
2011-03-18,55.7500,56.6400,50.5400,53.7300,727695
2011-03-11,60.3800,60.4000,54.1500,56.5700,880487
2011-03-04,64.0400,64.5500,57.3900,60.3600,929407
2011-02-25,58.5700,60.6000,54.8300,60.2300,689387
2011-02-18,58.6200,61.9900,58.2900,59.9500,359513
2011-02-11,58.0000,60.0000,54.7600,57.8300,588269
2011-02-04,53.4900,58.0000,53.0860,57.9500,342923
2011-01-28,55.0100,57.3500,52.5800,53.5000,507825
2011-01-21,57.0000,61.2800,54.0000,55.2800,1002558
2011-01-14,53.8300,60.0000,53.4000,57.9300,766207
2011-01-07,50.6600,53.9300,49.8000,53.2500,465988
2010-12-31,49.5200,50.0300,47.5400,49.2500,441802
2010-12-23,49.9100,51.2700,48.8200,50.0000,551410
2010-12-17,54.1000,54.2390,48.0600,49.8900,1250840
2010-12-10,52.7600,55.5000,50.4019,53.9400,712117
2010-12-03,50.9700,53.7000,50.0200,52.0000,594319
2010-11-26,47.3000,51.8400,46.2800,50.5000,535213
2010-11-19,47.9700,48.6800,44.3100,47.3600,992456
2010-11-12,45.5300,51.7500,45.2400,47.0700,1962761
2010-11-05,45.0800,47.2900,42.7500,45.0400,618191
2010-10-29,44.2400,47.4800,42.2000,45.0800,742562
2010-10-22,42.7500,44.7500,41.0400,43.5500,609546
2010-10-15,38.3500,46.4800,37.6200,43.4000,1763153
2010-10-08,38.4300,40.5000,35.0500,38.0600,827468
2010-10-01,38.8600,39.0000,36.3800,38.9600,581593
2010-09-24,36.0000,39.1893,34.0600,38.3200,1371428
2010-09-17,28.7000,36.1900,27.6900,36.0100,1484939
2010-09-10,29.9900,30.2800,27.1600,27.8100,529687
2010-09-03,27.3300,29.8800,26.4910,29.8300,547891
2010-08-27,29.9600,29.9600,26.2500,27.3400,693011
2010-08-20,26.5000,30.3000,26.3801,29.5500,861631
2010-08-13,26.5500,26.6700,25.5000,26.4600,273211
2010-08-06,25.6000,27.0000,24.6200,26.5500,593408
2010-07-30,23.0000,25.2500,22.5200,25.1100,380346
2010-07-23,21.0300,22.9800,21.0300,22.8900,100105
2010-07-16,20.6000,22.9900,19.5400,21.2300,170993
2010-07-09,19.6500,20.8100,19.0500,20.3900,110403
2010-07-02,22.0200,22.9500,18.6700,18.9400,267531
2010-06-25,22.4000,23.3000,21.8250,22.2900,309450
2010-06-18,20.0900,22.9000,19.7600,22.1900,406013
2010-06-11,19.5300,20.2600,19.0200,20.0500,116561
2010-06-04,19.1900,19.9900,18.2650,19.4500,123201
2010-05-28,19.2200,20.0000,18.3000,19.2800,198258
2010-05-21,20.3500,20.8000,18.5300,18.7500,188798
2010-05-14,20.7300,21.0000,19.2500,20.4676,311527
2010-05-07,20.1800,20.6700,18.0000,20.4400,229037
2010-04-30,18.9200,20.9500,18.9200,20.1600,247023
2010-04-23,18.5100,19.2800,16.6400,19.1000,487538
2010-04-16,19.0000,19.6900,18.5300,18.6200,105540
2010-04-09,18.0000,19.6100,17.5200,19.1000,150559
2010-04-01,18.0000,18.1000,17.8300,17.9400,108981
2010-03-26,18.1700,18.2100,17.8200,18.0400,132077
2010-03-19,18.0700,18.6200,17.9900,18.0900,111016
2010-03-12,18.3000,18.5400,17.9750,18.3600,243324
2010-03-05,18.2600,20.3500,17.3200,18.4600,368464
2010-02-26,18.2800,19.0000,17.8900,17.9000,74475
2010-02-19,16.9900,18.2700,16.7700,18.2500,110160
2010-02-12,15.7100,16.9000,15.3300,16.7400,91728
2010-02-05,16.0000,16.7400,15.3100,15.7100,81317
2010-01-29,16.5600,16.7000,15.7500,15.9900,244041
2010-01-22,18.5500,18.5500,15.7600,16.3000,255965
2010-01-15,19.3300,19.3300,18.0000,18.3000,76320
2010-01-08,17.7300,19.0800,17.7300,19.0400,165068
2009-12-31,17.6000,17.9900,17.3727,17.7799,53936
2009-12-24,17.5400,17.9500,16.6600,17.8100,139159
2009-12-18,18.3800,18.8704,17.0000,17.5400,196653
2009-12-11,19.1300,19.5000,18.3600,18.3900,281720
2009-12-04,18.4900,19.1800,18.2800,19.1396,205151
2009-11-27,18.8200,20.5000,17.8100,18.2800,433100
2009-11-20,17.5500,17.9099,16.1200,16.6600,141899
2009-11-13,16.3000,17.7900,16.2500,17.5000,142163
2009-11-06,14.8000,16.3600,14.7200,16.3000,149254
2009-10-30,15.2700,16.4500,13.1800,14.9000,230078
2009-10-23,14.6900,15.6500,14.6000,15.5800,109583
2009-10-16,14.2200,15.3500,14.1000,14.9700,72137
2009-10-09,13.7900,14.4300,13.3915,14.3400,37752
2009-10-02,13.8200,14.4099,13.1300,13.5000,294050
2009-09-25,14.0000,14.7900,13.7010,13.9400,167957
2009-09-18,13.9700,14.5500,12.9100,14.0300,94133
2009-09-11,12.1200,14.1700,12.0500,14.0000,137322
2009-09-04,13.1300,13.4100,12.0200,12.3000,152834
2009-08-28,13.0200,13.9800,12.5200,13.1700,199088
2009-08-21,14.0800,14.2400,12.8100,13.1500,214838
2009-08-14,14.8400,15.3400,14.3200,14.5735,256988
2009-08-07,11.5400,15.3800,11.1440,14.5200,292788
2009-07-31,11.7800,11.7800,11.0200,11.2300,76460
2009-07-24,11.4800,11.5599,10.9500,11.3000,152320
2009-07-17,11.2700,12.1250,11.0300,11.4800,206060
2009-07-10,11.6900,11.7700,10.7600,11.3100,151261
2009-07-02,11.5400,11.9700,11.2500,11.3700,321523
2009-06-26,9.1100,12.2000,8.1800,11.5400,847200
2009-06-19,9.2600,9.3800,8.1600,8.8400,137691
2009-06-12,9.0000,10.0700,8.8200,9.2600,156731
2009-06-05,8.8000,9.1320,8.4700,8.7700,69569
2009-05-29,8.6100,8.7300,8.3000,8.6700,33545
2009-05-22,8.1700,8.9000,8.1501,8.6899,41210
2009-05-15,8.9000,9.4500,8.1920,8.6800,75873
2009-05-08,8.3900,9.5200,8.0900,8.9800,69870
2009-05-01,8.2000,8.2400,7.4500,8.0500,19958
2009-04-24,7.4900,8.2201,7.0700,8.2200,21544
2009-04-17,6.8000,7.5500,6.8000,7.5200,47978
2009-04-09,6.8500,7.2500,6.5080,7.2000,113569
2009-04-03,6.8600,7.0900,6.8000,6.8500,34797
2009-03-27,6.7800,7.1800,6.4700,7.0000,200379
2009-03-20,6.8700,6.8700,6.0300,6.6300,33010
2009-03-13,6.0100,6.7800,6.0100,6.7200,24927
2009-03-06,7.2000,7.8300,6.0000,6.2200,58447
2009-02-27,7.5048,7.9300,7.1800,7.2300,62203
2009-02-20,7.0500,7.6300,6.8200,7.5100,121095
2009-02-13,6.6000,7.3000,6.6000,7.1500,198143
2009-02-06,6.5500,6.9200,6.4200,6.7400,166094
2009-01-30,6.4500,6.7000,6.4500,6.5600,128952
2009-01-23,6.4000,6.7000,6.4000,6.4900,103967
2009-01-16,6.4000,6.7000,6.3800,6.5000,58836
2009-01-09,6.6400,6.9000,6.4700,6.8500,118264
2009-01-02,6.6700,6.6900,6.0000,6.5200,98557
2008-12-26,6.3100,6.5000,6.1800,6.4900,43116
2008-12-19,6.8500,6.8900,6.2000,6.3000,103015
2008-12-12,6.7900,6.9300,6.4800,6.9100,103999
2008-12-05,6.9000,6.9500,6.3700,6.7000,85923
2008-11-28,6.2200,7.1600,6.2000,7.0400,137415
2008-11-21,6.5100,6.9300,6.2000,6.3500,124408
2008-11-14,7.1000,8.2300,6.0995,6.8000,122417
2008-11-07,7.1700,7.5100,6.2000,6.8600,150029
2008-10-31,7.0300,7.3000,6.0299,7.0500,234846
2008-10-24,8.4000,8.7300,7.0000,7.0000,88597
2008-10-17,9.2400,10.2000,8.1600,8.4500,84932
2008-10-10,9.0900,9.8500,8.0001,8.5400,69907
2008-10-03,10.5500,10.7000,8.6900,9.6000,88939
2008-09-26,12.5000,12.6800,10.7800,10.7900,75962
2008-09-19,10.6600,12.5400,10.1500,12.4800,119136
2008-09-12,10.4500,11.3500,10.0405,11.2100,111992
2008-09-05,10.2700,11.4500,9.5132,10.2700,145917
2008-08-29,11.9201,11.9220,10.3400,11.0500,139421
2008-08-22,12.2100,12.3900,11.7400,12.0100,52082
2008-08-15,12.3299,12.4900,11.6200,12.1800,125824
2008-08-08,14.4700,15.1700,11.8000,12.1300,248604
2008-08-01,15.3900,15.3900,14.1300,14.6600,123401
2008-07-25,16.5000,17.1000,15.2800,15.5100,105861
2008-07-18,17.5100,17.5100,16.1700,16.4300,119051
2008-07-11,17.0000,17.8400,16.0000,17.4800,128207
2008-07-03,18.3100,18.6501,16.8500,17.2400,62308
2008-06-27,18.9800,19.4500,18.4600,18.4600,67842
2008-06-20,18.2200,19.8700,18.1100,19.1300,60536
2008-06-13,18.8300,18.9700,17.7900,18.3300,138870
2008-06-06,19.4200,19.9400,18.3000,18.8800,123841
2008-05-30,19.4700,20.5000,18.9300,19.6700,142210
2008-05-23,19.0000,20.0700,18.9800,19.6600,181825
2008-05-16,18.0000,19.5000,17.9400,19.0600,281516
2008-05-09,18.1900,18.3700,17.8600,17.9900,106387
2008-05-02,17.9700,18.4200,17.7200,18.0000,101685
2008-04-25,17.5200,18.0000,17.3700,17.9500,105856
2008-04-18,16.4755,17.9000,16.4700,17.5000,90943
2008-04-11,17.4200,17.4600,16.4400,16.5300,65276
2008-04-04,17.0100,17.7200,16.2100,17.2700,104617
2008-03-28,17.5000,17.9900,16.9200,16.9600,121731
2008-03-20,17.1300,17.9800,16.8300,17.5000,239147
2008-03-14,16.7000,19.6600,16.7000,17.9900,689890
2008-03-07,17.6300,18.6100,16.0101,16.9900,343064
2008-02-29,18.6380,18.6380,17.5100,18.1500,116617
2008-02-22,18.7600,19.0000,18.2700,18.4200,89245
2008-02-15,17.8500,18.6100,17.4600,18.1600,119401
2008-02-08,18.1000,19.2500,17.4600,18.0000,146635
2008-02-01,17.2800,18.4500,17.2500,18.3800,199392
2008-01-25,16.8000,18.8200,16.0500,18.2000,176928
2008-01-18,17.5000,18.2000,16.3500,17.3800,183272
2008-01-11,18.2500,18.7500,16.7500,17.3400,169982
2008-01-04,17.9000,19.5600,17.7800,18.0100,139104
2007-12-28,18.5400,19.4400,17.7100,17.9600,98620
2007-12-21,18.2500,19.2800,18.1600,18.8500,120102
2007-12-14,19.5000,19.9000,17.9600,18.6000,227547
2007-12-07,20.0800,20.1600,19.0000,19.7200,122379
2007-11-30,18.0000,20.5000,17.8700,20.4800,249247
2007-11-23,19.3300,19.3800,17.5900,18.1700,298200
2007-11-16,22.2000,25.4400,18.8900,19.2000,828141
2007-11-09,22.1000,22.4500,20.7000,22.0100,270877
2007-11-02,22.0000,22.5800,21.2920,22.3200,349087
2007-10-26,21.7600,24.0000,20.2300,21.8300,424765
2007-10-19,21.9000,22.0000,20.0300,21.9000,389910
2007-10-12,20.9500,22.1000,20.0500,22.0000,398962
2007-10-05,19.3700,21.0000,19.1600,20.8000,437597
2007-09-28,17.8100,20.5000,17.0900,19.3600,584841
2007-09-21,16.0000,17.9900,15.5500,17.6000,385504
2007-09-14,16.3000,16.3000,15.5600,15.9700,224080
2007-09-07,16.9200,17.1400,15.5900,16.1500,279640
2007-08-31,17.8300,18.1600,16.5400,17.1400,216839
2007-08-24,17.6900,18.2000,17.1500,17.9900,136075
2007-08-17,17.3000,17.9200,16.0000,17.5400,629654
2007-08-10,18.0800,19.9800,17.0900,17.2500,521149
2007-08-03,18.4600,18.9600,17.9600,18.1000,257486
2007-07-27,19.4500,19.7700,18.0000,18.3500,199459
2007-07-20,20.3300,20.4300,18.0500,19.3500,222289
2007-07-13,20.1600,20.9700,19.5100,20.4800,158433
2007-07-06,19.0000,20.9800,19.0000,20.3100,256102
2007-06-29,18.0300,19.1500,17.9900,19.0100,241048
2007-06-22,17.7700,18.3300,17.6000,18.1000,221391
2007-06-15,17.0100,18.0500,16.8100,17.9000,249563
2007-06-08,18.3300,18.3300,16.7500,17.1800,252175
2007-06-01,17.8000,18.5000,17.4900,18.4200,170460
2007-05-25,18.0900,19.4400,17.2300,17.8700,457322
2007-05-18,18.8000,19.4000,17.9300,18.2700,826592
2007-05-11,16.9600,19.2900,16.2300,18.3000,796486
2007-05-04,16.2500,17.4000,15.9000,16.8500,241460
2007-04-27,16.4800,16.7800,16.0600,16.4900,201527
2007-04-20,17.4000,18.0400,16.2700,16.4800,323413
2007-04-13,16.1000,17.7500,15.8401,17.4100,376032
2007-04-05,16.0100,16.4200,15.5200,16.1000,170510
2007-03-30,16.7800,16.9900,15.8900,16.2200,314189
2007-03-23,16.5400,16.9000,15.9001,16.9000,324362
2007-03-16,14.9600,17.4700,14.0200,16.5800,857237
2007-03-09,15.1900,15.6100,14.4700,14.9000,504777
2007-03-02,17.8500,17.8500,15.2000,15.3700,1150494
2007-02-23,17.7900,18.3900,17.4200,17.7900,294054
2007-02-16,17.7300,18.0000,17.4500,17.7900,536056
2007-02-09,17.3300,17.8500,17.0000,17.7500,416391
2007-02-02,16.5500,17.5000,16.1300,17.3300,394670
2007-01-26,16.0100,16.9500,15.1500,16.5600,555701
2007-01-19,16.5500,17.3700,15.8000,16.1000,504555
2007-01-12,17.2600,17.3000,16.3600,17.0300,326218
2007-01-05,17.2900,17.7000,17.0000,17.2600,371070
2006-12-29,16.5000,17.3100,16.4400,17.0700,488267
2006-12-22,16.1700,16.9615,16.0300,16.5700,534678
2006-12-15,17.6900,17.7800,15.8700,16.0400,866680
2006-12-08,17.2800,18.4600,17.1100,17.7800,770113
2006-12-01,17.5500,17.8300,16.1300,17.2700,1235762
2006-11-24,16.0800,17.5300,15.8600,17.5000,1151659
2006-11-17,14.7400,16.5000,14.6500,15.9600,1676777
2006-11-10,13.7500,15.1900,13.6100,14.5700,1823342
2006-11-03,13.2500,13.7600,13.0000,13.6100,1059131
2006-10-27,13.1900,13.2100,12.7000,13.0800,611117
2006-10-20,13.0000,13.5300,12.7500,13.1500,635092
2006-10-13,13.4000,13.4700,13.0100,13.0800,582264
2006-10-06,13.3800,13.5500,13.0607,13.3600,624012
2006-09-29,14.3700,14.3800,13.2000,13.3800,915457
2006-09-22,15.1400,15.1400,14.0800,14.4100,895246
2006-09-15,14.1000,15.0500,14.0900,14.8900,958145
2006-09-08,14.9300,14.9500,14.1200,14.2300,660706
2006-09-01,15.0400,15.6700,14.5200,14.7500,634963
2006-08-25,14.4000,15.8000,14.4000,15.0400,600916
2006-08-18,14.4800,14.7300,13.7500,14.5200,723942
2006-08-11,21.0000,21.7800,13.5570,14.3800,3191188
2006-08-04,20.9300,21.9100,20.0200,20.7500,735187
2006-07-28,19.8000,21.1600,19.4400,19.9000,562443
2006-07-21,19.1200,21.4000,19.1000,19.6400,629445
2006-07-14,21.1200,21.6120,19.0500,19.3000,874334
2006-07-07,22.0700,23.7900,20.9200,21.1000,912427
2006-06-30,20.0300,22.8000,19.6600,21.7300,866048
2006-06-23,21.5300,21.8500,19.8000,20.5500,972330
2006-06-16,23.6400,24.1200,18.7500,21.7000,1244814
2006-06-09,26.7600,27.5300,22.7500,23.7300,1483139
2006-06-02,27.6000,28.5800,26.6200,27.2000,951258
2006-05-26,28.7800,28.7900,25.0500,27.4300,1772267
2006-05-19,27.9400,31.9000,26.0100,28.7000,3672485
2006-05-12,25.0000,27.9000,23.6500,27.1500,2435718
2006-05-05,25.5300,26.1800,23.5400,24.8600,673102
2006-04-28,22.5400,25.6000,21.0000,25.1800,1223985
2006-04-21,19.1000,23.5000,19.0900,22.4900,2050940
2006-04-13,19.7500,19.7500,18.3800,19.0800,430589
2006-04-07,15.5000,20.1400,15.5000,19.7700,1544461
2006-03-31,15.0100,15.9500,14.8168,15.4000,362761
2006-03-24,14.5400,15.7000,14.5400,15.1500,129119
2006-03-17,15.0800,15.3600,14.5000,14.6100,183432
2006-03-10,15.8600,15.9500,14.4000,15.2200,208986
2006-03-03,18.5000,19.3000,15.2500,15.6200,1057614
2006-02-24,16.0310,19.2800,16.0000,18.6900,538127
2006-02-17,16.6700,17.1760,15.9200,16.0600,173267
2006-02-10,18.0100,18.0100,16.5200,16.6800,166847
2006-02-03,16.7400,19.4900,16.3100,18.1000,285462
2006-01-27,17.6200,17.8800,16.6200,16.8200,353923
2006-01-20,17.8800,18.9000,17.5400,17.7200,429600
2006-01-13,17.0800,18.3800,16.7200,17.8100,533500
2006-01-06,14.7000,17.1200,14.6000,17.0800,720100
2005-12-30,14.7700,15.0000,13.9350,14.7000,802300
2005-12-23,14.5400,15.6000,14.4500,14.9500,664400
2005-12-16,13.2300,14.8800,13.1600,14.8050,509200
2005-12-09,13.7300,13.9000,13.2200,13.3500,374800
2005-12-02,13.4000,14.0000,13.1500,13.8900,339800
2005-11-25,13.2500,13.9400,13.2500,13.4500,297400
2005-11-18,12.8700,13.4000,12.7500,13.2500,342900
2005-11-11,12.4600,13.3000,12.0000,12.9300,683900
2005-11-04,12.6100,13.2000,12.2500,12.4950,349000
2005-10-28,11.5252,12.7400,11.5252,12.5700,484800
2005-10-21,11.4800,11.8100,10.9100,11.5000,307400
2005-10-14,12.5000,12.7500,9.7100,11.5000,1157600
2005-10-07,13.1200,13.7500,12.5100,12.6000,378600
2005-09-30,13.2000,13.9900,13.0000,13.1500,226900
2005-09-23,13.7800,13.7800,13.0000,13.2000,279100
2005-09-16,15.0200,15.7100,13.5800,13.6300,642500
2005-09-09,15.9100,15.9100,14.0100,15.0900,371900
2005-09-02,14.9700,15.9000,14.7500,15.8500,794300
2005-08-26,14.1300,15.0000,13.9100,14.9000,760700
2005-08-19,13.5500,14.4000,13.5100,14.3300,644100
2005-08-12,12.8300,13.7500,12.7200,13.6300,642800
2005-08-05,13.5000,14.5900,12.2500,12.8000,2063600
2005-07-29,14.1100,14.3000,13.2600,13.5400,285700
2005-07-22,13.5500,15.2000,13.2900,14.0000,1051900
2005-07-15,12.8600,13.8800,12.8600,13.4250,773200
2005-07-08,12.7000,13.3000,12.5600,12.9900,335600
2005-07-01,12.7300,13.7800,12.5200,12.7600,829600
2005-06-24,13.2900,13.3500,12.5200,12.7000,797100
2005-06-17,13.2700,13.7500,12.9900,13.2290,435300
2005-06-10,13.9000,14.4000,13.1800,13.6100,535000
2005-06-03,14.8300,14.8300,13.7600,13.9900,777500
2005-05-27,12.9600,15.1400,12.9600,14.4800,1640100
2005-05-20,13.0900,13.4300,12.2100,12.9200,1333100
2005-05-13,18.3600,18.6500,13.1000,13.1800,3995700
2005-05-06,17.0800,21.2200,17.0400,20.4400,1051400
2005-04-29,17.0000,17.6700,16.5500,17.0500,315800
2005-04-22,15.7500,17.7300,15.7500,17.3400,392400
2005-04-15,17.3000,17.5200,16.0500,16.0600,282800
2005-04-08,17.1800,18.5000,16.8200,17.4500,682000
2005-04-01,15.9500,17.9000,15.4000,17.2600,1495200
2005-03-24,15.9600,17.3200,14.9000,15.9500,1646100
2005-03-18,18.2500,19.2000,15.7100,16.0000,2669500
2005-03-11,21.0700,21.8800,19.0500,19.4100,1934700
2005-03-04,21.4900,23.6500,20.1700,20.7990,2029500
2005-02-25,22.0000,22.5000,20.2000,20.9700,829900
2005-02-18,23.2000,23.6700,20.2000,21.2810,1742300
2005-02-11,27.5000,27.8700,22.0500,22.6500,1609800
2005-02-04,22.5500,28.0900,22.4500,27.3100,3925200
2005-01-28,23.9100,24.1200,20.2200,22.2000,5227000
2005-01-21,27.7400,29.4800,23.8000,24.0200,12077100
2005-01-14,47.5000,48.7200,41.7000,43.8190,2504700
2005-01-07,51.8100,53.5000,45.5000,47.4800,2776200
2004-12-31,51.0000,55.3700,48.5500,51.9700,3015800
2004-12-23,49.7000,53.6300,48.5000,50.4200,2968600
2004-12-17,52.3900,55.5500,45.5000,49.0000,8945500
2004-12-10,39.4900,49.3000,36.8600,49.1800,4329500
2004-12-03,35.0000,39.9800,33.8500,37.9990,859700
2004-11-26,32.2600,36.1900,30.2000,35.0000,607600
2004-11-19,34.7500,37.0940,30.1000,30.9500,1191800
2004-11-12,33.3600,36.4390,32.2500,34.1100,1106900
2004-11-05,26.5000,33.0900,26.3000,32.1100,1391900
2004-10-29,28.7500,34.0500,25.9000,26.9000,2138200
2004-10-22,24.8700,30.6200,24.0510,28.6400,2190800
2004-10-15,24.4000,25.9000,23.5000,24.5000,981300
2004-10-08,26.7100,29.8600,24.3700,24.7710,2366100
