timestamp,open,high,low,close,volume
2018-02-27,35.4000,38.9500,33.8100,38.6500,926211
2018-02-23,34.8500,35.4500,34.2500,35.4000,338822
2018-02-16,33.3000,35.5000,33.0000,35.0500,526082
2018-02-09,35.4000,35.7000,32.5000,33.2000,1006048
2018-02-02,36.1000,36.6000,35.5500,35.6000,880423
2018-01-26,37.2000,37.2000,35.7000,36.3000,729038
2018-01-19,36.7500,37.3000,35.8500,37.3000,634036
2018-01-12,37.9500,38.1500,35.2500,36.5500,1002613
2018-01-05,36.9500,38.2500,36.6500,38.0500,586599
2017-12-29,36.7000,37.1500,35.8000,36.7000,541934
2017-12-22,35.5000,36.8500,35.2500,36.7500,665057
2017-12-15,35.7500,35.8000,34.4000,35.2000,884950
2017-12-08,36.7500,38.1000,35.7000,35.7000,923786
2017-12-01,35.8000,36.9500,34.8000,36.3500,691906
2017-11-24,34.5500,35.9000,34.5000,35.8500,486300
2017-11-17,33.6000,35.1100,33.4500,34.4500,637232
2017-11-10,34.5000,35.2500,33.2500,33.8000,670499
2017-11-03,34.5500,35.4000,33.9500,34.4500,722256
2017-10-27,34.5500,35.7000,34.3500,34.8000,565576
2017-10-20,33.9500,35.1500,33.6500,34.6000,481639
2017-10-13,35.4500,35.7500,33.0373,33.8500,763587
2017-10-06,34.5000,35.6000,34.3000,35.4500,660256
2017-09-29,33.2500,35.2000,33.0500,34.4750,669350
2017-09-22,33.0500,33.8500,32.3900,33.3000,598253
2017-09-15,32.0000,33.0000,31.7500,32.9500,762954
2017-09-08,32.6500,33.0000,31.6001,31.8500,547562
2017-09-01,31.8500,32.9500,31.4972,32.7500,542158
2017-08-25,31.7000,32.4000,31.3500,31.8000,326884
2017-08-18,33.2500,33.9500,31.3000,31.6500,619350
2017-08-11,35.1000,35.4500,33.0500,33.1000,760224
2017-08-04,33.7500,35.3000,29.9500,35.2000,1337832
2017-07-28,37.3000,37.3000,33.4750,33.8000,1045755
2017-07-21,37.4500,37.7500,37.0000,37.3000,364947
2017-07-14,37.1000,37.8000,36.7500,37.5000,496446
2017-07-07,37.0000,37.5500,36.5500,37.2000,287528
2017-06-30,36.2500,36.9500,35.6500,36.8500,616342
2017-06-23,37.4000,37.6000,35.8000,36.2000,547065
2017-06-16,37.4000,38.2000,35.9855,37.3000,724107
2017-06-09,37.3000,37.6500,35.9250,37.5500,517730
2017-06-02,36.4000,37.7500,35.7500,37.3000,467872
2017-05-26,36.8500,37.0500,36.2500,36.5500,485525
2017-05-19,36.3000,36.9500,35.3000,36.6500,710111
2017-05-12,36.2000,37.2000,36.0500,36.3000,536236
2017-05-05,36.7000,37.7000,36.1000,36.2500,650493
2017-04-28,36.8500,37.7500,36.5000,36.6500,680068
2017-04-21,34.1000,36.5000,34.0000,36.2000,612813
2017-04-13,34.3000,35.3000,33.9000,33.9500,378990
2017-04-07,35.3000,35.4500,33.8500,34.3000,765548
2017-03-31,35.7000,35.9000,34.4000,35.3500,814883
2017-03-24,36.8500,37.1000,35.4500,36.2500,813195
2017-03-17,35.3000,37.0500,34.9000,37.0000,1003737
2017-03-10,35.0000,35.5000,34.3500,35.4000,1008664
2017-03-03,34.4500,35.8500,33.2500,35.3000,1123785
2017-02-24,34.3500,34.9500,30.1000,34.5000,1126647
2017-02-17,34.5000,35.0000,34.1500,34.3500,636876
2017-02-10,33.9000,34.7500,33.4500,34.3500,541206
2017-02-03,34.6000,34.6500,33.3250,34.0000,570688
2017-01-27,32.5000,35.0500,32.4500,35.0000,622887
2017-01-20,32.6000,33.0500,31.9630,32.7000,446899
2017-01-13,32.5000,33.7500,32.0500,32.9000,834413
2017-01-06,33.4500,34.1636,32.6500,32.7000,509353
2016-12-30,33.3500,33.8500,32.9000,33.0500,214300
2016-12-23,32.6500,33.6500,32.2500,33.2500,634031
2016-12-16,33.1000,33.5000,32.2493,32.7000,1114348
2016-12-09,32.7500,33.4000,32.3500,33.0500,1010988
2016-12-02,33.7000,33.7750,32.0000,32.5000,618408
2016-11-25,32.9000,33.9000,32.6000,33.9000,494742
2016-11-18,32.2500,33.5000,31.9500,32.8000,778940
2016-11-11,28.1000,32.2000,27.9000,32.2000,898739
2016-11-04,29.6000,30.1855,27.4500,27.5500,761198
2016-10-28,29.7500,30.1000,28.9000,29.4500,615016
2016-10-21,29.2500,29.8500,28.5000,29.5500,499244
2016-10-14,29.6000,30.3500,29.0500,29.3500,383323
2016-10-07,28.7200,30.8000,28.3550,29.5900,909065
2016-09-30,28.2000,29.0200,27.8700,28.8200,507511
2016-09-23,28.3800,28.9600,28.1500,28.4100,617030
2016-09-16,26.8400,28.1600,26.5100,28.1600,760285
2016-09-09,29.0600,29.2268,26.8600,26.8700,446448
2016-09-02,27.7300,29.0000,27.6800,28.9900,582000
2016-08-26,27.5200,28.1000,27.1100,27.6800,336289
2016-08-19,27.0400,27.7700,26.8400,27.6600,466454
2016-08-12,26.7000,27.7850,26.5900,27.2200,517160
2016-08-05,26.3700,26.7900,25.3250,26.6300,720228
2016-07-29,26.5300,26.8000,26.3800,26.4800,594749
2016-07-22,28.0200,28.1500,26.2600,26.5400,638814
2016-07-15,27.4300,28.7000,27.0125,28.1100,588170
2016-07-08,27.1600,27.4800,26.5000,27.4200,556774
2016-07-01,26.0400,27.8400,25.8000,27.2400,956229
2016-06-24,26.2100,26.8800,25.5900,26.2700,705709
2016-06-17,27.0400,27.1100,25.5700,25.8500,734228
2016-06-10,27.6200,27.8499,27.0900,27.1400,502512
2016-06-03,27.9400,28.1700,27.1300,27.6700,603814
2016-05-27,27.3600,28.4400,27.0000,27.9400,680879
2016-05-20,27.7000,28.5700,26.5800,27.3700,835609
2016-05-13,28.0000,28.6100,27.2400,27.8500,836670
2016-05-06,26.6400,28.1600,25.4650,28.0000,1067947
2016-04-29,27.3900,27.4400,26.2000,26.5200,1060422
2016-04-22,27.2400,27.7500,26.7500,27.5400,764775
2016-04-15,26.9400,27.8200,26.5300,27.2700,935076
2016-04-08,28.2500,28.2700,26.2600,26.7600,1543768
2016-04-01,26.9000,28.2800,26.6300,28.2000,786486
2016-03-24,27.0000,27.8900,26.5600,26.9300,695293
2016-03-18,25.3500,27.4900,25.1650,27.1600,1023042
2016-03-11,25.2200,25.8900,24.8400,25.2700,986795
2016-03-04,24.9700,26.1300,24.7200,25.3000,1106151
2016-02-26,21.1400,25.0000,20.9601,24.9500,1078523
2016-02-19,20.8700,21.4100,20.0000,20.9700,559840
2016-02-12,20.0400,21.0000,19.7500,20.6400,501622
2016-02-05,21.4000,21.4900,20.1600,20.2100,516571
2016-01-29,20.5300,21.5700,20.2800,21.5300,812805
2016-01-22,20.0400,20.9650,19.0600,20.7800,594102
2016-01-15,20.6000,20.9570,19.1500,19.8300,870883
2016-01-08,22.8200,22.9600,20.5000,20.5200,745670
2015-12-31,23.6400,23.8400,23.1900,23.2200,702754
2015-12-24,22.8800,23.7950,22.5600,23.6800,440306
2015-12-18,22.6400,23.7900,22.6350,22.7600,1157421
2015-12-11,24.4600,24.7300,22.6300,22.7400,1321284
2015-12-04,25.1200,25.1300,23.6100,24.5300,802233
2015-11-27,24.0300,25.3400,24.0300,25.1500,534988
2015-11-20,23.3900,24.3900,23.3800,24.1300,890080
2015-11-13,24.2100,25.0300,23.3600,23.4800,1058019
2015-11-06,20.4200,24.5800,19.6200,24.2300,1333093
2015-10-30,21.5000,21.5600,20.4500,20.4700,758821
2015-10-23,21.0500,21.6000,20.4300,21.5000,461605
2015-10-16,20.9200,21.4600,20.2700,21.2200,434112
2015-10-09,19.6200,21.4000,19.6200,20.9000,523851
2015-10-02,19.5900,19.8200,18.8500,19.5700,773366
2015-09-25,20.1200,20.3200,19.2400,19.6400,708953
2015-09-18,20.1400,20.8265,19.6900,19.9500,756270
2015-09-11,20.0000,20.3300,19.5900,20.1400,597075
2015-09-04,20.4300,20.8200,19.5000,19.6900,689459
2015-08-28,20.4900,21.3100,19.6900,20.5100,930357
2015-08-21,23.1400,23.1900,21.5000,21.6700,753002
2015-08-14,22.8500,23.2300,22.6100,23.2300,562302
2015-08-07,22.2400,23.1400,21.4700,22.7000,864812
2015-07-31,22.0500,22.6597,21.7200,22.1900,761070
2015-07-24,22.9200,23.2400,22.0000,22.1500,539191
2015-07-17,22.7400,23.3000,22.4300,22.9100,555950
2015-07-10,22.5200,22.8650,21.9000,22.6300,910935
2015-07-02,22.6600,23.3300,22.3700,22.7500,743834
2015-06-26,23.5700,23.7200,22.5100,22.7900,1010834
2015-06-19,23.8400,23.8400,23.1800,23.3500,701341
2015-06-12,23.7700,24.2500,23.5101,24.0000,498831
2015-06-05,23.9200,24.2300,23.3300,23.8400,525840
2015-05-29,24.0800,24.5600,23.5000,23.6700,1121398
2015-05-22,23.0200,24.3500,22.9200,24.3100,822412
2015-05-15,22.6700,23.4857,22.3200,23.1400,695876
2015-05-08,24.1800,24.3700,21.4200,22.7600,1175592
2015-05-01,24.7700,25.1100,23.5600,24.1500,636081
2015-04-24,23.7400,25.1700,23.7000,24.6600,539526
2015-04-17,23.8500,24.8400,23.4300,23.5900,482658
2015-04-10,23.6900,24.0300,23.0700,23.8500,464501
2015-04-02,23.9200,24.7500,23.7400,23.8500,646552
2015-03-27,23.3200,23.8900,23.1100,23.7600,627351
2015-03-20,22.3400,23.6300,21.9900,23.4300,974874
2015-03-13,21.9400,22.5100,21.5100,22.1500,476949
2015-03-06,22.3900,23.1800,21.6900,21.9200,923100
2015-02-27,23.7100,23.9300,22.4600,22.5100,949049
2015-02-20,23.3400,23.7400,23.0601,23.7400,378914
2015-02-13,23.0900,23.5000,22.4200,23.3700,478029
2015-02-06,21.9400,23.9500,21.8300,23.2100,862729
2015-01-30,22.5200,22.9600,21.7800,21.8100,525521
2015-01-23,21.9300,22.6700,21.4100,22.4700,406421
2015-01-16,21.3400,21.9900,20.9900,21.9300,604057
2015-01-09,21.8000,21.9300,20.4918,21.4100,675934
2015-01-02,22.3400,22.7500,21.6000,21.9300,356267
2014-12-26,21.6400,22.6400,21.4400,22.3700,319750
2014-12-19,21.0600,22.2900,20.6600,21.6600,1208164
2014-12-12,21.0400,21.9600,20.6700,20.9200,738304
2014-12-05,20.7500,21.3700,20.5100,21.1700,1116007
2014-11-28,20.6400,21.3200,20.6100,20.7200,438993
2014-11-21,20.8900,20.9300,19.7380,20.6100,889996
2014-11-14,20.8800,21.5800,20.6200,20.9600,788465
2014-11-07,19.6500,20.9700,19.1501,20.8100,1069872
2014-10-31,18.1200,19.9400,17.7600,19.6500,745070
2014-10-24,17.7300,18.7900,17.5500,18.2600,855732
2014-10-17,17.0100,18.3600,16.8500,17.8600,1000800
2014-10-10,17.8200,17.8600,16.7800,17.0300,905046
2014-10-03,17.1900,17.9300,16.9300,17.8200,1040320
2014-09-26,18.2000,18.2000,17.3000,17.4300,572753
2014-09-19,18.4300,18.7100,18.0100,18.3300,727600
2014-09-12,19.0700,19.1500,18.2800,18.5000,741900
2014-09-05,18.5700,19.2600,18.1735,19.1200,1438500
2014-08-29,18.8200,19.2600,18.3300,18.6600,445700
2014-08-22,18.7800,19.3000,18.2000,18.5700,534700
2014-08-15,19.3300,19.7300,18.1200,18.5400,693800
2014-08-08,19.7600,20.2700,18.0100,19.2600,1070400
2014-08-01,20.2800,20.4600,19.2800,19.6500,692900
2014-07-25,21.0600,22.1000,20.0300,20.2000,648300
2014-07-18,33.1500,33.1600,20.5000,21.3200,545832
2014-07-11,34.2800,34.5300,31.6700,32.6800,654732
2014-07-03,33.1100,34.6400,32.7300,34.4400,409799
2014-06-27,33.1400,33.4400,32.2040,33.2600,471332
2014-06-20,31.8800,33.8000,31.2900,33.0500,779133
2014-06-13,33.1900,33.8000,31.6200,31.8500,430866
2014-06-06,31.6200,33.2800,30.2400,33.1200,998533
2014-05-30,31.4500,31.7300,30.9700,31.2000,348533
2014-05-23,30.0900,31.2900,28.9000,31.2800,459532
2014-05-16,30.8900,32.1100,29.0700,30.2800,549199
2014-05-09,29.9700,31.9200,29.6101,30.7500,823599
2014-05-02,28.5000,29.2300,27.4300,28.9000,585999
2014-04-25,26.6800,29.4700,26.5000,28.4200,758466
2014-04-17,25.9900,26.7600,25.4500,26.7000,372799
2014-04-11,26.5900,26.9600,25.6500,25.6700,622732
2014-04-04,27.7000,28.7800,26.5000,26.6900,619066
2014-03-28,28.8400,29.1300,27.4200,27.4600,486066
2014-03-21,27.9300,29.5500,27.0600,28.7500,797199
2014-03-14,30.6000,30.8497,26.7501,27.6600,631733
2014-03-07,29.2400,31.2700,28.2500,30.6300,1041133
2014-02-28,29.3000,29.9500,28.2600,29.8800,487999
2014-02-21,29.0700,29.7200,28.4400,29.3500,469666
2014-02-14,27.8900,29.1500,27.1322,28.8500,536266
2014-02-07,29.4300,29.9300,26.8100,27.8400,782866
2014-01-31,32.4000,32.8100,29.5650,29.6600,802599
2014-01-24,32.5200,34.2700,32.0000,32.3000,505133
2014-01-17,31.4300,32.7826,30.6350,32.4300,478866
2014-01-10,31.9500,32.8300,31.0700,31.4200,721533
2014-01-03,32.6300,33.1500,31.4100,31.6800,479799
2013-12-27,31.9700,33.1700,31.8400,32.7400,427799
2013-12-20,30.2600,31.9900,29.3400,31.7100,792066
2013-12-13,30.7700,31.0000,29.0000,30.1900,581732
2013-12-06,30.6400,31.1490,28.7800,30.7600,632599
2013-11-29,29.3300,31.0500,27.7110,30.7700,335733
2013-11-22,27.8600,29.5300,27.2640,29.3200,419999
2013-11-15,26.0700,28.3500,26.0550,27.7900,599466
2013-11-08,27.2800,29.0600,26.0000,26.1900,530999
2013-11-01,28.6700,29.1400,26.1556,27.1000,443133
2013-10-25,27.2800,28.9500,26.5190,28.7400,326533
2013-10-18,26.5200,27.4100,26.0900,27.2500,401132
2013-10-11,26.2800,26.8200,24.7639,26.7300,371466
2013-10-04,26.6000,28.0100,25.7322,26.5400,563866
2013-09-27,26.4300,26.9400,25.8500,26.8600,324066
2013-09-20,25.4500,26.8100,24.6100,26.4400,448333
2013-09-13,24.8000,25.7290,24.8000,25.1400,346333
2013-09-06,23.8500,24.7700,23.8500,24.6400,718666
2013-08-30,24.6000,25.1100,23.1400,23.3200,329799
2013-08-23,24.4600,25.0900,23.9400,24.5500,366333
2013-08-16,24.4200,25.7900,24.4001,24.5800,517266
2013-08-09,22.9200,24.8000,22.5500,24.5600,683733
2013-08-02,22.9200,22.9900,21.3100,22.8900,907199
2013-07-26,23.7100,23.7700,21.4750,22.9300,464199
2013-07-19,25.8000,26.9080,23.6400,23.7700,888466
2013-07-12,24.0000,25.8399,23.5750,25.6400,588332
2013-07-05,33.3500,34.3860,22.2600,23.8200,247201
2013-06-28,31.1700,33.7800,30.2801,33.0800,412978
2013-06-21,32.5600,33.2600,30.6600,31.5600,411112
2013-06-14,31.8500,33.0000,31.0020,32.2800,343644
2013-06-07,32.7200,33.1100,31.1400,31.8300,885200
2013-05-31,34.2100,36.0899,33.0000,33.2400,305378
2013-05-24,31.6900,33.7000,31.5300,33.4700,378000
2013-05-17,30.1000,31.9400,29.4900,31.8900,199778
2013-05-10,28.3100,30.6600,27.9500,30.0500,334267
2013-05-03,28.3200,28.9000,27.1100,28.4900,271067
2013-04-26,27.4000,28.5200,26.8800,28.2600,334978
2013-04-19,27.9800,28.1700,26.9700,27.3600,408623
2013-04-12,27.2000,28.1600,26.8760,28.0500,328045
2013-04-05,27.5000,27.8600,26.5000,27.1600,442845
2013-03-28,27.5000,28.2600,26.9600,27.5900,326756
2013-03-22,26.1400,27.5100,26.1300,27.2600,485334
2013-03-15,24.9300,26.4300,24.5700,26.1400,565200
2013-03-08,24.0000,25.3399,23.7900,25.0400,294090
2013-03-01,24.4100,24.6400,23.7500,24.4500,448445
2013-02-22,23.9000,24.5200,23.7200,24.3200,334978
2013-02-15,23.7800,24.0200,23.4500,23.8000,289866
2013-02-08,23.0000,23.9700,22.7500,23.7200,360400
2013-02-01,22.5700,23.1300,22.4100,23.1100,330178
2013-01-25,22.7200,23.3295,22.3300,22.5900,271155
2013-01-18,22.2200,22.7500,21.8500,22.5300,318489
2013-01-11,21.6100,22.3150,21.2000,22.2100,249912
2013-01-04,20.2900,21.9300,20.1700,21.7500,510134
2012-12-28,20.2200,20.5200,19.6600,20.2900,402222
2012-12-21,20.5100,20.8900,19.9700,20.1500,1117067
2012-12-14,20.9600,20.9900,20.1800,20.4500,318755
2012-12-07,21.7500,22.4140,20.6200,20.9100,522622
2012-11-30,20.2800,21.7900,20.2200,21.0500,532533
2012-11-23,19.3100,20.5600,18.9100,20.4100,218978
2012-11-16,19.1000,20.3200,18.5300,19.1300,320622
2012-11-09,20.2900,21.0400,19.0100,19.0800,301689
2012-11-02,20.6600,21.3100,20.3500,20.3500,141911
2012-10-26,19.6500,20.7500,19.6500,20.7300,150178
2012-10-19,18.5000,19.8000,18.3400,19.6800,313601
2012-10-12,19.5000,19.8700,18.3500,18.4400,160978
2012-10-05,19.8800,20.0000,18.9700,19.6700,202044
2012-09-28,19.9300,20.4000,19.4350,19.6900,361244
2012-09-21,20.2700,20.5900,19.3400,20.0000,275245
2012-09-14,19.0000,20.5000,18.4300,20.4500,266490
2012-09-07,18.3700,19.0700,17.9300,18.9600,183867
2012-08-31,18.1500,18.5700,18.0150,18.4000,155023
2012-08-24,19.2900,19.7900,17.9775,18.0900,245689
2012-08-17,19.3900,19.4500,18.6300,19.2300,223200
2012-08-10,18.8100,20.0900,18.5000,19.4600,247734
2012-08-03,18.9100,18.9700,17.5450,18.7000,264755
2012-07-27,19.4200,19.7800,18.0300,18.8100,196400
2012-07-20,20.4500,20.8100,19.7000,19.7700,138800
2012-07-13,20.0000,20.6900,19.6200,20.6000,160534
2012-07-06,18.9700,20.1800,18.6600,20.1400,287601
2012-06-29,18.6300,19.0600,18.0000,18.8500,372800
2012-06-22,20.0000,20.3300,18.7400,18.9200,286089
2012-06-15,20.0000,20.3500,18.8300,20.2300,263556
2012-06-08,18.3200,19.9100,18.1500,19.7800,236134
2012-06-01,19.5000,19.6340,18.1700,18.2300,277156
2012-05-25,19.1300,19.4700,18.4700,19.4300,353733
2012-05-18,18.8500,19.7000,18.7700,19.0100,374266
2012-05-11,19.2100,19.5600,18.9850,19.1700,276133
2012-05-04,20.2300,20.9900,18.9800,19.2500,412356
2012-04-27,19.0200,20.4200,18.7500,20.3300,210978
2012-04-20,19.4900,20.1000,18.8300,19.4700,197823
2012-04-13,19.2500,19.4800,18.2900,19.4000,387556
2012-04-05,20.0700,20.8800,19.3700,19.7700,173822
2012-03-30,21.4500,21.8500,20.0500,20.1900,285067
2012-03-23,20.2900,21.4300,19.8400,21.1800,235822
2012-03-16,18.5500,20.4280,18.3500,20.2700,317689
2012-03-09,17.9500,18.7500,17.7500,18.4800,228933
2012-03-02,19.3600,19.7600,17.9500,18.0100,219245
2012-02-24,19.2800,20.0800,18.5900,19.5000,174756
2012-02-17,19.2200,19.9100,18.2550,19.2300,301422
2012-02-10,21.7300,21.8400,18.9200,18.9500,268888
2012-02-03,20.7300,22.0400,19.9800,21.8700,268801
2012-01-27,19.9800,21.0000,19.3600,21.0000,184800
2012-01-20,20.0800,20.3200,19.2500,20.0000,180222
2012-01-13,20.1900,20.6600,19.6700,20.0600,395734
2012-01-06,21.1600,21.3000,19.7400,20.1000,263111
2011-12-30,22.0800,22.1000,20.3400,20.4900,386400
2011-12-23,21.3500,22.4500,20.4000,21.7300,376845
2011-12-16,21.1000,22.0300,20.2000,21.1500,481378
2011-12-09,21.8900,22.1600,20.4600,21.4700,360889
2011-12-02,19.8400,22.1500,19.5800,21.4200,352534
2011-11-25,20.6900,20.9900,18.3500,19.0000,224712
2011-11-18,21.8200,22.4900,19.8800,21.1200,274089
2011-11-11,21.6600,22.8700,20.4700,21.9800,407200
2011-11-04,21.4500,22.6200,19.8400,21.6300,381111
2011-10-28,19.2600,22.9800,18.7300,21.8600,386178
2011-10-21,19.1400,19.8800,18.4000,19.2300,329245
2011-10-14,17.5600,19.4800,17.1800,19.3900,343956
2011-10-07,15.5600,18.2400,14.6400,17.3200,442533
2011-09-30,16.1500,17.8690,15.7000,15.7500,256800
2011-09-23,17.1100,17.1100,14.9100,15.9700,353866
2011-09-16,15.8100,18.7600,15.5800,17.3500,439022
2011-09-09,15.5700,17.2500,15.5200,15.7800,260978
2011-09-02,16.7100,17.7800,16.0000,16.0200,332444
2011-08-26,16.4100,16.8400,15.5400,16.2200,455778
2011-08-19,19.0800,19.5800,15.9300,15.9900,586179
2011-08-12,19.0300,20.2600,18.0450,19.1200,659512
2011-08-05,22.9100,23.0000,17.9500,19.1900,559956
2011-07-29,23.4000,23.8900,21.3300,22.6800,234223
2011-07-22,23.4500,24.2300,22.9500,23.7000,171378
2011-07-15,22.7700,23.9700,22.2950,23.4200,291244
2011-07-08,22.2700,23.4200,21.9200,22.9200,153511
2011-07-01,21.2800,23.2800,21.2700,22.1700,261423
2011-06-24,22.0800,22.8400,21.1400,21.2500,406045
2011-06-17,30.9000,31.6600,20.8600,22.0800,412104
2011-06-10,31.7800,32.9200,30.6100,30.7000,205986
2011-06-03,33.3700,33.9500,31.6430,31.7000,265512
2011-05-27,32.0600,33.0956,31.6000,33.0000,211851
2011-05-20,32.2900,33.6600,32.2300,32.5000,148861
2011-05-13,31.8600,33.7500,31.5000,32.3600,162074
2011-05-06,32.9400,33.0000,30.8700,31.7800,218786
2011-04-29,33.0000,33.9300,32.7100,32.8500,224119
2011-04-21,30.7200,33.0500,30.5200,33.0000,134460
2011-04-15,31.7500,32.3400,30.8300,31.2500,168326
2011-04-08,32.1200,33.2400,31.5300,31.7800,157483
2011-04-01,31.1100,32.9700,30.5100,32.1300,138311
2011-03-25,30.9800,31.6300,30.7000,31.0900,137954
2011-03-18,28.3500,30.6900,28.0100,30.6700,298252
2011-03-11,30.6000,31.5000,28.0700,28.6800,284948
2011-03-04,30.9400,31.5200,30.1200,30.3400,384799
2011-02-25,30.5200,31.0000,29.5500,30.5600,193838
2011-02-18,28.7700,31.3000,28.4200,30.9300,279851
2011-02-11,26.9200,28.9600,26.8050,28.8700,157778
2011-02-04,26.7700,27.7800,26.4700,26.9600,121214
2011-01-28,26.7600,28.2000,26.2600,26.4400,171140
2011-01-21,27.6600,27.9200,26.5100,26.7100,171733
2011-01-14,26.5300,27.8400,26.2700,27.8100,229837
2011-01-07,28.5600,29.1300,26.5200,26.7600,278251
2010-12-31,28.7800,29.2900,28.1300,28.2100,114726
2010-12-23,28.7300,29.1400,27.6100,28.9400,229422
2010-12-17,29.0100,29.1400,28.0000,28.4500,378519
2010-12-10,26.9500,29.6400,26.8700,29.0100,239348
2010-12-03,25.5400,27.3000,24.6200,27.0900,261274
2010-11-26,25.0500,25.9000,24.7800,25.8500,83021
2010-11-19,25.1400,25.4000,24.2600,25.0500,214104
2010-11-12,24.8400,25.5200,24.4000,25.0200,172475
2010-11-05,24.5600,25.0700,24.4000,24.9400,165985
2010-10-29,24.9100,25.0000,24.3600,24.5500,147586
2010-10-22,24.6500,24.9900,24.2400,24.7000,143823
2010-10-15,23.7800,25.1000,23.5400,24.5200,137363
2010-10-08,23.4800,24.5000,22.9100,23.8500,146726
2010-10-01,24.0100,24.3200,22.9400,23.4200,168000
2010-09-24,23.5700,24.3200,22.5800,23.9400,283821
2010-09-17,22.7400,23.9300,22.7200,23.5900,293629
2010-09-10,22.4900,23.0100,22.0000,22.5400,119319
2010-09-03,22.1400,22.8700,21.8100,22.6400,297570
2010-08-27,21.7800,22.2300,20.0800,22.1700,182221
2010-08-20,22.5000,22.9900,21.0600,21.7100,220384
2010-08-13,24.3900,24.3900,22.5000,22.5000,225629
2010-08-06,25.1700,25.9700,23.9000,24.2900,229453
2010-07-30,25.0000,26.1300,24.3900,24.8600,250549
2010-07-23,22.6400,24.8800,22.6000,24.8300,270726
2010-07-16,23.7600,23.9900,22.7600,22.8200,191260
2010-07-09,24.4000,24.4000,22.8000,23.9100,215526
2010-07-02,24.0300,24.3600,23.0700,24.1300,298962
2010-06-25,25.0000,25.2600,23.6100,23.9900,397037
2010-06-18,24.3700,25.0000,23.8600,24.7800,430015
2010-06-11,23.0500,24.1400,22.4100,24.0800,312120
2010-06-04,24.6700,24.6700,22.8400,22.9900,364385
2010-05-28,23.9300,24.9200,22.6650,24.6800,412267
2010-05-21,24.2000,25.0900,23.5000,24.0200,511882
2010-05-14,22.6200,24.2000,22.0050,24.1300,438874
2010-05-07,24.1500,24.5000,21.5000,21.5400,540237
2010-04-30,23.8300,25.1100,23.0600,24.1500,436770
2010-04-23,23.4300,23.9500,22.2100,23.9500,392801
2010-04-16,22.6800,23.7500,22.5600,23.5900,484119
2010-04-09,22.7400,23.0700,22.0800,22.6200,187526
2010-04-01,21.9900,23.1700,21.8900,22.6900,308562
2010-03-26,21.6000,22.4600,21.4464,22.0000,209570
2010-03-19,21.0100,21.8400,20.7200,21.7100,472860
2010-03-12,21.4600,21.8300,21.4600,21.7000,289097
2010-03-05,21.2500,21.8200,21.2500,21.5300,398074
2010-02-26,21.8100,22.0000,20.8401,21.0400,335289
2010-02-19,21.1500,21.9800,21.0000,21.8100,173896
2010-02-12,20.9200,21.2000,20.5200,21.1400,340031
2010-02-05,20.8200,21.0600,20.2000,20.9200,448356
2010-01-29,19.5300,21.1800,19.3000,20.5900,429828
2010-01-22,19.1300,19.6800,18.8900,19.3800,320977
2010-01-15,19.7900,20.1300,19.0200,19.1500,252236
2010-01-08,19.8200,20.0000,18.6400,19.5600,522253
2009-12-31,19.8500,20.0000,19.4900,19.4900,177511
2009-12-24,19.8600,19.9800,19.4600,19.8800,142992
2009-12-18,19.1600,19.8100,18.9700,19.8100,429481
2009-12-11,19.3100,19.3800,18.4900,19.0200,385541
2009-12-04,18.9100,19.9700,18.5600,19.2600,655230
2009-11-27,19.6800,20.1200,18.8100,19.0100,170074
2009-11-20,20.0500,20.6300,19.1800,19.5900,363496
2009-11-13,19.5000,20.5000,19.4700,19.8300,329748
2009-11-06,18.1800,19.5000,18.1600,19.4200,593986
2009-10-30,19.0400,19.4500,18.0000,18.0100,329362
2009-10-23,18.9400,19.3400,18.3000,18.9700,423112
2009-10-16,18.8700,19.0500,18.1500,18.8100,291348
2009-10-09,19.0400,20.6499,18.2400,18.7000,682133
2009-10-02,20.3900,20.8500,19.0300,19.0500,543260
2009-09-25,20.8500,21.0800,19.9900,20.3400,375852
2009-09-18,20.2300,21.4199,20.1700,20.9900,913778
2009-09-11,20.3900,20.4700,19.7500,20.3200,308118
2009-09-04,21.1100,21.5500,20.0100,20.3200,354665
2009-08-28,21.8200,22.0000,21.1000,21.2400,386904
2009-08-21,21.3000,22.3200,21.0300,21.7500,2278961
2009-08-14,20.6000,22.2100,19.7300,21.7100,833985
2009-08-07,19.6800,21.2000,19.5200,20.8000,388326
2009-07-31,19.5500,20.1800,19.3000,19.6100,287853
2009-07-24,20.3000,20.4400,19.2800,19.5500,542400
2009-07-17,18.8300,20.5400,18.5730,20.1600,418281
2009-07-10,19.9100,20.2000,18.5700,18.8100,205095
2009-07-02,20.3200,21.3700,18.4500,20.0000,230727
2009-06-26,18.9400,20.4200,18.5600,20.2800,410016
2009-06-19,20.8700,21.0010,18.9300,18.9900,310726
2009-06-12,21.6700,21.9000,20.2300,21.0200,216148
2009-06-05,20.8600,21.9300,20.6000,21.6900,599023
2009-05-29,20.3000,21.1700,20.1000,20.8000,290964
2009-05-22,20.2900,21.2000,20.1200,20.3700,447527
2009-05-15,20.6500,20.8700,19.5200,19.9500,429956
2009-05-08,19.2200,21.0700,18.6700,21.0000,792917
2009-05-01,17.7500,19.8800,17.7500,18.8900,471228
2009-04-24,17.1200,18.4191,16.1900,17.9600,586399
2009-04-17,17.4700,17.8400,15.9500,17.6100,398043
2009-04-09,18.2800,18.2800,16.6100,17.8000,283468
2009-04-03,18.0200,19.1400,16.6700,18.5000,512297
2009-03-27,18.2000,19.5500,17.2300,18.0300,454755
2009-03-20,18.3300,19.1600,17.5300,17.7500,460621
2009-03-13,15.1400,19.4400,14.6900,18.1600,776712
2009-03-06,15.2900,16.1699,14.5400,15.2700,488386
2009-02-27,15.8200,17.3600,15.3200,15.5200,398014
2009-02-20,17.5400,17.6200,15.5800,15.7500,354015
2009-02-13,19.0100,19.4800,17.0000,18.0600,237274
2009-02-06,17.9300,19.3300,17.5500,19.1500,395377
2009-01-30,17.1100,19.5100,17.0100,18.1200,397067
2009-01-23,18.6100,18.7000,16.7000,17.1400,377393
2009-01-16,20.0200,20.1250,17.4300,18.9600,662430
2009-01-09,20.8200,21.1400,19.5000,20.1000,1099643
2009-01-02,20.3100,21.7399,19.7400,20.8800,813540
2008-12-26,20.3300,21.0000,19.6000,20.4600,527259
2008-12-19,20.2800,20.7700,18.6401,20.1400,843466
2008-12-12,20.5700,21.2800,17.0000,20.2300,1166192
2008-12-05,18.7700,20.6100,16.6000,20.0000,937364
2008-11-28,16.1800,19.8200,16.0200,19.0400,723289
2008-11-21,16.4800,17.7800,14.7400,15.8700,737927
2008-11-14,19.4800,21.3700,16.5000,16.6000,966458
2008-11-07,16.4500,19.6900,16.3700,19.0900,684711
2008-10-31,14.1700,16.5100,12.7900,16.4900,438310
2008-10-24,15.5400,15.8800,13.5100,14.3200,310194
2008-10-17,16.9700,17.4900,14.0100,15.3500,537985
2008-10-10,16.4400,17.0100,13.0100,16.1300,683289
2008-10-03,18.7500,19.9400,16.9300,17.0300,597007
2008-09-26,21.4700,21.5000,18.3900,19.1200,634549
2008-09-19,19.1900,22.4800,18.0000,21.5000,890815
2008-09-12,19.7900,20.4500,18.5100,19.7600,389036
2008-09-05,21.8300,21.8700,19.0500,19.4200,351999
2008-08-29,21.3200,21.8600,19.6200,21.3600,473126
2008-08-22,21.9800,22.2000,20.5100,21.4100,377422
2008-08-15,21.5500,23.0000,20.2600,21.9800,838578
2008-08-08,18.8200,21.7020,17.3600,21.6600,835704
2008-08-01,18.8500,19.4400,17.7500,18.8700,469127
2008-07-25,17.2700,19.7000,17.2100,18.9300,666104
2008-07-18,17.7600,18.3000,16.7000,17.2500,502579
2008-07-11,18.1000,18.4900,16.6900,17.2000,658608
2008-07-03,19.3500,20.2600,17.6400,18.0600,450934
2008-06-27,20.0500,20.2100,18.7000,19.3800,861985
2008-06-20,20.8500,21.4300,19.0300,19.9200,647940
2008-06-13,21.5900,22.0900,20.1900,21.2400,629066
2008-06-06,21.0400,22.9800,20.3800,21.5600,665748
2008-05-30,20.1300,21.3000,19.8900,21.0200,419318
2008-05-23,19.8800,20.4800,19.4400,20.0700,583201
2008-05-16,20.3100,21.4099,19.1000,19.9300,595940
2008-05-09,18.6100,20.3900,17.9300,20.2500,398577
2008-05-02,18.7100,19.4300,18.0000,18.6100,381364
2008-04-25,19.2200,19.5000,17.9900,18.7700,297007
2008-04-18,17.5800,19.4000,17.4700,19.3400,305659
2008-04-11,18.9500,19.6100,17.6100,17.6200,362518
2008-04-04,19.6600,20.8400,18.7300,19.1100,535467
2008-03-28,18.9700,20.7500,18.5500,19.5600,453837
2008-03-20,16.7300,19.0400,16.7300,18.8600,639763
2008-03-14,17.6200,17.9600,16.5900,17.2000,394875
2008-03-07,16.3500,18.2800,16.3200,17.5200,414963
2008-02-29,16.8200,17.7400,16.3500,16.5100,266103
2008-02-22,16.9400,17.6500,16.6500,16.8000,189896
2008-02-15,17.7100,18.0300,16.6900,16.7100,626904
2008-02-08,18.6900,18.9000,16.8600,17.6700,388890
2008-02-01,16.9500,18.6700,16.4100,18.6400,298282
2008-01-25,15.5300,18.2100,15.3900,17.0200,364267
2008-01-18,17.0100,17.6900,15.7500,15.8800,378370
2008-01-11,17.7400,19.0200,16.5600,16.8000,398933
2008-01-04,20.1500,20.6400,17.4900,17.6200,383141
2007-12-28,21.1000,21.9600,19.5680,20.3300,240415
2007-12-21,18.6000,21.1000,18.6000,21.1000,540799
2007-12-14,19.1900,19.4700,18.6100,18.7500,460919
2007-12-07,19.0300,19.8000,18.1500,19.1300,501984
2007-11-30,18.7600,19.4000,17.3400,19.0300,631497
2007-11-23,18.1800,19.0500,17.6500,18.7900,386934
2007-11-16,17.8500,18.8600,17.5600,18.3100,720090
2007-11-09,17.0400,18.0100,16.0000,17.8000,525305
2007-11-02,18.0000,18.4100,16.7300,17.2700,383377
2007-10-26,17.1600,18.0400,16.5500,17.7900,612325
2007-10-19,20.2500,20.2500,17.3300,17.3800,398046
2007-10-12,20.5900,20.9500,19.9300,20.2500,235260
2007-10-05,19.6900,21.0000,19.5601,20.7100,363704
2007-09-28,20.8800,21.3300,19.5000,19.7300,287229
2007-09-21,18.7400,21.2600,18.4400,20.9200,407526
2007-09-14,20.3201,20.3700,18.4000,18.6100,334784
2007-09-07,20.9600,22.3500,20.0200,20.2100,356296
2007-08-31,20.5400,21.2000,19.7600,20.9400,243911
2007-08-24,32.0500,32.0500,19.9300,20.5400,342884
2007-08-17,32.2300,33.6400,29.4900,32.0000,337285
2007-08-10,32.4200,35.0200,30.0900,32.2200,766341
2007-08-03,29.1200,33.7500,29.0700,32.2200,401383
2007-07-27,32.8200,33.1900,29.1300,29.1300,357334
2007-07-20,34.1600,35.0600,32.5224,32.7200,328930
2007-07-13,32.2500,34.1800,31.0000,33.6200,318164
2007-07-06,31.9900,32.9500,31.5000,32.2500,212129
2007-06-29,30.8200,32.3100,30.2000,31.8500,320415
2007-06-22,29.3600,31.1500,29.1500,30.8500,341354
2007-06-15,29.4800,29.7200,28.6000,29.1500,215388
2007-06-08,29.9500,30.0000,28.2600,29.4200,170153
2007-06-01,27.5900,30.0100,27.5900,29.9700,235161
2007-05-25,27.6100,30.4000,27.5800,27.6400,307715
2007-05-18,29.7900,30.1400,27.4600,27.6800,277196
2007-05-11,25.8000,29.6400,25.3000,29.5600,433601
2007-05-04,25.1000,26.2500,24.5200,25.9000,109215
2007-04-27,24.6300,26.6800,24.6300,25.2000,104415
2007-04-20,25.1800,26.1000,24.6600,25.1000,122983
2007-04-13,25.6700,26.1800,24.4560,25.0000,172643
2007-04-05,26.0900,26.2000,25.5000,25.7200,52069
2007-03-30,26.9500,27.2500,25.1600,26.1300,175823
2007-03-23,26.8700,27.6700,26.6100,26.8400,121975
2007-03-16,26.5300,28.8400,24.5500,26.7500,228504
2007-03-09,27.0000,27.0000,25.4899,26.3400,152415
2007-03-02,28.5600,28.8000,27.1000,27.1800,211971
2007-02-23,28.3700,29.7000,28.0516,28.3400,162846
2007-02-16,27.9000,28.6000,27.6000,28.3900,221157
2007-02-09,27.7950,27.9400,27.1500,27.8600,57719
2007-02-02,27.6000,27.9800,27.0200,27.8000,81739
2007-01-26,27.2000,27.9900,26.4500,27.7100,106114
2007-01-19,28.1600,28.2800,26.2700,27.4800,153936
2007-01-12,26.3100,28.3700,25.6500,27.9900,142657
2007-01-05,26.5200,27.2000,26.0000,26.2500,95210
2006-12-29,25.2100,27.4500,25.2100,26.2800,53038
2006-12-22,26.2900,26.3800,24.1100,25.6800,125471
2006-12-15,27.7100,27.7900,25.9500,26.4100,126459
2006-12-08,27.9800,28.2500,27.4500,27.7500,135665
2006-12-01,27.5000,28.0000,25.6200,27.8800,156327
2006-11-24,28.0000,28.5000,27.5100,28.0900,41285
2006-11-17,26.0300,29.3000,26.0300,27.9200,167388
2006-11-10,23.5600,26.2300,21.0200,26.1100,241977
2006-11-03,23.0600,23.9900,21.2799,23.3500,117432
2006-10-27,23.7300,24.1800,23.1500,23.2500,63468
2006-10-20,24.0600,24.8400,23.2100,23.9700,102164
2006-10-13,23.8400,24.3400,23.6200,23.9300,164919
2006-10-06,23.0700,25.0000,22.7200,23.9700,109294
2006-09-29,21.8500,23.9200,21.6200,22.8100,87270
2006-09-22,22.5700,23.1700,21.7000,21.7100,88297
2006-09-15,21.3800,24.0000,21.3800,22.7400,146984
2006-09-08,24.3800,25.0800,21.4100,21.4100,119112
2006-09-01,22.0100,24.7100,21.9200,24.2200,98075
2006-08-25,23.0000,23.7200,21.6000,21.9600,93274
2006-08-18,22.4200,23.9500,22.0000,23.2200,93413
2006-08-11,23.9100,24.6300,22.0700,22.1400,136376
2006-08-04,23.2600,24.7900,22.3400,24.1600,149728
2006-07-28,23.7700,24.5399,22.8001,23.9200,175427
2006-07-21,21.9800,25.5900,21.9800,23.5900,181333
2006-07-14,24.1000,25.5100,21.8000,22.2000,121719
2006-07-07,25.9900,27.0050,23.7900,24.0000,127962
2006-06-30,21.2500,26.1600,21.2500,25.6600,239012
2006-06-23,21.9900,22.0800,21.1000,21.2900,81067
2006-06-16,22.3000,23.3299,20.2100,21.9400,334835
2006-06-09,24.0900,24.5400,21.6000,22.5100,143764
2006-06-02,23.6200,24.3900,22.9900,24.3500,54084
2006-05-26,23.8000,24.9100,21.0200,24.0100,100741
2006-05-19,26.2500,26.7900,23.9600,24.0500,111783
2006-05-12,27.6100,28.9600,26.2500,26.2700,222835
2006-05-05,27.2500,27.8000,26.9500,27.7500,83594
2006-04-28,23.9900,27.8700,23.7200,27.4200,251320
2006-04-21,24.2500,25.0000,23.6300,24.1500,147082
2006-04-13,24.5500,24.6300,23.8100,24.1000,75675
2006-04-07,23.6900,24.9400,23.6000,24.4100,154095
2006-03-31,22.8200,23.9100,22.6000,23.9100,100070
2006-03-24,22.2300,22.8100,21.7701,22.7200,45847
2006-03-17,22.5000,22.9600,21.6600,22.0800,126124
2006-03-10,21.3000,22.5000,21.0300,22.4700,122489
2006-03-03,22.0000,22.1600,21.3000,21.4300,142439
2006-02-24,20.8860,22.1399,20.7600,21.8800,337225
2006-02-17,20.1000,20.9300,18.6800,20.7300,232968
2006-02-10,19.4599,20.2500,19.0300,20.0300,179220
2006-02-03,19.8000,19.8000,19.0000,19.1600,88850
2006-01-27,18.6100,19.9900,18.2800,19.9900,178371
2006-01-20,18.2100,18.7500,17.4800,18.2500,57561
2006-01-13,17.8000,18.5000,17.8000,18.4500,75813
2006-01-06,18.0000,18.4500,17.6600,18.1000,34707
2005-12-30,18.0100,18.2000,17.6600,17.8800,39231
2005-12-23,18.0600,18.5500,17.7300,17.9400,88614
2005-12-16,17.9500,18.6600,17.8000,18.4600,108741
2005-12-09,17.7800,18.2310,17.5200,18.1500,70856
2005-12-02,16.6600,17.7800,16.6600,17.6500,51241
2005-11-25,16.9000,17.0500,16.6100,16.8000,24652
2005-11-18,17.3100,17.4200,16.2100,16.9200,74331
2005-11-11,17.8100,17.9300,16.8701,17.6300,55327
2005-11-04,16.2200,17.7000,16.2200,17.6300,81659
2005-10-28,16.4300,17.9600,16.1200,16.2700,157492
2005-10-21,17.0200,17.1900,16.1000,16.8200,106370
2005-10-14,17.7200,17.7200,17.0000,17.3000,161423
2005-10-07,18.4100,18.5000,17.1830,17.7300,121186
2005-09-30,18.0200,18.5000,17.6000,18.3800,72989
2005-09-23,18.0300,18.1100,17.1700,17.8900,91556
2005-09-16,18.0000,18.1900,17.7500,18.0900,130688
2005-09-09,17.8500,18.1200,17.6300,18.0000,55428
2005-09-02,17.9600,18.7500,17.7500,17.9600,85709
2005-08-26,17.5000,18.6300,17.2000,18.1200,155339
2005-08-19,16.3700,17.7500,16.2200,17.4500,93433
2005-08-12,17.1800,17.1800,16.1500,16.2800,137186
2005-08-05,19.2300,19.4600,15.6000,16.9000,629235
2005-07-29,19.2500,19.3900,18.5700,19.2000,64099
2005-07-22,17.9900,19.2500,17.8700,19.2500,72771
2005-07-15,19.0000,19.3400,17.8000,18.3400,64851
2005-07-08,18.0100,18.9600,17.8600,18.9300,80593
2005-07-01,17.9000,18.9300,17.5100,18.1100,117848
2005-06-24,18.4480,19.0000,17.9500,17.9500,118223
2005-06-17,18.1300,18.4400,17.7400,18.4200,122410
2005-06-10,18.7000,18.7100,17.7600,18.2500,51992
2005-06-03,18.0000,18.7500,17.2100,18.1100,130253
2005-05-27,17.9700,18.8290,17.3500,17.9000,89601
2005-05-20,17.1000,18.4900,17.0000,17.9700,295112
2005-05-13,17.2800,18.0600,16.9800,17.0000,76919
2005-05-06,18.4100,18.6200,16.9400,17.3700,243457
2005-04-29,17.1300,18.5000,17.0800,18.2700,164544
2005-04-22,17.2500,17.5000,16.7700,16.9600,160613
2005-04-15,16.1000,17.3300,16.0100,17.0000,116741
2005-04-08,16.2100,16.5000,16.1000,16.1500,52722
2005-04-01,16.2500,16.4700,15.8800,16.3400,70380
2005-03-24,15.9900,16.3000,15.7800,16.0700,97462
2005-03-18,15.1600,16.1200,15.1600,15.7800,117769
2005-03-11,15.2400,15.5000,14.9600,15.3800,59083
2005-03-04,14.8900,15.4000,14.8400,15.2100,78421
2005-02-25,15.0100,15.4500,14.6000,15.0900,48909
2005-02-18,15.2000,15.7500,14.6500,15.1000,116346
2005-02-11,14.4000,20.3000,14.3600,15.0000,119902
2005-02-04,14.3600,14.8400,14.0100,14.6200,89166
2005-01-28,13.9000,14.4000,13.9000,14.3600,51101
2005-01-21,14.0000,14.7300,13.6800,14.0900,60681
2005-01-14,14.2100,14.6900,14.0100,14.5300,59339
2005-01-07,16.5000,16.9900,14.2500,14.4400,179419
2004-12-31,14.8000,16.4500,14.5000,16.0700,92129
2004-12-23,14.2600,15.0500,14.2600,14.8800,62282
2004-12-17,14.3700,14.7000,14.0100,14.5400,72850
2004-12-10,15.4700,15.5400,13.5700,14.1600,149156
2004-12-03,15.9000,16.2200,15.2100,15.4700,59655
2004-11-26,15.5000,16.5900,15.5000,16.0010,26449
2004-11-19,16.0100,16.5000,15.6400,15.6900,78123
2004-11-12,16.3200,16.5000,15.6210,16.5000,65778
2004-11-05,14.6900,16.5000,14.5300,15.7500,160080
2004-10-29,15.3900,15.9100,14.6000,14.7000,102064
2004-10-22,17.0000,17.1400,15.2700,15.2700,102559
2004-10-15,17.1500,17.9090,16.6300,17.0300,50193
2004-10-08,17.5000,18.2600,17.1000,17.1600,58489
2004-10-01,17.9300,18.2100,17.1000,17.5500,65383
2004-09-24,18.5400,18.7900,18.0000,18.1800,46045
2004-09-17,17.8100,19.0000,17.3700,18.7300,85156
2004-09-10,17.4800,18.0100,16.5000,18.0100,63843
2004-09-03,17.1100,18.4600,16.5500,17.0000,53493
2004-08-27,16.8200,17.9000,15.9900,17.5000,87646
2004-08-20,16.9000,17.8800,16.5700,17.1900,92465
2004-08-13,16.0100,17.3000,15.4600,16.9400,101433
2004-08-06,17.9100,18.4200,15.9000,16.1200,106569
2004-07-30,18.0300,18.3100,17.4100,17.9100,121581
2004-07-23,18.1800,18.9500,17.7300,18.0000,121660
2004-07-16,19.0600,19.6400,18.7399,18.7500,110479
2004-07-09,18.8400,19.8700,18.8400,19.1400,51003
2004-07-02,19.6800,20.5000,19.0100,19.2000,72732
2004-06-25,18.8700,22.9100,18.8500,19.8700,119902
2004-06-18,19.9800,19.9800,18.8100,19.0100,115812
2004-06-10,19.6000,20.7000,19.6000,20.1700,46045
2004-06-04,19.0400,20.9500,19.0000,20.0000,104297
2004-05-28,19.7500,20.4300,19.1500,19.1600,65185
2004-05-21,19.7600,20.2600,19.1600,20.2600,126875
2004-05-14,19.4400,20.3000,19.0000,19.8000,77532
2004-05-07,19.8200,20.3900,19.0100,19.1100,61928
2004-04-30,20.2500,20.5000,19.5100,19.9400,86025
2004-04-23,19.0500,20.3800,18.5100,20.0200,168020
2004-04-16,20.3000,21.2500,18.9000,19.3100,68465
2004-04-08,20.2300,21.2500,20.2300,20.3900,118125
2004-04-02,20.4400,20.5700,19.5100,20.4900,83378
2004-03-26,19.6400,20.4200,18.6000,20.0300,79941
2004-03-19,20.2750,20.5100,19.6700,19.9700,106311
2004-03-12,20.2100,20.5000,20.0700,20.4300,68563
2004-03-05,20.2250,20.5500,20.0300,20.1200,41521
2004-02-27,19.5000,20.0690,19.5000,20.0200,123181
2004-02-20,19.2500,20.2000,18.7500,19.7700,53235
2004-02-13,19.9100,19.9100,17.2700,19.4800,271981
2004-02-06,18.8100,19.4700,18.3000,19.1200,120455
2004-01-30,21.9900,21.9900,19.0000,19.0400,83793
2004-01-23,21.1700,22.4290,20.7700,21.3700,189965
2004-01-16,19.7500,22.0500,19.2500,22.0300,254875
2004-01-09,18.7000,20.0000,18.6200,19.6300,110164
2004-01-02,19.2900,19.4900,18.3200,18.9300,64810
2003-12-26,18.3700,18.9800,18.1000,18.8000,18370
2003-12-19,17.9500,19.4100,17.9500,18.5000,63211
2003-12-12,17.5100,19.3100,17.5100,19.3100,54479
2003-12-05,17.5900,19.2500,17.5900,18.2400,55231
2003-11-28,18.1500,19.8100,17.9600,18.7500,51813
2003-11-21,19.1800,19.2800,17.5800,18.2400,107992
2003-11-14,19.1250,20.7900,18.9500,19.2400,78954
2003-11-07,18.7400,19.3000,18.4600,19.0100,44879
2003-10-31,17.9500,18.9500,17.7500,18.5000,93807
2003-10-24,18.3500,18.6900,17.1700,17.8010,111684
2003-10-17,17.9200,18.8500,17.9200,18.5500,68011
2003-10-10,17.4900,18.4800,17.2500,17.9700,82390
2003-10-03,16.1800,17.7700,16.1500,17.6900,72317
2003-09-26,17.3800,17.5100,16.2300,16.4300,120218
2003-09-19,17.5000,18.0900,17.4100,17.5000,89127
2003-09-12,18.2490,18.5000,17.4200,17.5700,156643
2003-09-05,18.1400,18.4600,18.0900,18.2300,94696
2003-08-29,18.7000,18.7500,18.1000,18.1100,89403
2003-08-22,18.7500,18.7500,18.2300,18.5000,66252
2003-08-15,17.7500,18.7400,17.5000,18.7190,43735
2003-08-08,18.5700,18.7500,17.7600,17.8300,135073
2003-08-01,17.3400,18.7000,17.2500,18.4000,123239
2003-07-25,18.3000,18.3400,17.0900,17.3200,170806
2003-07-18,19.6000,19.9600,17.5390,18.1200,204840
2003-07-11,19.3500,19.9500,18.8100,19.4400,161285
2003-07-03,18.9300,19.5000,17.7900,18.8100,169580
2003-06-27,17.9600,19.0000,17.9600,18.5700,210233
2003-06-20,19.0800,19.0900,17.0900,17.9800,110459
2003-06-13,19.5000,19.6900,18.1300,19.1710,173275
2003-06-06,14.9700,19.7700,14.9700,19.6390,191309
2003-05-30,14.0300,15.7000,14.0000,15.3300,198538
2003-05-23,14.6500,14.7450,13.8700,14.2100,99616
2003-05-16,15.3900,15.8000,14.6500,14.6500,96474
2003-05-09,14.0050,15.3900,13.7100,15.3800,141057
2003-05-02,14.0500,14.3000,13.5500,14.1900,61788
2003-04-25,13.1500,14.2000,13.1000,14.0400,110538
2003-04-17,13.4800,13.4800,12.4400,13.3590,174558
2003-04-11,13.3000,13.5000,13.1200,13.1200,32613
2003-04-04,13.6000,13.6100,12.5000,13.3100,67694
2003-03-28,13.6000,13.8000,13.1500,13.4000,31349
2003-03-21,13.9200,14.4500,13.4500,14.0100,76503
2003-03-14,13.7500,14.2000,13.4100,14.0300,50667
2003-03-07,14.0400,14.2700,13.1000,13.8500,115912
2003-02-28,14.4500,14.5000,13.4300,14.1700,66805
2003-02-21,13.4000,14.5600,13.2500,14.5200,57680
2003-02-14,15.5500,16.2200,11.9900,13.5500,139774
2003-02-07,16.0100,16.6600,15.5900,15.7200,204129
2003-01-31,17.9100,18.1900,15.5100,16.1900,71842
2003-01-24,18.9800,18.9800,18.0000,18.0900,23902
2003-01-17,18.7500,18.8000,17.8000,18.6500,60861
2003-01-10,18.8600,19.4900,17.8000,18.4900,66528
2003-01-03,18.1500,19.2000,17.9100,18.8600,50786
2002-12-27,18.4900,19.4000,17.5000,18.1200,120435
2002-12-20,18.0900,18.5500,16.3600,18.5000,53057
2002-12-13,19.0100,19.5100,17.7600,17.8500,53255
2002-12-06,19.5200,20.8800,18.4100,18.8000,49977
2002-11-29,20.9900,21.0000,19.5200,19.6000,44425
2002-11-22,18.7000,21.0000,18.6000,21.0000,86756
2002-11-15,19.1500,19.1500,17.8500,18.6500,241344
2002-11-08,19.8000,19.8800,17.9200,18.7200,71368
2002-11-01,18.5000,19.8000,18.4100,19.6000,114568
2002-10-25,17.9200,19.0000,17.5000,19.0000,66825
2002-10-18,16.2000,17.7900,16.2000,17.5000,171201
2002-10-11,16.5600,17.1900,15.5000,16.2000,63941
2002-10-04,16.3100,17.3100,16.1000,16.6300,44564
2002-09-27,16.0500,17.7600,15.8000,17.0400,81700
2002-09-20,16.9000,17.0000,15.4000,16.0000,139932
2002-09-13,16.4300,17.3400,16.1600,17.1500,68206
2002-09-06,18.0000,18.0000,15.9000,16.4800,68781
2002-08-30,17.8800,18.3000,16.7000,18.0000,163200
2002-08-23,16.5000,18.0600,16.5000,17.8000,172683
2002-08-16,16.1000,17.1000,15.7000,16.1400,119942
2002-08-09,16.2600,17.0000,16.0300,16.9700,89166
2002-08-02,17.9800,17.9900,16.0500,16.5900,85196
2002-07-26,15.3000,17.9900,15.2000,17.9900,182598
2002-07-19,17.1000,17.5000,15.2000,15.5800,185424
2002-07-12,18.3400,18.5000,16.1900,17.5100,208455
2002-07-05,18.4000,18.7000,16.2500,18.3400,199546
2002-06-28,21.3800,21.3800,17.7500,18.7700,767171
2002-06-21,19.6000,21.3700,19.3300,20.4600,140011
2002-06-14,20.4700,20.7000,18.4100,19.2200,143031
2002-06-07,29.1700,30.1700,18.0200,20.0000,141249
2002-05-31,30.5000,32.0500,29.0000,29.6800,117479
2002-05-24,32.0000,32.0000,29.0000,29.8800,89533
2002-05-17,28.9700,32.0500,28.9700,31.4000,86808
2002-05-10,32.0500,32.0500,28.8000,29.0500,110406
2002-05-03,30.0000,32.8000,28.7500,32.0500,99781
2002-04-26,28.4900,33.1800,28.0000,30.0000,183874
2002-04-19,25.6500,29.4500,25.6500,28.6200,327704
2002-04-12,26.5900,26.5900,25.0500,25.7500,101846
2002-04-05,27.3000,27.3000,26.0000,26.6000,136111
2002-03-28,26.0100,27.9900,25.7000,27.1000,201561
2002-03-22,24.6900,26.2500,24.3500,26.2500,88928
2002-03-15,25.4300,26.0000,24.6100,24.7000,132622
2002-03-08,24.0000,25.3500,23.8800,25.2700,201785
2002-03-01,20.3000,24.8800,20.3000,24.0900,263177
2002-02-22,20.1400,20.6500,19.8000,20.4500,190973
2002-02-15,21.9900,22.5000,19.6000,20.0500,185561
2002-02-08,19.8800,22.0000,19.5000,21.9000,211370
2002-02-01,20.1400,20.1400,19.4500,19.7500,32316
2002-01-25,20.7000,20.7000,19.3500,20.0800,51385
2002-01-18,20.8000,20.8000,19.2500,20.0000,53649
2002-01-11,20.7700,21.0500,20.6000,21.0000,81804
2002-01-04,23.5000,26.3500,20.1500,21.0000,394522
2001-12-28,21.2500,23.4500,21.2500,23.4500,49567
2001-12-21,20.6200,21.7000,20.2100,21.7000,91695
2001-12-14,20.0500,21.0300,20.0000,20.5000,76049
2001-12-07,21.4900,21.4900,19.9700,20.1500,27036
2001-11-30,21.6000,22.0000,20.2100,21.1000,108390
2001-11-23,20.0600,21.9000,19.8500,21.0000,68254
2001-11-16,17.9000,20.5000,17.2600,20.0000,56257
2001-11-09,16.9900,18.9800,16.9500,18.2500,53570
2001-11-02,16.9300,17.7000,16.5500,17.0000,38426
2001-10-26,17.0100,17.2500,15.0600,17.0000,246373
2001-10-19,18.2900,18.2900,16.9700,17.0100,141946
2001-10-12,18.2400,19.3100,16.2500,17.3600,243292
2001-10-05,19.0000,21.2900,17.5000,18.0000,73402
2001-09-28,27.0900,31.3500,27.0900,29.3000,117509
2001-09-21,29.2600,29.2700,20.6000,27.1100,309211
2001-09-10,31.3300,31.3900,29.0300,30.2500,63579
2001-09-07,30.7000,33.8500,30.4500,32.0000,173573
2001-08-31,31.0000,31.0000,30.4000,30.5000,161255
2001-08-24,30.2500,31.2100,29.2500,30.9500,166005
2001-08-17,30.0800,30.9800,28.3600,30.2000,184854
2001-08-10,30.2500,31.3500,29.9000,30.1700,155462
2001-08-03,30.2000,32.3500,29.7500,30.4000,201244
2001-07-27,29.9500,30.2500,29.5000,30.0300,270293
2001-07-20,28.1900,29.6000,27.2500,29.5900,280609
2001-07-13,26.5000,28.2000,26.4000,27.2500,173915
2001-07-06,25.6000,26.4900,25.0000,26.4000,86799
2001-06-29,24.5000,28.9500,24.4900,25.9500,257869
2001-06-22,24.1000,24.4900,22.5000,24.4000,39155
2001-06-15,23.2500,25.0000,23.1000,24.0000,62516
2001-06-08,23.5000,24.7500,23.0000,23.7800,131134
2001-06-01,23.5000,23.5000,22.3700,23.2500,49417
2001-05-25,21.2300,23.2600,21.2300,23.0000,78450
2001-05-18,20.7500,21.9900,20.6000,21.7500,65273
2001-05-11,19.1000,22.0000,19.0000,20.9000,162749
2001-05-04,19.2000,19.2000,18.0000,19.1500,91513
2001-04-27,18.6100,19.2000,18.4000,19.0000,137762
2001-04-20,18.2000,19.2000,17.5000,19.0000,96562
2001-04-12,18.0000,19.3900,18.0000,18.2000,24845
2001-04-06,19.3800,19.3800,16.7500,17.8800,22852
2001-03-30,18.9400,19.3800,18.5000,19.3800,40621
2001-03-23,19.1300,20.2500,18.6300,19.2500,39558
2001-03-16,19.4800,19.5000,19.0000,19.1300,16698
2001-03-09,19.0600,19.5000,19.0000,19.0000,11702
2001-03-02,20.7500,20.7500,18.8100,19.3100,59067
2001-02-23,20.5000,21.0000,19.7500,20.0000,24573
2001-02-16,20.9400,21.6900,20.7500,21.6300,21167
2001-02-09,22.8800,22.9400,19.7500,21.0000,48934
2001-02-02,24.2300,26.7500,22.1300,23.2500,58469
2001-01-26,21.0200,25.3800,21.0200,22.1300,71585
2001-01-19,21.0000,22.2500,21.0000,22.2500,37154
2001-01-12,20.0200,20.6900,19.1900,20.1900,91206
2001-01-05,17.6900,21.0000,17.6300,20.0000,63025
2000-12-29,17.7500,18.7500,17.5000,17.6900,39401
2000-12-22,21.5000,21.9400,15.5000,18.0000,45230
2000-12-15,22.3800,22.3800,21.5000,21.6300,52061
2000-12-08,22.5200,23.3800,22.3800,22.3800,8586
2000-12-01,22.5000,23.9400,21.5000,23.5000,35275
2000-11-24,23.0000,23.7500,22.5000,22.6300,14021
2000-11-17,23.5300,23.8800,23.0000,23.0000,20746
2000-11-10,22.6900,24.0000,22.6900,23.6900,30472
2000-11-03,21.1400,24.2500,19.6300,22.6300,166339
2000-10-27,24.2500,24.2500,21.1300,21.7500,51701
2000-10-20,22.8800,24.1300,22.3100,24.0000,81883
2000-10-13,23.0000,23.6900,22.8800,23.0000,43281
2000-10-06,25.5600,25.5600,22.8800,23.0000,76713
2000-09-29,22.9700,25.7500,22.7500,24.0000,66308
2000-09-22,22.4400,24.0000,22.4400,22.9400,37285
2000-09-15,22.8800,23.1300,22.1300,22.6300,44632
2000-09-08,24.8800,24.8800,21.8800,22.8100,64650
2000-09-01,24.3800,25.9400,24.0000,24.8100,42202
2000-08-25,25.0600,25.5000,24.6300,24.6300,39383
2000-08-18,26.0000,26.1900,25.2500,26.0000,47943
2000-08-11,25.0600,26.3100,25.0000,25.6900,21904
2000-08-04,24.5000,26.2500,23.8400,25.1300,38671
2000-07-28,23.7500,26.1300,23.7500,23.8800,37689
2000-07-21,23.5000,26.2500,23.5000,24.2500,81049
2000-07-14,24.0600,25.0000,23.2500,23.5000,114824
2000-07-07,24.3800,24.6300,24.0000,24.0000,34765
2000-06-30,24.0000,25.5600,23.7500,24.5000,59646
2000-06-23,27.2500,27.8800,23.5000,24.1900,232480
2000-06-16,26.6300,27.5000,25.5000,26.8100,58786
2000-06-09,25.0000,26.5000,21.8100,26.2500,173388
2000-06-02,22.5000,27.1300,21.5000,24.1300,301968
2000-05-26,21.3800,22.6300,20.3100,22.0000,67899
2000-05-19,19.8100,22.2500,19.8100,21.3800,36468
2000-05-12,20.8100,21.3800,19.7500,19.7500,187092
2000-05-05,21.5600,22.0000,20.0000,20.6900,147139
2000-04-28,20.9400,21.5000,19.7500,21.0000,114734
2000-04-20,19.5000,21.0600,19.2500,20.6900,161554
2000-04-14,19.8100,20.9400,19.3800,19.5000,128913
2000-04-07,17.7500,19.8800,17.2500,19.5000,70927
2000-03-31,17.7500,17.7500,17.1300,17.5600,36969
2000-03-24,18.0000,18.2500,17.3100,17.7500,188664
2000-03-17,18.3800,18.3800,17.5000,17.6300,143012
2000-03-10,16.6300,18.6300,16.5600,18.1300,183484
2000-03-03,17.8800,17.8800,16.2500,16.5600,83674
2000-02-25,17.8800,18.0000,17.5000,17.5000,275622
2000-02-18,18.2500,18.5000,16.0000,17.6300,112619
2000-02-11,16.5000,19.1900,15.7500,18.5000,396309
2000-02-04,16.3800,16.5000,14.7500,16.5000,189666
2000-01-28,14.5300,16.8800,14.0600,16.3800,1824519
2000-01-21,14.2200,14.6300,14.2200,14.5600,28761
2000-01-14,13.7500,14.0600,13.7500,14.0600,80057
