timestamp,open,high,low,close,volume
2018-02-27,10.9600,11.5800,10.8500,10.9100,138831
2018-02-23,11.6000,12.3250,10.5200,10.9000,553158
2018-02-16,11.6000,12.0877,11.2100,11.7200,570733
2018-02-09,12.5000,12.9800,11.2150,11.6800,321882
2018-02-02,13.5800,13.7500,12.5500,12.6300,284721
2018-01-26,13.2100,13.9100,13.0900,13.5200,172382
2018-01-19,13.4700,13.7400,12.3046,13.1400,145458
2018-01-12,13.1600,13.7500,12.7610,13.4800,310510
2018-01-05,12.8800,13.5000,12.8800,13.0400,236245
2017-12-29,12.5600,12.9500,12.4600,12.8000,265391
2017-12-22,12.6300,13.0900,11.8500,12.7500,789023
2017-12-15,12.3700,12.9900,11.9500,12.6300,574130
2017-12-08,11.8200,12.4200,11.4400,12.2700,717515
2017-12-01,11.3500,11.9100,10.8700,11.8500,409852
2017-11-24,10.6100,12.0000,10.2500,11.4800,256507
2017-11-17,12.0400,12.0400,10.2000,10.6100,668817
2017-11-10,11.3400,12.4300,11.3400,11.6000,369482
2017-11-03,11.7000,12.7600,10.8000,11.3200,530498
2017-10-27,11.6000,11.7000,11.2400,11.6500,165961
2017-10-20,11.7500,11.9000,11.0500,11.8700,247667
2017-10-13,11.3400,12.1000,11.0850,11.6100,426249
2017-10-06,10.1000,11.5000,10.1000,11.2600,456021
2017-09-29,10.0600,11.4700,10.0000,11.1700,449428
2017-09-22,10.9900,11.7000,9.6010,10.2400,387512
2017-09-15,9.2000,11.2300,9.0600,10.9300,373804
2017-09-08,8.2600,9.8900,8.0000,9.4200,462469
2017-09-01,7.9400,8.1900,6.9400,8.1800,1031872
2017-08-25,7.7000,8.6890,7.4000,7.4200,173177
2017-08-18,7.2800,7.7500,7.0900,7.6800,119575
2017-08-11,6.8000,7.7600,6.0300,7.1200,232102
2017-08-04,8.0300,8.1260,6.6600,6.7000,189698
2017-07-28,8.0800,8.3300,7.7300,7.7300,75523
2017-07-21,8.5600,8.9470,8.0000,8.0800,161912
2017-07-14,8.5600,8.8200,8.0200,8.6100,82219
2017-07-07,8.8000,9.0100,8.5700,8.5900,105784
2017-06-30,9.3100,9.4000,8.8000,8.8000,143713
2017-06-23,8.8000,9.4000,8.7700,9.3900,115366
2017-06-16,9.0200,9.0200,8.5100,8.5100,211745
2017-06-09,8.8900,9.5900,8.8100,9.2000,165870
2017-06-02,8.9000,8.9400,8.6700,8.8400,233760
2017-05-26,9.0000,9.1000,8.9000,8.9100,100893
2017-05-19,9.1000,9.4100,8.5700,8.8800,187111
2017-05-12,9.0500,9.2300,8.9000,9.1000,224376
2017-05-05,9.5000,9.7800,8.9100,9.0000,414106
2017-04-28,9.7300,9.8500,9.5000,9.5500,226213
2017-04-21,10.0300,10.3100,9.6500,9.6600,75432
2017-04-13,10.1000,10.4900,9.8200,10.1000,90484
2017-04-07,10.0100,10.5000,9.3700,10.0800,253509
2017-03-31,11.0000,11.8400,10.2700,10.3600,410695
2017-03-24,12.0400,12.0800,11.0100,11.0200,626082
2017-03-17,12.0000,12.5910,11.6100,12.0700,113564
2017-03-10,13.0900,13.0900,11.4500,11.8100,214455
2017-03-03,12.0100,13.3900,11.8400,12.9600,145210
2017-02-24,12.7100,13.0100,11.7810,11.8500,89356
2017-02-17,11.9900,13.6700,11.8060,12.7100,255843
2017-02-10,12.0500,12.2500,11.6200,12.0100,96801
2017-02-03,12.4200,12.7500,11.7000,12.1400,202188
2017-01-27,12.8200,12.8200,12.0300,12.1200,208969
2017-01-20,13.5000,13.7400,12.5900,12.6000,208115
2017-01-13,13.8800,14.0600,12.6800,13.5000,206603
2017-01-06,13.4300,13.8800,12.6600,13.6600,167963
2016-12-30,13.4800,13.8500,12.4000,12.9800,354411
2016-12-23,14.4000,14.8800,12.5500,13.2300,656565
2016-12-16,15.0000,15.0000,12.0000,14.3200,885688
2016-12-09,11.6000,15.0000,11.5300,14.9300,680553
2016-12-02,12.5800,13.4900,11.4800,11.5000,437003
2016-11-25,16.1600,16.2903,11.5000,12.6100,1094392
2016-11-18,15.4100,17.4700,14.2610,15.3000,534416
2016-11-11,11.8500,15.3900,10.3600,15.1100,1047385
2016-11-04,14.0421,14.7400,11.0700,11.8600,445677
2016-10-28,15.7500,16.2800,14.1801,14.5600,809413
2016-10-21,14.0000,15.8663,13.4800,15.6800,561866
2016-10-14,15.7500,15.7500,13.0100,13.9600,951340
2016-10-07,16.5000,18.9500,15.0800,15.8100,1413240
2016-09-30,15.6000,19.9700,15.5000,16.4700,2690790
