timestamp,open,high,low,close,volume
2018-02-27,11.1600,11.2600,11.0400,11.1600,13589
2018-02-23,11.0600,11.2595,10.7200,11.0700,53056
2018-02-16,11.2500,11.3600,10.8400,11.1700,77761
2018-02-09,13.2300,14.0200,10.3900,11.1400,195011
2018-02-02,13.7200,14.0000,13.1350,13.2100,57704
2018-01-26,13.7600,13.9900,13.3600,13.7800,62444
2018-01-19,14.0500,14.2300,13.7332,13.8400,47770
2018-01-12,14.8550,15.3000,13.6400,14.0300,80820
2018-01-05,14.7500,15.8000,14.2028,14.5400,55474
2017-12-29,14.5900,14.8400,13.9500,14.6500,43766
2017-12-22,14.9600,15.0900,14.0100,14.1400,61709
2017-12-15,12.6400,15.4100,12.5100,14.8400,317745
2017-12-08,14.0200,14.5440,12.5500,12.5600,111524
2017-12-01,14.4850,15.0900,13.9519,14.2600,97058
2017-11-24,15.4000,15.4410,14.6800,14.8100,38473
2017-11-17,15.3500,15.6500,15.0000,15.6400,89452
2017-11-10,15.3600,15.8158,15.1500,15.3900,45597
2017-11-03,15.6900,16.2100,14.9000,15.5500,146799
2017-10-27,16.2700,16.3750,15.5100,15.7300,54909
2017-10-20,16.6500,16.9500,16.0800,16.1500,48899
2017-10-13,16.8900,17.2300,16.3700,16.6600,73913
2017-10-06,16.5000,17.1900,16.4000,16.7800,137300
2017-09-29,16.5700,17.0400,16.2600,16.5100,73085
2017-09-22,17.0719,17.2100,16.2200,16.6500,176793
2017-09-15,17.9200,18.8342,16.2100,17.0000,185546
2017-09-08,17.3500,18.1500,17.2400,17.8600,101287
2017-09-01,17.0700,17.9800,16.9900,17.3700,176617
2017-08-25,17.3300,17.6176,17.0000,17.1800,212463
2017-08-18,16.6500,18.2800,16.2500,17.0400,163717
2017-08-11,15.4300,16.8300,15.4300,16.3600,84680
2017-08-04,14.9651,15.6550,14.9000,15.4400,20700
2017-07-28,15.0100,15.0799,14.7600,15.0400,31007
2017-07-21,15.0100,15.1600,14.7500,14.9800,36549
2017-07-14,17.2300,17.2300,14.7500,14.8200,84501
2017-07-07,16.7300,17.3400,16.3000,16.7100,40781
2017-06-30,15.8763,16.9100,15.3600,16.3867,73846
2017-06-23,16.1500,16.7860,15.3000,15.4200,134634
2017-06-16,15.5200,17.3900,15.1000,16.0000,68576
2017-06-09,15.5000,16.9200,15.0800,16.2548,44162
2017-06-02,16.8051,16.9700,15.3500,15.3500,44760
2017-05-26,16.6800,17.3000,15.6200,16.0000,36526
2017-05-19,15.4660,17.3600,14.7600,17.0000,44173
2017-05-12,17.0500,17.4900,14.8650,15.4000,79153
2017-05-05,17.7200,17.9699,16.9400,17.0700,28889
2017-04-28,17.0000,17.9600,16.5850,17.5500,25428
2017-04-21,17.7300,17.7600,17.0300,17.0300,54176
2017-04-13,17.6900,17.9800,17.0500,17.5600,29548
2017-04-07,17.9800,18.4700,16.9001,17.9900,36779
2017-03-31,17.4100,17.9599,16.8500,17.0800,141980
2017-03-24,18.6900,18.6900,17.0300,17.4200,102672
2017-03-17,18.0700,18.9900,17.7700,18.7900,64206
2017-03-10,18.7900,18.9899,17.8101,18.1900,36186
2017-03-03,19.1500,19.6600,18.1296,18.8900,58692
2017-02-24,20.7700,20.9800,18.1467,19.2200,107687
2017-02-17,21.3800,21.6600,20.3000,20.7500,109071
2017-02-10,18.4780,21.4600,18.2450,21.2700,94793
2017-02-03,18.8400,19.2000,18.1200,18.6500,81215
2017-01-27,19.0400,19.5900,18.8324,19.1000,32829
2017-01-20,19.1700,19.6000,18.6510,19.0300,43711
2017-01-13,19.3000,20.0000,19.1700,19.3500,78358
2017-01-06,19.9700,19.9700,18.9201,19.2500,55514
2016-12-30,18.8300,19.7800,18.5100,19.5000,69175
2016-12-23,17.7000,18.8400,17.5116,18.7700,77650
2016-12-16,18.0200,18.0500,17.0800,17.7700,75536
2016-12-09,16.7200,18.8400,16.4900,17.8600,188790
2016-12-02,16.1100,17.1200,16.0800,16.7900,352213
2016-11-25,16.4300,17.8393,16.1200,16.2700,77033
2016-11-18,17.0400,17.8470,16.0950,16.5300,55430
2016-11-11,15.0100,18.3200,14.9100,17.0500,187992
2016-11-04,15.1000,15.7400,14.8300,15.0500,220232
2016-10-28,15.1700,15.6900,15.0300,15.0300,256251
2016-10-21,15.8700,15.9500,15.0000,15.1500,77483
2016-10-14,15.5700,16.2500,15.0100,15.9600,87969
2016-10-07,16.0400,16.1500,15.0400,15.4500,394327
2016-09-30,16.4900,16.4900,15.9500,16.0500,73180
2016-09-23,16.4100,16.8700,15.7100,16.5900,119393
2016-09-16,16.8999,17.2500,16.1700,16.2900,63006
2016-09-09,17.2600,18.3040,16.6900,16.9400,52923
2016-09-02,17.1300,17.4000,16.6900,17.3800,66141
2016-08-26,17.7000,17.7000,16.6500,17.0400,41145
2016-08-19,17.2800,17.9898,16.7001,17.1500,60804
2016-08-12,16.9900,17.9899,16.4800,17.1600,61180
2016-08-05,17.0100,17.1000,16.2517,17.0100,86239
2016-07-29,17.0700,17.8800,16.8000,17.0600,105385
2016-07-22,16.6700,17.8000,16.4500,17.2500,100569
2016-07-15,16.5100,17.3099,16.2100,16.7600,144055
2016-07-08,16.4900,17.1300,16.4300,16.6500,72768
2016-07-01,16.0900,16.6080,15.5000,16.4400,99582
2016-06-24,14.6600,16.4650,14.0200,16.1000,304963
2016-06-17,15.1000,15.4599,14.2400,14.7000,141986
2016-06-10,15.7300,16.0000,15.0000,15.0600,140617
2016-06-03,15.9100,16.3500,15.0700,15.7500,130373
2016-05-27,16.5200,16.9100,15.3000,15.9200,167741
2016-05-20,18.5000,18.5740,16.0500,16.4800,206295
2016-05-13,21.6400,21.9399,18.2500,18.4900,192331
2016-05-06,20.3300,21.5000,19.1100,21.4700,180205
2016-04-29,21.3600,22.0000,20.3511,20.4800,99988
2016-04-22,20.1500,21.8300,20.1301,21.2800,158152
2016-04-15,20.2400,21.2000,19.8000,20.3000,127580
2016-04-08,19.8000,20.6100,19.8000,20.2800,108859
2016-04-01,20.6700,21.2100,19.7200,19.8100,116863
2016-03-24,20.8700,21.0400,19.8900,20.6700,106017
2016-03-18,20.0200,21.8500,19.8200,20.8700,178049
2016-03-11,19.0700,20.1900,18.5000,19.9000,176689
2016-03-04,21.0600,22.0650,19.2500,19.4700,322601
2016-02-26,19.8500,21.2711,19.5000,20.9900,175334
2016-02-19,20.0000,20.7700,16.7000,19.8000,208251
2016-02-12,16.8900,20.3100,16.1900,19.9100,218985
2016-02-05,16.6200,17.2600,15.5200,17.2600,186459
2016-01-29,16.7300,17.4100,15.5500,16.9300,173789
2016-01-22,18.4300,19.0000,16.4601,16.7000,251524
2016-01-15,17.0300,18.6400,15.2800,18.4300,404710
2016-01-08,18.4500,19.9900,16.2500,17.3600,408875
2015-12-31,17.5000,19.9500,17.5000,18.8500,151411
2015-12-24,19.0000,19.0500,17.5900,17.6736,127612
2015-12-18,17.1000,19.1500,16.0300,18.0100,306521
2015-12-11,15.2300,17.4100,15.2000,16.8300,164544
2015-12-04,15.5000,15.7000,14.7650,15.2300,173080
2015-11-27,15.6300,15.9250,15.1200,15.6900,97639
2015-11-20,15.9800,16.0000,14.0000,15.6300,95558
2015-11-13,15.0000,17.0000,14.3000,15.4200,116590
2015-11-06,14.3500,14.8175,14.3500,14.3600,19686
2015-10-30,14.0700,14.5000,13.7000,14.5000,33310
2015-10-23,13.4300,14.5000,12.9000,14.2400,63681
2015-10-16,12.9900,13.5499,12.0200,13.3600,39210
2015-10-09,11.7200,13.4899,11.7200,13.0000,119831
2015-10-02,11.6600,11.8000,11.1300,11.6500,41876
2015-09-25,11.3000,11.9000,11.2400,11.7700,79190
2015-09-18,10.8600,11.8500,10.8500,11.3300,115841
2015-09-11,10.6200,11.1100,10.3100,10.7900,168473
2015-09-04,10.3300,10.6400,10.3000,10.6400,33116
2015-08-28,10.7100,10.7100,10.0000,10.2800,10978
2015-08-21,10.3000,10.7500,10.1600,10.5900,43082
2015-08-14,10.6300,10.6300,10.4000,10.5100,15346
2015-08-07,10.6500,10.7470,10.4000,10.4550,62424
2015-07-31,10.6300,10.7000,10.4500,10.5000,29323
2015-07-24,10.5000,10.8530,10.2700,10.8530,40466
2015-07-17,10.2601,10.5400,10.2600,10.5000,16517
2015-07-10,10.5500,10.6700,10.2900,10.5000,30516
2015-07-02,10.6000,10.6900,10.2900,10.6500,24681
2015-06-26,10.7500,11.0999,10.5000,10.6500,21115
2015-06-19,10.4800,11.0000,10.2800,10.7500,38662
2015-06-12,10.7000,10.7400,10.4300,10.4900,9961
2015-06-05,10.7600,10.9699,10.4100,10.7500,8755
2015-05-29,10.9500,10.9900,10.7500,10.7500,7270
2015-05-22,10.9100,11.0300,10.6736,10.9500,15533
2015-05-15,10.6700,11.0901,10.6700,10.9500,70695
2015-05-08,10.4994,11.4900,10.3000,10.8100,83313
2015-05-01,10.5800,10.8500,10.3000,10.4900,15147
2015-04-24,10.2700,10.8300,10.2700,10.7500,38917
2015-04-17,10.2001,10.4900,10.0500,10.3600,61092
2015-04-10,10.1400,10.2900,10.0500,10.1800,13328
2015-04-02,10.3300,10.8300,10.0800,10.0800,28832
2015-03-27,10.2500,10.6400,10.1600,10.2700,68791
2015-03-20,10.1800,10.4200,10.0000,10.4000,73696
2015-03-13,10.0600,10.7200,10.0400,10.2000,111471
2015-03-06,10.3400,10.7500,10.0101,10.0700,52712
2015-02-27,9.9500,10.4060,9.8400,10.2800,80924
2015-02-20,10.1400,10.3300,9.8500,10.1399,62260
2015-02-13,10.8999,11.0000,10.0100,10.2800,59712
2015-02-06,10.3600,10.8500,10.2000,10.7300,52835
2015-01-30,9.8200,10.4500,9.8200,10.4500,117350
2015-01-23,9.7500,9.9560,9.7100,9.8300,58701
2015-01-16,9.8000,9.9800,9.6100,9.6900,34927
2015-01-09,9.8300,9.9700,9.5800,9.7100,24166
2015-01-02,9.6500,10.0000,9.6500,9.9700,15599
2014-12-26,10.0000,10.0000,9.5700,9.5700,64240
2014-12-19,9.9600,10.0000,9.4100,9.9800,53059
2014-12-12,9.8100,10.0000,9.3500,9.8600,130795
2014-12-05,9.5000,10.5200,9.5000,9.8500,45550
2014-11-28,9.9700,9.9700,9.3200,9.5000,92712
2014-11-21,10.2000,10.4800,9.6000,9.8800,148046
2014-11-14,10.5300,10.5300,10.1500,10.5200,76542
2014-11-07,10.5300,10.5400,10.1500,10.3000,26386
2014-10-31,10.8000,10.8000,10.3200,10.5800,21616
2014-10-24,10.7500,11.1900,10.4201,10.8000,37070
2014-10-17,10.7501,11.0100,10.4800,11.0000,34851
2014-10-10,10.7600,11.7600,10.3400,10.7400,52862
2014-10-03,11.6100,11.6100,10.0600,11.0000,169401
2014-09-26,11.5200,11.7400,11.4100,11.7100,15490
2014-09-19,11.3400,11.8000,11.2600,11.5800,29165
2014-09-12,11.1800,11.8000,11.1800,11.4000,68453
2014-09-05,11.6000,11.7400,11.1200,11.3800,96863
2014-08-29,11.7000,11.8000,11.3300,11.6800,25901
2014-08-22,11.5200,11.8000,11.5110,11.7300,18668
2014-08-15,11.7900,11.8400,11.6000,11.7500,22106
2014-08-08,11.5400,11.8000,11.5301,11.8000,27681
2014-08-01,11.7500,12.0000,11.5200,11.5400,23614
2014-07-25,11.9000,12.0400,11.5500,11.7500,38684
2014-07-18,12.0400,12.0400,11.8400,12.0400,101883
2014-07-11,11.7500,12.0400,11.7500,12.0300,333404
2014-07-03,11.4200,11.9300,11.0100,11.6800,86721
2014-06-27,11.3400,11.6000,11.0000,11.1200,85478
2014-06-20,11.3400,12.0000,10.5100,10.8700,291056
2014-06-13,11.4300,11.5850,11.1200,11.4900,98446
2014-06-06,11.2000,11.5000,11.0000,11.3900,76401
2014-05-30,11.0204,11.4000,11.0100,11.2000,11917
2014-05-23,11.3000,11.4500,11.0450,11.4000,22075
2014-05-16,11.7199,11.8200,11.3000,11.4900,18444
2014-05-09,11.7900,11.9500,11.4100,11.5300,25348
2014-05-02,11.9700,11.9900,11.5600,11.7200,20524
2014-04-25,12.0100,12.0100,10.4900,11.7600,34098
2014-04-17,11.7500,12.0200,11.6500,12.0000,64295
2014-04-11,12.5000,12.5100,11.7521,11.9700,65859
2014-04-04,13.3900,13.3900,12.5000,12.5200,48955
2014-03-28,13.0500,13.4400,12.0500,13.0000,72800
