timestamp,open,high,low,close,volume
2018-02-27,18.6000,18.8500,18.3500,18.4000,1098265
2018-02-23,18.3000,19.1276,18.0250,18.5500,3807453
2018-02-16,16.9500,18.7500,16.6000,18.5000,5134586
2018-02-09,17.3000,17.5500,15.7500,16.8000,4602303
2018-02-02,17.6000,18.2000,17.2000,17.5500,6197090
2018-01-26,16.6500,18.5000,15.4500,17.7500,11356163
2018-01-19,15.4500,16.7750,15.0500,16.6000,4109548
2018-01-12,14.4000,15.3250,14.3000,15.2500,3726473
2018-01-05,14.2500,14.9000,14.2000,14.4500,1868301
2017-12-29,14.1000,14.6000,14.0000,14.1000,1710485
2017-12-22,14.7000,15.0000,14.1000,14.1500,2944461
2017-12-15,14.3500,14.6000,13.9000,14.4000,3425191
2017-12-08,14.4000,14.9000,13.7500,14.4000,4429820
2017-12-01,14.1500,14.3500,13.9000,14.3250,2538798
2017-11-24,14.0500,14.4500,13.9500,14.1000,1832241
2017-11-17,13.4000,14.1500,12.7600,14.0500,2260792
2017-11-10,13.8500,14.3000,13.5000,13.5000,4214227
2017-11-03,13.1500,14.0000,12.7500,13.9000,5128329
2017-10-27,12.5500,13.3500,12.1000,13.1500,6044970
2017-10-20,13.6500,13.7300,12.0000,12.4000,5435282
2017-10-13,14.1000,14.1800,12.7600,13.6500,1952919
2017-10-06,13.6000,14.2000,13.5800,14.1000,2377231
2017-09-29,13.2500,13.7000,12.9000,13.5000,3546936
2017-09-22,13.8000,13.9000,13.2600,13.3000,2422909
2017-09-15,13.8500,13.9500,13.5000,13.8000,2267467
2017-09-08,13.9000,14.1000,13.6000,13.7500,1916319
2017-09-01,13.1000,14.2000,13.0250,13.9500,2543632
2017-08-25,13.2000,13.3500,12.9500,13.1000,2496981
2017-08-18,13.2000,13.5500,13.1000,13.2000,4249373
2017-08-11,13.3000,13.8500,12.6000,13.1000,5316120
2017-08-04,12.7500,13.9500,12.3500,13.3500,5150883
2017-07-28,13.8000,15.1000,10.3000,12.7000,7140647
2017-07-21,14.2500,14.3800,13.4500,13.8000,2881600
2017-07-14,14.4500,14.5000,14.0000,14.2500,1706778
2017-07-07,14.6000,14.7500,14.0750,14.5000,1746444
2017-06-30,15.1000,15.1500,14.3800,14.5500,2684520
2017-06-23,14.8000,15.1000,14.4000,15.1000,3934371
2017-06-16,13.9500,14.9000,13.7000,14.7500,5280554
2017-06-09,14.1500,14.6000,13.9000,14.0000,3706058
2017-06-02,13.5000,14.3000,13.3500,14.2000,3472836
2017-05-26,13.1000,15.0000,12.6000,13.5000,8039786
2017-05-19,13.3500,14.0300,12.7000,13.1500,4191371
2017-05-12,13.2500,13.3800,12.8500,13.2500,2850504
2017-05-05,14.0500,14.0500,12.6800,13.2000,7050888
2017-04-28,14.7000,15.2000,14.1500,14.5500,3151368
2017-04-21,14.8500,15.1000,14.2500,14.4500,2408233
2017-04-13,15.1500,15.3500,14.7500,14.8000,1318708
2017-04-07,15.3000,15.5800,14.6000,15.2000,2857377
2017-03-31,14.8500,15.4500,14.3500,15.2500,2929621
2017-03-24,15.3000,15.6000,14.1200,14.9500,2958523
2017-03-17,14.7000,15.3000,14.0500,15.3000,4023206
2017-03-10,14.7500,15.0000,14.3500,14.6500,1981118
2017-03-03,16.4000,16.4000,14.5500,14.9000,4839724
2017-02-24,14.9500,16.8000,14.4000,16.1500,3047238
2017-02-17,15.6500,15.7000,14.3500,15.0000,4965232
2017-02-10,15.7500,15.9500,15.1000,15.6000,3498211
2017-02-03,15.9500,16.4000,15.3300,15.8500,2796290
2017-01-27,15.7500,16.7000,14.9500,16.0500,5548272
2017-01-20,15.0500,16.1500,14.7500,15.7500,3117554
2017-01-13,14.5000,15.5400,14.3500,15.2000,2063046
2017-01-06,14.5000,14.9000,14.2500,14.5000,2152996
2016-12-30,14.3000,14.6500,14.0500,14.3000,1427372
2016-12-23,14.7000,15.4500,13.8500,14.3000,2440239
2016-12-16,14.5500,15.7000,13.7750,14.6000,3865196
2016-12-09,13.1000,14.4500,13.0500,14.0500,3506723
2016-12-02,15.1000,15.2500,12.8500,13.0500,4612852
2016-11-25,15.0500,15.2000,14.7000,15.2000,1534732
2016-11-18,15.1000,15.5000,14.2067,15.1000,2024117
2016-11-11,13.7500,15.1500,13.6600,15.0000,3107655
2016-11-04,14.2000,14.4000,13.2500,13.5500,2853538
2016-10-28,15.0500,15.8900,13.9750,14.0500,2653766
2016-10-21,14.5200,14.9800,14.3500,14.9700,1888516
2016-10-14,14.9800,15.1800,13.9700,14.4700,2212911
2016-10-07,15.3100,15.6700,14.7450,14.8900,2717569
2016-09-30,14.8000,15.4700,14.6300,15.4300,1937234
2016-09-23,14.9300,15.4100,14.6600,15.2100,2732929
2016-09-16,13.1000,14.9000,13.0510,14.7700,11875924
2016-09-09,13.5600,13.8100,13.1700,13.1700,1733231
2016-09-02,13.3000,13.6200,13.1400,13.4800,2294214
2016-08-26,13.3300,13.9000,13.2500,13.3200,3219364
2016-08-19,13.5200,13.6600,12.8900,13.4900,3802146
2016-08-12,13.6000,13.6550,13.4500,13.5300,1735307
2016-08-05,13.7500,13.9900,13.3900,13.6800,4250417
2016-07-29,15.1300,15.1554,13.7500,13.7500,6377265
2016-07-22,15.1800,15.3700,14.3900,15.0200,4719516
2016-07-15,15.0000,15.5300,14.7700,15.1300,3124691
2016-07-08,14.5500,14.9600,14.0684,14.9500,1789684
2016-07-01,13.6500,14.7250,12.9400,14.6400,3525594
2016-06-24,13.8400,14.5000,13.4400,13.7500,5604343
2016-06-17,13.6600,14.2500,13.4900,13.7800,3622442
2016-06-10,13.4300,14.0400,13.3700,13.7800,2538432
2016-06-03,12.6000,13.5000,12.4500,13.3500,3041596
2016-05-27,12.4400,12.8500,12.0000,12.5600,3372099
2016-05-20,11.5300,12.9900,11.1950,12.6000,4791274
2016-05-13,11.6100,11.7400,11.3200,11.5200,1339087
2016-05-06,11.3400,11.9500,11.2048,11.6300,2653381
2016-04-29,11.4800,11.6200,11.0500,11.3400,1976736
2016-04-22,10.8400,11.5000,10.7700,11.4600,2177600
2016-04-15,10.4900,10.9900,10.0500,10.8800,2774587
2016-04-08,10.2200,10.9100,10.0900,10.4200,2966542
2016-04-01,9.4500,10.3710,9.1800,10.1900,3650050
2016-03-24,9.5300,9.7100,9.0300,9.4700,2963229
2016-03-18,10.4800,10.6500,9.0124,9.5800,4838012
2016-03-11,11.2600,11.5000,10.1300,10.4900,3094340
2016-03-04,11.5400,12.0100,11.0600,11.2800,2755650
2016-02-26,11.1000,11.7400,10.7000,11.5400,3102506
2016-02-19,10.9200,11.3070,10.6800,11.0400,2998633
2016-02-12,11.2700,11.4927,9.7900,10.8100,5568256
2016-02-05,12.5300,12.7800,11.5600,11.6200,3805790
2016-01-29,12.5100,13.0900,11.9800,12.5600,5532843
2016-01-22,11.0400,13.6500,10.3200,12.5000,8853285
2016-01-15,10.5000,11.4100,10.2200,10.9400,3897300
2016-01-08,11.1700,11.2800,10.4200,10.4300,3469712
2015-12-31,11.4500,11.9400,11.2600,11.4500,1679700
2015-12-24,11.5500,11.6800,10.7200,11.5200,1842423
2015-12-18,10.5100,11.6000,10.3800,11.5100,4818938
2015-12-11,11.2800,11.3000,10.4100,10.5200,2658608
2015-12-04,12.2000,12.3000,11.1300,11.2600,4614349
2015-11-27,11.5100,12.2000,11.5100,12.1500,1464967
2015-11-20,10.8200,12.2200,10.8100,11.5700,5237496
2015-11-13,11.1500,11.2500,10.7000,10.8200,2129874
2015-11-06,10.6300,11.1990,10.5600,11.1600,3550142
2015-10-30,10.3300,11.2000,10.2000,10.6600,3949030
2015-10-23,8.9500,10.7500,8.8000,10.5900,5454199
2015-10-16,8.8300,9.0500,8.3940,9.0300,1575902
2015-10-09,8.3700,8.9800,8.3700,8.8000,2016944
2015-10-02,8.4400,8.4800,8.0200,8.3100,2261650
2015-09-25,8.4300,8.5500,8.1100,8.4800,2205699
2015-09-18,7.9000,8.6900,7.8300,8.3500,2477584
2015-09-11,7.8700,8.0900,7.7800,7.8600,1460787
2015-09-04,7.8300,8.0300,7.5800,7.7800,2523929
2015-08-28,7.9000,8.1900,7.3500,7.8400,3560605
2015-08-21,8.6200,8.7400,8.0000,8.2150,1974798
2015-08-14,8.2700,8.5700,8.0800,8.5500,2846515
2015-08-07,8.7200,8.7900,8.0000,8.0600,2726272
2015-07-31,8.3100,8.8550,7.9410,8.7100,3875474
2015-07-24,8.4300,9.0400,8.2100,8.3600,3774220
2015-07-17,8.7800,8.9100,8.3100,8.3100,2435628
2015-07-10,8.6900,8.7500,8.3300,8.7500,2771001
2015-07-02,9.3300,9.3700,8.6800,8.7100,2789503
2015-06-26,9.1600,9.5100,9.0600,9.4000,3522088
2015-06-19,8.9800,9.2600,8.8400,9.0600,3814201
2015-06-12,8.6800,9.1300,8.5400,9.0700,2468503
2015-06-05,8.4100,9.2500,8.1600,8.7050,5205834
2015-05-29,8.2600,8.5000,8.1800,8.3400,1970401
2015-05-22,8.5900,9.3000,8.3600,8.4100,5069869
2015-05-15,8.4500,8.9000,8.4400,8.5900,2219163
2015-05-08,8.6700,8.8400,8.3900,8.4800,2696320
2015-05-01,8.8700,9.1200,8.5000,8.6600,3275058
2015-04-24,8.7500,8.9800,8.6000,8.8500,1514649
2015-04-17,8.7800,9.1100,8.5700,8.7300,1552193
2015-04-10,8.8600,9.1600,8.1600,8.8100,2279690
2015-04-02,8.4300,9.1000,8.1800,8.8700,2284160
2015-03-27,8.1500,8.8400,8.1200,8.4100,3523104
2015-03-20,7.3000,8.3900,7.2520,8.1700,5669557
2015-03-13,7.1500,7.4200,7.0000,7.2700,3232679
2015-03-06,7.5600,7.9000,7.1200,7.1200,3983795
2015-02-27,7.5600,7.7200,7.3300,7.4100,2658148
2015-02-20,7.9400,7.9800,7.5400,7.6200,2248601
2015-02-13,7.8800,8.0100,7.4700,7.9600,3582983
2015-02-06,7.7000,8.1700,7.6600,7.9000,3368711
2015-01-30,8.1300,8.2700,7.6950,7.7100,4068082
2015-01-23,9.1100,9.1500,7.5700,8.1600,3964119
2015-01-16,8.6900,9.3000,8.4500,9.1300,3500602
2015-01-09,9.0100,9.2150,8.5405,8.7200,2526409
2015-01-02,9.3200,9.3500,8.8800,9.0600,2753744
2014-12-26,8.9900,9.4500,8.9100,9.3100,2441613
2014-12-19,8.0500,9.0900,7.7900,8.9200,7803886
2014-12-12,7.6600,8.2300,7.4700,8.0000,3267070
2014-12-05,7.7700,7.8600,7.5800,7.7100,2311985
2014-11-28,7.5900,8.1500,7.5560,7.7800,2058965
2014-11-21,8.0000,8.0000,7.3604,7.5700,2568449
2014-11-14,7.6700,8.0900,7.6500,8.0100,3809703
2014-11-07,7.8600,7.8800,7.3800,7.6400,3562670
2014-10-31,7.2300,8.0000,7.1200,7.8600,4462159
2014-10-24,6.9200,8.1400,6.6800,7.2800,7395544
2014-10-17,5.8100,7.3000,5.6900,7.0100,6058915
2014-10-10,6.4800,6.7000,5.7900,5.8000,4834441
2014-10-03,6.8100,6.9000,6.3000,6.4700,3241273
2014-09-26,7.0700,7.1000,6.3900,6.8800,4767434
2014-09-19,7.9700,7.9700,7.0000,7.1000,4837800
2014-09-12,7.7000,8.0600,7.6313,7.9900,3881500
2014-09-05,7.7800,8.0500,7.5600,7.7200,2331200
2014-08-29,7.9200,8.0800,7.6300,7.7700,2109100
2014-08-22,7.9400,8.0100,7.7600,7.8400,2170600
2014-08-15,8.1300,8.2400,7.7822,7.8800,3107000
2014-08-08,7.9700,8.2450,7.8650,8.0900,3415900
2014-08-01,8.1900,8.4100,7.8600,7.9200,4714400
2014-07-25,7.2800,8.8300,7.2500,8.1800,8272400
2014-07-18,7.6000,7.7300,7.2600,7.3100,3435800
2014-07-11,7.7800,7.8600,7.2900,7.4400,4542500
2014-07-03,7.8900,8.2510,7.6350,7.7500,3662200
2014-06-27,7.6600,8.0500,7.5600,7.9100,5881600
2014-06-20,7.1100,8.0400,6.9800,7.6300,8224200
2014-06-13,6.9900,7.1500,6.7500,7.0900,5296300
2014-06-06,7.5000,7.5200,6.6800,6.9700,7889600
2014-05-30,7.2800,7.9000,7.2200,7.5200,6865000
2014-05-23,8.1900,8.3000,7.1100,7.2500,11066700
2014-05-16,8.2400,8.8190,7.8310,8.2500,4977400
2014-05-09,9.6200,10.0900,7.9000,8.2200,6926700
2014-05-02,10.0200,10.1599,9.4301,9.7400,4500100
2014-04-25,10.7100,11.1500,9.9300,9.9400,2913500
2014-04-17,10.3800,10.7800,9.9100,10.7100,2003500
2014-04-11,10.6000,11.0900,10.1100,10.2300,4743100
2014-04-04,10.6600,11.1900,10.5510,10.6800,3540500
2014-03-28,11.1500,11.2700,10.2100,10.5500,4015800
2014-03-21,10.7300,11.6350,10.7300,11.0800,6878300
2014-03-14,10.8000,10.9100,10.3000,10.6900,4049800
2014-03-07,10.4200,11.0400,10.3500,10.8200,5075500
2014-02-28,9.7300,10.8050,9.6900,10.5800,15927100
2014-02-21,10.0500,10.2500,9.6900,9.7500,2663400
2014-02-14,9.8300,10.3450,9.4620,10.0000,3296700
2014-02-07,10.1000,10.2000,9.5300,9.8800,3059400
2014-01-31,10.8000,10.8500,9.8900,10.1400,4755900
2014-01-24,11.4000,11.5900,10.1500,10.8400,5496500
2014-01-17,10.9500,11.3400,10.6700,11.2800,3659600
2014-01-10,10.1000,11.2700,10.0000,10.9900,4136400
2014-01-03,10.3000,10.3800,9.8300,10.0900,2515100
2013-12-27,9.9700,10.6900,9.8627,10.3400,2686000
2013-12-20,9.0400,10.0100,8.9000,9.9500,7439200
2013-12-13,9.5700,9.6100,8.9200,9.0200,3412000
2013-12-06,10.3800,10.5000,9.2600,9.5400,4786100
2013-11-29,10.2000,10.5200,10.0700,10.4200,4858200
2013-11-22,9.5000,9.6099,8.9500,9.4800,5779300
2013-11-15,10.2500,10.2500,9.2600,9.4800,11784900
2013-11-08,11.2500,11.4100,10.3700,10.6400,3255500
2013-11-01,10.8600,11.5000,10.6800,11.2100,3823600
2013-10-25,12.0100,12.4200,10.4500,10.8800,6082500
2013-10-18,10.5100,11.9600,10.4600,11.9500,3472100
2013-10-11,10.2900,10.6600,9.9300,10.6100,2770700
2013-10-04,10.1800,10.6650,9.5500,10.4200,4291100
2013-09-27,10.2100,11.0000,10.1700,10.3600,3808000
2013-09-20,9.8000,10.6900,9.4500,10.2300,5239800
2013-09-13,9.5300,9.9900,9.3600,9.6800,2329900
2013-09-06,9.3700,9.8000,9.3000,9.5100,2605000
2013-08-30,9.4000,9.4800,9.0900,9.2500,2080400
2013-08-23,9.0500,9.4200,8.9502,9.3500,1899800
2013-08-16,9.2200,9.6000,8.9300,9.0900,3100200
2013-08-09,9.4100,9.4800,9.1450,9.3200,2362200
2013-08-02,9.1800,9.4700,8.9410,9.4500,2591800
2013-07-26,8.7000,9.4600,8.4501,9.2400,4472900
2013-07-19,8.7500,9.0000,8.6007,8.7100,3585100
2013-07-12,8.5500,8.9000,8.2500,8.7500,3540200
2013-07-05,8.2500,8.5450,8.2450,8.5300,2225600
2013-06-28,8.1000,8.3200,7.8150,8.2400,3426900
2013-06-21,7.9500,8.3400,7.7900,8.1700,7729300
2013-06-14,8.1600,8.2100,7.6900,7.7200,2206000
2013-06-07,8.3200,8.3900,7.7500,8.2200,2919800
2013-05-31,7.8500,8.3000,7.6900,8.2700,4839300
2013-05-24,7.4000,8.1000,7.1400,7.8200,5006600
2013-05-17,7.5900,7.6196,7.3250,7.4000,1819100
2013-05-10,7.4500,7.7000,7.2400,7.5790,2223900
2013-05-03,7.2800,7.5500,7.0400,7.4400,2600800
2013-04-26,7.2000,7.4790,7.0500,7.2300,2147500
2013-04-19,7.2399,7.4000,6.9300,7.1700,4217800
2013-04-12,6.6100,7.2900,6.5400,7.2700,3116100
2013-04-05,6.8100,6.9500,6.2800,6.5700,1857500
2013-03-28,7.0100,7.0100,6.6325,6.8500,1726000
2013-03-22,6.9300,7.1200,6.7500,6.9700,2759300
2013-03-15,6.8100,7.0768,6.5100,7.0100,3481000
2013-03-08,6.6200,6.9300,6.4600,6.8500,3434100
2013-03-01,6.4000,6.8000,6.0000,6.6600,4846800
2013-02-22,6.7200,6.8500,6.2400,6.3700,4155800
2013-02-15,6.7900,6.8600,6.5100,6.7300,2801000
2013-02-08,7.0000,7.2200,6.7000,6.8100,5017200
2013-02-01,7.1000,7.1000,6.3900,7.0150,7889600
2013-01-25,7.8200,7.9450,6.7500,7.0800,7166400
2013-01-18,7.5900,7.9200,7.5000,7.8000,3036300
2013-01-11,7.4900,7.8200,7.3600,7.5900,3189600
2013-01-04,7.2800,7.6299,7.1800,7.4900,2719600
2012-12-28,7.3000,7.5000,7.0300,7.2900,2221300
2012-12-21,7.5800,7.5800,7.1000,7.3900,4703300
2012-12-14,6.6100,7.4200,6.5500,7.2700,4293900
2012-12-07,6.6000,6.8700,6.5000,6.5900,2766600
2012-11-30,6.3200,6.6700,6.2700,6.6000,2478200
2012-11-23,6.1500,6.4600,6.0900,6.3600,1723300
2012-11-16,6.5600,6.5800,5.7328,6.0400,3521300
2012-11-09,6.4100,6.9500,6.3200,6.5200,4847200
2012-11-02,6.7000,6.7500,6.3000,6.4300,1738600
2012-10-26,5.7800,6.9700,5.6200,6.6700,6620100
2012-10-19,6.1700,6.4800,5.8500,5.9300,2612000
2012-10-12,6.3200,6.4200,5.9700,6.1900,2913400
2012-10-05,6.5900,6.6900,6.1300,6.3300,3384100
2012-09-28,6.8000,7.0200,6.3500,6.5600,6787900
2012-09-21,6.3500,6.8800,6.2900,6.8000,4423800
2012-09-14,6.0800,6.5200,6.0100,6.3900,4952000
2012-09-07,5.8900,6.1000,5.8200,6.0700,2933700
2012-08-31,6.0000,6.0250,5.7200,5.9200,2495800
2012-08-24,5.9400,6.0500,5.8000,6.0000,3065700
2012-08-17,5.7500,6.1300,5.6701,5.9400,4073100
2012-08-10,5.7000,5.9500,5.6200,5.7600,5646000
2012-08-03,5.2300,5.7300,5.0100,5.6700,6964100
2012-07-27,4.9300,5.2500,4.8300,5.2200,4463000
2012-07-20,4.3600,5.2300,4.3600,5.0300,8758200
2012-07-13,4.2800,4.5200,4.2500,4.4000,2584500
2012-07-06,4.1900,4.3200,4.1400,4.2700,891400
2012-06-29,4.0800,4.2100,4.0200,4.2000,1486500
2012-06-22,4.0700,4.3600,3.9800,4.1500,3475300
2012-06-15,4.1200,4.1200,3.9500,4.1000,1616500
2012-06-08,3.9100,4.1700,3.8300,4.0300,1395500
2012-06-01,4.0700,4.1700,3.8800,3.8800,1762500
2012-05-25,4.0700,4.1900,3.9800,4.0000,2197700
2012-05-18,4.1000,4.1900,3.8000,4.0400,3703700
2012-05-11,4.1000,4.2200,4.0800,4.1300,1079000
2012-05-04,4.1100,4.3300,4.0700,4.1000,2200200
2012-04-27,4.0400,4.1400,3.9800,4.1000,1610300
2012-04-20,4.0200,4.2800,3.9200,4.1100,2412000
2012-04-13,4.0600,4.1285,3.9500,4.0100,2253300
2012-04-05,4.2000,4.2800,4.0000,4.0800,2501000
2012-03-30,3.9800,4.3300,3.9200,4.2000,4080300
2012-03-23,3.9400,4.0300,3.7600,3.9700,3715500
2012-03-16,4.6800,4.6800,3.8100,3.9000,5562000
2012-03-09,4.3100,4.7300,4.2200,4.6500,3388700
2012-03-02,4.2800,4.4150,4.2300,4.3300,1914900
2012-02-24,4.5400,4.5800,4.1900,4.3200,1695900
2012-02-17,4.4800,4.6000,4.3001,4.5500,1998400
2012-02-10,4.5000,4.6200,4.3000,4.4100,2455800
2012-02-03,4.3900,4.5000,4.3100,4.4900,2236100
2012-01-27,4.2400,4.5500,4.1400,4.4800,4184000
2012-01-20,3.4500,4.4400,3.3300,4.2300,9335100
2012-01-13,3.2400,3.4500,3.1100,3.4200,2166200
2012-01-06,3.2500,3.4500,3.2200,3.2300,1795500
2011-12-30,3.6600,3.6700,3.1300,3.1700,3008900
2011-12-23,3.6800,3.7101,3.5000,3.6900,1564900
2011-12-16,3.8000,3.8800,3.5000,3.6600,1999800
2011-12-09,3.8000,3.9300,3.6500,3.8700,2743400
2011-12-02,3.5700,3.7800,3.4400,3.7300,2735100
2011-11-25,3.6100,3.6700,3.3400,3.4000,2095900
2011-11-18,3.9600,4.0200,3.6300,3.6700,3318600
2011-11-11,3.7200,4.2500,3.7200,4.0000,4159600
2011-11-04,3.7400,3.8200,3.5800,3.6700,2866100
2011-10-28,3.8900,4.0300,3.5500,3.7600,4292700
2011-10-21,4.5100,4.6700,3.6700,3.8300,5810600
2011-10-14,4.2200,4.6700,4.1300,4.5900,3194500
2011-10-07,4.0400,4.3200,3.6100,4.1100,5098200
2011-09-30,4.3300,4.4500,4.0100,4.0600,3998500
2011-09-23,4.6400,4.9500,4.0000,4.2700,6023300
2011-09-16,4.2000,4.8000,4.1000,4.7000,5255800
2011-09-09,3.9800,4.7100,3.8100,4.2400,5528100
2011-09-02,4.3700,4.6200,3.8200,4.1100,6550400
2011-08-26,3.3000,4.2600,3.1400,4.2500,6189800
2011-08-19,3.7300,3.8200,3.1100,3.1400,4169500
2011-08-12,3.0600,3.7500,3.0000,3.6300,6912900
2011-08-05,4.0400,4.1000,3.2500,3.4200,7298700
2011-07-29,4.5500,4.5800,3.7600,3.9000,9708900
2011-07-22,4.5500,5.2700,4.3800,4.5900,9536300
2011-07-15,5.2300,5.4400,4.3100,4.5400,10141700
2011-07-08,4.9400,5.2500,4.7000,5.2100,5596800
2011-07-01,4.0400,4.9900,4.0200,4.8600,11333600
2011-06-24,3.7000,4.2800,3.6800,4.0200,18332700
2011-06-17,3.5000,3.9000,3.4600,3.6800,6375300
2011-06-10,3.2800,3.9700,3.1500,3.4600,10799400
2011-06-03,3.4500,3.5400,3.2500,3.3600,2338600
2011-05-27,2.9100,3.6000,2.8800,3.4600,7155100
2011-05-20,2.9700,2.9900,2.8300,2.9600,2028800
2011-05-13,3.0100,3.3000,2.8500,3.0100,4411700
2011-05-06,3.1100,3.1501,2.8500,2.9400,1779800
2011-04-29,3.0800,3.1500,3.0000,3.1100,1588600
2011-04-21,2.9100,3.2699,2.8350,3.0700,3211100
2011-04-15,2.9800,3.0500,2.8000,2.9300,1531800
2011-04-08,2.9100,3.0500,2.8300,2.9300,2104700
2011-04-01,2.8500,2.9200,2.7200,2.9100,1636000
2011-03-25,2.7000,2.9175,2.6100,2.8500,1736000
2011-03-18,2.8500,2.8500,2.5500,2.6400,2730900
2011-03-11,2.7700,3.1900,2.7000,2.8500,7845800
2011-03-04,2.6600,2.8200,2.6200,2.7400,2344400
2011-02-25,2.5800,2.6100,2.4100,2.6100,1480200
2011-02-18,2.6100,2.6600,2.5000,2.6100,1696300
2011-02-11,2.7000,2.7900,2.6300,2.6300,1036600
2011-02-04,2.6400,2.8300,2.5700,2.7400,2118800
2011-01-28,2.6700,2.9100,2.5200,2.6590,4245100
2011-01-21,2.7600,2.8000,2.4000,2.7000,2083700
2011-01-14,2.6800,2.8200,2.5500,2.7800,2592900
2011-01-07,2.4500,2.8600,2.4500,2.7300,4377300
2010-12-31,2.2700,2.4200,2.1200,2.3800,3663400
2010-12-23,2.3000,2.3199,2.2400,2.2700,2584500
2010-12-17,2.2300,2.3600,2.2300,2.2800,3313800
2010-12-10,2.6000,2.6300,2.1300,2.2300,9092700
2010-12-03,2.9000,2.9200,2.5200,2.6100,5713500
2010-11-26,2.9300,3.0801,2.8600,2.8800,2091000
2010-11-19,3.1400,3.1500,2.7800,2.9600,5196000
2010-11-12,3.0200,3.3700,3.0100,3.1500,6137800
2010-11-05,2.8700,3.0100,2.5500,2.9800,4734000
2010-10-29,3.0000,3.1100,2.7200,2.9000,7258300
2010-10-22,2.2800,2.7200,2.2700,2.7100,8593400
2010-10-15,2.3000,2.3300,2.1800,2.2700,2561500
2010-10-08,2.2300,2.4700,2.0600,2.3000,4778900
2010-10-01,2.0500,2.2800,1.9800,2.2000,5364200
2010-09-24,1.8500,2.0400,1.7700,2.0000,2833800
2010-09-17,1.6600,1.8500,1.6000,1.8500,1653200
2010-09-10,1.6800,1.8300,1.6000,1.6800,2506800
2010-09-03,1.3900,1.7000,1.3600,1.6400,3125200
2010-08-27,1.4200,1.4600,1.3500,1.4200,480800
2010-08-20,1.3400,1.4400,1.3000,1.4200,698500
2010-08-13,1.4300,1.4400,1.2500,1.3800,849100
2010-08-06,1.4500,1.4800,1.3500,1.4300,563700
2010-07-30,1.4900,1.5100,1.3500,1.4300,857000
2010-07-23,1.4100,1.5000,1.3200,1.4800,789300
2010-07-16,1.2900,1.4300,1.2700,1.3701,500100
2010-07-09,1.2500,1.3700,1.2500,1.3000,350800
2010-07-02,1.4100,1.4400,1.2500,1.2500,805000
2010-06-25,1.5300,1.5600,1.3201,1.4100,1136800
2010-06-18,1.3000,1.5900,1.3000,1.5300,2103900
2010-06-11,1.3600,1.3693,1.2500,1.3200,871000
2010-06-04,1.3300,1.4700,1.2700,1.3700,1027700
2010-05-28,1.1800,1.4300,1.1300,1.3200,1474000
2010-05-21,1.2000,1.2500,1.0910,1.1700,862100
2010-05-14,1.2200,1.2900,1.1700,1.2000,1343700
2010-05-07,1.3700,1.4200,1.2000,1.2100,1180400
2010-04-30,1.4600,1.4900,1.3300,1.3900,917000
2010-04-23,1.4900,1.5300,1.4500,1.4600,641000
2010-04-16,1.5000,1.5500,1.4700,1.5000,839100
2010-04-09,1.4000,1.5800,1.4000,1.5500,1385000
2010-04-01,1.3800,1.4700,1.3500,1.4200,799600
2010-03-26,1.2600,1.4800,1.2600,1.4100,1731700
2010-03-19,1.2700,1.3100,1.2200,1.2500,768600
2010-03-12,1.2500,1.3300,1.2300,1.3100,753100
2010-03-05,1.3300,1.3600,1.2500,1.2800,833200
2010-02-26,1.3500,1.4000,1.2500,1.3400,643200
2010-02-19,1.4000,1.4000,1.3000,1.3600,737700
2010-02-12,1.2400,1.3900,1.2200,1.3900,936000
2010-02-05,1.2100,1.2900,1.2100,1.2600,1029500
2010-01-29,1.2900,1.3100,1.1200,1.2100,4300100
2010-01-22,1.3600,1.3800,1.2900,1.3200,2737600
2010-01-15,1.5800,1.6200,1.3500,1.3700,1870500
2010-01-08,1.5500,1.6500,1.4600,1.6000,1988700
2009-12-31,1.4900,1.5100,1.4000,1.5000,1004700
2009-12-24,1.4200,1.5000,1.3500,1.4700,1231400
2009-12-18,1.1800,1.5000,1.1600,1.4100,3699600
2009-12-11,1.2400,1.2700,1.1600,1.1900,1228600
2009-12-04,1.1200,1.4500,1.1200,1.2200,5674900
2009-11-27,1.0800,1.1500,1.0600,1.1200,677700
2009-11-20,1.1000,1.1200,1.0500,1.0800,931400
2009-11-13,1.1100,1.2700,1.0700,1.1000,1667000
2009-11-06,1.2000,1.2100,1.0700,1.1400,1008200
2009-10-30,1.2000,1.2400,1.1000,1.1800,2069800
2009-10-23,1.1900,1.2800,1.1100,1.2000,1691800
2009-10-16,1.2800,1.3200,1.1000,1.1600,3280800
2009-10-09,0.8950,1.2800,0.8950,1.2000,3566100
2009-10-02,0.8800,0.9500,0.8500,0.8950,601600
2009-09-25,0.8700,0.9800,0.8621,0.9000,645300
2009-09-18,0.9500,0.9700,0.8600,0.8600,959000
2009-09-11,0.9500,0.9878,0.9000,0.9150,506100
2009-09-04,0.9000,1.0800,0.8523,0.9260,2646200
2009-08-28,0.7400,1.1500,0.7400,0.9290,8514400
2009-08-21,0.7000,0.7500,0.7000,0.7423,365100
2009-08-14,0.7000,0.7500,0.6701,0.7200,610100
2009-08-07,0.7200,0.7900,0.7100,0.7300,494200
2009-07-31,0.7000,0.8400,0.6850,0.7310,909300
2009-07-24,0.6700,0.9500,0.6500,0.6850,378100
2009-07-17,0.6400,0.6590,0.6199,0.6500,419500
2009-07-10,0.6350,0.6351,0.5900,0.6351,601900
2009-07-02,0.5600,0.6200,0.5600,0.5960,372500
2009-06-26,0.6200,0.6350,0.5500,0.5800,964900
2009-06-19,0.6200,0.6500,0.6000,0.6100,295800
2009-06-12,0.6700,0.6879,0.6250,0.6351,429900
2009-06-05,0.7000,0.7100,0.6406,0.6600,778000
2009-05-29,0.6900,0.7000,0.5900,0.6800,909500
2009-05-22,0.7000,0.7500,0.6200,0.6400,1396800
2009-05-15,0.7300,0.7500,0.7000,0.7000,338900
2009-05-08,0.7000,0.7899,0.7000,0.7400,669600
2009-05-01,0.7500,0.7700,0.6801,0.7000,443100
2009-04-24,0.7400,0.8000,0.7200,0.7600,395200
2009-04-17,0.7500,0.7835,0.7000,0.7400,551300
2009-04-09,0.8400,0.9290,0.6720,0.7800,1045200
2009-04-03,0.5600,0.8400,0.5270,0.8000,1954900
2009-03-27,0.5100,0.5401,0.5000,0.5100,664500
2009-03-20,0.5200,0.5300,0.4800,0.5000,471800
2009-03-13,0.4850,0.5200,0.4500,0.5000,325500
2009-03-06,0.4912,0.5000,0.4400,0.4600,395100
2009-02-27,0.5000,0.5400,0.4800,0.5000,364800
2009-02-20,0.5700,0.5700,0.5000,0.5000,348600
2009-02-13,0.5512,0.6000,0.5000,0.5500,215900
2009-02-06,0.6100,0.6100,0.5200,0.5700,384900
2009-01-30,0.4700,0.6099,0.4700,0.5950,643700
2009-01-23,0.5800,0.6300,0.5212,0.5600,412900
2009-01-16,0.6700,0.6900,0.5210,0.5800,692300
2009-01-09,0.5000,0.6500,0.4701,0.6300,842700
2009-01-02,0.4300,0.5000,0.4300,0.4510,556300
2008-12-26,0.4800,0.5000,0.4210,0.4300,369800
2008-12-19,0.4600,0.4880,0.4200,0.4205,645700
2008-12-12,0.4200,0.4700,0.4000,0.4500,895300
2008-12-05,0.4700,0.4700,0.4100,0.4200,591400
2008-11-28,0.4700,0.5400,0.4300,0.4600,832200
2008-11-21,0.5700,0.6500,0.4200,0.4899,648800
2008-11-14,0.6400,0.6505,0.5700,0.5700,634600
2008-11-07,0.6976,0.7400,0.6100,0.6311,770400
2008-10-31,0.7000,0.8000,0.5400,0.7200,816100
2008-10-24,0.8300,0.9500,0.7339,0.7602,774600
2008-10-17,0.7500,0.8401,0.6706,0.8100,784900
2008-10-10,0.8001,0.8400,0.5700,0.6800,1051500
2008-10-03,0.9000,0.9500,0.7600,0.8500,904200
2008-09-26,1.0000,1.0000,0.8900,0.9300,631500
2008-09-19,0.9200,1.0200,0.8600,0.9999,1160000
2008-09-12,1.0300,1.1100,0.9300,0.9800,744100
2008-09-05,1.0400,1.1000,1.0100,1.0100,634600
2008-08-29,1.1000,1.1000,1.0300,1.0300,480100
2008-08-22,1.0800,1.1300,1.0500,1.0800,871900
2008-08-15,1.0600,1.1500,1.0401,1.0800,1523000
2008-08-08,1.1200,1.1300,1.0200,1.0900,869500
2008-08-01,1.0400,1.1400,1.0400,1.1000,735500
2008-07-25,1.0200,1.0600,1.0000,1.0600,598400
2008-07-18,1.0900,1.1000,0.9600,1.0400,718700
2008-07-11,1.0600,1.1500,1.0500,1.0700,715300
2008-07-03,1.1700,1.1700,1.0500,1.0800,568800
2008-06-27,1.2400,1.2600,1.1200,1.1600,1105800
2008-06-20,1.1700,1.2900,1.1700,1.2600,1805200
2008-06-13,1.1500,1.1900,1.1100,1.1900,1009100
2008-06-06,1.1800,1.2100,1.1500,1.1700,841000
2008-05-30,1.1800,1.2300,1.1500,1.1600,1862400
2008-05-23,1.1400,1.3000,1.1000,1.1900,2869000
2008-05-16,1.1700,1.1700,1.1100,1.1400,640500
2008-05-09,1.1600,1.1800,1.1100,1.1600,1004800
2008-05-02,1.1000,1.1700,1.1000,1.1400,788800
2008-04-25,1.1200,1.1700,1.0800,1.1000,1010100
2008-04-18,1.0300,1.1800,1.0200,1.1700,1499800
2008-04-11,1.0700,1.0800,1.0100,1.0200,716200
2008-04-04,1.0000,1.0800,0.9600,1.0680,889700
2008-03-28,0.9800,1.0100,0.9002,0.9700,550800
2008-03-20,0.9500,1.0100,0.9000,0.9400,435100
2008-03-14,1.0200,1.0200,0.9500,0.9800,774900
2008-03-07,1.0200,1.1000,1.0100,1.0100,785300
2008-02-29,1.0600,1.1400,1.0500,1.0500,844000
2008-02-22,1.1700,1.1900,1.0300,1.0400,778900
2008-02-15,1.1700,1.2700,1.1400,1.1700,702000
2008-02-08,1.2400,1.2400,1.1500,1.1500,903100
2008-02-01,1.1700,1.3000,1.1400,1.2200,2210800
2008-01-25,1.0900,1.2000,1.0100,1.2000,1256000
2008-01-18,1.0000,1.1600,0.9900,1.1300,2154600
2008-01-11,1.0500,1.0500,0.9800,0.9800,1314400
2008-01-04,0.8600,1.0400,0.8400,1.0200,2077400
2007-12-28,0.9100,0.9488,0.8400,0.8600,1616900
2007-12-21,1.0000,1.0200,0.8900,0.9200,1486400
2007-12-14,1.1200,1.1200,0.9500,1.0200,1106400
2007-12-07,1.0500,1.0800,1.0100,1.0600,638800
2007-11-30,1.0500,1.1000,1.0000,1.0600,939200
2007-11-23,1.0900,1.1400,1.0100,1.0600,926500
2007-11-16,1.2000,1.2100,1.0800,1.1100,1484000
2007-11-09,1.2500,1.3200,1.1900,1.1900,2114100
2007-11-02,1.4300,1.5500,1.1900,1.2500,3078700
2007-10-26,1.5000,1.5000,1.3100,1.4000,938700
2007-10-19,1.3500,1.5200,1.3000,1.4700,2922300
2007-10-12,1.2500,1.3900,1.2300,1.3500,1631500
2007-10-05,1.2300,1.2900,1.2200,1.2500,803200
2007-09-28,1.2700,1.3000,1.2200,1.2500,1011600
2007-09-21,1.2400,1.2800,1.2200,1.2500,762400
2007-09-14,1.2600,1.2800,1.2400,1.2401,694400
2007-09-07,1.2800,1.3100,1.2600,1.2616,475300
2007-08-31,1.2600,1.3000,1.2600,1.2600,732600
2007-08-24,1.3100,1.3100,1.2500,1.2700,757100
2007-08-17,1.4000,1.4200,1.0500,1.2600,2615400
2007-08-10,1.4400,1.5000,1.3500,1.4000,2280800
2007-08-03,1.3500,1.5500,1.2500,1.4800,3929800
2007-07-27,1.4000,1.4100,1.3000,1.3100,1289600
2007-07-20,1.3200,1.4300,1.3200,1.4000,1971200
2007-07-13,1.3500,1.3800,1.3100,1.3400,1487100
2007-07-06,1.3800,1.4000,1.3500,1.3600,823600
2007-06-29,1.3900,1.4000,1.3300,1.3900,939400
2007-06-22,1.4400,1.4400,1.3500,1.3500,1399900
2007-06-15,1.4900,1.4900,1.3800,1.3900,1926100
2007-06-08,1.4500,1.5200,1.3900,1.4200,2896800
2007-06-01,1.4100,1.4600,1.3760,1.4400,2153000
2007-05-25,1.4400,1.4400,1.3600,1.3600,2510700
2007-05-18,1.3900,1.5400,1.3500,1.4200,4022500
2007-05-11,1.4800,1.5000,1.2800,1.3700,5835900
2007-05-04,1.2600,1.5100,1.2500,1.4800,5615800
2007-04-27,1.3600,1.3800,1.2200,1.2400,4263000
2007-04-20,1.4500,1.4700,1.3600,1.3600,4362800
2007-04-13,1.5100,1.5700,1.4000,1.4200,3756400
2007-04-05,1.4600,1.5200,1.4300,1.5100,3721900
2007-03-30,1.4700,1.5568,1.4200,1.4600,3106500
2007-03-23,1.4400,1.5400,1.3900,1.5000,3996600
2007-03-16,1.4400,1.4700,1.3700,1.4100,2578100
2007-03-09,1.4000,1.5400,1.3700,1.4100,2725600
2007-03-02,1.5600,1.6300,1.3100,1.4100,4234800
2007-02-23,1.5300,1.6500,1.5200,1.5600,4666200
2007-02-16,1.5400,1.5400,1.3900,1.4500,3501100
2007-02-09,1.4500,1.5600,1.3500,1.5000,4230500
2007-02-02,1.6500,1.8400,1.3490,1.4400,11854800
2007-01-26,1.3700,1.7200,1.3000,1.6700,6434100
2007-01-19,1.5100,1.5600,1.3700,1.3800,2130600
2007-01-12,1.3600,1.6700,1.3100,1.4900,12184600
2007-01-05,1.1700,1.2700,1.1200,1.2500,2200300
2006-12-29,1.1900,1.2800,1.1600,1.1700,3004000
2006-12-22,1.3000,1.3300,1.1700,1.1800,4804200
2006-12-15,1.5700,1.5800,1.2900,1.3100,5036400
2006-12-08,1.6600,1.6900,1.5000,1.5800,3073100
2006-12-01,1.8000,1.8500,1.5000,1.6600,7097500
2006-11-24,1.8300,1.9500,1.6740,1.8100,2951000
2006-11-17,1.7700,1.9600,1.6600,1.8201,6678200
2006-11-10,1.5200,1.7500,1.4900,1.7500,4290500
2006-11-03,1.3500,1.6000,1.3100,1.5200,5753600
2006-10-27,1.2500,1.4700,1.2400,1.3500,4627400
2006-10-20,1.2900,1.3300,1.1800,1.2400,2238900
2006-10-13,1.1700,1.3700,1.1500,1.3000,5838500
2006-10-06,1.0800,1.1700,1.0300,1.1700,1636100
2006-09-29,1.1900,1.2000,1.0100,1.0600,2380000
2006-09-22,0.9600,1.2400,0.9500,1.1900,5296800
2006-09-15,0.8800,1.0000,0.8800,0.9800,1204900
2006-09-08,1.0200,1.0200,0.8600,0.8900,938300
2006-09-01,0.9000,1.0100,0.8900,0.9782,1603400
2006-08-25,0.9200,0.9600,0.8500,0.9500,1592400
2006-08-18,0.7000,0.9500,0.6900,0.9200,2328200
2006-08-11,0.8300,0.8500,0.6700,0.7000,2120500
2006-08-04,0.7788,0.7900,0.6500,0.7799,3172300
2006-07-28,0.9600,1.0100,0.7300,0.7600,2536300
2006-07-21,0.9200,0.9900,0.9100,0.9300,756900
2006-07-14,1.0400,1.0600,0.9102,0.9200,1514200
2006-07-07,1.0200,1.0800,0.9500,1.0100,1517200
2006-06-30,1.0200,1.0400,0.8900,0.9800,1965500
2006-06-23,1.0600,1.1100,1.0000,1.0300,1385000
2006-06-16,1.0700,1.1400,0.8510,1.0500,3781300
2006-06-09,1.3700,1.3800,0.9600,1.1400,4459900
2006-06-02,1.3600,1.4000,1.2600,1.3700,1487000
2006-05-26,1.6000,1.6000,1.3100,1.3900,4544400
2006-05-19,1.5400,1.6200,1.4100,1.6100,3847200
2006-05-12,1.6500,1.6600,1.5500,1.5500,3322300
2006-05-05,1.6200,1.6800,1.5800,1.6400,1998900
2006-04-28,1.5800,1.7800,1.5700,1.6400,4413600
2006-04-21,1.6200,1.6500,1.5600,1.6000,1863700
2006-04-13,1.6700,1.6700,1.5800,1.6000,1852400
2006-04-07,1.7500,1.7700,1.6600,1.6800,2050000
2006-03-31,1.7700,1.8500,1.7500,1.7500,3168400
2006-03-24,1.7000,1.8300,1.6000,1.7700,4147500
2006-03-17,1.6200,1.9200,1.5700,1.7100,7822800
2006-03-10,1.7600,1.8300,1.5500,1.6500,3037300
2006-03-03,1.7100,1.8400,1.6600,1.7900,3103300
2006-02-24,1.8000,1.8200,1.6600,1.7100,3036600
2006-02-17,1.8200,1.9300,1.8000,1.8100,2657400
2006-02-10,1.8700,1.9500,1.7790,1.8500,4427100
2006-02-03,1.9000,2.0700,1.8500,1.9000,4684700
2006-01-27,1.8900,2.0900,1.8500,1.8900,7430300
2006-01-20,2.0200,2.0300,1.8700,1.8900,4807000
2006-01-13,2.0400,2.1600,1.9300,2.0400,9047000
2006-01-06,1.8400,2.1300,1.8100,2.0400,12837600
2005-12-30,1.9100,1.9900,1.7400,1.8500,14415700
2005-12-23,2.2950,2.3200,1.8300,1.9200,18723200
2005-12-16,3.1900,3.3900,2.1100,2.3400,67515100
2005-12-09,1.5200,1.9800,1.2100,1.7427,14672300
2005-12-02,1.6300,1.6900,1.5500,1.6000,2263900
2005-11-25,1.6500,1.6700,1.6200,1.6200,1070300
2005-11-18,1.7200,1.7500,1.6200,1.6500,1344500
2005-11-11,1.7000,1.8400,1.6500,1.7200,1429700
2005-11-04,1.6100,1.7900,1.5600,1.7100,1652800
2005-10-28,1.7400,1.8500,1.5100,1.6000,2951500
2005-10-21,1.9100,1.9201,1.6400,1.6900,2703400
2005-10-14,1.9900,2.0200,1.7600,1.8900,1681500
2005-10-07,2.0600,2.2700,1.9400,1.9485,3748500
2005-09-30,2.0100,2.2000,1.8500,2.0300,3150700
2005-09-23,2.0000,2.2500,2.0000,2.0100,2916600
2005-09-16,2.1500,2.5000,2.0000,2.0000,6931800
2005-09-09,1.9200,2.2000,1.9100,2.1000,2656100
2005-09-02,1.9600,2.1200,1.8000,1.8600,2960800
2005-08-26,1.6900,2.0400,1.6700,1.9700,2922900
2005-08-19,1.8600,1.8600,1.6900,1.7600,1081500
2005-08-12,1.8200,1.8700,1.7600,1.8400,1324400
2005-08-05,1.9200,2.0200,1.7900,1.8400,1714100
2005-07-29,2.0800,2.1000,1.9000,1.9300,2010900
2005-07-22,1.9000,2.1401,1.8500,2.0300,3177900
2005-07-15,1.8700,2.0900,1.8300,1.8900,4955600
2005-07-08,1.6000,1.8800,1.4500,1.8700,3507600
2005-07-01,1.8300,1.8700,1.6000,1.6400,3330600
2005-06-24,2.0000,2.0500,1.8000,1.8200,2609900
2005-06-17,2.3000,2.3000,1.9500,2.1000,3475700
2005-06-10,2.2200,2.2800,2.0200,2.2800,3449100
2005-06-03,1.8000,2.2100,1.8000,2.1200,3967100
2005-05-27,2.1500,2.4900,1.7900,1.8400,10123200
2005-05-20,1.4200,2.0900,1.4000,2.0500,10451700
2005-05-13,1.6100,1.6500,1.3500,1.3900,3268400
2005-05-06,1.2700,1.8200,1.2500,1.5900,10616500
2005-04-29,1.5200,1.5200,1.0300,1.2000,7803200
2005-04-22,1.5700,1.6000,1.4700,1.5300,2572700
2005-04-15,1.7200,1.7700,1.5200,1.6000,3048400
2005-04-08,1.7500,1.8000,1.7000,1.7200,1709000
2005-04-01,1.8000,1.8200,1.6100,1.7000,2899100
2005-03-24,1.9700,2.0000,1.7900,1.8400,1976100
2005-03-18,2.1400,2.1400,1.8800,1.8800,2312700
2005-03-11,2.2100,2.2700,1.9500,2.0000,4930300
2005-03-04,2.4000,2.4900,2.1100,2.1500,5961700
2005-02-25,2.6500,2.7700,2.4000,2.4400,2241500
2005-02-18,2.8800,2.9200,2.6700,2.6900,2624800
2005-02-11,2.9500,3.1700,2.6600,2.7300,3990500
2005-02-04,2.9100,3.3800,2.8500,3.0200,4640100
2005-01-28,2.7500,2.9100,2.5500,2.8100,4203000
2005-01-21,3.2600,3.3000,2.7500,2.7900,4186800
2005-01-14,3.7000,3.8000,3.1500,3.2400,5803300
2005-01-07,4.1000,4.1200,3.6500,3.6900,5934400
2004-12-31,3.9600,4.4700,3.9500,4.0700,7109900
2004-12-23,3.9500,4.1300,3.5800,3.8500,7222900
2004-12-17,4.2400,4.3400,3.7000,3.8300,8011000
2004-12-10,3.6100,4.8200,3.5500,4.1300,21169100
2004-12-03,3.9300,3.9500,3.4800,3.6000,5488700
2004-11-26,3.3500,3.9300,3.2500,3.7800,7204800
2004-11-19,3.2900,3.4400,3.1500,3.3500,5777700
2004-11-12,2.8500,3.7700,2.7800,3.2600,15900000
2004-11-05,2.8300,2.9600,2.5000,2.7800,9129900
2004-10-29,3.3000,3.3300,2.7400,2.8500,6731700
2004-10-22,3.2300,3.4900,2.8900,3.2800,5251200
2004-10-15,3.2700,3.4000,3.1500,3.2200,2744400
2004-10-08,3.6900,3.7500,3.1100,3.2100,5465700
2004-10-01,3.5200,3.8500,3.3500,3.6100,8127800
2004-09-24,3.0800,4.0400,3.0400,3.2000,18522700
2004-09-17,2.7100,3.1200,2.5100,3.0380,7979100
2004-09-10,2.5800,3.0800,2.5300,2.6800,10336600
2004-09-03,2.0100,2.6000,2.0000,2.5000,7746800
2004-08-27,1.5500,2.1800,1.5000,1.9300,6723700
2004-08-20,1.5400,1.5800,1.3200,1.5500,1964100
2004-08-13,1.5200,1.6500,1.5000,1.5400,1027700
2004-08-06,1.8300,2.0000,1.5000,1.5600,1519200
2004-07-30,1.9300,2.0600,1.6500,1.9000,2463800
2004-07-23,1.7900,1.9500,1.5800,1.9400,2735800
2004-07-16,2.1700,2.3000,1.7100,1.7500,3158300
2004-07-09,2.2900,2.3000,1.8800,2.1300,1657600
2004-07-02,2.5300,2.5400,2.2500,2.2700,1990700
2004-06-25,2.4500,2.8000,2.3500,2.4500,3511800
2004-06-18,2.6900,2.7000,2.3100,2.3800,2098000
2004-06-10,2.6600,2.8400,2.5000,2.5799,2388200
2004-06-04,2.6400,2.9300,2.5100,2.5900,1431600
2004-05-28,2.5000,2.8400,2.4300,2.6500,4609900
2004-05-21,2.3300,2.4600,2.1200,2.3000,1458700
2004-05-14,2.7300,2.7800,2.2600,2.3500,3057400
2004-05-07,3.0700,3.1000,2.7000,2.7500,2585600
2004-04-30,3.2800,3.5700,2.9000,3.0100,10289100
2004-04-23,3.0200,3.0200,2.6800,2.7900,2722700
2004-04-16,3.3000,3.4500,2.9600,2.9900,3029400
2004-04-08,3.4100,3.4900,3.1900,3.2200,2286100
2004-04-02,3.1900,3.9900,3.1100,3.3100,11238600
2004-03-26,3.0600,3.1900,2.6700,3.0400,4101400
2004-03-19,3.4000,3.4400,3.0000,3.1500,3037300
2004-03-12,3.8500,3.9000,3.2500,3.3300,4070800
2004-03-05,3.8700,4.1900,3.4900,3.9000,7348200
2004-02-27,3.8150,3.8700,3.4500,3.8500,5533200
2004-02-20,4.3100,4.3700,3.6700,3.7400,5052200
2004-02-13,3.9700,4.4800,3.8500,4.2500,9781800
2004-02-06,4.0700,4.0800,3.3100,3.8000,12649900
2004-01-30,4.6400,4.9800,3.7000,3.9700,13170100
2004-01-23,5.5400,5.5700,4.6100,4.6200,9987300
2004-01-16,5.0100,5.8900,4.9100,5.1800,26832500
2004-01-09,4.6200,5.6100,4.5000,4.9400,27974100
2004-01-02,4.6000,4.7800,4.2000,4.5200,12104200
2003-12-26,4.8500,5.2400,4.5500,4.5900,14293900
2003-12-19,5.0800,5.2400,4.4800,4.8000,16899600
2003-12-12,5.0200,6.0900,4.4100,4.6900,60304800
2003-12-05,6.8400,6.9100,5.0200,5.1600,54883000
2003-11-28,3.3700,8.0600,3.2900,7.5200,50133000
2003-11-21,3.5500,4.0800,3.2500,3.2600,8182200
2003-11-14,3.3100,4.3500,3.1900,3.6300,14448200
2003-11-07,2.3100,3.1800,2.1400,3.1500,8111200
2003-10-31,1.5800,2.4200,1.5000,2.2200,5534400
2003-10-24,1.4400,1.7600,1.4300,1.5500,991500
2003-10-17,1.6800,1.7300,1.4300,1.4500,682800
2003-10-10,1.5000,1.7500,1.3400,1.6500,1055100
2003-10-03,1.6100,1.6100,1.2400,1.4500,2020600
2003-09-26,1.8500,1.8700,1.3500,1.5890,1767900
2003-09-19,2.0000,2.0100,1.5100,1.8000,3068000
2003-09-12,1.6000,2.0780,1.3700,1.8800,3467900
2003-09-05,1.4600,1.7200,1.3500,1.5600,2162500
2003-08-29,1.2700,1.6000,1.1300,1.4300,5453000
2003-08-22,1.0700,1.7500,0.8200,1.2500,5928100
2003-08-15,0.8900,1.2300,0.6800,1.0600,6561700
2003-08-08,0.5300,0.8700,0.4800,0.7700,2016800
2003-08-01,0.4200,0.6400,0.4100,0.5100,1184200
2003-07-25,0.4700,0.4800,0.4200,0.4200,291400
2003-07-18,0.4500,0.5700,0.4200,0.5000,926300
2003-07-11,0.4200,0.5400,0.4100,0.4900,657800
2003-07-03,0.5100,0.5200,0.4000,0.4100,292000
2003-06-27,0.4200,0.6300,0.4000,0.5000,749500
2003-06-20,0.5500,0.6000,0.4000,0.4400,655800
2003-06-13,0.5500,0.6500,0.5400,0.5800,459900
2003-06-06,0.3500,0.6800,0.3500,0.5500,894900
2003-05-30,0.4800,0.4800,0.3400,0.3500,340500
2003-05-23,0.5300,0.5700,0.3400,0.4500,381500
2003-05-16,0.2700,0.5800,0.2700,0.5400,643800
2003-05-09,0.2700,0.3190,0.2400,0.2600,193300
2003-05-02,0.2600,0.2800,0.2300,0.2500,146200
2003-04-25,0.2600,0.2800,0.2200,0.2400,91700
2003-04-17,0.2500,0.2700,0.2300,0.2700,37800
2003-04-11,0.3100,0.3100,0.2200,0.2500,223000
2003-04-04,0.2300,0.3100,0.2100,0.3100,246900
2003-03-28,0.2800,0.2900,0.2300,0.2400,122500
2003-03-21,0.3100,0.3100,0.2400,0.2700,52400
2003-03-14,0.2600,0.3200,0.2300,0.3100,106500
2003-03-07,0.3100,0.3100,0.2300,0.2600,75800
2003-02-28,0.2900,0.3200,0.2800,0.2900,185300
2003-02-21,0.2900,0.3300,0.2500,0.2900,222700
2003-02-14,0.2900,0.4000,0.2600,0.3200,528800
2003-02-07,0.1800,0.2900,0.1700,0.2800,312200
2003-01-31,0.2300,0.2400,0.1900,0.2100,190300
2003-01-24,0.2500,0.2500,0.2100,0.2200,41100
2003-01-17,0.2500,0.2600,0.2100,0.2500,264600
2003-01-10,0.2300,0.3000,0.2200,0.2500,103400
2003-01-03,0.2500,0.2800,0.2100,0.2500,261600
2002-12-27,0.2700,0.3000,0.2300,0.2500,150000
2002-12-20,0.3400,0.4000,0.2800,0.2900,283300
2002-12-13,0.3900,0.3900,0.3100,0.3400,317100
2002-12-06,0.3200,0.4200,0.3100,0.3800,247500
2002-11-29,0.4000,0.4400,0.3300,0.3610,154000
2002-11-22,0.2400,0.4500,0.2400,0.3800,311300
2002-11-15,0.2400,0.3100,0.2000,0.2400,139200
2002-11-08,0.2600,0.3100,0.2300,0.2600,122700
2002-11-01,0.3190,0.3200,0.1900,0.2500,436700
2002-10-25,0.2600,0.3200,0.2100,0.3000,88400
2002-10-18,0.2800,0.3500,0.2300,0.2600,64700
2002-10-11,0.3700,0.3900,0.2800,0.3050,89700
2002-10-04,0.3800,0.4200,0.3500,0.3700,50000
2002-09-27,0.3900,0.4500,0.3200,0.4000,87200
2002-09-20,0.4000,0.4500,0.3610,0.4300,78600
2002-09-13,0.3900,0.4500,0.3900,0.4010,101600
2002-09-06,0.4000,0.4500,0.3100,0.4000,105100
2002-08-30,0.3600,0.4500,0.3600,0.4000,62200
2002-08-23,0.4200,0.4500,0.3300,0.4000,84700
2002-08-16,0.4500,0.4500,0.3600,0.4200,62800
2002-08-09,0.4000,0.5000,0.3900,0.4500,97600
2002-08-02,0.4200,0.4800,0.3200,0.4000,82000
2002-07-26,0.5000,0.6000,0.4300,0.4600,173100
2002-07-19,0.3500,0.6000,0.3100,0.6000,189800
2002-07-12,0.2900,0.4300,0.2500,0.3000,161400
2002-07-05,0.3700,0.4900,0.2700,0.2900,133000
2002-06-28,0.4500,0.4690,0.2600,0.3400,235500
2002-06-21,0.5100,0.5700,0.4100,0.4400,216900
2002-06-14,0.6100,0.6500,0.4600,0.5300,183200
2002-06-07,0.7000,0.7500,0.6000,0.6500,271200
2002-05-31,0.7300,0.7500,0.7000,0.7010,77300
2002-05-24,0.8600,0.9210,0.7000,0.7400,263900
2002-05-17,0.8500,0.9100,0.8000,0.8610,77000
2002-05-10,0.9300,1.0000,0.9000,0.9000,91400
2002-05-03,1.0600,1.1000,0.9000,1.0100,189100
2002-04-26,0.7900,1.1700,0.7700,1.0500,705700
2002-04-19,0.7400,0.8800,0.6900,0.7900,162500
2002-04-12,0.8400,0.8700,0.7500,0.7600,175800
2002-04-05,0.9800,0.9800,0.8200,0.8400,253200
2002-03-28,0.9100,0.9100,0.8500,0.8600,132900
2002-03-22,0.9000,0.9500,0.8300,0.8900,305300
2002-03-15,0.9000,0.9400,0.8300,0.9000,112900
2002-03-08,0.9600,0.9900,0.8900,0.9200,82000
2002-03-01,0.9600,1.0400,0.9300,0.9500,115800
2002-02-22,1.1000,1.1000,1.0000,1.0000,108100
2002-02-15,1.1000,1.2400,1.0500,1.1000,190800
2002-02-08,1.1800,1.3100,1.1000,1.1010,212500
2002-02-01,1.0300,1.3500,1.0200,1.2200,316900
2002-01-25,1.0500,1.1000,0.9400,1.0100,108800
2002-01-18,1.1100,1.1200,0.9100,0.9300,128600
2002-01-11,1.2500,1.3000,1.0000,1.1500,391600
2002-01-04,0.7700,1.3500,0.7600,1.2700,664800
2001-12-28,0.7600,0.8800,0.7600,0.8300,341400
2001-12-21,0.8800,0.9200,0.7600,0.8200,343600
2001-12-14,0.9500,0.9800,0.8500,0.9670,187400
2001-12-07,0.9500,0.9500,0.8000,0.9100,239400
2001-11-30,0.9600,0.9900,0.8600,0.9500,181300
2001-11-23,0.8600,1.0000,0.8600,0.9500,124900
2001-11-16,0.8900,0.9700,0.8700,0.8900,235000
2001-11-09,0.9500,1.0100,0.8900,0.9000,95800
2001-11-02,1.1000,1.1500,0.9000,0.9900,136800
2001-10-26,0.7200,1.1100,0.7000,1.1100,322700
2001-10-19,0.7500,0.7900,0.6800,0.7200,109300
2001-10-12,0.8100,0.8100,0.6800,0.7100,119900
2001-10-05,0.6200,0.8100,0.6200,0.8100,225700
2001-09-28,0.8000,0.8000,0.6000,0.6200,307900
2001-09-21,0.6500,0.8300,0.6000,0.6700,204600
2001-09-10,0.7700,0.8500,0.6500,0.7200,42900
2001-09-07,0.9700,0.9900,0.7500,0.7700,101300
2001-08-31,1.0700,1.0700,0.9000,1.0000,95100
2001-08-24,0.8500,1.1000,0.8500,1.1000,111000
2001-08-17,1.0600,1.1000,0.8500,0.8500,135800
2001-08-10,1.1000,1.2500,1.0500,1.0500,80600
2001-08-03,1.1100,1.1500,0.9500,1.0900,134500
2001-07-27,1.2900,1.2900,1.1000,1.1500,143000
2001-07-20,1.1900,1.3400,1.1800,1.2900,66300
2001-07-13,1.2600,1.3300,1.1700,1.2100,97500
2001-07-06,1.5000,1.5000,1.2500,1.2900,90100
2001-06-29,1.3100,1.6400,1.2700,1.5500,194100
2001-06-22,1.6500,1.6600,1.1700,1.2800,242700
2001-06-15,1.8300,1.9300,1.6800,1.6900,288600
2001-06-08,1.8000,2.2900,1.7500,1.9200,575700
2001-06-01,2.3600,2.4000,1.6000,1.7800,837600
2001-05-25,2.5050,2.5600,1.8700,2.3100,1200800
2001-05-18,0.9300,2.9500,0.8500,2.3200,1972600
2001-05-11,0.8700,1.0200,0.7200,0.8800,646300
2001-05-04,0.7700,0.8800,0.6800,0.8700,587800
2001-04-27,0.9000,0.9000,0.6800,0.7400,530100
2001-04-20,0.9500,1.0000,0.6500,0.8800,2321100
2001-04-12,0.8800,1.5000,0.8600,1.4500,579900
2001-04-06,0.8125,0.9375,0.5313,0.8125,568100
2001-03-30,1.3440,1.3440,0.7500,0.7813,601200
2001-03-23,1.2500,1.4380,1.0630,1.2500,306200
2001-03-16,1.7500,1.7500,1.1250,1.4380,611900
2001-03-09,1.8130,1.8750,1.5310,1.6880,240600
2001-03-02,1.7500,1.9690,1.6250,1.8130,401700
2001-02-23,1.9380,2.1880,1.7500,1.9060,215500
2001-02-16,1.9530,2.0630,1.8130,1.9690,388400
2001-02-09,2.3130,2.4060,1.8750,1.9060,452900
2001-02-02,2.5310,2.6250,2.1250,2.3130,749900
2001-01-26,3.1250,3.2500,1.8750,2.7500,3037800
2001-01-19,3.9380,4.8130,3.0310,3.2500,1126400
2001-01-12,3.3440,4.1250,2.2500,4.1250,960500
2001-01-05,1.9220,3.1250,1.5470,3.0630,686400
2000-12-29,1.7500,2.0630,1.4380,1.8750,1969700
2000-12-22,2.6720,2.9530,1.5000,1.7500,1942700
2000-12-15,3.2190,3.8750,2.3750,2.6880,813800
2000-12-08,2.2190,3.5000,2.0630,3.1880,1030200
2000-12-01,3.3750,3.4690,2.0000,2.1880,1169500
2000-11-24,3.5000,4.0000,3.0310,3.1880,532900
2000-11-17,3.5630,4.0630,3.0000,3.4690,803900
2000-11-10,3.8440,4.2500,3.1250,3.5000,1113300
2000-11-03,5.0470,5.7500,3.5470,3.7500,1709500
2000-10-27,5.7500,6.8750,5.0000,5.1250,714200
2000-10-20,6.1250,6.2500,4.6250,5.5630,811300
2000-10-13,7.1250,7.5000,5.2500,5.8750,848100
2000-10-06,9.0470,9.0630,7.1250,7.3130,516200
2000-09-29,8.7810,9.7500,6.9380,9.0000,1139300
2000-09-22,10.0000,10.1300,7.6250,8.5000,401300
2000-09-15,10.2500,12.0000,9.1250,10.3100,910700
2000-09-08,10.4400,10.8800,9.2500,10.3100,499900
2000-09-01,8.9690,12.6300,8.2500,10.8100,1227600
2000-08-25,7.0630,8.9380,6.6250,8.2500,746100
2000-08-18,7.5000,7.5000,6.3750,7.1250,654100
2000-08-11,7.7500,8.2340,7.1250,7.5000,485500
2000-08-04,8.4690,9.2340,7.0000,7.8130,668400
2000-07-28,10.2500,10.7500,8.0630,8.2500,849200
2000-07-21,12.0000,12.2500,10.1300,10.3100,570700
2000-07-14,11.3100,12.2500,9.7500,12.0000,802300
2000-07-07,12.0000,13.1300,11.2500,11.5000,398700
2000-06-30,13.7500,14.0000,11.5000,12.0000,462600
2000-06-23,12.2500,15.5000,12.2500,13.3100,954800
2000-06-16,12.8100,13.0000,11.0600,11.8800,431700
2000-06-09,13.7500,13.8800,12.3100,12.7500,549800
2000-06-02,8.4380,13.5000,7.7810,13.2500,1093200
2000-05-26,11.0600,11.3800,7.5000,7.8750,1360300
2000-05-19,12.7500,13.2500,11.0000,11.0600,730300
2000-05-12,12.8100,13.4400,11.0000,12.1300,761200
2000-05-05,14.7200,15.9400,12.0000,13.1300,914500
2000-04-28,14.8100,14.9400,12.5000,14.9400,1084200
2000-04-20,10.8100,17.2500,10.0600,14.8800,2188200
2000-04-14,22.1300,22.5000,11.6300,12.0600,3619100
2000-04-07,29.5000,29.6300,15.7500,22.0000,2800200
2000-03-31,28.3800,37.9700,26.0000,29.6300,4975700
2000-03-24,29.3800,29.5000,22.8800,28.0000,1943800
2000-03-17,30.3800,31.5000,21.5000,28.5000,4160800
2000-03-10,34.8100,36.5000,29.1300,31.6300,3764000
2000-03-03,21.0000,34.8800,20.9400,28.6300,6715600
2000-02-25,17.7200,20.6300,17.5000,20.0000,2216000
2000-02-18,14.9700,21.5600,14.8100,18.0000,7130500
2000-02-11,11.8800,15.0000,11.5600,14.5000,3199300
2000-02-04,10.8800,12.5000,9.8750,11.6900,2319800
2000-01-28,9.6880,15.0000,9.6880,11.1300,8221200
2000-01-21,7.9380,9.6250,7.8750,9.5000,2964900
2000-01-14,8.5000,9.2500,6.5000,7.2500,4153000
